parity 94;
0 0 1 65,69 "0";
1 2 1 18,67 "1";
2 2 0 17,18 "2";
3 0 0 6,78 "3";
4 0 0 82,90 "4";
5 2 1 19,45 "5";
6 0 0 63,90 "6";
7 1 0 41,55 "7";
8 0 0 39,41 "8";
9 1 0 1,66 "9";
10 0 1 8,80 "10";
11 2 1 86,88 "11";
12 1 1 4,36 "12";
13 0 0 70,81 "13";
14 2 1 43,70 "14";
15 2 0 30,91 "15";
16 1 1 32,52 "16";
17 2 1 81,84 "17";
18 2 1 12,45 "18";
19 0 1 25,31 "19";
20 0 0 32,41 "20";
21 0 1 14,15 "21";
22 1 1 23,92 "22";
23 1 1 22,62 "23";
24 1 1 36,82 "24";
25 0 1 71,75 "25";
26 1 1 27,39 "26";
27 2 0 63,66 "27";
28 0 0 77,90 "28";
29 2 0 10,70 "29";
30 1 1 52,61 "30";
31 2 0 17,20 "31";
32 2 1 52,58 "32";
33 1 1 22,86 "33";
34 1 0 17,27 "34";
35 0 0 45,56 "35";
36 2 1 28,84 "36";
37 0 0 44,61 "37";
38 2 0 27,47 "38";
39 2 0 4,27 "39";
40 2 1 32,37 "40";
41 1 1 9,38 "41";
42 0 0 7,43 "42";
43 0 0 9,17 "43";
44 1 0 35,37 "44";
45 1 0 42,62 "45";
46 0 1 86,91 "46";
47 2 1 13,67 "47";
48 0 0 69,86 "48";
49 2 1 35,85 "49";
50 2 0 2,41 "50";
51 0 1 2,22 "51";
52 2 1 4,78 "52";
53 0 0 20,74 "53";
54 0 1 37,85 "54";
55 1 1 25,71 "55";
56 2 1 43,61 "56";
57 2 0 13,21 "57";
58 2 0 47,56 "58";
59 0 0 55,64 "59";
60 2 1 57,73 "60";
61 1 0 15,59 "61";
62 2 0 9,61 "62";
63 1 1 2,24 "63";
64 0 1 75,86 "64";
65 2 1 45,61 "65";
66 2 1 61,83 "66";
67 0 0 8,24 "67";
68 2 1 21,76 "68";
69 0 0 48,61 "69";
70 2 1 53,54 "70";
71 0 1 24,38 "71";
72 2 0 22,78 "72";
73 1 1 52,85 "73";
74 0 1 4,58 "74";
75 2 1 41,94 "75";
76 0 1 4,94 "76";
77 0 0 11,54 "77";
78 1 0 29,61 "78";
79 2 0 14,73 "79";
80 0 1 11,91 "80";
81 0 0 43,52 "81";
82 2 0 36,54 "82";
83 0 1 35,45 "83";
84 1 0 49,85 "84";
85 0 0 17,92 "85";
86 1 0 32,37 "86";
87 0 1 21,48 "87";
88 2 1 12,65 "88";
89 0 0 72,78 "89";
90 1 1 16,62 "90";
91 0 0 3,9 "91";
92 0 0 14,84 "92";
93 1 1 50,57 "93";
94 1 0 45,48 "94";
