parity 59;
0 0 0 8,11 "0";
1 0 0 12,47 "1";
2 2 0 34,53 "2";
3 0 1 11,52 "3";
4 1 1 1,36 "4";
5 2 1 41,56 "5";
6 0 0 25,35 "6";
7 0 1 45,52 "7";
8 2 1 2,4 "8";
9 0 0 6,24 "9";
10 1 1 27,49 "10";
11 0 0 10,59 "11";
12 2 0 40,42 "12";
13 1 0 26,52 "13";
14 0 0 25,50 "14";
15 0 1 2,42 "15";
16 2 0 8,47 "16";
17 2 1 21,32 "17";
18 1 1 26,34 "18";
19 1 0 39,55 "19";
20 0 0 27,48 "20";
21 2 1 50,52 "21";
22 0 0 20,46 "22";
23 0 0 2,13 "23";
24 2 1 1,55 "24";
25 1 1 29,55 "25";
26 1 1 4,50 "26";
27 0 1 0,23 "27";
28 0 1 7,48 "28";
29 2 1 30,39 "29";
30 0 1 8,52 "30";
31 0 0 33,39 "31";
32 0 1 1,41 "32";
33 0 0 5,9 "33";
34 2 0 9,53 "34";
35 0 0 0,25 "35";
36 1 1 37,44 "36";
37 0 0 14,38 "37";
38 0 0 42,57 "38";
39 0 1 48,52 "39";
40 1 0 20,27 "40";
41 1 1 18,52 "41";
42 2 0 21,27 "42";
43 0 1 12,51 "43";
44 0 1 38,47 "44";
45 0 1 3,57 "45";
46 0 0 18,41 "46";
47 1 1 30,56 "47";
48 1 1 1,5 "48";
49 1 1 9,26 "49";
50 0 0 27,53 "50";
51 2 1 29,56 "51";
52 0 1 4,11 "52";
53 1 0 40,52 "53";
54 1 1 25,47 "54";
55 2 0 6,9 "55";
56 0 0 38,45 "56";
57 1 1 3,37 "57";
58 0 1 54,57 "58";
59 0 0 7,41 "59";
