parity 44;
0 0 1 3,17 "0";
1 0 0 30,35 "1";
2 2 1 14,28 "2";
3 0 0 15,44 "3";
4 2 0 14,16 "4";
5 0 0 8,30 "5";
6 1 0 35,44 "6";
7 1 1 4,44 "7";
8 2 0 1,40 "8";
9 2 1 28,31 "9";
10 0 0 6,38 "10";
11 0 0 7,32 "11";
12 2 0 21,27 "12";
13 1 0 23,27 "13";
14 0 0 21,41 "14";
15 2 0 19,41 "15";
16 1 0 0,42 "16";
17 0 1 2,18 "17";
18 0 1 26,40 "18";
19 2 0 14,18 "19";
20 2 1 0,34 "20";
21 2 0 20,29 "21";
22 1 1 8,25 "22";
23 0 0 6,34 "23";
24 2 1 16,29 "24";
25 2 1 6,35 "25";
26 1 0 29,43 "26";
27 2 1 5,24 "27";
28 0 0 2,7 "28";
29 0 1 32,36 "29";
30 0 0 1,8 "30";
31 2 0 26,35 "31";
32 1 1 18,41 "32";
33 0 0 25,29 "33";
34 1 1 35,42 "34";
35 2 1 6,8 "35";
36 1 0 9,43 "36";
37 1 0 7,31 "37";
38 0 0 15,16 "38";
39 1 0 26,32 "39";
40 2 1 24,32 "40";
41 0 1 3,20 "41";
42 1 1 1,28 "42";
43 1 1 1,12 "43";
44 0 0 0,24 "44";
