parity 29;
0 1 0 2,5 "0";
1 2 0 8,12 "1";
2 2 1 6,15 "2";
3 1 1 20,25 "3";
4 0 1 20,29 "4";
5 2 0 9,10 "5";
6 2 0 1,7 "6";
7 1 1 26,28 "7";
8 1 1 2,5 "8";
9 0 1 8,15 "9";
10 2 0 6,17 "10";
11 0 0 1,29 "11";
12 0 1 4,15 "12";
13 0 1 2,10 "13";
14 0 1 24,28 "14";
15 1 1 16,26 "15";
16 1 0 15,21 "16";
17 1 1 10,22 "17";
18 2 1 11,25 "18";
19 1 1 3,4 "19";
20 0 0 21,28 "20";
21 2 0 7,14 "21";
22 1 1 12,16 "22";
23 1 1 6,22 "23";
24 2 0 26,29 "24";
25 1 0 16,19 "25";
26 0 1 16,23 "26";
27 2 1 14,16 "27";
28 2 1 0,8 "28";
29 1 1 5,25 "29";
