parity 54;
0 1 0 6,13 "0";
1 1 0 48,52 "1";
2 2 0 6,44 "2";
3 0 1 12,30 "3";
4 2 0 18,22 "4";
5 1 1 41,52 "5";
6 2 1 39,51 "6";
7 1 1 11,41 "7";
8 2 1 4,15 "8";
9 2 1 38,45 "9";
10 2 1 16,46 "10";
11 1 1 2,34 "11";
12 1 0 3,50 "12";
13 2 1 1,17 "13";
14 1 1 40,42 "14";
15 1 0 1,20 "15";
16 2 1 8,33 "16";
17 1 0 22,30 "17";
18 2 1 19,44 "18";
19 1 1 8,23 "19";
20 0 0 36,47 "20";
21 2 1 14,35 "21";
22 2 0 27,32 "22";
23 0 1 1,17 "23";
24 2 0 3,35 "24";
25 1 0 11,13 "25";
26 2 1 8,54 "26";
27 1 0 8,40 "27";
28 1 0 21,46 "28";
29 2 0 6,51 "29";
30 2 1 7,42 "30";
31 2 1 20,41 "31";
32 1 0 4,42 "32";
33 1 1 3,28 "33";
34 1 0 23,37 "34";
35 2 0 16,47 "35";
36 0 1 7,19 "36";
37 2 1 39,50 "37";
38 0 0 0,50 "38";
39 0 0 22,25 "39";
40 1 0 31,43 "40";
41 1 0 1,20 "41";
42 1 0 27,33 "42";
43 1 1 38,54 "43";
44 0 1 27,29 "44";
45 0 1 46,48 "45";
46 2 1 23,26 "46";
47 0 0 35,42 "47";
48 2 0 33,43 "48";
49 1 0 20,34 "49";
50 2 1 15,25 "50";
51 0 0 45,52 "51";
52 2 0 5,45 "52";
53 0 0 15,35 "53";
54 0 0 4,53 "54";
