parity 79;
0 0 1 38,42 "0";
1 0 0 31,42 "1";
2 0 0 33,42 "2";
3 0 0 16,57 "3";
4 0 0 10,28 "4";
5 2 1 4,33 "5";
6 1 1 12,47 "6";
7 1 1 16,66 "7";
8 0 0 7,72 "8";
9 1 1 16,19 "9";
10 0 1 38,43 "10";
11 2 0 4,57 "11";
12 1 1 7,53 "12";
13 1 0 15,57 "13";
14 0 0 77,78 "14";
15 1 1 27,66 "15";
16 2 0 4,68 "16";
17 2 0 50,74 "17";
18 1 0 7,14 "18";
19 1 1 2,7 "19";
20 1 1 28,48 "20";
21 1 1 42,45 "21";
22 0 0 27,59 "22";
23 2 0 53,61 "23";
24 0 1 4,52 "24";
25 0 0 0,70 "25";
26 2 0 70,74 "26";
27 1 1 48,65 "27";
28 0 1 3,12 "28";
29 2 1 65,75 "29";
30 0 1 23,72 "30";
31 0 1 32,48 "31";
32 2 1 33,34 "32";
33 2 1 43,74 "33";
34 1 1 57,64 "34";
35 1 0 30,70 "35";
36 1 0 23,49 "36";
37 2 1 55,57 "37";
38 1 1 1,31 "38";
39 2 1 5,43 "39";
40 1 1 52,63 "40";
41 1 1 22,60 "41";
42 1 0 0,18 "42";
43 0 1 15,24 "43";
44 0 0 8,23 "44";
45 2 0 39,59 "45";
46 0 1 50,53 "46";
47 1 0 17,50 "47";
48 0 1 3,73 "48";
49 1 0 30,35 "49";
50 2 1 11,42 "50";
51 1 0 44,48 "51";
52 0 0 7,51 "52";
53 2 1 48,64 "53";
54 1 0 26,78 "54";
55 0 0 57,76 "55";
56 2 1 4,51 "56";
57 2 1 34,72 "57";
58 2 1 20,69 "58";
59 1 1 55,64 "59";
60 2 0 4,29 "60";
61 1 1 51,60 "61";
62 0 0 48,71 "62";
63 1 0 13,50 "63";
64 0 0 13,19 "64";
65 0 1 10,53 "65";
66 2 0 58,61 "66";
67 0 0 30,32 "67";
68 0 1 25,52 "68";
69 2 0 38,63 "69";
70 1 1 44,69 "70";
71 1 0 2,35 "71";
72 1 1 31,51 "72";
73 2 1 0,62 "73";
74 2 1 43,65 "74";
75 0 0 16,34 "75";
76 0 1 44,55 "76";
77 1 0 16,46 "77";
78 2 1 3,47 "78";
79 1 1 22,55 "79";
