parity 79;
0 2 0 31,74 "0";
1 1 1 65,69 "1";
2 0 0 5,74 "2";
3 0 1 25,76 "3";
4 1 0 9,38 "4";
5 2 1 78,79 "5";
6 1 0 36,75 "6";
7 0 1 48,67 "7";
8 2 1 13,15 "8";
9 0 0 26,37 "9";
10 2 1 40,73 "10";
11 0 1 45,73 "11";
12 1 0 63,76 "12";
13 0 1 60,71 "13";
14 1 1 24,62 "14";
15 1 1 22,59 "15";
16 2 0 33,72 "16";
17 0 1 15,55 "17";
18 0 1 10,45 "18";
19 2 0 3,79 "19";
20 1 1 1,23 "20";
21 0 0 59,76 "21";
22 1 1 26,50 "22";
23 0 1 3,39 "23";
24 2 0 5,69 "24";
25 2 0 12,38 "25";
26 0 0 30,60 "26";
27 2 0 65,70 "27";
28 2 0 64,76 "28";
29 0 0 47,55 "29";
30 2 1 2,7 "30";
31 2 1 48,71 "31";
32 0 0 36,41 "32";
33 0 1 29,73 "33";
34 2 0 16,49 "34";
35 0 0 59,74 "35";
36 0 0 35,54 "36";
37 0 1 5,65 "37";
38 1 1 35,75 "38";
39 2 1 71,77 "39";
40 2 1 4,78 "40";
41 0 1 0,20 "41";
42 2 1 18,70 "42";
43 1 1 45,66 "43";
44 1 0 17,25 "44";
45 0 0 1,46 "45";
46 0 0 26,78 "46";
47 1 0 62,73 "47";
48 1 1 23,69 "48";
49 0 1 18,36 "49";
50 1 1 9,69 "50";
51 2 1 13,44 "51";
52 2 1 40,48 "52";
53 1 0 1,76 "53";
54 2 0 68,71 "54";
55 1 1 16,43 "55";
56 1 1 35,48 "56";
57 2 1 16,56 "57";
58 0 0 29,41 "58";
59 2 0 48,79 "59";
60 0 0 26,53 "60";
61 1 1 39,65 "61";
62 0 0 48,52 "62";
63 2 0 54,57 "63";
64 1 0 30,65 "64";
65 1 1 0,52 "65";
66 1 1 6,31 "66";
67 1 0 7,33 "67";
68 2 1 28,54 "68";
69 2 0 16,17 "69";
70 2 0 62,68 "70";
71 2 1 32,41 "71";
72 0 1 45,70 "72";
73 2 0 26,70 "73";
74 1 0 29,46 "74";
75 0 0 34,47 "75";
76 2 1 26,55 "76";
77 1 1 1,63 "77";
78 1 1 13,38 "78";
79 0 0 51,55 "79";
