parity 74;
0 1 0 9,25 "0";
1 0 0 12,24 "1";
2 0 0 50,65 "2";
3 1 0 15,54 "3";
4 2 1 15,24 "4";
5 2 0 37,66 "5";
6 0 0 24,42 "6";
7 1 0 58,60 "7";
8 2 1 37,66 "8";
9 2 0 22,35 "9";
10 2 1 27,40 "10";
11 2 0 65,73 "11";
12 0 0 46,62 "12";
13 1 0 40,47 "13";
14 2 0 38,44 "14";
15 2 1 48,56 "15";
16 1 1 1,71 "16";
17 2 0 31,53 "17";
18 2 1 1,47 "18";
19 1 1 29,46 "19";
20 1 1 53,60 "20";
21 2 1 7,52 "21";
22 2 0 53,64 "22";
23 2 1 5,25 "23";
24 0 1 26,42 "24";
25 1 0 13,18 "25";
26 1 0 15,28 "26";
27 0 1 44,51 "27";
28 2 1 11,70 "28";
29 0 1 43,55 "29";
30 0 1 54,56 "30";
31 1 0 53,69 "31";
32 1 1 3,23 "32";
33 0 1 9,29 "33";
34 1 0 10,11 "34";
35 1 1 12,23 "35";
36 2 1 60,64 "36";
37 2 0 5,20 "37";
38 1 0 47,60 "38";
39 0 0 12,46 "39";
40 0 0 42,46 "40";
41 2 1 68,73 "41";
42 1 0 28,58 "42";
43 1 0 14,34 "43";
44 0 1 10,14 "44";
45 1 0 5,56 "45";
46 0 1 44,55 "46";
47 2 0 26,51 "47";
48 1 0 25,51 "48";
49 2 1 36,62 "49";
50 0 0 11,23 "50";
51 0 0 49,72 "51";
52 1 0 30,56 "52";
53 2 1 1,44 "53";
54 2 0 9,16 "54";
55 1 0 13,42 "55";
56 2 0 3,59 "56";
57 1 1 50,58 "57";
58 0 1 30,61 "58";
59 2 1 57,70 "59";
60 2 1 2,9 "60";
61 2 1 11,28 "61";
62 1 1 23,45 "62";
63 1 1 5,25 "63";
64 2 1 42,61 "64";
65 2 0 47,59 "65";
66 1 1 1,42 "66";
67 1 0 41,70 "67";
68 1 0 48,66 "68";
69 1 1 40,55 "69";
70 2 0 1,30 "70";
71 0 1 41,45 "71";
72 1 1 28,31 "72";
73 0 1 12,69 "73";
74 2 1 38,54 "74";
