parity 34;
0 0 1 27,29 "0";
1 0 0 15,23 "1";
2 0 0 3,11 "2";
3 2 1 0,7 "3";
4 2 1 13,15 "4";
5 2 1 7,10 "5";
6 0 0 9,13 "6";
7 2 1 10,13 "7";
8 2 0 17,21 "8";
9 2 1 3,11 "9";
10 2 0 4,31 "10";
11 2 0 0,10 "11";
12 0 1 13,27 "12";
13 2 0 14,22 "13";
14 2 0 3,26 "14";
15 1 1 13,18 "15";
16 2 0 4,18 "16";
17 0 0 7,18 "17";
18 1 0 22,33 "18";
19 2 1 6,31 "19";
20 2 1 0,12 "20";
21 2 1 2,17 "21";
22 1 0 15,27 "22";
23 2 0 27,33 "23";
24 0 1 17,34 "24";
25 0 1 17,31 "25";
26 2 0 12,17 "26";
27 2 0 5,14 "27";
28 1 1 8,12 "28";
29 1 1 2,14 "29";
30 2 1 19,29 "30";
31 0 1 10,29 "31";
32 1 0 24,29 "32";
33 2 0 28,29 "33";
34 2 1 9,24 "34";
