parity 89;
0 2 1 10,75 "0";
1 1 0 48,88 "1";
2 1 1 18,74 "2";
3 0 1 50,86 "3";
4 2 0 37,86 "4";
5 1 0 33,42 "5";
6 1 0 7,44 "6";
7 1 0 5,45 "7";
8 2 1 13,83 "8";
9 1 0 54,60 "9";
10 2 1 25,57 "10";
11 1 1 26,51 "11";
12 2 0 22,87 "12";
13 0 0 22,84 "13";
14 1 0 36,42 "14";
15 2 0 34,89 "15";
16 1 1 8,19 "16";
17 2 1 9,12 "17";
18 2 1 10,66 "18";
19 2 0 20,80 "19";
20 1 0 5,37 "20";
21 0 0 57,88 "21";
22 1 1 55,68 "22";
23 0 1 6,71 "23";
24 0 0 33,65 "24";
25 1 1 16,32 "25";
26 0 1 40,70 "26";
27 1 1 65,74 "27";
28 1 1 66,86 "28";
29 0 1 17,79 "29";
30 0 1 52,89 "30";
31 0 0 21,39 "31";
32 0 0 38,89 "32";
33 2 1 20,52 "33";
34 0 0 30,36 "34";
35 0 1 8,82 "35";
36 1 0 29,59 "36";
37 1 0 46,51 "37";
38 0 0 42,65 "38";
39 1 1 86,87 "39";
40 2 1 8,20 "40";
41 2 1 3,7 "41";
42 1 1 22,33 "42";
43 1 1 33,84 "43";
44 1 0 35,76 "44";
45 1 1 31,79 "45";
46 1 0 0,6 "46";
47 1 1 58,69 "47";
48 2 0 81,83 "48";
49 2 0 15,41 "49";
50 0 0 15,74 "50";
51 0 0 40,67 "51";
52 1 1 8,84 "52";
53 1 0 23,84 "53";
54 2 0 18,73 "54";
55 0 0 42,84 "55";
56 1 0 47,70 "56";
57 2 0 9,24 "57";
58 0 1 53,63 "58";
59 2 1 19,34 "59";
60 0 0 23,71 "60";
61 1 0 54,58 "61";
62 1 1 52,65 "62";
63 2 0 1,32 "63";
64 0 1 20,55 "64";
65 2 1 5,52 "65";
66 0 1 63,75 "66";
67 0 1 13,85 "67";
68 2 0 64,74 "68";
69 2 0 61,63 "69";
70 2 1 0,75 "70";
71 1 1 22,61 "71";
72 0 1 11,43 "72";
73 0 0 38,48 "73";
74 1 0 7,58 "74";
75 1 1 54,83 "75";
76 0 0 15,85 "76";
77 1 1 28,30 "77";
78 0 1 24,83 "78";
79 2 1 22,86 "79";
80 2 1 3,32 "80";
81 0 0 68,72 "81";
82 0 0 19,79 "82";
83 0 0 14,81 "83";
84 2 0 53,73 "84";
85 2 0 35,64 "85";
86 2 0 28,54 "86";
87 2 1 61,64 "87";
88 2 0 19,72 "88";
89 2 1 41,49 "89";
