parity 79;
0 1 1 3,61 "0";
1 0 1 47,68 "1";
2 2 0 0,48 "2";
3 2 0 21,35 "3";
4 1 1 69,70 "4";
5 1 0 29,65 "5";
6 1 0 66,76 "6";
7 2 1 2,77 "7";
8 2 0 5,65 "8";
9 1 1 48,67 "9";
10 1 1 31,71 "10";
11 0 1 30,46 "11";
12 0 0 57,58 "12";
13 2 1 37,64 "13";
14 0 1 5,76 "14";
15 0 0 19,71 "15";
16 2 1 19,74 "16";
17 1 0 31,40 "17";
18 0 1 16,69 "18";
19 0 0 13,57 "19";
20 0 0 58,76 "20";
21 1 0 9,38 "21";
22 2 1 46,78 "22";
23 1 0 31,39 "23";
24 0 0 0,29 "24";
25 0 0 18,34 "25";
26 1 1 1,54 "26";
27 0 0 44,46 "27";
28 1 0 38,77 "28";
29 1 1 14,27 "29";
30 1 0 4,21 "30";
31 0 0 11,61 "31";
32 2 1 12,77 "32";
33 2 1 31,43 "33";
34 2 1 68,75 "34";
35 2 0 14,48 "35";
36 2 0 38,68 "36";
37 0 0 33,62 "37";
38 1 1 39,72 "38";
39 2 1 28,75 "39";
40 2 0 8,36 "40";
41 1 0 3,66 "41";
42 2 0 51,64 "42";
43 0 1 42,46 "43";
44 0 1 15,38 "44";
45 2 1 29,78 "45";
46 0 1 19,23 "46";
47 0 0 3,71 "47";
48 2 0 2,33 "48";
49 2 1 34,38 "49";
50 1 0 1,68 "50";
51 0 0 0,77 "51";
52 2 0 3,20 "52";
53 2 1 32,67 "53";
54 2 1 46,53 "54";
55 2 1 53,68 "55";
56 2 0 0,67 "56";
57 2 1 33,40 "57";
58 2 1 35,74 "58";
59 1 1 0,26 "59";
60 1 1 22,62 "60";
61 1 0 52,55 "61";
62 2 0 54,67 "62";
63 0 1 68,74 "63";
64 0 1 10,23 "64";
65 0 1 45,73 "65";
66 2 1 27,49 "66";
67 2 0 13,53 "67";
68 1 0 9,75 "68";
69 0 1 61,77 "69";
70 1 1 24,25 "70";
71 0 0 21,68 "71";
72 1 0 8,18 "72";
73 0 0 0,15 "73";
74 1 0 42,68 "74";
75 0 0 26,34 "75";
76 1 1 31,75 "76";
77 0 0 5,61 "77";
78 1 1 32,75 "78";
79 0 0 9,71 "79";
