parity 44;
0 2 0 23,40 "0";
1 1 1 24,40 "1";
2 1 0 17,28 "2";
3 2 1 38,42 "3";
4 0 0 6,35 "4";
5 0 1 25,29 "5";
6 0 1 4,23 "6";
7 2 0 23,31 "7";
8 0 0 0,12 "8";
9 0 0 33,39 "9";
10 1 0 7,37 "10";
11 1 1 23,28 "11";
12 2 0 2,42 "12";
13 2 0 12,44 "13";
14 0 1 4,21 "14";
15 1 1 0,25 "15";
16 1 0 9,13 "16";
17 1 1 20,32 "17";
18 1 0 21,26 "18";
19 1 0 15,44 "19";
20 1 0 4,35 "20";
21 0 1 3,23 "21";
22 1 0 1,33 "22";
23 1 0 12,17 "23";
24 2 0 20,34 "24";
25 1 0 15,35 "25";
26 0 0 13,39 "26";
27 0 0 34,36 "27";
28 0 1 32,44 "28";
29 1 0 6,34 "29";
30 2 1 15,28 "30";
31 0 1 38,43 "31";
32 2 1 36,42 "32";
33 2 1 22,30 "33";
34 2 0 11,33 "34";
35 2 0 29,40 "35";
36 1 1 39,44 "36";
37 0 1 7,32 "37";
38 2 0 17,22 "38";
39 0 0 17,18 "39";
40 0 0 12,22 "40";
41 2 0 1,21 "41";
42 0 0 1,37 "42";
43 2 1 28,38 "43";
44 1 0 23,36 "44";
