parity 59;
0 2 1 7,35 "0";
1 2 0 30,51 "1";
2 2 0 23,52 "2";
3 1 1 2,28 "3";
4 0 1 10,43 "4";
5 2 0 41,49 "5";
6 0 0 3,48 "6";
7 2 1 18,44 "7";
8 2 1 28,39 "8";
9 1 1 11,54 "9";
10 0 1 21,41 "10";
11 2 1 13,24 "11";
12 1 1 34,37 "12";
13 0 0 5,53 "13";
14 1 0 26,37 "14";
15 0 1 18,59 "15";
16 0 0 22,45 "16";
17 1 0 3,16 "17";
18 1 0 20,44 "18";
19 0 0 9,32 "19";
20 2 0 14,47 "20";
21 1 0 37,39 "21";
22 0 0 3,27 "22";
23 1 0 1,38 "23";
24 2 1 41,45 "24";
25 2 0 31,36 "25";
26 1 0 9,49 "26";
27 0 1 4,59 "27";
28 0 1 35,42 "28";
29 0 0 16,17 "29";
30 1 1 8,58 "30";
31 0 0 17,38 "31";
32 0 1 14,27 "32";
33 0 1 7,20 "33";
34 0 0 8,29 "34";
35 0 1 1,2 "35";
36 1 0 23,29 "36";
37 0 1 13,47 "37";
38 0 1 4,10 "38";
39 0 0 50,57 "39";
40 1 0 45,51 "40";
41 2 0 5,27 "41";
42 2 0 36,56 "42";
43 1 0 6,40 "43";
44 0 0 7,46 "44";
45 2 1 34,59 "45";
46 1 1 41,48 "46";
47 1 1 33,56 "47";
48 2 1 19,42 "48";
49 1 0 15,37 "49";
50 1 1 12,38 "50";
51 1 1 16,21 "51";
52 2 0 12,47 "52";
53 1 0 11,41 "53";
54 2 1 0,50 "54";
55 2 1 43,51 "55";
56 2 0 0,8 "56";
57 0 1 8,59 "57";
58 2 1 4,25 "58";
59 0 0 19,54 "59";
