parity 94;
0 2 0 17,85 "0";
1 0 0 2,41 "1";
2 2 0 22,87 "2";
3 2 0 62,70 "3";
4 1 1 24,62 "4";
5 2 0 24,46 "5";
6 2 0 9,66 "6";
7 2 0 5,28 "7";
8 1 1 0,23 "8";
9 0 0 28,42 "9";
10 0 0 7,77 "10";
11 2 1 40,41 "11";
12 1 1 8,30 "12";
13 2 1 6,48 "13";
14 1 0 39,69 "14";
15 2 1 50,76 "15";
16 2 0 1,27 "16";
17 1 1 9,19 "17";
18 1 0 17,35 "18";
19 2 0 28,39 "19";
20 0 1 78,93 "20";
21 0 1 65,83 "21";
22 0 0 41,78 "22";
23 2 1 25,29 "23";
24 0 0 64,65 "24";
25 0 0 10,14 "25";
26 0 1 48,75 "26";
27 1 0 90,93 "27";
28 2 0 5,87 "28";
29 0 1 56,61 "29";
30 0 0 21,92 "30";
31 0 1 26,92 "31";
32 2 0 28,62 "32";
33 1 0 2,39 "33";
34 0 1 29,62 "34";
35 2 1 24,32 "35";
36 1 1 25,31 "36";
37 1 1 74,82 "37";
38 0 0 23,40 "38";
39 0 1 23,88 "39";
40 0 0 26,29 "40";
41 1 0 27,71 "41";
42 2 1 21,86 "42";
43 0 0 48,86 "43";
44 2 0 23,77 "44";
45 1 0 49,54 "45";
46 0 0 41,54 "46";
47 2 0 6,62 "47";
48 2 1 53,66 "48";
49 0 1 14,26 "49";
50 0 0 16,36 "50";
51 1 0 55,75 "51";
52 1 1 15,69 "52";
53 0 1 42,83 "53";
54 0 0 5,37 "54";
55 1 1 7,66 "55";
56 1 1 88,90 "56";
57 1 0 7,14 "57";
58 1 0 21,49 "58";
59 0 1 12,71 "59";
60 0 0 49,74 "60";
61 1 1 37,82 "61";
62 0 1 48,69 "62";
63 1 0 75,89 "63";
64 2 0 36,44 "64";
65 0 0 75,87 "65";
66 1 1 75,80 "66";
67 2 0 23,31 "67";
68 1 0 60,78 "68";
69 2 0 14,87 "69";
70 2 0 55,76 "70";
71 0 0 41,62 "71";
72 0 0 29,61 "72";
73 0 1 78,92 "73";
74 2 0 56,61 "74";
75 0 0 27,58 "75";
76 0 1 37,56 "76";
77 0 1 45,72 "77";
78 2 0 54,60 "78";
79 0 0 25,45 "79";
80 0 0 74,89 "80";
81 1 0 5,19 "81";
82 0 0 75,79 "82";
83 1 0 32,38 "83";
84 2 1 37,51 "84";
85 2 0 40,82 "85";
86 2 1 21,45 "86";
87 2 0 48,60 "87";
88 2 1 27,53 "88";
89 1 1 45,92 "89";
90 1 0 79,81 "90";
91 2 1 20,50 "91";
92 0 1 13,63 "92";
93 0 0 32,73 "93";
94 0 1 80,90 "94";
