parity 34;
0 1 1 4,19 "0";
1 0 0 13,32 "1";
2 0 1 25,28 "2";
3 1 0 8,15 "3";
4 1 1 3,7 "4";
5 1 1 20,22 "5";
6 0 0 10,26 "6";
7 0 1 10,23 "7";
8 2 0 17,34 "8";
9 2 1 22,30 "9";
10 0 1 19,23 "10";
11 0 0 3,32 "11";
12 0 0 22,26 "12";
13 2 0 2,25 "13";
14 1 1 11,32 "14";
15 1 0 31,34 "15";
16 1 1 8,33 "16";
17 1 1 3,6 "17";
18 0 1 12,21 "18";
19 0 1 1,7 "19";
20 2 0 9,18 "20";
21 0 0 4,17 "21";
22 0 1 1,5 "22";
23 2 1 24,33 "23";
24 2 0 7,22 "24";
25 1 1 5,12 "25";
26 0 1 5,22 "26";
27 1 0 11,31 "27";
28 1 0 6,9 "28";
29 2 0 9,12 "29";
30 1 1 9,13 "30";
31 2 1 5,22 "31";
32 2 1 3,23 "32";
33 1 0 15,30 "33";
34 1 0 10,29 "34";
