parity 84;
0 1 1 12,84 "0";
1 2 1 5,69 "1";
2 0 1 49,61 "2";
3 2 0 53,57 "3";
4 0 0 36,73 "4";
5 2 0 29,70 "5";
6 2 0 33,78 "6";
7 2 0 3,23 "7";
8 0 0 30,50 "8";
9 0 1 10,14 "9";
10 1 1 16,46 "10";
11 1 0 28,83 "11";
12 2 1 62,82 "12";
13 1 0 17,82 "13";
14 0 0 42,82 "14";
15 2 1 1,8 "15";
16 0 1 30,64 "16";
17 0 0 31,36 "17";
18 1 1 4,66 "18";
19 1 1 25,28 "19";
20 2 0 50,68 "20";
21 2 0 16,40 "21";
22 2 1 50,83 "22";
23 0 1 32,64 "23";
24 2 1 43,46 "24";
25 1 0 20,69 "25";
26 2 0 10,75 "26";
27 2 0 11,69 "27";
28 0 0 14,73 "28";
29 2 1 3,49 "29";
30 1 0 26,39 "30";
31 2 0 10,71 "31";
32 2 1 26,73 "32";
33 2 0 26,62 "33";
34 2 0 9,47 "34";
35 1 0 3,9 "35";
36 0 0 44,66 "36";
37 0 1 44,78 "37";
38 1 0 43,57 "38";
39 2 1 58,82 "39";
40 2 0 12,52 "40";
41 1 1 29,73 "41";
42 2 0 73,83 "42";
43 0 0 63,84 "43";
44 0 0 63,83 "44";
45 0 1 2,64 "45";
46 2 1 18,83 "46";
47 2 0 37,54 "47";
48 2 0 41,46 "48";
49 2 1 14,41 "49";
50 1 1 34,57 "50";
51 2 1 70,76 "51";
52 1 0 27,77 "52";
53 1 1 49,71 "53";
54 1 0 16,25 "54";
55 2 0 19,64 "55";
56 0 1 36,74 "56";
57 2 0 47,74 "57";
58 0 0 44,75 "58";
59 2 1 7,52 "59";
60 1 1 18,31 "60";
61 1 1 72,79 "61";
62 1 0 23,44 "62";
63 2 0 54,60 "63";
64 2 0 59,75 "64";
65 1 1 35,81 "65";
66 2 1 37,68 "66";
67 0 1 8,69 "67";
68 0 0 3,8 "68";
69 0 0 58,77 "69";
70 0 1 30,41 "70";
71 2 0 50,70 "71";
72 0 0 20,27 "72";
73 0 0 69,76 "73";
74 0 1 30,63 "74";
75 0 0 11,80 "75";
76 2 1 25,54 "76";
77 0 1 11,48 "77";
78 2 0 10,79 "78";
79 2 1 5,77 "79";
80 1 1 5,33 "80";
81 0 1 35,78 "81";
82 0 1 11,40 "82";
83 0 1 27,32 "83";
84 0 0 11,69 "84";
