parity 84;
0 1 1 62,82 "0";
1 1 0 42,59 "1";
2 0 0 21,68 "2";
3 1 1 41,58 "3";
4 0 0 43,84 "4";
5 0 0 51,70 "5";
6 0 0 36,76 "6";
7 1 0 17,59 "7";
8 1 0 24,26 "8";
9 0 1 2,71 "9";
10 0 1 21,67 "10";
11 2 0 7,62 "11";
12 0 0 44,77 "12";
13 1 1 4,42 "13";
14 1 1 40,81 "14";
15 2 1 29,55 "15";
16 0 0 44,52 "16";
17 2 0 12,75 "17";
18 2 1 40,61 "18";
19 1 1 29,83 "19";
20 0 1 31,43 "20";
21 1 0 34,74 "21";
22 1 0 51,80 "22";
23 2 1 61,67 "23";
24 2 1 40,72 "24";
25 2 0 51,79 "25";
26 0 0 18,75 "26";
27 1 1 31,84 "27";
28 1 0 23,52 "28";
29 1 1 70,81 "29";
30 1 1 15,68 "30";
31 2 0 8,42 "31";
32 0 1 67,68 "32";
33 1 1 36,42 "33";
34 2 0 32,50 "34";
35 0 0 25,65 "35";
36 1 1 49,62 "36";
37 0 0 54,60 "37";
38 0 0 30,67 "38";
39 0 0 46,72 "39";
40 1 0 25,29 "40";
41 1 0 47,80 "41";
42 1 1 1,17 "42";
43 1 0 15,37 "43";
44 2 1 30,47 "44";
45 0 1 13,36 "45";
46 2 1 10,22 "46";
47 0 0 18,68 "47";
48 1 0 6,61 "48";
49 0 0 40,60 "49";
50 1 0 7,20 "50";
51 0 0 1,13 "51";
52 2 1 51,61 "52";
53 2 0 75,79 "53";
54 1 1 12,43 "54";
55 1 1 5,29 "55";
56 1 1 14,20 "56";
57 2 0 11,23 "57";
58 1 1 34,70 "58";
59 1 1 10,84 "59";
60 2 1 52,73 "60";
61 1 1 33,80 "61";
62 1 1 20,28 "62";
63 0 1 7,31 "63";
64 0 1 10,63 "64";
65 0 0 9,42 "65";
66 0 1 36,70 "66";
67 0 1 5,48 "67";
68 1 0 13,50 "68";
69 2 0 1,5 "69";
70 1 0 5,21 "70";
71 0 0 36,62 "71";
72 0 1 43,64 "72";
73 0 0 43,69 "73";
74 1 1 6,44 "74";
75 0 1 62,67 "75";
76 0 0 6,46 "76";
77 1 1 62,73 "77";
78 0 0 0,51 "78";
79 2 1 46,53 "79";
80 0 1 7,53 "80";
81 2 0 42,61 "81";
82 1 1 23,29 "82";
83 2 0 2,24 "83";
84 1 1 28,47 "84";
