parity 39;
0 1 1 30,33 "0";
1 2 0 32,34 "1";
2 0 1 13,24 "2";
3 2 1 21,28 "3";
4 2 0 1,6 "4";
5 0 0 34,35 "5";
6 0 0 11,28 "6";
7 2 1 12,18 "7";
8 0 0 2,12 "8";
9 1 1 16,20 "9";
10 0 1 3,34 "10";
11 2 0 25,36 "11";
12 0 0 6,21 "12";
13 2 1 5,35 "13";
14 1 1 0,13 "14";
15 2 1 2,24 "15";
16 2 0 6,23 "16";
17 2 0 6,9 "17";
18 2 0 21,32 "18";
19 0 1 7,22 "19";
20 0 1 28,37 "20";
21 1 1 4,35 "21";
22 1 0 2,8 "22";
23 0 0 2,37 "23";
24 1 1 0,25 "24";
25 0 0 28,30 "25";
26 0 0 19,24 "26";
27 2 0 1,18 "27";
28 1 1 16,26 "28";
29 1 1 2,5 "29";
30 1 0 2,16 "30";
31 1 1 18,25 "31";
32 0 0 27,33 "32";
33 2 1 2,25 "33";
34 1 0 21,31 "34";
35 0 1 27,37 "35";
36 0 1 1,31 "36";
37 0 0 7,35 "37";
38 0 1 2,21 "38";
39 2 1 8,27 "39";
