parity 34;
0 2 0 26,29 "0";
1 2 0 6,28 "1";
2 0 1 3,32 "2";
3 1 1 9,33 "3";
4 0 1 11,15 "4";
5 2 1 13,34 "5";
6 0 1 19,30 "6";
7 1 1 11,16 "7";
8 2 0 2,28 "8";
9 2 1 8,20 "9";
10 1 1 3,31 "10";
11 2 1 5,27 "11";
12 0 0 10,21 "12";
13 2 1 12,24 "13";
14 1 1 4,26 "14";
15 1 1 22,33 "15";
16 1 0 8,18 "16";
17 2 1 0,6 "17";
18 1 0 30,34 "18";
19 1 1 7,26 "19";
20 2 0 18,24 "20";
21 1 1 1,18 "21";
22 1 0 7,26 "22";
23 1 0 14,16 "23";
24 2 0 8,27 "24";
25 0 1 0,33 "25";
26 1 1 6,22 "26";
27 2 1 24,30 "27";
28 0 0 4,24 "28";
29 2 1 13,18 "29";
30 1 1 15,18 "30";
31 1 0 21,34 "31";
32 1 1 13,22 "32";
33 0 1 0,3 "33";
34 0 1 14,18 "34";
