parity 59;
0 2 1 26,35 "0";
1 0 1 18,46 "1";
2 1 1 1,10 "2";
3 0 1 28,41 "3";
4 2 0 3,42 "4";
5 2 0 56,59 "5";
6 1 1 15,53 "6";
7 2 1 44,46 "7";
8 0 1 29,50 "8";
9 1 0 0,26 "9";
10 0 0 2,4 "10";
11 1 0 27,59 "11";
12 2 1 6,35 "12";
13 1 0 22,50 "13";
14 1 1 22,57 "14";
15 2 0 17,29 "15";
16 1 1 28,57 "16";
17 0 1 9,58 "17";
18 1 0 46,59 "18";
19 2 1 7,59 "19";
20 0 1 22,37 "20";
21 0 1 6,20 "21";
22 1 1 27,55 "22";
23 0 0 28,33 "23";
24 2 1 8,49 "24";
25 1 0 28,56 "25";
26 0 1 0,4 "26";
27 0 0 3,54 "27";
28 2 0 1,37 "28";
29 2 1 14,56 "29";
30 2 0 15,56 "30";
31 0 1 43,46 "31";
32 1 1 6,23 "32";
33 0 0 25,45 "33";
34 2 1 14,33 "34";
35 2 1 15,41 "35";
36 1 1 47,50 "36";
37 2 1 15,40 "37";
38 0 0 5,47 "38";
39 1 1 54,58 "39";
40 2 1 18,25 "40";
41 1 1 30,52 "41";
42 0 1 17,31 "42";
43 2 1 7,34 "43";
44 1 1 26,31 "44";
45 2 1 27,31 "45";
46 2 1 2,59 "46";
47 0 1 20,39 "47";
48 0 1 47,53 "48";
49 0 1 12,43 "49";
50 2 1 24,36 "50";
51 1 0 6,56 "51";
52 1 0 21,29 "52";
53 2 1 13,51 "53";
54 2 0 16,23 "54";
55 0 1 10,33 "55";
56 0 1 0,5 "56";
57 2 1 5,52 "57";
58 1 1 1,31 "58";
59 0 1 6,7 "59";
