parity 74;
0 0 0 32,38 "0";
1 0 0 27,71 "1";
2 1 0 24,36 "2";
3 1 0 0,59 "3";
4 2 0 23,63 "4";
5 0 0 44,52 "5";
6 1 1 3,56 "6";
7 0 0 49,52 "7";
8 2 0 5,71 "8";
9 1 1 25,59 "9";
10 1 1 22,73 "10";
11 0 0 8,71 "11";
12 2 0 43,47 "12";
13 1 0 3,4 "13";
14 1 1 5,63 "14";
15 1 1 7,13 "15";
16 2 1 36,66 "16";
17 0 0 62,74 "17";
18 2 0 20,22 "18";
19 0 0 10,66 "19";
20 0 0 24,47 "20";
21 2 1 5,44 "21";
22 0 0 19,45 "22";
23 1 0 31,52 "23";
24 2 1 15,23 "24";
25 1 0 15,39 "25";
26 0 0 28,71 "26";
27 2 1 25,43 "27";
28 2 0 18,23 "28";
29 0 0 33,72 "29";
30 0 1 6,18 "30";
31 0 0 0,2 "31";
32 1 1 1,52 "32";
33 0 1 11,52 "33";
34 2 1 32,46 "34";
35 1 1 12,48 "35";
36 1 0 24,39 "36";
37 1 0 19,23 "37";
38 0 0 59,69 "38";
39 2 0 48,62 "39";
40 0 0 21,62 "40";
41 0 0 18,31 "41";
42 1 0 20,39 "42";
43 0 0 12,16 "43";
44 2 1 1,63 "44";
45 0 0 10,20 "45";
46 2 0 25,34 "46";
47 1 0 26,56 "47";
48 0 1 31,53 "48";
49 0 0 9,73 "49";
50 1 0 42,63 "50";
51 2 0 36,41 "51";
52 2 1 13,44 "52";
53 2 0 12,58 "53";
54 1 1 30,60 "54";
55 0 0 41,64 "55";
56 1 0 48,53 "56";
57 2 0 5,63 "57";
58 0 0 21,61 "58";
59 1 0 36,44 "59";
60 2 1 28,34 "60";
61 2 0 18,22 "61";
62 0 0 7,35 "62";
63 0 0 40,64 "63";
64 0 0 46,71 "64";
65 1 0 21,25 "65";
66 2 1 22,26 "66";
67 1 0 16,63 "67";
68 0 1 22,65 "68";
69 0 1 35,49 "69";
70 0 1 5,9 "70";
71 2 1 43,53 "71";
72 1 0 16,39 "72";
73 2 0 23,30 "73";
74 0 1 23,37 "74";
