parity 44;
0 0 1 14,25 "0";
1 0 0 20,23 "1";
2 1 0 25,32 "2";
3 2 0 29,43 "3";
4 1 1 17,19 "4";
5 2 1 16,43 "5";
6 2 0 17,28 "6";
7 0 0 17,32 "7";
8 1 0 6,25 "8";
9 1 0 1,30 "9";
10 1 1 4,39 "10";
11 1 0 29,41 "11";
12 2 0 0,34 "12";
13 2 0 16,19 "13";
14 2 0 0,13 "14";
15 1 0 7,14 "15";
16 2 0 2,12 "16";
17 0 1 8,33 "17";
18 0 1 5,12 "18";
19 1 0 16,40 "19";
20 0 0 19,38 "20";
21 1 1 22,42 "21";
22 2 0 30,41 "22";
23 2 1 26,33 "23";
24 2 0 25,31 "24";
25 0 1 7,13 "25";
26 2 0 15,34 "26";
27 1 1 14,20 "27";
28 1 1 2,35 "28";
29 2 1 26,44 "29";
30 0 1 20,41 "30";
31 0 1 0,13 "31";
32 2 1 12,42 "32";
33 1 1 6,31 "33";
34 2 0 2,30 "34";
35 0 0 19,24 "35";
36 0 1 8,17 "36";
37 0 0 1,14 "37";
38 0 0 16,36 "38";
39 0 0 16,18 "39";
40 0 1 27,29 "40";
41 0 1 31,40 "41";
42 0 1 12,33 "42";
43 2 1 12,26 "43";
44 1 1 19,38 "44";
