parity 39;
0 0 0 1,20 "0";
1 1 1 6,20 "1";
2 0 1 1,31 "2";
3 0 0 9,11 "3";
4 2 0 9,27 "4";
5 0 0 29,31 "5";
6 0 0 18,34 "6";
7 1 1 17,26 "7";
8 2 1 0,18 "8";
9 2 1 4,10 "9";
10 1 0 18,29 "10";
11 2 1 1,18 "11";
12 1 1 6,37 "12";
13 2 1 7,34 "13";
14 2 0 13,19 "14";
15 1 0 3,7 "15";
16 0 1 17,38 "16";
17 0 0 3,39 "17";
18 2 0 7,32 "18";
19 1 0 10,37 "19";
20 1 0 0,18 "20";
21 0 1 3,22 "21";
22 1 1 23,33 "22";
23 1 0 4,9 "23";
24 1 1 21,23 "24";
25 0 0 22,28 "25";
26 0 1 3,29 "26";
27 2 0 29,38 "27";
28 1 0 18,36 "28";
29 0 0 8,30 "29";
30 1 0 1,17 "30";
31 2 0 0,14 "31";
32 1 0 18,31 "32";
33 1 1 12,15 "33";
34 2 0 11,31 "34";
35 0 1 12,37 "35";
36 1 1 0,6 "36";
37 1 0 3,12 "37";
38 1 0 16,33 "38";
39 2 0 6,11 "39";
