parity 84;
0 2 1 41,52 "0";
1 0 0 7,74 "1";
2 2 0 40,82 "2";
3 0 0 7,76 "3";
4 1 1 0,10 "4";
5 0 1 43,71 "5";
6 0 1 60,71 "6";
7 0 0 13,37 "7";
8 1 1 44,82 "8";
9 1 0 79,84 "9";
10 2 1 23,26 "10";
11 1 0 60,81 "11";
12 2 1 35,67 "12";
13 1 0 52,65 "13";
14 2 1 9,83 "14";
15 1 1 44,48 "15";
16 1 1 18,26 "16";
17 2 1 42,47 "17";
18 2 1 30,49 "18";
19 2 0 21,63 "19";
20 2 0 73,82 "20";
21 1 0 24,29 "21";
22 1 1 13,78 "22";
23 0 0 67,73 "23";
24 1 1 28,60 "24";
25 2 0 2,32 "25";
26 1 0 44,80 "26";
27 1 0 48,84 "27";
28 0 0 7,40 "28";
29 2 1 17,35 "29";
30 2 0 25,49 "30";
31 0 0 43,51 "31";
32 0 0 70,72 "32";
33 1 0 9,57 "33";
34 2 1 13,35 "34";
35 0 1 8,17 "35";
36 2 0 56,60 "36";
37 2 0 11,46 "37";
38 1 1 23,34 "38";
39 1 1 7,82 "39";
40 1 1 13,75 "40";
41 1 1 11,65 "41";
42 0 1 61,84 "42";
43 2 0 41,77 "43";
44 1 1 8,80 "44";
45 1 1 19,31 "45";
46 2 1 21,57 "46";
47 1 1 67,73 "47";
48 1 1 43,72 "48";
49 1 1 69,71 "49";
50 0 0 15,36 "50";
51 0 1 9,64 "51";
52 0 1 66,80 "52";
53 2 1 48,81 "53";
54 0 1 19,29 "54";
55 1 1 18,66 "55";
56 0 0 25,45 "56";
57 0 1 43,84 "57";
58 1 0 48,80 "58";
59 2 1 1,84 "59";
60 2 0 4,46 "60";
61 1 0 33,79 "61";
62 1 0 13,14 "62";
63 0 0 14,38 "63";
64 0 1 41,44 "64";
65 0 1 73,77 "65";
66 1 1 53,71 "66";
67 1 1 60,63 "67";
68 2 0 56,72 "68";
69 0 0 22,79 "69";
70 2 1 40,75 "70";
71 2 0 39,50 "71";
72 2 0 25,47 "72";
73 1 1 74,76 "73";
74 2 0 5,25 "74";
75 0 0 61,82 "75";
76 0 0 22,55 "76";
77 2 1 35,81 "77";
78 2 1 4,45 "78";
79 1 1 7,24 "79";
80 2 1 1,28 "80";
81 1 1 61,84 "81";
82 0 0 10,51 "82";
83 2 0 2,73 "83";
84 0 0 34,78 "84";
