parity 64;
0 2 0 16,27 "0";
1 1 0 2,64 "1";
2 2 1 0,54 "2";
3 0 0 36,45 "3";
4 2 1 6,49 "4";
5 0 0 4,50 "5";
6 2 0 17,36 "6";
7 2 0 17,31 "7";
8 2 1 14,37 "8";
9 2 0 6,51 "9";
10 2 0 39,64 "10";
11 1 1 10,42 "11";
12 1 1 2,36 "12";
13 1 0 29,35 "13";
14 0 1 10,50 "14";
15 2 1 5,12 "15";
16 0 0 39,43 "16";
17 2 0 57,63 "17";
18 2 0 17,28 "18";
19 0 1 4,8 "19";
20 2 0 9,60 "20";
21 0 0 3,63 "21";
22 2 1 25,49 "22";
23 0 0 27,34 "23";
24 0 0 17,56 "24";
25 1 0 5,56 "25";
26 1 0 20,46 "26";
27 2 0 39,48 "27";
28 1 1 6,17 "28";
29 0 1 15,45 "29";
30 0 0 20,34 "30";
31 0 1 48,64 "31";
32 1 0 48,52 "32";
33 2 0 15,31 "33";
34 1 1 21,40 "34";
35 1 0 5,52 "35";
36 1 0 22,37 "36";
37 0 1 3,49 "37";
38 1 0 25,32 "38";
39 1 0 30,56 "39";
40 2 0 0,11 "40";
41 0 1 7,40 "41";
42 0 0 34,47 "42";
43 1 0 13,31 "43";
44 1 1 3,63 "44";
45 2 0 28,64 "45";
46 1 1 14,57 "46";
47 2 0 30,62 "47";
48 0 0 47,55 "48";
49 0 1 4,39 "49";
50 0 1 3,33 "50";
51 0 1 48,64 "51";
52 0 1 17,63 "52";
53 0 0 0,10 "53";
54 1 0 19,61 "54";
55 1 0 1,61 "55";
56 2 1 30,33 "56";
57 1 0 0,64 "57";
58 0 1 11,14 "58";
59 2 1 14,56 "59";
60 1 0 34,46 "60";
61 0 1 28,50 "61";
62 0 0 30,42 "62";
63 1 1 42,61 "63";
64 1 0 10,36 "64";
