parity 74;
0 0 0 60,61 "0";
1 0 0 20,41 "1";
2 0 0 50,64 "2";
3 1 1 44,47 "3";
4 0 1 49,56 "4";
5 2 1 49,67 "5";
6 2 1 17,21 "6";
7 2 0 35,39 "7";
8 0 1 24,48 "8";
9 1 0 4,49 "9";
10 0 0 30,37 "10";
11 0 0 35,50 "11";
12 2 1 30,57 "12";
13 1 0 5,28 "13";
14 1 1 17,54 "14";
15 0 1 29,59 "15";
16 2 0 13,54 "16";
17 2 1 28,69 "17";
18 1 1 8,57 "18";
19 0 0 29,54 "19";
20 1 1 49,72 "20";
21 0 0 19,41 "21";
22 2 0 13,21 "22";
23 2 0 1,43 "23";
24 1 0 27,45 "24";
25 0 1 39,62 "25";
26 1 1 17,55 "26";
27 1 0 45,55 "27";
28 1 0 6,47 "28";
29 0 1 23,59 "29";
30 0 0 64,71 "30";
31 0 0 5,61 "31";
32 2 0 47,66 "32";
33 0 0 51,60 "33";
34 2 1 25,48 "34";
35 2 0 10,71 "35";
36 1 1 23,50 "36";
37 0 0 20,70 "37";
38 1 1 17,65 "38";
39 1 1 34,58 "39";
40 1 1 9,50 "40";
41 0 1 60,63 "41";
42 2 1 20,35 "42";
43 0 0 11,50 "43";
44 0 0 47,50 "44";
45 1 1 65,74 "45";
46 0 1 11,33 "46";
47 1 0 16,37 "47";
48 0 0 29,33 "48";
49 1 1 31,67 "49";
50 2 1 21,69 "50";
51 1 0 14,32 "51";
52 1 1 10,54 "52";
53 0 1 29,37 "53";
54 1 1 18,36 "54";
55 2 0 52,73 "55";
56 0 1 19,60 "56";
57 2 0 25,69 "57";
58 2 0 7,44 "58";
59 1 0 31,51 "59";
60 2 1 2,72 "60";
61 0 1 54,67 "61";
62 1 1 47,51 "62";
63 2 0 4,60 "63";
64 1 0 6,54 "64";
65 2 0 1,59 "65";
66 1 0 1,61 "66";
67 0 1 31,73 "67";
68 1 0 36,65 "68";
69 2 1 57,59 "69";
70 0 1 22,56 "70";
71 2 0 3,70 "71";
72 1 1 6,67 "72";
73 0 0 39,49 "73";
74 2 0 26,33 "74";
