parity 29;
0 1 1 2,18 "0";
1 1 1 7,29 "1";
2 0 0 22,28 "2";
3 2 0 4,24 "3";
4 0 0 16,21 "4";
5 2 1 3,23 "5";
6 1 1 3,20 "6";
7 1 0 6,14 "7";
8 1 1 0,25 "8";
9 2 0 1,27 "9";
10 2 0 0,24 "10";
11 2 0 23,26 "11";
12 0 0 14,18 "12";
13 1 0 10,23 "13";
14 2 0 19,23 "14";
15 2 1 12,16 "15";
16 2 1 3,28 "16";
17 0 1 23,29 "17";
18 2 0 5,12 "18";
19 2 1 4,14 "19";
20 0 0 1,24 "20";
21 1 0 8,14 "21";
22 0 1 0,21 "22";
23 2 1 2,12 "23";
24 0 1 7,12 "24";
25 2 1 7,23 "25";
26 0 1 0,6 "26";
27 0 1 3,9 "27";
28 2 1 1,29 "28";
29 0 0 4,23 "29";
