parity 64;
0 0 0 2,10 "0";
1 0 1 51,56 "1";
2 0 0 15,34 "2";
3 1 0 7,58 "3";
4 1 0 13,33 "4";
5 1 0 14,21 "5";
6 1 0 3,8 "6";
7 1 0 10,64 "7";
8 2 0 53,55 "8";
9 1 1 35,42 "9";
10 1 1 27,50 "10";
11 0 0 22,61 "11";
12 1 0 34,55 "12";
13 2 1 36,42 "13";
14 0 1 59,61 "14";
15 1 1 32,48 "15";
16 0 1 3,27 "16";
17 0 0 1,50 "17";
18 0 0 24,34 "18";
19 1 1 25,39 "19";
20 2 0 13,37 "20";
21 1 1 58,59 "21";
22 2 0 21,48 "22";
23 1 0 38,41 "23";
24 2 0 19,64 "24";
25 2 1 32,37 "25";
26 1 0 21,60 "26";
27 1 1 34,62 "27";
28 0 1 21,23 "28";
29 2 0 8,44 "29";
30 1 0 10,45 "30";
31 2 0 6,13 "31";
32 2 0 14,24 "32";
33 1 0 15,61 "33";
34 1 0 15,59 "34";
35 2 0 8,43 "35";
36 0 1 29,43 "36";
37 0 0 6,15 "37";
38 0 0 19,57 "38";
39 2 0 18,63 "39";
40 2 0 23,61 "40";
41 0 1 37,52 "41";
42 0 1 33,35 "42";
43 2 1 28,48 "43";
44 1 1 6,57 "44";
45 1 1 2,57 "45";
46 2 0 36,38 "46";
47 0 0 6,15 "47";
48 2 0 0,40 "48";
49 0 1 2,44 "49";
50 2 0 9,23 "50";
51 1 0 24,63 "51";
52 0 0 23,55 "52";
53 2 0 38,40 "53";
54 0 1 27,49 "54";
55 2 1 49,58 "55";
56 0 1 14,44 "56";
57 2 1 26,35 "57";
58 0 0 3,7 "58";
59 1 0 14,24 "59";
60 2 0 49,55 "60";
61 2 0 1,53 "61";
62 2 0 4,42 "62";
63 0 1 13,49 "63";
64 2 1 5,46 "64";
