parity 49;
0 1 1 21,28 "0";
1 0 0 14,35 "1";
2 0 0 13,49 "2";
3 1 1 14,28 "3";
4 2 0 6,40 "4";
5 2 0 24,33 "5";
6 2 0 1,37 "6";
7 1 1 16,18 "7";
8 2 1 6,44 "8";
9 1 1 6,32 "9";
10 1 1 26,47 "10";
11 1 0 18,45 "11";
12 2 1 33,47 "12";
13 2 1 12,49 "13";
14 2 1 7,21 "14";
15 0 0 36,43 "15";
16 2 1 41,44 "16";
17 2 1 15,20 "17";
18 2 1 23,46 "18";
19 2 0 6,46 "19";
20 2 0 26,47 "20";
21 1 0 32,40 "21";
22 0 0 21,31 "22";
23 1 1 48,49 "23";
24 2 1 21,25 "24";
25 2 1 10,49 "25";
26 1 1 31,46 "26";
27 0 1 7,21 "27";
28 2 0 13,33 "28";
29 1 0 8,45 "29";
30 1 1 13,24 "30";
31 0 1 32,41 "31";
32 0 0 18,21 "32";
33 1 1 19,43 "33";
34 2 0 9,46 "34";
35 0 0 13,42 "35";
36 1 0 6,13 "36";
37 0 0 0,28 "37";
38 0 1 9,34 "38";
39 0 1 2,45 "39";
40 1 0 36,39 "40";
41 2 0 5,10 "41";
42 1 1 3,20 "42";
43 2 1 4,26 "43";
44 0 0 14,27 "44";
45 0 0 23,43 "45";
46 0 0 3,17 "46";
47 0 1 11,16 "47";
48 1 1 30,42 "48";
49 2 1 18,35 "49";
