parity 44;
0 0 0 25,39 "0";
1 0 1 20,33 "1";
2 0 1 23,41 "2";
3 0 1 4,34 "3";
4 2 0 36,38 "4";
5 2 1 9,43 "5";
6 1 0 22,39 "6";
7 2 1 6,21 "7";
8 2 1 1,29 "8";
9 1 1 28,43 "9";
10 0 0 16,27 "10";
11 0 1 22,33 "11";
12 0 0 31,42 "12";
13 2 1 7,43 "13";
14 2 1 12,25 "14";
15 0 1 1,17 "15";
16 1 0 13,31 "16";
17 1 1 11,34 "17";
18 1 0 6,8 "18";
19 2 0 8,24 "19";
20 2 1 5,18 "20";
21 2 0 16,25 "21";
22 0 1 39,42 "22";
23 0 0 30,44 "23";
24 2 0 5,37 "24";
25 1 1 31,34 "25";
26 1 0 20,41 "26";
27 2 1 9,43 "27";
28 2 1 6,38 "28";
29 0 0 1,34 "29";
30 0 1 16,41 "30";
31 1 0 2,7 "31";
32 1 1 12,20 "32";
33 2 0 32,40 "33";
34 0 1 18,40 "34";
35 0 0 1,39 "35";
36 0 1 3,7 "36";
37 2 0 18,44 "37";
38 2 1 11,25 "38";
39 2 1 22,35 "39";
40 2 1 6,41 "40";
41 0 1 37,42 "41";
42 2 0 0,13 "42";
43 2 0 6,8 "43";
44 1 0 2,8 "44";
