parity 74;
0 1 1 15,46 "0";
1 1 1 15,72 "1";
2 2 1 9,18 "2";
3 1 1 16,20 "3";
4 2 0 57,67 "4";
5 2 1 37,74 "5";
6 0 0 17,38 "6";
7 2 1 25,27 "7";
8 2 1 32,38 "8";
9 1 1 29,58 "9";
10 0 0 49,52 "10";
11 2 0 5,9 "11";
12 2 0 37,44 "12";
13 0 0 2,35 "13";
14 1 1 47,65 "14";
15 0 0 11,69 "15";
16 2 1 3,54 "16";
17 0 0 16,26 "17";
18 1 0 23,62 "18";
19 0 1 0,27 "19";
20 0 1 42,48 "20";
21 0 0 1,46 "21";
22 1 0 5,59 "22";
23 1 1 51,56 "23";
24 0 1 30,49 "24";
25 2 1 47,50 "25";
26 0 1 4,46 "26";
27 1 0 4,11 "27";
28 1 1 20,31 "28";
29 2 1 34,50 "29";
30 2 1 2,56 "30";
31 0 0 13,56 "31";
32 0 0 12,42 "32";
33 2 1 60,73 "33";
34 2 0 18,72 "34";
35 1 1 14,30 "35";
36 2 0 29,42 "36";
37 1 1 25,60 "37";
38 2 0 14,17 "38";
39 1 0 19,35 "39";
40 0 1 5,45 "40";
41 1 1 2,54 "41";
42 0 1 43,52 "42";
43 0 0 1,26 "43";
44 0 1 0,25 "44";
45 0 1 22,32 "45";
46 2 1 19,28 "46";
47 0 0 11,42 "47";
48 2 1 2,24 "48";
49 0 0 9,51 "49";
50 2 0 9,44 "50";
51 2 1 66,68 "51";
52 2 0 18,30 "52";
53 0 1 2,26 "53";
54 2 0 2,41 "54";
55 2 1 41,45 "55";
56 2 1 19,33 "56";
57 0 1 4,48 "57";
58 0 0 24,30 "58";
59 2 0 19,32 "59";
60 0 1 11,34 "60";
61 1 1 6,68 "61";
62 2 0 3,57 "62";
63 1 0 3,70 "63";
64 1 0 26,69 "64";
65 2 0 19,73 "65";
66 0 0 1,72 "66";
67 2 0 25,71 "67";
68 1 1 25,53 "68";
69 1 0 7,25 "69";
70 0 1 13,43 "70";
71 2 1 22,50 "71";
72 1 1 3,54 "72";
73 0 0 5,74 "73";
74 0 0 12,31 "74";
