parity 34;
0 1 1 13,16 "0";
1 0 0 0,25 "1";
2 1 0 17,26 "2";
3 2 0 17,19 "3";
4 1 0 13,33 "4";
5 0 0 4,32 "5";
6 1 0 10,26 "6";
7 1 1 11,23 "7";
8 0 0 3,28 "8";
9 0 1 8,16 "9";
10 0 1 4,30 "10";
11 1 0 19,34 "11";
12 1 0 8,24 "12";
13 0 0 0,4 "13";
14 1 1 9,32 "14";
15 0 0 11,33 "15";
16 0 0 26,27 "16";
17 0 0 23,26 "17";
18 2 0 10,12 "18";
19 2 1 6,26 "19";
20 1 1 5,12 "20";
21 0 0 1,26 "21";
22 1 0 9,28 "22";
23 1 0 3,34 "23";
24 0 0 11,22 "24";
25 2 1 0,2 "25";
26 0 1 14,23 "26";
27 1 1 7,16 "27";
28 2 0 14,25 "28";
29 1 1 5,14 "29";
30 0 1 7,27 "30";
31 2 1 5,9 "31";
32 1 1 4,15 "32";
33 1 1 16,19 "33";
34 1 1 8,23 "34";
