parity 44;
0 0 1 31,36 "0";
1 1 0 23,24 "1";
2 0 1 10,24 "2";
3 2 0 24,35 "3";
4 0 0 1,44 "4";
5 0 0 10,32 "5";
6 1 0 5,43 "6";
7 2 1 17,41 "7";
8 0 0 20,32 "8";
9 1 0 0,21 "9";
10 2 1 19,40 "10";
11 2 0 2,19 "11";
12 2 1 21,36 "12";
13 1 1 5,6 "13";
14 0 0 30,40 "14";
15 1 0 11,22 "15";
16 0 0 4,39 "16";
17 1 1 7,22 "17";
18 0 1 3,23 "18";
19 1 0 2,37 "19";
20 0 0 13,31 "20";
21 1 0 26,36 "21";
22 2 0 11,14 "22";
23 2 1 25,42 "23";
24 2 1 19,28 "24";
25 2 1 3,38 "25";
26 1 0 22,31 "26";
27 1 0 32,40 "27";
28 0 0 16,31 "28";
29 2 1 16,24 "29";
30 2 1 7,41 "30";
31 1 0 0,29 "31";
32 0 1 4,11 "32";
33 1 0 38,40 "33";
34 0 0 26,41 "34";
35 0 1 25,40 "35";
36 0 0 28,44 "36";
37 2 1 29,32 "37";
38 0 1 1,35 "38";
39 0 1 10,20 "39";
40 0 1 15,44 "40";
41 1 1 18,29 "41";
42 0 0 19,28 "42";
43 2 1 10,32 "43";
44 0 0 29,33 "44";
