parity 89;
0 2 1 6,81 "0";
1 0 1 32,50 "1";
2 2 0 43,49 "2";
3 1 0 11,39 "3";
4 0 0 28,33 "4";
5 1 0 9,42 "5";
6 2 0 4,38 "6";
7 0 0 30,44 "7";
8 2 1 33,73 "8";
9 2 0 57,82 "9";
10 0 0 37,75 "10";
11 0 1 31,47 "11";
12 1 1 30,54 "12";
13 0 0 21,41 "13";
14 0 1 43,61 "14";
15 1 0 24,71 "15";
16 1 0 78,83 "16";
17 1 1 10,37 "17";
18 1 0 56,73 "18";
19 2 1 23,88 "19";
20 0 0 39,61 "20";
21 0 1 35,51 "21";
22 1 0 35,61 "22";
23 0 1 32,87 "23";
24 2 1 67,77 "24";
25 0 1 14,42 "25";
26 2 1 5,9 "26";
27 2 1 28,53 "27";
28 1 1 58,71 "28";
29 2 1 12,49 "29";
30 2 0 4,34 "30";
31 2 0 8,75 "31";
32 0 0 28,59 "32";
33 1 1 23,30 "33";
34 2 0 0,16 "34";
35 0 1 34,81 "35";
36 1 1 13,78 "36";
37 2 0 39,47 "37";
38 1 0 80,89 "38";
39 2 0 36,88 "39";
40 2 1 53,61 "40";
41 1 0 18,57 "41";
42 1 0 30,65 "42";
43 0 1 39,48 "43";
44 0 0 17,21 "44";
45 2 0 30,72 "45";
46 0 0 30,77 "46";
47 2 0 6,59 "47";
48 0 0 20,66 "48";
49 0 1 33,79 "49";
50 2 0 42,55 "50";
51 1 1 41,43 "51";
52 1 0 3,43 "52";
53 2 0 31,50 "53";
54 0 1 15,61 "54";
55 1 1 73,87 "55";
56 2 1 14,74 "56";
57 0 1 16,29 "57";
58 1 0 0,10 "58";
59 0 1 13,56 "59";
60 0 0 59,82 "60";
61 0 1 1,71 "61";
62 1 1 2,89 "62";
63 0 0 14,75 "63";
64 0 1 0,32 "64";
65 2 0 14,42 "65";
66 1 1 18,57 "66";
67 0 0 17,66 "67";
68 2 0 18,40 "68";
69 2 0 26,37 "69";
70 0 0 45,67 "70";
71 2 0 33,62 "71";
72 1 1 86,89 "72";
73 0 0 64,83 "73";
74 1 0 35,54 "74";
75 2 1 3,12 "75";
76 0 1 7,82 "76";
77 2 0 61,81 "77";
78 1 1 14,25 "78";
79 2 0 43,49 "79";
80 0 1 12,62 "80";
81 0 1 48,82 "81";
82 2 0 31,41 "82";
83 1 0 65,79 "83";
84 2 0 32,42 "84";
85 1 1 13,41 "85";
86 0 0 55,71 "86";
87 0 1 3,73 "87";
88 2 0 4,22 "88";
89 0 1 79,84 "89";
