parity 39;
0 0 0 6,21 "0";
1 0 1 15,37 "1";
2 1 1 32,38 "2";
3 2 1 10,13 "3";
4 0 1 3,17 "4";
5 1 0 15,20 "5";
6 0 0 4,37 "6";
7 0 0 27,36 "7";
8 1 1 0,16 "8";
9 0 0 2,4 "9";
10 2 1 5,12 "10";
11 0 0 3,15 "11";
12 2 1 2,34 "12";
13 0 1 2,21 "13";
14 2 1 2,33 "14";
15 2 0 18,20 "15";
16 1 0 20,25 "16";
17 1 1 13,27 "17";
18 0 0 4,22 "18";
19 1 1 13,29 "19";
20 0 1 5,8 "20";
21 2 0 16,30 "21";
22 1 1 3,24 "22";
23 1 0 15,21 "23";
24 1 1 6,13 "24";
25 0 0 1,15 "25";
26 2 1 20,34 "26";
27 1 0 9,16 "27";
28 0 1 29,36 "28";
29 1 1 10,34 "29";
30 2 1 1,18 "30";
31 0 1 14,24 "31";
32 2 0 2,19 "32";
33 1 0 14,39 "33";
34 0 0 4,20 "34";
35 1 1 8,33 "35";
36 0 1 1,20 "36";
37 0 1 5,18 "37";
38 1 0 11,28 "38";
39 0 0 4,16 "39";
