parity 79;
0 1 1 49,65 "0";
1 1 0 14,65 "1";
2 1 1 0,32 "2";
3 0 1 15,51 "3";
4 0 0 10,24 "4";
5 1 1 44,58 "5";
6 2 0 20,44 "6";
7 0 0 24,53 "7";
8 0 1 15,47 "8";
9 1 0 70,74 "9";
10 2 0 53,79 "10";
11 2 1 29,35 "11";
12 1 0 4,33 "12";
13 0 0 3,40 "13";
14 2 0 43,68 "14";
15 0 0 10,16 "15";
16 2 0 45,65 "16";
17 2 0 11,38 "17";
18 0 0 39,56 "18";
19 0 0 20,78 "19";
20 2 0 15,62 "20";
21 2 0 24,60 "21";
22 0 1 28,71 "22";
23 0 1 34,56 "23";
24 2 0 48,57 "24";
25 0 1 30,56 "25";
26 0 0 30,75 "26";
27 2 1 24,26 "27";
28 1 1 16,41 "28";
29 2 0 9,28 "29";
30 0 1 33,68 "30";
31 1 0 11,19 "31";
32 1 1 33,36 "32";
33 1 1 53,54 "33";
34 0 1 15,69 "34";
35 1 1 18,24 "35";
36 2 1 8,17 "36";
37 0 1 11,49 "37";
38 1 1 66,74 "38";
39 2 1 4,70 "39";
40 2 1 12,27 "40";
41 2 1 11,43 "41";
42 0 0 27,67 "42";
43 2 0 24,45 "43";
44 0 1 39,40 "44";
45 1 1 5,51 "45";
46 0 1 44,79 "46";
47 1 0 55,65 "47";
48 1 0 40,50 "48";
49 0 0 18,78 "49";
50 0 0 19,44 "50";
51 2 0 59,63 "51";
52 1 1 24,31 "52";
53 0 1 17,18 "53";
54 2 0 5,69 "54";
55 2 1 25,52 "55";
56 1 0 38,72 "56";
57 2 0 24,41 "57";
58 1 0 2,16 "58";
59 2 1 15,67 "59";
60 2 1 21,34 "60";
61 0 1 8,70 "61";
62 0 0 37,69 "62";
63 0 1 34,66 "63";
64 2 0 19,38 "64";
65 2 1 20,23 "65";
66 0 0 2,7 "66";
67 0 0 20,47 "67";
68 0 1 20,77 "68";
69 1 0 56,64 "69";
70 2 0 38,59 "70";
71 0 1 33,44 "71";
72 2 1 2,71 "72";
73 2 0 9,60 "73";
74 0 0 6,71 "74";
75 2 1 11,48 "75";
76 2 1 1,15 "76";
77 2 1 28,54 "77";
78 2 0 48,77 "78";
79 1 0 66,71 "79";
