parity 54;
0 0 1 25,54 "0";
1 1 0 43,44 "1";
2 0 1 35,49 "2";
3 2 1 4,20 "3";
4 0 1 10,30 "4";
5 1 0 9,11 "5";
6 0 1 15,18 "6";
7 1 0 38,54 "7";
8 1 0 44,46 "8";
9 2 0 43,45 "9";
10 0 1 34,44 "10";
11 2 0 24,39 "11";
12 1 0 22,44 "12";
13 1 0 28,36 "13";
14 1 0 9,11 "14";
15 2 0 28,35 "15";
16 1 1 20,44 "16";
17 1 1 14,36 "17";
18 2 0 37,43 "18";
19 2 0 18,54 "19";
20 0 1 0,30 "20";
21 1 0 32,34 "21";
22 2 1 5,53 "22";
23 2 0 2,32 "23";
24 0 0 17,51 "24";
25 0 0 6,9 "25";
26 0 1 8,39 "26";
27 0 1 37,47 "27";
28 1 0 11,13 "28";
29 1 1 20,36 "29";
30 1 1 25,32 "30";
31 2 0 20,23 "31";
32 0 1 16,21 "32";
33 0 0 42,52 "33";
34 1 0 29,53 "34";
35 0 1 0,31 "35";
36 1 1 33,50 "36";
37 0 1 8,46 "37";
38 1 1 19,51 "38";
39 0 0 0,35 "39";
40 0 1 47,50 "40";
41 1 0 7,26 "41";
42 2 1 17,44 "42";
43 2 1 24,54 "43";
44 0 0 47,50 "44";
45 1 0 10,29 "45";
46 1 0 9,15 "46";
47 0 0 3,22 "47";
48 2 1 17,34 "48";
49 0 1 34,44 "49";
50 2 1 39,49 "50";
51 0 1 39,42 "51";
52 1 1 35,38 "52";
53 1 1 3,37 "53";
54 1 1 4,34 "54";
