parity 89;
0 0 1 59,88 "0";
1 1 1 45,72 "1";
2 0 1 65,74 "2";
3 1 0 35,83 "3";
4 0 1 66,83 "4";
5 1 1 24,40 "5";
6 0 0 21,29 "6";
7 2 1 15,33 "7";
8 2 0 5,57 "8";
9 0 0 17,66 "9";
10 1 0 2,23 "10";
11 2 0 37,48 "11";
12 2 1 10,17 "12";
13 1 1 17,41 "13";
14 1 1 24,82 "14";
15 1 1 9,23 "15";
16 2 1 5,78 "16";
17 2 0 54,68 "17";
18 0 0 8,58 "18";
19 1 1 54,80 "19";
20 2 0 19,89 "20";
21 1 1 24,78 "21";
22 0 0 42,73 "22";
23 1 1 63,70 "23";
24 2 1 46,49 "24";
25 2 0 71,79 "25";
26 0 0 44,62 "26";
27 2 0 35,66 "27";
28 0 1 56,83 "28";
29 0 0 31,77 "29";
30 2 0 10,28 "30";
31 2 0 20,83 "31";
32 1 1 67,68 "32";
33 0 0 45,77 "33";
34 2 0 21,37 "34";
35 1 1 34,36 "35";
36 0 0 9,80 "36";
37 0 0 50,87 "37";
38 0 0 43,86 "38";
39 2 0 7,38 "39";
40 0 1 29,53 "40";
41 2 0 22,46 "41";
42 2 1 10,79 "42";
43 2 0 40,61 "43";
44 1 0 15,67 "44";
45 2 1 9,76 "45";
46 2 0 7,59 "46";
47 2 0 29,65 "47";
48 0 0 9,76 "48";
49 2 1 17,84 "49";
50 2 1 17,47 "50";
51 2 1 4,57 "51";
52 0 1 13,24 "52";
53 0 0 19,73 "53";
54 2 0 12,46 "54";
55 2 0 32,53 "55";
56 0 1 3,25 "56";
57 1 0 54,64 "57";
58 0 1 16,88 "58";
59 2 1 8,38 "59";
60 0 1 25,73 "60";
61 1 1 10,51 "61";
62 2 0 7,29 "62";
63 0 1 11,57 "63";
64 0 0 31,45 "64";
65 0 1 20,69 "65";
66 0 1 1,16 "66";
67 0 1 66,87 "67";
68 1 0 13,25 "68";
69 2 0 52,88 "69";
70 0 0 5,83 "70";
71 1 1 11,84 "71";
72 2 0 25,88 "72";
73 1 1 29,39 "73";
74 1 0 35,62 "74";
75 0 0 15,28 "75";
76 2 0 8,58 "76";
77 2 1 12,18 "77";
78 0 0 14,85 "78";
79 2 0 42,43 "79";
80 1 1 3,63 "80";
81 0 1 26,41 "81";
82 1 0 2,61 "82";
83 1 0 39,75 "83";
84 1 0 30,86 "84";
85 0 0 21,74 "85";
86 2 1 1,14 "86";
87 1 0 27,63 "87";
88 0 1 44,73 "88";
89 1 0 10,35 "89";
