parity 39;
0 0 0 5,20 "0";
1 2 0 14,28 "1";
2 2 1 4,38 "2";
3 1 1 1,25 "3";
4 2 0 3,39 "4";
5 2 1 3,39 "5";
6 2 1 23,32 "6";
7 0 0 16,39 "7";
8 2 0 14,19 "8";
9 1 0 8,18 "9";
10 1 1 8,35 "10";
11 2 1 1,23 "11";
12 0 0 3,20 "12";
13 1 0 26,28 "13";
14 2 0 23,24 "14";
15 2 0 20,28 "15";
16 0 0 7,29 "16";
17 2 0 1,6 "17";
18 2 0 9,11 "18";
19 2 0 4,24 "19";
20 2 0 8,23 "20";
21 0 0 4,23 "21";
22 0 0 10,13 "22";
23 1 1 24,27 "23";
24 2 0 5,6 "24";
25 2 0 7,15 "25";
26 0 0 2,29 "26";
27 1 1 4,20 "27";
28 2 0 4,14 "28";
29 1 1 32,37 "29";
30 0 1 17,33 "30";
31 1 0 15,25 "31";
32 2 0 18,36 "32";
33 1 1 19,23 "33";
34 0 0 36,39 "34";
35 0 1 12,38 "35";
36 2 1 7,38 "36";
37 2 1 8,35 "37";
38 0 1 22,24 "38";
39 1 0 15,33 "39";
