parity 89;
0 0 1 3,70 "0";
1 0 1 38,75 "1";
2 1 0 11,30 "2";
3 2 1 29,42 "3";
4 0 1 61,69 "4";
5 1 1 8,34 "5";
6 0 0 47,55 "6";
7 0 0 51,61 "7";
8 1 1 14,50 "8";
9 0 1 12,50 "9";
10 1 1 4,65 "10";
11 2 0 33,46 "11";
12 2 0 32,38 "12";
13 1 1 4,46 "13";
14 2 0 0,29 "14";
15 0 1 16,28 "15";
16 0 0 23,45 "16";
17 1 0 30,85 "17";
18 2 1 40,51 "18";
19 2 1 58,68 "19";
20 1 1 19,86 "20";
21 0 0 22,35 "21";
22 2 1 67,73 "22";
23 0 1 15,60 "23";
24 0 0 33,87 "24";
25 0 1 10,48 "25";
26 1 0 11,30 "26";
27 0 1 7,9 "27";
28 1 0 12,51 "28";
29 1 1 25,56 "29";
30 0 0 34,86 "30";
31 0 1 9,80 "31";
32 1 1 62,88 "32";
33 1 1 38,75 "33";
34 1 1 19,20 "34";
35 0 0 6,56 "35";
36 2 0 39,81 "36";
37 1 1 33,38 "37";
38 0 0 6,44 "38";
39 2 1 50,85 "39";
40 2 0 17,37 "40";
41 1 0 23,40 "41";
42 1 1 0,33 "42";
43 2 0 39,42 "43";
44 2 1 58,61 "44";
45 1 0 24,48 "45";
46 0 1 2,79 "46";
47 0 1 10,63 "47";
48 0 1 64,67 "48";
49 1 1 60,79 "49";
50 2 0 18,88 "50";
51 2 0 41,89 "51";
52 1 0 20,62 "52";
53 0 0 42,79 "53";
54 1 1 16,47 "54";
55 1 0 30,61 "55";
56 1 0 15,78 "56";
57 1 0 1,2 "57";
58 1 1 25,86 "58";
59 0 1 5,55 "59";
60 0 1 44,69 "60";
61 0 0 21,46 "61";
62 2 0 0,17 "62";
63 1 1 42,62 "63";
64 2 1 38,83 "64";
65 1 1 18,54 "65";
66 1 1 18,68 "66";
67 0 1 33,75 "67";
68 1 0 49,56 "68";
69 1 0 11,30 "69";
70 1 1 68,81 "70";
71 0 0 74,87 "71";
72 1 0 73,89 "72";
73 0 1 54,75 "73";
74 1 0 21,29 "74";
75 0 0 67,76 "75";
76 1 0 3,34 "76";
77 0 0 35,50 "77";
78 0 0 17,26 "78";
79 1 1 15,53 "79";
80 0 0 11,33 "80";
81 1 0 9,88 "81";
82 1 1 0,56 "82";
83 1 1 40,81 "83";
84 1 0 6,43 "84";
85 2 1 12,25 "85";
86 1 0 22,44 "86";
87 1 1 17,64 "87";
88 1 0 2,9 "88";
89 1 0 1,57 "89";
