parity 59;
0 0 0 15,50 "0";
1 1 0 53,59 "1";
2 0 1 1,59 "2";
3 2 1 31,54 "3";
4 0 1 28,52 "4";
5 2 1 45,47 "5";
6 1 1 5,40 "6";
7 0 1 4,18 "7";
8 1 1 30,35 "8";
9 0 1 18,43 "9";
10 2 1 26,44 "10";
11 2 0 49,57 "11";
12 2 1 37,39 "12";
13 1 1 35,59 "13";
14 1 0 24,31 "14";
15 0 0 5,22 "15";
16 2 1 11,18 "16";
17 0 0 52,55 "17";
18 1 0 13,50 "18";
19 2 0 5,56 "19";
20 2 0 8,41 "20";
21 0 0 0,39 "21";
22 0 1 10,14 "22";
23 0 0 17,28 "23";
24 2 1 8,30 "24";
25 2 1 2,16 "25";
26 1 0 43,46 "26";
27 2 1 49,59 "27";
28 1 1 5,35 "28";
29 1 0 3,11 "29";
30 0 0 34,53 "30";
31 0 1 6,59 "31";
32 0 0 43,55 "32";
33 0 1 4,9 "33";
34 2 1 1,47 "34";
35 2 0 18,44 "35";
36 2 0 4,37 "36";
37 1 0 21,41 "37";
38 2 1 14,41 "38";
39 2 1 5,46 "39";
40 0 1 21,50 "40";
41 1 0 13,43 "41";
42 1 1 41,57 "42";
43 2 1 1,41 "43";
44 0 0 22,49 "44";
45 0 0 4,42 "45";
46 2 0 11,36 "46";
47 2 1 45,51 "47";
48 1 1 19,37 "48";
49 2 0 17,32 "49";
50 0 1 27,54 "50";
51 1 0 8,54 "51";
52 0 1 20,32 "52";
53 1 0 28,31 "53";
54 1 1 20,35 "54";
55 2 1 3,54 "55";
56 2 0 10,17 "56";
57 0 0 24,44 "57";
58 0 1 18,32 "58";
59 0 1 4,46 "59";
