parity 89;
0 1 0 25,40 "0";
1 2 1 61,76 "1";
2 0 0 6,69 "2";
3 1 0 17,86 "3";
4 2 1 10,43 "4";
5 2 1 2,48 "5";
6 2 1 42,45 "6";
7 1 1 8,45 "7";
8 0 0 6,24 "8";
9 2 0 7,38 "9";
10 2 1 20,79 "10";
11 2 0 31,42 "11";
12 2 0 60,73 "12";
13 1 1 1,76 "13";
14 0 0 35,82 "14";
15 0 1 17,39 "15";
16 0 0 43,69 "16";
17 0 1 18,23 "17";
18 1 0 20,28 "18";
19 0 0 2,25 "19";
20 0 0 61,79 "20";
21 2 1 51,58 "21";
22 0 1 39,84 "22";
23 1 1 25,35 "23";
24 2 1 5,16 "24";
25 2 1 37,68 "25";
26 0 1 38,80 "26";
27 2 0 9,63 "27";
28 1 1 43,89 "28";
29 1 0 1,4 "29";
30 0 1 21,72 "30";
31 2 0 29,72 "31";
32 0 0 49,80 "32";
33 1 0 36,70 "33";
34 1 0 31,68 "34";
35 0 0 39,59 "35";
36 0 1 1,73 "36";
37 0 1 10,11 "37";
38 0 0 21,75 "38";
39 2 0 68,70 "39";
40 1 0 57,68 "40";
41 0 1 72,78 "41";
42 2 1 38,55 "42";
43 1 0 0,7 "43";
44 2 1 20,45 "44";
45 1 1 10,80 "45";
46 1 0 6,26 "46";
47 2 0 2,22 "47";
48 0 0 23,82 "48";
49 0 0 25,28 "49";
50 1 0 19,56 "50";
51 1 0 69,78 "51";
52 1 1 1,9 "52";
53 0 0 46,89 "53";
54 1 0 23,80 "54";
55 1 0 20,79 "55";
56 2 1 9,67 "56";
57 2 0 18,65 "57";
58 2 0 22,50 "58";
59 0 1 53,72 "59";
60 2 1 22,50 "60";
61 0 1 48,76 "61";
62 2 1 19,87 "62";
63 2 1 3,73 "63";
64 2 0 48,63 "64";
65 1 0 36,78 "65";
66 2 1 11,32 "66";
67 2 1 57,65 "67";
68 1 1 37,85 "68";
69 0 1 57,63 "69";
70 1 1 26,45 "70";
71 1 1 51,87 "71";
72 0 0 49,66 "72";
73 1 0 61,85 "73";
74 0 0 10,86 "74";
75 0 1 22,70 "75";
76 2 0 0,15 "76";
77 1 0 44,63 "77";
78 0 0 66,67 "78";
79 1 0 28,65 "79";
80 2 1 32,54 "80";
81 0 1 25,54 "81";
82 1 1 29,62 "82";
83 0 0 5,11 "83";
84 2 0 71,73 "84";
85 2 0 63,71 "85";
86 0 0 28,55 "86";
87 0 1 11,56 "87";
88 1 1 35,83 "88";
89 0 1 20,75 "89";
