parity 84;
0 1 1 14,78 "0";
1 1 0 10,20 "1";
2 2 1 23,55 "2";
3 1 0 0,39 "3";
4 0 1 48,52 "4";
5 1 1 17,42 "5";
6 1 1 16,32 "6";
7 2 0 2,8 "7";
8 0 1 69,80 "8";
9 2 0 24,40 "9";
10 2 1 21,55 "10";
11 2 0 53,74 "11";
12 1 0 13,84 "12";
13 1 0 45,73 "13";
14 1 0 12,40 "14";
15 1 1 1,35 "15";
16 2 0 0,62 "16";
17 0 1 4,13 "17";
18 2 0 27,59 "18";
19 2 0 14,74 "19";
20 1 1 10,39 "20";
21 1 1 14,28 "21";
22 2 0 0,54 "22";
23 1 0 11,71 "23";
24 2 1 52,59 "24";
25 2 1 12,73 "25";
26 1 0 20,72 "26";
27 1 0 3,33 "27";
28 1 0 9,49 "28";
29 0 1 3,12 "29";
30 2 0 41,83 "30";
31 2 0 37,43 "31";
32 1 1 21,36 "32";
33 2 0 0,73 "33";
34 1 1 20,35 "34";
35 2 1 28,48 "35";
36 2 1 10,67 "36";
37 0 0 67,75 "37";
38 2 0 24,71 "38";
39 0 1 1,36 "39";
40 1 1 41,81 "40";
41 0 1 47,65 "41";
42 2 0 23,69 "42";
43 0 1 24,67 "43";
44 2 1 13,71 "44";
45 2 0 10,66 "45";
46 2 0 53,70 "46";
47 1 1 70,75 "47";
48 2 0 51,59 "48";
49 0 1 48,51 "49";
50 1 0 8,59 "50";
51 2 1 6,55 "51";
52 1 1 15,40 "52";
53 1 1 52,54 "53";
54 0 1 41,60 "54";
55 0 1 6,79 "55";
56 1 1 21,39 "56";
57 1 1 46,83 "57";
58 2 1 29,74 "58";
59 2 0 19,60 "59";
60 2 1 24,54 "60";
61 0 0 7,58 "61";
62 2 1 19,28 "62";
63 1 1 29,62 "63";
64 0 0 1,38 "64";
65 0 0 56,60 "65";
66 2 0 7,31 "66";
67 0 0 5,28 "67";
68 0 0 60,74 "68";
69 0 0 12,59 "69";
70 2 0 16,61 "70";
71 1 0 40,79 "71";
72 1 0 4,10 "72";
73 0 0 54,79 "73";
74 2 0 19,51 "74";
75 2 0 13,81 "75";
76 1 0 4,37 "76";
77 0 0 1,38 "77";
78 1 0 1,15 "78";
79 1 0 6,55 "79";
80 1 1 24,38 "80";
81 0 0 12,43 "81";
82 1 1 44,66 "82";
83 1 0 38,42 "83";
84 1 1 15,63 "84";
