parity 69;
0 0 1 24,55 "0";
1 2 0 13,30 "1";
2 1 1 0,31 "2";
3 1 1 32,51 "3";
4 2 1 14,59 "4";
5 2 0 32,56 "5";
6 0 1 2,14 "6";
7 2 0 43,49 "7";
8 0 1 23,69 "8";
9 1 1 48,58 "9";
10 2 0 5,31 "10";
11 1 0 14,38 "11";
12 2 0 5,32 "12";
13 0 0 22,44 "13";
14 0 1 31,65 "14";
15 0 0 33,51 "15";
16 2 1 56,66 "16";
17 0 0 24,54 "17";
18 0 0 46,54 "18";
19 0 1 27,45 "19";
20 2 1 19,48 "20";
21 0 1 38,52 "21";
22 2 0 4,31 "22";
23 0 0 38,55 "23";
24 0 0 23,30 "24";
25 0 0 33,62 "25";
26 1 0 0,25 "26";
27 0 0 39,48 "27";
28 1 0 13,59 "28";
29 0 1 12,26 "29";
30 2 0 3,39 "30";
31 0 1 10,42 "31";
32 0 1 46,63 "32";
33 2 0 43,47 "33";
34 0 1 43,46 "34";
35 1 1 36,67 "35";
36 1 1 33,50 "36";
37 2 0 17,46 "37";
38 2 1 23,60 "38";
39 0 0 62,64 "39";
40 2 1 5,19 "40";
41 2 1 0,5 "41";
42 0 0 59,61 "42";
43 2 1 10,58 "43";
44 1 1 24,33 "44";
45 1 1 35,66 "45";
46 0 0 49,59 "46";
47 0 1 37,69 "47";
48 2 0 16,40 "48";
49 2 1 11,67 "49";
50 1 0 22,54 "50";
51 0 0 1,15 "51";
52 2 0 53,63 "52";
53 0 1 33,59 "53";
54 0 0 18,31 "54";
55 1 0 29,30 "55";
56 1 1 19,26 "56";
57 0 1 3,31 "57";
58 1 1 23,31 "58";
59 0 1 4,17 "59";
60 0 1 33,49 "60";
61 0 1 12,52 "61";
62 0 1 30,60 "62";
63 0 1 18,58 "63";
64 1 1 16,54 "64";
65 0 0 7,47 "65";
66 1 1 7,14 "66";
67 2 0 35,38 "67";
68 1 1 2,67 "68";
69 1 1 23,27 "69";
