parity 69;
0 1 1 20,33 "0";
1 2 1 54,69 "1";
2 1 1 5,38 "2";
3 1 0 30,64 "3";
4 1 1 44,57 "4";
5 2 1 10,13 "5";
6 2 0 31,60 "6";
7 1 0 11,49 "7";
8 2 0 44,51 "8";
9 2 0 10,59 "9";
10 0 1 34,43 "10";
11 1 0 12,34 "11";
12 1 1 6,21 "12";
13 0 0 15,40 "13";
14 1 1 4,16 "14";
15 0 0 33,50 "15";
16 1 0 28,50 "16";
17 2 0 1,31 "17";
18 0 1 44,55 "18";
19 2 0 17,21 "19";
20 2 0 24,36 "20";
21 2 1 22,27 "21";
22 1 0 41,65 "22";
23 2 0 45,50 "23";
24 2 1 51,59 "24";
25 0 0 26,69 "25";
26 0 1 2,64 "26";
27 2 1 5,14 "27";
28 0 1 6,47 "28";
29 2 1 23,31 "29";
30 1 1 1,24 "30";
31 2 1 0,27 "31";
32 2 1 6,20 "32";
33 1 1 7,9 "33";
34 1 1 55,61 "34";
35 1 0 2,17 "35";
36 1 1 11,50 "36";
37 2 1 0,3 "37";
38 2 0 11,28 "38";
39 1 1 3,58 "39";
40 2 1 24,26 "40";
41 0 1 7,16 "41";
42 2 1 13,38 "42";
43 1 1 23,53 "43";
44 0 0 16,36 "44";
45 0 1 28,63 "45";
46 0 0 41,63 "46";
47 1 0 31,69 "47";
48 2 0 19,34 "48";
49 2 1 55,64 "49";
50 2 0 8,28 "50";
51 2 0 53,56 "51";
52 1 0 4,21 "52";
53 1 0 0,66 "53";
54 0 0 48,58 "54";
55 2 0 21,49 "55";
56 1 1 20,23 "56";
57 0 0 27,67 "57";
58 1 0 19,49 "58";
59 1 0 19,43 "59";
60 2 1 31,47 "60";
61 2 1 60,67 "61";
62 2 0 6,63 "62";
63 2 1 1,9 "63";
64 2 1 48,53 "64";
65 2 1 30,58 "65";
66 0 0 27,57 "66";
67 2 1 13,22 "67";
68 0 0 19,21 "68";
69 1 1 31,35 "69";
