parity 94;
0 0 1 46,90 "0";
1 2 1 6,39 "1";
2 0 1 74,92 "2";
3 2 0 27,51 "3";
4 2 0 2,83 "4";
5 0 1 74,94 "5";
6 2 0 74,85 "6";
7 2 0 12,67 "7";
8 1 1 75,80 "8";
9 0 0 2,8 "9";
10 0 0 55,67 "10";
11 2 1 68,85 "11";
12 2 0 67,80 "12";
13 2 0 63,75 "13";
14 0 1 31,77 "14";
15 2 0 8,85 "15";
16 1 0 25,66 "16";
17 1 0 2,74 "17";
18 0 0 77,86 "18";
19 2 1 50,60 "19";
20 1 0 8,83 "20";
21 1 1 2,63 "21";
22 0 1 2,93 "22";
23 2 0 32,81 "23";
24 0 1 43,54 "24";
25 0 1 45,80 "25";
26 1 0 36,93 "26";
27 1 1 63,68 "27";
28 0 0 35,75 "28";
29 0 0 13,48 "29";
30 1 1 6,53 "30";
31 2 1 33,73 "31";
32 1 1 3,84 "32";
33 1 0 61,67 "33";
34 2 0 2,21 "34";
35 2 0 5,60 "35";
36 1 1 37,42 "36";
37 0 0 69,79 "37";
38 2 1 4,56 "38";
39 2 0 46,87 "39";
40 1 1 14,76 "40";
41 0 0 38,65 "41";
42 0 1 28,73 "42";
43 0 1 70,82 "43";
44 2 1 34,66 "44";
45 2 1 12,38 "45";
46 0 1 76,80 "46";
47 2 0 74,80 "47";
48 2 0 2,20 "48";
49 1 0 30,92 "49";
50 0 1 56,80 "50";
51 1 1 11,53 "51";
52 0 0 32,46 "52";
53 1 0 56,72 "53";
54 1 1 6,20 "54";
55 1 0 47,62 "55";
56 2 1 39,68 "56";
57 1 0 48,91 "57";
58 1 0 12,42 "58";
59 1 0 45,74 "59";
60 2 1 6,49 "60";
61 1 0 32,66 "61";
62 1 0 45,91 "62";
63 0 1 16,94 "63";
64 0 0 3,60 "64";
65 2 0 2,52 "65";
66 2 0 27,68 "66";
67 2 0 37,76 "67";
68 1 1 13,42 "68";
69 2 1 27,68 "69";
70 0 0 37,74 "70";
71 0 1 49,79 "71";
72 1 0 30,60 "72";
73 0 1 70,89 "73";
74 1 0 3,12 "74";
75 2 0 28,71 "75";
76 1 1 29,44 "76";
77 2 0 34,50 "77";
78 1 0 66,80 "78";
79 2 0 9,35 "79";
80 0 1 29,71 "80";
81 1 1 64,83 "81";
82 1 0 61,94 "82";
83 0 0 0,65 "83";
84 2 0 26,55 "84";
85 2 0 20,55 "85";
86 1 0 40,47 "86";
87 2 0 17,74 "87";
88 1 1 16,35 "88";
89 0 1 37,83 "89";
90 2 1 34,60 "90";
91 0 1 31,84 "91";
92 1 1 11,94 "92";
93 1 1 39,73 "93";
94 0 0 27,34 "94";
