parity 79;
0 1 1 28,47 "0";
1 1 1 33,78 "1";
2 1 0 22,70 "2";
3 2 1 34,76 "3";
4 2 1 25,73 "4";
5 1 0 54,66 "5";
6 2 1 0,37 "6";
7 2 1 0,49 "7";
8 1 0 2,40 "8";
9 2 1 25,65 "9";
10 0 0 12,17 "10";
11 0 1 16,18 "11";
12 2 1 20,49 "12";
13 0 0 22,53 "13";
14 0 1 7,62 "14";
15 2 0 18,50 "15";
16 0 1 9,12 "16";
17 0 1 30,72 "17";
18 2 0 5,35 "18";
19 1 1 24,29 "19";
20 1 0 43,47 "20";
21 2 1 73,79 "21";
22 2 0 32,41 "22";
23 2 0 2,41 "23";
24 2 1 57,74 "24";
25 0 0 14,36 "25";
26 0 1 67,75 "26";
27 1 0 19,36 "27";
28 2 0 71,76 "28";
29 0 1 45,51 "29";
30 0 1 17,45 "30";
31 1 0 9,75 "31";
32 1 0 1,57 "32";
33 0 1 9,58 "33";
34 1 0 11,47 "34";
35 2 0 22,43 "35";
36 2 1 13,43 "36";
37 1 0 4,13 "37";
38 1 1 10,14 "38";
39 1 1 19,54 "39";
40 0 0 3,62 "40";
41 0 1 0,60 "41";
42 0 1 19,52 "42";
43 1 0 13,14 "43";
44 1 1 22,78 "44";
45 1 0 58,66 "45";
46 2 0 39,43 "46";
47 2 1 13,67 "47";
48 2 0 37,53 "48";
49 2 0 1,24 "49";
50 2 1 51,57 "50";
51 0 0 54,72 "51";
52 2 0 36,53 "52";
53 2 0 12,38 "53";
54 1 1 34,66 "54";
55 0 0 37,45 "55";
56 1 0 4,57 "56";
57 0 1 20,46 "57";
58 1 1 0,56 "58";
59 1 1 49,75 "59";
60 1 0 53,58 "60";
61 1 0 17,31 "61";
62 1 1 33,58 "62";
63 1 1 47,72 "63";
64 0 0 2,29 "64";
65 0 0 46,75 "65";
66 0 1 12,50 "66";
67 2 0 0,9 "67";
68 1 0 0,40 "68";
69 0 1 8,62 "69";
70 2 1 65,69 "70";
71 2 1 15,40 "71";
72 2 0 1,70 "72";
73 2 1 15,58 "73";
74 2 1 31,61 "74";
75 0 1 17,51 "75";
76 2 1 63,73 "76";
77 0 0 41,61 "77";
78 1 1 74,79 "78";
79 1 1 29,44 "79";
