parity 34;
0 0 1 18,31 "0";
1 1 1 0,22 "1";
2 0 1 11,24 "2";
3 0 1 9,31 "3";
4 2 0 8,20 "4";
5 2 0 0,27 "5";
6 2 0 5,9 "6";
7 0 0 0,34 "7";
8 1 0 28,33 "8";
9 1 0 2,6 "9";
10 2 0 14,19 "10";
11 1 0 8,12 "11";
12 0 1 3,7 "12";
13 1 0 10,24 "13";
14 1 1 1,7 "14";
15 0 1 12,22 "15";
16 1 0 2,19 "16";
17 0 0 11,15 "17";
18 2 1 2,19 "18";
19 0 1 7,16 "19";
20 0 0 5,13 "20";
21 1 1 4,26 "21";
22 2 1 10,27 "22";
23 0 1 17,30 "23";
24 1 1 18,28 "24";
25 2 1 13,19 "25";
26 1 0 23,34 "26";
27 2 0 20,33 "27";
28 0 0 5,19 "28";
29 1 0 15,31 "29";
30 0 0 22,34 "30";
31 0 1 15,24 "31";
32 2 0 14,20 "32";
33 2 0 7,25 "33";
34 0 0 1,18 "34";
