parity 84;
0 2 0 7,26 "0";
1 0 0 29,46 "1";
2 1 1 39,67 "2";
3 0 1 17,43 "3";
4 2 0 63,68 "4";
5 0 1 19,68 "5";
6 2 1 23,28 "6";
7 2 1 70,79 "7";
8 1 0 13,66 "8";
9 0 1 26,77 "9";
10 0 0 67,83 "10";
11 0 0 33,56 "11";
12 2 0 10,52 "12";
13 2 1 11,52 "13";
14 1 0 29,50 "14";
15 0 0 8,53 "15";
16 2 1 17,24 "16";
17 0 0 77,82 "17";
18 2 1 8,46 "18";
19 0 0 22,76 "19";
20 1 1 0,63 "20";
21 0 0 35,58 "21";
22 1 0 14,84 "22";
23 2 1 0,4 "23";
24 1 0 63,80 "24";
25 2 1 9,77 "25";
26 1 0 30,33 "26";
27 1 0 45,74 "27";
28 1 1 58,81 "28";
29 2 0 4,36 "29";
30 2 0 45,71 "30";
31 0 0 35,37 "31";
32 1 1 25,47 "32";
33 2 1 11,60 "33";
34 2 1 20,27 "34";
35 0 0 13,47 "35";
36 0 0 13,71 "36";
37 0 1 64,83 "37";
38 1 1 30,79 "38";
39 0 0 15,52 "39";
40 0 1 9,75 "40";
41 1 0 31,35 "41";
42 2 1 29,66 "42";
43 1 1 48,68 "43";
44 1 0 5,66 "44";
45 2 0 8,36 "45";
46 1 1 37,67 "46";
47 2 1 48,76 "47";
48 1 0 53,76 "48";
49 2 1 26,42 "49";
50 2 0 12,32 "50";
51 1 0 27,42 "51";
52 2 0 28,67 "52";
53 0 0 47,57 "53";
54 1 1 58,61 "54";
55 2 0 31,42 "55";
56 2 1 7,78 "56";
57 0 1 42,53 "57";
58 0 0 29,74 "58";
59 0 1 29,61 "59";
60 0 1 5,62 "60";
61 1 1 32,82 "61";
62 2 0 34,46 "62";
63 1 1 71,81 "63";
64 1 1 16,45 "64";
65 2 0 3,76 "65";
66 0 0 56,81 "66";
67 1 0 3,5 "67";
68 2 1 14,29 "68";
69 2 0 1,70 "69";
70 0 1 0,77 "70";
71 0 1 11,52 "71";
72 0 0 5,10 "72";
73 1 0 66,82 "73";
74 2 0 15,63 "74";
75 0 0 5,59 "75";
76 0 1 43,47 "76";
77 1 0 47,52 "77";
78 1 1 56,80 "78";
79 0 1 23,41 "79";
80 1 0 7,52 "80";
81 0 0 50,52 "81";
82 2 0 48,55 "82";
83 2 1 16,77 "83";
84 0 1 35,76 "84";
