parity 64;
0 0 1 12,15 "0";
1 1 0 30,64 "1";
2 2 0 3,33 "2";
3 0 0 16,64 "3";
4 0 1 2,24 "4";
5 0 1 11,36 "5";
6 1 1 32,44 "6";
7 2 1 0,4 "7";
8 2 1 38,53 "8";
9 0 1 1,63 "9";
10 0 1 45,63 "10";
11 2 1 41,47 "11";
12 1 0 8,58 "12";
13 1 0 24,36 "13";
14 1 0 2,16 "14";
15 0 0 24,42 "15";
16 1 0 47,55 "16";
17 2 0 7,60 "17";
18 0 0 56,59 "18";
19 0 0 10,61 "19";
20 0 1 0,12 "20";
21 0 0 36,39 "21";
22 0 1 29,53 "22";
23 0 0 3,5 "23";
24 1 0 7,30 "24";
25 0 1 12,14 "25";
26 0 0 22,57 "26";
27 1 0 25,40 "27";
28 0 0 58,61 "28";
29 1 0 15,61 "29";
30 1 1 3,48 "30";
31 0 0 24,42 "31";
32 0 0 15,29 "32";
33 1 1 2,3 "33";
34 0 0 9,64 "34";
35 1 1 17,44 "35";
36 2 1 51,60 "36";
37 1 1 57,63 "37";
38 2 1 13,41 "38";
39 0 1 33,60 "39";
40 2 1 4,17 "40";
41 1 1 19,42 "41";
42 1 0 11,33 "42";
43 1 1 20,53 "43";
44 1 0 15,34 "44";
45 1 0 31,59 "45";
46 0 0 28,60 "46";
47 0 1 21,35 "47";
48 0 1 30,56 "48";
49 0 1 5,27 "49";
50 1 0 28,40 "50";
51 0 1 31,62 "51";
52 0 1 21,47 "52";
53 0 1 8,32 "53";
54 1 0 11,12 "54";
55 0 0 19,36 "55";
56 1 1 7,36 "56";
57 2 0 26,43 "57";
58 0 1 11,55 "58";
59 2 0 37,63 "59";
60 1 0 23,38 "60";
61 0 0 10,64 "61";
62 2 0 27,33 "62";
63 0 0 25,60 "63";
64 0 0 41,56 "64";
