parity 84;
0 1 0 17,25 "0";
1 1 0 49,66 "1";
2 0 1 46,56 "2";
3 1 1 65,78 "3";
4 2 1 57,59 "4";
5 1 1 40,55 "5";
6 2 1 74,78 "6";
7 2 0 4,67 "7";
8 0 1 63,75 "8";
9 2 1 32,74 "9";
10 0 0 42,64 "10";
11 0 0 16,57 "11";
12 0 1 55,82 "12";
13 0 0 9,80 "13";
14 2 1 67,83 "14";
15 0 1 5,12 "15";
16 1 1 23,56 "16";
17 0 0 8,21 "17";
18 2 0 6,64 "18";
19 0 0 7,59 "19";
20 2 0 12,32 "20";
21 0 0 48,75 "21";
22 2 0 56,82 "22";
23 1 0 34,59 "23";
24 2 1 15,28 "24";
25 0 1 34,53 "25";
26 0 0 17,56 "26";
27 2 1 18,81 "27";
28 0 1 23,30 "28";
29 2 1 49,81 "29";
30 1 1 44,74 "30";
31 0 1 77,83 "31";
32 1 0 4,49 "32";
33 1 1 32,78 "33";
34 1 0 21,24 "34";
35 2 1 23,26 "35";
36 0 0 22,81 "36";
37 1 0 42,55 "37";
38 0 1 25,78 "38";
39 0 1 44,57 "39";
40 0 0 14,20 "40";
41 2 1 28,70 "41";
42 2 1 34,79 "42";
43 2 0 5,56 "43";
44 1 0 29,51 "44";
45 1 1 6,25 "45";
46 2 1 37,68 "46";
47 0 1 15,52 "47";
48 0 0 4,69 "48";
49 1 0 23,40 "49";
50 2 0 21,41 "50";
51 2 0 8,70 "51";
52 0 1 16,56 "52";
53 2 1 52,54 "53";
54 2 1 40,74 "54";
55 2 1 52,53 "55";
56 1 1 38,66 "56";
57 2 0 5,66 "57";
58 1 0 0,68 "58";
59 1 1 16,84 "59";
60 2 1 33,81 "60";
61 0 0 57,75 "61";
62 0 1 23,28 "62";
63 0 0 8,36 "63";
64 1 1 12,23 "64";
65 2 1 31,37 "65";
66 2 0 12,46 "66";
67 1 0 16,83 "67";
68 0 1 62,77 "68";
69 0 1 75,77 "69";
70 2 1 38,61 "70";
71 2 1 13,77 "71";
72 2 0 22,46 "72";
73 0 1 69,84 "73";
74 1 1 9,58 "74";
75 2 0 4,64 "75";
76 0 0 8,59 "76";
77 0 0 0,59 "77";
78 1 1 20,62 "78";
79 1 1 55,62 "79";
80 0 0 43,45 "80";
81 2 1 61,84 "81";
82 1 1 10,79 "82";
83 1 1 5,7 "83";
84 0 1 60,66 "84";
