parity 74;
0 1 1 22,25 "0";
1 1 0 51,60 "1";
2 2 1 11,19 "2";
3 1 1 43,52 "3";
4 2 1 46,73 "4";
5 0 1 18,61 "5";
6 2 0 17,52 "6";
7 2 0 39,69 "7";
8 0 0 22,41 "8";
9 2 1 46,65 "9";
10 0 1 20,30 "10";
11 1 0 7,25 "11";
12 0 0 59,70 "12";
13 2 1 3,67 "13";
14 1 0 8,37 "14";
15 0 1 44,74 "15";
16 1 1 31,47 "16";
17 2 1 0,60 "17";
18 1 1 26,69 "18";
19 0 1 13,52 "19";
20 1 1 17,70 "20";
21 0 1 18,26 "21";
22 2 0 30,56 "22";
23 2 1 44,57 "23";
24 0 0 71,73 "24";
25 2 1 51,61 "25";
26 2 1 0,32 "26";
27 1 1 22,63 "27";
28 1 0 32,48 "28";
29 1 0 7,56 "29";
30 0 0 3,22 "30";
31 1 1 3,59 "31";
32 0 1 18,71 "32";
33 0 0 3,53 "33";
34 0 0 1,16 "34";
35 2 1 44,54 "35";
36 1 0 41,73 "36";
37 2 1 14,26 "37";
38 1 0 50,66 "38";
39 1 1 50,74 "39";
40 2 0 22,25 "40";
41 1 0 56,62 "41";
42 2 0 35,44 "42";
43 2 0 4,36 "43";
44 2 1 42,72 "44";
45 1 1 42,67 "45";
46 2 0 42,61 "46";
47 0 1 48,52 "47";
48 2 0 13,50 "48";
49 1 0 54,62 "49";
50 0 1 46,62 "50";
51 0 1 19,58 "51";
52 0 0 4,17 "52";
53 2 0 9,19 "53";
54 0 0 48,51 "54";
55 2 0 4,22 "55";
56 1 0 52,73 "56";
57 1 1 4,6 "57";
58 1 1 54,64 "58";
59 2 0 50,68 "59";
60 2 0 30,65 "60";
61 1 0 26,51 "61";
62 1 1 6,55 "62";
63 1 0 20,65 "63";
64 0 0 29,65 "64";
65 2 0 25,71 "65";
66 2 1 3,48 "66";
67 1 1 5,8 "67";
68 1 1 3,18 "68";
69 1 0 12,37 "69";
70 1 1 22,61 "70";
71 0 0 18,64 "71";
72 2 1 16,44 "72";
73 2 0 0,54 "73";
74 1 1 22,38 "74";
