parity 89;
0 0 1 20,56 "0";
1 2 1 8,65 "1";
2 0 1 40,54 "2";
3 1 0 19,74 "3";
4 2 0 23,61 "4";
5 1 1 0,88 "5";
6 0 1 8,46 "6";
7 0 0 22,60 "7";
8 1 1 5,60 "8";
9 0 0 12,19 "9";
10 0 0 28,70 "10";
11 1 1 2,88 "11";
12 2 0 38,53 "12";
13 1 0 12,43 "13";
14 1 0 24,85 "14";
15 2 1 21,36 "15";
16 1 1 43,59 "16";
17 0 1 6,10 "17";
18 2 1 2,63 "18";
19 1 0 1,15 "19";
20 2 1 39,49 "20";
21 0 0 47,75 "21";
22 0 0 12,74 "22";
23 2 1 1,26 "23";
24 1 0 8,15 "24";
25 0 0 24,54 "25";
26 0 1 64,69 "26";
27 0 1 43,71 "27";
28 1 1 54,85 "28";
29 1 0 59,73 "29";
30 2 0 22,76 "30";
31 1 1 35,77 "31";
32 0 1 21,69 "32";
33 0 0 31,55 "33";
34 0 0 85,87 "34";
35 1 0 60,87 "35";
36 0 0 43,72 "36";
37 0 1 41,56 "37";
38 1 0 21,24 "38";
39 2 0 47,86 "39";
40 2 0 26,89 "40";
41 0 1 22,26 "41";
42 0 1 16,68 "42";
43 0 1 35,63 "43";
44 1 1 20,49 "44";
45 0 0 75,89 "45";
46 2 1 23,64 "46";
47 1 1 8,13 "47";
48 2 1 9,66 "48";
49 0 1 0,13 "49";
50 1 0 76,84 "50";
51 0 0 76,88 "51";
52 1 0 5,32 "52";
53 0 1 61,88 "53";
54 1 1 14,30 "54";
55 2 1 32,47 "55";
56 2 1 12,20 "56";
57 1 1 23,43 "57";
58 2 0 38,46 "58";
59 0 1 18,64 "59";
60 1 1 29,79 "60";
61 0 0 33,70 "61";
62 0 0 17,79 "62";
63 1 0 4,55 "63";
64 2 0 29,43 "64";
65 2 1 12,66 "65";
66 1 0 21,40 "66";
67 2 0 62,82 "67";
68 0 0 31,66 "68";
69 1 0 40,50 "69";
70 1 1 35,46 "70";
71 0 1 26,42 "71";
72 1 1 33,74 "72";
73 2 0 23,68 "73";
74 1 1 24,32 "74";
75 2 1 26,73 "75";
76 1 0 21,66 "76";
77 2 1 12,81 "77";
78 2 0 25,26 "78";
79 0 1 10,38 "79";
80 2 1 17,88 "80";
81 1 1 16,20 "81";
82 1 0 5,19 "82";
83 0 0 51,86 "83";
84 0 1 30,49 "84";
85 2 1 12,52 "85";
86 2 0 9,25 "86";
87 0 1 54,70 "87";
88 1 1 29,85 "88";
89 1 0 20,48 "89";
