parity 89;
0 0 0 25,70 "0";
1 1 1 6,10 "1";
2 1 0 34,85 "2";
3 0 0 77,78 "3";
4 2 1 33,55 "4";
5 0 1 41,47 "5";
6 2 1 25,78 "6";
7 2 1 66,89 "7";
8 0 0 45,57 "8";
9 1 1 43,70 "9";
10 0 1 0,81 "10";
11 1 0 49,71 "11";
12 0 1 47,83 "12";
13 1 1 12,34 "13";
14 2 0 65,77 "14";
15 0 1 18,46 "15";
16 2 1 32,60 "16";
17 0 0 16,59 "17";
18 1 0 56,80 "18";
19 2 0 35,58 "19";
20 1 0 51,55 "20";
21 0 1 4,51 "21";
22 2 1 40,72 "22";
23 1 1 20,84 "23";
24 2 0 55,88 "24";
25 0 0 54,76 "25";
26 1 1 42,83 "26";
27 0 0 45,69 "27";
28 1 1 62,88 "28";
29 2 0 41,77 "29";
30 0 0 43,56 "30";
31 2 1 2,38 "31";
32 0 0 25,76 "32";
33 1 0 12,28 "33";
34 1 1 70,89 "34";
35 1 1 39,82 "35";
36 1 0 7,62 "36";
37 0 1 35,45 "37";
38 1 0 36,75 "38";
39 1 0 10,35 "39";
40 0 1 0,54 "40";
41 0 0 8,80 "41";
42 0 0 40,44 "42";
43 2 1 14,22 "43";
44 0 0 12,82 "44";
45 2 1 33,39 "45";
46 2 1 2,27 "46";
47 1 0 15,16 "47";
48 2 1 47,87 "48";
49 2 1 45,52 "49";
50 0 0 34,89 "50";
51 0 0 38,84 "51";
52 1 0 16,17 "52";
53 0 1 42,57 "53";
54 1 0 63,70 "54";
55 1 0 38,59 "55";
56 1 1 8,33 "56";
57 1 1 54,86 "57";
58 0 0 23,32 "58";
59 0 0 20,73 "59";
60 0 1 56,68 "60";
61 1 1 73,84 "61";
62 2 0 29,80 "62";
63 1 0 10,72 "63";
64 0 0 1,23 "64";
65 0 1 32,61 "65";
66 2 0 35,49 "66";
67 1 1 44,59 "67";
68 1 1 27,58 "68";
69 2 0 60,75 "69";
70 1 0 73,76 "70";
71 2 1 28,78 "71";
72 1 0 16,65 "72";
73 1 0 61,67 "73";
74 2 1 41,82 "74";
75 2 1 8,27 "75";
76 2 1 25,51 "76";
77 2 0 32,56 "77";
78 2 1 10,75 "78";
79 1 1 28,63 "79";
80 2 1 47,66 "80";
81 2 0 24,34 "81";
82 2 1 53,76 "82";
83 0 1 8,87 "83";
84 2 0 25,77 "84";
85 2 1 13,69 "85";
86 0 0 17,81 "86";
87 0 1 27,53 "87";
88 2 1 6,75 "88";
89 1 1 16,72 "89";
