parity 94;
0 1 1 2,31 "0";
1 2 1 56,63 "1";
2 0 0 36,70 "2";
3 1 1 4,63 "3";
4 0 1 40,57 "4";
5 0 0 16,17 "5";
6 0 0 3,26 "6";
7 0 1 29,43 "7";
8 1 0 14,89 "8";
9 2 1 34,53 "9";
10 1 0 41,48 "10";
11 1 0 44,87 "11";
12 0 1 85,92 "12";
13 2 1 3,81 "13";
14 0 0 55,59 "14";
15 2 0 54,74 "15";
16 0 1 17,63 "16";
17 0 1 5,90 "17";
18 1 0 38,88 "18";
19 2 0 61,94 "19";
20 1 0 14,30 "20";
21 1 0 0,4 "21";
22 1 0 49,61 "22";
23 1 1 71,91 "23";
24 2 1 77,90 "24";
25 0 1 2,21 "25";
26 2 1 5,8 "26";
27 2 1 7,65 "27";
28 1 0 40,45 "28";
29 2 1 14,37 "29";
30 1 0 34,76 "30";
31 1 1 15,65 "31";
32 2 0 5,7 "32";
33 1 0 40,67 "33";
34 1 0 36,62 "34";
35 0 0 13,31 "35";
36 1 0 26,55 "36";
37 2 1 40,71 "37";
38 2 1 41,71 "38";
39 1 1 79,83 "39";
40 1 0 4,75 "40";
41 0 0 30,89 "41";
42 0 1 0,43 "42";
43 1 1 16,45 "43";
44 2 1 11,18 "44";
45 2 1 19,44 "45";
46 0 0 33,67 "46";
47 2 0 2,84 "47";
48 2 1 1,70 "48";
49 1 1 68,86 "49";
50 0 1 0,6 "50";
51 1 0 23,35 "51";
52 1 0 45,60 "52";
53 2 1 25,43 "53";
54 0 1 5,45 "54";
55 1 1 20,80 "55";
56 2 0 17,20 "56";
57 0 0 37,69 "57";
58 2 0 34,55 "58";
59 0 0 0,51 "59";
60 2 1 73,91 "60";
61 2 0 17,25 "61";
62 0 0 39,51 "62";
63 0 0 2,49 "63";
64 2 0 3,30 "64";
65 2 1 1,19 "65";
66 2 1 57,77 "66";
67 1 0 20,37 "67";
68 1 1 24,59 "68";
69 2 0 38,83 "69";
70 0 0 28,85 "70";
71 2 1 13,70 "71";
72 0 1 5,49 "72";
73 1 0 43,59 "73";
74 1 1 60,93 "74";
75 0 0 3,42 "75";
76 1 0 30,85 "76";
77 0 1 33,85 "77";
78 1 1 40,85 "78";
79 2 1 21,67 "79";
80 1 0 74,81 "80";
81 1 1 18,31 "81";
82 2 1 43,48 "82";
83 0 0 46,89 "83";
84 1 0 5,6 "84";
85 0 0 38,81 "85";
86 1 1 22,54 "86";
87 1 1 8,56 "87";
88 2 0 39,80 "88";
89 0 0 36,68 "89";
90 1 1 4,72 "90";
91 1 1 23,61 "91";
92 1 1 82,88 "92";
93 2 1 4,17 "93";
94 1 0 33,45 "94";
