parity 29;
0 2 1 23,27 "0";
1 2 1 14,20 "1";
2 0 0 6,28 "2";
3 0 0 6,28 "3";
4 0 0 20,23 "4";
5 1 1 0,9 "5";
6 0 0 16,21 "6";
7 2 0 8,21 "7";
8 1 1 19,25 "8";
9 1 0 5,8 "9";
10 2 0 13,20 "10";
11 1 0 22,24 "11";
12 0 0 2,10 "12";
13 2 1 12,27 "13";
14 2 0 0,15 "14";
15 2 1 8,20 "15";
16 2 1 11,15 "16";
17 0 0 0,16 "17";
18 0 1 13,23 "18";
19 0 1 9,16 "19";
20 2 0 10,24 "20";
21 1 0 7,28 "21";
22 1 1 0,24 "22";
23 1 0 7,17 "23";
24 0 0 5,19 "24";
25 0 1 1,11 "25";
26 2 1 4,13 "26";
27 2 1 10,20 "27";
28 0 0 11,15 "28";
29 0 1 13,21 "29";
