parity 79;
0 0 0 2,51 "0";
1 0 1 41,73 "1";
2 1 0 27,34 "2";
3 0 1 71,78 "3";
4 2 0 12,17 "4";
5 0 0 38,70 "5";
6 0 1 58,72 "6";
7 2 0 12,15 "7";
8 2 0 55,69 "8";
9 1 0 10,75 "9";
10 0 1 30,70 "10";
11 2 1 40,42 "11";
12 2 0 32,79 "12";
13 1 1 12,61 "13";
14 2 0 8,54 "14";
15 2 1 10,13 "15";
16 2 0 2,79 "16";
17 1 0 20,56 "17";
18 1 1 57,67 "18";
19 0 1 1,26 "19";
20 1 0 17,67 "20";
21 1 1 2,42 "21";
22 0 1 51,54 "22";
23 2 1 54,68 "23";
24 0 1 9,62 "24";
25 0 1 9,13 "25";
26 0 0 11,73 "26";
27 2 0 32,58 "27";
28 0 0 47,71 "28";
29 1 0 7,46 "29";
30 2 1 10,44 "30";
31 1 0 41,62 "31";
32 0 0 45,75 "32";
33 2 1 3,20 "33";
34 1 0 21,27 "34";
35 2 1 42,69 "35";
36 1 1 69,77 "36";
37 0 0 13,73 "37";
38 1 1 22,73 "38";
39 2 1 8,58 "39";
40 0 1 18,72 "40";
41 0 0 11,67 "41";
42 1 0 48,53 "42";
43 2 1 22,52 "43";
44 2 1 12,15 "44";
45 1 0 13,44 "45";
46 1 1 21,58 "46";
47 0 0 1,41 "47";
48 2 1 55,72 "48";
49 1 1 8,60 "49";
50 0 1 22,58 "50";
51 0 0 35,47 "51";
52 1 1 18,44 "52";
53 2 1 13,64 "53";
54 1 1 14,63 "54";
55 0 1 6,31 "55";
56 0 0 5,71 "56";
57 1 0 62,69 "57";
58 1 1 33,71 "58";
59 2 0 38,79 "59";
60 0 1 26,71 "60";
61 1 1 58,68 "61";
62 1 1 54,55 "62";
63 0 0 26,74 "63";
64 1 0 15,19 "64";
65 1 1 27,59 "65";
66 2 0 21,33 "66";
67 2 0 21,64 "67";
68 0 0 21,44 "68";
69 0 1 27,56 "69";
70 2 0 66,68 "70";
71 0 0 30,50 "71";
72 1 1 11,24 "72";
73 2 0 11,38 "73";
74 1 1 61,71 "74";
75 1 1 64,74 "75";
76 0 0 7,16 "76";
77 0 1 42,78 "77";
78 2 1 10,30 "78";
79 2 1 16,36 "79";
