parity 39;
0 0 0 29,32 "0";
1 2 1 23,35 "1";
2 2 0 8,29 "2";
3 1 1 19,33 "3";
4 2 0 15,28 "4";
5 0 0 23,28 "5";
6 1 1 19,21 "6";
7 2 1 19,35 "7";
8 2 1 6,14 "8";
9 0 0 3,38 "9";
10 0 1 19,34 "10";
11 2 0 15,23 "11";
12 0 1 11,23 "12";
13 0 0 31,32 "13";
14 0 1 13,21 "14";
15 2 1 10,34 "15";
16 1 0 21,31 "16";
17 0 1 1,20 "17";
18 0 0 1,33 "18";
19 1 1 14,38 "19";
20 2 1 31,34 "20";
21 2 1 34,38 "21";
22 1 0 13,33 "22";
23 0 0 12,31 "23";
24 2 1 32,39 "24";
25 2 1 24,29 "25";
26 1 1 27,30 "26";
27 2 0 15,30 "27";
28 2 0 10,34 "28";
29 0 1 6,22 "29";
30 1 0 7,37 "30";
31 0 0 16,28 "31";
32 0 1 26,34 "32";
33 1 1 1,4 "33";
34 0 0 1,20 "34";
35 1 0 14,39 "35";
36 2 0 4,33 "36";
37 2 1 6,24 "37";
38 1 0 9,17 "38";
39 1 1 3,9 "39";
