parity 39;
0 0 1 17,38 "0";
1 1 0 11,31 "1";
2 0 1 11,13 "2";
3 1 0 23,32 "3";
4 0 1 21,28 "4";
5 2 1 18,33 "5";
6 0 0 4,10 "6";
7 2 0 19,36 "7";
8 1 1 1,26 "8";
9 0 0 10,19 "9";
10 0 1 3,30 "10";
11 1 0 3,7 "11";
12 1 0 23,39 "12";
13 2 1 16,22 "13";
14 0 1 8,12 "14";
15 1 0 5,6 "15";
16 2 0 22,27 "16";
17 0 1 5,24 "17";
18 2 0 14,19 "18";
19 2 0 6,23 "19";
20 0 0 26,38 "20";
21 0 0 3,17 "21";
22 0 1 9,38 "22";
23 2 0 26,37 "23";
24 1 0 30,31 "24";
25 0 0 18,23 "25";
26 2 0 0,17 "26";
27 2 0 17,34 "27";
28 0 1 5,33 "28";
29 0 1 12,14 "29";
30 1 1 2,21 "30";
31 1 0 24,26 "31";
32 0 0 33,37 "32";
33 1 1 4,16 "33";
34 2 1 2,24 "34";
35 2 0 12,26 "35";
36 2 0 0,25 "36";
37 1 0 19,34 "37";
38 2 0 17,30 "38";
39 0 0 24,36 "39";
