parity 29;
0 0 0 8,13 "0";
1 0 1 20,27 "1";
2 2 1 13,24 "2";
3 2 1 0,21 "3";
4 1 0 7,27 "4";
5 0 0 2,19 "5";
6 1 1 13,21 "6";
7 1 0 4,13 "7";
8 1 0 2,18 "8";
9 0 1 0,4 "9";
10 2 1 11,19 "10";
11 1 0 17,23 "11";
12 0 1 15,18 "12";
13 0 1 1,27 "13";
14 0 1 7,20 "14";
15 1 0 9,12 "15";
16 0 1 1,5 "16";
17 2 1 25,27 "17";
18 0 0 19,29 "18";
19 0 1 16,25 "19";
20 1 0 14,19 "20";
21 0 0 1,22 "21";
22 1 0 9,16 "22";
23 1 0 4,22 "23";
24 2 1 15,17 "24";
25 0 0 0,24 "25";
26 0 0 5,16 "26";
27 1 1 5,29 "27";
28 2 0 10,13 "28";
29 0 0 11,13 "29";
