parity 49;
0 2 0 7,24 "0";
1 1 0 22,42 "1";
2 1 1 6,39 "2";
3 2 0 11,23 "3";
4 0 0 0,8 "4";
5 2 0 10,25 "5";
6 2 1 12,22 "6";
7 2 1 33,37 "7";
8 2 0 15,40 "8";
9 0 1 0,16 "9";
10 1 1 23,27 "10";
11 1 1 30,49 "11";
12 1 1 10,46 "12";
13 0 1 0,26 "13";
14 0 0 3,45 "14";
15 2 0 14,49 "15";
16 2 1 5,17 "16";
17 1 0 1,11 "17";
18 2 1 0,28 "18";
19 0 0 5,48 "19";
20 2 0 36,42 "20";
21 0 1 25,27 "21";
22 0 0 3,19 "22";
23 0 1 2,47 "23";
24 1 1 8,27 "24";
25 0 0 0,43 "25";
26 2 1 22,40 "26";
27 0 1 6,42 "27";
28 2 0 2,14 "28";
29 1 0 24,30 "29";
30 0 0 7,35 "30";
31 0 0 21,29 "31";
32 2 1 30,37 "32";
33 1 0 2,25 "33";
34 1 0 38,49 "34";
35 2 1 5,33 "35";
36 2 1 17,42 "36";
37 1 1 11,42 "37";
38 2 1 11,27 "38";
39 2 0 1,16 "39";
40 1 1 1,5 "40";
41 1 0 2,13 "41";
42 2 1 20,23 "42";
43 1 0 6,12 "43";
44 2 1 10,35 "44";
45 2 1 30,33 "45";
46 1 0 33,37 "46";
47 2 1 19,48 "47";
48 2 1 33,49 "48";
49 1 1 22,26 "49";
