parity 54;
0 1 0 4,5 "0";
1 1 1 0,21 "1";
2 1 1 40,49 "2";
3 0 0 49,54 "3";
4 0 1 41,50 "4";
5 2 0 3,14 "5";
6 2 1 9,46 "6";
7 1 1 8,19 "7";
8 0 0 35,40 "8";
9 0 0 28,36 "9";
10 1 1 6,49 "10";
11 2 0 17,24 "11";
12 0 0 27,41 "12";
13 0 1 18,29 "13";
14 1 0 2,47 "14";
15 1 0 31,33 "15";
16 0 1 19,43 "16";
17 0 1 41,51 "17";
18 1 1 20,31 "18";
19 1 1 29,33 "19";
20 0 0 37,38 "20";
21 0 0 26,28 "21";
22 2 0 10,47 "22";
23 0 1 5,24 "23";
24 1 0 9,51 "24";
25 1 0 15,41 "25";
26 0 1 9,31 "26";
27 0 1 7,17 "27";
28 0 1 20,50 "28";
29 0 0 12,25 "29";
30 2 1 24,31 "30";
31 1 0 2,15 "31";
32 2 0 50,52 "32";
33 0 1 26,48 "33";
34 1 1 17,44 "34";
35 2 0 38,43 "35";
36 2 0 24,32 "36";
37 1 1 20,32 "37";
38 2 0 3,25 "38";
39 2 1 42,53 "39";
40 2 1 4,16 "40";
41 2 1 12,31 "41";
42 0 1 12,39 "42";
43 1 0 17,38 "43";
44 0 0 3,14 "44";
45 0 1 29,41 "45";
46 1 0 12,54 "46";
47 1 1 24,48 "47";
48 1 1 6,8 "48";
49 1 1 3,28 "49";
50 0 0 44,48 "50";
51 0 0 4,50 "51";
52 1 0 22,41 "52";
53 2 0 0,48 "53";
54 1 1 40,41 "54";
