parity 79;
0 2 0 12,79 "0";
1 0 0 38,44 "1";
2 1 0 54,58 "2";
3 0 1 0,68 "3";
4 2 0 18,64 "4";
5 2 1 19,38 "5";
6 2 0 24,27 "6";
7 2 1 32,75 "7";
8 2 0 27,43 "8";
9 1 1 8,47 "9";
10 0 0 28,74 "10";
11 1 0 6,51 "11";
12 1 1 61,78 "12";
13 2 1 9,50 "13";
14 2 1 42,65 "14";
15 0 0 63,71 "15";
16 1 0 17,28 "16";
17 0 1 21,31 "17";
18 2 1 28,36 "18";
19 1 0 50,55 "19";
20 0 0 7,76 "20";
21 0 0 33,44 "21";
22 2 0 1,14 "22";
23 1 0 31,34 "23";
24 1 0 18,79 "24";
25 0 0 31,73 "25";
26 2 1 63,74 "26";
27 0 0 32,70 "27";
28 1 0 43,71 "28";
29 2 1 21,73 "29";
30 2 0 5,50 "30";
31 1 0 0,41 "31";
32 0 0 9,31 "32";
33 1 0 21,34 "33";
34 0 0 23,72 "34";
35 1 1 2,41 "35";
36 1 0 33,37 "36";
37 1 1 33,40 "37";
38 2 0 27,79 "38";
39 2 0 0,79 "39";
40 0 0 49,65 "40";
41 2 1 60,66 "41";
42 1 1 45,49 "42";
43 0 1 4,79 "43";
44 2 1 47,75 "44";
45 0 1 23,30 "45";
46 2 0 9,27 "46";
47 1 0 27,31 "47";
48 1 0 69,79 "48";
49 1 0 12,33 "49";
50 2 1 45,63 "50";
51 1 1 14,38 "51";
52 2 0 12,71 "52";
53 2 1 66,76 "53";
54 2 0 60,74 "54";
55 2 1 18,28 "55";
56 1 0 18,21 "56";
57 2 0 31,62 "57";
58 1 0 21,59 "58";
59 1 0 0,13 "59";
60 0 0 35,73 "60";
61 2 0 3,79 "61";
62 0 1 7,33 "62";
63 1 0 16,44 "63";
64 2 0 55,69 "64";
65 2 0 6,38 "65";
66 1 0 51,63 "66";
67 1 1 23,69 "67";
68 0 0 59,69 "68";
69 0 1 51,74 "69";
70 0 1 51,71 "70";
71 0 0 44,49 "71";
72 2 0 11,51 "72";
73 1 0 26,36 "73";
74 0 1 27,39 "74";
75 2 1 48,77 "75";
76 2 1 57,72 "76";
77 2 0 37,47 "77";
78 0 1 4,49 "78";
79 2 1 18,30 "79";
