parity 59;
0 1 0 14,30 "0";
1 1 0 35,39 "1";
2 1 0 3,34 "2";
3 2 1 32,41 "3";
4 0 0 14,55 "4";
5 2 1 29,31 "5";
6 0 1 14,44 "6";
7 2 1 49,51 "7";
8 1 1 25,50 "8";
9 0 1 25,58 "9";
10 2 1 27,29 "10";
11 1 1 24,43 "11";
12 0 1 19,48 "12";
13 0 0 38,49 "13";
14 2 1 11,57 "14";
15 0 0 7,43 "15";
16 2 0 31,57 "16";
17 1 0 25,38 "17";
18 0 1 5,38 "18";
19 1 0 28,42 "19";
20 1 0 36,51 "20";
21 1 0 6,45 "21";
22 0 0 9,29 "22";
23 0 1 1,44 "23";
24 2 0 13,54 "24";
25 0 0 34,36 "25";
26 0 1 43,54 "26";
27 2 0 5,38 "27";
28 0 1 5,17 "28";
29 2 1 34,57 "29";
30 0 0 41,54 "30";
31 2 1 7,29 "31";
32 0 0 45,50 "32";
33 1 0 14,30 "33";
34 2 0 26,56 "34";
35 2 1 24,47 "35";
36 2 0 10,28 "36";
37 0 0 7,23 "37";
38 2 0 5,23 "38";
39 1 1 34,44 "39";
40 0 1 3,57 "40";
41 2 1 6,42 "41";
42 1 0 13,23 "42";
43 1 0 44,57 "43";
44 0 0 19,47 "44";
45 0 0 2,35 "45";
46 1 0 24,45 "46";
47 0 0 5,29 "47";
48 2 1 37,41 "48";
49 2 1 3,11 "49";
50 0 0 17,53 "50";
51 2 1 3,59 "51";
52 1 1 4,27 "52";
53 1 1 3,42 "53";
54 1 0 30,34 "54";
55 1 1 3,26 "55";
56 1 1 27,50 "56";
57 1 1 7,44 "57";
58 1 0 5,22 "58";
59 0 0 39,48 "59";
