parity 69;
0 2 1 30,50 "0";
1 0 0 0,54 "1";
2 2 0 48,61 "2";
3 0 1 32,66 "3";
4 0 1 47,54 "4";
5 1 1 15,36 "5";
6 0 0 31,40 "6";
7 2 0 26,39 "7";
8 0 1 7,38 "8";
9 0 1 28,44 "9";
10 2 1 44,53 "10";
11 1 1 48,56 "11";
12 2 0 2,36 "12";
13 1 1 25,34 "13";
14 1 1 7,25 "14";
15 1 0 21,42 "15";
16 2 0 9,48 "16";
17 0 1 25,28 "17";
18 1 0 8,33 "18";
19 0 1 4,62 "19";
20 1 0 51,66 "20";
21 2 1 28,67 "21";
22 0 0 26,38 "22";
23 1 0 4,62 "23";
24 1 0 41,50 "24";
25 1 1 11,17 "25";
26 2 0 16,69 "26";
27 1 1 10,31 "27";
28 1 0 56,66 "28";
29 1 0 36,66 "29";
30 1 1 4,46 "30";
31 0 1 2,53 "31";
32 0 1 26,52 "32";
33 0 0 29,60 "33";
34 2 0 0,49 "34";
35 2 1 3,42 "35";
36 2 1 19,41 "36";
37 0 0 21,69 "37";
38 0 1 39,62 "38";
39 1 0 29,55 "39";
40 2 1 24,41 "40";
41 1 1 23,49 "41";
42 1 0 11,47 "42";
43 0 0 8,49 "43";
44 2 0 28,50 "44";
45 0 1 36,48 "45";
46 0 0 65,66 "46";
47 2 0 6,43 "47";
48 1 1 2,15 "48";
49 2 0 0,58 "49";
50 0 0 9,44 "50";
51 2 1 21,61 "51";
52 0 1 11,44 "52";
53 0 0 28,52 "53";
54 1 0 53,66 "54";
55 0 0 20,29 "55";
56 1 0 0,12 "56";
57 0 1 32,56 "57";
58 2 1 29,54 "58";
59 0 0 13,47 "59";
60 2 1 34,66 "60";
61 0 0 41,69 "61";
62 1 0 7,22 "62";
63 1 0 11,64 "63";
64 0 1 16,69 "64";
65 0 0 38,68 "65";
66 1 0 15,59 "66";
67 0 1 14,30 "67";
68 2 0 31,63 "68";
69 0 0 44,48 "69";
