parity 49;
0 1 1 10,29 "0";
1 0 1 26,31 "1";
2 1 1 23,47 "2";
3 2 1 16,44 "3";
4 0 0 27,40 "4";
5 2 0 22,37 "5";
6 0 1 9,46 "6";
7 0 1 14,39 "7";
8 0 1 0,17 "8";
9 2 0 34,36 "9";
10 0 0 30,49 "10";
11 0 0 4,48 "11";
12 2 1 16,27 "12";
13 1 0 37,44 "13";
14 2 1 42,47 "14";
15 2 0 44,49 "15";
16 1 1 3,5 "16";
17 1 1 1,13 "17";
18 1 0 37,43 "18";
19 2 1 0,38 "19";
20 1 1 15,40 "20";
21 0 1 12,46 "21";
22 0 0 1,39 "22";
23 2 1 10,40 "23";
24 1 0 19,49 "24";
25 2 1 38,43 "25";
26 2 1 8,35 "26";
27 0 1 0,39 "27";
28 0 0 3,35 "28";
29 2 0 10,30 "29";
30 1 0 19,36 "30";
31 2 0 4,24 "31";
32 0 0 14,21 "32";
33 0 0 22,43 "33";
34 2 0 13,38 "34";
35 1 0 31,38 "35";
36 2 0 12,28 "36";
37 1 1 9,42 "37";
38 2 1 6,48 "38";
39 2 0 26,49 "39";
40 0 1 23,48 "40";
41 1 1 7,49 "41";
42 1 1 0,14 "42";
43 0 0 13,18 "43";
44 2 0 1,13 "44";
45 0 0 44,48 "45";
46 2 0 6,29 "46";
47 0 1 26,41 "47";
48 0 1 4,6 "48";
49 2 0 6,16 "49";
