parity 69;
0 1 1 52,61 "0";
1 1 1 4,49 "1";
2 1 0 20,31 "2";
3 0 1 66,69 "3";
4 1 0 58,67 "4";
5 2 1 62,65 "5";
6 0 1 3,55 "6";
7 1 1 12,36 "7";
8 0 0 40,50 "8";
9 1 0 30,42 "9";
10 2 1 8,21 "10";
11 2 0 53,62 "11";
12 1 0 31,38 "12";
13 0 0 31,36 "13";
14 2 0 45,51 "14";
15 0 0 19,20 "15";
16 2 1 11,20 "16";
17 1 1 7,65 "17";
18 1 1 40,66 "18";
19 0 0 9,43 "19";
20 2 1 16,65 "20";
21 0 1 7,28 "21";
22 2 0 36,65 "22";
23 2 1 37,45 "23";
24 1 0 5,66 "24";
25 0 1 27,54 "25";
26 2 0 13,38 "26";
27 2 1 10,31 "27";
28 1 0 27,32 "28";
29 1 0 37,43 "29";
30 0 1 9,19 "30";
31 0 1 4,19 "31";
32 0 0 51,68 "32";
33 1 1 5,25 "33";
34 1 1 6,20 "34";
35 0 0 51,62 "35";
36 1 0 8,46 "36";
37 1 0 26,36 "37";
38 1 1 11,40 "38";
39 0 1 8,60 "39";
40 1 0 55,57 "40";
41 2 1 5,10 "41";
42 1 1 12,32 "42";
43 2 1 28,50 "43";
44 2 0 4,45 "44";
45 2 1 13,15 "45";
46 0 1 40,59 "46";
47 2 1 36,59 "47";
48 0 0 26,68 "48";
49 0 1 4,65 "49";
50 2 0 3,68 "50";
51 1 0 4,66 "51";
52 2 1 25,64 "52";
53 2 0 1,49 "53";
54 0 1 17,56 "54";
55 1 1 37,52 "55";
56 0 1 17,45 "56";
57 2 1 16,41 "57";
58 0 1 1,19 "58";
59 1 0 3,62 "59";
60 2 1 12,20 "60";
61 0 1 39,54 "61";
62 1 1 20,49 "62";
63 0 1 4,15 "63";
64 0 0 17,54 "64";
65 2 0 24,51 "65";
66 0 1 2,47 "66";
67 2 0 2,19 "67";
68 2 1 6,65 "68";
69 2 1 7,23 "69";
