parity 64;
0 1 1 26,36 "0";
1 2 1 23,42 "1";
2 0 1 7,52 "2";
3 1 1 13,56 "3";
4 0 0 19,46 "4";
5 2 1 37,49 "5";
6 2 1 10,43 "6";
7 0 0 24,37 "7";
8 2 0 21,51 "8";
9 1 1 17,49 "9";
10 1 0 17,54 "10";
11 0 1 14,19 "11";
12 1 1 42,64 "12";
13 1 1 9,33 "13";
14 0 0 32,36 "14";
15 2 1 40,62 "15";
16 1 0 48,53 "16";
17 1 0 23,46 "17";
18 1 0 12,37 "18";
19 0 1 8,17 "19";
20 0 1 18,21 "20";
21 2 0 28,48 "21";
22 0 0 1,15 "22";
23 1 0 44,51 "23";
24 2 0 32,46 "24";
25 0 1 40,62 "25";
26 2 0 15,47 "26";
27 2 0 14,36 "27";
28 0 1 36,39 "28";
29 2 0 9,63 "29";
30 0 0 34,49 "30";
31 2 1 14,27 "31";
32 0 1 8,57 "32";
33 2 0 14,22 "33";
34 1 1 16,58 "34";
35 2 1 19,55 "35";
36 1 0 8,17 "36";
37 1 0 1,43 "37";
38 0 1 25,27 "38";
39 2 0 10,58 "39";
40 2 0 33,56 "40";
41 2 1 2,16 "41";
42 2 1 1,31 "42";
43 2 0 9,48 "43";
44 2 0 40,41 "44";
45 0 1 9,27 "45";
46 2 0 23,33 "46";
47 1 0 22,43 "47";
48 2 0 41,45 "48";
49 1 0 7,15 "49";
50 2 0 32,57 "50";
51 0 1 20,64 "51";
52 0 0 34,35 "52";
53 0 0 7,9 "53";
54 1 0 19,53 "54";
55 2 0 0,54 "55";
56 2 0 17,58 "56";
57 1 0 42,54 "57";
58 2 1 38,57 "58";
59 1 0 7,48 "59";
60 1 1 26,27 "60";
61 0 1 21,33 "61";
62 2 0 50,56 "62";
63 0 0 7,24 "63";
64 0 0 36,46 "64";
