parity 94;
0 0 1 6,44 "0";
1 2 1 9,85 "1";
2 2 0 28,80 "2";
3 0 1 24,80 "3";
4 2 1 9,30 "4";
5 0 1 24,49 "5";
6 1 0 0,85 "6";
7 0 0 8,60 "7";
8 0 1 23,66 "8";
9 0 0 47,54 "9";
10 2 0 26,87 "10";
11 2 0 22,66 "11";
12 2 1 59,84 "12";
13 1 1 28,45 "13";
14 2 1 63,88 "14";
15 2 0 20,62 "15";
16 0 0 57,73 "16";
17 0 1 11,24 "17";
18 1 1 62,66 "18";
19 0 1 30,51 "19";
20 2 0 15,43 "20";
21 2 1 11,82 "21";
22 2 0 27,85 "22";
23 2 0 11,90 "23";
24 1 0 10,89 "24";
25 2 1 22,86 "25";
26 0 1 7,85 "26";
27 2 0 59,62 "27";
28 1 1 0,72 "28";
29 0 0 30,60 "29";
30 0 0 43,90 "30";
31 1 0 5,50 "31";
32 1 1 1,40 "32";
33 0 0 86,88 "33";
34 1 0 75,82 "34";
35 0 0 40,81 "35";
36 0 0 17,34 "36";
37 0 1 35,57 "37";
38 2 1 2,10 "38";
39 2 1 86,89 "39";
40 1 1 38,53 "40";
41 0 0 27,92 "41";
42 2 1 12,39 "42";
43 0 1 35,55 "43";
44 2 1 1,70 "44";
45 1 0 7,76 "45";
46 0 1 75,92 "46";
47 1 0 9,14 "47";
48 0 0 68,71 "48";
49 2 0 56,74 "49";
50 2 0 41,61 "50";
51 0 0 32,46 "51";
52 2 1 7,37 "52";
53 0 0 46,60 "53";
54 2 1 10,57 "54";
55 1 0 16,75 "55";
56 2 1 21,71 "56";
57 1 1 28,50 "57";
58 1 0 13,49 "58";
59 1 0 31,93 "59";
60 2 1 16,87 "60";
61 2 1 6,77 "61";
62 0 1 20,26 "62";
63 1 0 22,57 "63";
64 2 0 23,59 "64";
65 2 0 8,14 "65";
66 1 0 36,65 "66";
67 0 0 11,27 "67";
68 1 1 16,54 "68";
69 2 1 46,71 "69";
70 0 0 54,79 "70";
71 2 0 28,66 "71";
72 2 1 18,71 "72";
73 2 1 31,60 "73";
74 1 0 13,73 "74";
75 2 1 11,81 "75";
76 0 0 35,86 "76";
77 0 1 36,56 "77";
78 1 0 2,8 "78";
79 0 1 19,91 "79";
80 1 0 82,89 "80";
81 0 0 24,40 "81";
82 2 1 60,64 "82";
83 1 0 72,91 "83";
84 1 0 5,38 "84";
85 2 1 67,81 "85";
86 2 0 5,12 "86";
87 2 1 14,62 "87";
88 0 1 2,55 "88";
89 1 0 4,93 "89";
90 0 0 17,24 "90";
91 2 1 68,88 "91";
92 2 0 49,50 "92";
93 2 1 30,73 "93";
94 1 1 33,81 "94";
