parity 49;
0 1 1 5,34 "0";
1 0 0 5,34 "1";
2 1 1 23,27 "2";
3 1 0 23,48 "3";
4 0 1 12,43 "4";
5 2 0 10,31 "5";
6 2 1 32,47 "6";
7 2 0 1,36 "7";
8 2 0 6,27 "8";
9 0 0 14,49 "9";
10 1 1 8,44 "10";
11 1 0 3,27 "11";
12 1 1 1,34 "12";
13 2 1 10,28 "13";
14 1 0 10,33 "14";
15 1 0 2,26 "15";
16 0 0 24,33 "16";
17 1 0 19,22 "17";
18 2 1 5,20 "18";
19 0 0 0,22 "19";
20 2 1 7,41 "20";
21 1 1 10,12 "21";
22 0 1 8,47 "22";
23 2 1 5,26 "23";
24 2 1 20,33 "24";
25 0 0 3,8 "25";
26 1 1 15,33 "26";
27 0 0 18,47 "27";
28 2 0 2,49 "28";
29 1 0 21,27 "29";
30 1 1 20,38 "30";
31 1 0 14,30 "31";
32 2 0 25,33 "32";
33 0 1 5,21 "33";
34 0 0 22,41 "34";
35 2 1 0,38 "35";
36 1 0 23,41 "36";
37 0 1 28,45 "37";
38 0 1 1,30 "38";
39 0 1 2,20 "39";
40 0 1 0,46 "40";
41 0 1 20,25 "41";
42 2 1 5,33 "42";
43 1 0 4,12 "43";
44 0 0 10,19 "44";
45 1 1 15,42 "45";
46 2 1 4,33 "46";
47 0 0 4,49 "47";
48 1 0 20,45 "48";
49 0 1 40,45 "49";
