parity 39;
0 0 0 24,35 "0";
1 1 1 0,26 "1";
2 2 0 34,37 "2";
3 0 0 1,24 "3";
4 0 0 18,35 "4";
5 1 0 1,8 "5";
6 1 0 10,17 "6";
7 0 0 19,30 "7";
8 1 1 3,19 "8";
9 1 0 8,19 "9";
10 2 0 8,19 "10";
11 1 0 4,19 "11";
12 1 0 24,34 "12";
13 2 0 10,23 "13";
14 2 1 19,25 "14";
15 2 0 35,39 "15";
16 1 0 32,33 "16";
17 2 0 1,28 "17";
18 2 1 28,32 "18";
19 1 0 22,25 "19";
20 2 0 15,33 "20";
21 0 0 15,31 "21";
22 0 1 28,37 "22";
23 1 0 16,34 "23";
24 1 0 6,11 "24";
25 0 0 11,39 "25";
26 1 1 19,38 "26";
27 1 1 19,32 "27";
28 1 1 2,24 "28";
29 2 1 8,28 "29";
30 1 0 10,28 "30";
31 1 1 0,26 "31";
32 1 1 13,37 "32";
33 1 1 0,17 "33";
34 2 1 8,36 "34";
35 2 0 7,18 "35";
36 2 1 21,38 "36";
37 2 1 6,18 "37";
38 1 0 5,28 "38";
39 1 1 23,35 "39";
