parity 44;
0 0 1 19,43 "0";
1 2 0 16,38 "1";
2 1 0 7,10 "2";
3 2 0 31,34 "3";
4 1 1 24,38 "4";
5 2 1 18,20 "5";
6 0 1 20,38 "6";
7 2 0 31,44 "7";
8 0 1 27,33 "8";
9 0 0 16,25 "9";
10 1 0 17,24 "10";
11 0 1 2,38 "11";
12 0 1 3,31 "12";
13 0 1 30,38 "13";
14 2 0 17,18 "14";
15 2 1 1,36 "15";
16 1 1 27,37 "16";
17 2 1 13,23 "17";
18 0 1 42,44 "18";
19 0 1 12,38 "19";
20 0 0 15,41 "20";
21 2 0 13,17 "21";
22 2 1 19,27 "22";
23 1 1 29,44 "23";
24 2 0 18,33 "24";
25 2 1 5,38 "25";
26 1 1 5,7 "26";
27 1 0 8,23 "27";
28 2 0 3,17 "28";
29 0 0 25,27 "29";
30 2 0 21,27 "30";
31 2 1 28,43 "31";
32 1 1 16,19 "32";
33 1 1 8,39 "33";
34 0 0 11,28 "34";
35 0 1 13,18 "35";
36 1 0 6,27 "36";
37 1 0 0,42 "37";
38 1 1 20,36 "38";
39 1 0 7,22 "39";
40 1 1 6,16 "40";
41 0 0 0,33 "41";
42 0 1 5,31 "42";
43 2 1 6,12 "43";
44 2 1 25,30 "44";
