parity 34;
0 2 0 9,28 "0";
1 0 0 26,32 "1";
2 0 0 4,29 "2";
3 1 0 21,27 "3";
4 1 0 13,25 "4";
5 1 1 12,18 "5";
6 2 0 2,32 "6";
7 2 0 5,11 "7";
8 1 1 18,25 "8";
9 0 0 6,31 "9";
10 0 0 21,24 "10";
11 0 0 8,16 "11";
12 0 1 23,28 "12";
13 0 1 11,17 "13";
14 1 1 0,16 "14";
15 0 0 4,20 "15";
16 2 1 0,12 "16";
17 2 0 11,16 "17";
18 0 0 4,33 "18";
19 1 1 8,34 "19";
20 2 1 6,18 "20";
21 0 1 2,26 "21";
22 0 1 18,20 "22";
23 1 1 0,6 "23";
24 2 0 14,32 "24";
25 2 1 11,22 "25";
26 1 0 2,22 "26";
27 0 0 1,10 "27";
28 2 0 1,6 "28";
29 1 1 2,30 "29";
30 2 1 28,33 "30";
31 1 0 16,25 "31";
32 2 1 11,33 "32";
33 2 0 17,27 "33";
34 1 1 4,13 "34";
