parity 64;
0 2 0 33,54 "0";
1 1 0 46,62 "1";
2 0 0 11,49 "2";
3 1 0 0,55 "3";
4 1 1 18,49 "4";
5 1 1 31,39 "5";
6 1 0 25,38 "6";
7 2 1 17,53 "7";
8 0 1 2,18 "8";
9 0 0 6,29 "9";
10 2 1 49,53 "10";
11 1 1 27,64 "11";
12 1 0 34,61 "12";
13 1 1 26,51 "13";
14 1 0 6,24 "14";
15 2 0 24,38 "15";
16 2 1 15,26 "16";
17 0 1 5,24 "17";
18 2 0 38,49 "18";
19 1 0 44,53 "19";
20 1 0 37,51 "20";
21 1 0 25,58 "21";
22 2 1 7,51 "22";
23 2 0 31,39 "23";
24 2 1 36,64 "24";
25 1 1 40,50 "25";
26 2 1 23,60 "26";
27 1 1 7,49 "27";
28 0 1 30,34 "28";
29 2 0 14,53 "29";
30 0 1 22,51 "30";
31 1 1 25,61 "31";
32 1 0 1,49 "32";
33 1 0 8,34 "33";
34 0 0 5,30 "34";
35 0 0 50,53 "35";
36 0 1 30,35 "36";
37 2 1 6,55 "37";
38 1 1 8,64 "38";
39 2 1 0,37 "39";
40 0 0 17,44 "40";
41 1 0 9,11 "41";
42 1 0 7,56 "42";
43 1 0 35,54 "43";
44 0 0 31,64 "44";
45 0 1 5,51 "45";
46 0 0 3,38 "46";
47 2 0 23,44 "47";
48 2 1 18,62 "48";
49 0 0 23,44 "49";
50 2 0 30,36 "50";
51 2 1 17,28 "51";
52 1 1 34,47 "52";
53 2 1 14,35 "53";
54 0 1 7,11 "54";
55 1 0 3,54 "55";
56 0 0 34,46 "56";
57 2 0 19,44 "57";
58 1 1 14,17 "58";
59 2 1 30,37 "59";
60 2 0 53,58 "60";
61 2 0 22,38 "61";
62 1 1 9,59 "62";
63 1 0 26,53 "63";
64 2 1 10,30 "64";
