parity 44;
0 0 0 15,44 "0";
1 1 0 6,15 "1";
2 2 0 19,33 "2";
3 1 0 17,18 "3";
4 2 1 20,36 "4";
5 2 0 6,29 "5";
6 2 1 2,30 "6";
7 0 0 22,23 "7";
8 0 1 13,26 "8";
9 0 0 1,25 "9";
10 1 0 4,34 "10";
11 0 1 16,38 "11";
12 2 0 5,39 "12";
13 0 0 9,19 "13";
14 0 0 8,42 "14";
15 2 1 1,18 "15";
16 1 0 4,33 "16";
17 2 1 33,40 "17";
18 1 1 23,28 "18";
19 1 1 30,33 "19";
20 0 1 27,33 "20";
21 0 1 22,35 "21";
22 0 1 2,20 "22";
23 0 1 26,28 "23";
24 1 1 7,33 "24";
25 2 0 29,34 "25";
26 1 1 32,44 "26";
27 0 0 5,14 "27";
28 2 0 40,42 "28";
29 2 1 0,27 "29";
30 2 1 4,38 "30";
31 2 0 16,44 "31";
32 1 0 6,18 "32";
33 0 0 24,29 "33";
34 2 0 7,19 "34";
35 1 1 3,11 "35";
36 2 0 11,29 "36";
37 0 1 36,43 "37";
38 1 0 11,15 "38";
39 0 1 17,21 "39";
40 1 0 7,31 "40";
41 0 0 7,36 "41";
42 1 1 10,24 "42";
43 0 0 10,15 "43";
44 1 1 27,39 "44";
