parity 84;
0 2 1 14,54 "0";
1 0 0 29,49 "1";
2 0 1 4,51 "2";
3 0 1 5,12 "3";
4 0 0 66,71 "4";
5 0 1 32,34 "5";
6 2 0 22,37 "6";
7 1 0 41,71 "7";
8 0 0 53,65 "8";
9 0 1 34,36 "9";
10 2 1 19,43 "10";
11 0 1 4,17 "11";
12 0 0 29,31 "12";
13 1 0 73,78 "13";
14 0 0 51,69 "14";
15 2 1 16,83 "15";
16 0 1 10,56 "16";
17 1 1 10,34 "17";
18 1 1 31,71 "18";
19 1 1 5,78 "19";
20 1 0 1,73 "20";
21 1 0 19,41 "21";
22 0 1 18,28 "22";
23 2 0 4,62 "23";
24 1 1 19,34 "24";
25 2 0 61,64 "25";
26 1 0 9,48 "26";
27 1 0 3,74 "27";
28 1 1 37,56 "28";
29 0 1 2,35 "29";
30 0 0 38,55 "30";
31 2 1 64,84 "31";
32 0 0 8,56 "32";
33 0 1 21,55 "33";
34 1 0 56,76 "34";
35 1 1 21,37 "35";
36 1 0 56,75 "36";
37 0 1 17,47 "37";
38 2 1 44,58 "38";
39 1 0 6,17 "39";
40 1 0 5,51 "40";
41 0 0 34,74 "41";
42 1 0 29,80 "42";
43 1 1 25,66 "43";
44 1 0 37,74 "44";
45 2 1 7,34 "45";
46 0 1 30,40 "46";
47 2 0 22,25 "47";
48 0 0 75,79 "48";
49 2 0 38,69 "49";
50 0 0 33,39 "50";
51 0 1 76,83 "51";
52 1 0 48,73 "52";
53 2 0 61,79 "53";
54 0 0 26,64 "54";
55 1 1 16,36 "55";
56 2 1 24,41 "56";
57 1 0 46,67 "57";
58 1 1 14,33 "58";
59 0 0 28,77 "59";
60 0 1 4,11 "60";
61 2 1 54,83 "61";
62 2 1 22,77 "62";
63 2 1 4,79 "63";
64 2 0 25,35 "64";
65 2 1 5,55 "65";
66 1 0 39,51 "66";
67 0 1 23,83 "67";
68 0 0 43,58 "68";
69 2 0 36,40 "69";
70 0 1 24,54 "70";
71 2 0 15,37 "71";
72 0 1 43,65 "72";
73 2 1 5,30 "73";
74 2 1 37,42 "74";
75 2 1 33,43 "75";
76 0 0 64,80 "76";
77 1 1 44,76 "77";
78 2 1 1,9 "78";
79 0 0 3,37 "79";
80 2 0 14,38 "80";
81 0 0 23,56 "81";
82 0 0 35,40 "82";
83 0 0 37,69 "83";
84 0 0 13,35 "84";
