parity 69;
0 2 1 35,68 "0";
1 0 1 15,52 "1";
2 1 0 60,64 "2";
3 0 1 20,39 "3";
4 0 1 24,40 "4";
5 1 0 25,51 "5";
6 1 0 18,60 "6";
7 2 0 12,61 "7";
8 2 1 52,63 "8";
9 0 1 59,67 "9";
10 1 1 31,40 "10";
11 1 0 35,60 "11";
12 0 0 20,46 "12";
13 2 1 30,59 "13";
14 0 0 25,63 "14";
15 0 1 21,48 "15";
16 2 0 11,14 "16";
17 0 0 56,69 "17";
18 2 0 23,36 "18";
19 0 0 25,28 "19";
20 2 1 27,57 "20";
21 2 1 16,68 "21";
22 0 1 3,31 "22";
23 1 1 44,51 "23";
24 2 1 11,61 "24";
25 0 0 53,62 "25";
26 2 0 6,48 "26";
27 1 0 9,57 "27";
28 1 1 16,19 "28";
29 1 1 19,32 "29";
30 1 1 11,18 "30";
31 2 1 52,59 "31";
32 2 1 10,23 "32";
33 2 0 29,64 "33";
34 0 1 66,69 "34";
35 2 0 44,47 "35";
36 1 1 49,65 "36";
37 1 1 35,62 "37";
38 0 0 10,24 "38";
39 0 1 24,51 "39";
40 2 0 18,37 "40";
41 0 0 35,62 "41";
42 0 0 31,67 "42";
43 0 0 18,61 "43";
44 2 1 4,35 "44";
45 0 0 15,26 "45";
46 2 0 13,36 "46";
47 1 1 0,35 "47";
48 2 0 32,55 "48";
49 2 0 14,34 "49";
50 0 1 19,43 "50";
51 2 1 27,34 "51";
52 1 1 12,32 "52";
53 1 0 35,46 "53";
54 1 0 7,18 "54";
55 2 1 41,67 "55";
56 1 1 3,43 "56";
57 2 1 43,45 "57";
58 0 0 21,47 "58";
59 0 1 9,40 "59";
60 0 1 31,53 "60";
61 0 0 16,37 "61";
62 2 0 11,42 "62";
63 1 1 9,11 "63";
64 1 0 41,61 "64";
65 0 1 50,55 "65";
66 2 0 25,60 "66";
67 2 1 39,41 "67";
68 1 0 17,26 "68";
69 0 0 20,60 "69";
