parity 39;
0 1 1 25,35 "0";
1 1 0 27,39 "1";
2 1 1 16,27 "2";
3 0 0 18,21 "3";
4 1 0 0,9 "4";
5 2 0 4,30 "5";
6 2 1 7,12 "6";
7 0 1 10,23 "7";
8 0 0 16,23 "8";
9 0 0 1,33 "9";
10 0 0 20,37 "10";
11 2 1 12,33 "11";
12 2 0 14,32 "12";
13 1 0 11,38 "13";
14 2 1 2,19 "14";
15 1 1 17,20 "15";
16 0 1 9,24 "16";
17 0 0 30,33 "17";
18 0 0 1,28 "18";
19 2 0 12,34 "19";
20 2 0 18,25 "20";
21 1 0 7,14 "21";
22 0 0 24,37 "22";
23 1 1 6,38 "23";
24 1 1 2,34 "24";
25 0 1 22,38 "25";
26 1 1 1,28 "26";
27 0 0 22,32 "27";
28 2 1 26,29 "28";
29 2 0 21,39 "29";
30 1 0 4,7 "30";
31 0 0 16,23 "31";
32 0 1 9,35 "32";
33 2 0 5,16 "33";
34 2 1 3,35 "34";
35 0 0 15,26 "35";
36 0 1 28,38 "36";
37 2 1 22,24 "37";
38 0 1 1,15 "38";
39 1 0 1,21 "39";
