parity 29;
0 2 0 17,28 "0";
1 2 1 18,20 "1";
2 1 0 4,28 "2";
3 2 1 0,19 "3";
4 2 1 8,26 "4";
5 1 1 23,26 "5";
6 2 0 8,21 "6";
7 0 0 0,28 "7";
8 1 1 7,28 "8";
9 0 0 7,15 "9";
10 2 1 14,25 "10";
11 2 0 16,22 "11";
12 0 0 17,21 "12";
13 1 0 17,23 "13";
14 0 0 0,8 "14";
15 1 0 11,16 "15";
16 2 0 17,21 "16";
17 1 0 6,29 "17";
18 1 0 20,29 "18";
19 2 0 12,25 "19";
20 0 1 5,26 "20";
21 0 1 0,26 "21";
22 0 1 0,6 "22";
23 1 0 5,16 "23";
24 0 1 7,21 "24";
25 1 1 11,20 "25";
26 2 1 10,18 "26";
27 1 0 10,20 "27";
28 2 0 3,25 "28";
29 2 1 17,25 "29";
