parity 74;
0 0 1 19,62 "0";
1 1 1 45,56 "1";
2 1 0 45,70 "2";
3 1 0 66,74 "3";
4 1 1 36,41 "4";
5 1 0 31,33 "5";
6 2 1 26,38 "6";
7 2 0 44,71 "7";
8 1 1 2,25 "8";
9 1 0 22,68 "9";
10 0 0 11,18 "10";
11 1 1 37,51 "11";
12 1 0 62,74 "12";
13 1 0 15,34 "13";
14 1 1 3,68 "14";
15 2 1 13,26 "15";
16 1 0 41,48 "16";
17 2 0 19,55 "17";
18 2 0 27,33 "18";
19 0 0 30,64 "19";
20 0 1 16,59 "20";
21 1 0 22,23 "21";
22 2 0 14,19 "22";
23 1 0 13,18 "23";
24 0 1 34,52 "24";
25 0 1 48,64 "25";
26 2 1 8,17 "26";
27 2 1 28,63 "27";
28 2 1 15,73 "28";
29 1 0 37,65 "29";
30 0 1 63,70 "30";
31 1 0 5,74 "31";
32 2 0 33,39 "32";
33 2 0 7,43 "33";
34 2 1 24,43 "34";
35 2 0 0,33 "35";
36 2 0 18,44 "36";
37 1 1 52,74 "37";
38 0 0 12,41 "38";
39 1 1 66,72 "39";
40 2 1 0,5 "40";
41 0 1 35,64 "41";
42 0 1 23,51 "42";
43 0 1 7,67 "43";
44 2 1 66,74 "44";
45 1 1 16,25 "45";
46 1 0 22,25 "46";
47 1 0 26,71 "47";
48 1 0 4,41 "48";
49 2 1 35,71 "49";
50 2 1 59,64 "50";
51 0 1 6,21 "51";
52 2 1 3,16 "52";
53 0 1 41,56 "53";
54 0 0 11,58 "54";
55 1 0 34,50 "55";
56 0 1 1,42 "56";
57 0 1 8,31 "57";
58 2 0 3,32 "58";
59 1 1 21,71 "59";
60 0 1 16,53 "60";
61 0 1 30,66 "61";
62 0 1 61,64 "62";
63 0 0 11,24 "63";
64 2 0 36,74 "64";
65 1 1 7,69 "65";
66 0 1 48,51 "66";
67 0 1 57,65 "67";
68 0 1 11,21 "68";
69 1 0 9,27 "69";
70 2 0 18,58 "70";
71 1 1 46,74 "71";
72 2 1 52,71 "72";
73 1 0 3,45 "73";
74 1 0 23,47 "74";
