parity 64;
0 0 0 26,29 "0";
1 1 0 10,47 "1";
2 2 0 4,60 "2";
3 2 1 29,50 "3";
4 1 0 23,29 "4";
5 0 1 47,52 "5";
6 0 0 38,63 "6";
7 0 0 17,30 "7";
8 0 0 23,61 "8";
9 1 1 16,44 "9";
10 2 0 21,48 "10";
11 0 1 14,54 "11";
12 2 1 1,48 "12";
13 0 0 3,24 "13";
14 0 1 45,60 "14";
15 1 0 32,43 "15";
16 1 1 13,31 "16";
17 0 1 11,51 "17";
18 0 1 13,17 "18";
19 0 0 1,26 "19";
20 2 1 21,38 "20";
21 1 1 23,53 "21";
22 1 0 27,29 "22";
23 2 1 38,58 "23";
24 1 0 35,57 "24";
25 1 0 14,46 "25";
26 0 1 59,63 "26";
27 0 0 33,53 "27";
28 0 0 12,59 "28";
29 0 1 40,54 "29";
30 0 1 16,64 "30";
31 2 0 49,52 "31";
32 2 1 46,63 "32";
33 2 0 22,59 "33";
34 0 1 38,52 "34";
35 1 0 10,56 "35";
36 0 1 30,45 "36";
37 0 1 40,47 "37";
38 0 1 36,50 "38";
39 0 0 31,35 "39";
40 0 0 26,56 "40";
41 1 1 6,61 "41";
42 0 1 6,17 "42";
43 1 1 20,47 "43";
44 0 0 4,31 "44";
45 0 1 17,50 "45";
46 2 0 1,8 "46";
47 0 0 9,40 "47";
48 1 1 32,53 "48";
49 2 1 29,55 "49";
50 0 1 19,38 "50";
51 1 1 0,11 "51";
52 1 1 13,53 "52";
53 1 0 4,26 "53";
54 2 1 36,53 "54";
55 2 1 18,20 "55";
56 0 0 36,39 "56";
57 2 1 0,29 "57";
58 1 0 26,40 "58";
59 1 1 18,56 "59";
60 1 0 2,55 "60";
61 1 1 26,55 "61";
62 0 0 47,53 "62";
63 1 0 14,41 "63";
64 2 0 0,58 "64";
