parity 54;
0 2 1 2,31 "0";
1 0 0 9,15 "1";
2 1 1 13,40 "2";
3 1 1 41,49 "3";
4 0 0 2,33 "4";
5 1 1 1,36 "5";
6 0 1 21,49 "6";
7 0 0 14,48 "7";
8 2 1 38,53 "8";
9 0 1 10,30 "9";
10 2 1 3,9 "10";
11 0 1 21,37 "11";
12 2 0 6,25 "12";
13 1 0 32,33 "13";
14 2 0 8,42 "14";
15 1 1 3,6 "15";
16 1 1 21,33 "16";
17 2 0 36,42 "17";
18 1 1 9,37 "18";
19 1 0 32,52 "19";
20 2 1 32,47 "20";
21 0 0 13,31 "21";
22 1 1 11,14 "22";
23 2 1 5,19 "23";
24 2 1 3,19 "24";
25 2 0 21,41 "25";
26 1 0 11,52 "26";
27 1 0 7,35 "27";
28 1 0 6,53 "28";
29 2 0 0,17 "29";
30 0 1 12,28 "30";
31 0 0 17,32 "31";
32 0 1 26,33 "32";
33 2 1 20,39 "33";
34 0 0 11,49 "34";
35 1 1 0,4 "35";
36 2 1 11,17 "36";
37 1 1 4,45 "37";
38 1 0 27,54 "38";
39 0 1 49,53 "39";
40 1 1 5,11 "40";
41 1 1 12,22 "41";
42 0 1 33,43 "42";
43 0 1 4,33 "43";
44 0 0 16,36 "44";
45 1 0 6,22 "45";
46 1 0 12,25 "46";
47 2 1 11,33 "47";
48 2 0 1,46 "48";
49 2 1 26,32 "49";
50 1 0 14,27 "50";
51 1 1 37,48 "51";
52 1 1 14,25 "52";
53 2 1 10,45 "53";
54 0 1 33,39 "54";
