parity 84;
0 1 1 12,57 "0";
1 1 0 8,63 "1";
2 0 0 17,51 "2";
3 1 1 10,31 "3";
4 1 0 55,58 "4";
5 0 0 8,71 "5";
6 0 1 8,20 "6";
7 0 0 35,83 "7";
8 0 0 39,67 "8";
9 2 1 58,71 "9";
10 2 0 56,83 "10";
11 0 1 0,20 "11";
12 1 1 32,70 "12";
13 1 1 10,55 "13";
14 2 1 1,12 "14";
15 0 0 21,44 "15";
16 0 1 47,69 "16";
17 0 0 51,69 "17";
18 1 1 3,31 "18";
19 2 1 1,53 "19";
20 2 0 59,75 "20";
21 0 0 74,77 "21";
22 1 0 25,76 "22";
23 0 0 19,54 "23";
24 1 0 13,51 "24";
25 2 0 12,47 "25";
26 0 0 39,77 "26";
27 0 0 17,82 "27";
28 2 1 11,43 "28";
29 0 0 8,15 "29";
30 1 0 17,36 "30";
31 2 1 20,58 "31";
32 1 1 71,75 "32";
33 0 1 3,22 "33";
34 0 1 64,73 "34";
35 1 1 11,28 "35";
36 2 1 6,57 "36";
37 0 1 6,50 "37";
38 0 1 4,78 "38";
39 0 1 4,71 "39";
40 1 1 39,73 "40";
41 1 1 72,80 "41";
42 0 0 29,36 "42";
43 0 0 19,81 "43";
44 1 1 58,67 "44";
45 0 1 9,40 "45";
46 1 0 59,70 "46";
47 1 0 44,57 "47";
48 2 1 3,38 "48";
49 2 0 61,68 "49";
50 1 1 64,71 "50";
51 0 1 54,80 "51";
52 0 1 57,63 "52";
53 2 0 7,55 "53";
54 1 1 4,43 "54";
55 0 1 34,59 "55";
56 2 0 47,74 "56";
57 0 1 10,29 "57";
58 0 0 7,23 "58";
59 2 0 2,51 "59";
60 2 1 42,72 "60";
61 2 0 3,28 "61";
62 2 1 2,48 "62";
63 0 1 1,68 "63";
64 1 0 24,58 "64";
65 0 0 4,23 "65";
66 1 1 16,37 "66";
67 2 0 16,46 "67";
68 1 1 38,77 "68";
69 1 0 23,54 "69";
70 1 1 31,76 "70";
71 2 1 10,53 "71";
72 1 0 62,84 "72";
73 2 0 7,15 "73";
74 1 0 64,66 "74";
75 1 0 30,71 "75";
76 2 0 68,80 "76";
77 1 0 46,73 "77";
78 0 1 58,77 "78";
79 2 1 49,67 "79";
80 2 1 0,6 "80";
81 2 1 64,65 "81";
82 2 1 37,64 "82";
83 1 1 51,84 "83";
84 2 1 0,9 "84";
