parity 89;
0 1 0 16,60 "0";
1 2 1 41,76 "1";
2 2 0 32,34 "2";
3 0 1 15,23 "3";
4 0 0 28,50 "4";
5 1 1 11,37 "5";
6 2 0 21,39 "6";
7 1 1 39,41 "7";
8 0 0 18,77 "8";
9 0 1 15,24 "9";
10 2 0 33,80 "10";
11 1 0 51,73 "11";
12 1 0 39,69 "12";
13 1 0 45,72 "13";
14 1 0 8,34 "14";
15 2 0 33,43 "15";
16 2 1 33,57 "16";
17 1 0 21,26 "17";
18 1 1 2,51 "18";
19 1 0 37,63 "19";
20 0 1 55,59 "20";
21 2 1 8,82 "21";
22 2 0 34,51 "22";
23 2 0 6,56 "23";
24 1 1 16,88 "24";
25 1 1 5,78 "25";
26 0 0 15,44 "26";
27 1 1 40,58 "27";
28 1 1 11,87 "28";
29 0 1 15,50 "29";
30 1 0 6,61 "30";
31 2 1 12,61 "31";
32 1 1 56,67 "32";
33 0 0 0,25 "33";
34 1 1 17,57 "34";
35 1 0 48,66 "35";
36 2 0 21,84 "36";
37 0 1 47,88 "37";
38 0 0 27,34 "38";
39 2 1 21,60 "39";
40 1 0 34,72 "40";
41 1 0 7,52 "41";
42 2 1 58,82 "42";
43 2 1 42,47 "43";
44 0 1 1,61 "44";
45 0 0 19,68 "45";
46 0 0 42,82 "46";
47 2 0 33,42 "47";
48 2 1 36,57 "48";
49 2 1 19,44 "49";
50 0 0 22,64 "50";
51 2 1 76,82 "51";
52 2 0 42,63 "52";
53 0 0 15,34 "53";
54 0 0 11,83 "54";
55 1 0 14,21 "55";
56 2 0 30,83 "56";
57 2 0 17,30 "57";
58 0 0 6,60 "58";
59 1 0 14,83 "59";
60 0 0 63,65 "60";
61 0 0 2,76 "61";
62 2 0 54,78 "62";
63 0 1 3,73 "63";
64 1 0 26,36 "64";
65 0 0 67,76 "65";
66 0 0 11,79 "66";
67 1 0 58,85 "67";
68 2 0 17,32 "68";
69 1 1 21,70 "69";
70 0 1 16,41 "70";
71 0 0 17,41 "71";
72 2 1 10,30 "72";
73 2 1 24,62 "73";
74 1 0 31,35 "74";
75 0 1 15,86 "75";
76 2 0 34,70 "76";
77 1 0 2,7 "77";
78 2 1 5,31 "78";
79 2 0 16,23 "79";
80 2 1 49,86 "80";
81 2 0 45,69 "81";
82 2 0 40,54 "82";
83 1 1 48,64 "83";
84 2 0 36,88 "84";
85 0 0 50,78 "85";
86 1 1 8,74 "86";
87 1 0 48,80 "87";
88 2 1 24,79 "88";
89 2 0 69,86 "89";
