parity 64;
0 0 0 13,30 "0";
1 1 0 25,43 "1";
2 1 0 31,60 "2";
3 2 1 23,35 "3";
4 2 1 31,35 "4";
5 1 0 1,24 "5";
6 1 0 8,43 "6";
7 2 1 51,52 "7";
8 0 0 7,13 "8";
9 0 1 37,39 "9";
10 0 0 12,15 "10";
11 1 0 35,40 "11";
12 1 0 18,21 "12";
13 1 1 46,61 "13";
14 0 1 22,46 "14";
15 1 0 4,8 "15";
16 0 1 5,13 "16";
17 1 0 45,64 "17";
18 0 1 4,39 "18";
19 2 0 2,4 "19";
20 1 0 9,58 "20";
21 2 0 20,60 "21";
22 2 0 11,41 "22";
23 2 0 3,18 "23";
24 2 0 19,33 "24";
25 1 1 11,47 "25";
26 2 1 13,59 "26";
27 1 0 6,11 "27";
28 1 0 23,56 "28";
29 2 1 7,23 "29";
30 1 1 14,35 "30";
31 1 1 3,20 "31";
32 0 1 13,42 "32";
33 2 0 36,50 "33";
34 2 0 41,44 "34";
35 2 0 13,42 "35";
36 0 0 20,60 "36";
37 0 1 15,32 "37";
38 1 1 43,48 "38";
39 1 0 26,58 "39";
40 1 0 12,50 "40";
41 0 1 42,48 "41";
42 1 1 16,24 "42";
43 1 0 26,29 "43";
44 2 1 12,27 "44";
45 0 0 32,60 "45";
46 2 0 30,53 "46";
47 2 1 36,55 "47";
48 1 0 47,49 "48";
49 2 1 1,9 "49";
50 1 1 18,38 "50";
51 2 1 29,43 "51";
52 1 1 12,21 "52";
53 1 1 1,14 "53";
54 1 0 12,26 "54";
55 1 1 1,28 "55";
56 2 1 46,51 "56";
57 1 0 17,55 "57";
58 0 1 34,57 "58";
59 2 1 41,49 "59";
60 1 1 15,34 "60";
61 0 0 18,39 "61";
62 0 0 0,26 "62";
63 2 0 2,61 "63";
64 1 0 3,47 "64";
