parity 64;
0 0 0 19,31 "0";
1 0 1 46,50 "1";
2 2 0 13,39 "2";
3 0 1 17,33 "3";
4 2 1 9,33 "4";
5 2 1 23,36 "5";
6 1 1 31,39 "6";
7 0 0 13,24 "7";
8 0 1 25,35 "8";
9 2 1 43,47 "9";
10 2 1 19,41 "10";
11 2 1 40,64 "11";
12 1 0 23,45 "12";
13 0 0 42,50 "13";
14 2 1 0,33 "14";
15 1 0 10,56 "15";
16 2 0 40,42 "16";
17 2 0 6,61 "17";
18 0 0 1,29 "18";
19 2 0 1,7 "19";
20 0 0 13,26 "20";
21 1 0 30,60 "21";
22 0 1 25,40 "22";
23 0 0 18,22 "23";
24 1 1 12,29 "24";
25 2 1 6,63 "25";
26 0 0 34,54 "26";
27 2 1 35,42 "27";
28 2 1 7,31 "28";
29 2 0 21,54 "29";
30 2 0 28,36 "30";
31 2 1 10,64 "31";
32 1 0 18,50 "32";
33 0 1 15,58 "33";
34 1 1 21,25 "34";
35 1 1 1,5 "35";
36 0 1 41,51 "36";
37 2 1 32,64 "37";
38 2 0 19,26 "38";
39 0 0 21,40 "39";
40 0 0 10,43 "40";
41 2 0 1,32 "41";
42 2 1 51,61 "42";
43 1 0 16,46 "43";
44 2 0 33,40 "44";
45 1 0 33,63 "45";
46 0 0 10,35 "46";
47 2 1 38,41 "47";
48 1 0 19,37 "48";
49 0 1 55,64 "49";
50 1 0 2,55 "50";
51 1 0 11,46 "51";
52 1 1 2,13 "52";
53 0 0 34,40 "53";
54 1 0 51,58 "54";
55 2 0 5,31 "55";
56 1 0 0,60 "56";
57 1 0 9,55 "57";
58 2 0 22,53 "58";
59 1 0 13,58 "59";
60 2 0 2,56 "60";
61 0 1 39,59 "61";
62 0 1 5,17 "62";
63 1 0 1,11 "63";
64 2 0 33,57 "64";
