parity 49;
0 1 0 16,26 "0";
1 0 1 18,34 "1";
2 1 1 22,24 "2";
3 0 1 11,41 "3";
4 1 0 6,34 "4";
5 2 1 12,45 "5";
6 2 1 20,24 "6";
7 1 1 30,33 "7";
8 1 0 21,34 "8";
9 2 0 17,32 "9";
10 0 0 11,37 "10";
11 1 1 10,37 "11";
12 0 1 36,40 "12";
13 0 0 2,36 "13";
14 0 1 43,45 "14";
15 1 0 4,37 "15";
16 0 1 8,15 "16";
17 0 1 3,10 "17";
18 2 0 5,39 "18";
19 2 0 6,8 "19";
20 1 0 11,32 "20";
21 2 1 14,17 "21";
22 1 1 2,29 "22";
23 1 0 13,24 "23";
24 1 1 23,37 "24";
25 1 1 34,38 "25";
26 0 1 17,27 "26";
27 2 1 10,32 "27";
28 1 1 11,21 "28";
29 2 0 16,19 "29";
30 2 1 33,43 "30";
31 1 1 32,34 "31";
32 0 0 18,24 "32";
33 0 1 12,14 "33";
34 1 0 26,35 "34";
35 0 1 10,24 "35";
36 2 0 17,45 "36";
37 1 0 33,39 "37";
38 2 0 9,33 "38";
39 0 1 33,47 "39";
40 0 1 9,29 "40";
41 2 0 3,46 "41";
42 1 0 8,27 "42";
43 0 1 36,46 "43";
44 0 1 12,22 "44";
45 2 1 14,46 "45";
46 1 1 32,39 "46";
47 0 1 27,46 "47";
48 1 0 4,26 "48";
49 2 0 4,21 "49";
