parity 74;
0 0 1 3,26 "0";
1 0 0 50,58 "1";
2 1 1 44,55 "2";
3 0 0 16,26 "3";
4 0 0 10,69 "4";
5 0 0 18,20 "5";
6 2 1 45,71 "6";
7 1 0 41,56 "7";
8 0 1 19,31 "8";
9 2 1 24,35 "9";
10 1 0 15,44 "10";
11 0 1 20,55 "11";
12 0 1 3,29 "12";
13 2 0 12,15 "13";
14 2 0 54,58 "14";
15 0 0 9,21 "15";
16 1 1 33,50 "16";
17 2 1 42,65 "17";
18 0 1 20,51 "18";
19 2 0 17,33 "19";
20 0 1 41,73 "20";
21 0 1 41,53 "21";
22 2 0 7,69 "22";
23 2 1 17,30 "23";
24 2 1 8,33 "24";
25 2 0 15,72 "25";
26 2 1 42,53 "26";
27 2 0 15,66 "27";
28 0 0 14,50 "28";
29 0 0 4,65 "29";
30 0 0 23,41 "30";
31 2 1 5,16 "31";
32 2 0 11,25 "32";
33 0 0 1,34 "33";
34 2 1 18,24 "34";
35 2 1 13,58 "35";
36 2 1 12,45 "36";
37 2 0 39,68 "37";
38 0 1 7,29 "38";
39 1 1 14,74 "39";
40 0 1 14,34 "40";
41 2 1 2,15 "41";
42 1 0 40,69 "42";
43 1 0 41,60 "43";
44 0 1 29,48 "44";
45 2 0 37,53 "45";
46 0 0 47,52 "46";
47 1 0 14,52 "47";
48 2 1 7,54 "48";
49 2 0 25,67 "49";
50 0 1 37,65 "50";
51 2 1 35,67 "51";
52 1 1 55,58 "52";
53 1 1 9,14 "53";
54 0 0 11,49 "54";
55 2 0 14,47 "55";
56 0 1 16,28 "56";
57 1 0 0,41 "57";
58 1 0 12,70 "58";
59 2 1 66,69 "59";
60 1 1 3,73 "60";
61 1 1 51,70 "61";
62 2 1 8,48 "62";
63 1 0 23,60 "63";
64 2 1 21,68 "64";
65 1 0 42,51 "65";
66 2 0 36,71 "66";
67 2 0 14,21 "67";
68 2 1 47,70 "68";
69 0 1 54,74 "69";
70 1 1 50,67 "70";
71 0 1 9,46 "71";
72 0 1 31,48 "72";
73 0 0 20,51 "73";
74 0 0 10,28 "74";
