parity 54;
0 1 1 10,20 "0";
1 2 1 7,46 "1";
2 2 0 26,36 "2";
3 2 0 18,20 "3";
4 0 1 47,53 "4";
5 1 1 32,50 "5";
6 0 0 30,32 "6";
7 2 0 0,16 "7";
8 0 1 33,53 "8";
9 2 0 12,25 "9";
10 1 1 8,41 "10";
11 0 0 7,51 "11";
12 1 1 22,34 "12";
13 1 0 42,49 "13";
14 1 0 13,44 "14";
15 0 0 24,34 "15";
16 2 1 20,30 "16";
17 0 1 26,54 "17";
18 2 1 8,48 "18";
19 1 0 8,31 "19";
20 2 0 0,28 "20";
21 0 1 9,33 "21";
22 1 0 16,26 "22";
23 2 0 9,12 "23";
24 0 1 13,51 "24";
25 1 1 5,17 "25";
26 1 0 18,22 "26";
27 0 1 4,14 "27";
28 2 0 32,45 "28";
29 0 0 20,38 "29";
30 2 1 38,53 "30";
31 0 0 14,34 "31";
32 2 0 6,28 "32";
33 0 0 40,46 "33";
34 0 0 31,54 "34";
35 0 1 32,38 "35";
36 1 0 3,12 "36";
37 0 0 25,36 "37";
38 0 0 19,33 "38";
39 0 0 17,23 "39";
40 2 1 4,53 "40";
41 0 0 20,31 "41";
42 1 1 40,45 "42";
43 2 1 6,54 "43";
44 0 0 18,40 "44";
45 1 1 5,38 "45";
46 1 1 1,37 "46";
47 0 0 6,51 "47";
48 2 0 5,39 "48";
49 0 0 27,42 "49";
50 1 0 35,44 "50";
51 2 0 12,20 "51";
52 1 1 37,50 "52";
53 1 0 8,13 "53";
54 1 1 7,21 "54";
