parity 74;
0 0 1 30,54 "0";
1 1 1 2,47 "1";
2 2 1 30,32 "2";
3 2 1 4,14 "3";
4 2 0 3,48 "4";
5 1 1 48,52 "5";
6 0 1 3,42 "6";
7 1 1 0,11 "7";
8 2 1 33,56 "8";
9 2 0 28,67 "9";
10 1 0 33,62 "10";
11 0 1 49,73 "11";
12 1 0 34,47 "12";
13 2 1 30,56 "13";
14 1 1 37,45 "14";
15 1 0 4,67 "15";
16 2 0 30,36 "16";
17 2 0 52,74 "17";
18 1 1 48,56 "18";
19 1 1 36,64 "19";
20 0 1 32,37 "20";
21 2 0 37,72 "21";
22 2 0 28,37 "22";
23 0 0 15,26 "23";
24 1 1 68,70 "24";
25 2 1 26,35 "25";
26 1 0 23,66 "26";
27 1 1 23,54 "27";
28 2 1 5,51 "28";
29 0 1 11,71 "29";
30 1 0 29,72 "30";
31 0 1 46,70 "31";
32 2 1 19,57 "32";
33 2 1 6,74 "33";
34 2 1 0,21 "34";
35 0 0 6,9 "35";
36 1 1 14,60 "36";
37 0 0 6,62 "37";
38 0 0 5,20 "38";
39 2 1 4,57 "39";
40 2 1 8,61 "40";
41 1 1 29,66 "41";
42 0 0 46,73 "42";
43 2 0 17,30 "43";
44 2 0 17,68 "44";
45 0 1 56,57 "45";
46 2 0 56,59 "46";
47 2 0 11,72 "47";
48 2 1 51,60 "48";
49 2 1 3,27 "49";
50 1 1 21,72 "50";
51 1 1 49,57 "51";
52 1 1 3,11 "52";
53 2 1 27,49 "53";
54 0 0 10,69 "54";
55 0 1 20,61 "55";
56 1 1 3,54 "56";
57 1 0 25,41 "57";
58 1 1 7,11 "58";
59 0 0 2,5 "59";
60 0 1 36,61 "60";
61 2 0 46,49 "61";
62 2 0 35,63 "62";
63 1 0 9,44 "63";
64 2 1 5,51 "64";
65 1 1 16,62 "65";
66 2 0 0,7 "66";
67 0 0 41,50 "67";
68 1 0 13,48 "68";
69 2 1 8,45 "69";
70 0 1 9,33 "70";
71 2 1 15,53 "71";
72 0 0 7,49 "72";
73 2 0 6,12 "73";
74 0 1 9,51 "74";
