parity 29;
0 0 0 20,28 "0";
1 0 0 4,15 "1";
2 1 0 25,28 "2";
3 1 1 20,24 "3";
4 0 0 7,21 "4";
5 1 1 4,29 "5";
6 2 0 16,22 "6";
7 0 0 8,9 "7";
8 0 0 3,22 "8";
9 2 0 5,19 "9";
10 0 1 3,19 "10";
11 2 0 25,27 "11";
12 0 0 0,6 "12";
13 0 1 3,27 "13";
14 2 0 6,16 "14";
15 1 1 24,27 "15";
16 1 0 13,15 "16";
17 2 1 16,21 "17";
18 0 0 12,19 "18";
19 2 1 0,2 "19";
20 2 0 19,26 "20";
21 1 0 0,3 "21";
22 0 1 3,17 "22";
23 1 0 11,12 "23";
24 0 1 10,21 "24";
25 2 0 7,23 "25";
26 2 0 5,20 "26";
27 2 0 9,16 "27";
28 2 0 8,25 "28";
29 0 1 15,23 "29";
