parity 69;
0 0 0 62,66 "0";
1 2 1 13,27 "1";
2 0 1 30,50 "2";
3 1 0 1,4 "3";
4 0 1 31,68 "4";
5 1 1 17,22 "5";
6 2 0 15,46 "6";
7 2 1 21,44 "7";
8 1 1 29,42 "8";
9 2 1 43,63 "9";
10 0 0 9,21 "10";
11 2 0 17,37 "11";
12 0 1 21,45 "12";
13 1 1 27,50 "13";
14 0 0 47,65 "14";
15 0 0 8,25 "15";
16 0 0 36,49 "16";
17 0 0 11,26 "17";
18 2 0 45,69 "18";
19 1 1 8,15 "19";
20 1 1 57,67 "20";
21 2 0 18,34 "21";
22 2 1 17,69 "22";
23 2 0 7,69 "23";
24 2 1 30,56 "24";
25 1 0 27,62 "25";
26 0 0 9,20 "26";
27 1 0 23,59 "27";
28 2 1 29,35 "28";
29 1 1 56,63 "29";
30 1 0 41,68 "30";
31 0 1 14,30 "31";
32 2 1 2,53 "32";
33 0 0 26,67 "33";
34 0 0 21,38 "34";
35 2 0 22,67 "35";
36 2 0 32,68 "36";
37 1 0 39,54 "37";
38 0 1 52,61 "38";
39 0 1 25,56 "39";
40 0 1 8,42 "40";
41 0 0 37,65 "41";
42 0 1 12,35 "42";
43 0 1 39,56 "43";
44 1 1 9,47 "44";
45 1 1 22,31 "45";
46 1 0 63,65 "46";
47 1 1 1,15 "47";
48 1 0 8,61 "48";
49 0 0 50,61 "49";
50 1 0 2,21 "50";
51 1 1 42,50 "51";
52 2 0 54,60 "52";
53 2 0 8,31 "53";
54 1 1 34,62 "54";
55 0 0 0,22 "55";
56 0 1 28,47 "56";
57 1 0 17,48 "57";
58 1 1 7,60 "58";
59 2 0 13,17 "59";
60 1 0 45,67 "60";
61 1 0 23,45 "61";
62 2 1 2,28 "62";
63 2 1 7,60 "63";
64 2 0 32,42 "64";
65 2 1 42,48 "65";
66 2 1 1,57 "66";
67 1 0 17,27 "67";
68 2 0 6,69 "68";
69 0 0 49,56 "69";
