parity 69;
0 2 0 18,23 "0";
1 1 1 24,38 "1";
2 0 1 54,63 "2";
3 2 0 11,52 "3";
4 1 0 41,50 "4";
5 2 1 42,68 "5";
6 2 1 11,41 "6";
7 2 0 34,49 "7";
8 1 0 12,24 "8";
9 1 1 35,37 "9";
10 0 1 41,51 "10";
11 0 1 20,24 "11";
12 0 1 11,47 "12";
13 0 0 23,58 "13";
14 2 0 63,67 "14";
15 1 0 16,51 "15";
16 2 1 27,43 "16";
17 0 0 9,38 "17";
18 0 1 25,56 "18";
19 1 0 14,69 "19";
20 2 0 17,34 "20";
21 2 0 22,46 "21";
22 0 1 34,66 "22";
23 1 1 25,48 "23";
24 0 0 8,47 "24";
25 0 0 0,47 "25";
26 2 0 10,38 "26";
27 1 0 6,31 "27";
28 1 0 1,2 "28";
29 0 1 6,40 "29";
30 1 0 7,61 "30";
31 1 0 13,17 "31";
32 1 0 0,37 "32";
33 0 1 25,48 "33";
34 2 0 25,68 "34";
35 1 0 51,65 "35";
36 1 1 7,34 "36";
37 2 1 20,54 "37";
38 2 1 6,29 "38";
39 1 1 35,49 "39";
40 1 0 4,22 "40";
41 1 0 14,60 "41";
42 2 1 47,53 "42";
43 0 0 56,67 "43";
44 1 1 58,61 "44";
45 1 1 33,66 "45";
46 2 0 7,48 "46";
47 1 1 16,26 "47";
48 1 1 35,54 "48";
49 2 0 7,45 "49";
50 1 0 42,57 "50";
51 2 0 3,38 "51";
52 1 1 9,37 "52";
53 0 0 6,68 "53";
54 0 1 43,50 "54";
55 0 0 5,34 "55";
56 2 1 24,57 "56";
57 1 1 10,18 "57";
58 1 1 25,39 "58";
59 0 1 45,53 "59";
60 0 1 1,57 "60";
61 2 1 16,52 "61";
62 0 1 48,67 "62";
63 1 1 53,56 "63";
64 2 0 23,33 "64";
65 2 0 27,43 "65";
66 1 0 11,35 "66";
67 2 0 3,43 "67";
68 1 0 2,59 "68";
69 1 0 4,26 "69";
