parity 34;
0 0 1 2,29 "0";
1 2 1 3,22 "1";
2 2 0 23,27 "2";
3 0 0 18,31 "3";
4 0 1 7,32 "4";
5 0 1 8,33 "5";
6 2 1 12,30 "6";
7 2 0 17,21 "7";
8 0 1 12,18 "8";
9 1 0 5,23 "9";
10 1 0 28,34 "10";
11 0 0 7,25 "11";
12 1 0 9,14 "12";
13 2 1 8,33 "13";
14 2 0 7,8 "14";
15 2 1 2,12 "15";
16 2 1 18,31 "16";
17 1 0 1,19 "17";
18 1 1 28,32 "18";
19 0 1 13,22 "19";
20 2 0 15,30 "20";
21 1 0 4,19 "21";
22 2 1 13,26 "22";
23 2 1 13,27 "23";
24 1 0 0,6 "24";
25 0 1 22,29 "25";
26 2 0 16,24 "26";
27 1 1 13,15 "27";
28 0 1 19,31 "28";
29 2 0 18,33 "29";
30 0 0 9,13 "30";
31 0 1 10,17 "31";
32 2 0 12,27 "32";
33 2 1 3,20 "33";
34 1 1 29,32 "34";
