parity 49;
0 1 1 44,46 "0";
1 0 0 6,12 "1";
2 1 0 4,49 "2";
3 1 0 5,40 "3";
4 0 0 11,29 "4";
5 1 0 21,26 "5";
6 0 0 39,44 "6";
7 0 0 29,47 "7";
8 1 0 2,41 "8";
9 2 1 27,41 "9";
10 2 1 28,44 "10";
11 0 1 31,49 "11";
12 0 0 6,49 "12";
13 2 1 16,29 "13";
14 2 1 1,26 "14";
15 1 0 34,42 "15";
16 0 0 13,37 "16";
17 1 1 4,24 "17";
18 0 1 34,37 "18";
19 0 1 7,40 "19";
20 2 1 28,30 "20";
21 0 0 11,19 "21";
22 2 0 12,14 "22";
23 2 0 9,22 "23";
24 2 0 39,46 "24";
25 2 1 15,27 "25";
26 2 1 13,29 "26";
27 0 0 39,48 "27";
28 1 1 6,18 "28";
29 1 0 16,30 "29";
30 2 1 10,13 "30";
31 2 0 22,38 "31";
32 1 1 41,47 "32";
33 0 0 2,15 "33";
34 1 1 11,16 "34";
35 2 0 12,40 "35";
36 1 1 9,30 "36";
37 0 1 19,49 "37";
38 0 1 22,23 "38";
39 2 1 15,22 "39";
40 0 1 27,30 "40";
41 0 1 2,20 "41";
42 0 1 1,18 "42";
43 2 0 28,41 "43";
44 1 0 8,13 "44";
45 1 0 15,33 "45";
46 0 1 15,42 "46";
47 2 1 10,29 "47";
48 0 0 4,37 "48";
49 0 1 0,15 "49";
