parity 34;
0 1 1 7,25 "0";
1 1 0 9,12 "1";
2 2 1 15,34 "2";
3 1 0 14,22 "3";
4 0 1 21,26 "4";
5 1 1 4,31 "5";
6 1 1 3,26 "6";
7 2 0 3,14 "7";
8 0 1 17,18 "8";
9 2 1 1,6 "9";
10 0 1 0,34 "10";
11 2 0 20,26 "11";
12 1 1 14,22 "12";
13 1 0 10,18 "13";
14 2 1 23,30 "14";
15 0 1 20,27 "15";
16 1 1 4,27 "16";
17 0 0 15,25 "17";
18 1 1 6,33 "18";
19 2 0 26,27 "19";
20 1 1 24,29 "20";
21 0 1 14,18 "21";
22 1 0 11,21 "22";
23 0 0 2,20 "23";
24 0 1 1,23 "24";
25 2 0 14,20 "25";
26 2 0 5,19 "26";
27 2 1 17,28 "27";
28 2 1 1,11 "28";
29 2 0 16,17 "29";
30 2 1 3,27 "30";
31 2 0 3,7 "31";
32 2 1 2,22 "32";
33 2 1 4,26 "33";
34 1 1 11,19 "34";
