parity 84;
0 1 1 39,61 "0";
1 0 1 18,54 "1";
2 0 0 28,71 "2";
3 2 0 31,38 "3";
4 2 1 60,79 "4";
5 0 0 20,53 "5";
6 1 0 30,62 "6";
7 2 0 58,77 "7";
8 1 1 23,75 "8";
9 0 0 28,43 "9";
10 1 0 69,72 "10";
11 1 0 6,13 "11";
12 0 0 6,49 "12";
13 2 1 1,75 "13";
14 1 0 12,41 "14";
15 1 1 18,23 "15";
16 2 1 6,17 "16";
17 0 0 72,83 "17";
18 1 1 70,84 "18";
19 0 0 46,65 "19";
20 0 1 30,68 "20";
21 2 0 6,32 "21";
22 1 0 41,66 "22";
23 0 1 4,54 "23";
24 0 0 55,72 "24";
25 1 0 17,63 "25";
26 1 1 12,48 "26";
27 2 0 59,81 "27";
28 0 1 15,73 "28";
29 1 0 52,56 "29";
30 1 0 11,79 "30";
31 1 1 4,39 "31";
32 2 1 18,66 "32";
33 1 1 40,73 "33";
34 2 1 42,64 "34";
35 1 0 1,23 "35";
36 1 1 28,48 "36";
37 0 1 0,45 "37";
38 0 0 20,57 "38";
39 0 0 12,20 "39";
40 0 1 9,33 "40";
41 1 0 10,61 "41";
42 2 0 35,52 "42";
43 0 1 62,80 "43";
44 1 1 11,57 "44";
45 2 1 23,76 "45";
46 2 1 33,34 "46";
47 0 1 38,40 "47";
48 0 0 66,80 "48";
49 1 0 15,76 "49";
50 2 0 15,76 "50";
51 2 0 73,77 "51";
52 1 0 2,10 "52";
53 1 0 6,69 "53";
54 2 1 43,68 "54";
55 2 0 20,46 "55";
56 1 0 6,46 "56";
57 1 1 66,83 "57";
58 1 1 0,5 "58";
59 2 1 17,23 "59";
60 1 1 68,83 "60";
61 2 0 41,55 "61";
62 0 0 37,38 "62";
63 2 0 7,54 "63";
64 0 0 27,54 "64";
65 2 0 20,38 "65";
66 1 0 10,30 "66";
67 1 0 1,48 "67";
68 1 1 12,20 "68";
69 1 1 53,84 "69";
70 2 1 9,77 "70";
71 1 1 35,54 "71";
72 0 1 62,65 "72";
73 2 1 78,83 "73";
74 2 1 19,80 "74";
75 2 1 52,53 "75";
76 0 0 55,73 "76";
77 2 0 41,43 "77";
78 0 1 0,70 "78";
79 1 1 7,57 "79";
80 1 0 4,9 "80";
81 1 1 49,62 "81";
82 2 1 67,84 "82";
83 2 0 13,66 "83";
84 1 0 32,82 "84";
