parity 94;
0 2 0 1,85 "0";
1 1 1 54,93 "1";
2 0 0 19,24 "2";
3 0 1 19,21 "3";
4 1 1 6,15 "4";
5 0 0 38,77 "5";
6 0 1 23,63 "6";
7 2 1 71,88 "7";
8 0 0 14,59 "8";
9 0 0 13,85 "9";
10 2 1 23,66 "10";
11 1 1 15,29 "11";
12 2 0 17,22 "12";
13 1 0 10,15 "13";
14 2 1 72,77 "14";
15 1 1 17,37 "15";
16 1 1 46,47 "16";
17 1 0 27,76 "17";
18 1 0 20,88 "18";
19 2 1 26,87 "19";
20 0 1 15,62 "20";
21 1 0 15,59 "21";
22 1 1 2,74 "22";
23 2 0 47,58 "23";
24 2 0 26,31 "24";
25 0 0 0,69 "25";
26 1 0 32,57 "26";
27 2 1 53,62 "27";
28 2 0 7,78 "28";
29 0 0 40,50 "29";
30 1 0 51,71 "30";
31 1 0 35,61 "31";
32 0 0 18,51 "32";
33 0 0 30,47 "33";
34 2 0 53,89 "34";
35 1 1 39,70 "35";
36 2 0 43,88 "36";
37 1 0 65,90 "37";
38 1 1 15,93 "38";
39 2 1 1,28 "39";
40 0 1 43,76 "40";
41 0 0 51,90 "41";
42 1 0 25,54 "42";
43 1 0 13,79 "43";
44 2 0 28,60 "44";
45 0 1 54,87 "45";
46 1 1 49,89 "46";
47 0 0 32,93 "47";
48 0 0 11,91 "48";
49 0 0 40,94 "49";
50 2 0 16,86 "50";
51 2 0 34,80 "51";
52 2 0 40,83 "52";
53 1 1 23,86 "53";
54 1 1 23,62 "54";
55 0 1 8,69 "55";
56 0 0 70,85 "56";
57 2 1 33,38 "57";
58 0 1 36,38 "58";
59 2 0 18,31 "59";
60 2 1 26,59 "60";
61 1 1 10,93 "61";
62 0 1 23,76 "62";
63 1 1 24,62 "63";
64 0 0 26,86 "64";
65 1 0 53,94 "65";
66 1 0 0,43 "66";
67 1 0 74,80 "67";
68 2 1 13,49 "68";
69 2 1 4,43 "69";
70 0 0 9,33 "70";
71 0 0 42,58 "71";
72 0 1 29,41 "72";
73 2 1 3,79 "73";
74 1 0 43,73 "74";
75 2 1 67,76 "75";
76 0 1 23,86 "76";
77 2 0 16,43 "77";
78 1 0 14,38 "78";
79 0 0 19,92 "79";
80 2 1 47,64 "80";
81 2 0 66,85 "81";
82 1 0 17,80 "82";
83 1 0 55,67 "83";
84 1 1 28,41 "84";
85 2 1 66,92 "85";
86 0 0 37,39 "86";
87 0 1 2,58 "87";
88 0 1 58,89 "88";
89 0 0 76,81 "89";
90 1 0 24,94 "90";
91 2 0 19,21 "91";
92 1 1 27,74 "92";
93 0 0 80,82 "93";
94 0 0 24,50 "94";
