parity 39;
0 2 0 24,25 "0";
1 1 0 2,35 "1";
2 0 1 13,32 "2";
3 0 0 16,38 "3";
4 2 1 11,29 "4";
5 1 0 14,35 "5";
6 1 0 18,28 "6";
7 2 1 3,32 "7";
8 2 0 2,33 "8";
9 1 0 10,16 "9";
10 0 1 18,39 "10";
11 0 1 27,35 "11";
12 2 1 17,23 "12";
13 1 1 16,33 "13";
14 0 0 2,9 "14";
15 1 0 10,26 "15";
16 2 1 0,26 "16";
17 1 0 21,26 "17";
18 2 0 16,37 "18";
19 0 1 3,29 "19";
20 0 0 11,15 "20";
21 2 1 3,10 "21";
22 0 1 8,21 "22";
23 2 1 6,16 "23";
24 2 1 20,27 "24";
25 1 1 28,37 "25";
26 0 1 8,10 "26";
27 2 0 3,35 "27";
28 1 0 29,30 "28";
29 1 1 25,32 "29";
30 0 1 16,29 "30";
31 1 1 8,35 "31";
32 0 1 2,19 "32";
33 1 0 10,16 "33";
34 1 1 5,26 "34";
35 1 1 5,16 "35";
36 2 1 21,26 "36";
37 2 1 11,15 "37";
38 2 0 13,20 "38";
39 1 1 8,37 "39";
