parity 54;
0 2 0 8,37 "0";
1 2 1 5,36 "1";
2 1 0 30,51 "2";
3 2 0 41,50 "3";
4 2 1 13,44 "4";
5 0 0 17,41 "5";
6 1 1 15,39 "6";
7 0 1 11,40 "7";
8 0 0 45,48 "8";
9 1 0 10,46 "9";
10 2 1 16,31 "10";
11 0 0 20,41 "11";
12 2 1 24,43 "12";
13 0 0 5,7 "13";
14 2 0 19,43 "14";
15 0 1 19,21 "15";
16 0 1 8,19 "16";
17 1 0 10,51 "17";
18 1 0 8,12 "18";
19 2 1 12,45 "19";
20 1 0 28,44 "20";
21 1 0 37,49 "21";
22 2 0 40,49 "22";
23 1 1 14,24 "23";
24 1 1 31,35 "24";
25 0 0 5,33 "25";
26 0 0 8,32 "26";
27 2 0 0,35 "27";
28 1 0 9,53 "28";
29 1 0 39,48 "29";
30 1 1 22,44 "30";
31 2 0 1,34 "31";
32 1 1 21,42 "32";
33 1 0 5,45 "33";
34 2 1 23,28 "34";
35 0 0 18,50 "35";
36 1 1 16,45 "36";
37 2 1 9,38 "37";
38 1 0 1,22 "38";
39 1 1 3,32 "39";
40 2 1 4,37 "40";
41 0 1 32,38 "41";
42 0 1 38,46 "42";
43 1 0 7,24 "43";
44 0 1 19,46 "44";
45 2 1 17,47 "45";
46 2 0 38,52 "46";
47 1 1 41,50 "47";
48 1 1 16,36 "48";
49 0 1 40,45 "49";
50 1 1 30,39 "50";
51 1 1 5,29 "51";
52 2 0 48,51 "52";
53 2 0 26,33 "53";
54 1 0 19,22 "54";
