parity 64;
0 2 1 34,64 "0";
1 0 0 36,58 "1";
2 2 0 35,38 "2";
3 0 0 21,47 "3";
4 1 0 7,10 "4";
5 0 0 24,46 "5";
6 0 0 4,43 "6";
7 0 0 10,31 "7";
8 0 0 1,61 "8";
9 1 1 40,56 "9";
10 1 1 6,12 "10";
11 0 0 47,58 "11";
12 2 0 2,62 "12";
13 2 1 0,49 "13";
14 2 0 22,62 "14";
15 2 1 41,61 "15";
16 1 1 5,51 "16";
17 0 0 3,26 "17";
18 0 0 11,30 "18";
19 0 1 44,45 "19";
20 0 0 13,37 "20";
21 2 1 41,52 "21";
22 0 1 7,62 "22";
23 2 0 52,64 "23";
24 0 1 29,34 "24";
25 0 1 0,48 "25";
26 2 0 9,63 "26";
27 1 0 5,28 "27";
28 2 1 31,47 "28";
29 0 0 41,63 "29";
30 2 0 7,12 "30";
31 2 0 8,19 "31";
32 2 0 48,53 "32";
33 0 0 2,64 "33";
34 1 0 45,58 "34";
35 1 1 4,44 "35";
36 2 1 0,8 "36";
37 2 0 16,47 "37";
38 0 1 13,47 "38";
39 2 1 14,30 "39";
40 2 1 11,55 "40";
41 2 0 5,54 "41";
42 0 1 14,18 "42";
43 1 0 29,42 "43";
44 1 1 47,62 "44";
45 1 0 54,59 "45";
46 0 0 15,56 "46";
47 1 0 12,42 "47";
48 0 1 29,32 "48";
49 0 0 44,56 "49";
50 0 1 25,45 "50";
51 0 0 20,44 "51";
52 0 1 43,51 "52";
53 2 0 37,60 "53";
54 1 0 16,61 "54";
55 1 1 26,46 "55";
56 1 1 32,39 "56";
57 2 1 29,36 "57";
58 0 0 38,63 "58";
59 0 1 2,35 "59";
60 1 1 6,53 "60";
61 1 1 6,27 "61";
62 1 0 11,40 "62";
63 2 0 8,41 "63";
64 2 1 32,48 "64";
