parity 79;
0 2 1 45,55 "0";
1 1 0 2,26 "1";
2 2 0 67,78 "2";
3 1 0 39,53 "3";
4 0 0 11,41 "4";
5 1 0 7,55 "5";
6 1 0 37,51 "6";
7 2 0 1,18 "7";
8 0 1 24,35 "8";
9 0 1 26,74 "9";
10 0 1 11,60 "10";
11 1 1 12,35 "11";
12 2 0 37,52 "12";
13 2 1 4,21 "13";
14 2 1 51,76 "14";
15 1 0 43,66 "15";
16 2 0 17,75 "16";
17 1 1 26,63 "17";
18 0 0 38,62 "18";
19 2 1 67,69 "19";
20 0 1 45,47 "20";
21 2 1 37,53 "21";
22 0 1 29,67 "22";
23 1 1 34,77 "23";
24 2 0 0,23 "24";
25 0 1 8,79 "25";
26 1 0 18,33 "26";
27 2 0 3,49 "27";
28 2 1 63,66 "28";
29 1 1 6,65 "29";
30 2 1 0,25 "30";
31 2 0 33,68 "31";
32 2 0 34,56 "32";
33 2 0 11,17 "33";
34 0 1 33,77 "34";
35 0 0 25,79 "35";
36 1 1 13,39 "36";
37 2 0 59,79 "37";
38 0 0 36,62 "38";
39 2 0 0,61 "39";
40 1 0 10,41 "40";
41 1 0 37,65 "41";
42 1 1 25,43 "42";
43 2 1 14,35 "43";
44 1 0 15,73 "44";
45 0 1 57,58 "45";
46 1 1 9,33 "46";
47 0 0 0,66 "47";
48 1 1 40,61 "48";
49 2 0 51,57 "49";
50 2 1 29,74 "50";
51 0 0 17,61 "51";
52 0 1 17,49 "52";
53 0 1 39,63 "53";
54 2 1 8,30 "54";
55 2 0 60,64 "55";
56 2 0 65,76 "56";
57 2 0 4,75 "57";
58 2 1 34,63 "58";
59 1 0 7,38 "59";
60 2 1 38,59 "60";
61 2 1 10,66 "61";
62 2 0 5,28 "62";
63 0 1 3,13 "63";
64 0 1 25,37 "64";
65 1 0 36,70 "65";
66 0 0 10,37 "66";
67 2 0 6,51 "67";
68 0 1 9,21 "68";
69 1 1 37,38 "69";
70 1 0 36,63 "70";
71 0 1 52,63 "71";
72 0 1 32,35 "72";
73 1 0 9,48 "73";
74 0 0 0,33 "74";
75 0 0 9,30 "75";
76 1 0 44,73 "76";
77 2 0 9,11 "77";
78 2 0 18,59 "78";
79 2 0 8,33 "79";
