parity 89;
0 0 1 11,16 "0";
1 2 0 68,87 "1";
2 0 1 14,65 "2";
3 0 0 18,88 "3";
4 0 1 47,68 "4";
5 2 1 6,62 "5";
6 0 0 26,85 "6";
7 0 0 2,8 "7";
8 1 0 17,73 "8";
9 2 0 23,42 "9";
10 1 0 8,13 "10";
11 2 0 19,87 "11";
12 0 1 6,80 "12";
13 0 1 9,23 "13";
14 2 1 66,68 "14";
15 1 1 33,83 "15";
16 1 0 46,87 "16";
17 2 0 55,74 "17";
18 0 0 29,83 "18";
19 0 1 4,27 "19";
20 0 1 18,86 "20";
21 1 0 37,88 "21";
22 2 1 6,49 "22";
23 0 1 27,80 "23";
24 1 1 2,21 "24";
25 2 1 2,69 "25";
26 1 1 29,72 "26";
27 0 0 4,45 "27";
28 2 1 61,62 "28";
29 0 0 55,83 "29";
30 1 1 24,66 "30";
31 1 1 29,34 "31";
32 0 0 3,52 "32";
33 1 0 43,53 "33";
34 2 1 61,84 "34";
35 2 1 27,80 "35";
36 1 1 67,71 "36";
37 0 0 27,62 "37";
38 1 0 12,80 "38";
39 0 0 47,88 "39";
40 0 0 22,27 "40";
41 1 0 47,66 "41";
42 0 1 3,11 "42";
43 2 0 78,84 "43";
44 0 0 26,65 "44";
45 0 1 24,42 "45";
46 2 1 43,51 "46";
47 1 1 68,76 "47";
48 2 0 7,78 "48";
49 2 1 73,76 "49";
50 2 1 16,24 "50";
51 0 0 11,49 "51";
52 1 1 1,8 "52";
53 0 1 26,79 "53";
54 0 1 9,53 "54";
55 1 0 23,83 "55";
56 0 1 35,48 "56";
57 1 0 41,71 "57";
58 0 0 27,83 "58";
59 0 1 15,34 "59";
60 2 0 38,70 "60";
61 1 0 34,40 "61";
62 0 1 11,47 "62";
63 0 0 33,72 "63";
64 2 0 48,57 "64";
65 1 0 24,29 "65";
66 1 0 31,82 "66";
67 0 0 54,83 "67";
68 1 0 11,53 "68";
69 0 0 58,59 "69";
70 0 1 33,76 "70";
71 2 0 33,41 "71";
72 0 1 44,64 "72";
73 0 0 44,59 "73";
74 1 0 25,43 "74";
75 0 0 18,65 "75";
76 2 1 10,49 "76";
77 1 0 8,22 "77";
78 0 1 69,85 "78";
79 0 0 54,62 "79";
80 1 1 44,63 "80";
81 1 1 41,67 "81";
82 0 0 0,87 "82";
83 2 1 3,86 "83";
84 2 1 1,72 "84";
85 2 0 30,59 "85";
86 0 0 68,81 "86";
87 0 0 44,77 "87";
88 0 0 37,61 "88";
89 1 1 59,73 "89";
