parity 74;
0 1 0 28,41 "0";
1 1 0 16,39 "1";
2 2 1 3,61 "2";
3 1 0 23,74 "3";
4 0 1 5,30 "4";
5 0 1 1,16 "5";
6 2 0 26,40 "6";
7 1 1 56,70 "7";
8 1 1 63,65 "8";
9 2 1 29,49 "9";
10 1 0 9,18 "10";
11 0 0 40,47 "11";
12 0 0 31,42 "12";
13 0 1 49,72 "13";
14 2 1 12,50 "14";
15 1 0 11,53 "15";
16 0 0 1,3 "16";
17 1 1 58,71 "17";
18 0 0 4,19 "18";
19 1 0 38,48 "19";
20 1 1 3,27 "20";
21 1 1 28,45 "21";
22 1 0 4,40 "22";
23 2 0 16,35 "23";
24 2 1 6,55 "24";
25 0 0 51,72 "25";
26 0 0 3,58 "26";
27 2 0 32,47 "27";
28 1 1 0,48 "28";
29 2 1 38,58 "29";
30 1 1 9,25 "30";
31 2 0 22,67 "31";
32 2 1 6,11 "32";
33 1 1 3,71 "33";
34 0 0 30,56 "34";
35 0 0 54,56 "35";
36 2 1 0,68 "36";
37 0 0 17,30 "37";
38 2 1 33,45 "38";
39 2 1 46,70 "39";
40 1 0 45,61 "40";
41 0 1 40,64 "41";
42 1 1 16,67 "42";
43 1 1 31,54 "43";
44 1 1 29,42 "44";
45 2 0 0,19 "45";
46 2 1 5,26 "46";
47 2 0 25,39 "47";
48 1 1 33,74 "48";
49 0 1 14,24 "49";
50 0 0 3,37 "50";
51 2 1 60,64 "51";
52 1 1 28,69 "52";
53 2 1 22,43 "53";
54 0 0 15,31 "54";
55 2 0 18,45 "55";
56 2 0 3,22 "56";
57 1 1 6,73 "57";
58 0 1 53,74 "58";
59 2 1 48,69 "59";
60 2 1 21,56 "60";
61 2 0 8,55 "61";
62 1 0 54,64 "62";
63 1 1 30,58 "63";
64 0 0 13,58 "64";
65 2 1 5,74 "65";
66 1 0 18,19 "66";
67 2 1 29,69 "67";
68 2 1 14,53 "68";
69 0 1 2,28 "69";
70 2 0 33,44 "70";
71 2 1 12,63 "71";
72 0 1 35,74 "72";
73 0 0 48,63 "73";
74 1 1 13,72 "74";
