parity 94;
0 1 1 37,49 "0";
1 1 1 17,30 "1";
2 2 0 55,65 "2";
3 0 1 13,74 "3";
4 0 0 48,67 "4";
5 2 0 41,58 "5";
6 2 0 42,52 "6";
7 2 1 48,79 "7";
8 2 1 77,88 "8";
9 2 0 36,76 "9";
10 1 1 3,76 "10";
11 2 0 7,12 "11";
12 0 0 2,71 "12";
13 2 1 11,19 "13";
14 2 1 9,57 "14";
15 2 1 28,33 "15";
16 1 0 2,45 "16";
17 0 0 15,58 "17";
18 0 0 45,81 "18";
19 1 1 4,7 "19";
20 1 0 44,85 "20";
21 2 1 11,33 "21";
22 1 0 12,53 "22";
23 1 0 46,85 "23";
24 1 0 45,62 "24";
25 2 0 61,94 "25";
26 1 0 17,78 "26";
27 2 0 74,80 "27";
28 2 1 12,15 "28";
29 0 0 22,33 "29";
30 0 0 48,93 "30";
31 0 0 43,57 "31";
32 1 0 77,88 "32";
33 1 1 3,92 "33";
34 0 0 1,83 "34";
35 2 0 39,84 "35";
36 0 0 57,60 "36";
37 0 0 72,79 "37";
38 2 0 57,84 "38";
39 1 1 14,17 "39";
40 1 1 14,20 "40";
41 0 0 74,87 "41";
42 1 1 4,70 "42";
43 1 0 32,71 "43";
44 0 0 72,80 "44";
45 2 1 15,90 "45";
46 0 1 2,77 "46";
47 0 1 38,78 "47";
48 2 1 46,86 "48";
49 0 1 55,89 "49";
50 1 0 68,88 "50";
51 0 1 13,69 "51";
52 2 0 43,68 "52";
53 2 1 29,82 "53";
54 2 0 4,62 "54";
55 2 1 39,48 "55";
56 0 0 83,85 "56";
57 2 0 42,71 "57";
58 2 1 47,82 "58";
59 2 1 60,77 "59";
60 1 1 26,93 "60";
61 2 0 40,88 "61";
62 0 0 2,22 "62";
63 2 0 15,56 "63";
64 0 0 33,44 "64";
65 2 0 26,28 "65";
66 0 1 65,87 "66";
67 0 0 75,91 "67";
68 0 1 83,91 "68";
69 1 0 31,42 "69";
70 1 1 24,69 "70";
71 2 0 25,31 "71";
72 2 1 22,32 "72";
73 0 1 38,93 "73";
74 1 1 3,67 "74";
75 1 0 23,65 "75";
76 2 0 0,52 "76";
77 0 1 2,33 "77";
78 1 1 2,23 "78";
79 0 0 25,34 "79";
80 1 1 14,40 "80";
81 1 1 47,74 "81";
82 2 1 74,76 "82";
83 0 1 0,63 "83";
84 0 1 20,78 "84";
85 1 1 28,29 "85";
86 1 0 10,16 "86";
87 1 0 31,74 "87";
88 2 0 31,76 "88";
89 1 1 2,17 "89";
90 2 0 7,17 "90";
91 0 1 41,52 "91";
92 0 0 18,63 "92";
93 1 0 13,67 "93";
94 0 0 1,93 "94";
