parity 39;
0 1 1 3,29 "0";
1 1 1 3,30 "1";
2 2 1 8,39 "2";
3 1 1 0,31 "3";
4 0 1 0,38 "4";
5 1 1 4,36 "5";
6 0 1 10,37 "6";
7 0 0 0,32 "7";
8 1 1 19,35 "8";
9 1 1 17,37 "9";
10 0 0 1,38 "10";
11 2 1 1,10 "11";
12 1 0 32,39 "12";
13 1 1 34,39 "13";
14 0 0 3,20 "14";
15 0 0 8,16 "15";
16 2 0 2,4 "16";
17 1 0 27,34 "17";
18 1 1 16,33 "18";
19 1 0 32,38 "19";
20 1 1 8,24 "20";
21 1 0 9,22 "21";
22 1 1 4,21 "22";
23 0 0 1,10 "23";
24 0 0 23,26 "24";
25 1 0 10,12 "25";
26 0 0 6,19 "26";
27 2 1 14,32 "27";
28 0 0 8,30 "28";
29 2 0 10,34 "29";
30 2 1 22,27 "30";
31 0 0 9,27 "31";
32 2 0 20,37 "32";
33 0 1 26,37 "33";
34 0 0 16,30 "34";
35 0 0 25,36 "35";
36 2 0 32,39 "36";
37 0 0 15,32 "37";
38 0 0 12,26 "38";
39 1 0 5,29 "39";
