parity 94;
0 0 1 21,29 "0";
1 2 0 75,80 "1";
2 1 0 3,54 "2";
3 2 0 75,82 "3";
4 0 0 5,7 "4";
5 1 1 21,26 "5";
6 0 1 23,87 "6";
7 0 0 22,72 "7";
8 2 0 9,28 "8";
9 0 1 12,93 "9";
10 2 1 41,72 "10";
11 0 0 18,52 "11";
12 2 1 6,69 "12";
13 0 1 29,71 "13";
14 2 1 12,42 "14";
15 2 1 6,16 "15";
16 0 0 74,92 "16";
17 0 1 9,42 "17";
18 1 1 86,89 "18";
19 2 1 72,79 "19";
20 1 0 18,39 "20";
21 1 0 47,57 "21";
22 1 0 30,81 "22";
23 1 1 30,48 "23";
24 2 1 19,35 "24";
25 0 0 79,84 "25";
26 2 0 33,36 "26";
27 0 1 49,53 "27";
28 2 0 64,89 "28";
29 1 1 23,92 "29";
30 0 1 16,17 "30";
31 2 0 22,70 "31";
32 2 1 81,86 "32";
33 1 0 44,79 "33";
34 2 1 16,74 "34";
35 1 1 15,25 "35";
36 1 1 5,28 "36";
37 2 0 7,90 "37";
38 2 1 43,72 "38";
39 0 0 36,93 "39";
40 0 1 2,42 "40";
41 1 0 39,43 "41";
42 1 0 50,79 "42";
43 2 0 28,76 "43";
44 0 1 5,56 "44";
45 1 0 14,69 "45";
46 1 0 30,57 "46";
47 0 0 32,48 "47";
48 1 0 25,85 "48";
49 1 0 1,72 "49";
50 1 1 18,41 "50";
51 2 1 15,70 "51";
52 1 1 3,71 "52";
53 2 0 46,82 "53";
54 1 0 5,62 "54";
55 0 1 54,80 "55";
56 2 1 31,91 "56";
57 2 1 28,71 "57";
58 1 0 33,49 "58";
59 0 1 36,93 "59";
60 0 0 36,88 "60";
61 0 0 23,26 "61";
62 2 0 9,66 "62";
63 0 1 3,81 "63";
64 0 1 14,21 "64";
65 2 0 3,77 "65";
66 2 0 43,47 "66";
67 0 0 54,81 "67";
68 0 1 64,80 "68";
69 2 0 27,34 "69";
70 1 0 49,83 "70";
71 1 0 18,72 "71";
72 1 1 52,68 "72";
73 2 0 5,50 "73";
74 1 1 53,68 "74";
75 1 0 47,59 "75";
76 2 1 35,86 "76";
77 1 0 23,26 "77";
78 1 0 12,56 "78";
79 0 1 7,85 "79";
80 0 1 62,87 "80";
81 0 1 5,15 "81";
82 2 1 43,53 "82";
83 1 0 3,93 "83";
84 2 0 11,24 "84";
85 0 0 21,74 "85";
86 0 1 2,17 "86";
87 0 1 59,90 "87";
88 2 0 61,67 "88";
89 1 1 14,58 "89";
90 0 1 3,13 "90";
91 1 0 13,48 "91";
92 2 1 15,19 "92";
93 1 0 17,83 "93";
94 2 0 59,89 "94";
