parity 29;
0 2 0 1,29 "0";
1 0 1 21,24 "1";
2 1 1 26,28 "2";
3 0 0 7,16 "3";
4 2 0 20,22 "4";
5 2 0 15,24 "5";
6 2 1 4,25 "6";
7 1 0 13,19 "7";
8 2 0 18,27 "8";
9 1 1 8,27 "9";
10 0 0 20,26 "10";
11 0 0 5,21 "11";
12 2 1 7,11 "12";
13 1 1 10,17 "13";
14 1 1 16,25 "14";
15 1 0 8,29 "15";
16 1 0 5,13 "16";
17 1 0 4,25 "17";
18 0 1 14,19 "18";
19 2 1 2,29 "19";
20 2 0 1,25 "20";
21 0 0 5,16 "21";
22 1 1 17,23 "22";
23 0 0 11,13 "23";
24 2 1 16,26 "24";
25 0 0 23,27 "25";
26 0 1 9,15 "26";
27 1 1 10,25 "27";
28 2 1 8,26 "28";
29 2 0 17,27 "29";
