parity 69;
0 2 1 54,65 "0";
1 0 1 29,61 "1";
2 1 0 57,67 "2";
3 1 1 50,60 "3";
4 1 1 2,12 "4";
5 0 0 12,15 "5";
6 2 0 42,68 "6";
7 1 1 54,56 "7";
8 2 0 5,52 "8";
9 1 1 14,62 "9";
10 2 0 12,24 "10";
11 1 0 31,68 "11";
12 2 0 4,32 "12";
13 0 0 51,54 "13";
14 2 1 27,60 "14";
15 2 1 28,39 "15";
16 2 0 27,49 "16";
17 2 0 3,53 "17";
18 1 1 37,60 "18";
19 0 0 35,36 "19";
20 2 1 8,24 "20";
21 1 1 41,61 "21";
22 0 0 13,47 "22";
23 0 1 5,14 "23";
24 0 0 0,19 "24";
25 2 1 24,28 "25";
26 0 1 6,41 "26";
27 2 1 26,68 "27";
28 0 1 20,49 "28";
29 2 0 32,69 "29";
30 1 0 35,64 "30";
31 1 1 49,67 "31";
32 1 0 30,67 "32";
33 1 0 7,67 "33";
34 0 1 25,66 "34";
35 2 1 50,54 "35";
36 0 1 14,23 "36";
37 2 1 36,46 "37";
38 2 0 32,33 "38";
39 1 0 17,47 "39";
40 2 0 28,57 "40";
41 2 1 11,23 "41";
42 1 1 13,64 "42";
43 2 0 39,42 "43";
44 1 0 9,40 "44";
45 0 0 46,51 "45";
46 2 1 19,37 "46";
47 1 1 33,57 "47";
48 2 1 31,51 "48";
49 1 1 3,38 "49";
50 2 1 26,62 "50";
51 1 1 13,33 "51";
52 0 1 41,59 "52";
53 0 0 41,55 "53";
54 0 1 8,41 "54";
55 0 1 12,31 "55";
56 0 0 41,47 "56";
57 1 0 4,46 "57";
58 1 0 26,30 "58";
59 1 0 26,44 "59";
60 2 1 43,55 "60";
61 0 1 60,67 "61";
62 0 0 58,60 "62";
63 1 1 4,23 "63";
64 1 0 14,28 "64";
65 2 1 46,56 "65";
66 0 0 2,12 "66";
67 2 0 38,48 "67";
68 0 1 55,67 "68";
69 1 0 34,60 "69";
