parity 54;
0 0 0 20,41 "0";
1 0 1 29,33 "1";
2 1 0 18,24 "2";
3 0 1 4,45 "3";
4 0 0 11,18 "4";
5 2 1 45,51 "5";
6 1 1 19,48 "6";
7 2 0 21,23 "7";
8 1 1 26,28 "8";
9 2 1 2,10 "9";
10 1 1 20,48 "10";
11 0 0 10,33 "11";
12 2 0 8,39 "12";
13 1 0 5,18 "13";
14 2 0 28,31 "14";
15 2 1 19,42 "15";
16 1 1 0,28 "16";
17 2 0 24,30 "17";
18 1 1 0,31 "18";
19 0 0 30,43 "19";
20 1 0 22,47 "20";
21 1 1 23,28 "21";
22 0 1 20,27 "22";
23 2 1 7,17 "23";
24 1 0 5,46 "24";
25 0 1 21,50 "25";
26 0 1 19,41 "26";
27 1 0 26,47 "27";
28 0 0 0,45 "28";
29 0 1 21,47 "29";
30 1 0 49,53 "30";
31 0 0 24,42 "31";
32 0 1 4,44 "32";
33 1 0 7,13 "33";
34 2 0 48,52 "34";
35 2 0 43,48 "35";
36 1 1 9,37 "36";
37 1 1 6,11 "37";
38 1 0 15,54 "38";
39 0 1 7,40 "39";
40 0 1 2,26 "40";
41 1 0 42,53 "41";
42 0 0 12,29 "42";
43 2 1 26,38 "43";
44 1 1 26,28 "44";
45 2 1 11,53 "45";
46 1 1 10,31 "46";
47 0 1 33,52 "47";
48 1 1 1,9 "48";
49 1 1 9,16 "49";
50 0 0 49,53 "50";
51 1 1 29,31 "51";
52 1 0 9,53 "52";
53 2 1 7,26 "53";
54 1 1 34,48 "54";
