parity 49;
0 0 1 11,35 "0";
1 1 1 47,49 "1";
2 1 1 7,38 "2";
3 0 1 4,49 "3";
4 1 0 5,34 "4";
5 1 0 39,43 "5";
6 0 1 13,36 "6";
7 2 1 16,31 "7";
8 1 0 22,34 "8";
9 1 0 38,39 "9";
10 0 1 19,30 "10";
11 2 1 3,42 "11";
12 0 1 20,44 "12";
13 2 0 1,29 "13";
14 2 1 8,29 "14";
15 2 1 5,33 "15";
16 2 0 1,20 "16";
17 2 0 27,44 "17";
18 1 1 17,36 "18";
19 1 1 30,45 "19";
20 0 0 16,34 "20";
21 1 0 1,22 "21";
22 1 1 4,29 "22";
23 1 1 25,38 "23";
24 0 0 18,33 "24";
25 2 0 32,39 "25";
26 0 1 0,39 "26";
27 2 1 22,24 "27";
28 2 0 17,39 "28";
29 1 1 10,44 "29";
30 0 1 14,27 "30";
31 2 1 35,49 "31";
32 2 1 1,19 "32";
33 2 1 27,30 "33";
34 0 0 36,39 "34";
35 0 0 12,25 "35";
36 1 0 3,41 "36";
37 0 0 2,24 "37";
38 0 0 26,42 "38";
39 1 1 2,34 "39";
40 2 0 13,42 "40";
41 2 1 2,45 "41";
42 0 0 4,23 "42";
43 2 0 35,48 "43";
44 1 1 37,46 "44";
45 1 0 6,10 "45";
46 0 1 4,14 "46";
47 0 0 19,31 "47";
48 0 0 11,37 "48";
49 2 1 27,39 "49";
