parity 29;
0 2 0 1,24 "0";
1 1 0 16,27 "1";
2 1 1 7,24 "2";
3 1 0 7,19 "3";
4 1 1 2,10 "4";
5 2 1 1,3 "5";
6 0 0 12,16 "6";
7 2 1 9,28 "7";
8 2 0 2,18 "8";
9 2 0 18,25 "9";
10 0 1 8,28 "10";
11 2 0 16,23 "11";
12 1 1 22,28 "12";
13 1 1 21,24 "13";
14 1 0 16,27 "14";
15 0 0 9,19 "15";
16 2 1 2,21 "16";
17 1 1 11,28 "17";
18 2 0 13,26 "18";
19 0 0 14,21 "19";
20 2 1 2,23 "20";
21 0 0 8,29 "21";
22 0 0 4,25 "22";
23 1 1 20,26 "23";
24 2 1 7,27 "24";
25 1 0 0,9 "25";
26 1 0 2,14 "26";
27 1 0 8,11 "27";
28 2 1 13,23 "28";
29 2 0 8,14 "29";
