parity 29;
0 0 1 8,13 "0";
1 2 1 4,9 "1";
2 0 1 15,28 "2";
3 1 0 1,12 "3";
4 1 1 13,24 "4";
5 0 1 13,26 "5";
6 2 1 3,8 "6";
7 0 0 0,24 "7";
8 2 0 3,24 "8";
9 1 0 6,16 "9";
10 2 0 8,12 "10";
11 0 1 20,22 "11";
12 0 0 1,7 "12";
13 2 1 1,7 "13";
14 0 0 4,15 "14";
15 2 1 0,21 "15";
16 1 1 4,9 "16";
17 0 0 21,25 "17";
18 2 1 0,23 "18";
19 0 0 15,17 "19";
20 0 0 23,29 "20";
21 2 0 1,23 "21";
22 0 1 19,23 "22";
23 1 1 5,22 "23";
24 2 1 16,20 "24";
25 2 1 12,21 "25";
26 1 0 4,23 "26";
27 0 0 21,26 "27";
28 1 1 8,20 "28";
29 1 0 12,26 "29";
