parity 34;
0 0 1 6,24 "0";
1 1 0 14,23 "1";
2 2 1 12,34 "2";
3 1 1 8,14 "3";
4 1 1 8,30 "4";
5 1 1 20,32 "5";
6 1 1 3,16 "6";
7 2 0 17,27 "7";
8 0 0 14,30 "8";
9 1 0 3,29 "9";
10 0 0 0,6 "10";
11 1 0 8,33 "11";
12 1 1 25,33 "12";
13 2 1 3,28 "13";
14 1 0 20,33 "14";
15 1 0 17,24 "15";
16 1 1 7,32 "16";
17 1 0 2,13 "17";
18 2 1 13,23 "18";
19 0 1 12,22 "19";
20 2 1 0,16 "20";
21 0 0 17,23 "21";
22 1 1 6,15 "22";
23 1 1 3,27 "23";
24 0 0 12,25 "24";
25 1 0 10,33 "25";
26 1 1 3,22 "26";
27 1 1 13,30 "27";
28 0 1 17,34 "28";
29 1 0 16,31 "29";
30 2 1 9,33 "30";
31 2 1 6,11 "31";
32 2 0 8,28 "32";
33 0 0 8,21 "33";
34 0 0 5,24 "34";
