parity 49;
0 0 1 17,19 "0";
1 0 0 14,44 "1";
2 1 1 4,20 "2";
3 0 1 1,9 "3";
4 1 0 2,13 "4";
5 0 0 14,43 "5";
6 0 0 9,12 "6";
7 2 0 5,13 "7";
8 1 0 9,39 "8";
9 0 0 0,49 "9";
10 1 0 12,45 "10";
11 0 0 30,43 "11";
12 2 0 24,48 "12";
13 2 0 14,31 "13";
14 2 1 3,30 "14";
15 2 1 6,36 "15";
16 1 1 8,49 "16";
17 1 1 22,45 "17";
18 2 1 3,46 "18";
19 0 1 5,17 "19";
20 0 0 2,49 "20";
21 2 0 14,18 "21";
22 2 0 25,42 "22";
23 0 1 2,40 "23";
24 1 1 9,28 "24";
25 1 0 7,30 "25";
26 2 1 17,19 "26";
27 2 0 18,23 "27";
28 2 1 2,14 "28";
29 1 1 1,26 "29";
30 1 0 4,33 "30";
31 1 0 9,46 "31";
32 2 1 36,37 "32";
33 2 0 21,44 "33";
34 1 0 4,24 "34";
35 2 0 17,44 "35";
36 0 1 32,35 "36";
37 0 0 24,47 "37";
38 1 1 9,49 "38";
39 2 1 15,35 "39";
40 0 1 0,27 "40";
41 2 0 27,33 "41";
42 0 0 14,28 "42";
43 1 0 3,12 "43";
44 1 1 12,26 "44";
45 1 0 3,41 "45";
46 0 0 4,43 "46";
47 2 1 1,44 "47";
48 0 1 35,44 "48";
49 0 0 12,45 "49";
