parity 44;
0 2 0 11,14 "0";
1 0 1 5,20 "1";
2 2 1 22,43 "2";
3 1 0 17,33 "3";
4 2 1 11,13 "4";
5 2 0 8,20 "5";
6 0 0 3,25 "6";
7 2 0 9,12 "7";
8 1 1 35,39 "8";
9 1 0 22,34 "9";
10 2 0 2,25 "10";
11 0 1 27,41 "11";
12 1 0 11,23 "12";
13 0 1 32,34 "13";
14 2 0 26,39 "14";
15 2 0 14,33 "15";
16 1 1 9,36 "16";
17 1 0 1,21 "17";
18 2 0 15,36 "18";
19 2 0 20,37 "19";
20 2 0 23,30 "20";
21 1 1 11,35 "21";
22 1 1 17,30 "22";
23 0 0 16,19 "23";
24 1 0 22,41 "24";
25 2 1 6,14 "25";
26 2 0 12,29 "26";
27 2 1 16,22 "27";
28 1 1 4,24 "28";
29 2 1 8,33 "29";
30 0 1 8,12 "30";
31 0 0 24,35 "31";
32 0 0 12,18 "32";
33 2 1 11,40 "33";
34 2 0 11,39 "34";
35 2 0 30,42 "35";
36 0 1 17,42 "36";
37 0 0 2,31 "37";
38 1 0 27,29 "38";
39 1 1 11,25 "39";
40 1 1 8,39 "40";
41 2 1 0,5 "41";
42 2 0 21,29 "42";
43 1 0 0,1 "43";
44 2 1 18,34 "44";
