parity 59;
0 1 0 13,40 "0";
1 0 1 4,43 "1";
2 1 1 9,42 "2";
3 2 0 13,21 "3";
4 0 1 7,14 "4";
5 2 1 7,55 "5";
6 1 1 4,26 "6";
7 1 1 1,50 "7";
8 0 1 57,58 "8";
9 0 0 26,48 "9";
10 2 1 4,20 "10";
11 1 1 9,42 "11";
12 0 1 28,43 "12";
13 0 0 23,58 "13";
14 1 0 10,23 "14";
15 1 1 23,39 "15";
16 0 1 9,30 "16";
17 2 1 13,34 "17";
18 2 0 39,56 "18";
19 2 1 21,44 "19";
20 0 0 5,25 "20";
21 0 0 23,55 "21";
22 0 0 10,55 "22";
23 0 0 11,57 "23";
24 1 0 7,50 "24";
25 2 0 42,54 "25";
26 0 0 2,28 "26";
27 1 1 0,45 "27";
28 1 1 4,32 "28";
29 1 1 46,55 "29";
30 2 1 2,28 "30";
31 1 0 43,49 "31";
32 0 0 18,46 "32";
33 1 0 37,51 "33";
34 2 0 23,31 "34";
35 0 1 10,45 "35";
36 0 1 45,52 "36";
37 1 0 46,58 "37";
38 0 1 14,42 "38";
39 1 0 36,52 "39";
40 2 0 17,18 "40";
41 0 0 30,38 "41";
42 1 0 28,40 "42";
43 1 1 13,39 "43";
44 1 0 31,46 "44";
45 1 0 8,16 "45";
46 0 0 6,58 "46";
47 2 0 5,23 "47";
48 2 0 19,27 "48";
49 1 1 27,54 "49";
50 1 1 10,23 "50";
51 2 1 24,26 "51";
52 1 0 39,47 "52";
53 1 0 19,30 "53";
54 0 1 9,59 "54";
55 2 1 16,22 "55";
56 0 0 9,22 "56";
57 2 1 14,19 "57";
58 0 1 6,53 "58";
59 0 1 27,46 "59";
