parity 94;
0 2 0 16,36 "0";
1 2 1 7,16 "1";
2 0 0 31,35 "2";
3 2 1 50,54 "3";
4 0 1 84,91 "4";
5 1 0 50,83 "5";
6 1 1 44,46 "6";
7 0 0 70,92 "7";
8 1 1 31,66 "8";
9 2 1 53,56 "9";
10 1 0 41,57 "10";
11 1 1 64,73 "11";
12 0 0 50,59 "12";
13 2 1 6,27 "13";
14 0 0 27,81 "14";
15 2 1 46,50 "15";
16 1 0 19,45 "16";
17 0 1 22,89 "17";
18 1 0 47,53 "18";
19 2 1 2,91 "19";
20 2 1 62,81 "20";
21 2 0 34,86 "21";
22 0 1 19,83 "22";
23 1 0 51,82 "23";
24 1 1 57,67 "24";
25 2 1 72,82 "25";
26 0 0 3,16 "26";
27 1 1 10,77 "27";
28 0 1 40,67 "28";
29 1 1 33,60 "29";
30 0 0 61,69 "30";
31 2 1 40,59 "31";
32 2 1 43,89 "32";
33 2 0 7,92 "33";
34 1 1 22,43 "34";
35 1 1 21,76 "35";
36 1 1 55,89 "36";
37 0 1 55,72 "37";
38 0 1 23,59 "38";
39 2 1 46,69 "39";
40 0 1 73,91 "40";
41 2 1 26,43 "41";
42 0 0 30,52 "42";
43 1 1 17,65 "43";
44 0 0 55,68 "44";
45 0 1 46,91 "45";
46 1 1 17,59 "46";
47 2 1 53,81 "47";
48 0 0 35,86 "48";
49 2 1 40,66 "49";
50 2 1 18,77 "50";
51 2 1 23,68 "51";
52 1 1 5,34 "52";
53 1 1 9,21 "53";
54 2 0 4,20 "54";
55 1 0 7,25 "55";
56 2 1 71,78 "56";
57 2 0 13,84 "57";
58 1 1 19,37 "58";
59 2 1 10,83 "59";
60 0 0 45,59 "60";
61 2 1 25,32 "61";
62 1 0 6,57 "62";
63 1 0 17,84 "63";
64 1 1 41,46 "64";
65 0 1 85,87 "65";
66 0 1 55,71 "66";
67 0 0 8,78 "67";
68 1 1 3,45 "68";
69 1 1 7,66 "69";
70 2 1 15,52 "70";
71 1 0 33,50 "71";
72 0 0 49,81 "72";
73 0 1 23,84 "73";
74 1 0 15,20 "74";
75 2 1 16,52 "75";
76 2 1 7,89 "76";
77 0 1 8,65 "77";
78 0 0 57,89 "78";
79 2 1 67,93 "79";
80 2 0 7,22 "80";
81 1 1 8,88 "81";
82 2 1 42,49 "82";
83 1 1 49,76 "83";
84 0 0 37,76 "84";
85 1 1 13,18 "85";
86 1 0 23,31 "86";
87 0 0 0,94 "87";
88 0 1 55,94 "88";
89 2 1 10,39 "89";
90 2 0 10,57 "90";
91 0 0 33,76 "91";
92 1 1 38,83 "92";
93 2 1 42,62 "93";
94 2 1 48,60 "94";
