parity 89;
0 0 0 19,66 "0";
1 0 0 58,75 "1";
2 2 1 54,78 "2";
3 0 1 12,57 "3";
4 2 1 34,70 "4";
5 1 0 42,83 "5";
6 2 0 60,75 "6";
7 2 0 26,57 "7";
8 0 1 37,57 "8";
9 0 0 43,86 "9";
10 1 1 0,22 "10";
11 2 1 58,81 "11";
12 0 1 59,80 "12";
13 1 0 38,77 "13";
14 2 1 49,68 "14";
15 1 1 23,75 "15";
16 1 0 5,7 "16";
17 0 1 51,65 "17";
18 0 0 48,63 "18";
19 0 0 17,52 "19";
20 2 0 45,84 "20";
21 0 1 4,18 "21";
22 0 0 7,18 "22";
23 0 1 1,67 "23";
24 0 1 48,50 "24";
25 0 0 61,72 "25";
26 2 1 49,59 "26";
27 2 1 9,31 "27";
28 1 0 11,64 "28";
29 0 1 49,73 "29";
30 1 0 3,66 "30";
31 0 0 39,60 "31";
32 2 1 6,76 "32";
33 0 1 17,38 "33";
34 1 0 9,73 "34";
35 2 1 40,65 "35";
36 0 0 7,88 "36";
37 2 1 30,69 "37";
38 2 1 10,49 "38";
39 1 0 24,29 "39";
40 1 0 1,3 "40";
41 1 1 48,58 "41";
42 0 1 37,58 "42";
43 0 1 21,87 "43";
44 2 0 47,67 "44";
45 0 0 9,40 "45";
46 2 0 26,67 "46";
47 0 1 53,65 "47";
48 2 1 67,69 "48";
49 2 0 12,67 "49";
50 1 0 5,85 "50";
51 2 1 10,61 "51";
52 2 0 8,75 "52";
53 0 0 17,54 "53";
54 1 0 64,70 "54";
55 2 0 43,57 "55";
56 0 1 34,55 "56";
57 1 0 64,70 "57";
58 0 0 65,73 "58";
59 1 1 28,66 "59";
60 2 1 53,82 "60";
61 0 1 20,49 "61";
62 2 1 61,66 "62";
63 1 0 48,58 "63";
64 1 1 8,61 "64";
65 0 0 15,40 "65";
66 1 0 20,57 "66";
67 2 1 86,88 "67";
68 2 0 41,84 "68";
69 2 0 73,82 "69";
70 2 1 22,37 "70";
71 0 0 39,43 "71";
72 1 1 16,48 "72";
73 2 1 46,62 "73";
74 1 1 69,76 "74";
75 2 1 5,53 "75";
76 1 0 61,69 "76";
77 0 1 6,19 "77";
78 0 1 31,79 "78";
79 2 1 87,89 "79";
80 1 0 53,58 "80";
81 1 1 41,56 "81";
82 0 1 19,57 "82";
83 1 1 31,67 "83";
84 1 0 36,49 "84";
85 1 0 16,47 "85";
86 2 0 21,60 "86";
87 2 1 57,61 "87";
88 1 0 43,63 "88";
89 0 1 20,66 "89";
