parity 64;
0 1 0 23,51 "0";
1 2 1 38,50 "1";
2 1 0 13,32 "2";
3 2 1 10,42 "3";
4 2 0 27,57 "4";
5 1 1 10,38 "5";
6 0 0 1,9 "6";
7 0 1 27,61 "7";
8 2 0 22,50 "8";
9 2 1 6,46 "9";
10 2 1 9,45 "10";
11 2 0 12,33 "11";
12 2 1 38,40 "12";
13 0 1 7,12 "13";
14 1 0 31,34 "14";
15 0 0 25,34 "15";
16 0 1 17,20 "16";
17 0 1 19,63 "17";
18 2 0 0,33 "18";
19 2 0 0,60 "19";
20 0 1 12,23 "20";
21 1 1 34,64 "21";
22 0 1 14,50 "22";
23 2 1 15,37 "23";
24 2 0 39,58 "24";
25 2 1 31,51 "25";
26 0 1 53,61 "26";
27 2 0 6,16 "27";
28 1 0 32,57 "28";
29 1 0 3,16 "29";
30 1 1 15,53 "30";
31 2 1 1,63 "31";
32 0 1 19,29 "32";
33 0 1 35,55 "33";
34 1 1 17,27 "34";
35 0 1 26,42 "35";
36 0 0 45,55 "36";
37 0 0 20,55 "37";
38 1 1 29,34 "38";
39 1 1 2,22 "39";
40 1 1 31,47 "40";
41 0 1 13,47 "41";
42 0 1 51,56 "42";
43 2 1 13,49 "43";
44 0 0 19,45 "44";
45 2 1 30,49 "45";
46 0 1 1,22 "46";
47 2 1 25,53 "47";
48 1 0 43,57 "48";
49 1 1 46,54 "49";
50 0 1 29,46 "50";
51 2 1 27,62 "51";
52 1 1 13,22 "52";
53 2 0 2,38 "53";
54 2 1 30,40 "54";
55 0 0 2,8 "55";
56 1 0 13,39 "56";
57 1 1 26,49 "57";
58 1 0 41,46 "58";
59 2 0 23,46 "59";
60 2 1 12,17 "60";
61 1 1 1,47 "61";
62 0 1 34,63 "62";
63 2 0 32,40 "63";
64 2 1 15,50 "64";
