parity 94;
0 2 1 33,50 "0";
1 1 0 36,42 "1";
2 1 0 16,90 "2";
3 0 0 25,69 "3";
4 2 1 38,83 "4";
5 0 1 25,94 "5";
6 1 1 29,62 "6";
7 1 0 3,77 "7";
8 2 1 29,72 "8";
9 0 1 22,34 "9";
10 0 0 18,49 "10";
11 0 1 4,73 "11";
12 1 1 1,73 "12";
13 2 1 22,71 "13";
14 1 0 45,62 "14";
15 1 0 58,61 "15";
16 1 1 1,47 "16";
17 0 1 33,83 "17";
18 0 0 58,75 "18";
19 0 1 50,61 "19";
20 1 0 50,94 "20";
21 1 1 45,77 "21";
22 0 0 21,74 "22";
23 0 0 10,84 "23";
24 0 0 22,35 "24";
25 1 1 10,32 "25";
26 1 1 11,14 "26";
27 1 0 90,92 "27";
28 2 0 53,77 "28";
29 2 0 82,85 "29";
30 2 0 15,72 "30";
31 0 1 28,66 "31";
32 1 1 7,87 "32";
33 2 1 39,71 "33";
34 2 0 64,91 "34";
35 2 0 20,57 "35";
36 1 1 24,57 "36";
37 2 0 48,79 "37";
38 2 1 2,28 "38";
39 1 0 41,92 "39";
40 2 1 50,81 "40";
41 2 0 32,35 "41";
42 2 0 83,93 "42";
43 2 1 38,91 "43";
44 2 1 2,63 "44";
45 2 0 9,71 "45";
46 0 1 49,71 "46";
47 2 0 44,60 "47";
48 2 0 75,80 "48";
49 1 1 45,93 "49";
50 0 0 58,77 "50";
51 2 0 55,62 "51";
52 2 0 24,81 "52";
53 0 0 16,34 "53";
54 0 1 23,61 "54";
55 0 1 47,72 "55";
56 2 0 21,86 "56";
57 1 1 12,36 "57";
58 2 0 72,84 "58";
59 0 1 80,92 "59";
60 2 1 25,57 "60";
61 0 0 25,34 "61";
62 0 1 11,77 "62";
63 0 1 81,93 "63";
64 2 0 7,11 "64";
65 1 0 8,43 "65";
66 2 0 72,80 "66";
67 2 0 2,16 "67";
68 2 0 46,92 "68";
69 2 0 24,71 "69";
70 1 0 3,34 "70";
71 2 1 5,11 "71";
72 1 1 18,71 "72";
73 1 1 60,78 "73";
74 2 1 16,89 "74";
75 1 0 2,34 "75";
76 2 0 33,41 "76";
77 1 0 82,87 "77";
78 1 0 10,87 "78";
79 2 0 13,74 "79";
80 0 1 24,86 "80";
81 1 1 5,7 "81";
82 0 0 37,79 "82";
83 0 1 9,10 "83";
84 1 0 81,88 "84";
85 2 0 66,72 "85";
86 2 0 56,72 "86";
87 0 0 8,46 "87";
88 2 1 66,87 "88";
89 0 0 1,55 "89";
90 1 0 1,43 "90";
91 1 1 62,76 "91";
92 1 1 75,80 "92";
93 1 1 45,74 "93";
94 0 0 2,78 "94";
