parity 84;
0 2 0 1,61 "0";
1 2 1 29,58 "1";
2 0 0 20,69 "2";
3 0 1 16,20 "3";
4 0 0 10,28 "4";
5 2 1 25,84 "5";
6 1 1 9,60 "6";
7 0 1 4,77 "7";
8 1 0 13,44 "8";
9 1 0 24,61 "9";
10 1 1 49,64 "10";
11 2 1 38,44 "11";
12 1 1 37,81 "12";
13 1 0 31,73 "13";
14 1 1 1,29 "14";
15 1 0 10,77 "15";
16 2 1 47,74 "16";
17 1 1 12,67 "17";
18 0 1 26,73 "18";
19 1 1 33,82 "19";
20 0 1 21,62 "20";
21 2 1 3,60 "21";
22 0 1 10,33 "22";
23 1 1 21,73 "23";
24 1 1 57,82 "24";
25 0 0 56,69 "25";
26 0 0 0,13 "26";
27 1 0 50,61 "27";
28 2 1 22,83 "28";
29 2 1 58,61 "29";
30 2 0 6,74 "30";
31 1 0 51,77 "31";
32 0 1 18,30 "32";
33 1 1 7,70 "33";
34 0 0 19,62 "34";
35 2 0 12,31 "35";
36 0 0 3,75 "36";
37 2 1 22,38 "37";
38 2 0 30,40 "38";
39 0 1 5,52 "39";
40 2 0 43,81 "40";
41 1 1 1,78 "41";
42 1 1 50,80 "42";
43 1 1 13,56 "43";
44 0 0 1,82 "44";
45 2 1 8,69 "45";
46 0 1 32,58 "46";
47 0 0 26,29 "47";
48 0 1 54,73 "48";
49 1 1 52,73 "49";
50 1 0 11,67 "50";
51 0 1 4,12 "51";
52 1 0 17,51 "52";
53 2 1 12,68 "53";
54 2 1 24,51 "54";
55 2 0 6,29 "55";
56 1 1 9,36 "56";
57 1 1 43,49 "57";
58 2 0 37,78 "58";
59 1 0 43,49 "59";
60 0 0 49,63 "60";
61 2 0 17,66 "61";
62 2 1 39,68 "62";
63 2 0 12,26 "63";
64 2 1 30,65 "64";
65 1 1 28,74 "65";
66 1 0 70,79 "66";
67 0 1 10,75 "67";
68 2 1 44,71 "68";
69 0 1 14,49 "69";
70 1 1 45,75 "70";
71 2 1 29,50 "71";
72 0 1 3,82 "72";
73 1 0 45,50 "73";
74 0 0 20,70 "74";
75 0 0 77,79 "75";
76 0 0 42,79 "76";
77 1 1 33,67 "77";
78 0 0 30,35 "78";
79 0 1 74,83 "79";
80 0 0 11,69 "80";
81 0 0 26,35 "81";
82 1 0 51,84 "82";
83 1 1 61,80 "83";
84 1 0 0,82 "84";
