parity 49;
0 2 1 4,30 "0";
1 0 1 16,18 "1";
2 2 1 6,9 "2";
3 1 0 4,13 "3";
4 2 1 9,35 "4";
5 0 1 16,49 "5";
6 2 0 33,40 "6";
7 0 1 13,20 "7";
8 0 1 12,19 "8";
9 1 0 5,17 "9";
10 2 1 9,33 "10";
11 0 0 12,44 "11";
12 2 1 4,33 "12";
13 0 1 1,10 "13";
14 2 1 37,48 "14";
15 1 0 7,44 "15";
16 0 0 24,48 "16";
17 2 1 9,34 "17";
18 1 0 0,37 "18";
19 1 0 18,25 "19";
20 2 0 38,43 "20";
21 2 0 7,37 "21";
22 1 0 35,39 "22";
23 0 1 21,26 "23";
24 2 1 45,49 "24";
25 0 1 5,13 "25";
26 0 1 29,37 "26";
27 2 1 5,47 "27";
28 1 1 5,11 "28";
29 0 0 5,39 "29";
30 2 0 17,35 "30";
31 0 1 27,39 "31";
32 0 0 22,46 "32";
33 0 1 15,41 "33";
34 2 0 29,36 "34";
35 1 0 31,34 "35";
36 2 0 22,40 "36";
37 1 0 10,41 "37";
38 1 1 33,47 "38";
39 2 0 15,29 "39";
40 1 0 2,35 "40";
41 2 1 32,38 "41";
42 2 1 10,12 "42";
43 1 1 32,34 "43";
44 0 0 37,46 "44";
45 0 0 1,49 "45";
46 1 0 20,36 "46";
47 1 0 11,24 "47";
48 2 1 1,22 "48";
49 0 1 18,48 "49";
