parity 59;
0 2 0 34,42 "0";
1 0 1 30,36 "1";
2 2 1 1,20 "2";
3 2 0 32,33 "3";
4 0 1 12,40 "4";
5 2 1 24,40 "5";
6 1 0 38,57 "6";
7 0 0 37,41 "7";
8 2 1 42,59 "8";
9 0 0 12,19 "9";
10 1 0 8,48 "10";
11 2 1 6,15 "11";
12 0 0 7,29 "12";
13 1 0 20,35 "13";
14 2 1 15,53 "14";
15 1 0 4,30 "15";
16 0 1 7,29 "16";
17 1 1 24,41 "17";
18 1 1 6,44 "18";
19 1 0 14,42 "19";
20 1 0 2,5 "20";
21 2 0 6,13 "21";
22 2 0 0,38 "22";
23 1 1 51,53 "23";
24 2 0 16,37 "24";
25 1 1 6,56 "25";
26 1 0 31,41 "26";
27 0 1 11,14 "27";
28 2 1 22,37 "28";
29 0 1 32,49 "29";
30 1 1 10,32 "30";
31 0 0 6,52 "31";
32 2 0 41,49 "32";
33 1 1 1,49 "33";
34 0 0 10,43 "34";
35 0 1 20,21 "35";
36 1 1 2,53 "36";
37 1 0 18,25 "37";
38 2 0 36,51 "38";
39 1 0 36,58 "39";
40 2 1 14,20 "40";
41 0 1 9,48 "41";
42 2 0 6,59 "42";
43 0 0 8,14 "43";
44 1 0 18,22 "44";
45 1 0 8,32 "45";
46 0 1 38,40 "46";
47 0 1 11,42 "47";
48 1 1 2,25 "48";
49 2 1 56,59 "49";
50 1 1 25,56 "50";
51 1 1 45,49 "51";
52 1 0 0,27 "52";
53 0 1 36,37 "53";
54 0 0 15,55 "54";
55 1 1 18,21 "55";
56 0 0 15,34 "56";
57 2 0 25,29 "57";
58 0 1 11,37 "58";
59 0 1 30,57 "59";
