parity 64;
0 1 1 20,28 "0";
1 1 1 12,28 "1";
2 1 1 25,29 "2";
3 2 1 28,55 "3";
4 1 1 33,51 "4";
5 0 1 55,62 "5";
6 1 0 5,19 "6";
7 2 1 32,41 "7";
8 1 0 28,35 "8";
9 2 0 54,58 "9";
10 1 0 23,42 "10";
11 2 0 24,49 "11";
12 2 0 17,32 "12";
13 0 1 52,57 "13";
14 0 0 24,39 "14";
15 0 1 6,23 "15";
16 1 0 13,60 "16";
17 2 0 1,13 "17";
18 0 1 5,57 "18";
19 0 0 12,15 "19";
20 0 0 31,43 "20";
21 0 0 27,48 "21";
22 0 1 18,52 "22";
23 2 1 17,30 "23";
24 1 0 20,49 "24";
25 1 0 8,36 "25";
26 1 1 12,64 "26";
27 1 1 17,41 "27";
28 1 1 50,53 "28";
29 2 0 17,22 "29";
30 1 0 8,35 "30";
31 0 1 38,52 "31";
32 2 0 9,59 "32";
33 1 1 26,36 "33";
34 1 0 14,16 "34";
35 0 1 0,49 "35";
36 0 0 43,50 "36";
37 0 0 50,63 "37";
38 0 0 48,60 "38";
39 2 1 14,33 "39";
40 0 0 9,37 "40";
41 1 1 13,18 "41";
42 0 1 22,52 "42";
43 1 0 22,56 "43";
44 2 1 29,51 "44";
45 1 1 22,47 "45";
46 2 0 9,43 "46";
47 2 1 35,56 "47";
48 1 1 35,50 "48";
49 2 1 5,32 "49";
50 1 0 39,64 "50";
51 2 0 59,63 "51";
52 2 0 59,61 "52";
53 2 1 2,59 "53";
54 1 1 11,40 "54";
55 0 0 38,62 "55";
56 1 0 5,22 "56";
57 2 1 6,34 "57";
58 2 1 4,49 "58";
59 1 0 10,38 "59";
60 1 0 16,43 "60";
61 1 0 36,63 "61";
62 0 1 60,64 "62";
63 2 0 28,32 "63";
64 2 0 4,62 "64";
