parity 69;
0 2 0 8,40 "0";
1 1 0 7,22 "1";
2 0 1 29,45 "2";
3 2 1 19,25 "3";
4 1 1 38,62 "4";
5 2 1 42,66 "5";
6 1 0 8,31 "6";
7 0 0 11,12 "7";
8 2 0 23,43 "8";
9 0 1 7,52 "9";
10 2 0 15,55 "10";
11 1 1 3,40 "11";
12 2 1 15,41 "12";
13 0 1 36,55 "13";
14 0 1 17,65 "14";
15 2 1 3,22 "15";
16 2 0 38,57 "16";
17 1 1 50,56 "17";
18 1 1 20,30 "18";
19 1 1 32,59 "19";
20 2 0 2,63 "20";
21 0 1 9,31 "21";
22 1 0 41,51 "22";
23 1 0 2,27 "23";
24 2 1 2,9 "24";
25 0 0 3,32 "25";
26 1 1 65,67 "26";
27 0 1 16,37 "27";
28 1 1 16,36 "28";
29 2 0 31,40 "29";
30 2 1 0,65 "30";
31 0 0 5,30 "31";
32 1 1 10,47 "32";
33 1 0 11,44 "33";
34 1 0 38,47 "34";
35 1 1 15,52 "35";
36 0 1 13,35 "36";
37 2 0 3,26 "37";
38 2 1 31,67 "38";
39 2 0 8,30 "39";
40 1 1 3,17 "40";
41 1 1 10,44 "41";
42 0 0 18,26 "42";
43 1 0 13,22 "43";
44 0 1 33,48 "44";
45 2 0 10,35 "45";
46 2 0 29,68 "46";
47 0 1 12,57 "47";
48 2 0 26,56 "48";
49 2 0 18,64 "49";
50 2 0 29,42 "50";
51 1 1 30,38 "51";
52 0 1 7,44 "52";
53 1 0 5,10 "53";
54 0 0 6,44 "54";
55 2 1 44,46 "55";
56 2 1 41,44 "56";
57 2 1 17,33 "57";
58 2 0 21,24 "58";
59 1 1 39,65 "59";
60 2 1 19,29 "60";
61 2 0 22,64 "61";
62 2 0 14,47 "62";
63 1 1 6,61 "63";
64 1 1 30,62 "64";
65 2 1 14,61 "65";
66 1 1 43,64 "66";
67 0 1 8,42 "67";
68 0 1 14,26 "68";
69 0 0 29,46 "69";
