parity 49;
0 0 1 5,32 "0";
1 2 0 44,48 "1";
2 0 1 3,22 "2";
3 1 0 14,19 "3";
4 0 0 8,13 "4";
5 0 1 9,31 "5";
6 0 0 24,45 "6";
7 1 1 38,40 "7";
8 1 1 35,37 "8";
9 0 0 23,29 "9";
10 0 0 17,24 "10";
11 0 0 6,24 "11";
12 0 1 23,47 "12";
13 1 0 17,26 "13";
14 2 1 26,33 "14";
15 0 0 9,20 "15";
16 2 1 30,37 "16";
17 0 0 13,48 "17";
18 0 1 1,36 "18";
19 1 1 3,17 "19";
20 2 1 32,34 "20";
21 2 0 15,40 "21";
22 0 1 4,43 "22";
23 1 0 20,40 "23";
24 1 0 26,28 "24";
25 0 0 2,49 "25";
26 0 1 2,34 "26";
27 0 0 19,35 "27";
28 0 1 1,48 "28";
29 0 1 8,23 "29";
30 2 0 8,14 "30";
31 0 0 20,35 "31";
32 0 0 5,33 "32";
33 2 0 3,27 "33";
34 2 1 11,19 "34";
35 1 0 31,49 "35";
36 1 1 7,15 "36";
37 2 0 6,10 "37";
38 1 1 7,9 "38";
39 2 1 4,37 "39";
40 1 1 13,20 "40";
41 0 1 42,46 "41";
42 2 1 19,32 "42";
43 2 0 5,41 "43";
44 2 0 11,18 "44";
45 0 1 29,39 "45";
46 1 1 43,45 "46";
47 1 1 8,33 "47";
48 1 1 9,34 "48";
49 1 1 35,46 "49";
