parity 74;
0 1 1 35,49 "0";
1 2 0 28,56 "1";
2 1 0 35,58 "2";
3 0 1 44,68 "3";
4 2 0 7,44 "4";
5 0 0 1,41 "5";
6 2 1 11,33 "6";
7 1 1 33,46 "7";
8 0 1 25,27 "8";
9 1 1 2,11 "9";
10 2 0 37,50 "10";
11 2 1 28,37 "11";
12 2 1 4,18 "12";
13 2 1 7,68 "13";
14 0 0 29,62 "14";
15 1 1 0,54 "15";
16 0 0 14,63 "16";
17 1 0 33,39 "17";
18 1 0 31,62 "18";
19 1 1 17,40 "19";
20 0 1 38,52 "20";
21 2 0 15,52 "21";
22 2 0 15,60 "22";
23 2 0 28,30 "23";
24 0 0 38,55 "24";
25 1 1 17,70 "25";
26 2 1 29,52 "26";
27 0 1 19,58 "27";
28 2 0 7,15 "28";
29 2 1 6,41 "29";
30 0 0 11,64 "30";
31 0 1 19,25 "31";
32 2 0 22,37 "32";
33 0 1 35,56 "33";
34 2 0 36,72 "34";
35 0 0 43,70 "35";
36 2 0 26,29 "36";
37 2 1 54,71 "37";
38 1 0 5,59 "38";
39 1 1 10,70 "39";
40 1 0 26,70 "40";
41 1 1 31,47 "41";
42 0 1 30,52 "42";
43 0 1 1,16 "43";
44 1 1 10,20 "44";
45 1 0 37,64 "45";
46 2 0 14,22 "46";
47 0 1 0,51 "47";
48 2 1 18,44 "48";
49 0 1 6,38 "49";
50 1 0 6,24 "50";
51 2 1 32,59 "51";
52 0 0 37,72 "52";
53 0 1 18,66 "53";
54 2 0 22,51 "54";
55 0 1 3,48 "55";
56 1 0 1,53 "56";
57 2 0 45,68 "57";
58 2 1 2,64 "58";
59 0 0 9,56 "59";
60 2 0 20,28 "60";
61 2 1 9,66 "61";
62 2 1 5,51 "62";
63 1 0 5,31 "63";
64 2 0 20,41 "64";
65 0 0 32,35 "65";
66 0 0 14,68 "66";
67 0 1 35,66 "67";
68 0 0 50,69 "68";
69 0 0 59,61 "69";
70 1 1 49,71 "70";
71 0 1 43,55 "71";
72 0 0 23,63 "72";
73 1 1 42,50 "73";
74 1 0 2,25 "74";
