parity 54;
0 0 1 14,42 "0";
1 2 1 48,53 "1";
2 0 1 3,32 "2";
3 2 0 51,53 "3";
4 0 0 22,53 "4";
5 1 1 41,44 "5";
6 2 1 18,51 "6";
7 0 0 1,4 "7";
8 2 0 15,43 "8";
9 2 1 1,34 "9";
10 2 0 6,35 "10";
11 1 0 40,47 "11";
12 0 0 0,17 "12";
13 1 1 34,53 "13";
14 0 0 1,47 "14";
15 1 1 0,49 "15";
16 1 0 7,48 "16";
17 1 1 16,37 "17";
18 2 0 1,35 "18";
19 2 0 29,41 "19";
20 1 0 40,48 "20";
21 1 0 44,54 "21";
22 0 0 3,54 "22";
23 1 0 48,53 "23";
24 1 0 3,31 "24";
25 2 0 21,42 "25";
26 1 1 21,41 "26";
27 2 1 8,44 "27";
28 2 1 1,14 "28";
29 2 1 15,38 "29";
30 0 0 1,33 "30";
31 2 1 30,38 "31";
32 0 1 8,12 "32";
33 1 1 4,31 "33";
34 2 1 23,45 "34";
35 2 1 28,30 "35";
36 1 0 7,43 "36";
37 0 1 7,23 "37";
38 1 1 5,33 "38";
39 2 1 15,32 "39";
40 0 0 5,43 "40";
41 1 1 13,24 "41";
42 2 0 30,38 "42";
43 2 0 5,19 "43";
44 0 0 25,52 "44";
45 1 0 3,39 "45";
46 1 1 4,33 "46";
47 2 0 9,18 "47";
48 0 1 12,16 "48";
49 0 0 0,33 "49";
50 0 0 0,29 "50";
51 2 0 8,22 "51";
52 1 1 10,44 "52";
53 2 0 9,25 "53";
54 2 0 9,47 "54";
