parity 74;
0 0 1 4,36 "0";
1 1 0 43,63 "1";
2 1 0 11,39 "2";
3 0 1 27,56 "3";
4 2 1 12,15 "4";
5 1 0 17,67 "5";
6 0 1 8,56 "6";
7 1 1 16,64 "7";
8 0 0 19,24 "8";
9 0 1 19,39 "9";
10 0 1 17,33 "10";
11 0 0 27,56 "11";
12 1 0 50,62 "12";
13 0 0 27,52 "13";
14 1 0 40,50 "14";
15 2 1 19,25 "15";
16 1 1 27,41 "16";
17 0 1 5,29 "17";
18 0 1 2,48 "18";
19 1 1 2,70 "19";
20 0 1 3,29 "20";
21 1 0 23,28 "21";
22 1 1 15,46 "22";
23 2 1 41,48 "23";
24 2 1 40,66 "24";
25 2 1 11,52 "25";
26 1 0 29,52 "26";
27 2 1 62,73 "27";
28 1 0 43,62 "28";
29 1 1 23,44 "29";
30 1 1 35,37 "30";
31 1 1 6,27 "31";
32 2 1 55,72 "32";
33 0 0 32,36 "33";
34 2 0 33,47 "34";
35 0 0 6,39 "35";
36 0 1 4,48 "36";
37 2 0 3,51 "37";
38 1 1 37,52 "38";
39 0 0 1,34 "39";
40 2 1 6,17 "40";
41 1 0 11,73 "41";
42 0 1 12,54 "42";
43 1 0 22,61 "43";
44 2 0 3,73 "44";
45 0 1 9,60 "45";
46 1 0 14,51 "46";
47 1 1 7,63 "47";
48 0 0 15,39 "48";
49 0 0 36,37 "49";
50 0 1 30,71 "50";
51 2 0 15,34 "51";
52 1 1 39,44 "52";
53 2 1 32,41 "53";
54 1 1 45,62 "54";
55 2 0 26,73 "55";
56 1 0 15,68 "56";
57 0 0 47,54 "57";
58 0 1 7,43 "58";
59 0 0 25,56 "59";
60 2 0 8,41 "60";
61 0 0 39,69 "61";
62 1 1 4,9 "62";
63 2 1 11,69 "63";
64 1 1 4,40 "64";
65 0 0 4,34 "65";
66 2 1 20,68 "66";
67 1 0 54,63 "67";
68 1 1 41,52 "68";
69 2 1 36,37 "69";
70 0 1 42,52 "70";
71 1 1 19,34 "71";
72 0 1 6,24 "72";
73 1 0 4,63 "73";
74 0 1 52,56 "74";
