parity 59;
0 1 1 22,44 "0";
1 1 0 47,50 "1";
2 0 0 6,20 "2";
3 0 0 5,56 "3";
4 1 1 16,29 "4";
5 0 0 11,27 "5";
6 1 1 34,55 "6";
7 0 1 4,30 "7";
8 0 1 24,45 "8";
9 1 1 49,55 "9";
10 1 0 21,27 "10";
11 1 0 53,56 "11";
12 0 1 44,51 "12";
13 1 0 5,47 "13";
14 0 1 36,52 "14";
15 0 1 6,8 "15";
16 1 0 47,59 "16";
17 0 1 23,31 "17";
18 0 0 15,21 "18";
19 1 0 10,26 "19";
20 1 0 31,38 "20";
21 2 0 24,32 "21";
22 2 0 45,49 "22";
23 0 0 3,39 "23";
24 2 1 20,40 "24";
25 2 1 1,44 "25";
26 0 1 37,49 "26";
27 1 1 18,21 "27";
28 0 0 11,58 "28";
29 1 1 11,54 "29";
30 0 0 35,46 "30";
31 1 1 8,17 "31";
32 1 0 12,40 "32";
33 2 0 9,29 "33";
34 2 1 52,57 "34";
35 2 1 27,51 "35";
36 0 1 1,32 "36";
37 0 1 29,42 "37";
38 0 1 29,58 "38";
39 0 1 27,36 "39";
40 1 0 12,43 "40";
41 0 1 7,36 "41";
42 1 0 17,55 "42";
43 2 0 0,38 "43";
44 0 0 34,51 "44";
45 0 0 20,41 "45";
46 0 0 39,59 "46";
47 0 0 38,42 "47";
48 1 0 4,32 "48";
49 2 0 48,58 "49";
50 0 1 26,41 "50";
51 0 0 8,24 "51";
52 2 0 23,31 "52";
53 0 0 2,56 "53";
54 0 1 27,38 "54";
55 2 0 24,29 "55";
56 2 0 2,44 "56";
57 1 1 37,44 "57";
58 1 0 3,54 "58";
59 1 0 20,30 "59";
