parity 54;
0 1 0 29,54 "0";
1 2 0 17,27 "1";
2 0 1 46,54 "2";
3 0 0 11,39 "3";
4 2 0 18,30 "4";
5 2 0 19,54 "5";
6 2 0 0,38 "6";
7 1 1 18,33 "7";
8 2 1 2,28 "8";
9 1 1 13,33 "9";
10 2 0 23,29 "10";
11 0 0 41,45 "11";
12 2 0 26,54 "12";
13 1 0 31,34 "13";
14 2 0 13,54 "14";
15 0 1 3,30 "15";
16 1 0 36,47 "16";
17 1 0 3,5 "17";
18 0 0 3,44 "18";
19 1 0 22,50 "19";
20 1 1 42,46 "20";
21 0 1 13,36 "21";
22 2 1 26,51 "22";
23 2 0 2,20 "23";
24 0 0 3,39 "24";
25 2 0 6,21 "25";
26 2 1 17,46 "26";
27 2 0 21,44 "27";
28 2 0 15,24 "28";
29 2 0 21,53 "29";
30 0 1 47,53 "30";
31 2 0 13,35 "31";
32 1 1 34,48 "32";
33 0 1 3,10 "33";
34 1 0 5,54 "34";
35 2 1 36,52 "35";
36 2 1 29,42 "36";
37 2 1 3,25 "37";
38 0 1 14,40 "38";
39 2 0 9,35 "39";
40 2 0 7,21 "40";
41 0 1 30,50 "41";
42 2 0 0,14 "42";
43 0 1 12,51 "43";
44 1 1 39,46 "44";
45 0 0 14,30 "45";
46 0 0 5,11 "46";
47 0 1 6,22 "47";
48 2 1 0,41 "48";
49 0 1 13,35 "49";
50 1 0 20,26 "50";
51 2 0 2,13 "51";
52 2 1 21,35 "52";
53 0 0 37,38 "53";
54 0 0 33,53 "54";
