parity 49;
0 1 0 19,35 "0";
1 0 0 36,42 "1";
2 0 1 43,48 "2";
3 2 1 13,17 "3";
4 1 0 8,12 "4";
5 1 0 10,15 "5";
6 0 1 1,41 "6";
7 0 1 1,39 "7";
8 2 0 27,34 "8";
9 1 0 8,24 "9";
10 2 1 4,48 "10";
11 1 1 0,33 "11";
12 0 1 16,22 "12";
13 2 0 32,39 "13";
14 1 1 28,43 "14";
15 1 0 11,18 "15";
16 1 0 13,39 "16";
17 1 0 1,42 "17";
18 2 0 5,49 "18";
19 0 1 5,7 "19";
20 0 1 19,31 "20";
21 1 1 7,43 "21";
22 2 0 4,10 "22";
23 0 0 7,16 "23";
24 2 1 20,32 "24";
25 0 0 42,49 "25";
26 2 1 35,47 "26";
27 1 1 4,39 "27";
28 2 0 3,44 "28";
29 1 1 20,45 "29";
30 0 1 16,26 "30";
31 0 0 12,16 "31";
32 1 0 27,29 "32";
33 0 0 34,43 "33";
34 1 0 10,33 "34";
35 2 1 9,14 "35";
36 1 1 10,16 "36";
37 0 1 20,46 "37";
38 0 0 6,33 "38";
39 1 1 1,28 "39";
40 0 1 4,39 "40";
41 1 0 4,23 "41";
42 0 1 6,31 "42";
43 0 0 16,49 "43";
44 2 0 18,32 "44";
45 0 1 38,44 "45";
46 0 1 27,49 "46";
47 1 1 3,39 "47";
48 2 1 26,33 "48";
49 1 1 0,48 "49";
