parity 49;
0 0 0 14,40 "0";
1 1 0 30,36 "1";
2 1 1 31,37 "2";
3 1 1 29,33 "3";
4 1 1 28,38 "4";
5 0 1 6,14 "5";
6 1 1 8,42 "6";
7 0 1 12,45 "7";
8 1 1 4,11 "8";
9 1 0 32,33 "9";
10 0 0 18,46 "10";
11 0 1 2,42 "11";
12 1 1 27,29 "12";
13 0 0 23,48 "13";
14 1 1 0,39 "14";
15 2 0 28,44 "15";
16 0 1 23,40 "16";
17 1 1 0,33 "17";
18 1 1 23,31 "18";
19 1 1 25,28 "19";
20 2 1 32,40 "20";
21 0 0 24,37 "21";
22 2 1 25,31 "22";
23 0 0 10,40 "23";
24 2 0 2,29 "24";
25 0 1 18,47 "25";
26 2 1 33,35 "26";
27 0 0 2,43 "27";
28 2 1 45,47 "28";
29 2 1 45,46 "29";
30 2 0 12,16 "30";
31 2 0 1,38 "31";
32 2 0 8,22 "32";
33 2 0 25,27 "33";
34 1 0 37,41 "34";
35 0 0 3,8 "35";
36 0 1 43,46 "36";
37 0 0 4,20 "37";
38 2 0 14,39 "38";
39 1 1 14,22 "39";
40 2 0 8,33 "40";
41 1 1 1,16 "41";
42 0 0 41,45 "42";
43 2 0 23,28 "43";
44 0 0 35,49 "44";
45 0 1 5,43 "45";
46 0 0 1,16 "46";
47 1 0 21,30 "47";
48 0 1 8,46 "48";
49 0 1 15,22 "49";
