parity 84;
0 2 1 80,83 "0";
1 1 0 58,78 "1";
2 0 1 20,28 "2";
3 2 1 16,62 "3";
4 2 1 46,50 "4";
5 0 1 21,24 "5";
6 2 0 16,63 "6";
7 2 0 14,48 "7";
8 2 1 13,72 "8";
9 1 0 11,63 "9";
10 0 0 31,61 "10";
11 1 0 18,63 "11";
12 0 0 26,56 "12";
13 2 1 26,38 "13";
14 0 0 39,72 "14";
15 1 0 18,57 "15";
16 1 0 10,52 "16";
17 1 1 60,77 "17";
18 1 0 39,70 "18";
19 1 1 24,51 "19";
20 1 0 48,61 "20";
21 0 1 37,50 "21";
22 1 0 44,73 "22";
23 0 0 31,63 "23";
24 2 0 49,55 "24";
25 1 1 37,51 "25";
26 1 1 18,20 "26";
27 1 1 59,67 "27";
28 1 0 66,80 "28";
29 1 1 22,61 "29";
30 2 0 32,72 "30";
31 2 0 25,82 "31";
32 1 0 14,20 "32";
33 2 0 13,71 "33";
34 1 1 56,65 "34";
35 2 0 73,77 "35";
36 0 1 0,68 "36";
37 1 0 60,80 "37";
38 0 0 13,79 "38";
39 2 1 59,66 "39";
40 2 0 39,59 "40";
41 0 0 20,60 "41";
42 0 0 11,70 "42";
43 0 0 9,65 "43";
44 2 0 26,76 "44";
45 2 1 30,76 "45";
46 1 1 50,70 "46";
47 1 0 1,36 "47";
48 2 0 42,72 "48";
49 1 0 17,20 "49";
50 1 0 4,57 "50";
51 2 0 53,75 "51";
52 1 1 48,59 "52";
53 0 1 64,71 "53";
54 0 1 27,52 "54";
55 1 1 5,23 "55";
56 2 0 39,79 "56";
57 2 0 13,63 "57";
58 0 0 59,67 "58";
59 2 1 16,23 "59";
60 1 0 4,41 "60";
61 0 1 27,38 "61";
62 0 0 29,73 "62";
63 0 1 21,60 "63";
64 2 1 5,13 "64";
65 0 1 6,75 "65";
66 2 1 45,71 "66";
67 0 1 21,52 "67";
68 1 1 9,60 "68";
69 0 1 27,35 "69";
70 1 1 28,79 "70";
71 2 1 10,78 "71";
72 1 0 66,82 "72";
73 2 1 42,82 "73";
74 2 0 39,82 "74";
75 2 1 32,66 "75";
76 2 1 42,68 "76";
77 0 0 1,39 "77";
78 1 0 61,64 "78";
79 1 1 11,75 "79";
80 0 1 72,74 "80";
81 0 0 53,55 "81";
82 2 0 28,53 "82";
83 2 0 27,55 "83";
84 0 1 20,76 "84";
