parity 54;
0 1 0 5,15 "0";
1 0 1 32,51 "1";
2 0 1 25,46 "2";
3 1 0 17,35 "3";
4 1 0 31,53 "4";
5 2 0 42,50 "5";
6 2 0 36,43 "6";
7 2 1 42,54 "7";
8 1 0 49,51 "8";
9 2 1 6,39 "9";
10 0 0 6,24 "10";
11 1 1 8,44 "11";
12 1 1 28,37 "12";
13 0 0 12,29 "13";
14 2 0 29,42 "14";
15 2 0 37,54 "15";
16 1 1 15,49 "16";
17 1 0 10,26 "17";
18 1 1 43,47 "18";
19 0 0 24,29 "19";
20 0 0 27,42 "20";
21 1 0 34,39 "21";
22 2 1 31,41 "22";
23 1 0 8,47 "23";
24 2 1 20,51 "24";
25 2 0 2,27 "25";
26 1 1 20,27 "26";
27 2 1 32,45 "27";
28 2 1 1,5 "28";
29 0 0 50,52 "29";
30 1 1 27,37 "30";
31 0 1 12,48 "31";
32 0 0 4,12 "32";
33 0 1 13,18 "33";
34 0 1 12,39 "34";
35 1 0 16,21 "35";
36 2 0 29,53 "36";
37 2 1 17,19 "37";
38 2 1 1,22 "38";
39 1 0 14,21 "39";
40 1 1 23,35 "40";
41 1 1 18,39 "41";
42 2 0 26,44 "42";
43 1 0 7,38 "43";
44 0 0 38,45 "44";
45 2 1 32,36 "45";
46 1 1 30,40 "46";
47 0 1 4,31 "47";
48 2 1 7,40 "48";
49 2 0 24,27 "49";
50 0 0 20,21 "50";
51 2 1 15,33 "51";
52 1 1 40,49 "52";
53 0 0 23,47 "53";
54 1 0 23,49 "54";
