parity 79;
0 0 1 30,56 "0";
1 1 0 40,52 "1";
2 0 0 39,72 "2";
3 2 1 1,13 "3";
4 2 0 3,47 "4";
5 0 0 8,24 "5";
6 1 0 54,70 "6";
7 1 0 29,54 "7";
8 1 1 45,57 "8";
9 0 1 23,65 "9";
10 0 0 7,40 "10";
11 0 0 52,68 "11";
12 0 1 30,47 "12";
13 2 0 8,46 "13";
14 0 0 25,71 "14";
15 0 1 1,41 "15";
16 0 0 12,30 "16";
17 1 1 7,57 "17";
18 1 1 9,20 "18";
19 1 1 8,65 "19";
20 1 0 19,25 "20";
21 0 1 54,55 "21";
22 1 0 28,79 "22";
23 1 0 34,52 "23";
24 2 1 48,64 "24";
25 2 1 13,65 "25";
26 1 0 28,60 "26";
27 1 1 3,8 "27";
28 2 0 4,54 "28";
29 0 1 36,58 "29";
30 0 1 47,52 "30";
31 1 1 15,23 "31";
32 1 1 2,51 "32";
33 1 1 9,21 "33";
34 1 0 24,55 "34";
35 1 1 19,43 "35";
36 0 1 44,65 "36";
37 0 0 9,27 "37";
38 2 1 12,68 "38";
39 0 0 27,57 "39";
40 2 1 31,39 "40";
41 1 0 23,72 "41";
42 1 0 59,67 "42";
43 0 0 20,44 "43";
44 1 1 32,71 "44";
45 1 1 15,77 "45";
46 0 0 58,73 "46";
47 1 0 70,74 "47";
48 0 1 3,8 "48";
49 0 1 8,17 "49";
50 0 0 18,75 "50";
51 0 0 42,49 "51";
52 0 1 2,79 "52";
53 0 1 30,61 "53";
54 1 1 19,50 "54";
55 2 1 63,78 "55";
56 1 1 5,25 "56";
57 1 0 50,56 "57";
58 1 0 44,70 "58";
59 1 0 33,40 "59";
60 0 0 27,42 "60";
61 1 0 30,49 "61";
62 1 0 3,48 "62";
63 1 0 54,68 "63";
64 1 1 25,76 "64";
65 0 0 2,25 "65";
66 2 0 11,15 "66";
67 0 1 56,74 "67";
68 1 1 17,74 "68";
69 2 0 41,59 "69";
70 2 1 28,44 "70";
71 0 0 43,76 "71";
72 1 1 27,59 "72";
73 1 0 14,26 "73";
74 0 0 19,35 "74";
75 1 1 66,68 "75";
76 0 1 31,53 "76";
77 0 1 21,54 "77";
78 0 1 35,75 "78";
79 1 0 4,9 "79";
