parity 89;
0 1 1 45,79 "0";
1 0 1 24,84 "1";
2 2 0 12,63 "2";
3 2 0 21,26 "3";
4 2 1 39,52 "4";
5 0 1 22,75 "5";
6 2 0 41,57 "6";
7 2 1 15,50 "7";
8 1 0 38,69 "8";
9 2 1 20,73 "9";
10 0 1 67,71 "10";
11 0 0 30,52 "11";
12 0 1 19,24 "12";
13 2 0 7,27 "13";
14 2 1 3,63 "14";
15 2 0 32,55 "15";
16 1 1 2,22 "16";
17 1 1 2,60 "17";
18 1 1 10,29 "18";
19 2 1 13,76 "19";
20 0 0 55,63 "20";
21 0 0 9,45 "21";
22 2 0 66,83 "22";
23 2 1 58,82 "23";
24 2 0 42,54 "24";
25 2 1 73,76 "25";
26 2 0 27,54 "26";
27 1 0 50,79 "27";
28 1 0 11,49 "28";
29 0 1 66,69 "29";
30 0 1 27,88 "30";
31 2 0 39,50 "31";
32 0 0 11,63 "32";
33 0 1 29,44 "33";
34 1 0 17,41 "34";
35 0 1 20,63 "35";
36 2 0 16,72 "36";
37 2 0 18,19 "37";
38 2 1 0,26 "38";
39 0 0 65,74 "39";
40 0 0 28,56 "40";
41 2 0 73,81 "41";
42 0 0 53,59 "42";
43 1 0 23,53 "43";
44 1 1 11,69 "44";
45 0 0 48,60 "45";
46 0 1 27,84 "46";
47 2 1 0,10 "47";
48 0 0 67,77 "48";
49 1 0 74,85 "49";
50 2 1 49,85 "50";
51 1 1 2,88 "51";
52 0 1 65,75 "52";
53 2 0 61,63 "53";
54 0 1 1,86 "54";
55 2 0 51,86 "55";
56 0 1 34,41 "56";
57 0 1 18,63 "57";
58 2 0 8,32 "58";
59 1 1 12,48 "59";
60 1 1 3,24 "60";
61 0 1 46,47 "61";
62 2 1 32,89 "62";
63 0 0 19,36 "63";
64 2 0 4,79 "64";
65 2 0 13,20 "65";
66 0 1 60,89 "66";
67 0 1 30,85 "67";
68 2 1 50,61 "68";
69 2 1 27,58 "69";
70 2 1 23,69 "70";
71 0 0 28,76 "71";
72 1 0 43,51 "72";
73 2 1 2,60 "73";
74 0 0 29,58 "74";
75 2 1 5,36 "75";
76 1 0 11,69 "76";
77 1 1 6,28 "77";
78 0 1 17,86 "78";
79 1 0 6,26 "79";
80 1 0 4,86 "80";
81 1 0 15,75 "81";
82 2 0 14,87 "82";
83 2 1 4,57 "83";
84 1 0 47,89 "84";
85 2 0 41,55 "85";
86 1 1 9,52 "86";
87 0 1 39,88 "87";
88 0 0 41,85 "88";
89 2 1 8,22 "89";
