parity 89;
0 1 1 32,44 "0";
1 1 1 20,81 "1";
2 1 1 13,79 "2";
3 1 1 34,82 "3";
4 0 1 72,78 "4";
5 2 0 51,57 "5";
6 0 0 36,82 "6";
7 1 0 16,27 "7";
8 1 1 7,45 "8";
9 2 1 39,76 "9";
10 1 0 2,43 "10";
11 2 1 66,88 "11";
12 0 0 11,81 "12";
13 1 0 33,48 "13";
14 1 0 47,78 "14";
15 1 1 18,59 "15";
16 1 0 3,52 "16";
17 0 0 9,46 "17";
18 2 1 6,60 "18";
19 1 1 13,73 "19";
20 1 1 24,30 "20";
21 2 1 19,63 "21";
22 2 0 41,82 "22";
23 2 0 19,21 "23";
24 0 0 10,17 "24";
25 2 1 1,75 "25";
26 1 1 24,69 "26";
27 0 1 8,47 "27";
28 0 0 3,30 "28";
29 0 1 14,26 "29";
30 0 1 65,83 "30";
31 1 0 13,35 "31";
32 1 1 30,37 "32";
33 0 0 36,39 "33";
34 2 0 23,38 "34";
35 1 1 63,74 "35";
36 0 0 9,47 "36";
37 2 0 15,59 "37";
38 0 1 70,77 "38";
39 0 1 40,65 "39";
40 1 0 30,63 "40";
41 0 1 9,25 "41";
42 0 1 2,27 "42";
43 2 0 46,87 "43";
44 2 1 51,71 "44";
45 1 1 6,40 "45";
46 0 0 4,28 "46";
47 1 1 66,72 "47";
48 0 0 27,56 "48";
49 1 0 16,24 "49";
50 1 1 31,78 "50";
51 0 0 12,28 "51";
52 0 1 69,83 "52";
53 1 0 16,33 "53";
54 2 1 6,44 "54";
55 2 1 42,75 "55";
56 0 1 30,38 "56";
57 1 0 26,65 "57";
58 1 1 59,63 "58";
59 1 0 24,61 "59";
60 1 1 22,72 "60";
61 2 0 30,64 "61";
62 0 1 42,81 "62";
63 0 0 2,7 "63";
64 0 0 21,33 "64";
65 2 0 11,72 "65";
66 2 1 39,89 "66";
67 1 1 43,79 "67";
68 0 0 9,88 "68";
69 2 1 4,14 "69";
70 0 1 3,60 "70";
71 2 0 9,37 "71";
72 0 1 8,70 "72";
73 0 0 63,81 "73";
74 0 0 10,48 "74";
75 1 0 34,85 "75";
76 1 1 57,71 "76";
77 0 1 8,70 "77";
78 0 0 8,52 "78";
79 0 1 21,48 "79";
80 1 0 46,84 "80";
81 2 1 10,88 "81";
82 0 0 14,38 "82";
83 2 1 43,84 "83";
84 0 1 15,44 "84";
85 0 1 30,39 "85";
86 2 0 8,61 "86";
87 0 1 69,81 "87";
88 2 0 54,60 "88";
89 0 0 38,41 "89";
