parity 39;
0 2 0 14,20 "0";
1 1 1 5,20 "1";
2 1 1 0,18 "2";
3 0 1 19,32 "3";
4 0 1 11,31 "4";
5 2 0 11,24 "5";
6 2 0 8,32 "6";
7 1 0 1,25 "7";
8 0 0 16,32 "8";
9 2 1 22,35 "9";
10 2 1 3,8 "10";
11 1 0 15,25 "11";
12 0 1 23,27 "12";
13 0 0 1,21 "13";
14 2 0 20,32 "14";
15 2 0 1,34 "15";
16 2 1 30,39 "16";
17 2 1 7,15 "17";
18 2 1 7,21 "18";
19 0 1 4,35 "19";
20 2 1 10,19 "20";
21 1 1 3,5 "21";
22 0 1 20,24 "22";
23 0 1 2,13 "23";
24 1 1 4,30 "24";
25 1 0 2,27 "25";
26 1 0 3,13 "26";
27 0 1 2,18 "27";
28 2 1 4,11 "28";
29 1 1 0,28 "29";
30 0 1 16,27 "30";
31 0 0 12,37 "31";
32 0 1 6,16 "32";
33 1 1 1,36 "33";
34 2 1 12,13 "34";
35 0 0 12,38 "35";
36 0 0 10,22 "36";
37 2 0 7,18 "37";
38 0 0 8,18 "38";
39 0 0 8,20 "39";
