parity 34;
0 0 0 22,33 "0";
1 2 0 12,19 "1";
2 0 1 29,34 "2";
3 0 1 18,33 "3";
4 0 1 18,33 "4";
5 0 1 13,23 "5";
6 0 1 18,32 "6";
7 0 1 12,33 "7";
8 1 1 11,22 "8";
9 2 1 15,25 "9";
10 1 0 19,26 "10";
11 1 1 5,12 "11";
12 0 1 7,13 "12";
13 1 0 11,28 "13";
14 2 0 2,9 "14";
15 1 0 12,19 "15";
16 1 0 5,7 "16";
17 1 0 14,23 "17";
18 0 1 23,33 "18";
19 1 1 9,33 "19";
20 1 0 15,27 "20";
21 0 1 7,30 "21";
22 1 1 16,33 "22";
23 0 1 21,22 "23";
24 0 0 18,26 "24";
25 2 1 16,29 "25";
26 0 1 19,28 "26";
27 1 1 0,11 "27";
28 0 1 19,32 "28";
29 0 1 7,10 "29";
30 2 1 15,18 "30";
31 1 0 15,19 "31";
32 0 1 19,26 "32";
33 1 0 4,27 "33";
34 2 0 0,18 "34";
