parity 69;
0 1 0 42,43 "0";
1 1 0 31,41 "1";
2 1 0 18,22 "2";
3 1 0 33,42 "3";
4 2 0 10,69 "4";
5 0 1 40,43 "5";
6 1 1 51,57 "6";
7 1 0 43,56 "7";
8 2 0 5,16 "8";
9 1 0 18,33 "9";
10 2 1 15,28 "10";
11 1 1 17,64 "11";
12 2 0 13,32 "12";
13 0 0 59,64 "13";
14 0 1 32,60 "14";
15 2 1 35,63 "15";
16 1 1 32,69 "16";
17 1 1 45,59 "17";
18 0 0 2,31 "18";
19 0 0 51,65 "19";
20 1 0 40,54 "20";
21 2 1 7,10 "21";
22 1 0 3,49 "22";
23 0 0 24,38 "23";
24 1 0 28,42 "24";
25 2 0 26,42 "25";
26 2 1 5,15 "26";
27 0 0 4,13 "27";
28 0 0 48,63 "28";
29 2 1 21,44 "29";
30 1 1 10,41 "30";
31 0 0 7,14 "31";
32 0 0 15,26 "32";
33 2 0 13,57 "33";
34 1 1 16,69 "34";
35 1 0 24,54 "35";
36 0 1 38,56 "36";
37 0 0 16,60 "37";
38 2 1 4,28 "38";
39 1 1 44,66 "39";
40 2 1 13,47 "40";
41 0 1 57,65 "41";
42 1 0 9,52 "42";
43 0 0 15,35 "43";
44 0 1 45,65 "44";
45 1 1 59,61 "45";
46 0 1 2,67 "46";
47 2 0 42,67 "47";
48 2 0 29,52 "48";
49 0 0 32,63 "49";
50 0 0 23,41 "50";
51 1 0 9,36 "51";
52 0 0 2,67 "52";
53 2 0 30,52 "53";
54 1 1 1,19 "54";
55 1 0 23,32 "55";
56 0 1 18,44 "56";
57 2 0 10,69 "57";
58 1 1 42,45 "58";
59 1 1 15,61 "59";
60 0 1 13,16 "60";
61 0 1 15,69 "61";
62 1 0 14,38 "62";
63 1 0 0,42 "63";
64 2 0 29,56 "64";
65 0 0 20,41 "65";
66 1 1 4,45 "66";
67 0 0 37,47 "67";
68 2 0 47,64 "68";
69 2 1 21,29 "69";
