parity 64;
0 2 0 27,38 "0";
1 2 0 32,59 "1";
2 0 0 4,63 "2";
3 1 0 17,52 "3";
4 1 0 13,54 "4";
5 2 0 14,52 "5";
6 1 1 18,63 "6";
7 1 1 25,47 "7";
8 0 0 9,52 "8";
9 0 0 1,63 "9";
10 0 1 27,28 "10";
11 1 0 13,20 "11";
12 1 0 29,64 "12";
13 2 0 23,61 "13";
14 2 1 25,44 "14";
15 0 1 37,55 "15";
16 2 0 25,41 "16";
17 0 0 19,36 "17";
18 2 0 29,46 "18";
19 2 1 25,48 "19";
20 0 0 5,41 "20";
21 2 0 5,63 "21";
22 1 0 28,38 "22";
23 0 0 10,47 "23";
24 1 0 36,51 "24";
25 0 1 44,49 "25";
26 1 1 50,60 "26";
27 1 0 31,45 "27";
28 2 0 47,63 "28";
29 0 0 53,55 "29";
30 2 1 17,44 "30";
31 0 0 12,20 "31";
32 0 0 13,48 "32";
33 2 1 0,3 "33";
34 0 1 28,48 "34";
35 0 0 39,46 "35";
36 2 0 17,26 "36";
37 0 1 6,27 "37";
38 0 1 56,61 "38";
39 2 1 15,63 "39";
40 0 1 35,54 "40";
41 1 1 60,62 "41";
42 2 1 35,37 "42";
43 2 0 8,14 "43";
44 0 1 46,63 "44";
45 0 1 39,43 "45";
46 2 1 10,27 "46";
47 2 1 21,25 "47";
48 0 0 40,53 "48";
49 1 1 5,28 "49";
50 2 1 29,44 "50";
51 0 1 11,43 "51";
52 2 0 6,53 "52";
53 0 0 17,61 "53";
54 1 1 24,61 "54";
55 0 1 24,35 "55";
56 0 0 4,9 "56";
57 1 0 5,27 "57";
58 1 0 0,9 "58";
59 0 1 45,58 "59";
60 1 1 12,29 "60";
61 0 1 13,29 "61";
62 0 0 14,43 "62";
63 1 1 32,47 "63";
64 1 1 30,59 "64";
