parity 54;
0 1 0 3,48 "0";
1 0 1 5,37 "1";
2 0 0 13,29 "2";
3 0 1 39,53 "3";
4 0 0 32,46 "4";
5 1 0 3,44 "5";
6 2 0 25,41 "6";
7 2 1 29,53 "7";
8 1 1 15,53 "8";
9 1 0 6,14 "9";
10 0 0 20,21 "10";
11 2 0 33,51 "11";
12 2 1 27,45 "12";
13 2 0 10,18 "13";
14 1 0 1,51 "14";
15 2 0 27,52 "15";
16 0 1 10,26 "16";
17 2 1 3,13 "17";
18 2 0 1,40 "18";
19 1 0 27,32 "19";
20 2 0 13,22 "20";
21 1 1 8,14 "21";
22 2 0 12,24 "22";
23 1 1 18,19 "23";
24 0 0 11,20 "24";
25 0 1 18,40 "25";
26 1 0 34,48 "26";
27 1 0 36,39 "27";
28 2 0 8,16 "28";
29 0 1 36,51 "29";
30 1 0 37,51 "30";
31 1 1 35,49 "31";
32 0 0 1,49 "32";
33 2 1 4,32 "33";
34 0 0 26,44 "34";
35 2 1 7,13 "35";
36 2 0 12,22 "36";
37 1 1 5,31 "37";
38 0 0 3,49 "38";
39 1 0 8,10 "39";
40 2 1 1,42 "40";
41 2 1 24,27 "41";
42 0 0 6,11 "42";
43 1 0 6,23 "43";
44 0 1 12,24 "44";
45 0 0 20,52 "45";
46 1 1 24,44 "46";
47 1 0 10,40 "47";
48 2 0 10,41 "48";
49 0 0 0,37 "49";
50 1 1 26,38 "50";
51 1 0 23,53 "51";
52 2 1 5,15 "52";
53 0 0 5,9 "53";
54 2 0 17,49 "54";
