parity 29;
0 2 0 21,29 "0";
1 0 1 23,28 "1";
2 2 1 7,21 "2";
3 2 1 6,8 "3";
4 2 0 1,18 "4";
5 2 0 12,24 "5";
6 1 1 11,22 "6";
7 1 1 1,28 "7";
8 0 1 4,29 "8";
9 2 1 6,16 "9";
10 1 0 1,27 "10";
11 0 1 15,16 "11";
12 0 1 15,23 "12";
13 1 0 9,26 "13";
14 2 0 3,11 "14";
15 2 0 26,29 "15";
16 0 1 12,28 "16";
17 0 1 16,23 "17";
18 2 1 0,15 "18";
19 1 1 0,9 "19";
20 2 1 3,10 "20";
21 1 1 10,24 "21";
22 2 1 4,6 "22";
23 0 1 26,29 "23";
24 2 0 2,17 "24";
25 2 0 3,11 "25";
26 0 1 2,25 "26";
27 2 1 4,15 "27";
28 2 1 13,26 "28";
29 1 0 2,12 "29";
