parity 44;
0 2 0 17,21 "0";
1 2 0 13,36 "1";
2 1 0 23,36 "2";
3 0 0 1,30 "3";
4 1 1 25,37 "4";
5 0 0 28,32 "5";
6 2 1 32,40 "6";
7 1 0 12,22 "7";
8 0 0 9,44 "8";
9 1 1 22,29 "9";
10 2 0 15,17 "10";
11 2 0 1,41 "11";
12 2 0 23,31 "12";
13 2 1 7,43 "13";
14 0 0 5,41 "14";
15 0 0 6,10 "15";
16 1 0 2,22 "16";
17 1 1 32,37 "17";
18 2 1 31,42 "18";
19 1 0 6,15 "19";
20 2 0 29,44 "20";
21 1 0 12,22 "21";
22 1 1 12,19 "22";
23 1 1 10,44 "23";
24 1 0 38,40 "24";
25 2 1 10,31 "25";
26 2 0 4,17 "26";
27 0 1 8,11 "27";
28 0 1 6,32 "28";
29 2 0 22,37 "29";
30 1 1 36,42 "30";
31 0 1 10,29 "31";
32 2 1 33,39 "32";
33 0 0 15,21 "33";
34 2 0 9,38 "34";
35 2 1 4,13 "35";
36 2 0 40,43 "36";
37 0 0 19,33 "37";
38 0 0 4,24 "38";
39 2 1 17,22 "39";
40 0 0 1,3 "40";
41 0 1 1,16 "41";
42 2 1 1,7 "42";
43 0 0 6,9 "43";
44 2 0 29,40 "44";
