parity 89;
0 2 0 5,36 "0";
1 2 1 2,86 "1";
2 2 0 51,81 "2";
3 0 0 8,53 "3";
4 1 0 15,66 "4";
5 0 1 34,67 "5";
6 0 1 20,86 "6";
7 0 1 18,89 "7";
8 2 1 25,39 "8";
9 2 1 31,85 "9";
10 0 1 18,77 "10";
11 1 1 6,13 "11";
12 2 0 16,31 "12";
13 1 1 50,87 "13";
14 0 1 7,21 "14";
15 1 0 3,28 "15";
16 2 0 14,84 "16";
17 0 0 15,59 "17";
18 2 0 33,46 "18";
19 0 0 35,61 "19";
20 0 0 4,71 "20";
21 2 0 46,57 "21";
22 1 1 9,27 "22";
23 1 1 45,59 "23";
24 0 1 10,39 "24";
25 2 1 60,80 "25";
26 0 1 7,61 "26";
27 0 1 44,51 "27";
28 1 1 22,68 "28";
29 2 0 1,7 "29";
30 0 1 41,46 "30";
31 2 0 41,43 "31";
32 2 1 16,53 "32";
33 2 0 12,70 "33";
34 1 1 67,80 "34";
35 1 0 44,62 "35";
36 0 1 56,64 "36";
37 1 1 31,50 "37";
38 1 1 12,76 "38";
39 0 1 22,32 "39";
40 2 0 23,75 "40";
41 0 0 0,17 "41";
42 1 0 39,47 "42";
43 2 1 42,49 "43";
44 1 0 0,56 "44";
45 1 1 15,42 "45";
46 2 1 28,48 "46";
47 2 1 6,66 "47";
48 2 0 16,38 "48";
49 1 0 10,88 "49";
50 1 1 22,23 "50";
51 2 1 38,41 "51";
52 0 0 6,87 "52";
53 2 0 47,87 "53";
54 1 0 10,65 "54";
55 2 0 8,84 "55";
56 1 1 53,65 "56";
57 2 1 12,28 "57";
58 1 1 3,73 "58";
59 1 1 42,68 "59";
60 1 1 8,38 "60";
61 2 1 16,63 "61";
62 0 0 35,39 "62";
63 2 0 5,34 "63";
64 1 1 30,70 "64";
65 2 0 16,50 "65";
66 2 0 45,73 "66";
67 2 1 36,41 "67";
68 0 0 50,87 "68";
69 2 0 8,36 "69";
70 2 1 66,80 "70";
71 0 0 41,57 "71";
72 1 0 77,89 "72";
73 2 0 35,77 "73";
74 1 0 30,69 "74";
75 1 1 9,20 "75";
76 1 0 47,60 "76";
77 0 0 42,88 "77";
78 0 0 39,57 "78";
79 2 1 69,87 "79";
80 0 0 11,21 "80";
81 2 0 9,77 "81";
82 0 1 47,73 "82";
83 2 0 30,74 "83";
84 0 0 33,59 "84";
85 1 1 30,44 "85";
86 2 1 3,21 "86";
87 1 1 47,70 "87";
88 0 1 55,71 "88";
89 2 1 63,87 "89";
