parity 49;
0 2 1 28,31 "0";
1 0 0 17,31 "1";
2 1 0 10,18 "2";
3 0 1 7,49 "3";
4 0 1 39,49 "4";
5 2 1 2,32 "5";
6 1 0 8,17 "6";
7 2 0 18,41 "7";
8 1 0 1,10 "8";
9 0 1 4,27 "9";
10 2 0 6,47 "10";
11 1 1 32,44 "11";
12 1 1 31,46 "12";
13 0 1 7,35 "13";
14 1 0 2,41 "14";
15 0 0 40,44 "15";
16 2 0 5,22 "16";
17 0 1 1,7 "17";
18 2 0 5,48 "18";
19 1 1 17,42 "19";
20 1 0 18,29 "20";
21 0 0 20,41 "21";
22 0 1 20,28 "22";
23 2 0 35,44 "23";
24 0 0 15,37 "24";
25 1 0 5,9 "25";
26 0 1 12,18 "26";
27 1 0 11,49 "27";
28 1 1 5,29 "28";
29 2 0 35,49 "29";
30 0 0 11,18 "30";
31 0 0 33,45 "31";
32 2 0 31,39 "32";
33 0 0 19,49 "33";
34 0 1 6,41 "34";
35 1 1 1,49 "35";
36 1 1 9,11 "36";
37 2 1 23,41 "37";
38 2 1 3,27 "38";
39 2 0 10,48 "39";
40 1 1 5,24 "40";
41 1 1 35,44 "41";
42 2 1 33,44 "42";
43 2 1 12,48 "43";
44 2 0 6,38 "44";
45 0 1 21,49 "45";
46 1 0 1,25 "46";
47 2 1 32,45 "47";
48 0 1 5,9 "48";
49 2 1 8,20 "49";
