parity 84;
0 0 1 38,51 "0";
1 2 1 66,77 "1";
2 2 1 1,78 "2";
3 0 1 31,63 "3";
4 0 1 23,53 "4";
5 0 0 3,11 "5";
6 2 1 21,56 "6";
7 1 0 34,79 "7";
8 1 0 12,36 "8";
9 2 1 13,48 "9";
10 1 1 5,38 "10";
11 0 1 41,47 "11";
12 0 0 6,21 "12";
13 0 0 39,76 "13";
14 0 1 12,65 "14";
15 0 0 31,79 "15";
16 1 1 36,59 "16";
17 2 0 21,27 "17";
18 1 1 53,73 "18";
19 1 0 26,47 "19";
20 2 1 67,71 "20";
21 2 0 25,68 "21";
22 2 0 11,37 "22";
23 1 0 27,52 "23";
24 0 0 31,71 "24";
25 2 1 38,52 "25";
26 0 0 38,62 "26";
27 2 0 76,83 "27";
28 0 0 37,54 "28";
29 1 1 19,63 "29";
30 1 1 10,77 "30";
31 1 1 46,81 "31";
32 1 1 20,44 "32";
33 2 0 27,71 "33";
34 2 0 3,80 "34";
35 0 1 48,58 "35";
36 2 1 7,30 "36";
37 0 1 26,67 "37";
38 1 1 24,42 "38";
39 1 0 4,23 "39";
40 0 1 8,23 "40";
41 2 0 8,23 "41";
42 0 0 25,45 "42";
43 2 1 6,13 "43";
44 2 0 11,59 "44";
45 1 1 41,43 "45";
46 1 1 35,57 "46";
47 2 1 27,30 "47";
48 1 0 23,26 "48";
49 0 1 12,16 "49";
50 1 0 19,40 "50";
51 1 1 16,24 "51";
52 1 0 3,13 "52";
53 1 1 12,28 "53";
54 2 1 29,74 "54";
55 2 0 11,27 "55";
56 0 1 37,63 "56";
57 1 0 2,32 "57";
58 2 1 24,42 "58";
59 0 1 12,44 "59";
60 1 1 1,70 "60";
61 1 0 10,83 "61";
62 1 1 20,49 "62";
63 2 1 5,9 "63";
64 2 1 36,68 "64";
65 0 0 32,51 "65";
66 2 0 11,19 "66";
67 2 0 9,60 "67";
68 1 1 79,81 "68";
69 2 0 9,49 "69";
70 1 1 23,80 "70";
71 1 1 46,52 "71";
72 2 0 28,79 "72";
73 0 1 29,53 "73";
74 1 1 0,57 "74";
75 1 1 25,45 "75";
76 0 0 49,56 "76";
77 2 1 17,43 "77";
78 1 1 13,74 "78";
79 2 0 41,49 "79";
80 2 1 65,74 "80";
81 1 0 47,64 "81";
82 1 1 12,61 "82";
83 2 0 24,31 "83";
84 1 0 19,69 "84";
