parity 34;
0 0 1 3,21 "0";
1 1 1 5,14 "1";
2 0 1 18,22 "2";
3 2 1 14,17 "3";
4 1 1 7,13 "4";
5 0 0 18,24 "5";
6 1 1 14,23 "6";
7 1 0 9,18 "7";
8 2 1 10,25 "8";
9 2 0 8,24 "9";
10 0 1 16,30 "10";
11 0 0 8,22 "11";
12 0 1 25,31 "12";
13 2 0 2,19 "13";
14 2 0 4,30 "14";
15 2 1 0,26 "15";
16 1 1 2,12 "16";
17 2 1 0,1 "17";
18 0 1 4,6 "18";
19 2 1 0,27 "19";
20 1 0 2,6 "20";
21 0 1 6,20 "21";
22 0 1 1,11 "22";
23 1 0 24,34 "23";
24 2 0 7,30 "24";
25 1 1 4,30 "25";
26 1 0 4,11 "26";
27 0 1 1,31 "27";
28 1 0 0,11 "28";
29 1 1 2,11 "29";
30 2 0 6,21 "30";
31 0 0 0,32 "31";
32 2 1 15,30 "32";
33 2 1 11,34 "33";
34 2 1 6,33 "34";
