parity 74;
0 0 1 19,72 "0";
1 0 1 13,61 "1";
2 2 1 21,55 "2";
3 2 0 27,64 "3";
4 1 0 21,58 "4";
5 1 1 0,23 "5";
6 1 1 2,61 "6";
7 1 0 55,68 "7";
8 1 0 23,38 "8";
9 2 1 6,32 "9";
10 0 0 55,73 "10";
11 2 1 19,67 "11";
12 1 1 45,55 "12";
13 0 1 39,52 "13";
14 1 1 41,56 "14";
15 2 1 13,50 "15";
16 1 1 5,56 "16";
17 2 1 36,53 "17";
18 0 1 26,74 "18";
19 1 0 13,26 "19";
20 2 1 3,62 "20";
21 2 0 39,43 "21";
22 0 1 2,25 "22";
23 1 1 15,30 "23";
24 2 1 38,66 "24";
25 2 0 34,58 "25";
26 1 0 8,64 "26";
27 2 0 14,41 "27";
28 2 1 14,55 "28";
29 2 0 46,69 "29";
30 1 1 14,71 "30";
31 2 0 12,21 "31";
32 1 1 27,57 "32";
33 1 0 37,56 "33";
34 0 1 29,33 "34";
35 2 0 31,36 "35";
36 0 0 31,72 "36";
37 0 0 1,21 "37";
38 0 1 47,71 "38";
39 1 1 5,9 "39";
40 1 0 12,71 "40";
41 0 0 11,31 "41";
42 1 1 44,65 "42";
43 1 0 20,55 "43";
44 2 1 27,65 "44";
45 1 1 14,27 "45";
46 2 1 35,53 "46";
47 1 1 0,72 "47";
48 1 1 2,73 "48";
49 0 0 10,42 "49";
50 0 1 25,73 "50";
51 0 1 6,11 "51";
52 0 1 8,41 "52";
53 1 0 13,33 "53";
54 0 0 13,19 "54";
55 0 0 29,74 "55";
56 1 1 25,44 "56";
57 0 1 33,73 "57";
58 0 0 32,41 "58";
59 1 1 12,16 "59";
60 0 0 52,55 "60";
61 1 0 31,72 "61";
62 2 0 30,36 "62";
63 2 0 66,73 "63";
64 0 0 35,66 "64";
65 2 1 22,73 "65";
66 2 0 8,68 "66";
67 0 1 13,68 "67";
68 2 1 62,64 "68";
69 0 0 24,29 "69";
70 0 1 4,51 "70";
71 2 1 44,69 "71";
72 0 0 45,56 "72";
73 1 0 2,49 "73";
74 0 1 2,53 "74";
