parity 29;
0 0 1 2,4 "0";
1 0 0 4,25 "1";
2 1 0 4,11 "2";
3 0 1 18,27 "3";
4 1 1 3,10 "4";
5 2 1 13,25 "5";
6 1 0 14,25 "6";
7 1 0 16,28 "7";
8 2 0 1,21 "8";
9 0 0 16,24 "9";
10 2 1 0,3 "10";
11 0 1 15,27 "11";
12 2 1 0,20 "12";
13 2 1 2,23 "13";
14 2 0 0,28 "14";
15 0 1 17,20 "15";
16 1 1 12,29 "16";
17 2 1 9,21 "17";
18 2 0 17,27 "18";
19 2 1 17,25 "19";
20 1 0 1,22 "20";
21 0 1 10,18 "21";
22 0 1 16,19 "22";
23 2 0 5,20 "23";
24 0 0 10,26 "24";
25 2 1 9,23 "25";
26 1 1 19,23 "26";
27 2 1 2,22 "27";
28 0 1 19,21 "28";
29 1 1 13,23 "29";
