parity 29;
0 1 1 6,9 "0";
1 2 1 20,26 "1";
2 1 0 18,20 "2";
3 1 0 15,25 "3";
4 0 1 18,28 "4";
5 0 0 18,20 "5";
6 0 1 11,23 "6";
7 2 0 3,18 "7";
8 1 1 7,24 "8";
9 2 1 3,25 "9";
10 0 1 5,17 "10";
11 1 1 17,29 "11";
12 1 0 6,25 "12";
13 1 1 19,28 "13";
14 1 0 2,23 "14";
15 2 0 14,22 "15";
16 0 1 5,6 "16";
17 1 1 12,22 "17";
18 0 0 3,28 "18";
19 0 1 4,24 "19";
20 2 0 0,27 "20";
21 2 1 19,28 "21";
22 1 0 0,14 "22";
23 1 0 18,26 "23";
24 1 1 20,22 "24";
25 2 0 14,16 "25";
26 2 1 12,27 "26";
27 0 0 2,24 "27";
28 1 0 12,16 "28";
29 1 0 22,25 "29";
