parity 29;
0 0 1 11,21 "0";
1 2 0 12,20 "1";
2 2 1 8,18 "2";
3 1 0 4,22 "3";
4 2 1 1,27 "4";
5 0 0 0,7 "5";
6 1 0 3,27 "6";
7 0 0 17,24 "7";
8 2 0 1,11 "8";
9 1 1 17,24 "9";
10 2 1 6,21 "10";
11 2 1 16,23 "11";
12 1 1 0,19 "12";
13 1 1 16,17 "13";
14 0 1 5,26 "14";
15 2 1 2,17 "15";
16 1 1 6,22 "16";
17 0 1 15,18 "17";
18 0 0 11,28 "18";
19 2 1 16,25 "19";
20 2 1 17,23 "20";
21 2 0 13,28 "21";
22 0 1 1,29 "22";
23 2 1 10,16 "23";
24 0 0 13,20 "24";
25 1 1 11,15 "25";
26 2 0 1,5 "26";
27 2 0 4,26 "27";
28 1 0 9,11 "28";
29 0 1 10,14 "29";
