parity 44;
0 2 1 8,37 "0";
1 2 0 11,39 "1";
2 2 1 10,25 "2";
3 1 1 17,24 "3";
4 2 0 0,19 "4";
5 1 0 17,35 "5";
6 1 0 13,42 "6";
7 0 1 13,44 "7";
8 0 1 11,19 "8";
9 2 1 26,39 "9";
10 0 0 11,18 "10";
11 1 0 37,41 "11";
12 2 0 0,7 "12";
13 2 1 5,33 "13";
14 0 1 17,24 "14";
15 2 1 38,39 "15";
16 2 0 10,28 "16";
17 1 0 31,38 "17";
18 2 0 38,44 "18";
19 0 0 18,22 "19";
20 2 0 25,39 "20";
21 0 1 10,42 "21";
22 1 1 3,23 "22";
23 0 0 5,34 "23";
24 1 1 26,28 "24";
25 0 0 5,44 "25";
26 0 1 18,24 "26";
27 0 1 17,20 "27";
28 0 1 14,17 "28";
29 2 0 4,25 "29";
30 1 0 41,42 "30";
31 0 1 15,44 "31";
32 1 1 13,30 "32";
33 2 0 7,17 "33";
34 0 1 5,8 "34";
35 1 1 2,7 "35";
36 2 0 35,37 "36";
37 2 1 17,30 "37";
38 1 0 8,33 "38";
39 0 0 17,29 "39";
40 1 0 11,31 "40";
41 1 0 3,29 "41";
42 2 0 11,31 "42";
43 1 0 3,12 "43";
44 2 0 24,34 "44";
