parity 49;
0 1 0 20,25 "0";
1 0 1 25,42 "1";
2 0 1 20,31 "2";
3 2 1 16,34 "3";
4 0 0 8,23 "4";
5 0 1 15,33 "5";
6 2 0 38,40 "6";
7 1 1 23,45 "7";
8 1 0 12,48 "8";
9 2 0 10,11 "9";
10 2 0 41,45 "10";
11 1 0 2,14 "11";
12 1 0 11,32 "12";
13 2 1 25,38 "13";
14 1 1 34,45 "14";
15 0 1 14,18 "15";
16 2 0 6,27 "16";
17 0 0 31,35 "17";
18 2 1 15,19 "18";
19 1 0 15,20 "19";
20 2 1 36,44 "20";
21 1 0 11,27 "21";
22 0 0 11,41 "22";
23 0 1 31,46 "23";
24 2 0 5,25 "24";
25 1 1 41,44 "25";
26 1 1 1,37 "26";
27 0 1 15,39 "27";
28 0 1 8,49 "28";
29 0 1 24,49 "29";
30 0 1 0,24 "30";
31 2 1 17,36 "31";
32 1 1 7,48 "32";
33 2 1 0,32 "33";
34 1 1 8,28 "34";
35 1 1 22,32 "35";
36 0 0 26,44 "36";
37 0 1 5,19 "37";
38 1 1 5,23 "38";
39 0 1 0,41 "39";
40 2 0 2,41 "40";
41 0 0 18,47 "41";
42 1 1 45,46 "42";
43 0 1 3,41 "43";
44 2 1 5,14 "44";
45 2 0 27,43 "45";
46 0 0 2,34 "46";
47 0 1 24,45 "47";
48 2 1 39,47 "48";
49 2 0 18,47 "49";
