parity 59;
0 2 1 17,22 "0";
1 0 0 9,17 "1";
2 1 1 52,56 "2";
3 1 0 1,38 "3";
4 0 0 15,45 "4";
5 2 1 34,36 "5";
6 1 1 2,23 "6";
7 1 0 17,28 "7";
8 0 1 6,11 "8";
9 2 0 46,49 "9";
10 2 0 36,46 "10";
11 2 1 50,53 "11";
12 0 1 10,42 "12";
13 1 1 19,36 "13";
14 0 0 46,58 "14";
15 0 1 27,58 "15";
16 0 0 3,22 "16";
17 2 0 10,33 "17";
18 2 0 53,54 "18";
19 2 1 37,50 "19";
20 1 1 42,43 "20";
21 0 0 31,35 "21";
22 1 1 45,54 "22";
23 2 1 13,43 "23";
24 0 1 12,46 "24";
25 2 0 32,55 "25";
26 2 0 9,56 "26";
27 0 1 25,48 "27";
28 1 0 2,56 "28";
29 1 1 7,52 "29";
30 0 1 16,23 "30";
31 0 0 22,38 "31";
32 0 1 29,35 "32";
33 1 1 19,55 "33";
34 0 1 40,47 "34";
35 0 0 0,39 "35";
36 1 0 16,49 "36";
37 0 0 27,31 "37";
38 1 0 21,25 "38";
39 1 1 32,47 "39";
40 0 0 6,54 "40";
41 2 1 1,37 "41";
42 1 1 48,50 "42";
43 0 0 51,57 "43";
44 2 0 39,50 "44";
45 2 0 13,50 "45";
46 0 0 6,45 "46";
47 1 1 21,26 "47";
48 2 0 16,44 "48";
49 2 1 9,46 "49";
50 0 0 31,42 "50";
51 2 1 35,43 "51";
52 2 1 33,42 "52";
53 2 0 15,57 "53";
54 0 0 27,37 "54";
55 2 1 17,27 "55";
56 0 1 32,51 "56";
57 1 0 21,38 "57";
58 0 0 13,51 "58";
59 0 1 9,14 "59";
