parity 54;
0 0 1 27,52 "0";
1 2 0 12,27 "1";
2 0 1 7,39 "2";
3 0 0 23,47 "3";
4 0 1 8,54 "4";
5 0 1 29,46 "5";
6 1 0 13,38 "6";
7 1 1 16,36 "7";
8 2 1 14,45 "8";
9 2 0 46,48 "9";
10 0 0 52,53 "10";
11 0 1 42,51 "11";
12 1 0 16,49 "12";
13 2 1 20,54 "13";
14 2 0 12,48 "14";
15 1 0 10,46 "15";
16 2 1 23,28 "16";
17 2 1 4,9 "17";
18 2 1 16,51 "18";
19 0 1 2,34 "19";
20 1 0 22,41 "20";
21 0 1 25,49 "21";
22 2 0 3,28 "22";
23 0 0 14,52 "23";
24 0 1 32,49 "24";
25 0 1 31,48 "25";
26 2 0 1,13 "26";
27 1 0 37,53 "27";
28 0 1 21,29 "28";
29 2 0 43,48 "29";
30 1 0 22,27 "30";
31 2 1 6,50 "31";
32 0 0 25,53 "32";
33 0 0 41,50 "33";
34 0 1 36,50 "34";
35 0 1 20,45 "35";
36 0 0 15,41 "36";
37 2 1 22,35 "37";
38 1 0 32,52 "38";
39 1 1 7,23 "39";
40 2 1 4,44 "40";
41 0 0 32,46 "41";
42 1 0 40,52 "42";
43 1 0 10,18 "43";
44 2 1 19,27 "44";
45 0 1 5,20 "45";
46 2 1 25,38 "46";
47 1 1 6,41 "47";
48 0 0 21,24 "48";
49 2 0 30,53 "49";
50 0 1 11,30 "50";
51 1 1 23,47 "51";
52 0 0 13,33 "52";
53 0 0 15,38 "53";
54 1 1 30,50 "54";
