parity 79;
0 2 1 37,70 "0";
1 2 0 33,51 "1";
2 0 1 11,40 "2";
3 2 1 13,70 "3";
4 1 0 64,76 "4";
5 2 0 35,48 "5";
6 1 0 57,78 "6";
7 1 1 20,65 "7";
8 1 0 1,23 "8";
9 0 0 48,68 "9";
10 1 0 6,55 "10";
11 2 1 19,64 "11";
12 0 0 50,63 "12";
13 0 0 24,39 "13";
14 0 0 10,27 "14";
15 2 0 25,34 "15";
16 0 0 24,52 "16";
17 2 0 41,73 "17";
18 1 0 4,73 "18";
19 0 1 39,48 "19";
20 2 1 58,78 "20";
21 1 0 45,62 "21";
22 2 0 4,31 "22";
23 1 0 37,56 "23";
24 0 0 44,46 "24";
25 1 0 8,73 "25";
26 1 0 9,27 "26";
27 0 0 5,34 "27";
28 2 0 0,6 "28";
29 1 0 41,61 "29";
30 2 1 3,29 "30";
31 2 0 6,57 "31";
32 1 1 43,55 "32";
33 1 1 15,38 "33";
34 0 1 33,70 "34";
35 0 0 25,50 "35";
36 1 1 35,78 "36";
37 2 0 2,61 "37";
38 0 1 33,63 "38";
39 0 0 16,21 "39";
40 0 0 9,77 "40";
41 1 0 23,67 "41";
42 2 1 18,22 "42";
43 0 1 11,35 "43";
44 2 0 5,78 "44";
45 0 1 20,43 "45";
46 2 1 36,39 "46";
47 2 0 59,70 "47";
48 1 0 10,24 "48";
49 0 1 10,74 "49";
50 0 1 3,33 "50";
51 1 0 42,53 "51";
52 0 0 0,26 "52";
53 1 1 22,33 "53";
54 2 0 59,63 "54";
55 2 0 15,16 "55";
56 0 1 23,59 "56";
57 0 0 0,39 "57";
58 0 1 44,60 "58";
59 1 0 14,56 "59";
60 1 1 70,75 "60";
61 1 0 36,63 "61";
62 0 1 44,79 "62";
63 1 0 68,79 "63";
64 0 1 43,68 "64";
65 0 1 47,74 "65";
66 0 1 10,49 "66";
67 2 0 40,60 "67";
68 0 0 13,58 "68";
69 0 0 41,62 "69";
70 1 0 9,35 "70";
71 2 1 52,72 "71";
72 2 0 28,32 "72";
73 0 0 6,9 "73";
74 1 1 56,57 "74";
75 1 0 27,30 "75";
76 2 1 17,46 "76";
77 0 1 16,55 "77";
78 1 1 11,24 "78";
79 1 0 21,71 "79";
