parity 54;
0 1 1 9,42 "0";
1 1 0 17,53 "1";
2 2 0 27,46 "2";
3 1 1 7,9 "3";
4 0 1 29,41 "4";
5 2 1 2,17 "5";
6 2 0 30,31 "6";
7 1 0 12,44 "7";
8 2 1 3,41 "8";
9 2 1 21,28 "9";
10 2 0 27,33 "10";
11 2 0 40,52 "11";
12 1 1 28,45 "12";
13 1 1 32,46 "13";
14 2 1 28,48 "14";
15 1 1 0,13 "15";
16 0 0 45,50 "16";
17 2 1 9,44 "17";
18 0 1 1,22 "18";
19 2 1 48,51 "19";
20 2 0 10,12 "20";
21 2 1 12,49 "21";
22 1 1 8,36 "22";
23 2 1 37,46 "23";
24 1 1 3,53 "24";
25 1 1 43,51 "25";
26 0 0 4,41 "26";
27 0 1 3,34 "27";
28 2 0 13,22 "28";
29 1 0 8,30 "29";
30 1 0 13,44 "30";
31 2 1 6,52 "31";
32 2 0 14,54 "32";
33 2 0 13,50 "33";
34 2 0 20,29 "34";
35 1 1 26,44 "35";
36 0 0 48,54 "36";
37 0 0 36,43 "37";
38 2 1 18,36 "38";
39 1 1 24,43 "39";
40 2 1 16,54 "40";
41 1 1 2,22 "41";
42 0 1 5,31 "42";
43 1 1 2,19 "43";
44 2 0 49,51 "44";
45 1 0 8,15 "45";
46 0 0 5,6 "46";
47 1 0 18,32 "47";
48 0 1 13,43 "48";
49 0 1 1,37 "49";
50 2 1 18,37 "50";
51 1 1 13,16 "51";
52 0 1 7,41 "52";
53 2 1 5,40 "53";
54 1 1 2,8 "54";
