parity 79;
0 0 0 6,42 "0";
1 1 0 26,60 "1";
2 1 0 7,17 "2";
3 2 1 17,31 "3";
4 0 1 18,31 "4";
5 0 0 3,14 "5";
6 0 0 49,74 "6";
7 0 1 8,10 "7";
8 0 0 6,47 "8";
9 2 1 10,50 "9";
10 0 0 24,45 "10";
11 0 1 18,54 "11";
12 1 0 27,30 "12";
13 0 0 28,51 "13";
14 1 1 74,77 "14";
15 0 0 1,16 "15";
16 0 1 4,28 "16";
17 2 0 11,59 "17";
18 1 1 10,36 "18";
19 0 1 2,57 "19";
20 0 0 8,19 "20";
21 1 1 7,73 "21";
22 2 1 7,72 "22";
23 2 1 12,22 "23";
24 1 0 38,43 "24";
25 2 0 68,79 "25";
26 0 0 23,71 "26";
27 0 0 19,49 "27";
28 2 0 20,34 "28";
29 1 0 16,62 "29";
30 1 0 9,34 "30";
31 0 1 7,42 "31";
32 2 0 8,64 "32";
33 1 0 11,72 "33";
34 0 1 7,43 "34";
35 1 0 53,69 "35";
36 1 0 22,49 "36";
37 1 1 31,65 "37";
38 0 0 56,72 "38";
39 0 1 24,30 "39";
40 2 1 3,78 "40";
41 1 1 5,21 "41";
42 2 1 23,56 "42";
43 0 1 28,30 "43";
44 1 1 2,18 "44";
45 2 1 6,40 "45";
46 0 1 1,17 "46";
47 0 0 27,28 "47";
48 0 1 22,72 "48";
49 1 1 19,59 "49";
50 2 0 11,41 "50";
51 2 1 30,43 "51";
52 1 0 26,37 "52";
53 0 0 17,31 "53";
54 1 1 1,22 "54";
55 2 0 13,76 "55";
56 0 1 1,18 "56";
57 2 1 45,50 "57";
58 2 0 10,69 "58";
59 2 0 29,53 "59";
60 1 0 20,48 "60";
61 1 0 29,69 "61";
62 0 0 15,58 "62";
63 0 1 7,79 "63";
64 1 1 10,28 "64";
65 2 1 34,66 "65";
66 0 0 43,58 "66";
67 2 0 60,61 "67";
68 2 0 34,76 "68";
69 2 1 38,67 "69";
70 2 1 76,78 "70";
71 1 0 68,74 "71";
72 1 1 45,47 "72";
73 2 0 39,49 "73";
74 2 1 48,56 "74";
75 1 1 22,66 "75";
76 1 1 28,62 "76";
77 1 0 51,61 "77";
78 2 0 24,28 "78";
79 1 1 23,45 "79";
