parity 54;
0 0 1 31,33 "0";
1 1 1 29,41 "1";
2 1 0 18,20 "2";
3 0 0 35,48 "3";
4 1 0 26,43 "4";
5 0 0 34,39 "5";
6 2 0 19,36 "6";
7 2 1 15,32 "7";
8 2 0 26,49 "8";
9 2 0 7,27 "9";
10 2 0 19,34 "10";
11 1 0 28,40 "11";
12 0 0 4,35 "12";
13 2 0 10,22 "13";
14 2 1 9,42 "14";
15 0 0 30,32 "15";
16 1 0 17,26 "16";
17 2 0 20,40 "17";
18 2 0 10,13 "18";
19 1 0 13,47 "19";
20 1 0 33,39 "20";
21 1 0 11,34 "21";
22 1 0 23,53 "22";
23 1 1 5,35 "23";
24 0 1 22,49 "24";
25 0 0 0,10 "25";
26 1 1 13,22 "26";
27 0 0 17,50 "27";
28 0 1 9,43 "28";
29 1 1 6,32 "29";
30 1 0 2,36 "30";
31 0 1 4,12 "31";
32 1 0 20,34 "32";
33 2 0 15,17 "33";
34 2 0 4,15 "34";
35 0 0 0,16 "35";
36 2 1 8,52 "36";
37 1 0 24,54 "37";
38 2 0 27,32 "38";
39 0 1 1,21 "39";
40 0 0 26,47 "40";
41 1 0 2,31 "41";
42 0 1 8,29 "42";
43 1 0 31,49 "43";
44 2 1 5,15 "44";
45 0 0 2,16 "45";
46 0 1 7,20 "46";
47 2 0 10,28 "47";
48 2 1 2,50 "48";
49 1 0 1,42 "49";
50 0 0 34,43 "50";
51 0 0 20,29 "51";
52 2 0 21,23 "52";
53 2 0 1,46 "53";
54 2 1 32,50 "54";
