parity 44;
0 1 0 4,5 "0";
1 2 1 29,33 "1";
2 2 1 29,35 "2";
3 1 0 23,44 "3";
4 2 0 28,30 "4";
5 0 1 13,42 "5";
6 2 0 5,42 "6";
7 0 1 14,41 "7";
8 0 1 2,11 "8";
9 2 0 20,28 "9";
10 0 1 3,28 "10";
11 1 1 40,44 "11";
12 0 1 3,31 "12";
13 0 1 15,39 "13";
14 0 1 2,42 "14";
15 2 0 3,44 "15";
16 0 0 15,34 "16";
17 1 1 29,41 "17";
18 2 1 29,40 "18";
19 1 0 5,25 "19";
20 0 0 23,26 "20";
21 2 1 30,38 "21";
22 0 0 25,42 "22";
23 0 0 10,33 "23";
24 2 1 9,19 "24";
25 2 1 2,3 "25";
26 0 1 4,22 "26";
27 0 1 8,15 "27";
28 2 1 0,38 "28";
29 2 0 8,23 "29";
30 1 0 4,29 "30";
31 2 0 24,27 "31";
32 0 0 12,30 "32";
33 1 0 32,40 "33";
34 2 1 6,28 "34";
35 0 1 1,27 "35";
36 2 0 6,12 "36";
37 2 0 4,43 "37";
38 2 0 6,17 "38";
39 2 0 14,26 "39";
40 1 1 2,9 "40";
41 2 0 29,43 "41";
42 0 1 0,38 "42";
43 2 0 0,34 "43";
44 1 1 1,30 "44";
