parity 69;
0 2 0 42,51 "0";
1 0 0 48,53 "1";
2 2 1 0,54 "2";
3 0 0 51,61 "3";
4 1 0 53,68 "4";
5 1 1 2,64 "5";
6 0 1 26,33 "6";
7 0 1 11,40 "7";
8 0 1 33,55 "8";
9 0 1 61,67 "9";
10 2 1 30,47 "10";
11 2 0 40,50 "11";
12 1 1 15,61 "12";
13 0 1 23,59 "13";
14 2 0 4,46 "14";
15 0 0 12,55 "15";
16 1 0 52,68 "16";
17 2 0 9,34 "17";
18 0 1 3,6 "18";
19 0 1 5,27 "19";
20 2 1 0,54 "20";
21 1 0 40,43 "21";
22 0 1 38,43 "22";
23 1 0 49,52 "23";
24 2 0 30,69 "24";
25 0 1 33,55 "25";
26 2 0 0,43 "26";
27 2 1 26,40 "27";
28 2 1 41,48 "28";
29 2 1 5,55 "29";
30 0 0 23,29 "30";
31 1 0 33,48 "31";
32 2 1 8,47 "32";
33 0 1 11,15 "33";
34 1 0 26,64 "34";
35 2 1 34,56 "35";
36 2 1 8,27 "36";
37 1 0 19,30 "37";
38 1 0 34,36 "38";
39 0 0 14,62 "39";
40 0 1 45,49 "40";
41 0 0 14,17 "41";
42 0 0 62,64 "42";
43 0 0 4,11 "43";
44 1 1 51,68 "44";
45 0 0 25,41 "45";
46 1 0 7,15 "46";
47 2 1 28,65 "47";
48 0 0 16,17 "48";
49 1 0 19,43 "49";
50 1 0 22,64 "50";
51 0 1 8,22 "51";
52 1 0 7,26 "52";
53 1 0 37,59 "53";
54 0 0 0,27 "54";
55 2 1 5,49 "55";
56 2 0 29,64 "56";
57 0 0 39,49 "57";
58 2 0 31,36 "58";
59 0 1 32,54 "59";
60 1 0 46,59 "60";
61 1 1 20,43 "61";
62 2 1 8,42 "62";
63 2 1 9,42 "63";
64 1 1 24,43 "64";
65 0 1 16,63 "65";
66 1 1 33,64 "66";
67 1 0 18,29 "67";
68 0 1 21,48 "68";
69 2 1 8,9 "69";
