parity 29;
0 1 1 16,29 "0";
1 2 0 7,11 "1";
2 1 1 3,26 "2";
3 2 0 5,14 "3";
4 1 1 15,29 "4";
5 0 0 2,12 "5";
6 1 0 12,20 "6";
7 2 0 9,24 "7";
8 1 1 6,15 "8";
9 1 1 0,7 "9";
10 0 0 21,22 "10";
11 2 1 1,4 "11";
12 2 0 8,14 "12";
13 1 1 3,26 "13";
14 1 0 9,19 "14";
15 1 1 0,22 "15";
16 0 0 2,10 "16";
17 0 1 13,20 "17";
18 2 0 8,21 "18";
19 1 1 1,25 "19";
20 0 0 0,10 "20";
21 0 0 12,28 "21";
22 2 1 2,10 "22";
23 1 1 4,24 "23";
24 1 1 7,27 "24";
25 0 1 12,15 "25";
26 1 0 12,20 "26";
27 0 0 0,10 "27";
28 0 1 22,25 "28";
29 0 0 12,16 "29";
