parity 44;
0 1 0 9,14 "0";
1 0 0 29,39 "1";
2 0 0 7,41 "2";
3 0 0 17,27 "3";
4 2 1 9,30 "4";
5 1 0 26,31 "5";
6 0 1 21,43 "6";
7 2 0 12,27 "7";
8 1 1 10,34 "8";
9 2 0 0,39 "9";
10 1 1 30,38 "10";
11 2 0 34,39 "11";
12 1 1 13,28 "12";
13 0 0 7,10 "13";
14 2 1 22,32 "14";
15 1 1 19,43 "15";
16 1 0 0,12 "16";
17 0 0 6,21 "17";
18 1 0 6,35 "18";
19 0 1 42,43 "19";
20 0 1 3,32 "20";
21 0 0 15,36 "21";
22 1 0 6,35 "22";
23 1 0 2,39 "23";
24 0 1 9,31 "24";
25 2 0 0,20 "25";
26 1 1 21,30 "26";
27 0 0 9,28 "27";
28 2 0 12,20 "28";
29 0 1 23,40 "29";
30 1 1 27,39 "30";
31 2 1 26,35 "31";
32 2 0 2,16 "32";
33 1 0 3,44 "33";
34 0 1 13,18 "34";
35 1 0 0,11 "35";
36 0 1 9,33 "36";
37 2 0 7,32 "37";
38 0 1 28,37 "38";
39 0 0 15,29 "39";
40 1 0 36,37 "40";
41 0 1 12,34 "41";
42 1 0 7,12 "42";
43 2 0 3,18 "43";
44 0 0 12,32 "44";
