parity 44;
0 0 1 6,36 "0";
1 0 0 17,26 "1";
2 2 0 42,44 "2";
3 1 1 12,18 "3";
4 0 0 3,32 "4";
5 1 1 36,40 "5";
6 2 0 8,13 "6";
7 0 1 13,31 "7";
8 0 0 23,29 "8";
9 1 0 7,25 "9";
10 2 1 0,16 "10";
11 2 1 40,42 "11";
12 0 1 24,42 "12";
13 1 1 11,39 "13";
14 0 1 3,36 "14";
15 0 0 6,17 "15";
16 0 0 0,36 "16";
17 1 0 39,44 "17";
18 2 1 17,24 "18";
19 2 0 13,18 "19";
20 1 1 10,39 "20";
21 1 1 26,32 "21";
22 2 1 37,42 "22";
23 0 1 18,42 "23";
24 1 0 25,39 "24";
25 1 0 4,42 "25";
26 0 0 0,39 "26";
27 1 0 0,22 "27";
28 1 0 4,37 "28";
29 1 1 19,32 "29";
30 1 1 0,8 "30";
31 2 0 1,8 "31";
32 0 0 19,29 "32";
33 2 0 20,38 "33";
34 0 0 22,38 "34";
35 1 0 7,42 "35";
36 2 0 4,33 "36";
37 1 0 5,42 "37";
38 1 0 6,12 "38";
39 1 0 8,25 "39";
40 2 1 8,36 "40";
41 0 1 4,10 "41";
42 1 1 7,36 "42";
43 2 1 16,21 "43";
44 1 1 4,27 "44";
