parity 54;
0 2 1 15,35 "0";
1 0 1 31,44 "1";
2 1 1 16,32 "2";
3 0 1 4,15 "3";
4 2 0 21,47 "4";
5 2 0 37,43 "5";
6 0 1 21,38 "6";
7 1 0 30,32 "7";
8 1 1 28,43 "8";
9 2 1 17,23 "9";
10 2 0 1,38 "10";
11 0 1 38,42 "11";
12 1 0 26,29 "12";
13 1 1 4,8 "13";
14 0 0 31,48 "14";
15 2 1 8,41 "15";
16 2 1 31,39 "16";
17 1 0 19,25 "17";
18 2 1 20,26 "18";
19 1 1 2,9 "19";
20 2 0 31,44 "20";
21 0 1 23,44 "21";
22 0 1 13,15 "22";
23 1 0 6,32 "23";
24 0 1 10,49 "24";
25 1 0 19,50 "25";
26 2 0 13,47 "26";
27 0 0 12,44 "27";
28 0 1 50,54 "28";
29 2 1 14,51 "29";
30 0 0 18,49 "30";
31 2 1 9,51 "31";
32 1 1 15,31 "32";
33 1 1 42,44 "33";
34 2 1 16,19 "34";
35 0 1 24,54 "35";
36 0 1 5,23 "36";
37 0 0 4,40 "37";
38 1 0 4,24 "38";
39 0 1 27,42 "39";
40 2 1 12,39 "40";
41 0 1 6,34 "41";
42 1 0 18,43 "42";
43 2 0 31,35 "43";
44 1 0 12,13 "44";
45 2 1 24,47 "45";
46 0 0 7,10 "46";
47 2 0 11,12 "47";
48 2 1 36,43 "48";
49 2 0 3,36 "49";
50 2 1 15,42 "50";
51 0 1 41,54 "51";
52 0 0 3,15 "52";
53 1 1 33,46 "53";
54 2 0 33,39 "54";
