parity 39;
0 1 1 11,30 "0";
1 2 1 2,22 "1";
2 1 0 14,32 "2";
3 0 1 11,16 "3";
4 0 1 15,25 "4";
5 2 1 12,30 "5";
6 0 0 1,16 "6";
7 0 0 24,27 "7";
8 0 0 0,36 "8";
9 2 0 11,19 "9";
10 1 1 19,36 "10";
11 0 1 22,39 "11";
12 1 1 2,22 "12";
13 0 1 8,39 "13";
14 0 1 6,17 "14";
15 1 0 18,26 "15";
16 0 1 0,26 "16";
17 0 1 3,14 "17";
18 0 0 5,27 "18";
19 2 0 12,39 "19";
20 0 0 26,34 "20";
21 1 1 5,29 "21";
22 0 1 27,31 "22";
23 0 0 5,33 "23";
24 1 0 8,35 "24";
25 1 0 27,28 "25";
26 1 0 19,20 "26";
27 1 0 14,22 "27";
28 0 0 9,11 "28";
29 2 1 24,38 "29";
30 0 1 7,16 "30";
31 0 0 13,29 "31";
32 0 0 20,25 "32";
33 0 0 5,7 "33";
34 0 1 15,24 "34";
35 0 0 26,28 "35";
36 0 1 32,34 "36";
37 0 0 2,36 "37";
38 1 0 3,14 "38";
39 0 1 14,24 "39";
