parity 94;
0 1 1 6,67 "0";
1 2 1 19,43 "1";
2 1 1 30,88 "2";
3 2 0 34,74 "3";
4 0 0 6,25 "4";
5 1 0 39,53 "5";
6 0 1 2,53 "6";
7 1 0 33,52 "7";
8 2 0 28,66 "8";
9 1 0 28,62 "9";
10 0 0 12,69 "10";
11 0 0 9,13 "11";
12 1 1 43,72 "12";
13 1 1 38,63 "13";
14 1 0 61,86 "14";
15 1 0 27,66 "15";
16 1 0 57,64 "16";
17 2 1 63,86 "17";
18 2 1 28,34 "18";
19 0 0 7,53 "19";
20 0 0 12,19 "20";
21 1 0 78,94 "21";
22 2 1 66,71 "22";
23 2 1 34,88 "23";
24 1 1 10,94 "24";
25 1 1 18,77 "25";
26 2 1 75,77 "26";
27 1 0 3,47 "27";
28 0 0 2,39 "28";
29 1 0 19,85 "29";
30 0 1 16,21 "30";
31 0 1 59,94 "31";
32 0 0 74,81 "32";
33 0 0 12,69 "33";
34 2 1 3,37 "34";
35 0 0 15,83 "35";
36 1 1 5,40 "36";
37 2 0 41,94 "37";
38 1 1 28,32 "38";
39 1 0 40,50 "39";
40 0 1 12,23 "40";
41 0 1 22,32 "41";
42 0 1 4,22 "42";
43 2 1 67,73 "43";
44 1 1 2,55 "44";
45 0 0 56,75 "45";
46 1 1 0,61 "46";
47 2 0 60,86 "47";
48 1 0 38,62 "48";
49 1 1 0,4 "49";
50 1 0 8,30 "50";
51 0 0 77,93 "51";
52 1 1 3,91 "52";
53 1 0 37,90 "53";
54 1 0 10,17 "54";
55 1 1 1,51 "55";
56 0 1 9,11 "56";
57 0 0 35,93 "57";
58 2 0 31,64 "58";
59 1 0 4,92 "59";
60 2 1 13,55 "60";
61 1 1 31,58 "61";
62 1 0 76,88 "62";
63 2 1 30,34 "63";
64 0 0 14,27 "64";
65 0 1 0,14 "65";
66 2 0 55,75 "66";
67 0 0 10,41 "67";
68 1 0 73,94 "68";
69 2 0 2,32 "69";
70 0 1 18,34 "70";
71 0 0 12,48 "71";
72 1 1 37,71 "72";
73 2 0 2,59 "73";
74 2 1 29,94 "74";
75 2 0 51,58 "75";
76 1 1 13,46 "76";
77 0 0 6,9 "77";
78 0 0 6,18 "78";
79 2 1 25,38 "79";
80 2 1 0,86 "80";
81 0 0 34,69 "81";
82 0 1 16,26 "82";
83 1 0 43,47 "83";
84 1 1 7,44 "84";
85 2 1 53,76 "85";
86 1 1 27,48 "86";
87 1 1 17,79 "87";
88 0 1 24,41 "88";
89 0 1 62,70 "89";
90 2 0 11,81 "90";
91 2 1 59,76 "91";
92 0 1 1,19 "92";
93 2 1 42,75 "93";
94 0 1 44,83 "94";
