parity 44;
0 0 0 9,41 "0";
1 0 1 4,19 "1";
2 0 0 6,38 "2";
3 1 0 1,7 "3";
4 1 0 8,37 "4";
5 0 0 4,19 "5";
6 0 0 30,44 "6";
7 2 1 33,39 "7";
8 0 1 32,35 "8";
9 2 0 13,26 "9";
10 2 1 37,42 "10";
11 0 1 13,23 "11";
12 0 0 3,4 "12";
13 1 1 27,28 "13";
14 2 0 33,34 "14";
15 0 0 1,18 "15";
16 2 0 14,32 "16";
17 2 1 16,22 "17";
18 2 0 23,33 "18";
19 0 1 7,17 "19";
20 0 1 1,9 "20";
21 0 1 29,35 "21";
22 2 1 4,40 "22";
23 1 0 24,28 "23";
24 1 0 1,13 "24";
25 2 1 13,37 "25";
26 1 0 20,31 "26";
27 2 1 23,40 "27";
28 0 0 15,21 "28";
29 2 1 14,30 "29";
30 0 0 24,42 "30";
31 1 1 12,15 "31";
32 1 0 3,20 "32";
33 2 0 14,22 "33";
34 0 0 10,36 "34";
35 0 1 28,30 "35";
36 2 0 28,30 "36";
37 0 1 28,33 "37";
38 0 1 11,39 "38";
39 1 1 11,38 "39";
40 1 1 18,21 "40";
41 2 0 5,38 "41";
42 2 0 33,40 "42";
43 2 1 0,38 "43";
44 0 1 19,26 "44";
