parity 79;
0 2 0 10,12 "0";
1 0 1 5,70 "1";
2 0 0 20,65 "2";
3 0 1 36,60 "3";
4 2 1 26,43 "4";
5 2 0 19,39 "5";
6 0 1 33,37 "6";
7 0 1 16,43 "7";
8 0 0 37,43 "8";
9 1 0 4,40 "9";
10 2 0 11,37 "10";
11 0 1 31,43 "11";
12 2 0 11,52 "12";
13 2 1 11,76 "13";
14 0 0 17,69 "14";
15 0 1 32,45 "15";
16 1 1 62,68 "16";
17 0 0 1,64 "17";
18 2 1 0,28 "18";
19 1 0 53,61 "19";
20 0 0 6,29 "20";
21 2 1 2,12 "21";
22 0 0 30,66 "22";
23 2 1 41,50 "23";
24 1 1 10,57 "24";
25 1 0 11,76 "25";
26 2 0 13,51 "26";
27 0 1 50,74 "27";
28 2 1 51,67 "28";
29 0 1 2,42 "29";
30 1 0 29,47 "30";
31 2 1 23,36 "31";
32 2 0 11,30 "32";
33 2 0 0,44 "33";
34 1 0 20,36 "34";
35 1 1 6,52 "35";
36 1 1 41,58 "36";
37 2 1 5,42 "37";
38 1 0 19,57 "38";
39 0 1 29,44 "39";
40 2 1 22,52 "40";
41 1 0 50,68 "41";
42 2 1 5,65 "42";
43 0 1 48,71 "43";
44 2 1 45,71 "44";
45 2 1 41,78 "45";
46 2 1 3,9 "46";
47 1 0 28,45 "47";
48 2 0 10,30 "48";
49 0 1 18,68 "49";
50 2 0 9,18 "50";
51 0 1 27,64 "51";
52 0 0 53,76 "52";
53 2 1 7,28 "53";
54 0 1 2,21 "54";
55 2 1 9,46 "55";
56 2 0 29,70 "56";
57 0 0 44,72 "57";
58 1 0 40,67 "58";
59 2 1 17,38 "59";
60 2 1 22,70 "60";
61 0 1 60,70 "61";
62 0 0 17,77 "62";
63 2 0 12,33 "63";
64 1 1 14,52 "64";
65 2 0 29,58 "65";
66 0 1 45,48 "66";
67 2 0 11,30 "67";
68 2 1 67,70 "68";
69 1 0 66,79 "69";
70 1 1 4,28 "70";
71 2 0 19,75 "71";
72 0 0 30,38 "72";
73 2 1 28,47 "73";
74 2 1 9,37 "74";
75 0 1 13,44 "75";
76 1 0 10,21 "76";
77 0 0 40,63 "77";
78 1 1 49,56 "78";
79 0 1 17,21 "79";
