parity 29;
0 2 1 8,26 "0";
1 1 0 7,22 "1";
2 0 1 11,27 "2";
3 2 1 6,18 "3";
4 0 0 3,21 "4";
5 2 0 4,10 "5";
6 2 1 2,3 "6";
7 0 1 14,21 "7";
8 2 1 11,26 "8";
9 2 1 0,27 "9";
10 2 1 1,26 "10";
11 1 1 21,27 "11";
12 1 0 8,24 "12";
13 1 0 15,25 "13";
14 1 1 16,23 "14";
15 0 1 14,21 "15";
16 0 1 0,26 "16";
17 0 1 1,21 "17";
18 2 1 19,29 "18";
19 2 0 2,25 "19";
20 1 0 10,18 "20";
21 0 0 15,25 "21";
22 1 1 12,19 "22";
23 1 1 16,25 "23";
24 0 1 5,27 "24";
25 0 1 10,13 "25";
26 0 1 0,7 "26";
27 2 0 4,20 "27";
28 2 1 1,19 "28";
29 1 0 15,19 "29";
