parity 84;
0 2 1 44,46 "0";
1 0 0 48,75 "1";
2 0 0 6,19 "2";
3 1 1 47,80 "3";
4 1 0 10,61 "4";
5 0 0 57,70 "5";
6 0 0 8,58 "6";
7 2 1 0,62 "7";
8 1 1 43,66 "8";
9 0 0 41,46 "9";
10 2 0 30,44 "10";
11 2 1 30,51 "11";
12 0 0 53,82 "12";
13 0 1 7,67 "13";
14 0 1 20,62 "14";
15 0 1 9,20 "15";
16 1 0 58,60 "16";
17 2 0 23,33 "17";
18 1 1 11,54 "18";
19 1 1 9,20 "19";
20 1 0 26,66 "20";
21 2 0 7,65 "21";
22 0 0 3,71 "22";
23 1 1 42,73 "23";
24 1 0 37,82 "24";
25 0 1 38,67 "25";
26 1 0 4,36 "26";
27 2 0 15,40 "27";
28 1 0 52,55 "28";
29 0 0 10,80 "29";
30 1 1 6,66 "30";
31 0 1 6,55 "31";
32 2 0 11,72 "32";
33 2 0 26,63 "33";
34 2 1 1,71 "34";
35 0 0 31,64 "35";
36 0 0 44,63 "36";
37 0 0 33,49 "37";
38 1 0 25,49 "38";
39 1 1 48,79 "39";
40 2 0 15,81 "40";
41 2 0 5,29 "41";
42 0 0 50,74 "42";
43 2 1 4,29 "43";
44 2 0 15,26 "44";
45 2 1 3,50 "45";
46 2 1 47,83 "46";
47 1 0 26,67 "47";
48 0 1 32,37 "48";
49 1 0 2,55 "49";
50 1 0 9,72 "50";
51 0 0 28,43 "51";
52 0 0 26,56 "52";
53 2 0 31,42 "53";
54 1 1 32,37 "54";
55 0 0 58,72 "55";
56 0 0 8,80 "56";
57 2 0 34,69 "57";
58 1 0 51,82 "58";
59 0 0 37,50 "59";
60 2 0 9,46 "60";
61 2 1 26,76 "61";
62 0 1 38,51 "62";
63 0 0 10,35 "63";
64 2 0 36,43 "64";
65 1 0 45,57 "65";
66 0 1 39,77 "66";
67 1 1 29,50 "67";
68 0 1 73,79 "68";
69 1 0 31,39 "69";
70 2 0 20,75 "70";
71 1 0 40,62 "71";
72 0 1 18,38 "72";
73 0 0 5,60 "73";
74 0 1 47,75 "74";
75 2 1 40,63 "75";
76 1 1 25,31 "76";
77 1 0 61,81 "77";
78 1 1 26,43 "78";
79 0 0 1,38 "79";
80 0 1 4,22 "80";
81 0 0 42,53 "81";
82 2 0 8,16 "82";
83 1 0 20,80 "83";
84 1 0 18,50 "84";
