parity 69;
0 2 0 18,19 "0";
1 2 1 27,47 "1";
2 1 0 5,33 "2";
3 2 1 37,43 "3";
4 2 1 44,55 "4";
5 2 1 13,28 "5";
6 2 0 17,62 "6";
7 1 0 43,68 "7";
8 2 0 10,60 "8";
9 1 0 27,57 "9";
10 2 0 23,31 "10";
11 1 0 17,45 "11";
12 0 1 31,48 "12";
13 1 0 6,62 "13";
14 0 0 27,46 "14";
15 1 0 16,57 "15";
16 1 0 35,52 "16";
17 2 1 8,65 "17";
18 2 0 8,33 "18";
19 2 0 5,39 "19";
20 1 0 32,65 "20";
21 0 1 16,49 "21";
22 0 0 30,56 "22";
23 0 1 42,63 "23";
24 2 0 1,39 "24";
25 0 1 53,69 "25";
26 1 1 10,29 "26";
27 0 0 9,18 "27";
28 1 0 27,64 "28";
29 2 1 1,18 "29";
30 2 1 6,68 "30";
31 0 1 19,53 "31";
32 1 1 38,49 "32";
33 2 1 13,40 "33";
34 1 1 0,15 "34";
35 2 1 51,60 "35";
36 0 1 24,67 "36";
37 2 0 3,67 "37";
38 0 1 3,56 "38";
39 0 0 11,64 "39";
40 2 1 15,24 "40";
41 0 1 7,58 "41";
42 2 0 3,45 "42";
43 1 0 55,62 "43";
44 1 1 46,54 "44";
45 1 0 12,68 "45";
46 2 0 13,20 "46";
47 0 1 4,9 "47";
48 2 1 0,1 "48";
49 2 1 33,52 "49";
50 0 1 58,65 "50";
51 1 1 31,47 "51";
52 2 0 7,28 "52";
53 1 0 51,64 "53";
54 0 0 53,56 "54";
55 2 1 14,66 "55";
56 2 1 60,67 "56";
57 0 1 31,65 "57";
58 2 0 22,36 "58";
59 1 0 27,68 "59";
60 1 1 22,40 "60";
61 0 1 30,60 "61";
62 2 0 24,33 "62";
63 0 1 42,65 "63";
64 2 1 9,35 "64";
65 0 0 17,37 "65";
66 0 0 36,68 "66";
67 2 0 22,26 "67";
68 0 1 23,64 "68";
69 0 0 13,35 "69";
