parity 34;
0 2 0 5,9 "0";
1 0 1 3,14 "1";
2 0 1 0,32 "2";
3 0 1 19,21 "3";
4 0 0 20,25 "4";
5 1 0 13,25 "5";
6 2 1 22,29 "6";
7 1 1 6,24 "7";
8 2 1 22,24 "8";
9 1 0 16,33 "9";
10 1 0 0,18 "10";
11 0 0 9,21 "11";
12 0 1 5,7 "12";
13 0 1 1,6 "13";
14 1 1 7,13 "14";
15 2 1 0,10 "15";
16 1 1 24,26 "16";
17 1 1 5,31 "17";
18 1 1 3,30 "18";
19 2 0 16,24 "19";
20 2 0 9,32 "20";
21 2 0 22,26 "21";
22 1 0 1,10 "22";
23 0 1 9,16 "23";
24 2 1 1,8 "24";
25 0 1 23,32 "25";
26 0 1 31,32 "26";
27 1 0 11,24 "27";
28 1 1 30,32 "28";
29 1 1 9,26 "29";
30 0 0 23,24 "30";
31 1 0 6,8 "31";
32 0 1 2,22 "32";
33 2 0 10,34 "33";
34 2 1 5,8 "34";
