parity 59;
0 2 0 2,51 "0";
1 1 1 0,30 "1";
2 2 1 40,45 "2";
3 2 1 2,7 "3";
4 0 0 9,34 "4";
5 0 1 18,26 "5";
6 2 0 32,49 "6";
7 1 0 26,52 "7";
8 1 1 4,14 "8";
9 2 0 23,58 "9";
10 0 1 19,40 "10";
11 0 1 22,32 "11";
12 1 0 18,41 "12";
13 1 1 2,19 "13";
14 1 1 2,15 "14";
15 1 0 27,28 "15";
16 1 1 28,37 "16";
17 1 1 3,26 "17";
18 0 1 28,43 "18";
19 0 1 13,27 "19";
20 2 0 11,53 "20";
21 0 1 2,51 "21";
22 2 0 32,50 "22";
23 1 1 15,39 "23";
24 0 0 25,41 "24";
25 0 0 15,50 "25";
26 2 1 19,40 "26";
27 2 1 22,33 "27";
28 0 1 15,32 "28";
29 2 0 30,44 "29";
30 1 0 24,47 "30";
31 2 1 1,13 "31";
32 2 0 17,42 "32";
33 0 0 11,22 "33";
34 2 1 20,50 "34";
35 2 0 10,47 "35";
36 0 1 5,37 "36";
37 2 0 31,36 "37";
38 2 1 23,36 "38";
39 2 0 22,43 "39";
40 1 0 0,42 "40";
41 1 0 25,33 "41";
42 2 0 2,15 "42";
43 1 1 13,54 "43";
44 2 1 8,46 "44";
45 2 0 8,34 "45";
46 1 0 1,52 "46";
47 2 1 43,58 "47";
48 2 0 17,42 "48";
49 1 0 29,46 "49";
50 0 0 0,46 "50";
51 1 0 33,49 "51";
52 2 0 29,35 "52";
53 0 0 18,46 "53";
54 2 0 30,45 "54";
55 0 0 27,36 "55";
56 2 1 4,31 "56";
57 1 1 23,37 "57";
58 0 0 10,33 "58";
59 0 1 32,56 "59";
