parity 59;
0 0 0 8,56 "0";
1 0 1 9,42 "1";
2 0 0 48,54 "2";
3 2 0 27,43 "3";
4 2 0 25,51 "4";
5 0 1 51,54 "5";
6 1 1 31,33 "6";
7 1 1 35,44 "7";
8 0 0 1,41 "8";
9 0 0 35,48 "9";
10 0 1 18,33 "10";
11 1 0 47,51 "11";
12 0 0 2,36 "12";
13 2 0 6,30 "13";
14 2 1 3,28 "14";
15 2 0 17,35 "15";
16 0 0 7,15 "16";
17 2 1 19,39 "17";
18 2 1 11,42 "18";
19 1 0 7,48 "19";
20 0 1 57,59 "20";
21 2 0 32,49 "21";
22 1 1 32,58 "22";
23 0 0 13,20 "23";
24 0 0 28,37 "24";
25 2 0 16,51 "25";
26 1 0 29,43 "26";
27 1 1 23,36 "27";
28 1 1 9,47 "28";
29 2 0 1,2 "29";
30 2 1 31,34 "30";
31 1 0 14,41 "31";
32 0 0 13,27 "32";
33 2 1 16,18 "33";
34 2 1 18,32 "34";
35 0 1 6,33 "35";
36 1 0 19,48 "36";
37 0 0 5,13 "37";
38 0 1 44,53 "38";
39 2 0 3,55 "39";
40 2 0 8,29 "40";
41 0 1 36,39 "41";
42 0 1 2,17 "42";
43 2 1 7,35 "43";
44 0 0 6,17 "44";
45 1 0 10,14 "45";
46 0 1 2,37 "46";
47 1 0 29,59 "47";
48 0 0 21,26 "48";
49 1 1 33,52 "49";
50 0 0 15,28 "50";
51 2 1 2,35 "51";
52 1 1 31,39 "52";
53 2 0 7,28 "53";
54 0 0 8,57 "54";
55 1 0 15,40 "55";
56 0 1 12,41 "56";
57 2 1 38,39 "57";
58 0 0 26,59 "58";
59 0 1 20,25 "59";
