parity 49;
0 1 1 8,19 "0";
1 1 1 11,45 "1";
2 2 1 13,30 "2";
3 2 0 18,49 "3";
4 0 1 11,13 "4";
5 1 0 44,46 "5";
6 2 1 33,45 "6";
7 2 1 21,39 "7";
8 0 1 14,29 "8";
9 0 0 24,32 "9";
10 2 1 4,41 "10";
11 1 1 17,36 "11";
12 1 0 13,29 "12";
13 1 1 1,43 "13";
14 1 1 45,48 "14";
15 0 0 11,43 "15";
16 0 0 17,37 "16";
17 0 1 11,45 "17";
18 1 0 33,42 "18";
19 1 0 6,43 "19";
20 1 0 22,45 "20";
21 0 0 43,49 "21";
22 0 0 2,37 "22";
23 2 1 22,41 "23";
24 2 1 3,43 "24";
25 1 1 7,22 "25";
26 2 1 12,21 "26";
27 0 1 13,48 "27";
28 0 1 27,32 "28";
29 2 0 7,44 "29";
30 0 1 9,43 "30";
31 1 1 14,29 "31";
32 1 0 11,48 "32";
33 0 1 0,28 "33";
34 1 1 21,35 "34";
35 1 0 36,44 "35";
36 0 0 30,34 "36";
37 1 1 18,32 "37";
38 2 0 11,36 "38";
39 0 1 26,43 "39";
40 1 1 9,13 "40";
41 0 0 19,28 "41";
42 2 1 40,47 "42";
43 0 0 40,44 "43";
44 2 0 19,32 "44";
45 1 0 11,38 "45";
46 0 0 28,30 "46";
47 0 1 9,38 "47";
48 0 0 10,45 "48";
49 0 0 3,39 "49";
