parity 74;
0 0 1 9,67 "0";
1 0 0 6,9 "1";
2 0 1 50,60 "2";
3 1 1 8,53 "3";
4 1 0 15,65 "4";
5 1 0 18,63 "5";
6 2 0 28,71 "6";
7 0 0 37,56 "7";
8 0 1 3,28 "8";
9 2 0 69,72 "9";
10 1 1 3,13 "10";
11 1 1 26,52 "11";
12 0 0 19,34 "12";
13 0 1 12,21 "13";
14 2 0 12,35 "14";
15 0 0 29,52 "15";
16 1 0 36,66 "16";
17 2 1 45,48 "17";
18 0 1 5,74 "18";
19 1 1 23,61 "19";
20 0 0 9,37 "20";
21 1 1 24,61 "21";
22 0 0 61,73 "22";
23 0 1 60,70 "23";
24 0 1 9,60 "24";
25 2 1 11,64 "25";
26 1 0 12,19 "26";
27 1 1 51,65 "27";
28 1 0 1,38 "28";
29 2 0 55,60 "29";
30 0 0 7,35 "30";
31 0 0 64,72 "31";
32 0 1 34,48 "32";
33 1 1 43,54 "33";
34 1 1 27,71 "34";
35 1 0 64,70 "35";
36 0 0 12,46 "36";
37 0 0 1,31 "37";
38 2 1 15,47 "38";
39 0 1 15,46 "39";
40 0 1 4,36 "40";
41 1 1 18,69 "41";
42 1 0 2,46 "42";
43 0 0 38,65 "43";
44 1 0 14,46 "44";
45 2 0 40,49 "45";
46 0 0 22,26 "46";
47 1 1 55,59 "47";
48 1 1 16,46 "48";
49 0 1 54,74 "49";
50 1 1 14,61 "50";
51 1 1 15,53 "51";
52 2 1 16,55 "52";
53 1 1 2,61 "53";
54 2 1 6,30 "54";
55 1 1 0,14 "55";
56 2 1 7,47 "56";
57 2 0 15,33 "57";
58 2 1 34,54 "58";
59 1 1 13,48 "59";
60 1 1 1,31 "60";
61 2 0 23,52 "61";
62 1 0 46,51 "62";
63 1 0 23,72 "63";
64 1 0 31,71 "64";
65 2 0 11,59 "65";
66 1 0 5,36 "66";
67 0 0 0,62 "67";
68 1 0 5,44 "68";
69 2 1 8,24 "69";
70 0 0 1,36 "70";
71 0 1 1,60 "71";
72 1 0 56,68 "72";
73 2 1 38,51 "73";
74 2 1 14,67 "74";
