parity 69;
0 2 1 51,54 "0";
1 2 1 12,29 "1";
2 1 0 23,44 "2";
3 0 0 43,59 "3";
4 0 1 24,32 "4";
5 2 1 1,61 "5";
6 2 0 12,65 "6";
7 2 0 18,37 "7";
8 2 1 31,62 "8";
9 1 0 7,18 "9";
10 0 0 25,42 "10";
11 0 0 15,55 "11";
12 2 0 43,54 "12";
13 2 1 40,48 "13";
14 2 0 24,51 "14";
15 1 1 31,36 "15";
16 1 1 32,52 "16";
17 2 1 9,69 "17";
18 2 0 20,36 "18";
19 0 0 39,47 "19";
20 2 1 56,67 "20";
21 2 0 55,69 "21";
22 1 1 18,41 "22";
23 0 1 46,52 "23";
24 0 0 8,10 "24";
25 0 0 0,66 "25";
26 1 0 4,22 "26";
27 0 1 35,59 "27";
28 2 0 7,29 "28";
29 1 1 5,67 "29";
30 0 1 46,52 "30";
31 1 1 29,67 "31";
32 0 1 48,60 "32";
33 0 1 28,31 "33";
34 1 0 41,54 "34";
35 1 1 10,16 "35";
36 1 0 30,51 "36";
37 0 1 43,56 "37";
38 1 1 13,66 "38";
39 1 0 18,63 "39";
40 1 1 50,66 "40";
41 0 1 5,67 "41";
42 1 0 24,28 "42";
43 1 1 36,58 "43";
44 2 0 28,66 "44";
45 0 1 6,68 "45";
46 2 0 4,11 "46";
47 2 1 59,67 "47";
48 1 0 10,69 "48";
49 1 1 2,6 "49";
50 1 0 19,59 "50";
51 0 1 6,48 "51";
52 1 1 5,11 "52";
53 2 0 28,39 "53";
54 2 1 35,44 "54";
55 0 1 30,45 "55";
56 1 0 25,30 "56";
57 1 1 16,47 "57";
58 2 0 0,56 "58";
59 1 0 48,55 "59";
60 1 0 16,49 "60";
61 2 0 37,59 "61";
62 0 0 8,57 "62";
63 1 1 10,52 "63";
64 0 0 19,47 "64";
65 0 1 2,26 "65";
66 0 1 27,51 "66";
67 1 1 19,54 "67";
68 2 1 4,41 "68";
69 0 1 10,43 "69";
