parity 34;
0 1 0 18,31 "0";
1 1 0 7,23 "1";
2 2 0 3,9 "2";
3 0 0 4,26 "3";
4 1 1 23,33 "4";
5 1 0 16,32 "5";
6 0 1 0,26 "6";
7 1 0 20,23 "7";
8 2 0 14,31 "8";
9 1 0 20,25 "9";
10 0 1 0,6 "10";
11 0 0 21,28 "11";
12 2 1 6,13 "12";
13 1 1 14,30 "13";
14 0 0 1,21 "14";
15 0 0 2,9 "15";
16 2 1 20,27 "16";
17 1 0 0,11 "17";
18 2 1 8,31 "18";
19 0 1 5,27 "19";
20 2 1 7,25 "20";
21 0 0 2,4 "21";
22 0 1 10,19 "22";
23 2 0 6,17 "23";
24 2 0 3,6 "24";
25 0 0 22,24 "25";
26 0 1 14,20 "26";
27 2 0 22,33 "27";
28 2 1 18,20 "28";
29 1 1 12,21 "29";
30 1 0 11,31 "30";
31 1 1 11,19 "31";
32 1 1 10,21 "32";
33 1 1 15,27 "33";
34 2 0 5,24 "34";
