parity 39;
0 0 0 12,23 "0";
1 0 1 6,36 "1";
2 0 0 10,33 "2";
3 1 1 22,34 "3";
4 2 1 9,17 "4";
5 2 0 18,20 "5";
6 1 1 30,39 "6";
7 1 1 6,32 "7";
8 0 0 1,13 "8";
9 1 0 17,29 "9";
10 1 1 25,27 "10";
11 0 0 0,23 "11";
12 0 0 13,15 "12";
13 1 0 22,39 "13";
14 2 0 13,17 "14";
15 2 0 1,6 "15";
16 0 1 12,32 "16";
17 1 1 9,22 "17";
18 2 1 5,38 "18";
19 1 1 26,32 "19";
20 1 1 12,21 "20";
21 1 0 1,32 "21";
22 1 0 0,14 "22";
23 2 0 12,22 "23";
24 0 1 13,37 "24";
25 1 0 8,27 "25";
26 0 0 20,38 "26";
27 0 1 12,14 "27";
28 1 1 13,35 "28";
29 0 0 17,24 "29";
30 0 0 5,9 "30";
31 1 1 30,39 "31";
32 2 0 28,30 "32";
33 1 1 17,21 "33";
34 1 1 4,10 "34";
35 2 0 0,29 "35";
36 0 1 16,25 "36";
37 0 1 8,21 "37";
38 1 1 0,5 "38";
39 2 1 20,27 "39";
