parity 69;
0 2 0 27,44 "0";
1 2 0 48,54 "1";
2 1 0 34,56 "2";
3 1 0 62,65 "3";
4 0 0 6,45 "4";
5 2 1 24,59 "5";
6 1 0 32,34 "6";
7 2 0 18,23 "7";
8 2 1 21,27 "8";
9 1 1 10,19 "9";
10 0 0 23,54 "10";
11 1 1 27,37 "11";
12 0 0 15,44 "12";
13 0 1 30,60 "13";
14 1 0 21,33 "14";
15 2 1 14,21 "15";
16 0 1 7,19 "16";
17 1 1 52,64 "17";
18 2 0 39,65 "18";
19 2 1 11,51 "19";
20 0 1 31,50 "20";
21 1 0 15,47 "21";
22 1 0 17,58 "22";
23 0 0 17,67 "23";
24 0 0 29,36 "24";
25 0 1 34,37 "25";
26 2 1 17,50 "26";
27 2 0 26,55 "27";
28 1 1 15,69 "28";
29 2 1 12,66 "29";
30 2 1 11,20 "30";
31 0 0 17,38 "31";
32 2 0 45,64 "32";
33 0 0 34,43 "33";
34 0 1 59,66 "34";
35 1 0 24,29 "35";
36 1 0 39,52 "36";
37 2 0 16,24 "37";
38 1 0 6,17 "38";
39 1 0 34,50 "39";
40 0 1 6,63 "40";
41 2 1 27,49 "41";
42 2 0 60,65 "42";
43 2 0 21,51 "43";
44 1 0 25,59 "44";
45 2 1 30,43 "45";
46 0 0 21,24 "46";
47 2 1 5,10 "47";
48 1 1 15,29 "48";
49 2 1 1,61 "49";
50 0 1 5,15 "50";
51 2 1 48,57 "51";
52 0 0 6,24 "52";
53 1 1 26,66 "53";
54 0 1 20,55 "54";
55 0 1 35,64 "55";
56 0 0 44,52 "56";
57 0 0 12,30 "57";
58 2 1 36,64 "58";
59 2 1 23,42 "59";
60 2 0 11,52 "60";
61 0 1 44,52 "61";
62 1 1 16,36 "62";
63 0 0 35,42 "63";
64 2 1 16,63 "64";
65 0 0 12,30 "65";
66 1 0 20,50 "66";
67 1 0 31,43 "67";
68 0 1 1,33 "68";
69 1 0 6,14 "69";
