parity 39;
0 0 0 17,31 "0";
1 0 0 18,28 "1";
2 2 0 28,31 "2";
3 2 0 5,23 "3";
4 2 1 23,33 "4";
5 1 0 4,16 "5";
6 0 0 7,36 "6";
7 0 1 1,15 "7";
8 2 0 13,36 "8";
9 1 1 33,37 "9";
10 1 1 6,35 "10";
11 1 0 14,24 "11";
12 2 0 2,35 "12";
13 0 1 7,38 "13";
14 2 0 22,27 "14";
15 2 0 12,27 "15";
16 0 1 15,20 "16";
17 0 1 19,39 "17";
18 1 1 10,17 "18";
19 1 0 20,36 "19";
20 0 0 18,31 "20";
21 1 0 4,16 "21";
22 0 0 10,30 "22";
23 0 0 1,27 "23";
24 0 1 8,15 "24";
25 0 1 21,27 "25";
26 2 0 16,33 "26";
27 2 0 12,23 "27";
28 1 1 17,38 "28";
29 0 0 11,26 "29";
30 1 0 15,35 "30";
31 0 1 13,38 "31";
32 2 0 4,17 "32";
33 1 0 2,36 "33";
34 1 0 26,30 "34";
35 1 0 3,4 "35";
36 2 0 5,38 "36";
37 2 1 6,15 "37";
38 0 0 31,35 "38";
39 2 1 14,33 "39";
