parity 94;
0 0 1 63,79 "0";
1 2 0 30,40 "1";
2 0 0 48,76 "2";
3 1 1 6,43 "3";
4 2 0 28,48 "4";
5 1 1 29,64 "5";
6 0 0 28,81 "6";
7 2 1 28,83 "7";
8 2 1 41,52 "8";
9 2 0 30,39 "9";
10 0 0 64,77 "10";
11 0 0 75,92 "11";
12 0 1 24,57 "12";
13 2 1 31,75 "13";
14 1 1 36,82 "14";
15 2 0 56,58 "15";
16 2 0 33,77 "16";
17 0 1 7,51 "17";
18 2 1 22,44 "18";
19 0 1 22,82 "19";
20 0 1 73,76 "20";
21 1 1 39,68 "21";
22 2 1 40,74 "22";
23 2 1 66,74 "23";
24 2 1 0,44 "24";
25 2 1 7,70 "25";
26 0 1 2,37 "26";
27 0 0 4,71 "27";
28 1 0 47,62 "28";
29 2 1 14,45 "29";
30 1 0 10,31 "30";
31 1 0 48,77 "31";
32 1 0 40,82 "32";
33 2 0 48,93 "33";
34 0 1 39,66 "34";
35 2 0 44,83 "35";
36 1 0 17,69 "36";
37 2 1 16,18 "37";
38 2 1 65,86 "38";
39 1 1 44,93 "39";
40 2 1 78,79 "40";
41 0 1 16,62 "41";
42 1 0 21,80 "42";
43 1 1 28,56 "43";
44 2 0 18,55 "44";
45 0 1 33,36 "45";
46 0 0 26,60 "46";
47 2 1 67,79 "47";
48 0 1 1,22 "48";
49 0 1 18,25 "49";
50 2 0 3,38 "50";
51 1 1 16,46 "51";
52 0 1 42,75 "52";
53 1 1 81,88 "53";
54 1 0 34,77 "54";
55 2 0 41,60 "55";
56 2 1 73,94 "56";
57 2 0 18,73 "57";
58 0 1 25,53 "58";
59 1 1 75,83 "59";
60 2 1 45,53 "60";
61 0 1 60,89 "61";
62 2 1 15,79 "62";
63 1 1 1,93 "63";
64 1 0 28,45 "64";
65 2 0 14,56 "65";
66 1 1 67,88 "66";
67 0 1 12,66 "67";
68 1 1 54,62 "68";
69 2 0 26,31 "69";
70 1 1 15,79 "70";
71 0 0 65,67 "71";
72 2 1 33,43 "72";
73 0 1 19,27 "73";
74 1 1 2,59 "74";
75 2 1 59,76 "75";
76 2 0 38,94 "76";
77 1 0 19,59 "77";
78 0 0 14,18 "78";
79 2 1 73,82 "79";
80 1 0 27,49 "80";
81 2 1 6,74 "81";
82 0 0 1,65 "82";
83 2 1 7,52 "83";
84 0 0 43,81 "84";
85 2 0 45,68 "85";
86 0 1 28,91 "86";
87 0 0 28,45 "87";
88 2 0 38,60 "88";
89 1 1 6,22 "89";
90 1 0 25,60 "90";
91 2 0 0,51 "91";
92 0 0 68,87 "92";
93 1 1 5,92 "93";
94 2 1 19,90 "94";
