parity 49;
0 0 1 13,42 "0";
1 2 1 21,41 "1";
2 0 1 20,35 "2";
3 0 1 14,32 "3";
4 1 1 9,30 "4";
5 1 1 39,40 "5";
6 2 1 10,24 "6";
7 2 0 5,41 "7";
8 0 0 36,43 "8";
9 1 1 25,35 "9";
10 1 0 23,29 "10";
11 1 1 16,36 "11";
12 0 0 14,37 "12";
13 1 0 15,26 "13";
14 0 0 16,25 "14";
15 2 1 34,47 "15";
16 0 1 1,33 "16";
17 0 1 25,27 "17";
18 1 1 3,42 "18";
19 1 0 0,2 "19";
20 1 0 24,45 "20";
21 2 1 38,41 "21";
22 2 0 16,18 "22";
23 2 0 3,40 "23";
24 2 0 15,29 "24";
25 0 1 7,23 "25";
26 1 0 38,42 "26";
27 1 0 12,40 "27";
28 1 0 15,42 "28";
29 1 1 20,45 "29";
30 0 1 16,28 "30";
31 2 1 6,47 "31";
32 2 1 15,29 "32";
33 2 0 11,14 "33";
34 2 0 5,22 "34";
35 1 1 9,32 "35";
36 0 1 18,20 "36";
37 0 1 38,48 "37";
38 2 0 37,43 "38";
39 1 1 35,46 "39";
40 0 0 0,26 "40";
41 2 0 9,44 "41";
42 2 1 0,7 "42";
43 1 1 17,49 "43";
44 0 1 17,39 "44";
45 2 1 1,34 "45";
46 2 1 6,41 "46";
47 0 0 12,41 "47";
48 2 1 36,41 "48";
49 1 1 36,46 "49";
