parity 94;
0 1 1 19,65 "0";
1 0 1 32,74 "1";
2 2 1 8,11 "2";
3 1 1 11,49 "3";
4 1 1 43,79 "4";
5 0 1 1,77 "5";
6 2 0 53,74 "6";
7 2 0 22,38 "7";
8 2 1 63,84 "8";
9 2 0 13,15 "9";
10 1 0 29,75 "10";
11 2 0 20,50 "11";
12 0 0 31,47 "12";
13 0 1 30,69 "13";
14 2 1 37,63 "14";
15 2 1 55,82 "15";
16 1 1 9,25 "16";
17 0 0 28,64 "17";
18 2 0 81,84 "18";
19 2 1 37,51 "19";
20 1 1 73,75 "20";
21 2 1 25,62 "21";
22 1 1 42,85 "22";
23 0 1 40,93 "23";
24 1 0 18,74 "24";
25 0 0 82,86 "25";
26 0 0 23,34 "26";
27 1 1 13,35 "27";
28 0 1 16,30 "28";
29 2 1 20,26 "29";
30 1 0 15,26 "30";
31 0 0 19,63 "31";
32 1 1 36,84 "32";
33 2 0 54,69 "33";
34 1 0 12,27 "34";
35 2 0 38,77 "35";
36 2 0 15,43 "36";
37 2 0 48,52 "37";
38 2 0 61,69 "38";
39 2 0 67,85 "39";
40 2 1 6,38 "40";
41 1 0 20,91 "41";
42 0 1 8,10 "42";
43 0 0 36,66 "43";
44 1 1 20,31 "44";
45 2 1 40,94 "45";
46 2 1 2,44 "46";
47 1 1 35,45 "47";
48 2 1 13,61 "48";
49 0 1 37,83 "49";
50 1 1 0,20 "50";
51 0 1 59,78 "51";
52 1 1 81,92 "52";
53 0 0 27,52 "53";
54 0 1 48,50 "54";
55 0 0 7,15 "55";
56 0 0 71,93 "56";
57 1 1 7,46 "57";
58 1 0 21,62 "58";
59 0 0 87,88 "59";
60 1 0 30,86 "60";
61 1 1 32,45 "61";
62 1 1 53,55 "62";
63 2 0 35,43 "63";
64 2 1 17,49 "64";
65 0 0 41,54 "65";
66 2 1 37,57 "66";
67 1 1 42,58 "67";
68 0 0 60,65 "68";
69 2 1 56,80 "69";
70 0 1 40,58 "70";
71 1 1 44,94 "71";
72 1 0 73,90 "72";
73 2 1 17,28 "73";
74 2 1 13,34 "74";
75 0 1 1,64 "75";
76 2 1 4,38 "76";
77 2 1 7,36 "77";
78 0 1 9,22 "78";
79 2 1 58,88 "79";
80 2 0 1,91 "80";
81 2 0 9,88 "81";
82 1 1 81,85 "82";
83 0 0 2,73 "83";
84 0 1 0,26 "84";
85 2 0 26,71 "85";
86 0 0 2,5 "86";
87 1 0 6,92 "87";
88 1 1 25,37 "88";
89 0 0 0,41 "89";
90 0 0 64,87 "90";
91 1 1 22,47 "91";
92 2 0 7,14 "92";
93 0 1 67,88 "93";
94 1 1 38,90 "94";
