parity 39;
0 2 1 28,39 "0";
1 1 0 9,32 "1";
2 0 0 0,23 "2";
3 0 0 5,16 "3";
4 2 0 8,37 "4";
5 0 0 0,13 "5";
6 2 0 20,28 "6";
7 2 1 5,10 "7";
8 1 1 32,38 "8";
9 1 1 22,26 "9";
10 0 1 12,18 "10";
11 1 1 8,20 "11";
12 1 0 25,37 "12";
13 0 0 5,19 "13";
14 0 1 10,29 "14";
15 0 1 1,28 "15";
16 0 0 5,21 "16";
17 1 0 0,7 "17";
18 0 0 2,38 "18";
19 1 0 8,20 "19";
20 2 1 10,31 "20";
21 1 0 4,14 "21";
22 2 0 7,23 "22";
23 2 0 36,38 "23";
24 2 0 11,36 "24";
25 2 1 16,19 "25";
26 1 1 0,35 "26";
27 2 0 15,34 "27";
28 2 1 13,38 "28";
29 0 1 0,28 "29";
30 0 1 14,33 "30";
31 0 1 25,36 "31";
32 1 0 16,39 "32";
33 0 0 7,38 "33";
34 1 1 3,37 "34";
35 2 0 8,19 "35";
36 1 1 11,14 "36";
37 2 1 25,31 "37";
38 1 1 11,19 "38";
39 2 1 2,29 "39";
