parity 94;
0 1 1 53,55 "0";
1 2 0 15,46 "1";
2 2 0 20,55 "2";
3 1 0 51,92 "3";
4 1 0 41,53 "4";
5 2 0 25,39 "5";
6 2 0 21,56 "6";
7 1 1 72,81 "7";
8 2 0 28,86 "8";
9 0 1 0,45 "9";
10 1 1 35,45 "10";
11 0 0 37,78 "11";
12 1 0 4,64 "12";
13 0 1 4,37 "13";
14 2 0 33,42 "14";
15 0 0 51,53 "15";
16 1 1 41,82 "16";
17 1 0 57,88 "17";
18 2 1 41,79 "18";
19 0 0 62,87 "19";
20 2 0 42,77 "20";
21 1 0 43,86 "21";
22 0 1 11,25 "22";
23 0 1 45,92 "23";
24 2 1 82,85 "24";
25 2 0 13,33 "25";
26 0 0 88,92 "26";
27 1 1 30,70 "27";
28 1 1 37,68 "28";
29 1 0 84,89 "29";
30 1 1 51,70 "30";
31 1 0 13,90 "31";
32 0 1 62,79 "32";
33 2 0 14,92 "33";
34 1 0 32,74 "34";
35 0 1 47,76 "35";
36 0 0 6,63 "36";
37 0 0 10,50 "37";
38 1 0 36,92 "38";
39 1 1 81,84 "39";
40 1 1 63,82 "40";
41 1 1 3,23 "41";
42 2 1 38,57 "42";
43 2 0 15,33 "43";
44 0 0 33,52 "44";
45 0 1 21,54 "45";
46 2 0 44,62 "46";
47 0 1 27,38 "47";
48 2 0 21,50 "48";
49 1 1 11,52 "49";
50 2 0 36,60 "50";
51 1 1 20,23 "51";
52 2 1 46,60 "52";
53 2 1 21,93 "53";
54 1 1 53,87 "54";
55 0 0 83,84 "55";
56 2 1 70,80 "56";
57 1 1 83,88 "57";
58 0 0 80,86 "58";
59 1 1 29,70 "59";
60 1 0 2,7 "60";
61 2 1 25,86 "61";
62 1 1 78,91 "62";
63 2 0 2,39 "63";
64 0 0 40,79 "64";
65 2 0 53,84 "65";
66 1 0 75,89 "66";
67 1 0 69,80 "67";
68 0 1 28,66 "68";
69 0 0 78,88 "69";
70 0 0 15,23 "70";
71 2 1 48,56 "71";
72 1 1 5,27 "72";
73 1 1 74,82 "73";
74 1 1 64,67 "74";
75 2 0 23,61 "75";
76 0 0 11,90 "76";
77 0 1 35,42 "77";
78 0 0 1,32 "78";
79 0 1 52,60 "79";
80 2 1 4,57 "80";
81 0 0 30,39 "81";
82 0 1 29,50 "82";
83 2 0 22,41 "83";
84 2 1 10,33 "84";
85 0 0 31,87 "85";
86 1 1 16,64 "86";
87 1 0 40,80 "87";
88 2 0 14,71 "88";
89 1 1 22,51 "89";
90 1 1 73,85 "90";
91 2 0 12,49 "91";
92 1 1 53,56 "92";
93 1 1 34,55 "93";
94 2 1 13,54 "94";
