parity 34;
0 1 0 2,7 "0";
1 2 0 5,22 "1";
2 1 0 14,22 "2";
3 0 0 11,27 "3";
4 2 0 6,7 "4";
5 0 0 6,22 "5";
6 0 1 11,13 "6";
7 0 1 4,25 "7";
8 2 0 11,33 "8";
9 0 1 17,34 "9";
10 1 0 27,29 "10";
11 0 1 5,21 "11";
12 2 0 14,16 "12";
13 0 0 24,29 "13";
14 0 1 1,8 "14";
15 2 1 4,6 "15";
16 2 1 7,15 "16";
17 2 1 9,30 "17";
18 1 0 2,6 "18";
19 1 0 3,4 "19";
20 0 0 17,30 "20";
21 2 1 16,33 "21";
22 1 0 12,26 "22";
23 1 0 24,34 "23";
24 1 0 28,34 "24";
25 1 1 9,26 "25";
26 0 0 20,33 "26";
27 2 1 21,32 "27";
28 1 1 8,20 "28";
29 2 1 1,10 "29";
30 1 0 2,19 "30";
31 2 0 8,27 "31";
32 1 1 6,18 "32";
33 2 1 7,34 "33";
34 2 1 31,33 "34";
