parity 59;
0 2 1 18,44 "0";
1 1 1 28,29 "1";
2 1 0 14,37 "2";
3 1 1 19,28 "3";
4 0 1 34,41 "4";
5 2 0 29,42 "5";
6 1 0 20,33 "6";
7 1 1 1,40 "7";
8 2 0 19,50 "8";
9 1 1 20,22 "9";
10 1 0 24,53 "10";
11 2 1 8,55 "11";
12 1 0 31,56 "12";
13 2 0 10,17 "13";
14 2 1 0,46 "14";
15 0 0 31,57 "15";
16 0 1 5,17 "16";
17 2 0 14,56 "17";
18 0 1 6,17 "18";
19 0 0 5,48 "19";
20 2 1 19,59 "20";
21 1 1 24,42 "21";
22 1 0 24,27 "22";
23 1 0 47,57 "23";
24 1 0 22,27 "24";
25 1 0 33,56 "25";
26 2 1 38,56 "26";
27 0 0 42,49 "27";
28 2 1 7,37 "28";
29 2 1 3,57 "29";
30 1 0 26,29 "30";
31 1 1 11,20 "31";
32 1 1 18,58 "32";
33 0 1 8,38 "33";
34 2 1 12,55 "34";
35 0 1 19,33 "35";
36 1 0 0,58 "36";
37 0 0 15,32 "37";
38 2 0 1,50 "38";
39 0 1 9,51 "39";
40 2 0 9,12 "40";
41 0 1 0,39 "41";
42 1 1 7,37 "42";
43 0 0 25,40 "43";
44 2 0 20,58 "44";
45 0 0 40,48 "45";
46 2 0 24,31 "46";
47 1 0 29,33 "47";
48 2 1 39,53 "48";
49 1 1 36,47 "49";
50 1 1 15,30 "50";
51 0 0 1,55 "51";
52 0 1 21,27 "52";
53 2 1 32,42 "53";
54 1 1 6,11 "54";
55 1 0 40,54 "55";
56 0 1 19,57 "56";
57 2 1 3,26 "57";
58 1 0 42,54 "58";
59 0 1 33,35 "59";
