parity 64;
0 0 0 1,32 "0";
1 2 1 28,29 "1";
2 2 1 28,58 "2";
3 1 1 28,49 "3";
4 0 0 40,48 "4";
5 0 1 51,56 "5";
6 0 1 12,58 "6";
7 0 0 35,45 "7";
8 0 0 35,49 "8";
9 0 1 16,21 "9";
10 1 1 37,45 "10";
11 1 1 21,52 "11";
12 2 1 38,62 "12";
13 2 0 6,41 "13";
14 2 0 18,27 "14";
15 1 1 1,25 "15";
16 0 1 10,31 "16";
17 2 0 2,45 "17";
18 2 0 22,32 "18";
19 0 0 24,41 "19";
20 2 1 21,41 "20";
21 1 0 46,60 "21";
22 1 0 31,59 "22";
23 1 0 39,41 "23";
24 0 0 28,54 "24";
25 1 1 19,58 "25";
26 1 1 21,44 "26";
27 2 0 11,31 "27";
28 2 0 37,40 "28";
29 1 1 6,42 "29";
30 2 1 11,13 "30";
31 0 1 25,59 "31";
32 0 1 17,39 "32";
33 2 1 54,60 "33";
34 2 0 13,62 "34";
35 0 0 4,56 "35";
36 1 0 3,25 "36";
37 0 1 7,48 "37";
38 2 1 11,28 "38";
39 1 0 26,56 "39";
40 2 1 2,26 "40";
41 0 0 2,49 "41";
42 0 0 18,56 "42";
43 0 1 29,46 "43";
44 1 1 6,32 "44";
45 1 0 4,7 "45";
46 0 1 28,61 "46";
47 2 1 26,51 "47";
48 1 1 37,57 "48";
49 1 0 13,57 "49";
50 2 0 40,59 "50";
51 2 0 8,46 "51";
52 1 0 5,63 "52";
53 0 1 37,44 "53";
54 1 0 31,36 "54";
55 2 0 19,59 "55";
56 0 1 5,45 "56";
57 1 1 9,61 "57";
58 0 0 1,55 "58";
59 0 0 10,22 "59";
60 2 1 23,29 "60";
61 0 0 50,52 "61";
62 1 1 12,26 "62";
63 2 1 22,58 "63";
64 2 0 43,55 "64";
