parity 94;
0 2 1 67,93 "0";
1 2 0 29,94 "1";
2 2 0 47,67 "2";
3 2 0 52,83 "3";
4 1 0 43,67 "4";
5 1 1 52,64 "5";
6 0 0 16,82 "6";
7 2 1 18,53 "7";
8 2 0 42,50 "8";
9 0 0 40,74 "9";
10 1 0 73,83 "10";
11 2 0 19,61 "11";
12 2 0 15,40 "12";
13 1 0 3,40 "13";
14 0 1 6,81 "14";
15 2 1 32,82 "15";
16 1 1 14,41 "16";
17 0 1 23,35 "17";
18 2 0 55,76 "18";
19 1 0 78,81 "19";
20 0 1 14,59 "20";
21 1 0 10,69 "21";
22 2 1 74,80 "22";
23 0 0 37,69 "23";
24 0 1 76,79 "24";
25 1 0 15,85 "25";
26 2 1 0,45 "26";
27 0 0 11,13 "27";
28 1 1 17,76 "28";
29 1 0 28,87 "29";
30 2 1 62,65 "30";
31 0 0 24,73 "31";
32 1 0 29,54 "32";
33 0 1 17,85 "33";
34 2 0 16,84 "34";
35 0 0 16,71 "35";
36 1 1 13,54 "36";
37 0 1 24,91 "37";
38 1 0 41,52 "38";
39 0 0 33,83 "39";
40 2 1 12,18 "40";
41 1 1 54,78 "41";
42 1 1 63,86 "42";
43 0 0 37,50 "43";
44 0 0 39,59 "44";
45 2 0 4,42 "45";
46 2 1 79,82 "46";
47 2 0 12,87 "47";
48 2 1 10,87 "48";
49 1 1 20,79 "49";
50 1 0 68,92 "50";
51 1 1 59,61 "51";
52 1 1 13,62 "52";
53 2 1 44,78 "53";
54 1 1 4,59 "54";
55 0 0 17,61 "55";
56 2 0 67,72 "56";
57 0 0 46,70 "57";
58 0 1 25,46 "58";
59 1 1 30,36 "59";
60 0 1 66,83 "60";
61 1 0 12,15 "61";
62 0 0 30,85 "62";
63 2 1 35,39 "63";
64 0 1 11,29 "64";
65 2 1 44,89 "65";
66 2 1 31,71 "66";
67 0 1 82,83 "67";
68 2 0 24,37 "68";
69 1 0 25,63 "69";
70 0 1 8,47 "70";
71 0 1 31,35 "71";
72 0 1 2,84 "72";
73 1 1 18,26 "73";
74 2 0 26,59 "74";
75 2 0 3,53 "75";
76 0 1 2,51 "76";
77 0 0 64,72 "77";
78 2 1 83,91 "78";
79 1 0 42,61 "79";
80 2 0 28,90 "80";
81 1 1 48,58 "81";
82 1 0 10,83 "82";
83 0 1 54,60 "83";
84 1 1 13,49 "84";
85 1 1 6,44 "85";
86 2 1 69,80 "86";
87 2 1 36,59 "87";
88 0 1 12,75 "88";
89 1 0 25,44 "89";
90 1 0 15,24 "90";
91 2 0 37,90 "91";
92 2 1 24,93 "92";
93 1 1 17,24 "93";
94 2 0 62,72 "94";
