parity 79;
0 2 1 11,40 "0";
1 1 1 55,77 "1";
2 1 0 3,52 "2";
3 0 1 11,42 "3";
4 1 1 30,60 "4";
5 1 0 32,55 "5";
6 1 1 5,14 "6";
7 2 0 21,48 "7";
8 2 1 74,79 "8";
9 2 1 7,21 "9";
10 2 0 54,71 "10";
11 0 0 14,66 "11";
12 2 0 9,45 "12";
13 0 0 6,62 "13";
14 2 0 36,69 "14";
15 0 0 1,52 "15";
16 1 1 6,30 "16";
17 2 0 48,71 "17";
18 0 1 26,71 "18";
19 0 1 47,61 "19";
20 2 0 8,58 "20";
21 0 0 15,72 "21";
22 1 0 52,57 "22";
23 1 1 20,58 "23";
24 1 1 37,77 "24";
25 1 1 17,31 "25";
26 0 0 29,47 "26";
27 1 1 36,66 "27";
28 0 1 29,58 "28";
29 0 1 6,61 "29";
30 2 0 29,33 "30";
31 2 1 38,76 "31";
32 2 0 40,53 "32";
33 0 1 40,43 "33";
34 0 1 20,35 "34";
35 0 0 1,18 "35";
36 0 0 61,78 "36";
37 2 1 11,40 "37";
38 0 0 10,33 "38";
39 0 0 31,65 "39";
40 1 1 14,36 "40";
41 2 1 6,48 "41";
42 0 1 47,51 "42";
43 1 0 63,72 "43";
44 1 1 74,79 "44";
45 0 0 19,39 "45";
46 0 0 47,54 "46";
47 0 0 31,68 "47";
48 0 0 6,25 "48";
49 1 0 2,50 "49";
50 0 1 44,73 "50";
51 1 0 34,54 "51";
52 2 1 10,15 "52";
53 2 1 2,14 "53";
54 0 0 8,21 "54";
55 1 1 39,59 "55";
56 0 0 12,29 "56";
57 1 0 22,67 "57";
58 1 0 12,15 "58";
59 0 0 19,75 "59";
60 1 0 25,37 "60";
61 2 0 5,69 "61";
62 2 0 2,40 "62";
63 1 1 1,35 "63";
64 0 1 30,48 "64";
65 1 1 13,18 "65";
66 2 1 4,38 "66";
67 1 1 1,46 "67";
68 2 0 28,77 "68";
69 2 1 46,70 "69";
70 1 0 2,39 "70";
71 1 1 20,64 "71";
72 1 0 18,57 "72";
73 2 1 14,62 "73";
74 1 0 29,46 "74";
75 1 1 34,59 "75";
76 0 1 55,70 "76";
77 1 0 19,39 "77";
78 2 1 5,20 "78";
79 1 1 5,12 "79";
