parity 29;
0 0 1 9,22 "0";
1 1 1 14,24 "1";
2 0 0 6,7 "2";
3 2 1 7,9 "3";
4 0 1 6,16 "4";
5 0 0 2,6 "5";
6 2 0 1,24 "6";
7 1 1 17,28 "7";
8 0 0 6,26 "8";
9 0 0 10,20 "9";
10 1 1 15,25 "10";
11 1 1 3,12 "11";
12 2 0 11,29 "12";
13 2 0 8,25 "13";
14 0 1 4,9 "14";
15 0 1 6,25 "15";
16 2 1 4,20 "16";
17 1 0 4,23 "17";
18 1 0 16,29 "18";
19 1 1 21,26 "19";
20 1 0 16,28 "20";
21 0 1 6,19 "21";
22 0 1 3,7 "22";
23 2 0 12,28 "23";
24 2 1 11,22 "24";
25 1 1 24,29 "25";
26 0 1 14,23 "26";
27 2 1 12,17 "27";
28 2 0 8,29 "28";
29 0 0 11,26 "29";
