parity 84;
0 1 1 68,82 "0";
1 2 0 10,12 "1";
2 2 1 25,62 "2";
3 2 1 39,60 "3";
4 0 1 32,37 "4";
5 1 1 39,41 "5";
6 1 1 3,57 "6";
7 1 1 68,76 "7";
8 0 0 69,75 "8";
9 0 1 15,70 "9";
10 1 1 20,65 "10";
11 1 0 9,25 "11";
12 1 1 11,27 "12";
13 2 0 38,46 "13";
14 1 0 28,45 "14";
15 1 1 5,22 "15";
16 0 1 18,72 "16";
17 2 0 12,45 "17";
18 1 0 2,56 "18";
19 2 1 31,72 "19";
20 1 0 1,12 "20";
21 0 0 60,70 "21";
22 1 1 10,78 "22";
23 2 0 29,55 "23";
24 0 0 59,76 "24";
25 0 1 21,35 "25";
26 1 1 32,60 "26";
27 0 1 20,78 "27";
28 2 0 5,43 "28";
29 1 0 4,16 "29";
30 2 0 62,80 "30";
31 0 0 22,49 "31";
32 2 0 3,7 "32";
33 1 1 32,75 "33";
34 2 0 51,71 "34";
35 2 0 49,64 "35";
36 2 1 28,64 "36";
37 1 0 69,80 "37";
38 1 0 7,44 "38";
39 0 1 63,82 "39";
40 1 0 24,26 "40";
41 0 0 26,63 "41";
42 2 0 7,46 "42";
43 2 0 31,48 "43";
44 1 1 40,75 "44";
45 2 0 8,46 "45";
46 2 0 47,71 "46";
47 0 1 6,43 "47";
48 1 1 45,63 "48";
49 2 1 1,6 "49";
50 0 0 32,72 "50";
51 1 0 29,50 "51";
52 1 0 27,57 "52";
53 1 0 46,61 "53";
54 1 1 5,10 "54";
55 1 0 1,39 "55";
56 0 0 40,61 "56";
57 1 0 12,83 "57";
58 1 1 49,78 "58";
59 2 1 21,60 "59";
60 1 1 34,54 "60";
61 1 1 25,70 "61";
62 2 1 5,50 "62";
63 1 1 13,74 "63";
64 2 0 36,56 "64";
65 1 0 27,68 "65";
66 1 1 4,36 "66";
67 0 0 25,35 "67";
68 0 0 21,23 "68";
69 2 0 48,66 "69";
70 1 0 57,84 "70";
71 1 1 36,59 "71";
72 1 1 4,33 "72";
73 0 1 2,84 "73";
74 2 0 35,46 "74";
75 2 1 20,51 "75";
76 0 0 26,27 "76";
77 2 1 20,54 "77";
78 2 1 46,73 "78";
79 1 1 2,24 "79";
80 0 1 42,71 "80";
81 0 1 67,77 "81";
82 1 0 0,63 "82";
83 2 0 5,53 "83";
84 0 1 5,71 "84";
