parity 89;
0 0 1 9,52 "0";
1 2 1 16,86 "1";
2 2 1 48,61 "2";
3 2 1 23,43 "3";
4 2 1 26,37 "4";
5 1 1 68,78 "5";
6 0 0 29,75 "6";
7 2 0 40,71 "7";
8 0 0 9,73 "8";
9 1 0 37,67 "9";
10 1 0 28,79 "10";
11 2 0 39,74 "11";
12 0 0 25,70 "12";
13 2 0 12,44 "13";
14 0 1 38,67 "14";
15 0 1 35,75 "15";
16 0 0 32,58 "16";
17 2 0 58,65 "17";
18 0 0 39,51 "18";
19 2 0 9,54 "19";
20 1 1 39,47 "20";
21 2 0 1,13 "21";
22 1 0 70,84 "22";
23 1 1 2,33 "23";
24 0 1 25,86 "24";
25 0 1 47,83 "25";
26 1 0 16,87 "26";
27 2 0 1,68 "27";
28 2 1 8,85 "28";
29 0 1 25,53 "29";
30 2 0 33,50 "30";
31 0 1 6,40 "31";
32 1 0 9,41 "32";
33 1 1 34,81 "33";
34 1 0 40,50 "34";
35 0 0 33,51 "35";
36 0 1 22,83 "36";
37 0 0 22,24 "37";
38 2 1 41,79 "38";
39 2 0 28,62 "39";
40 0 0 34,45 "40";
41 0 1 2,26 "41";
42 2 1 64,88 "42";
43 1 0 4,33 "43";
44 2 1 12,70 "44";
45 2 0 18,69 "45";
46 1 1 25,28 "46";
47 2 0 6,58 "47";
48 1 1 22,54 "48";
49 0 1 32,78 "49";
50 2 0 40,80 "50";
51 2 1 19,63 "51";
52 1 0 14,51 "52";
53 1 1 13,72 "53";
54 1 0 55,58 "54";
55 0 1 44,84 "55";
56 2 0 1,27 "56";
57 2 0 46,61 "57";
58 1 0 14,29 "58";
59 1 0 34,74 "59";
60 2 1 44,45 "60";
61 1 0 34,48 "61";
62 2 0 31,86 "62";
63 2 0 21,28 "63";
64 1 1 41,43 "64";
65 1 0 14,72 "65";
66 0 1 27,33 "66";
67 1 0 48,50 "67";
68 2 1 46,76 "68";
69 0 1 41,44 "69";
70 1 1 38,78 "70";
71 1 1 2,46 "71";
72 2 0 0,6 "72";
73 1 0 57,82 "73";
74 1 0 11,21 "74";
75 1 0 14,29 "75";
76 1 0 52,55 "76";
77 0 1 78,83 "77";
78 2 1 13,82 "78";
79 0 1 43,81 "79";
80 0 0 5,72 "80";
81 2 1 2,43 "81";
82 0 1 56,78 "82";
83 0 1 16,31 "83";
84 0 0 5,9 "84";
85 2 1 16,35 "85";
86 1 1 0,12 "86";
87 1 0 38,64 "87";
88 2 1 10,68 "88";
89 0 1 5,41 "89";
