parity 64;
0 1 0 19,64 "0";
1 0 1 23,25 "1";
2 1 1 4,38 "2";
3 2 0 8,63 "3";
4 0 0 25,32 "4";
5 0 1 4,64 "5";
6 2 0 0,61 "6";
7 2 1 30,32 "7";
8 2 1 9,50 "8";
9 0 1 0,32 "9";
10 0 1 6,13 "10";
11 2 1 18,22 "11";
12 2 1 19,50 "12";
13 1 0 2,27 "13";
14 1 0 56,58 "14";
15 2 1 24,60 "15";
16 2 0 15,46 "16";
17 0 1 11,21 "17";
18 2 0 14,62 "18";
19 1 0 33,42 "19";
20 2 1 23,63 "20";
21 2 0 1,15 "21";
22 0 1 36,62 "22";
23 1 1 30,45 "23";
24 2 0 21,63 "24";
25 1 0 1,33 "25";
26 1 0 20,39 "26";
27 1 0 29,34 "27";
28 1 1 10,55 "28";
29 0 1 57,64 "29";
30 0 0 19,55 "30";
31 0 1 23,28 "31";
32 2 1 38,61 "32";
33 1 1 29,56 "33";
34 1 0 16,41 "34";
35 1 0 17,62 "35";
36 1 0 2,52 "36";
37 1 1 26,49 "37";
38 1 0 9,25 "38";
39 2 1 3,46 "39";
40 2 1 8,39 "40";
41 1 1 7,27 "41";
42 2 1 24,61 "42";
43 0 0 0,39 "43";
44 0 1 37,60 "44";
45 2 1 42,62 "45";
46 0 1 34,39 "46";
47 1 0 12,34 "47";
48 1 0 42,54 "48";
49 1 1 16,63 "49";
50 0 1 33,40 "50";
51 1 0 4,8 "51";
52 1 0 1,45 "52";
53 1 0 54,58 "53";
54 1 1 23,52 "54";
55 1 0 16,54 "55";
56 1 1 11,38 "56";
57 1 0 19,42 "57";
58 1 0 13,36 "58";
59 2 0 32,54 "59";
60 2 1 21,31 "60";
61 1 0 0,55 "61";
62 1 0 38,42 "62";
63 1 0 0,37 "63";
64 0 1 15,28 "64";
