parity 39;
0 0 1 11,25 "0";
1 2 1 15,27 "1";
2 1 0 15,35 "2";
3 2 0 1,21 "3";
4 2 1 25,28 "4";
5 2 0 6,25 "5";
6 1 0 13,14 "6";
7 0 0 12,38 "7";
8 2 0 3,13 "8";
9 1 0 16,19 "9";
10 2 1 14,28 "10";
11 0 0 10,25 "11";
12 1 1 7,24 "12";
13 1 1 21,34 "13";
14 2 1 21,31 "14";
15 2 0 10,12 "15";
16 2 0 6,17 "16";
17 1 1 28,32 "17";
18 1 1 32,35 "18";
19 1 0 5,21 "19";
20 2 0 0,7 "20";
21 0 0 22,38 "21";
22 2 0 8,11 "22";
23 0 1 2,36 "23";
24 1 0 2,22 "24";
25 0 0 1,7 "25";
26 0 0 11,17 "26";
27 0 0 32,37 "27";
28 2 1 7,11 "28";
29 1 1 17,37 "29";
30 1 1 7,8 "30";
31 1 1 2,21 "31";
32 0 1 4,15 "32";
33 0 1 1,15 "33";
34 2 1 3,38 "34";
35 0 1 0,28 "35";
36 2 1 3,9 "36";
37 2 0 5,22 "37";
38 2 0 1,8 "38";
39 1 0 24,29 "39";
