parity 44;
0 2 0 9,33 "0";
1 2 1 9,25 "1";
2 2 0 16,25 "2";
3 0 0 2,28 "3";
4 2 0 3,35 "4";
5 0 1 10,38 "5";
6 0 0 8,43 "6";
7 2 1 37,44 "7";
8 2 1 10,18 "8";
9 0 0 7,37 "9";
10 2 1 21,31 "10";
11 2 1 31,38 "11";
12 1 0 2,30 "12";
13 1 1 12,16 "13";
14 0 0 0,37 "14";
15 2 1 39,42 "15";
16 2 1 23,33 "16";
17 2 1 25,39 "17";
18 1 1 8,25 "18";
19 2 1 31,33 "19";
20 2 1 3,37 "20";
21 0 0 11,34 "21";
22 1 0 7,26 "22";
23 0 0 11,24 "23";
24 0 0 20,26 "24";
25 2 1 19,33 "25";
26 1 0 7,41 "26";
27 1 0 7,40 "27";
28 2 1 40,42 "28";
29 0 0 28,32 "29";
30 1 1 7,32 "30";
31 0 1 19,38 "31";
32 0 0 14,25 "32";
33 2 1 6,20 "33";
34 0 0 18,35 "34";
35 1 0 1,20 "35";
36 0 1 6,34 "36";
37 0 1 28,29 "37";
38 1 1 21,32 "38";
39 1 1 24,44 "39";
40 2 0 20,41 "40";
41 2 1 1,27 "41";
42 1 1 4,10 "42";
43 0 1 2,44 "43";
44 2 0 36,43 "44";
