parity 59;
0 0 0 33,48 "0";
1 1 1 8,38 "1";
2 0 1 18,57 "2";
3 1 0 7,17 "3";
4 0 1 16,18 "4";
5 1 0 31,52 "5";
6 1 0 35,48 "6";
7 1 1 25,42 "7";
8 2 1 23,30 "8";
9 2 0 30,42 "9";
10 2 1 35,38 "10";
11 2 0 25,57 "11";
12 2 1 8,55 "12";
13 2 1 31,39 "13";
14 2 0 24,26 "14";
15 1 0 21,57 "15";
16 1 0 2,4 "16";
17 0 0 44,51 "17";
18 1 1 32,36 "18";
19 1 0 0,39 "19";
20 2 0 40,50 "20";
21 0 0 57,59 "21";
22 2 0 28,47 "22";
23 1 0 44,59 "23";
24 0 0 9,18 "24";
25 2 0 3,30 "25";
26 2 0 1,38 "26";
27 0 0 1,44 "27";
28 1 1 26,53 "28";
29 2 0 16,35 "29";
30 1 1 17,54 "30";
31 1 1 18,51 "31";
32 1 0 30,55 "32";
33 1 1 7,31 "33";
34 2 0 31,48 "34";
35 2 0 20,44 "35";
36 1 1 14,57 "36";
37 2 0 23,50 "37";
38 2 1 27,32 "38";
39 2 0 55,58 "39";
40 2 0 42,45 "40";
41 2 1 33,51 "41";
42 0 0 28,52 "42";
43 1 1 3,45 "43";
44 0 0 34,37 "44";
45 2 0 7,39 "45";
46 0 1 25,34 "46";
47 1 0 42,43 "47";
48 0 0 11,34 "48";
49 2 0 9,31 "49";
50 2 0 30,34 "50";
51 1 0 6,47 "51";
52 0 0 8,12 "52";
53 0 0 12,45 "53";
54 2 0 18,47 "54";
55 1 0 28,40 "55";
56 0 0 13,34 "56";
57 2 1 3,28 "57";
58 0 0 18,54 "58";
59 1 0 36,56 "59";
