parity 74;
0 1 0 40,74 "0";
1 2 0 36,46 "1";
2 1 1 17,40 "2";
3 1 1 11,28 "3";
4 1 0 24,50 "4";
5 2 1 35,48 "5";
6 0 0 24,71 "6";
7 0 1 9,67 "7";
8 1 0 3,70 "8";
9 2 1 27,52 "9";
10 2 1 5,65 "10";
11 2 1 4,32 "11";
12 1 0 24,34 "12";
13 0 1 17,41 "13";
14 1 1 22,28 "14";
15 1 0 20,67 "15";
16 1 0 22,41 "16";
17 1 0 4,47 "17";
18 0 0 7,61 "18";
19 0 1 27,67 "19";
20 1 1 45,46 "20";
21 0 0 1,67 "21";
22 0 1 26,59 "22";
23 2 0 5,30 "23";
24 0 0 42,69 "24";
25 1 1 13,50 "25";
26 1 0 29,55 "26";
27 0 0 13,24 "27";
28 0 1 30,40 "28";
29 1 1 12,33 "29";
30 2 0 60,69 "30";
31 0 1 19,55 "31";
32 0 1 18,56 "32";
33 0 0 32,40 "33";
34 1 0 40,60 "34";
35 0 1 25,33 "35";
36 1 1 56,66 "36";
37 2 1 8,54 "37";
38 1 0 10,43 "38";
39 0 0 34,55 "39";
40 1 1 18,53 "40";
41 2 1 26,33 "41";
42 1 1 1,51 "42";
43 1 0 7,26 "43";
44 2 1 40,73 "44";
45 2 0 19,51 "45";
46 0 0 43,60 "46";
47 0 1 2,24 "47";
48 0 0 36,51 "48";
49 1 1 48,61 "49";
50 2 1 38,44 "50";
51 2 1 19,46 "51";
52 0 0 3,72 "52";
53 1 1 25,70 "53";
54 2 1 58,63 "54";
55 0 0 26,67 "55";
56 1 1 2,59 "56";
57 0 0 15,67 "57";
58 2 1 4,13 "58";
59 1 1 67,68 "59";
60 1 1 24,30 "60";
61 1 1 35,56 "61";
62 0 1 7,22 "62";
63 2 0 60,67 "63";
64 0 1 19,74 "64";
65 2 0 1,47 "65";
66 0 1 47,71 "66";
67 0 0 39,54 "67";
68 0 0 14,17 "68";
69 0 1 4,22 "69";
70 0 1 4,21 "70";
71 2 0 17,36 "71";
72 0 1 23,57 "72";
73 1 1 59,67 "73";
74 1 1 3,39 "74";
