parity 69;
0 2 0 4,24 "0";
1 2 1 45,50 "1";
2 2 1 61,65 "2";
3 0 0 45,49 "3";
4 0 1 19,40 "4";
5 2 1 37,63 "5";
6 2 1 24,30 "6";
7 0 1 10,35 "7";
8 2 1 52,66 "8";
9 0 0 18,32 "9";
10 0 1 12,27 "10";
11 0 1 24,41 "11";
12 1 0 4,34 "12";
13 0 0 1,61 "13";
14 2 1 11,45 "14";
15 2 0 35,54 "15";
16 1 0 8,11 "16";
17 1 0 4,52 "17";
18 0 1 1,67 "18";
19 1 0 4,48 "19";
20 1 1 17,30 "20";
21 0 1 60,62 "21";
22 1 1 31,51 "22";
23 1 0 8,14 "23";
24 0 1 4,7 "24";
25 0 1 39,53 "25";
26 2 0 1,36 "26";
27 0 1 0,5 "27";
28 2 1 12,52 "28";
29 2 1 14,50 "29";
30 1 0 44,52 "30";
31 0 0 2,62 "31";
32 1 0 21,30 "32";
33 2 1 54,56 "33";
34 2 0 56,60 "34";
35 0 1 53,56 "35";
36 2 1 30,34 "36";
37 1 0 23,67 "37";
38 2 0 2,26 "38";
39 0 0 2,8 "39";
40 1 1 1,36 "40";
41 2 0 34,39 "41";
42 1 0 35,55 "42";
43 0 1 50,54 "43";
44 2 0 20,57 "44";
45 0 0 51,67 "45";
46 1 0 16,22 "46";
47 0 1 13,66 "47";
48 1 1 51,56 "48";
49 2 0 10,15 "49";
50 0 1 22,32 "50";
51 2 0 44,53 "51";
52 2 1 34,60 "52";
53 2 0 34,54 "53";
54 0 1 38,46 "54";
55 0 0 5,52 "55";
56 1 0 28,33 "56";
57 0 1 1,11 "57";
58 0 1 34,66 "58";
59 1 1 20,43 "59";
60 2 0 32,56 "60";
61 1 0 9,45 "61";
62 0 0 11,35 "62";
63 2 0 4,58 "63";
64 1 0 48,52 "64";
65 1 1 12,52 "65";
66 0 1 24,38 "66";
67 2 1 8,59 "67";
68 1 0 0,40 "68";
69 2 1 23,40 "69";
