parity 44;
0 2 0 34,39 "0";
1 0 0 25,28 "1";
2 2 1 16,23 "2";
3 1 1 0,43 "3";
4 0 1 7,35 "4";
5 1 0 12,44 "5";
6 0 1 9,11 "6";
7 2 0 14,18 "7";
8 0 1 2,3 "8";
9 0 0 21,39 "9";
10 2 0 13,21 "10";
11 1 0 8,34 "11";
12 2 1 30,36 "12";
13 2 0 25,40 "13";
14 0 1 0,1 "14";
15 1 0 24,44 "15";
16 0 1 8,21 "16";
17 0 1 15,19 "17";
18 1 0 19,43 "18";
19 1 1 37,43 "19";
20 2 1 21,39 "20";
21 0 1 14,26 "21";
22 0 1 6,38 "22";
23 1 1 2,25 "23";
24 2 0 23,44 "24";
25 0 1 29,39 "25";
26 2 1 4,14 "26";
27 0 1 30,41 "27";
28 0 1 1,20 "28";
29 0 0 4,18 "29";
30 1 0 16,25 "30";
31 2 1 1,34 "31";
32 1 1 18,23 "32";
33 2 1 22,41 "33";
34 0 0 3,11 "34";
35 2 1 40,44 "35";
36 2 1 9,19 "36";
37 0 1 10,43 "37";
38 2 0 18,35 "38";
39 0 1 11,40 "39";
40 2 0 4,28 "40";
41 1 0 8,15 "41";
42 1 1 6,11 "42";
43 1 1 14,29 "43";
44 1 0 9,39 "44";
