parity 49;
0 2 1 5,12 "0";
1 2 1 6,34 "1";
2 2 1 10,19 "2";
3 0 0 8,40 "3";
4 0 1 21,46 "4";
5 1 0 18,48 "5";
6 0 1 32,45 "6";
7 1 1 9,48 "7";
8 0 1 14,24 "8";
9 0 1 16,38 "9";
10 2 0 28,29 "10";
11 2 1 28,34 "11";
12 2 0 33,35 "12";
13 2 1 18,37 "13";
14 2 1 8,13 "14";
15 0 0 12,34 "15";
16 0 1 10,27 "16";
17 0 0 15,45 "17";
18 1 1 26,33 "18";
19 0 0 6,34 "19";
20 1 1 12,25 "20";
21 2 0 24,27 "21";
22 1 0 21,26 "22";
23 0 1 28,29 "23";
24 0 0 18,28 "24";
25 0 1 2,45 "25";
26 0 1 25,30 "26";
27 1 0 35,43 "27";
28 1 1 15,41 "28";
29 0 0 6,44 "29";
30 0 0 11,36 "30";
31 0 1 2,43 "31";
32 0 0 33,36 "32";
33 2 0 5,48 "33";
34 1 0 22,44 "34";
35 1 0 32,39 "35";
36 1 1 30,47 "36";
37 1 1 21,42 "37";
38 0 0 4,33 "38";
39 2 1 20,29 "39";
40 1 0 16,18 "40";
41 1 0 23,40 "41";
42 0 0 32,41 "42";
43 1 1 4,25 "43";
44 2 0 30,33 "44";
45 0 0 14,18 "45";
46 1 0 1,27 "46";
47 1 0 20,37 "47";
48 2 1 13,18 "48";
49 1 0 27,41 "49";
