parity 89;
0 1 1 23,69 "0";
1 0 0 14,75 "1";
2 2 1 17,50 "2";
3 1 1 29,53 "3";
4 1 0 28,79 "4";
5 0 1 9,18 "5";
6 2 1 78,86 "6";
7 1 0 60,86 "7";
8 2 1 16,85 "8";
9 0 0 58,66 "9";
10 2 1 59,79 "10";
11 1 1 31,37 "11";
12 0 0 13,36 "12";
13 2 0 12,77 "13";
14 0 0 56,59 "14";
15 2 1 54,79 "15";
16 0 1 17,39 "16";
17 1 1 32,58 "17";
18 1 0 72,87 "18";
19 0 1 33,36 "19";
20 2 1 59,72 "20";
21 0 0 48,51 "21";
22 0 0 9,48 "22";
23 0 1 1,36 "23";
24 0 1 9,23 "24";
25 2 0 60,89 "25";
26 2 1 33,69 "26";
27 2 0 31,76 "27";
28 2 1 41,48 "28";
29 2 0 16,37 "29";
30 1 0 0,41 "30";
31 1 0 10,30 "31";
32 1 1 23,76 "32";
33 0 0 1,66 "33";
34 1 1 52,82 "34";
35 0 1 77,80 "35";
36 1 0 8,40 "36";
37 0 0 2,79 "37";
38 1 1 11,17 "38";
39 1 1 74,82 "39";
40 2 0 22,69 "40";
41 0 0 22,35 "41";
42 1 0 52,71 "42";
43 0 0 58,59 "43";
44 0 0 58,77 "44";
45 2 0 48,74 "45";
46 2 0 10,73 "46";
47 2 0 16,22 "47";
48 1 1 11,41 "48";
49 0 0 17,75 "49";
50 1 0 22,76 "50";
51 1 0 1,60 "51";
52 1 0 5,75 "52";
53 1 0 2,33 "53";
54 0 0 12,48 "54";
55 1 1 36,81 "55";
56 0 0 23,39 "56";
57 0 0 28,44 "57";
58 2 1 33,73 "58";
59 2 1 16,44 "59";
60 2 0 65,72 "60";
61 2 0 9,72 "61";
62 0 0 4,83 "62";
63 2 1 66,78 "63";
64 0 1 41,75 "64";
65 2 0 55,74 "65";
66 1 1 15,19 "66";
67 0 1 20,59 "67";
68 2 1 47,75 "68";
69 0 0 6,22 "69";
70 1 0 1,76 "70";
71 0 1 6,82 "71";
72 2 0 22,25 "72";
73 2 0 39,85 "73";
74 2 0 50,69 "74";
75 2 0 8,24 "75";
76 2 1 66,74 "76";
77 2 1 24,35 "77";
78 2 1 25,43 "78";
79 2 0 30,39 "79";
80 0 0 33,63 "80";
81 0 1 9,23 "81";
82 1 0 2,33 "82";
83 1 0 5,59 "83";
84 0 0 50,53 "84";
85 2 0 0,27 "85";
86 0 1 72,87 "86";
87 0 0 7,29 "87";
88 1 1 10,57 "88";
89 0 1 78,80 "89";
