parity 34;
0 2 1 6,19 "0";
1 0 0 5,12 "1";
2 1 1 10,34 "2";
3 0 0 30,33 "3";
4 1 0 25,28 "4";
5 1 0 4,23 "5";
6 1 1 11,14 "6";
7 0 0 12,17 "7";
8 0 0 31,33 "8";
9 0 1 19,30 "9";
10 1 0 4,25 "10";
11 0 1 12,23 "11";
12 1 0 17,32 "12";
13 1 0 0,11 "13";
14 0 1 6,30 "14";
15 0 1 8,32 "15";
16 1 1 10,25 "16";
17 1 1 12,23 "17";
18 2 0 12,15 "18";
19 2 1 22,32 "19";
20 0 1 0,24 "20";
21 2 0 0,23 "21";
22 1 0 10,26 "22";
23 1 1 19,29 "23";
24 2 1 6,26 "24";
25 0 0 15,27 "25";
26 0 0 20,31 "26";
27 0 0 14,33 "27";
28 2 1 5,13 "28";
29 1 1 19,32 "29";
30 1 0 2,18 "30";
31 1 1 25,33 "31";
32 2 1 6,20 "32";
33 2 1 0,25 "33";
34 1 1 24,33 "34";
