parity 49;
0 0 0 35,37 "0";
1 0 1 0,37 "1";
2 0 1 28,42 "2";
3 1 1 9,26 "3";
4 1 1 1,36 "4";
5 0 1 25,45 "5";
6 1 0 0,3 "6";
7 0 0 4,8 "7";
8 1 1 23,33 "8";
9 2 1 23,41 "9";
10 0 1 2,48 "10";
11 0 1 44,49 "11";
12 0 1 33,39 "12";
13 2 1 29,41 "13";
14 0 0 2,16 "14";
15 2 1 5,10 "15";
16 1 1 19,43 "16";
17 2 1 1,21 "17";
18 2 0 10,45 "18";
19 0 1 3,7 "19";
20 0 1 11,26 "20";
21 0 0 19,41 "21";
22 2 0 21,47 "22";
23 1 0 24,37 "23";
24 2 0 20,23 "24";
25 2 0 1,27 "25";
26 0 1 18,21 "26";
27 2 0 41,46 "27";
28 1 0 6,49 "28";
29 1 1 11,19 "29";
30 0 1 15,27 "30";
31 2 0 23,35 "31";
32 0 0 9,45 "32";
33 0 0 14,39 "33";
34 2 0 30,36 "34";
35 2 0 9,34 "35";
36 2 0 16,44 "36";
37 0 0 22,28 "37";
38 1 1 5,41 "38";
39 0 1 4,26 "39";
40 2 1 0,14 "40";
41 2 0 19,42 "41";
42 0 0 11,49 "42";
43 2 1 0,16 "43";
44 0 1 26,43 "44";
45 1 0 11,40 "45";
46 2 0 30,37 "46";
47 1 1 31,41 "47";
48 2 1 2,27 "48";
49 0 0 23,43 "49";
