parity 54;
0 2 1 4,10 "0";
1 0 1 43,50 "1";
2 1 0 40,53 "2";
3 0 1 6,53 "3";
4 1 0 45,52 "4";
5 1 1 12,36 "5";
6 2 0 3,53 "6";
7 0 0 2,30 "7";
8 2 1 26,53 "8";
9 0 1 7,25 "9";
10 1 1 19,48 "10";
11 2 0 27,44 "11";
12 2 1 9,35 "12";
13 2 1 0,46 "13";
14 0 0 36,51 "14";
15 2 0 21,37 "15";
16 2 1 21,25 "16";
17 1 0 9,47 "17";
18 1 0 25,29 "18";
19 0 1 16,33 "19";
20 2 1 5,14 "20";
21 0 1 16,45 "21";
22 0 1 29,33 "22";
23 1 1 18,19 "23";
24 1 1 28,29 "24";
25 0 0 28,50 "25";
26 1 1 31,51 "26";
27 1 1 6,11 "27";
28 1 1 18,24 "28";
29 1 0 5,47 "29";
30 2 1 3,7 "30";
31 2 1 16,44 "31";
32 2 0 37,48 "32";
33 0 1 28,36 "33";
34 0 1 2,38 "34";
35 1 1 36,44 "35";
36 0 1 47,53 "36";
37 1 1 23,40 "37";
38 2 0 9,48 "38";
39 2 1 14,30 "39";
40 1 0 23,45 "40";
41 1 1 19,50 "41";
42 2 1 14,23 "42";
43 2 0 16,18 "43";
44 0 0 43,45 "44";
45 0 0 27,29 "45";
46 2 1 0,42 "46";
47 1 0 12,49 "47";
48 2 1 23,27 "48";
49 0 0 10,50 "49";
50 2 0 4,48 "50";
51 1 0 13,26 "51";
52 1 1 19,49 "52";
53 1 0 8,43 "53";
54 1 0 5,32 "54";
