parity 84;
0 2 0 16,40 "0";
1 0 1 35,77 "1";
2 2 1 1,80 "2";
3 2 1 18,75 "3";
4 2 0 35,68 "4";
5 1 0 77,81 "5";
6 0 1 10,41 "6";
7 0 1 43,63 "7";
8 2 1 61,64 "8";
9 2 0 25,64 "9";
10 1 1 65,73 "10";
11 0 0 26,36 "11";
12 2 1 32,79 "12";
13 2 1 14,64 "13";
14 2 1 10,70 "14";
15 2 0 7,28 "15";
16 1 0 64,66 "16";
17 2 1 18,79 "17";
18 1 1 15,38 "18";
19 0 1 55,77 "19";
20 1 1 48,67 "20";
21 0 1 6,8 "21";
22 2 0 8,59 "22";
23 2 1 8,42 "23";
24 0 0 71,79 "24";
25 2 1 52,66 "25";
26 1 0 21,34 "26";
27 0 1 31,43 "27";
28 1 0 2,22 "28";
29 2 0 10,38 "29";
30 0 1 47,64 "30";
31 1 0 15,65 "31";
32 2 1 57,73 "32";
33 1 0 15,67 "33";
34 0 1 73,84 "34";
35 2 1 48,57 "35";
36 2 0 4,72 "36";
37 0 1 12,39 "37";
38 2 1 3,53 "38";
39 2 0 27,37 "39";
40 1 0 35,49 "40";
41 2 1 75,79 "41";
42 2 0 62,64 "42";
43 1 1 18,70 "43";
44 1 0 9,27 "44";
45 2 1 69,73 "45";
46 1 1 11,75 "46";
47 0 1 22,63 "47";
48 1 0 55,75 "48";
49 2 0 21,43 "49";
50 0 0 36,79 "50";
51 1 1 67,72 "51";
52 1 1 43,69 "52";
53 1 1 1,66 "53";
54 0 0 39,56 "54";
55 1 0 38,70 "55";
56 2 0 22,64 "56";
57 1 1 41,52 "57";
58 1 0 52,66 "58";
59 2 0 1,55 "59";
60 0 0 35,51 "60";
61 1 1 34,62 "61";
62 2 1 5,42 "62";
63 2 0 35,69 "63";
64 0 0 53,62 "64";
65 2 1 35,41 "65";
66 1 1 35,62 "66";
67 1 0 9,84 "67";
68 2 1 67,84 "68";
69 0 1 8,65 "69";
70 1 0 41,77 "70";
71 1 1 42,72 "71";
72 0 1 12,46 "72";
73 0 0 14,33 "73";
74 0 1 62,77 "74";
75 2 1 34,41 "75";
76 0 0 41,59 "76";
77 2 0 37,52 "77";
78 2 1 24,45 "78";
79 1 0 35,75 "79";
80 0 0 0,57 "80";
81 1 1 73,76 "81";
82 0 0 5,70 "82";
83 1 0 23,77 "83";
84 0 1 52,82 "84";
