parity 39;
0 2 1 5,17 "0";
1 0 0 10,11 "1";
2 2 1 13,27 "2";
3 1 1 11,16 "3";
4 0 1 10,16 "4";
5 0 0 11,13 "5";
6 1 1 0,7 "6";
7 1 0 24,26 "7";
8 1 1 23,25 "8";
9 1 0 21,36 "9";
10 1 1 0,23 "10";
11 0 1 18,36 "11";
12 0 1 9,28 "12";
13 2 0 6,29 "13";
14 0 0 7,34 "14";
15 2 1 1,6 "15";
16 1 0 28,33 "16";
17 0 1 18,24 "17";
18 2 1 2,12 "18";
19 2 1 12,13 "19";
20 0 0 26,29 "20";
21 0 0 1,27 "21";
22 0 0 9,25 "22";
23 0 1 20,28 "23";
24 0 1 8,14 "24";
25 0 0 2,7 "25";
26 0 0 0,38 "26";
27 2 1 1,28 "27";
28 0 0 29,33 "28";
29 0 1 22,33 "29";
30 1 1 3,35 "30";
31 0 0 23,39 "31";
32 0 0 3,39 "32";
33 2 0 24,27 "33";
34 2 0 16,36 "34";
35 0 0 30,37 "35";
36 2 1 17,33 "36";
37 2 1 23,29 "37";
38 2 0 24,30 "38";
39 1 0 3,20 "39";
