parity 69;
0 1 0 27,69 "0";
1 1 0 23,30 "1";
2 0 0 30,62 "2";
3 1 0 24,62 "3";
4 2 1 2,62 "4";
5 1 0 11,32 "5";
6 1 0 29,38 "6";
7 1 0 20,43 "7";
8 0 0 42,44 "8";
9 0 0 5,14 "9";
10 2 0 35,49 "10";
11 1 0 9,34 "11";
12 0 0 42,64 "12";
13 2 1 53,55 "13";
14 2 0 0,63 "14";
15 0 1 16,67 "15";
16 0 1 0,7 "16";
17 1 1 14,62 "17";
18 2 0 12,15 "18";
19 0 0 32,59 "19";
20 0 0 5,54 "20";
21 2 1 39,64 "21";
22 1 0 19,59 "22";
23 2 0 12,32 "23";
24 0 1 30,66 "24";
25 2 1 58,67 "25";
26 1 0 7,55 "26";
27 2 1 38,40 "27";
28 0 0 54,64 "28";
29 2 0 25,50 "29";
30 0 0 20,62 "30";
31 1 1 6,68 "31";
32 0 0 5,62 "32";
33 2 0 9,58 "33";
34 0 1 10,60 "34";
35 2 1 21,26 "35";
36 0 1 13,51 "36";
37 2 0 28,53 "37";
38 1 0 17,35 "38";
39 2 0 4,68 "39";
40 0 0 29,39 "40";
41 0 1 13,46 "41";
42 0 0 56,61 "42";
43 2 1 31,34 "43";
44 2 0 9,28 "44";
45 1 1 14,47 "45";
46 1 1 53,60 "46";
47 2 0 9,59 "47";
48 1 1 12,39 "48";
49 2 1 1,5 "49";
50 1 1 25,59 "50";
51 2 0 15,33 "51";
52 1 1 29,67 "52";
53 1 1 0,13 "53";
54 0 1 6,50 "54";
55 0 1 13,35 "55";
56 0 0 5,8 "56";
57 1 0 22,23 "57";
58 0 1 18,63 "58";
59 1 1 39,51 "59";
60 0 0 1,8 "60";
61 1 0 51,65 "61";
62 2 1 24,34 "62";
63 0 1 23,30 "63";
64 2 1 0,67 "64";
65 1 1 20,63 "65";
66 2 0 18,47 "66";
67 0 1 3,59 "67";
68 2 0 0,60 "68";
69 0 0 6,52 "69";
