parity 79;
0 0 1 15,27 "0";
1 0 1 2,15 "1";
2 0 0 25,34 "2";
3 2 0 8,26 "3";
4 0 0 20,74 "4";
5 1 0 18,41 "5";
6 1 1 1,56 "6";
7 0 0 13,30 "7";
8 1 0 43,65 "8";
9 2 1 4,36 "9";
10 1 1 14,42 "10";
11 0 0 32,66 "11";
12 2 1 29,68 "12";
13 0 0 59,68 "13";
14 2 1 4,51 "14";
15 2 0 27,69 "15";
16 2 1 1,3 "16";
17 2 0 40,56 "17";
18 2 0 7,15 "18";
19 1 0 1,59 "19";
20 0 0 23,44 "20";
21 0 0 19,55 "21";
22 0 1 36,49 "22";
23 1 1 68,76 "23";
24 0 0 20,75 "24";
25 2 0 19,66 "25";
26 1 0 0,33 "26";
27 2 0 30,36 "27";
28 0 1 11,51 "28";
29 2 1 10,15 "29";
30 1 1 13,44 "30";
31 0 0 1,43 "31";
32 2 1 53,55 "32";
33 1 1 36,78 "33";
34 2 0 39,51 "34";
35 0 0 9,43 "35";
36 2 1 15,29 "36";
37 0 1 10,33 "37";
38 2 1 8,54 "38";
39 2 1 47,65 "39";
40 2 1 5,75 "40";
41 2 0 55,58 "41";
42 1 0 24,72 "42";
43 0 1 60,65 "43";
44 1 1 49,52 "44";
45 0 0 1,38 "45";
46 1 1 28,51 "46";
47 1 1 7,21 "47";
48 2 1 25,72 "48";
49 1 0 68,78 "49";
50 0 1 30,51 "50";
51 0 0 74,76 "51";
52 1 0 39,62 "52";
53 2 0 1,79 "53";
54 1 1 24,64 "54";
55 0 0 49,64 "55";
56 0 0 22,32 "56";
57 0 1 3,24 "57";
58 1 0 16,51 "58";
59 0 0 38,73 "59";
60 1 0 37,52 "60";
61 2 1 3,16 "61";
62 0 0 27,32 "62";
63 1 1 15,43 "63";
64 2 0 49,53 "64";
65 2 0 14,63 "65";
66 1 1 21,40 "66";
67 1 1 25,41 "67";
68 2 0 53,70 "68";
69 2 0 29,32 "69";
70 2 1 29,60 "70";
71 2 0 1,56 "71";
72 1 0 54,70 "72";
73 2 1 3,25 "73";
74 1 1 31,64 "74";
75 0 1 0,16 "75";
76 0 1 6,28 "76";
77 1 0 58,78 "77";
78 1 1 30,71 "78";
79 2 1 14,26 "79";
