parity 89;
0 1 1 64,81 "0";
1 1 0 7,63 "1";
2 1 0 9,33 "2";
3 1 0 54,69 "3";
4 0 1 50,53 "4";
5 0 0 10,57 "5";
6 1 0 22,70 "6";
7 0 1 28,52 "7";
8 0 1 16,27 "8";
9 0 0 55,77 "9";
10 2 1 14,66 "10";
11 1 0 42,64 "11";
12 0 0 27,48 "12";
13 1 1 3,83 "13";
14 2 1 22,70 "14";
15 1 1 7,70 "15";
16 0 0 23,73 "16";
17 0 0 54,87 "17";
18 0 1 59,75 "18";
19 1 0 28,62 "19";
20 0 0 19,27 "20";
21 2 1 15,51 "21";
22 0 0 46,82 "22";
23 1 1 24,68 "23";
24 0 0 35,53 "24";
25 1 1 7,81 "25";
26 1 0 5,65 "26";
27 2 1 62,73 "27";
28 2 1 46,60 "28";
29 2 0 51,85 "29";
30 2 1 5,40 "30";
31 2 1 10,12 "31";
32 1 0 34,80 "32";
33 0 1 51,67 "33";
34 1 0 78,83 "34";
35 0 1 5,47 "35";
36 0 1 45,79 "36";
37 0 0 49,78 "37";
38 0 1 21,50 "38";
39 1 1 22,37 "39";
40 0 1 1,17 "40";
41 1 0 44,49 "41";
42 0 1 10,32 "42";
43 1 0 10,28 "43";
44 1 1 15,55 "44";
45 1 0 29,63 "45";
46 2 1 60,80 "46";
47 1 0 3,41 "47";
48 0 1 2,47 "48";
49 2 1 30,77 "49";
50 2 0 2,20 "50";
51 0 0 3,46 "51";
52 2 0 2,47 "52";
53 2 0 15,70 "53";
54 2 0 57,74 "54";
55 2 0 19,46 "55";
56 0 1 50,65 "56";
57 0 0 25,83 "57";
58 1 0 5,77 "58";
59 0 0 71,88 "59";
60 1 1 59,62 "60";
61 2 1 15,39 "61";
62 0 1 7,53 "62";
63 0 1 31,40 "63";
64 1 1 2,54 "64";
65 0 0 1,88 "65";
66 1 1 5,18 "66";
67 0 1 43,80 "67";
68 1 1 71,79 "68";
69 1 1 64,70 "69";
70 0 0 18,36 "70";
71 1 1 4,26 "71";
72 0 0 76,83 "72";
73 2 1 34,84 "73";
74 1 0 21,84 "74";
75 1 1 10,29 "75";
76 0 1 12,49 "76";
77 1 1 42,85 "77";
78 1 0 71,80 "78";
79 0 1 23,66 "79";
80 0 0 6,31 "80";
81 0 0 7,24 "81";
82 1 1 16,65 "82";
83 0 0 3,71 "83";
84 1 0 49,73 "84";
85 2 1 30,51 "85";
86 0 1 40,71 "86";
87 2 0 54,72 "87";
88 2 1 18,85 "88";
89 0 0 18,44 "89";
