parity 74;
0 1 0 32,35 "0";
1 2 1 39,65 "1";
2 2 0 64,67 "2";
3 0 0 8,40 "3";
4 2 1 24,47 "4";
5 0 0 7,11 "5";
6 0 1 60,66 "6";
7 1 0 38,56 "7";
8 2 0 34,49 "8";
9 0 1 36,55 "9";
10 1 0 31,33 "10";
11 0 1 33,59 "11";
12 2 1 10,23 "12";
13 0 1 30,60 "13";
14 2 1 61,73 "14";
15 2 1 13,60 "15";
16 1 1 24,38 "16";
17 0 0 44,74 "17";
18 2 1 48,66 "18";
19 1 0 25,39 "19";
20 2 0 5,42 "20";
21 0 1 45,67 "21";
22 0 0 10,57 "22";
23 0 1 20,67 "23";
24 2 1 3,67 "24";
25 2 1 7,29 "25";
26 1 0 50,57 "26";
27 2 0 26,30 "27";
28 1 1 54,71 "28";
29 1 0 20,50 "29";
30 2 1 16,72 "30";
31 2 1 23,41 "31";
32 1 0 7,13 "32";
33 0 1 0,52 "33";
34 2 1 8,60 "34";
35 2 1 15,64 "35";
36 1 0 24,32 "36";
37 0 0 5,65 "37";
38 2 1 10,28 "38";
39 0 1 5,23 "39";
40 0 0 33,58 "40";
41 0 0 21,72 "41";
42 1 0 14,72 "42";
43 2 0 2,41 "43";
44 1 1 2,3 "44";
45 0 1 13,14 "45";
46 0 1 48,65 "46";
47 2 0 21,38 "47";
48 1 1 19,60 "48";
49 0 0 3,61 "49";
50 1 1 24,44 "50";
51 2 0 26,47 "51";
52 1 0 36,69 "52";
53 0 0 5,11 "53";
54 0 0 47,62 "54";
55 2 1 5,66 "55";
56 2 0 57,60 "56";
57 1 0 8,47 "57";
58 2 1 23,46 "58";
59 1 0 16,46 "59";
60 0 1 7,26 "60";
61 0 1 7,39 "61";
62 2 0 9,32 "62";
63 2 0 1,65 "63";
64 1 0 45,56 "64";
65 2 0 9,33 "65";
66 1 1 12,59 "66";
67 2 0 13,27 "67";
68 0 0 17,64 "68";
69 2 0 13,68 "69";
70 1 0 56,62 "70";
71 1 0 34,56 "71";
72 2 0 44,58 "72";
73 1 1 46,50 "73";
74 1 1 53,65 "74";
