parity 39;
0 2 1 14,31 "0";
1 0 1 12,17 "1";
2 1 0 3,30 "2";
3 1 0 17,25 "3";
4 1 1 20,26 "4";
5 0 1 1,12 "5";
6 1 0 3,25 "6";
7 2 1 22,34 "7";
8 0 1 18,34 "8";
9 0 0 27,38 "9";
10 2 0 19,26 "10";
11 2 0 4,10 "11";
12 1 0 10,36 "12";
13 1 0 8,33 "13";
14 1 0 3,27 "14";
15 2 1 16,32 "15";
16 1 1 28,33 "16";
17 1 1 15,39 "17";
18 0 1 9,13 "18";
19 2 0 10,36 "19";
20 1 1 28,33 "20";
21 0 1 13,26 "21";
22 1 1 10,37 "22";
23 2 1 2,35 "23";
24 1 0 2,32 "24";
25 0 0 33,39 "25";
26 2 0 4,34 "26";
27 1 1 2,13 "27";
28 0 1 12,21 "28";
29 0 0 22,30 "29";
30 2 0 2,4 "30";
31 1 0 25,38 "31";
32 0 1 18,26 "32";
33 0 1 8,23 "33";
34 1 1 12,16 "34";
35 0 0 30,34 "35";
36 0 0 10,12 "36";
37 0 1 2,22 "37";
38 2 1 13,36 "38";
39 0 1 7,29 "39";
