parity 69;
0 2 1 15,66 "0";
1 0 1 17,26 "1";
2 2 1 3,56 "2";
3 2 1 7,9 "3";
4 2 0 9,45 "4";
5 1 1 3,15 "5";
6 1 0 0,35 "6";
7 2 0 8,61 "7";
8 0 1 42,44 "8";
9 1 0 29,49 "9";
10 0 0 49,54 "10";
11 0 0 9,36 "11";
12 1 1 16,59 "12";
13 0 0 22,51 "13";
14 1 0 49,64 "14";
15 0 0 14,61 "15";
16 2 1 34,57 "16";
17 2 1 34,40 "17";
18 2 1 27,65 "18";
19 2 0 24,64 "19";
20 1 0 14,28 "20";
21 1 1 2,14 "21";
22 1 1 0,48 "22";
23 0 1 27,68 "23";
24 0 0 45,57 "24";
25 0 0 3,68 "25";
26 2 0 5,25 "26";
27 0 1 0,39 "27";
28 1 1 43,56 "28";
29 1 1 24,68 "29";
30 1 0 12,55 "30";
31 1 1 28,40 "31";
32 1 0 26,48 "32";
33 2 1 15,21 "33";
34 2 1 12,59 "34";
35 0 0 43,47 "35";
36 0 1 19,27 "36";
37 1 0 48,62 "37";
38 2 1 51,67 "38";
39 2 0 59,64 "39";
40 0 1 5,14 "40";
41 0 0 2,31 "41";
42 2 0 0,60 "42";
43 0 1 22,53 "43";
44 2 1 16,66 "44";
45 1 1 6,43 "45";
46 0 1 52,68 "46";
47 1 1 3,22 "47";
48 2 0 47,65 "48";
49 0 1 1,38 "49";
50 0 0 26,60 "50";
51 0 1 34,61 "51";
52 1 1 32,68 "52";
53 1 1 15,63 "53";
54 1 0 20,22 "54";
55 0 0 21,32 "55";
56 1 1 32,40 "56";
57 1 0 17,28 "57";
58 2 1 19,63 "58";
59 2 1 2,64 "59";
60 2 0 39,58 "60";
61 1 1 25,27 "61";
62 2 1 2,35 "62";
63 2 0 51,60 "63";
64 2 0 0,55 "64";
65 2 0 22,24 "65";
66 2 1 54,61 "66";
67 2 0 56,63 "67";
68 2 0 23,56 "68";
69 0 0 6,33 "69";
