parity 44;
0 0 0 23,27 "0";
1 0 0 21,23 "1";
2 1 1 32,35 "2";
3 1 0 21,25 "3";
4 2 1 40,43 "4";
5 0 0 23,44 "5";
6 2 1 11,25 "6";
7 0 1 9,10 "7";
8 1 1 14,39 "8";
9 1 1 22,41 "9";
10 1 0 21,34 "10";
11 0 1 1,23 "11";
12 0 1 37,42 "12";
13 0 0 7,39 "13";
14 1 1 2,34 "14";
15 0 1 20,23 "15";
16 2 0 35,40 "16";
17 0 0 7,16 "17";
18 1 1 41,43 "18";
19 2 0 35,42 "19";
20 0 1 26,39 "20";
21 2 0 6,18 "21";
22 0 1 12,24 "22";
23 0 0 12,17 "23";
24 0 1 36,39 "24";
25 2 0 23,43 "25";
26 2 1 41,42 "26";
27 0 0 10,13 "27";
28 0 0 16,26 "28";
29 2 0 13,32 "29";
30 1 0 1,32 "30";
31 1 1 36,41 "31";
32 0 0 39,44 "32";
33 1 0 5,19 "33";
34 0 0 19,25 "34";
35 0 0 14,19 "35";
36 0 0 24,37 "36";
37 2 0 26,38 "37";
38 0 0 3,8 "38";
39 2 0 30,32 "39";
40 1 1 32,43 "40";
41 2 0 33,42 "41";
42 1 1 23,27 "42";
43 1 0 21,41 "43";
44 1 0 1,22 "44";
