parity 59;
0 1 1 38,42 "0";
1 1 0 11,41 "1";
2 0 0 24,55 "2";
3 0 1 24,49 "3";
4 0 0 1,50 "4";
5 0 0 49,51 "5";
6 2 1 17,31 "6";
7 1 1 10,39 "7";
8 0 1 48,59 "8";
9 0 0 19,59 "9";
10 2 1 7,13 "10";
11 2 0 24,43 "11";
12 0 1 27,53 "12";
13 0 1 14,58 "13";
14 1 0 8,19 "14";
15 0 1 8,46 "15";
16 1 1 2,44 "16";
17 2 0 8,29 "17";
18 2 0 36,37 "18";
19 2 1 3,9 "19";
20 1 0 12,23 "20";
21 1 1 48,52 "21";
22 2 0 3,57 "22";
23 2 1 6,21 "23";
24 0 0 30,58 "24";
25 0 0 7,15 "25";
26 2 1 25,58 "26";
27 2 0 53,54 "27";
28 2 1 5,42 "28";
29 1 0 21,43 "29";
30 1 0 6,29 "30";
31 2 1 8,27 "31";
32 1 0 24,47 "32";
33 0 0 18,53 "33";
34 1 0 1,58 "34";
35 1 1 44,52 "35";
36 1 0 32,37 "36";
37 1 1 27,30 "37";
38 1 1 14,26 "38";
39 1 0 23,49 "39";
40 0 0 12,44 "40";
41 1 0 38,47 "41";
42 2 0 53,56 "42";
43 0 1 10,57 "43";
44 1 0 18,54 "44";
45 0 1 24,47 "45";
46 0 1 0,7 "46";
47 1 1 11,58 "47";
48 2 1 19,26 "48";
49 2 1 11,38 "49";
50 0 0 13,48 "50";
51 1 1 4,47 "51";
52 1 0 5,48 "52";
53 1 1 3,49 "53";
54 2 0 8,36 "54";
55 2 1 37,52 "55";
56 1 0 30,45 "56";
57 2 1 18,47 "57";
58 1 0 14,17 "58";
59 0 1 18,55 "59";
