parity 79;
0 2 1 24,74 "0";
1 2 0 41,43 "1";
2 0 1 40,45 "2";
3 2 1 10,74 "3";
4 2 1 23,69 "4";
5 1 1 32,56 "5";
6 0 0 15,61 "6";
7 2 1 38,56 "7";
8 0 0 49,62 "8";
9 2 0 31,49 "9";
10 0 1 16,28 "10";
11 0 1 55,77 "11";
12 0 0 24,38 "12";
13 1 0 20,44 "13";
14 1 1 5,68 "14";
15 2 0 20,35 "15";
16 2 0 2,58 "16";
17 0 0 11,53 "17";
18 1 1 66,76 "18";
19 0 1 12,44 "19";
20 0 1 36,64 "20";
21 1 0 49,54 "21";
22 1 1 24,34 "22";
23 1 1 9,12 "23";
24 1 0 20,31 "24";
25 0 1 36,49 "25";
26 2 1 17,70 "26";
27 1 0 35,70 "27";
28 2 0 0,36 "28";
29 0 0 7,61 "29";
30 1 1 25,57 "30";
31 1 0 6,72 "31";
32 1 1 5,40 "32";
33 2 1 2,20 "33";
34 1 1 9,56 "34";
35 0 1 1,46 "35";
36 1 0 8,24 "36";
37 2 1 9,27 "37";
38 1 0 69,75 "38";
39 2 0 54,69 "39";
40 2 1 61,77 "40";
41 0 0 35,37 "41";
42 2 0 3,30 "42";
43 0 0 0,32 "43";
44 1 0 22,72 "44";
45 2 0 17,78 "45";
46 1 0 52,63 "46";
47 2 1 44,58 "47";
48 1 0 12,28 "48";
49 1 0 19,41 "49";
50 2 0 25,72 "50";
51 1 1 28,61 "51";
52 1 1 8,66 "52";
53 2 0 21,43 "53";
54 1 0 27,65 "54";
55 2 0 25,76 "55";
56 0 1 47,70 "56";
57 2 0 52,58 "57";
58 1 1 6,45 "58";
59 2 1 2,70 "59";
60 2 1 25,26 "60";
61 1 1 5,22 "61";
62 2 1 71,77 "62";
63 0 1 57,76 "63";
64 0 0 27,46 "64";
65 2 0 43,75 "65";
66 2 1 50,70 "66";
67 0 0 9,17 "67";
68 2 1 48,64 "68";
69 2 1 37,50 "69";
70 1 0 14,36 "70";
71 2 0 23,35 "71";
72 2 1 4,26 "72";
73 2 0 27,42 "73";
74 0 1 53,60 "74";
75 2 1 9,78 "75";
76 2 1 69,72 "76";
77 0 1 9,26 "77";
78 0 1 27,58 "78";
79 1 0 25,50 "79";
