parity 69;
0 0 1 55,57 "0";
1 0 0 47,49 "1";
2 0 1 3,50 "2";
3 2 0 57,61 "3";
4 2 0 1,9 "4";
5 1 0 7,14 "5";
6 1 1 33,50 "6";
7 0 0 40,58 "7";
8 2 1 10,25 "8";
9 1 1 18,53 "9";
10 1 1 35,69 "10";
11 2 1 17,67 "11";
12 0 0 28,32 "12";
13 2 1 24,27 "13";
14 1 1 4,50 "14";
15 0 1 11,24 "15";
16 1 0 7,17 "16";
17 1 0 14,50 "17";
18 2 0 15,25 "18";
19 2 0 49,52 "19";
20 2 1 36,40 "20";
21 0 1 44,51 "21";
22 1 0 8,52 "22";
23 0 0 4,46 "23";
24 2 0 34,52 "24";
25 2 1 27,56 "25";
26 0 0 15,62 "26";
27 2 1 0,60 "27";
28 1 0 4,36 "28";
29 1 0 23,59 "29";
30 0 0 13,54 "30";
31 1 1 4,63 "31";
32 0 1 0,21 "32";
33 0 0 1,13 "33";
34 0 0 29,54 "34";
35 1 1 40,56 "35";
36 1 0 43,64 "36";
37 1 1 0,41 "37";
38 2 1 10,63 "38";
39 1 0 23,36 "39";
40 2 0 6,58 "40";
41 2 1 3,12 "41";
42 0 1 33,61 "42";
43 0 1 8,40 "43";
44 1 0 9,43 "44";
45 1 1 11,46 "45";
46 0 1 37,51 "46";
47 2 1 49,55 "47";
48 2 0 7,34 "48";
49 2 0 18,50 "49";
50 2 1 9,64 "50";
51 0 1 32,65 "51";
52 2 0 44,67 "52";
53 0 0 43,67 "53";
54 2 0 48,51 "54";
55 2 0 19,59 "55";
56 2 0 5,66 "56";
57 2 1 44,65 "57";
58 0 1 16,55 "58";
59 1 1 34,44 "59";
60 0 0 2,64 "60";
61 2 0 6,33 "61";
62 1 0 29,33 "62";
63 2 0 10,40 "63";
64 2 0 7,60 "64";
65 2 0 29,34 "65";
66 1 0 55,58 "66";
67 0 0 15,24 "67";
68 2 1 9,57 "68";
69 2 0 0,12 "69";
