parity 79;
0 2 0 26,54 "0";
1 0 0 18,60 "1";
2 1 0 29,65 "2";
3 2 0 12,33 "3";
4 2 1 46,59 "4";
5 0 1 74,76 "5";
6 2 0 10,28 "6";
7 1 1 58,71 "7";
8 0 1 45,79 "8";
9 1 1 0,45 "9";
10 0 0 40,51 "10";
11 0 0 21,35 "11";
12 0 1 18,45 "12";
13 1 1 16,70 "13";
14 0 0 25,77 "14";
15 1 1 37,57 "15";
16 0 0 29,61 "16";
17 2 0 30,44 "17";
18 2 0 10,34 "18";
19 1 1 20,61 "19";
20 0 1 11,77 "20";
21 1 0 16,49 "21";
22 0 1 12,64 "22";
23 0 1 8,20 "23";
24 1 1 22,52 "24";
25 0 1 11,45 "25";
26 0 0 6,49 "26";
27 0 0 4,30 "27";
28 0 0 51,70 "28";
29 2 0 30,46 "29";
30 2 1 32,33 "30";
31 0 0 22,61 "31";
32 2 1 22,35 "32";
33 1 1 2,55 "33";
34 2 1 13,60 "34";
35 2 0 27,68 "35";
36 0 0 10,49 "36";
37 2 0 26,44 "37";
38 1 0 14,77 "38";
39 2 0 44,58 "39";
40 1 0 57,75 "40";
41 1 1 40,74 "41";
42 1 0 24,71 "42";
43 0 1 20,50 "43";
44 2 0 16,18 "44";
45 0 0 51,67 "45";
46 0 0 12,77 "46";
47 0 0 65,73 "47";
48 1 1 3,68 "48";
49 2 0 17,38 "49";
50 0 0 7,76 "50";
51 1 0 28,44 "51";
52 1 0 6,44 "52";
53 1 0 17,64 "53";
54 2 1 50,67 "54";
55 0 1 22,69 "55";
56 2 0 15,73 "56";
57 0 1 39,52 "57";
58 0 0 29,30 "58";
59 1 1 5,18 "59";
60 0 1 3,33 "60";
61 2 1 18,58 "61";
62 0 1 44,74 "62";
63 2 1 56,73 "63";
64 0 1 27,66 "64";
65 2 0 4,30 "65";
66 0 0 21,47 "66";
67 2 0 20,51 "67";
68 2 1 5,76 "68";
69 2 1 21,40 "69";
70 2 0 64,71 "70";
71 1 1 5,47 "71";
72 2 0 20,65 "72";
73 1 1 28,61 "73";
74 0 0 3,41 "74";
75 1 0 3,67 "75";
76 2 1 4,35 "76";
77 0 0 37,41 "77";
78 0 0 6,66 "78";
79 2 1 48,66 "79";
