parity 59;
0 1 0 2,19 "0";
1 1 0 13,22 "1";
2 0 1 7,51 "2";
3 0 1 36,54 "3";
4 2 0 13,28 "4";
5 0 0 47,58 "5";
6 1 0 5,39 "6";
7 0 1 33,54 "7";
8 2 1 5,21 "8";
9 1 1 21,37 "9";
10 0 0 45,49 "10";
11 2 0 25,55 "11";
12 0 1 14,32 "12";
13 2 1 3,45 "13";
14 0 0 43,56 "14";
15 1 0 3,45 "15";
16 1 1 29,50 "16";
17 1 1 2,59 "17";
18 0 0 3,5 "18";
19 0 0 4,12 "19";
20 2 1 0,46 "20";
21 1 1 27,48 "21";
22 0 0 4,45 "22";
23 0 0 15,46 "23";
24 1 1 23,48 "24";
25 0 0 3,8 "25";
26 1 0 29,31 "26";
27 2 1 50,56 "27";
28 0 0 3,44 "28";
29 1 1 38,46 "29";
30 2 0 23,36 "30";
31 2 0 7,55 "31";
32 2 0 16,49 "32";
33 2 0 13,31 "33";
34 2 1 24,59 "34";
35 0 1 21,28 "35";
36 0 1 4,34 "36";
37 0 1 20,34 "37";
38 0 1 13,45 "38";
39 2 0 12,52 "39";
40 1 0 1,7 "40";
41 1 1 47,52 "41";
42 0 1 2,8 "42";
43 2 0 46,58 "43";
44 2 1 43,51 "44";
45 2 1 50,54 "45";
46 2 1 10,23 "46";
47 0 1 9,26 "47";
48 2 0 11,23 "48";
49 2 0 6,42 "49";
50 1 1 3,21 "50";
51 2 1 7,56 "51";
52 1 1 25,58 "52";
53 1 0 16,17 "53";
54 2 0 42,53 "54";
55 0 0 13,46 "55";
56 2 0 7,32 "56";
57 1 1 29,42 "57";
58 1 1 40,51 "58";
59 2 0 12,39 "59";
