parity 84;
0 1 1 4,8 "0";
1 1 0 61,71 "1";
2 1 1 8,62 "2";
3 0 1 27,76 "3";
4 2 0 15,26 "4";
5 2 0 7,75 "5";
6 1 0 20,39 "6";
7 1 1 9,20 "7";
8 1 0 25,68 "8";
9 1 0 61,82 "9";
10 1 1 35,81 "10";
11 0 0 72,78 "11";
12 2 1 20,25 "12";
13 1 0 39,60 "13";
14 2 0 16,63 "14";
15 2 1 8,46 "15";
16 1 1 0,39 "16";
17 2 1 19,52 "17";
18 2 0 19,72 "18";
19 2 0 42,56 "19";
20 0 1 55,60 "20";
21 2 0 4,32 "21";
22 1 1 60,75 "22";
23 0 1 1,66 "23";
24 1 1 7,58 "24";
25 2 1 30,73 "25";
26 0 1 15,36 "26";
27 2 1 31,70 "27";
28 2 0 26,69 "28";
29 0 0 11,51 "29";
30 2 1 8,16 "30";
31 0 0 35,48 "31";
32 0 1 39,66 "32";
33 2 1 47,60 "33";
34 0 0 69,77 "34";
35 2 1 61,67 "35";
36 2 0 33,46 "36";
37 0 1 36,51 "37";
38 0 1 55,82 "38";
39 0 0 41,74 "39";
40 2 0 3,35 "40";
41 0 0 28,76 "41";
42 2 0 11,40 "42";
43 2 1 17,76 "43";
44 0 0 56,77 "44";
45 1 0 33,70 "45";
46 0 0 60,63 "46";
47 1 0 35,44 "47";
48 0 0 20,84 "48";
49 2 0 0,73 "49";
50 1 0 24,76 "50";
51 0 1 75,81 "51";
52 0 0 6,20 "52";
53 2 1 25,43 "53";
54 0 1 27,34 "54";
55 1 0 15,26 "55";
56 0 0 51,61 "56";
57 1 0 10,13 "57";
58 1 0 3,15 "58";
59 0 1 45,61 "59";
60 1 1 15,74 "60";
61 0 0 9,56 "61";
62 1 0 7,75 "62";
63 0 1 61,66 "63";
64 0 1 5,63 "64";
65 2 0 52,71 "65";
66 1 0 4,16 "66";
67 2 0 31,33 "67";
68 2 0 0,77 "68";
69 2 0 38,40 "69";
70 0 1 8,68 "70";
71 1 1 44,56 "71";
72 1 1 24,78 "72";
73 0 0 38,40 "73";
74 2 1 39,54 "74";
75 1 0 12,45 "75";
76 0 1 37,61 "76";
77 0 0 1,20 "77";
78 1 1 4,25 "78";
79 2 0 30,83 "79";
80 0 1 0,38 "80";
81 2 1 66,80 "81";
82 2 0 16,83 "82";
83 1 1 25,36 "83";
84 1 1 3,62 "84";
