parity 34;
0 2 0 4,33 "0";
1 2 1 4,22 "1";
2 0 1 12,25 "2";
3 2 0 25,27 "3";
4 0 1 19,25 "4";
5 1 0 11,29 "5";
6 0 1 12,14 "6";
7 2 0 31,34 "7";
8 0 0 5,30 "8";
9 2 0 0,26 "9";
10 0 1 20,31 "10";
11 2 1 8,32 "11";
12 1 0 16,24 "12";
13 2 0 15,22 "13";
14 0 0 21,26 "14";
15 2 0 14,29 "15";
16 0 1 6,31 "16";
17 0 1 15,21 "17";
18 2 0 19,23 "18";
19 2 1 20,22 "19";
20 2 0 10,25 "20";
21 1 1 12,15 "21";
22 1 0 20,27 "22";
23 2 0 1,32 "23";
24 1 1 4,32 "24";
25 1 0 3,8 "25";
26 0 1 23,27 "26";
27 2 1 19,21 "27";
28 0 1 6,23 "28";
29 0 0 18,22 "29";
30 0 1 2,17 "30";
31 2 0 18,26 "31";
32 2 1 3,30 "32";
33 2 0 1,13 "33";
34 2 0 18,28 "34";
