parity 64;
0 1 1 39,54 "0";
1 0 0 17,31 "1";
2 0 1 12,31 "2";
3 0 1 7,16 "3";
4 1 1 21,63 "4";
5 0 1 11,52 "5";
6 2 0 57,59 "6";
7 0 1 48,56 "7";
8 1 0 6,37 "8";
9 1 0 39,43 "9";
10 1 0 14,59 "10";
11 2 0 4,50 "11";
12 0 0 23,53 "12";
13 2 0 1,6 "13";
14 0 1 11,47 "14";
15 2 1 36,41 "15";
16 2 0 54,64 "16";
17 1 0 28,62 "17";
18 2 0 35,58 "18";
19 0 1 40,64 "19";
20 0 0 21,53 "20";
21 2 0 30,50 "21";
22 0 0 39,45 "22";
23 2 0 34,50 "23";
24 1 0 16,58 "24";
25 0 1 10,22 "25";
26 2 0 25,29 "26";
27 2 1 6,49 "27";
28 2 1 41,59 "28";
29 1 0 3,62 "29";
30 2 0 42,57 "30";
31 0 1 9,42 "31";
32 1 1 36,55 "32";
33 2 1 42,45 "33";
34 0 1 42,44 "34";
35 0 0 53,62 "35";
36 0 1 51,64 "36";
37 0 0 35,57 "37";
38 2 0 7,20 "38";
39 2 1 17,54 "39";
40 1 0 46,52 "40";
41 2 1 6,54 "41";
42 0 0 4,40 "42";
43 1 1 14,47 "43";
44 2 1 31,52 "44";
45 1 0 30,57 "45";
46 1 1 36,40 "46";
47 0 0 10,58 "47";
48 1 1 38,50 "48";
49 1 1 32,63 "49";
50 2 0 48,58 "50";
51 2 1 37,40 "51";
52 1 0 6,25 "52";
53 0 0 38,50 "53";
54 0 1 30,32 "54";
55 2 0 42,48 "55";
56 0 1 23,25 "56";
57 2 0 14,24 "57";
58 0 1 0,64 "58";
59 1 0 12,34 "59";
60 1 0 0,38 "60";
61 1 0 27,34 "61";
62 0 1 10,61 "62";
63 1 0 44,47 "63";
64 0 1 4,49 "64";
