parity 54;
0 2 1 7,54 "0";
1 0 0 27,48 "1";
2 0 1 23,26 "2";
3 2 1 14,29 "3";
4 1 1 20,21 "4";
5 2 0 13,28 "5";
6 0 1 16,54 "6";
7 0 0 14,40 "7";
8 1 0 9,25 "8";
9 1 0 34,53 "9";
10 0 0 19,26 "10";
11 1 0 18,29 "11";
12 0 0 8,26 "12";
13 1 1 9,25 "13";
14 0 1 36,38 "14";
15 0 1 5,35 "15";
16 2 1 7,43 "16";
17 0 1 16,27 "17";
18 1 0 25,39 "18";
19 2 1 12,18 "19";
20 1 0 32,37 "20";
21 1 1 46,54 "21";
22 0 0 8,16 "22";
23 0 0 31,51 "23";
24 2 0 44,49 "24";
25 0 0 11,20 "25";
26 2 0 15,45 "26";
27 2 0 22,49 "27";
28 1 0 9,42 "28";
29 2 0 4,15 "29";
30 1 1 23,25 "30";
31 0 0 14,52 "31";
32 2 1 25,37 "32";
33 0 1 25,46 "33";
34 0 0 5,42 "34";
35 0 1 0,15 "35";
36 1 1 35,42 "36";
37 0 0 4,47 "37";
38 0 1 6,49 "38";
39 1 0 33,49 "39";
40 2 1 1,18 "40";
41 0 0 39,45 "41";
42 1 0 0,49 "42";
43 0 1 35,40 "43";
44 1 1 48,50 "44";
45 1 0 1,34 "45";
46 0 1 15,33 "46";
47 0 1 25,49 "47";
48 1 0 2,32 "48";
49 0 1 29,43 "49";
50 2 0 5,11 "50";
51 2 1 37,52 "51";
52 2 0 1,19 "52";
53 2 0 0,48 "53";
54 0 1 14,18 "54";
