parity 94;
0 0 0 37,78 "0";
1 2 1 42,59 "1";
2 0 1 20,27 "2";
3 1 1 66,77 "3";
4 2 1 39,69 "4";
5 0 0 22,34 "5";
6 0 0 77,84 "6";
7 2 1 19,45 "7";
8 1 0 7,64 "8";
9 1 0 55,68 "9";
10 2 1 5,45 "10";
11 0 0 68,82 "11";
12 1 1 31,69 "12";
13 0 1 15,70 "13";
14 1 0 53,84 "14";
15 1 1 10,43 "15";
16 0 1 27,78 "16";
17 2 0 42,65 "17";
18 2 1 65,86 "18";
19 1 1 10,78 "19";
20 2 0 12,66 "20";
21 1 0 22,85 "21";
22 2 0 51,55 "22";
23 1 1 19,73 "23";
24 0 0 39,50 "24";
25 1 1 58,93 "25";
26 1 0 12,76 "26";
27 2 1 25,48 "27";
28 2 1 22,78 "28";
29 2 0 9,40 "29";
30 2 1 32,64 "30";
31 1 0 38,71 "31";
32 0 0 2,21 "32";
33 1 0 24,76 "33";
34 0 0 35,55 "34";
35 1 1 21,77 "35";
36 1 1 43,61 "36";
37 2 0 17,86 "37";
38 1 1 13,67 "38";
39 0 1 15,48 "39";
40 2 0 24,45 "40";
41 2 0 16,53 "41";
42 0 0 18,33 "42";
43 1 0 11,88 "43";
44 1 1 7,89 "44";
45 0 1 62,70 "45";
46 1 1 6,10 "46";
47 0 1 18,77 "47";
48 1 0 50,63 "48";
49 0 1 28,77 "49";
50 2 0 54,60 "50";
51 0 1 11,67 "51";
52 0 1 51,62 "52";
53 2 0 27,36 "53";
54 1 0 13,56 "54";
55 2 1 21,48 "55";
56 0 0 22,33 "56";
57 2 1 72,93 "57";
58 2 1 32,70 "58";
59 0 1 76,80 "59";
60 2 0 40,89 "60";
61 1 1 6,92 "61";
62 2 1 32,35 "62";
63 2 0 36,59 "63";
64 0 0 9,43 "64";
65 2 1 38,88 "65";
66 0 0 51,62 "66";
67 2 1 29,44 "67";
68 2 0 12,59 "68";
69 2 1 68,86 "69";
70 1 1 23,58 "70";
71 0 0 24,82 "71";
72 0 0 57,71 "72";
73 0 0 37,77 "73";
74 2 0 10,23 "74";
75 1 1 58,94 "75";
76 2 0 1,24 "76";
77 0 1 83,87 "77";
78 2 1 5,7 "78";
79 0 1 33,49 "79";
80 1 0 71,78 "80";
81 0 1 46,83 "81";
82 1 1 9,25 "82";
83 0 1 46,86 "83";
84 1 0 70,82 "84";
85 2 1 4,55 "85";
86 0 0 63,71 "86";
87 1 0 18,48 "87";
88 0 1 16,73 "88";
89 0 1 79,90 "89";
90 0 0 24,87 "90";
91 0 0 4,82 "91";
92 1 0 29,51 "92";
93 0 0 4,28 "93";
94 2 0 4,26 "94";
