parity 29;
0 1 0 3,20 "0";
1 0 0 17,22 "1";
2 2 1 14,15 "2";
3 1 1 6,28 "3";
4 1 0 7,24 "4";
5 1 1 7,29 "5";
6 2 0 10,20 "6";
7 2 1 24,27 "7";
8 1 1 13,22 "8";
9 1 0 1,21 "9";
10 2 1 4,21 "10";
11 1 0 2,19 "11";
12 2 0 8,19 "12";
13 2 0 2,25 "13";
14 2 1 2,3 "14";
15 1 1 2,19 "15";
16 0 1 17,19 "16";
17 2 1 21,26 "17";
18 1 0 3,26 "18";
19 2 1 11,16 "19";
20 2 0 3,25 "20";
21 1 0 2,28 "21";
22 0 1 4,6 "22";
23 1 0 0,14 "23";
24 1 1 10,19 "24";
25 1 0 8,14 "25";
26 2 0 4,10 "26";
27 0 1 2,20 "27";
28 2 0 4,25 "28";
29 0 1 0,4 "29";
