parity 59;
0 1 1 30,47 "0";
1 0 0 2,17 "1";
2 0 1 13,35 "2";
3 2 0 7,20 "3";
4 1 1 51,54 "4";
5 2 1 32,41 "5";
6 0 0 33,50 "6";
7 2 1 2,31 "7";
8 2 1 33,42 "8";
9 1 0 36,51 "9";
10 0 1 13,37 "10";
11 1 0 10,32 "11";
12 0 0 8,31 "12";
13 2 1 0,30 "13";
14 2 0 15,48 "14";
15 2 0 30,46 "15";
16 2 1 4,40 "16";
17 0 0 21,22 "17";
18 1 0 10,40 "18";
19 1 1 2,44 "19";
20 1 0 5,34 "20";
21 1 0 30,58 "21";
22 2 0 45,48 "22";
23 1 0 46,57 "23";
24 2 1 2,40 "24";
25 1 0 5,28 "25";
26 2 1 46,59 "26";
27 0 1 22,35 "27";
28 2 0 4,47 "28";
29 1 1 7,12 "29";
30 2 1 4,16 "30";
31 1 0 10,21 "31";
32 0 1 11,41 "32";
33 0 1 4,39 "33";
34 1 0 32,50 "34";
35 2 0 19,47 "35";
36 1 0 38,43 "36";
37 2 1 11,16 "37";
38 0 0 4,42 "38";
39 0 0 37,45 "39";
40 2 1 24,53 "40";
41 2 0 19,24 "41";
42 2 1 1,49 "42";
43 0 0 45,52 "43";
44 2 1 8,20 "44";
45 0 1 12,18 "45";
46 1 1 7,35 "46";
47 2 1 26,58 "47";
48 2 0 11,13 "48";
49 2 0 26,32 "49";
50 0 0 26,58 "50";
51 2 0 5,37 "51";
52 2 1 43,59 "52";
53 2 1 11,40 "53";
54 2 0 36,59 "54";
55 0 1 4,36 "55";
56 1 1 24,40 "56";
57 2 0 43,59 "57";
58 2 0 41,51 "58";
59 2 1 26,52 "59";
