parity 94;
0 2 1 25,40 "0";
1 1 1 74,80 "1";
2 1 0 43,45 "2";
3 2 0 48,74 "3";
4 0 0 66,94 "4";
5 1 0 12,42 "5";
6 0 1 4,76 "6";
7 2 0 23,58 "7";
8 0 0 53,67 "8";
9 0 0 24,29 "9";
10 1 1 26,73 "10";
11 2 1 64,79 "11";
12 1 1 37,84 "12";
13 2 0 45,65 "13";
14 2 0 44,68 "14";
15 0 0 22,89 "15";
16 1 1 52,83 "16";
17 2 1 40,46 "17";
18 0 0 9,93 "18";
19 1 0 2,71 "19";
20 0 0 0,65 "20";
21 1 1 46,70 "21";
22 1 0 36,59 "22";
23 1 0 27,29 "23";
24 2 0 29,74 "24";
25 2 0 19,24 "25";
26 1 0 30,58 "26";
27 1 1 37,58 "27";
28 1 1 7,49 "28";
29 2 1 24,49 "29";
30 0 1 29,77 "30";
31 2 1 22,37 "31";
32 1 1 75,83 "32";
33 0 0 6,73 "33";
34 2 0 75,79 "34";
35 0 1 26,69 "35";
36 1 0 1,26 "36";
37 2 1 83,93 "37";
38 0 0 40,46 "38";
39 2 0 13,76 "39";
40 2 1 0,9 "40";
41 2 0 3,26 "41";
42 2 0 48,50 "42";
43 1 1 28,64 "43";
44 1 0 4,17 "44";
45 2 1 35,56 "45";
46 1 0 25,93 "46";
47 1 1 25,29 "47";
48 1 0 46,78 "48";
49 2 0 72,79 "49";
50 1 1 16,92 "50";
51 0 0 43,64 "51";
52 1 1 0,10 "52";
53 1 1 30,77 "53";
54 2 0 36,46 "54";
55 2 0 0,83 "55";
56 2 1 48,51 "56";
57 2 0 10,88 "57";
58 2 0 34,62 "58";
59 1 1 76,80 "59";
60 2 0 12,15 "60";
61 1 0 3,70 "61";
62 0 1 57,92 "62";
63 1 0 9,71 "63";
64 1 1 14,42 "64";
65 0 0 29,56 "65";
66 0 0 12,86 "66";
67 1 0 25,30 "67";
68 2 1 49,76 "68";
69 0 0 9,71 "69";
70 2 1 18,91 "70";
71 1 1 5,69 "71";
72 1 0 5,88 "72";
73 0 0 25,39 "73";
74 0 0 36,85 "74";
75 0 0 16,50 "75";
76 2 1 46,74 "76";
77 0 0 16,46 "77";
78 1 1 30,62 "78";
79 0 0 22,89 "79";
80 0 0 3,45 "80";
81 2 1 44,65 "81";
82 2 0 25,49 "82";
83 2 0 25,38 "83";
84 2 1 41,88 "84";
85 0 1 11,37 "85";
86 1 1 0,20 "86";
87 2 0 16,80 "87";
88 0 0 6,42 "88";
89 0 0 54,80 "89";
90 0 0 34,84 "90";
91 2 1 10,81 "91";
92 1 0 38,44 "92";
93 1 1 34,90 "93";
94 2 1 42,74 "94";
