parity 64;
0 1 0 4,20 "0";
1 1 0 19,39 "1";
2 1 1 42,62 "2";
3 1 1 8,14 "3";
4 1 0 15,41 "4";
5 2 1 21,36 "5";
6 1 0 32,39 "6";
7 2 0 10,41 "7";
8 1 1 19,51 "8";
9 2 0 41,43 "9";
10 0 1 3,37 "10";
11 1 1 6,54 "11";
12 1 1 6,51 "12";
13 1 0 17,22 "13";
14 1 1 26,64 "14";
15 1 1 17,40 "15";
16 0 1 1,25 "16";
17 1 0 25,45 "17";
18 1 1 15,55 "18";
19 1 1 6,15 "19";
20 2 1 13,40 "20";
21 0 1 9,38 "21";
22 0 1 51,55 "22";
23 1 1 9,28 "23";
24 1 0 5,27 "24";
25 0 0 37,40 "25";
26 2 0 30,49 "26";
27 1 0 42,60 "27";
28 0 0 31,50 "28";
29 2 0 42,47 "29";
30 0 1 1,32 "30";
31 2 1 10,20 "31";
32 2 0 13,58 "32";
33 1 1 30,64 "33";
34 0 0 56,58 "34";
35 1 1 40,52 "35";
36 2 1 40,61 "36";
37 2 1 3,50 "37";
38 0 0 8,43 "38";
39 0 1 20,30 "39";
40 2 1 8,33 "40";
41 1 1 5,58 "41";
42 1 1 6,22 "42";
43 1 0 47,61 "43";
44 1 1 8,41 "44";
45 1 0 12,26 "45";
46 2 1 32,59 "46";
47 0 1 32,57 "47";
48 1 0 2,6 "48";
49 2 1 19,55 "49";
50 0 0 5,21 "50";
51 0 0 24,58 "51";
52 0 1 0,37 "52";
53 2 1 9,63 "53";
54 1 0 38,62 "54";
55 2 0 9,28 "55";
56 2 1 5,33 "56";
57 0 0 18,32 "57";
58 1 1 31,41 "58";
59 2 1 5,15 "59";
60 2 1 27,43 "60";
61 0 1 14,43 "61";
62 0 0 36,61 "62";
63 1 1 4,38 "63";
64 0 1 3,38 "64";
