parity 44;
0 1 1 1,16 "0";
1 1 0 30,38 "1";
2 2 0 15,32 "2";
3 2 1 4,19 "3";
4 2 0 10,38 "4";
5 2 1 27,32 "5";
6 0 1 28,34 "6";
7 2 0 2,13 "7";
8 2 0 4,28 "8";
9 1 0 17,39 "9";
10 2 0 21,39 "10";
11 2 1 5,32 "11";
12 2 1 19,20 "12";
13 2 0 20,23 "13";
14 2 0 10,41 "14";
15 1 0 0,6 "15";
16 2 1 15,44 "16";
17 1 0 33,35 "17";
18 2 1 21,40 "18";
19 1 1 24,39 "19";
20 1 1 1,5 "20";
21 0 1 22,39 "21";
22 1 1 28,43 "22";
23 2 0 4,6 "23";
24 1 0 8,17 "24";
25 1 0 29,35 "25";
26 2 1 2,15 "26";
27 2 0 20,35 "27";
28 1 1 16,21 "28";
29 0 1 15,22 "29";
30 2 0 32,35 "30";
31 1 0 8,29 "31";
32 2 1 4,11 "32";
33 1 1 29,32 "33";
34 2 1 24,43 "34";
35 1 1 26,28 "35";
36 0 0 19,41 "36";
37 1 1 10,17 "37";
38 2 1 26,44 "38";
39 2 1 27,43 "39";
40 0 0 19,34 "40";
41 1 0 1,11 "41";
42 0 1 23,25 "42";
43 1 0 11,21 "43";
44 2 1 22,27 "44";
