parity 64;
0 0 0 58,63 "0";
1 2 1 19,61 "1";
2 0 1 16,58 "2";
3 1 0 8,17 "3";
4 1 1 17,57 "4";
5 1 0 0,22 "5";
6 1 0 11,16 "6";
7 1 1 10,29 "7";
8 0 1 34,42 "8";
9 1 1 19,29 "9";
10 1 0 22,55 "10";
11 1 1 14,24 "11";
12 0 1 2,29 "12";
13 1 1 20,64 "13";
14 2 1 37,49 "14";
15 0 1 27,35 "15";
16 1 0 21,63 "16";
17 0 1 11,37 "17";
18 2 1 11,32 "18";
19 0 0 2,33 "19";
20 2 0 62,64 "20";
21 0 0 16,33 "21";
22 1 0 10,27 "22";
23 1 0 2,39 "23";
24 2 0 29,51 "24";
25 1 0 26,50 "25";
26 0 0 10,33 "26";
27 0 0 51,54 "27";
28 1 1 5,62 "28";
29 0 0 9,13 "29";
30 1 1 17,61 "30";
31 0 1 10,25 "31";
32 1 1 26,39 "32";
33 1 0 52,64 "33";
34 0 1 43,46 "34";
35 0 1 50,59 "35";
36 2 1 2,55 "36";
37 2 1 22,42 "37";
38 0 0 24,60 "38";
39 0 1 48,64 "39";
40 2 1 55,57 "40";
41 2 0 0,47 "41";
42 0 0 14,39 "42";
43 2 0 48,59 "43";
44 2 0 47,58 "44";
45 0 0 40,49 "45";
46 1 0 23,50 "46";
47 1 1 2,13 "47";
48 2 1 15,54 "48";
49 1 0 3,19 "49";
50 2 0 30,46 "50";
51 1 1 33,40 "51";
52 0 0 4,41 "52";
53 2 1 2,26 "53";
54 0 0 36,56 "54";
55 2 1 17,60 "55";
56 1 0 19,22 "56";
57 0 0 18,63 "57";
58 2 0 41,43 "58";
59 1 0 4,18 "59";
60 1 0 9,57 "60";
61 1 0 9,47 "61";
62 2 0 42,58 "62";
63 1 0 2,61 "63";
64 2 0 3,58 "64";
