parity 64;
0 0 1 3,29 "0";
1 1 0 14,19 "1";
2 0 0 14,47 "2";
3 2 0 18,47 "3";
4 2 1 6,51 "4";
5 1 1 4,58 "5";
6 0 1 62,63 "6";
7 2 0 13,30 "7";
8 1 1 2,20 "8";
9 2 0 17,59 "9";
10 2 0 7,14 "10";
11 2 0 7,59 "11";
12 0 1 15,27 "12";
13 1 1 25,47 "13";
14 2 1 47,62 "14";
15 2 1 52,63 "15";
16 2 1 5,12 "16";
17 2 1 5,58 "17";
18 0 0 54,64 "18";
19 2 1 46,64 "19";
20 2 1 12,61 "20";
21 1 0 0,18 "21";
22 0 0 50,63 "22";
23 1 0 7,9 "23";
24 1 0 23,28 "24";
25 0 0 28,30 "25";
26 1 1 7,59 "26";
27 1 0 24,29 "27";
28 2 1 38,55 "28";
29 2 0 53,62 "29";
30 2 1 16,26 "30";
31 0 0 6,40 "31";
32 1 0 6,20 "32";
33 1 1 22,27 "33";
34 0 0 25,45 "34";
35 1 1 11,45 "35";
36 1 1 15,46 "36";
37 1 1 16,64 "37";
38 0 0 46,48 "38";
39 2 0 1,16 "39";
40 2 1 22,41 "40";
41 1 0 4,31 "41";
42 1 1 53,55 "42";
43 0 1 21,39 "43";
44 2 0 4,64 "44";
45 2 1 22,44 "45";
46 1 1 24,52 "46";
47 1 1 10,59 "47";
48 1 1 52,54 "48";
49 0 1 20,23 "49";
50 2 0 13,35 "50";
51 1 1 14,44 "51";
52 1 1 27,43 "52";
53 0 0 29,46 "53";
54 0 1 9,32 "54";
55 0 1 26,56 "55";
56 2 0 13,46 "56";
57 0 1 0,32 "57";
58 0 0 16,52 "58";
59 2 0 7,18 "59";
60 0 1 45,51 "60";
61 1 1 4,14 "61";
62 1 1 24,28 "62";
63 1 1 53,58 "63";
64 1 0 30,62 "64";
