parity 44;
0 1 1 22,39 "0";
1 0 0 12,25 "1";
2 0 1 18,37 "2";
3 1 0 15,24 "3";
4 0 0 15,17 "4";
5 1 0 23,40 "5";
6 0 1 4,11 "6";
7 1 1 3,16 "7";
8 0 1 11,43 "8";
9 1 1 5,29 "9";
10 2 0 4,18 "10";
11 2 0 17,41 "11";
12 0 0 33,42 "12";
13 1 0 17,18 "13";
14 0 1 25,44 "14";
15 2 1 11,22 "15";
16 0 1 33,40 "16";
17 0 1 0,12 "17";
18 2 1 7,17 "18";
19 2 0 14,35 "19";
20 0 0 27,33 "20";
21 2 0 27,29 "21";
22 0 1 1,36 "22";
23 0 1 38,41 "23";
24 1 0 12,30 "24";
25 1 1 10,12 "25";
26 2 0 4,33 "26";
27 0 1 21,36 "27";
28 1 1 29,32 "28";
29 1 1 21,42 "29";
30 1 0 26,28 "30";
31 2 0 5,35 "31";
32 2 1 8,12 "32";
33 0 0 28,37 "33";
34 2 1 20,39 "34";
35 1 1 6,23 "35";
36 1 1 30,39 "36";
37 1 0 5,22 "37";
38 0 1 25,27 "38";
39 1 1 11,29 "39";
40 1 1 16,35 "40";
41 1 1 1,34 "41";
42 1 0 20,44 "42";
43 0 1 32,36 "43";
44 1 1 18,23 "44";
