parity 49;
0 1 0 42,49 "0";
1 2 1 12,40 "1";
2 0 1 38,39 "2";
3 1 1 17,26 "3";
4 0 0 3,42 "4";
5 1 0 35,49 "5";
6 1 1 23,45 "6";
7 2 0 8,15 "7";
8 1 1 34,42 "8";
9 1 0 16,44 "9";
10 0 1 19,31 "10";
11 1 1 28,42 "11";
12 2 1 34,43 "12";
13 1 0 29,36 "13";
14 0 0 0,45 "14";
15 2 0 2,41 "15";
16 2 1 1,20 "16";
17 1 0 14,21 "17";
18 0 1 3,34 "18";
19 2 1 13,40 "19";
20 2 0 38,43 "20";
21 0 0 15,19 "21";
22 1 0 16,47 "22";
23 0 1 4,20 "23";
24 2 0 4,39 "24";
25 2 1 22,32 "25";
26 0 1 1,34 "26";
27 2 0 19,39 "27";
28 1 1 31,43 "28";
29 2 1 3,40 "29";
30 2 0 1,10 "30";
31 1 0 3,49 "31";
32 0 0 16,45 "32";
33 0 1 15,36 "33";
34 2 1 29,41 "34";
35 2 1 11,15 "35";
36 2 0 25,32 "36";
37 2 0 7,16 "37";
38 0 0 45,48 "38";
39 2 1 29,30 "39";
40 0 0 30,44 "40";
41 1 1 33,49 "41";
42 0 1 6,29 "42";
43 0 1 7,42 "43";
44 0 1 14,27 "44";
45 2 0 10,41 "45";
46 1 1 26,42 "46";
47 1 1 0,26 "47";
48 2 0 15,22 "48";
49 1 1 39,46 "49";
