parity 59;
0 0 0 28,50 "0";
1 0 1 0,44 "1";
2 2 0 27,50 "2";
3 0 1 12,55 "3";
4 1 0 25,48 "4";
5 1 1 24,53 "5";
6 1 0 30,52 "6";
7 1 0 28,38 "7";
8 1 0 32,36 "8";
9 2 1 20,45 "9";
10 1 0 7,24 "10";
11 0 1 42,47 "11";
12 0 1 3,27 "12";
13 2 0 18,54 "13";
14 0 1 11,28 "14";
15 0 1 9,22 "15";
16 1 0 34,43 "16";
17 2 1 34,41 "17";
18 2 1 33,41 "18";
19 1 1 25,42 "19";
20 2 1 4,32 "20";
21 0 1 24,35 "21";
22 2 0 16,23 "22";
23 0 0 6,33 "23";
24 1 1 16,47 "24";
25 1 1 8,45 "25";
26 2 1 9,28 "26";
27 0 1 1,17 "27";
28 0 1 22,56 "28";
29 1 1 0,13 "29";
30 1 0 37,58 "30";
31 1 1 11,41 "31";
32 0 0 1,51 "32";
33 1 0 4,14 "33";
34 0 0 24,51 "34";
35 1 1 0,43 "35";
36 2 1 2,42 "36";
37 0 0 29,50 "37";
38 0 0 17,46 "38";
39 2 0 44,56 "39";
40 2 1 8,59 "40";
41 0 1 23,37 "41";
42 0 1 52,56 "42";
43 0 0 16,49 "43";
44 1 1 1,59 "44";
45 2 0 2,10 "45";
46 0 0 39,51 "46";
47 2 1 17,26 "47";
48 1 1 44,56 "48";
49 1 0 2,3 "49";
50 1 1 39,57 "50";
51 0 0 1,23 "51";
52 0 0 13,30 "52";
53 2 0 6,14 "53";
54 1 0 6,9 "54";
55 0 1 1,6 "55";
56 0 1 24,49 "56";
57 1 1 9,48 "57";
58 1 0 50,53 "58";
59 1 1 42,54 "59";
