parity 79;
0 2 0 2,26 "0";
1 1 1 23,44 "1";
2 0 1 28,63 "2";
3 2 1 58,62 "3";
4 1 1 12,72 "4";
5 1 0 13,61 "5";
6 1 1 20,49 "6";
7 1 0 34,44 "7";
8 0 0 5,33 "8";
9 0 1 49,78 "9";
10 2 0 19,73 "10";
11 0 1 14,19 "11";
12 1 0 0,63 "12";
13 2 1 31,36 "13";
14 1 0 28,62 "14";
15 2 1 40,61 "15";
16 2 0 4,54 "16";
17 0 0 57,66 "17";
18 2 1 43,45 "18";
19 2 0 22,55 "19";
20 2 0 29,60 "20";
21 1 1 16,73 "21";
22 1 1 32,70 "22";
23 1 0 40,55 "23";
24 1 1 11,75 "24";
25 2 1 16,64 "25";
26 1 1 23,29 "26";
27 2 1 36,70 "27";
28 2 1 31,70 "28";
29 0 0 32,42 "29";
30 1 1 0,26 "30";
31 0 0 10,67 "31";
32 2 0 20,67 "32";
33 1 1 46,68 "33";
34 2 0 5,17 "34";
35 0 0 50,56 "35";
36 1 1 23,49 "36";
37 1 1 10,39 "37";
38 1 1 42,57 "38";
39 0 1 50,77 "39";
40 2 1 17,49 "40";
41 0 0 6,56 "41";
42 1 1 11,73 "42";
43 1 0 46,73 "43";
44 1 0 29,63 "44";
45 0 1 16,17 "45";
46 0 1 4,68 "46";
47 0 1 29,60 "47";
48 0 0 21,63 "48";
49 0 0 22,61 "49";
50 1 0 19,33 "50";
51 2 1 40,79 "51";
52 1 0 60,74 "52";
53 1 0 34,52 "53";
54 1 1 34,56 "54";
55 0 0 9,25 "55";
56 1 1 20,36 "56";
57 1 0 42,49 "57";
58 2 1 6,25 "58";
59 1 1 55,70 "59";
60 2 0 19,72 "60";
61 0 0 53,56 "61";
62 1 0 19,73 "62";
63 0 0 42,66 "63";
64 2 0 53,73 "64";
65 1 0 29,59 "65";
66 1 0 6,44 "66";
67 2 0 10,17 "67";
68 1 1 35,70 "68";
69 1 1 10,12 "69";
70 1 0 21,45 "70";
71 1 0 21,46 "71";
72 2 1 21,62 "72";
73 0 0 49,66 "73";
74 0 1 32,66 "74";
75 1 0 18,48 "75";
76 1 0 15,27 "76";
77 0 1 7,25 "77";
78 1 1 45,72 "78";
79 1 0 14,23 "79";
