parity 79;
0 1 1 5,10 "0";
1 2 1 12,55 "1";
2 0 0 49,66 "2";
3 1 0 41,53 "3";
4 0 0 33,45 "4";
5 1 0 66,76 "5";
6 1 1 64,69 "6";
7 0 1 14,52 "7";
8 0 0 9,40 "8";
9 0 1 10,62 "9";
10 2 0 32,63 "10";
11 0 1 5,63 "11";
12 0 0 15,66 "12";
13 2 0 17,77 "13";
14 1 0 0,61 "14";
15 2 1 29,60 "15";
16 0 1 43,73 "16";
17 0 0 39,62 "17";
18 0 1 22,52 "18";
19 1 1 39,63 "19";
20 0 1 4,25 "20";
21 2 0 11,53 "21";
22 2 0 33,63 "22";
23 0 0 13,68 "23";
24 2 0 9,19 "24";
25 2 0 34,77 "25";
26 2 1 0,53 "26";
27 0 0 45,72 "27";
28 1 1 13,15 "28";
29 0 1 64,75 "29";
30 1 1 13,63 "30";
31 2 0 38,48 "31";
32 0 1 11,61 "32";
33 1 0 5,55 "33";
34 2 0 15,22 "34";
35 0 1 27,31 "35";
36 1 1 24,63 "36";
37 2 0 19,54 "37";
38 0 1 40,72 "38";
39 0 0 19,32 "39";
40 1 0 6,41 "40";
41 0 0 13,76 "41";
42 1 0 20,55 "42";
43 1 0 64,73 "43";
44 1 1 10,47 "44";
45 2 1 7,48 "45";
46 0 1 50,68 "46";
47 0 0 20,74 "47";
48 2 0 73,75 "48";
49 2 0 32,38 "49";
50 0 1 22,44 "50";
51 2 0 27,68 "51";
52 2 0 42,78 "52";
53 0 0 14,47 "53";
54 1 0 22,74 "54";
55 0 1 4,25 "55";
56 1 0 4,6 "56";
57 2 0 11,70 "57";
58 2 0 48,64 "58";
59 0 0 1,55 "59";
60 1 0 43,55 "60";
61 0 1 10,69 "61";
62 1 0 30,47 "62";
63 1 0 9,68 "63";
64 0 0 10,63 "64";
65 0 0 9,46 "65";
66 2 1 37,62 "66";
67 1 1 14,56 "67";
68 1 0 2,35 "68";
69 2 1 16,51 "69";
70 0 0 0,69 "70";
71 2 1 20,36 "71";
72 0 0 26,77 "72";
73 0 0 23,28 "73";
74 0 0 11,16 "74";
75 2 0 14,38 "75";
76 2 0 58,79 "76";
77 1 0 3,38 "77";
78 2 1 25,70 "78";
79 1 1 10,76 "79";
