parity 74;
0 2 0 2,52 "0";
1 1 1 53,56 "1";
2 1 1 49,54 "2";
3 2 0 11,56 "3";
4 1 1 11,37 "4";
5 2 0 67,68 "5";
6 1 0 7,60 "6";
7 2 0 38,54 "7";
8 0 1 31,38 "8";
9 1 0 28,70 "9";
10 0 0 30,51 "10";
11 0 1 56,69 "11";
12 0 0 9,33 "12";
13 0 0 8,10 "13";
14 2 0 9,48 "14";
15 1 1 55,72 "15";
16 2 0 14,62 "16";
17 2 1 50,55 "17";
18 0 1 54,64 "18";
19 1 0 29,33 "19";
20 2 1 34,57 "20";
21 0 1 47,66 "21";
22 0 1 47,64 "22";
23 0 1 61,74 "23";
24 2 1 7,72 "24";
25 1 1 0,39 "25";
26 0 1 11,30 "26";
27 0 1 5,48 "27";
28 1 1 4,44 "28";
29 2 0 33,38 "29";
30 0 1 39,66 "30";
31 2 0 0,35 "31";
32 1 1 50,59 "32";
33 2 1 11,74 "33";
34 2 0 3,32 "34";
35 1 1 2,26 "35";
36 0 1 20,39 "36";
37 2 1 28,71 "37";
38 2 0 7,56 "38";
39 1 1 33,59 "39";
40 0 0 22,65 "40";
41 0 1 32,59 "41";
42 2 1 4,64 "42";
43 2 0 31,47 "43";
44 2 1 4,11 "44";
45 0 1 24,62 "45";
46 0 1 33,49 "46";
47 2 1 4,62 "47";
48 0 1 0,25 "48";
49 0 0 12,63 "49";
50 1 0 6,38 "50";
51 0 0 14,56 "51";
52 2 1 6,59 "52";
53 2 0 8,50 "53";
54 2 1 0,38 "54";
55 1 1 42,73 "55";
56 2 1 67,71 "56";
57 1 1 20,60 "57";
58 1 0 10,74 "58";
59 2 0 24,51 "59";
60 1 0 2,13 "60";
61 2 0 6,35 "61";
62 0 1 10,33 "62";
63 1 1 29,35 "63";
64 0 0 40,69 "64";
65 0 0 14,18 "65";
66 0 0 0,38 "66";
67 1 1 19,56 "67";
68 1 1 52,74 "68";
69 1 1 5,40 "69";
70 2 1 18,31 "70";
71 1 1 4,30 "71";
72 1 1 28,44 "72";
73 0 1 34,58 "73";
74 0 0 25,38 "74";
