parity 64;
0 2 0 16,60 "0";
1 1 0 13,35 "1";
2 0 0 0,41 "2";
3 0 0 20,35 "3";
4 1 1 39,43 "4";
5 2 0 36,54 "5";
6 0 1 23,52 "6";
7 0 1 19,23 "7";
8 2 1 16,48 "8";
9 0 1 12,28 "9";
10 1 0 2,62 "10";
11 2 1 3,10 "11";
12 0 1 28,63 "12";
13 1 0 4,59 "13";
14 2 0 34,47 "14";
15 1 0 50,51 "15";
16 2 1 8,39 "16";
17 1 1 31,35 "17";
18 2 0 6,49 "18";
19 0 0 38,52 "19";
20 1 1 8,18 "20";
21 2 1 46,54 "21";
22 2 0 10,32 "22";
23 2 0 0,32 "23";
24 2 1 36,64 "24";
25 0 1 7,53 "25";
26 0 0 2,51 "26";
27 2 0 1,28 "27";
28 2 1 22,62 "28";
29 1 0 32,49 "29";
30 2 0 21,41 "30";
31 1 1 6,60 "31";
32 1 1 6,33 "32";
33 2 1 10,30 "33";
34 1 0 53,56 "34";
35 0 0 29,54 "35";
36 1 0 47,51 "36";
37 2 1 6,9 "37";
38 1 0 26,32 "38";
39 2 1 23,27 "39";
40 2 0 37,47 "40";
41 2 0 10,21 "41";
42 1 1 5,46 "42";
43 1 1 0,38 "43";
44 2 0 22,37 "44";
45 2 0 11,42 "45";
46 2 1 10,63 "46";
47 1 0 2,50 "47";
48 1 0 12,42 "48";
49 1 1 13,32 "49";
50 2 1 47,49 "50";
51 0 1 2,15 "51";
52 0 0 1,8 "52";
53 0 1 29,36 "53";
54 0 0 15,30 "54";
55 0 0 48,49 "55";
56 1 0 2,60 "56";
57 1 1 12,37 "57";
58 2 0 2,5 "58";
59 2 0 12,48 "59";
60 2 0 46,61 "60";
61 2 1 24,33 "61";
62 2 1 16,54 "62";
63 0 0 38,44 "63";
64 1 0 20,33 "64";
