parity 74;
0 2 1 12,67 "0";
1 1 1 41,66 "1";
2 1 0 0,45 "2";
3 0 0 11,25 "3";
4 0 0 6,37 "4";
5 1 1 20,57 "5";
6 0 1 22,63 "6";
7 0 0 19,50 "7";
8 1 1 21,36 "8";
9 1 0 4,66 "9";
10 1 1 3,21 "10";
11 1 0 4,49 "11";
12 1 1 13,41 "12";
13 2 0 10,47 "13";
14 2 0 2,32 "14";
15 2 0 1,74 "15";
16 2 0 14,32 "16";
17 0 1 58,69 "17";
18 0 1 17,51 "18";
19 0 0 6,70 "19";
20 0 1 56,68 "20";
21 0 0 2,74 "21";
22 1 1 51,55 "22";
23 1 0 6,68 "23";
24 0 0 28,56 "24";
25 1 0 17,50 "25";
26 0 1 57,63 "26";
27 2 0 21,74 "27";
28 1 0 24,27 "28";
29 0 0 43,62 "29";
30 2 1 5,62 "30";
31 0 1 25,35 "31";
32 0 0 9,57 "32";
33 0 1 25,46 "33";
34 1 0 22,72 "34";
35 2 0 6,13 "35";
36 1 1 14,48 "36";
37 0 0 0,50 "37";
38 2 0 30,64 "38";
39 0 1 1,53 "39";
40 2 1 31,71 "40";
41 2 1 12,66 "41";
42 2 0 28,73 "42";
43 1 0 1,31 "43";
44 0 1 33,39 "44";
45 1 1 23,35 "45";
46 1 0 2,54 "46";
47 0 1 23,27 "47";
48 1 0 4,29 "48";
49 0 1 23,57 "49";
50 2 0 8,69 "50";
51 2 0 58,59 "51";
52 1 0 31,36 "52";
53 0 1 13,43 "53";
54 1 0 2,27 "54";
55 1 0 7,74 "55";
56 0 1 9,57 "56";
57 1 1 60,64 "57";
58 1 1 42,59 "58";
59 2 0 61,72 "59";
60 2 0 25,65 "60";
61 0 1 7,72 "61";
62 0 0 39,46 "62";
63 0 1 2,25 "63";
64 0 1 15,56 "64";
65 2 1 13,30 "65";
66 0 1 52,72 "66";
67 0 1 25,73 "67";
68 2 1 23,50 "68";
69 0 1 51,62 "69";
70 1 0 4,14 "70";
71 1 1 19,55 "71";
72 2 1 38,60 "72";
73 0 1 1,57 "73";
74 1 0 42,66 "74";
