parity 94;
0 0 1 78,93 "0";
1 0 0 7,38 "1";
2 2 1 1,51 "2";
3 2 1 38,92 "3";
4 2 1 27,75 "4";
5 1 1 17,26 "5";
6 2 1 65,80 "6";
7 0 1 8,58 "7";
8 2 1 51,75 "8";
9 1 1 74,77 "9";
10 2 1 40,50 "10";
11 2 0 0,1 "11";
12 0 0 40,71 "12";
13 2 1 56,83 "13";
14 0 1 63,72 "14";
15 2 1 8,59 "15";
16 1 1 2,74 "16";
17 2 1 79,90 "17";
18 1 0 0,3 "18";
19 0 0 37,40 "19";
20 1 0 14,43 "20";
21 2 0 3,48 "21";
22 1 1 2,91 "22";
23 2 0 16,66 "23";
24 1 1 56,84 "24";
25 2 0 12,34 "25";
26 1 1 21,53 "26";
27 2 0 25,77 "27";
28 1 0 9,75 "28";
29 2 0 18,64 "29";
30 2 0 27,89 "30";
31 2 1 51,75 "31";
32 1 1 55,91 "32";
33 2 1 75,78 "33";
34 1 0 73,75 "34";
35 0 0 23,43 "35";
36 1 1 5,35 "36";
37 2 0 16,73 "37";
38 2 0 20,79 "38";
39 0 0 55,64 "39";
40 1 0 0,92 "40";
41 0 0 17,69 "41";
42 2 0 14,38 "42";
43 1 1 64,71 "43";
44 0 1 61,79 "44";
45 2 1 41,79 "45";
46 2 1 22,94 "46";
47 1 0 22,63 "47";
48 2 0 15,69 "48";
49 2 0 84,94 "49";
50 0 0 30,38 "50";
51 2 1 11,76 "51";
52 1 1 17,68 "52";
53 2 1 75,89 "53";
54 2 0 42,64 "54";
55 0 1 60,66 "55";
56 2 1 62,73 "56";
57 0 0 33,50 "57";
58 0 0 38,91 "58";
59 0 0 9,21 "59";
60 1 0 38,52 "60";
61 1 0 8,73 "61";
62 0 1 42,88 "62";
63 1 1 12,23 "63";
64 0 1 71,90 "64";
65 2 1 62,81 "65";
66 2 0 4,67 "66";
67 1 0 49,73 "67";
68 0 0 25,77 "68";
69 1 1 50,63 "69";
70 0 0 4,13 "70";
71 0 1 36,46 "71";
72 2 1 73,90 "72";
73 0 1 19,46 "73";
74 2 0 3,15 "74";
75 1 1 38,56 "75";
76 2 1 73,92 "76";
77 0 1 48,85 "77";
78 2 0 40,44 "78";
79 2 1 0,71 "79";
80 2 0 63,75 "80";
81 1 1 58,65 "81";
82 2 0 33,86 "82";
83 2 0 19,62 "83";
84 0 0 59,90 "84";
85 1 0 2,84 "85";
86 1 1 13,20 "86";
87 1 0 19,45 "87";
88 1 1 38,51 "88";
89 2 1 61,66 "89";
90 2 0 64,91 "90";
91 2 1 36,54 "91";
92 2 1 57,72 "92";
93 2 1 51,63 "93";
94 1 1 17,42 "94";
