parity 29;
0 1 0 8,20 "0";
1 0 0 0,9 "1";
2 1 0 9,12 "2";
3 0 0 18,23 "3";
4 1 0 1,13 "4";
5 2 0 1,4 "5";
6 0 0 1,26 "6";
7 2 1 0,23 "7";
8 0 0 7,18 "8";
9 1 1 6,14 "9";
10 2 1 18,21 "10";
11 1 1 10,24 "11";
12 2 1 3,13 "12";
13 1 0 3,12 "13";
14 0 1 5,29 "14";
15 1 0 1,8 "15";
16 1 1 19,25 "16";
17 1 0 15,18 "17";
18 0 0 3,23 "18";
19 0 1 10,25 "19";
20 2 0 3,6 "20";
21 0 0 10,13 "21";
22 2 1 12,27 "22";
23 1 0 5,12 "23";
24 2 1 15,17 "24";
25 0 1 0,21 "25";
26 2 1 1,5 "26";
27 2 1 14,21 "27";
28 2 1 17,20 "28";
29 2 1 8,17 "29";
