parity 79;
0 0 0 14,42 "0";
1 2 0 31,67 "1";
2 0 0 16,42 "2";
3 2 1 35,59 "3";
4 1 1 51,58 "4";
5 1 0 16,69 "5";
6 0 0 1,48 "6";
7 1 1 2,69 "7";
8 0 0 4,70 "8";
9 2 1 38,57 "9";
10 0 0 50,72 "10";
11 1 1 2,20 "11";
12 0 0 2,41 "12";
13 0 1 32,43 "13";
14 1 1 19,63 "14";
15 1 0 10,35 "15";
16 2 0 0,68 "16";
17 1 0 0,74 "17";
18 0 1 43,56 "18";
19 0 1 4,33 "19";
20 2 0 14,71 "20";
21 2 1 2,31 "21";
22 2 1 4,44 "22";
23 2 0 64,76 "23";
24 2 1 7,59 "24";
25 0 0 66,75 "25";
26 1 1 18,49 "26";
27 0 0 30,37 "27";
28 0 0 43,76 "28";
29 2 1 27,47 "29";
30 2 0 24,55 "30";
31 0 1 0,4 "31";
32 0 0 20,36 "32";
33 2 0 54,67 "33";
34 2 0 6,52 "34";
35 2 0 14,54 "35";
36 0 0 33,56 "36";
37 0 1 65,77 "37";
38 1 0 50,77 "38";
39 2 1 7,45 "39";
40 0 1 63,79 "40";
41 2 0 38,52 "41";
42 1 1 2,49 "42";
43 1 0 31,32 "43";
44 0 1 7,52 "44";
45 0 1 27,32 "45";
46 1 1 36,62 "46";
47 0 0 26,50 "47";
48 1 0 22,68 "48";
49 1 1 16,47 "49";
50 2 1 0,52 "50";
51 1 0 5,31 "51";
52 0 0 1,21 "52";
53 0 1 17,20 "53";
54 0 0 34,69 "54";
55 1 1 32,62 "55";
56 0 1 27,52 "56";
57 0 1 1,56 "57";
58 2 0 9,42 "58";
59 0 1 7,19 "59";
60 0 0 50,74 "60";
61 2 1 44,47 "61";
62 1 1 8,18 "62";
63 0 1 35,69 "63";
64 1 0 40,71 "64";
65 0 1 7,66 "65";
66 0 1 26,51 "66";
67 1 1 7,47 "67";
68 1 0 14,64 "68";
69 2 1 30,42 "69";
70 1 1 43,78 "70";
71 0 1 37,51 "71";
72 1 1 32,65 "72";
73 1 0 23,64 "73";
74 2 0 21,64 "74";
75 1 0 17,34 "75";
76 1 1 50,73 "76";
77 2 1 7,79 "77";
78 0 1 7,48 "78";
79 0 1 8,18 "79";
