parity 34;
0 0 0 12,18 "0";
1 0 1 20,28 "1";
2 0 0 1,17 "2";
3 1 1 22,27 "3";
4 2 0 11,19 "4";
5 0 1 11,31 "5";
6 2 0 13,19 "6";
7 0 1 11,25 "7";
8 2 0 19,23 "8";
9 1 0 7,25 "9";
10 2 1 1,4 "10";
11 1 1 21,32 "11";
12 1 0 5,27 "12";
13 2 1 3,25 "13";
14 1 1 7,11 "14";
15 1 1 6,34 "15";
16 1 1 17,31 "16";
17 1 1 13,18 "17";
18 2 1 1,6 "18";
19 0 0 9,26 "19";
20 0 1 5,14 "20";
21 1 1 9,29 "21";
22 2 0 3,12 "22";
23 1 0 0,21 "23";
24 2 1 29,30 "24";
25 2 0 6,19 "25";
26 0 0 4,10 "26";
27 0 1 5,24 "27";
28 2 1 3,25 "28";
29 1 0 0,16 "29";
30 2 1 9,19 "30";
31 1 0 1,20 "31";
32 2 0 17,30 "32";
33 0 1 8,20 "33";
34 1 1 6,23 "34";
