parity 74;
0 2 1 5,16 "0";
1 1 1 26,71 "1";
2 2 0 19,62 "2";
3 0 0 4,27 "3";
4 2 1 44,45 "4";
5 1 0 3,71 "5";
6 2 1 2,39 "6";
7 2 1 54,67 "7";
8 1 1 29,73 "8";
9 2 1 27,58 "9";
10 2 0 35,74 "10";
11 1 1 2,60 "11";
12 2 1 26,48 "12";
13 0 0 33,68 "13";
14 2 0 13,25 "14";
15 2 1 2,71 "15";
16 2 0 38,72 "16";
17 2 1 53,57 "17";
18 0 1 31,39 "18";
19 2 0 38,66 "19";
20 1 0 3,71 "20";
21 1 0 1,55 "21";
22 2 1 14,74 "22";
23 2 0 7,53 "23";
24 0 1 69,71 "24";
25 1 1 38,62 "25";
26 1 0 36,74 "26";
27 1 1 17,61 "27";
28 2 0 0,68 "28";
29 1 1 8,70 "29";
30 0 1 0,61 "30";
31 2 0 24,26 "31";
32 1 1 13,29 "32";
33 2 0 39,52 "33";
34 2 1 7,12 "34";
35 0 1 45,58 "35";
36 0 1 14,62 "36";
37 0 0 15,30 "37";
38 1 0 0,23 "38";
39 0 0 23,24 "39";
40 2 0 19,38 "40";
41 2 1 22,72 "41";
42 2 0 39,44 "42";
43 0 0 6,59 "43";
44 1 1 36,43 "44";
45 2 0 15,23 "45";
46 0 0 7,21 "46";
47 1 1 30,51 "47";
48 1 0 24,59 "48";
49 2 0 28,74 "49";
50 2 1 35,53 "50";
51 1 0 4,27 "51";
52 1 1 21,45 "52";
53 0 1 19,63 "53";
54 1 1 0,3 "54";
55 0 0 33,47 "55";
56 2 1 23,50 "56";
57 1 0 14,25 "57";
58 0 0 20,52 "58";
59 2 0 68,70 "59";
60 0 1 22,66 "60";
61 0 0 7,17 "61";
62 0 0 20,50 "62";
63 2 1 27,34 "63";
64 2 0 5,32 "64";
65 2 0 31,69 "65";
66 1 1 24,48 "66";
67 2 1 56,59 "67";
68 0 1 17,37 "68";
69 1 1 20,46 "69";
70 0 1 0,66 "70";
71 1 0 12,54 "71";
72 0 0 32,64 "72";
73 0 0 26,48 "73";
74 1 0 6,45 "74";
