parity 29;
0 2 1 2,21 "0";
1 2 0 16,18 "1";
2 0 0 4,22 "2";
3 0 1 4,14 "3";
4 2 0 21,26 "4";
5 0 1 9,26 "5";
6 1 1 2,11 "6";
7 0 1 11,14 "7";
8 0 0 7,25 "8";
9 0 1 7,27 "9";
10 2 0 18,28 "10";
11 1 1 4,27 "11";
12 2 1 10,13 "12";
13 0 0 4,17 "13";
14 1 0 20,29 "14";
15 2 1 9,14 "15";
16 0 0 23,28 "16";
17 0 0 3,14 "17";
18 2 1 13,21 "18";
19 0 0 2,11 "19";
20 1 0 22,28 "20";
21 0 1 14,19 "21";
22 0 1 11,19 "22";
23 0 0 6,14 "23";
24 1 1 2,16 "24";
25 0 0 1,17 "25";
26 2 1 6,24 "26";
27 1 0 4,19 "27";
28 2 1 12,24 "28";
29 0 0 11,19 "29";
