parity 84;
0 0 1 25,76 "0";
1 2 1 5,58 "1";
2 0 1 55,70 "2";
3 1 1 17,31 "3";
4 1 0 30,44 "4";
5 0 0 0,46 "5";
6 0 0 43,63 "6";
7 2 0 30,54 "7";
8 2 0 16,28 "8";
9 0 0 53,79 "9";
10 1 0 13,36 "10";
11 0 0 55,80 "11";
12 2 0 16,69 "12";
13 0 1 58,83 "13";
14 0 0 13,33 "14";
15 0 1 71,83 "15";
16 2 0 24,79 "16";
17 1 0 28,77 "17";
18 1 1 24,81 "18";
19 0 1 24,26 "19";
20 1 0 7,65 "20";
21 1 0 7,84 "21";
22 2 1 18,57 "22";
23 1 0 2,22 "23";
24 0 0 65,82 "24";
25 1 0 14,15 "25";
26 1 0 21,37 "26";
27 0 0 1,53 "27";
28 1 0 7,23 "28";
29 1 1 61,82 "29";
30 2 0 49,69 "30";
31 1 1 37,66 "31";
32 2 1 45,79 "32";
33 2 1 36,71 "33";
34 1 1 24,25 "34";
35 1 1 38,67 "35";
36 0 1 42,45 "36";
37 1 0 58,78 "37";
38 0 1 5,8 "38";
39 0 0 25,44 "39";
40 0 0 45,84 "40";
41 2 1 30,76 "41";
42 2 1 61,69 "42";
43 1 1 71,78 "43";
44 1 0 36,71 "44";
45 2 0 9,80 "45";
46 0 1 19,37 "46";
47 2 1 32,51 "47";
48 0 0 45,79 "48";
49 1 0 60,83 "49";
50 0 0 2,73 "50";
51 2 1 15,40 "51";
52 2 0 18,50 "52";
53 1 0 33,67 "53";
54 2 0 32,49 "54";
55 1 1 31,57 "55";
56 2 1 11,82 "56";
57 1 1 51,66 "57";
58 1 0 10,45 "58";
59 2 1 27,61 "59";
60 1 1 6,82 "60";
61 1 0 6,20 "61";
62 1 1 5,81 "62";
63 2 0 44,75 "63";
64 1 1 63,79 "64";
65 0 1 38,60 "65";
66 2 1 34,53 "66";
67 2 0 17,82 "67";
68 1 0 16,81 "68";
69 1 1 2,55 "69";
70 2 0 33,40 "70";
71 0 1 16,45 "71";
72 2 1 13,40 "72";
73 0 0 6,78 "73";
74 1 0 3,30 "74";
75 2 0 14,40 "75";
76 2 0 52,75 "76";
77 2 0 68,75 "77";
78 0 0 38,57 "78";
79 1 1 12,23 "79";
80 1 0 17,70 "80";
81 1 0 5,14 "81";
82 2 1 39,79 "82";
83 1 1 4,31 "83";
84 2 1 34,75 "84";
