parity 119;
0 2 0 10,108 "0";
1 2 0 82,92 "1";
2 2 1 12,111 "2";
3 2 0 14,68 "3";
4 2 0 74,116 "4";
5 1 0 10,56 "5";
6 0 1 64,73 "6";
7 0 0 72,109 "7";
8 1 0 10,83 "8";
9 1 1 77,90 "9";
10 2 0 26,114 "10";
11 1 1 41,46 "11";
12 1 1 27,28 "12";
13 1 0 43,102 "13";
14 2 1 95,118 "14";
15 2 0 34,74 "15";
16 1 1 3,85 "16";
17 0 1 33,113 "17";
18 2 0 20,99 "18";
19 1 0 29,53 "19";
20 0 1 24,90 "20";
21 2 0 52,60 "21";
22 1 0 9,101 "22";
23 2 0 7,60 "23";
24 0 1 3,46 "24";
25 0 0 6,12 "25";
26 1 0 47,97 "26";
27 2 1 31,58 "27";
28 2 0 43,96 "28";
29 1 0 103,108 "29";
30 1 1 3,99 "30";
31 1 1 73,101 "31";
32 2 1 31,106 "32";
33 2 0 25,43 "33";
34 0 0 3,104 "34";
35 0 1 93,107 "35";
36 2 1 9,68 "36";
37 2 1 52,104 "37";
38 1 1 88,95 "38";
39 1 1 1,48 "39";
40 2 0 63,111 "40";
41 2 0 20,73 "41";
42 2 0 27,51 "42";
43 1 0 58,90 "43";
44 0 1 16,58 "44";
45 1 1 32,70 "45";
46 1 0 50,79 "46";
47 0 0 27,30 "47";
48 0 0 15,82 "48";
49 1 1 1,29 "49";
50 1 1 1,61 "50";
51 1 0 59,63 "51";
52 2 1 32,38 "52";
53 0 1 14,78 "53";
54 0 0 4,107 "54";
55 0 1 17,63 "55";
56 1 0 5,34 "56";
57 0 1 0,109 "57";
58 0 0 23,70 "58";
59 1 0 62,96 "59";
60 0 0 34,57 "60";
61 0 0 4,109 "61";
62 0 1 65,70 "62";
63 2 0 34,103 "63";
64 0 1 48,101 "64";
65 2 0 48,98 "65";
66 1 1 76,102 "66";
67 0 0 22,25 "67";
68 2 1 55,67 "68";
69 2 0 51,93 "69";
70 1 1 26,67 "70";
71 2 0 12,28 "71";
72 2 1 9,106 "72";
73 0 1 20,92 "73";
74 0 1 47,104 "74";
75 2 0 74,89 "75";
76 0 0 24,116 "76";
77 2 1 23,106 "77";
78 2 0 33,46 "78";
79 2 1 75,115 "79";
80 1 0 47,102 "80";
81 0 1 19,115 "81";
82 1 0 20,39 "82";
83 0 1 6,12 "83";
84 2 0 17,73 "84";
85 1 0 100,108 "85";
86 1 0 3,89 "86";
87 2 1 15,26 "87";
88 0 1 8,81 "88";
89 0 1 41,111 "89";
90 1 0 29,32 "90";
91 2 1 20,89 "91";
92 1 0 43,85 "92";
93 1 1 65,87 "93";
94 0 1 91,100 "94";
95 0 1 8,49 "95";
96 0 1 10,42 "96";
97 0 0 0,24 "97";
98 0 1 60,71 "98";
99 1 0 25,95 "99";
100 1 0 23,80 "100";
101 2 0 52,80 "101";
102 0 1 9,12 "102";
103 2 1 64,85 "103";
104 2 1 19,113 "104";
105 0 1 29,118 "105";
106 0 0 89,119 "106";
107 2 0 17,63 "107";
108 0 1 15,35 "108";
109 1 1 6,30 "109";
110 2 1 67,90 "110";
111 2 0 52,68 "111";
112 0 1 78,84 "112";
113 1 1 19,31 "113";
114 1 1 47,100 "114";
115 1 1 14,49 "115";
116 0 0 67,106 "116";
117 1 0 40,65 "117";
118 2 0 26,30 "118";
119 2 1 53,65 "119";
