parity 154;
0 0 0 58,104 "0";
1 2 1 4,55 "1";
2 1 0 74,89 "2";
3 0 0 33,44 "3";
4 1 1 51,82 "4";
5 1 1 74,125 "5";
6 2 1 42,86 "6";
7 2 0 98,129 "7";
8 1 1 33,109 "8";
9 2 1 119,130 "9";
10 2 1 49,152 "10";
11 0 0 85,113 "11";
12 1 0 119,135 "12";
13 1 1 18,82 "13";
14 2 0 32,66 "14";
15 1 0 16,152 "15";
16 0 1 23,58 "16";
17 1 0 15,91 "17";
18 2 0 93,145 "18";
19 1 1 84,125 "19";
20 2 1 58,97 "20";
21 1 0 54,136 "21";
22 1 0 29,135 "22";
23 0 1 36,71 "23";
24 1 0 40,98 "24";
25 2 1 84,103 "25";
26 1 1 8,114 "26";
27 1 0 33,111 "27";
28 2 1 6,45 "28";
29 0 0 23,129 "29";
30 2 0 9,92 "30";
31 2 1 44,66 "31";
32 0 0 94,150 "32";
33 2 1 34,103 "33";
34 2 1 11,90 "34";
35 2 1 20,121 "35";
36 2 0 20,77 "36";
37 0 1 6,9 "37";
38 0 1 41,91 "38";
39 1 0 7,13 "39";
40 0 1 36,153 "40";
41 1 0 100,120 "41";
42 1 1 107,120 "42";
43 1 1 35,61 "43";
44 2 0 37,126 "44";
45 2 1 5,19 "45";
46 1 0 92,151 "46";
47 0 1 88,121 "47";
48 1 0 115,121 "48";
49 1 1 35,60 "49";
50 2 0 73,125 "50";
51 0 0 81,94 "51";
52 1 1 113,116 "52";
53 1 1 130,143 "53";
54 1 1 1,22 "54";
55 0 0 80,97 "55";
56 1 1 142,146 "56";
57 0 0 18,99 "57";
58 1 1 14,93 "58";
59 0 0 23,92 "59";
60 1 1 56,103 "60";
61 2 1 150,153 "61";
62 0 1 11,85 "62";
63 1 1 58,70 "63";
64 1 0 2,16 "64";
65 2 1 0,25 "65";
66 0 1 115,134 "66";
67 0 0 74,154 "67";
68 1 0 29,55 "68";
69 2 1 53,84 "69";
70 0 1 28,100 "70";
71 1 1 12,147 "71";
72 0 0 63,114 "72";
73 1 0 18,67 "73";
74 1 1 44,49 "74";
75 0 0 61,69 "75";
76 2 0 15,59 "76";
77 2 0 22,146 "77";
78 2 1 59,73 "78";
79 0 1 31,59 "79";
80 2 1 62,125 "80";
81 1 1 90,127 "81";
82 1 0 7,38 "82";
83 2 0 70,101 "83";
84 2 0 49,78 "84";
85 1 0 42,71 "85";
86 0 0 38,119 "86";
87 0 0 15,31 "87";
88 2 1 63,119 "88";
89 0 0 18,129 "89";
90 0 0 80,83 "90";
91 2 1 60,134 "91";
92 0 1 86,144 "92";
93 0 1 112,133 "93";
94 1 1 89,135 "94";
95 1 1 9,142 "95";
96 2 0 125,145 "96";
97 2 1 34,94 "97";
98 0 0 52,122 "98";
99 2 1 72,96 "99";
100 0 1 35,44 "100";
101 0 1 25,94 "101";
102 1 0 58,99 "102";
103 2 1 18,86 "103";
104 2 1 77,79 "104";
105 0 1 2,53 "105";
106 0 0 22,111 "106";
107 2 0 0,76 "107";
108 1 0 133,137 "108";
109 1 1 68,139 "109";
110 2 1 19,30 "110";
111 2 1 45,153 "111";
112 1 0 24,136 "112";
113 0 0 40,70 "113";
114 1 0 66,90 "114";
115 1 1 5,83 "115";
116 0 0 17,107 "116";
117 2 1 106,110 "117";
118 1 0 6,114 "118";
119 0 1 108,154 "119";
120 1 0 68,141 "120";
121 1 0 24,154 "121";
122 1 1 9,153 "122";
123 1 0 77,88 "123";
124 2 1 75,116 "124";
125 1 1 88,106 "125";
126 1 1 86,136 "126";
127 1 0 16,77 "127";
128 0 0 17,55 "128";
129 1 1 26,38 "129";
130 0 0 70,106 "130";
131 1 1 45,92 "131";
132 0 0 94,138 "132";
133 2 0 15,75 "133";
134 1 0 40,69 "134";
135 0 0 23,102 "135";
136 2 0 129,132 "136";
137 1 0 131,143 "137";
138 2 1 88,116 "138";
139 2 1 5,63 "139";
140 0 0 41,130 "140";
141 1 0 93,152 "141";
142 2 0 58,70 "142";
143 2 0 6,83 "143";
144 1 1 7,126 "144";
145 2 1 102,131 "145";
146 1 0 13,126 "146";
147 2 0 110,127 "147";
148 1 1 36,97 "148";
149 0 1 42,95 "149";
150 1 1 101,130 "150";
151 1 0 50,108 "151";
152 1 1 1,129 "152";
153 2 0 42,116 "153";
154 0 0 66,115 "154";
