parity 144;
0 1 0 60,119 "0";
1 2 1 8,51 "1";
2 2 1 135,140 "2";
3 0 1 67,125 "3";
4 2 0 15,38 "4";
5 2 1 91,116 "5";
6 0 1 10,139 "6";
7 2 1 89,127 "7";
8 2 1 89,121 "8";
9 0 1 39,97 "9";
10 2 1 77,107 "10";
11 1 1 31,130 "11";
12 2 1 31,45 "12";
13 1 1 65,85 "13";
14 0 0 43,80 "14";
15 0 0 56,64 "15";
16 0 0 24,56 "16";
17 2 1 87,139 "17";
18 2 0 3,13 "18";
19 0 1 9,100 "19";
20 2 1 31,100 "20";
21 2 0 5,110 "21";
22 1 1 41,74 "22";
23 1 1 118,122 "23";
24 0 1 75,131 "24";
25 0 0 57,130 "25";
26 1 1 17,109 "26";
27 0 0 98,133 "27";
28 0 0 15,23 "28";
29 0 0 121,142 "29";
30 2 0 24,140 "30";
31 2 1 18,88 "31";
32 0 0 100,114 "32";
33 2 1 14,71 "33";
34 1 1 46,122 "34";
35 0 0 16,73 "35";
36 0 0 79,142 "36";
37 1 1 23,108 "37";
38 1 0 31,77 "38";
39 0 0 32,93 "39";
40 1 0 22,29 "40";
41 2 1 16,144 "41";
42 0 1 9,71 "42";
43 1 0 6,65 "43";
44 1 1 46,120 "44";
45 1 1 9,94 "45";
46 2 0 85,101 "46";
47 1 1 13,96 "47";
48 1 1 93,95 "48";
49 2 1 28,83 "49";
50 0 1 67,137 "50";
51 0 0 47,104 "51";
52 2 1 63,73 "52";
53 0 0 8,105 "53";
54 1 1 13,14 "54";
55 1 1 62,99 "55";
56 0 1 2,134 "56";
57 0 1 3,127 "57";
58 1 0 44,65 "58";
59 2 1 89,100 "59";
60 2 0 83,130 "60";
61 1 1 8,118 "61";
62 1 0 16,106 "62";
63 1 1 34,54 "63";
64 0 1 65,137 "64";
65 2 1 52,113 "65";
66 1 1 22,47 "66";
67 0 1 94,123 "67";
68 0 0 7,127 "68";
69 1 0 68,99 "69";
70 1 0 5,10 "70";
71 0 0 90,136 "71";
72 0 1 18,92 "72";
73 2 1 1,71 "73";
74 0 0 23,41 "74";
75 0 0 48,141 "75";
76 1 0 14,106 "76";
77 2 1 4,137 "77";
78 1 0 4,41 "78";
79 2 0 8,60 "79";
80 2 1 69,127 "80";
81 1 1 93,138 "81";
82 2 0 53,138 "82";
83 2 0 22,106 "83";
84 2 1 74,134 "84";
85 1 0 70,141 "85";
86 2 1 96,107 "86";
87 0 1 1,42 "87";
88 1 0 40,46 "88";
89 1 0 80,134 "89";
90 0 1 25,142 "90";
91 1 0 122,141 "91";
92 2 0 39,89 "92";
93 1 1 50,139 "93";
94 1 0 50,101 "94";
95 2 0 11,121 "95";
96 1 1 83,84 "96";
97 0 1 102,124 "97";
98 2 1 54,81 "98";
99 1 0 95,128 "99";
100 0 0 87,89 "100";
101 2 0 70,118 "101";
102 1 1 61,77 "102";
103 2 1 67,128 "103";
104 0 1 36,108 "104";
105 2 0 33,59 "105";
106 1 0 86,95 "106";
107 1 1 10,23 "107";
108 1 1 22,124 "108";
109 2 1 63,135 "109";
110 0 0 46,79 "110";
111 2 1 3,120 "111";
112 1 0 8,56 "112";
113 1 1 71,118 "113";
114 2 0 34,51 "114";
115 0 0 26,78 "115";
116 0 0 37,112 "116";
117 1 0 61,111 "117";
118 1 1 6,101 "118";
119 1 0 35,128 "119";
120 2 0 66,102 "120";
121 1 1 33,112 "121";
122 1 0 28,131 "122";
123 0 0 22,128 "123";
124 1 1 28,31 "124";
125 0 1 69,121 "125";
126 2 0 80,91 "126";
127 0 0 22,134 "127";
128 0 1 13,36 "128";
129 2 0 104,121 "129";
130 2 1 1,134 "130";
131 1 1 17,79 "131";
132 2 0 19,47 "132";
133 1 1 26,51 "133";
134 1 0 23,84 "134";
135 0 1 40,121 "135";
136 2 0 58,125 "136";
137 1 1 29,98 "137";
138 2 1 8,47 "138";
139 0 1 49,113 "139";
140 2 0 49,61 "140";
141 0 1 41,69 "141";
142 1 0 59,69 "142";
143 2 0 22,76 "143";
144 1 0 20,97 "144";
