parity 144;
0 1 0 37,41 "0";
1 2 0 114,120 "1";
2 2 0 60,125 "2";
3 1 1 101,119 "3";
4 2 1 11,22 "4";
5 1 1 47,116 "5";
6 1 0 65,68 "6";
7 2 0 6,26 "7";
8 1 1 75,94 "8";
9 1 0 61,132 "9";
10 0 1 18,134 "10";
11 1 0 6,12 "11";
12 0 1 37,92 "12";
13 0 0 4,36 "13";
14 0 1 67,99 "14";
15 1 0 89,142 "15";
16 2 0 5,37 "16";
17 2 1 70,72 "17";
18 2 1 97,144 "18";
19 1 0 95,98 "19";
20 1 1 14,39 "20";
21 2 1 94,106 "21";
22 1 1 15,90 "22";
23 1 1 40,95 "23";
24 1 0 3,18 "24";
25 1 0 5,144 "25";
26 2 0 6,36 "26";
27 1 1 10,129 "27";
28 0 0 15,95 "28";
29 1 0 69,125 "29";
30 0 0 87,103 "30";
31 2 1 13,36 "31";
32 0 0 88,116 "32";
33 1 0 13,78 "33";
34 1 1 7,32 "34";
35 1 1 64,73 "35";
36 2 1 65,93 "36";
37 2 0 31,58 "37";
38 1 0 99,133 "38";
39 0 0 49,81 "39";
40 2 1 31,120 "40";
41 0 1 21,113 "41";
42 0 0 66,93 "42";
43 0 1 9,120 "43";
44 0 1 1,124 "44";
45 2 0 63,81 "45";
46 2 1 71,92 "46";
47 2 0 48,114 "47";
48 2 0 121,137 "48";
49 2 1 76,109 "49";
50 1 1 28,60 "50";
51 2 1 37,129 "51";
52 0 1 17,93 "52";
53 1 1 34,39 "53";
54 1 0 45,85 "54";
55 2 1 65,88 "55";
56 0 1 96,120 "56";
57 0 1 11,64 "57";
58 1 1 65,109 "58";
59 1 1 30,60 "59";
60 2 0 49,142 "60";
61 1 0 27,134 "61";
62 2 1 12,81 "62";
63 0 0 36,92 "63";
64 2 0 58,131 "64";
65 1 1 12,131 "65";
66 2 1 102,113 "66";
67 0 0 23,124 "67";
68 0 1 85,143 "68";
69 0 0 26,102 "69";
70 1 1 19,90 "70";
71 1 0 9,53 "71";
72 1 0 101,124 "72";
73 1 0 23,56 "73";
74 2 1 31,92 "74";
75 0 1 12,108 "75";
76 0 0 5,24 "76";
77 2 1 134,143 "77";
78 2 0 52,103 "78";
79 2 0 34,42 "79";
80 1 0 41,48 "80";
81 2 0 10,40 "81";
82 1 0 2,21 "82";
83 1 1 1,92 "83";
84 1 0 62,76 "84";
85 1 0 62,66 "85";
86 2 1 53,92 "86";
87 2 0 3,37 "87";
88 0 1 0,24 "88";
89 1 0 73,92 "89";
90 0 1 104,142 "90";
91 0 1 98,117 "91";
92 0 0 101,131 "92";
93 2 0 44,90 "93";
94 0 0 0,115 "94";
95 0 0 76,138 "95";
96 1 1 11,51 "96";
97 2 1 13,79 "97";
98 0 1 68,105 "98";
99 2 0 89,126 "99";
100 1 1 73,91 "100";
101 0 0 36,116 "101";
102 1 0 66,110 "102";
103 0 1 52,79 "103";
104 1 1 113,117 "104";
105 1 0 82,98 "105";
106 2 1 54,65 "106";
107 2 0 9,125 "107";
108 2 1 1,80 "108";
109 0 0 8,39 "109";
110 2 0 49,94 "110";
111 2 0 44,118 "111";
112 1 0 88,89 "112";
113 1 1 22,89 "113";
114 0 0 41,86 "114";
115 0 1 104,109 "115";
116 1 0 32,70 "116";
117 0 1 15,16 "117";
118 1 1 68,86 "118";
119 0 1 82,90 "119";
120 0 1 36,112 "120";
121 2 1 10,79 "121";
122 1 1 88,114 "122";
123 0 1 11,92 "123";
124 1 1 1,10 "124";
125 0 1 54,124 "125";
126 1 1 133,142 "126";
127 1 0 75,111 "127";
128 0 0 53,104 "128";
129 1 1 45,97 "129";
130 1 1 54,99 "130";
131 1 0 22,113 "131";
132 2 1 93,140 "132";
133 0 1 45,122 "133";
134 0 1 1,38 "134";
135 0 1 46,140 "135";
136 2 1 34,106 "136";
137 0 0 85,102 "137";
138 1 1 48,77 "138";
139 1 1 81,106 "139";
140 2 0 75,134 "140";
141 1 1 75,82 "141";
142 2 1 44,116 "142";
143 1 0 68,83 "143";
144 2 1 109,139 "144";
