parity 119;
0 1 1 49,93 "0";
1 1 0 50,65 "1";
2 1 1 48,56 "2";
3 1 0 51,94 "3";
4 1 0 15,77 "4";
5 0 0 11,105 "5";
6 1 1 45,64 "6";
7 2 1 5,49 "7";
8 0 1 37,102 "8";
9 1 0 72,114 "9";
10 0 0 30,88 "10";
11 1 0 61,71 "11";
12 2 0 36,113 "12";
13 1 0 39,54 "13";
14 0 0 10,110 "14";
15 1 0 68,89 "15";
16 1 1 11,75 "16";
17 2 1 110,117 "17";
18 0 0 3,86 "18";
19 0 1 21,61 "19";
20 0 0 59,106 "20";
21 1 1 79,98 "21";
22 0 1 12,73 "22";
23 1 1 10,106 "23";
24 0 0 43,57 "24";
25 2 0 72,93 "25";
26 0 0 30,57 "26";
27 1 1 36,111 "27";
28 2 0 9,67 "28";
29 0 0 10,96 "29";
30 1 0 63,83 "30";
31 2 1 6,81 "31";
32 2 0 36,104 "32";
33 2 0 41,64 "33";
34 0 0 24,53 "34";
35 1 0 29,67 "35";
36 1 0 34,68 "36";
37 0 1 35,61 "37";
38 1 0 21,51 "38";
39 2 0 52,64 "39";
40 0 1 0,41 "40";
41 1 1 64,95 "41";
42 1 1 29,33 "42";
43 0 1 18,96 "43";
44 1 1 58,115 "44";
45 1 1 100,117 "45";
46 2 0 59,108 "46";
47 2 1 60,101 "47";
48 0 0 70,87 "48";
49 2 0 41,105 "49";
50 2 1 68,112 "50";
51 1 0 18,103 "51";
52 2 1 1,34 "52";
53 1 0 36,90 "53";
54 0 0 18,65 "54";
55 0 0 35,100 "55";
56 0 1 65,100 "56";
57 2 1 6,109 "57";
58 0 0 40,104 "58";
59 2 0 75,107 "59";
60 2 1 22,61 "60";
61 1 1 27,81 "61";
62 2 0 24,83 "62";
63 2 1 22,39 "63";
64 0 0 10,79 "64";
65 1 1 21,57 "65";
66 2 1 4,36 "66";
67 2 0 25,38 "67";
68 0 0 10,33 "68";
69 0 0 22,90 "69";
70 2 0 66,82 "70";
71 0 0 13,119 "71";
72 1 1 64,88 "72";
73 2 1 2,95 "73";
74 2 1 34,114 "74";
75 1 0 99,102 "75";
76 1 1 78,105 "76";
77 2 0 17,36 "77";
78 0 0 16,115 "78";
79 2 0 7,25 "79";
80 2 0 18,37 "80";
81 1 0 46,107 "81";
82 2 1 55,79 "82";
83 2 0 52,101 "83";
84 1 0 8,19 "84";
85 1 0 58,118 "85";
86 1 0 20,62 "86";
87 0 1 91,103 "87";
88 2 0 39,73 "88";
89 1 1 29,50 "89";
90 0 0 17,70 "90";
91 0 0 16,70 "91";
92 1 0 58,111 "92";
93 0 1 47,62 "93";
94 0 0 22,90 "94";
95 0 1 49,93 "95";
96 0 1 9,53 "96";
97 0 0 2,90 "97";
98 1 0 32,37 "98";
99 2 1 3,86 "99";
100 1 1 20,57 "100";
101 1 1 54,111 "101";
102 1 1 37,69 "102";
103 0 1 83,113 "103";
104 1 1 7,100 "104";
105 0 1 81,111 "105";
106 0 1 10,109 "106";
107 0 0 4,64 "107";
108 0 0 10,47 "108";
109 2 1 48,117 "109";
110 0 0 10,32 "110";
111 2 0 97,104 "111";
112 1 0 3,95 "112";
113 2 0 72,103 "113";
114 2 1 15,42 "114";
115 0 0 29,93 "115";
116 0 1 22,59 "116";
117 2 0 4,87 "117";
118 2 1 1,40 "118";
119 1 0 0,115 "119";
