parity 169;
0 2 1 22,34 "0";
1 2 0 93,122 "1";
2 2 0 65,117 "2";
3 2 1 64,160 "3";
4 2 1 89,115 "4";
5 2 1 38,59 "5";
6 2 0 123,167 "6";
7 1 1 4,51 "7";
8 2 0 58,126 "8";
9 0 0 12,127 "9";
10 2 1 30,54 "10";
11 1 0 4,80 "11";
12 0 0 63,91 "12";
13 0 1 4,140 "13";
14 2 1 84,153 "14";
15 2 0 46,54 "15";
16 2 1 2,34 "16";
17 1 0 65,128 "17";
18 1 0 4,49 "18";
19 0 0 15,96 "19";
20 2 1 17,32 "20";
21 2 0 41,50 "21";
22 1 0 47,79 "22";
23 2 0 42,91 "23";
24 0 0 113,137 "24";
25 2 1 152,168 "25";
26 1 0 37,168 "26";
27 1 1 51,130 "27";
28 1 0 6,37 "28";
29 0 1 89,154 "29";
30 2 0 62,150 "30";
31 1 1 13,114 "31";
32 2 0 12,87 "32";
33 2 0 6,118 "33";
34 0 1 96,127 "34";
35 2 0 97,123 "35";
36 0 0 44,84 "36";
37 2 1 47,129 "37";
38 0 1 37,73 "38";
39 0 0 88,92 "39";
40 1 0 71,151 "40";
41 0 0 14,21 "41";
42 1 1 16,58 "42";
43 1 0 103,141 "43";
44 2 1 57,149 "44";
45 0 0 17,94 "45";
46 2 1 88,104 "46";
47 1 0 5,104 "47";
48 2 1 36,64 "48";
49 0 0 5,109 "49";
50 0 1 54,81 "50";
51 1 1 9,27 "51";
52 1 0 37,46 "52";
53 2 1 163,167 "53";
54 2 0 112,151 "54";
55 2 0 87,127 "55";
56 2 1 6,95 "56";
57 1 0 36,130 "57";
58 1 1 74,149 "58";
59 1 0 74,162 "59";
60 0 1 71,92 "60";
61 2 1 36,51 "61";
62 2 1 63,104 "62";
63 1 0 74,78 "63";
64 0 0 6,47 "64";
65 2 0 16,26 "65";
66 0 0 61,94 "66";
67 1 1 39,162 "67";
68 2 0 6,128 "68";
69 0 0 14,56 "69";
70 0 0 38,103 "70";
71 2 1 51,74 "71";
72 0 1 2,34 "72";
73 2 1 50,143 "73";
74 1 0 15,141 "74";
75 2 1 35,126 "75";
76 1 0 42,119 "76";
77 0 1 120,166 "77";
78 0 0 99,112 "78";
79 0 1 58,114 "79";
80 1 1 57,132 "80";
81 2 0 9,54 "81";
82 2 0 11,95 "82";
83 0 1 41,154 "83";
84 1 1 83,128 "84";
85 0 0 9,160 "85";
86 0 1 12,14 "86";
87 1 1 6,108 "87";
88 0 0 112,149 "88";
89 1 0 28,141 "89";
90 0 0 70,127 "90";
91 2 0 19,57 "91";
92 1 1 21,168 "92";
93 2 0 35,56 "93";
94 0 0 67,164 "94";
95 2 0 47,89 "95";
96 1 0 133,136 "96";
97 1 1 13,33 "97";
98 2 0 8,106 "98";
99 0 1 103,130 "99";
100 2 1 69,105 "100";
101 0 1 65,95 "101";
102 0 0 20,155 "102";
103 0 1 63,140 "103";
104 1 0 44,149 "104";
105 2 0 50,133 "105";
106 1 1 151,161 "106";
107 1 0 25,137 "107";
108 0 1 17,83 "108";
109 1 0 103,120 "109";
110 2 0 38,83 "110";
111 2 0 26,56 "111";
112 0 1 21,75 "112";
113 2 1 87,151 "113";
114 0 0 155,158 "114";
115 2 1 32,98 "115";
116 0 0 1,55 "116";
117 1 0 8,145 "117";
118 0 1 41,45 "118";
119 2 0 34,105 "119";
120 1 0 13,26 "120";
121 1 1 67,115 "121";
122 0 1 45,89 "122";
123 0 1 52,101 "123";
124 2 0 25,120 "124";
125 1 0 22,39 "125";
126 1 0 63,111 "126";
127 1 0 4,40 "127";
128 2 1 32,47 "128";
129 0 1 63,94 "129";
130 0 1 47,161 "130";
131 0 0 63,65 "131";
132 0 1 9,101 "132";
133 1 1 20,70 "133";
134 2 1 42,83 "134";
135 0 1 88,167 "135";
136 2 1 69,82 "136";
137 0 1 110,140 "137";
138 1 1 19,41 "138";
139 0 1 6,102 "139";
140 2 1 29,136 "140";
141 0 1 4,158 "141";
142 1 1 18,146 "142";
143 0 1 63,84 "143";
144 1 1 39,151 "144";
145 1 0 8,89 "145";
146 0 0 47,54 "146";
147 0 1 9,63 "147";
148 2 1 126,129 "148";
149 0 0 9,104 "149";
150 1 0 18,80 "150";
151 1 1 103,144 "151";
152 0 0 128,140 "152";
153 1 0 38,55 "153";
154 1 1 41,144 "154";
155 2 0 139,153 "155";
156 1 0 103,146 "156";
157 2 1 76,158 "157";
158 0 0 73,141 "158";
159 0 1 14,147 "159";
160 0 1 8,15 "160";
161 0 0 93,119 "161";
162 0 0 12,57 "162";
163 1 0 47,115 "163";
164 1 1 114,117 "164";
165 0 1 30,124 "165";
166 1 0 96,111 "166";
167 0 1 32,158 "167";
168 2 1 0,39 "168";
169 0 1 19,90 "169";
