parity 99;
0 2 0 78,84 "0";
1 2 0 57,68 "1";
2 0 0 35,39 "2";
3 2 0 53,78 "3";
4 0 0 58,64 "4";
5 0 0 55,78 "5";
6 0 1 3,15 "6";
7 0 1 12,72 "7";
8 0 0 20,74 "8";
9 0 0 27,58 "9";
10 0 1 2,12 "10";
11 2 0 56,98 "11";
12 2 1 0,81 "12";
13 2 0 46,81 "13";
14 2 0 62,97 "14";
15 1 0 67,90 "15";
16 1 0 57,77 "16";
17 2 0 1,67 "17";
18 2 0 21,72 "18";
19 2 1 32,43 "19";
20 2 1 19,97 "20";
21 1 1 76,78 "21";
22 1 0 10,29 "22";
23 2 0 25,28 "23";
24 2 0 5,45 "24";
25 1 1 16,81 "25";
26 0 1 7,65 "26";
27 1 0 34,90 "27";
28 0 0 29,95 "28";
29 2 0 75,87 "29";
30 1 0 14,39 "30";
31 0 1 55,78 "31";
32 0 0 44,85 "32";
33 2 1 0,20 "33";
34 0 0 19,38 "34";
35 1 0 8,83 "35";
36 0 1 54,64 "36";
37 0 1 39,97 "37";
38 2 1 55,92 "38";
39 1 0 25,82 "39";
40 2 1 5,13 "40";
41 2 0 3,97 "41";
42 1 0 18,93 "42";
43 2 1 23,92 "43";
44 2 1 41,70 "44";
45 2 1 50,79 "45";
46 2 0 13,63 "46";
47 2 0 20,35 "47";
48 0 1 15,68 "48";
49 0 0 11,47 "49";
50 2 0 25,68 "50";
51 1 0 39,80 "51";
52 2 1 36,68 "52";
53 1 0 16,98 "53";
54 2 1 16,74 "54";
55 2 1 58,88 "55";
56 2 1 4,64 "56";
57 2 1 32,93 "57";
58 0 0 2,18 "58";
59 1 1 64,66 "59";
60 0 0 29,98 "60";
61 2 1 12,33 "61";
62 1 0 3,22 "62";
63 2 0 46,71 "63";
64 2 0 33,39 "64";
65 1 1 63,81 "65";
66 1 1 87,92 "66";
67 0 1 16,37 "67";
68 0 0 28,92 "68";
69 2 0 72,89 "69";
70 2 0 81,92 "70";
71 0 1 39,42 "71";
72 1 1 2,30 "72";
73 2 0 17,54 "73";
74 1 0 52,99 "74";
75 0 1 0,51 "75";
76 1 1 49,80 "76";
77 2 0 7,58 "77";
78 1 1 23,35 "78";
79 0 1 23,56 "79";
80 0 0 48,83 "80";
81 1 0 32,86 "81";
82 2 0 19,46 "82";
83 0 0 37,77 "83";
84 1 1 51,99 "84";
85 0 1 9,16 "85";
86 2 1 3,60 "86";
87 2 1 13,60 "87";
88 2 1 52,82 "88";
89 0 0 44,78 "89";
90 2 0 22,69 "90";
91 2 1 56,64 "91";
92 0 1 13,28 "92";
93 2 1 21,79 "93";
94 2 0 20,51 "94";
95 2 0 26,74 "95";
96 1 1 21,78 "96";
97 0 0 17,98 "97";
98 2 0 19,41 "98";
99 0 1 51,91 "99";
