parity 99;
0 0 1 10,91 "0";
1 0 0 11,27 "1";
2 2 1 7,50 "2";
3 2 0 36,94 "3";
4 2 0 7,95 "4";
5 2 1 25,43 "5";
6 0 1 12,35 "6";
7 0 0 37,40 "7";
8 1 1 12,34 "8";
9 2 0 8,70 "9";
10 1 0 21,85 "10";
11 2 0 1,35 "11";
12 2 1 20,99 "12";
13 1 1 65,99 "13";
14 2 1 68,71 "14";
15 0 0 60,76 "15";
16 0 0 62,82 "16";
17 0 0 12,45 "17";
18 0 1 13,57 "18";
19 0 1 10,54 "19";
20 0 1 56,89 "20";
21 2 0 23,41 "21";
22 0 1 25,93 "22";
23 1 1 13,44 "23";
24 1 0 78,85 "24";
25 2 1 4,99 "25";
26 1 1 42,85 "26";
27 0 0 55,80 "27";
28 2 1 14,26 "28";
29 2 1 47,97 "29";
30 0 0 54,95 "30";
31 1 0 6,61 "31";
32 0 1 68,85 "32";
33 1 1 48,49 "33";
34 0 1 31,47 "34";
35 2 0 75,92 "35";
36 0 0 30,89 "36";
37 2 0 0,26 "37";
38 0 1 48,85 "38";
39 1 0 12,63 "39";
40 0 0 36,79 "40";
41 0 0 26,65 "41";
42 1 0 10,50 "42";
43 2 0 20,85 "43";
44 0 0 10,59 "44";
45 1 0 35,56 "45";
46 2 1 81,90 "46";
47 1 1 56,58 "47";
48 0 0 13,36 "48";
49 2 0 45,99 "49";
50 0 0 20,37 "50";
51 2 1 21,34 "51";
52 2 0 8,46 "52";
53 1 0 5,37 "53";
54 1 1 20,58 "54";
55 2 1 9,25 "55";
56 2 0 57,73 "56";
57 1 0 88,90 "57";
58 2 0 40,66 "58";
59 1 1 49,68 "59";
60 0 0 3,70 "60";
61 2 1 7,23 "61";
62 0 0 42,91 "62";
63 1 1 13,73 "63";
64 2 0 23,74 "64";
65 0 0 85,88 "65";
66 0 0 25,56 "66";
67 0 0 5,80 "67";
68 1 1 31,47 "68";
69 2 1 15,65 "69";
70 2 0 1,61 "70";
71 2 0 66,89 "71";
72 2 0 47,99 "72";
73 1 0 6,74 "73";
74 0 0 59,61 "74";
75 2 1 16,66 "75";
76 0 1 26,80 "76";
77 2 1 1,86 "77";
78 1 1 4,79 "78";
79 1 1 15,71 "79";
80 1 0 53,61 "80";
81 0 1 1,18 "81";
82 1 0 45,75 "82";
83 0 1 20,34 "83";
84 0 1 43,77 "84";
85 0 1 31,97 "85";
86 0 0 6,28 "86";
87 2 0 5,36 "87";
88 2 0 74,76 "88";
89 1 0 5,76 "89";
90 0 1 24,59 "90";
91 2 1 50,61 "91";
92 2 0 1,28 "92";
93 2 1 30,59 "93";
94 2 0 27,86 "94";
95 0 0 12,82 "95";
96 0 1 13,34 "96";
97 2 0 31,88 "97";
98 2 1 32,91 "98";
99 0 0 7,48 "99";
