parity 124;
0 2 1 71,87 "0";
1 0 1 52,64 "1";
2 1 0 62,120 "2";
3 0 1 73,106 "3";
4 0 0 51,81 "4";
5 0 1 35,109 "5";
6 2 1 15,48 "6";
7 2 0 13,35 "7";
8 1 1 45,100 "8";
9 1 1 47,110 "9";
10 1 0 11,84 "10";
11 1 1 16,66 "11";
12 2 1 41,59 "12";
13 0 0 25,35 "13";
14 1 0 40,61 "14";
15 1 1 25,118 "15";
16 0 1 27,91 "16";
17 1 1 30,44 "17";
18 2 1 34,81 "18";
19 1 0 29,61 "19";
20 0 1 79,107 "20";
21 2 0 57,88 "21";
22 0 1 31,60 "22";
23 0 1 100,101 "23";
24 1 1 73,91 "24";
25 1 0 32,100 "25";
26 2 0 81,104 "26";
27 1 1 43,68 "27";
28 1 1 48,123 "28";
29 2 1 9,96 "29";
30 1 0 61,119 "30";
31 0 0 32,98 "31";
32 2 1 3,98 "32";
33 1 1 46,58 "33";
34 0 0 59,99 "34";
35 0 0 30,45 "35";
36 1 1 48,120 "36";
37 1 1 10,121 "37";
38 1 1 69,100 "38";
39 1 0 15,94 "39";
40 2 0 45,69 "40";
41 0 1 84,109 "41";
42 0 0 20,81 "42";
43 1 1 1,124 "43";
44 2 0 1,46 "44";
45 2 0 73,92 "45";
46 1 1 60,89 "46";
47 1 0 30,80 "47";
48 1 0 90,99 "48";
49 1 0 68,101 "49";
50 2 1 87,98 "50";
51 0 0 62,119 "51";
52 0 0 3,74 "52";
53 1 0 12,51 "53";
54 0 0 72,98 "54";
55 2 1 69,119 "55";
56 1 0 35,97 "56";
57 2 1 25,107 "57";
58 0 0 2,112 "58";
59 0 0 58,63 "59";
60 0 1 47,80 "60";
61 0 1 91,118 "61";
62 1 1 1,50 "62";
63 1 0 67,110 "63";
64 1 1 12,86 "64";
65 0 0 31,103 "65";
66 1 1 64,108 "66";
67 1 1 28,75 "67";
68 1 1 56,111 "68";
69 2 1 26,54 "69";
70 0 1 79,107 "70";
71 2 1 81,110 "71";
72 2 0 92,116 "72";
73 1 1 15,124 "73";
74 1 1 0,2 "74";
75 1 0 27,123 "75";
76 0 1 3,70 "76";
77 0 0 57,64 "77";
78 0 0 80,119 "78";
79 1 0 1,60 "79";
80 2 0 13,115 "80";
81 0 1 9,26 "81";
82 0 1 40,113 "82";
83 1 1 24,49 "83";
84 1 0 110,118 "84";
85 0 0 20,107 "85";
86 1 1 112,117 "86";
87 0 1 67,96 "87";
88 1 0 63,92 "88";
89 0 0 46,64 "89";
90 0 1 49,112 "90";
91 0 0 8,79 "91";
92 0 1 78,85 "92";
93 1 1 55,113 "93";
94 2 0 15,65 "94";
95 1 1 28,40 "95";
96 0 1 29,104 "96";
97 0 0 41,80 "97";
98 0 1 9,48 "98";
99 2 0 51,120 "99";
100 1 1 4,47 "100";
101 0 0 30,99 "101";
102 2 1 14,58 "102";
103 0 1 85,90 "103";
104 1 1 1,63 "104";
105 1 1 4,94 "105";
106 2 0 45,59 "106";
107 2 0 29,60 "107";
108 0 1 78,94 "108";
109 0 1 22,99 "109";
110 0 0 12,118 "110";
111 0 0 8,86 "111";
112 1 1 100,118 "112";
113 0 1 5,87 "113";
114 2 1 13,41 "114";
115 2 1 60,85 "115";
116 1 0 1,47 "116";
117 1 1 37,91 "117";
118 1 0 22,121 "118";
119 2 0 58,106 "119";
120 0 0 24,112 "120";
121 0 0 8,73 "121";
122 0 1 90,93 "122";
123 2 1 30,41 "123";
124 0 1 29,109 "124";
