parity 159;
0 1 1 1,63 "0";
1 2 1 42,89 "1";
2 0 1 40,72 "2";
3 1 1 87,100 "3";
4 1 1 119,129 "4";
5 1 0 8,78 "5";
6 2 1 106,111 "6";
7 1 0 30,114 "7";
8 1 1 85,121 "8";
9 2 1 89,153 "9";
10 1 1 3,107 "10";
11 2 1 69,139 "11";
12 0 0 145,157 "12";
13 0 0 131,149 "13";
14 0 1 60,65 "14";
15 1 1 59,61 "15";
16 2 1 24,146 "16";
17 1 1 33,142 "17";
18 2 0 13,134 "18";
19 1 1 1,75 "19";
20 0 0 19,101 "20";
21 2 0 9,139 "21";
22 2 0 2,49 "22";
23 1 0 127,154 "23";
24 1 0 144,158 "24";
25 2 0 8,84 "25";
26 2 0 27,32 "26";
27 1 0 109,155 "27";
28 1 1 80,89 "28";
29 0 0 127,136 "29";
30 1 0 72,131 "30";
31 1 0 22,131 "31";
32 0 0 40,67 "32";
33 1 0 64,157 "33";
34 0 1 3,65 "34";
35 2 0 68,111 "35";
36 0 1 117,139 "36";
37 0 1 49,105 "37";
38 1 1 15,71 "38";
39 0 0 91,114 "39";
40 2 1 42,139 "40";
41 1 1 25,130 "41";
42 0 1 57,89 "42";
43 1 0 132,144 "43";
44 1 1 13,68 "44";
45 0 1 64,72 "45";
46 1 1 109,112 "46";
47 1 1 111,140 "47";
48 0 0 53,149 "48";
49 2 1 95,126 "49";
50 2 0 70,105 "50";
51 1 0 63,157 "51";
52 0 1 58,82 "52";
53 1 1 15,150 "53";
54 1 0 19,133 "54";
55 1 1 113,140 "55";
56 0 0 63,134 "56";
57 2 0 12,94 "57";
58 1 1 9,122 "58";
59 2 1 35,43 "59";
60 1 0 62,91 "60";
61 2 0 5,54 "61";
62 1 0 7,155 "62";
63 2 1 28,122 "63";
64 1 0 84,101 "64";
65 2 0 79,116 "65";
66 0 0 17,73 "66";
67 2 1 17,135 "67";
68 1 1 114,132 "68";
69 0 1 46,145 "69";
70 0 0 90,127 "70";
71 2 0 55,141 "71";
72 0 1 77,117 "72";
73 2 1 24,59 "73";
74 0 0 40,103 "74";
75 0 1 25,131 "75";
76 0 1 29,128 "76";
77 1 1 72,157 "77";
78 0 1 87,92 "78";
79 2 1 10,121 "79";
80 2 1 87,148 "80";
81 0 1 115,119 "81";
82 0 1 19,109 "82";
83 1 1 21,103 "83";
84 1 1 58,93 "84";
85 1 1 50,77 "85";
86 0 1 65,101 "86";
87 1 1 147,150 "87";
88 1 0 39,121 "88";
89 0 0 29,34 "89";
90 2 1 0,53 "90";
91 1 1 33,112 "91";
92 1 0 55,108 "92";
93 2 1 98,147 "93";
94 0 0 109,142 "94";
95 0 0 21,36 "95";
96 0 1 0,51 "96";
97 2 1 44,47 "97";
98 2 0 42,101 "98";
99 2 1 20,27 "99";
100 0 0 142,159 "100";
101 1 0 21,82 "101";
102 2 1 111,134 "102";
103 2 0 47,70 "103";
104 0 1 84,146 "104";
105 2 0 3,110 "105";
106 2 1 34,157 "106";
107 2 0 79,133 "107";
108 1 1 20,134 "108";
109 2 1 46,113 "109";
110 2 1 58,127 "110";
111 2 0 56,146 "111";
112 1 0 66,126 "112";
113 2 0 63,84 "113";
114 2 0 21,67 "114";
115 0 0 32,119 "115";
116 2 0 75,133 "116";
117 2 1 38,119 "117";
118 1 0 88,147 "118";
119 0 0 31,143 "119";
120 2 0 39,127 "120";
121 1 1 17,66 "121";
122 0 1 117,150 "122";
123 1 0 31,126 "123";
124 0 1 13,53 "124";
125 2 1 38,111 "125";
126 0 1 22,72 "126";
127 1 1 53,89 "127";
128 0 0 0,29 "128";
129 2 1 56,112 "129";
130 1 1 13,32 "130";
131 2 0 108,112 "131";
132 0 0 39,134 "132";
133 2 1 118,141 "133";
134 0 0 31,116 "134";
135 1 0 17,122 "135";
136 1 0 16,124 "136";
137 0 0 67,128 "137";
138 1 0 10,98 "138";
139 1 0 22,116 "139";
140 1 0 68,95 "140";
141 0 0 27,154 "141";
142 0 1 61,76 "142";
143 1 1 54,130 "143";
144 1 1 57,83 "144";
145 1 1 24,54 "145";
146 0 0 45,60 "146";
147 0 0 98,152 "147";
148 2 1 27,31 "148";
149 0 0 26,140 "149";
150 0 1 39,92 "150";
151 2 1 40,69 "151";
152 0 1 24,40 "152";
153 1 1 46,68 "153";
154 2 1 24,82 "154";
155 0 0 83,114 "155";
156 2 0 1,145 "156";
157 2 0 75,113 "157";
158 2 1 74,123 "158";
159 0 0 24,75 "159";
