parity 104;
0 2 1 36,47 "0";
1 0 1 87,99 "1";
2 2 0 17,25 "2";
3 1 0 74,89 "3";
4 1 1 67,94 "4";
5 0 0 20,31 "5";
6 1 0 20,43 "6";
7 1 1 20,64 "7";
8 1 0 30,42 "8";
9 0 0 61,83 "9";
10 1 0 26,32 "10";
11 2 0 28,76 "11";
12 1 0 14,87 "12";
13 2 1 86,99 "13";
14 0 0 35,74 "14";
15 0 0 50,63 "15";
16 0 1 50,93 "16";
17 1 1 11,80 "17";
18 1 1 1,46 "18";
19 2 0 34,65 "19";
20 0 0 25,52 "20";
21 1 1 77,98 "21";
22 2 0 67,74 "22";
23 1 0 35,80 "23";
24 0 0 37,39 "24";
25 0 0 42,99 "25";
26 2 0 8,85 "26";
27 1 0 21,23 "27";
28 2 0 21,43 "28";
29 0 1 46,81 "29";
30 0 0 65,72 "30";
31 2 0 3,93 "31";
32 0 1 1,24 "32";
33 2 0 0,52 "33";
34 1 0 30,67 "34";
35 1 0 92,98 "35";
36 1 1 40,60 "36";
37 0 0 21,98 "37";
38 2 1 46,92 "38";
39 0 1 96,103 "39";
40 2 1 16,87 "40";
41 1 0 52,75 "41";
42 2 0 27,52 "42";
43 1 0 3,33 "43";
44 1 1 54,92 "44";
45 1 0 50,59 "45";
46 1 1 63,75 "46";
47 0 0 16,66 "47";
48 2 1 54,84 "48";
49 2 1 48,52 "49";
50 0 0 47,53 "50";
51 0 1 72,77 "51";
52 2 1 24,33 "52";
53 2 0 54,103 "53";
54 0 0 21,42 "54";
55 2 0 37,78 "55";
56 2 1 11,36 "56";
57 1 0 41,98 "57";
58 0 0 21,41 "58";
59 1 0 3,13 "59";
60 2 1 84,101 "60";
61 1 1 5,35 "61";
62 1 1 17,101 "62";
63 2 0 35,59 "63";
64 0 0 19,96 "64";
65 1 1 43,67 "65";
66 0 0 17,28 "66";
67 2 0 18,27 "67";
68 2 1 29,48 "68";
69 0 1 5,19 "69";
70 0 1 4,29 "70";
71 0 1 42,73 "71";
72 0 0 61,75 "72";
73 2 1 45,50 "73";
74 2 0 64,71 "74";
75 0 1 27,38 "75";
76 2 1 5,72 "76";
77 0 1 22,70 "77";
78 2 0 46,101 "78";
79 1 0 2,4 "79";
80 0 1 86,89 "80";
81 0 1 29,32 "81";
82 1 1 27,77 "82";
83 2 0 13,95 "83";
84 1 1 94,103 "84";
85 0 0 76,77 "85";
86 0 1 31,40 "86";
87 0 1 4,8 "87";
88 0 0 56,98 "88";
89 0 0 9,74 "89";
90 0 1 3,98 "90";
91 0 1 68,93 "91";
92 1 1 70,84 "92";
93 1 0 82,91 "93";
94 1 1 4,47 "94";
95 0 1 81,89 "95";
96 1 0 60,80 "96";
97 2 1 29,70 "97";
98 1 1 64,91 "98";
99 0 0 45,86 "99";
100 1 0 7,14 "100";
101 2 1 91,103 "101";
102 1 0 25,66 "102";
103 0 0 18,37 "103";
104 1 1 51,59 "104";
