parity 154;
0 0 0 12,74 "0";
1 2 1 94,147 "1";
2 2 0 55,124 "2";
3 1 0 74,106 "3";
4 1 0 70,152 "4";
5 2 0 25,74 "5";
6 2 0 109,116 "6";
7 0 0 60,71 "7";
8 2 1 15,92 "8";
9 2 0 2,125 "9";
10 0 0 23,107 "10";
11 1 0 35,146 "11";
12 1 0 140,145 "12";
13 2 1 85,119 "13";
14 2 0 42,100 "14";
15 1 0 121,140 "15";
16 0 0 66,111 "16";
17 1 1 117,144 "17";
18 2 1 22,146 "18";
19 0 1 99,102 "19";
20 1 1 81,102 "20";
21 1 0 7,23 "21";
22 1 1 101,119 "22";
23 2 1 49,108 "23";
24 2 1 62,76 "24";
25 2 0 0,143 "25";
26 1 1 14,138 "26";
27 0 1 43,88 "27";
28 0 1 25,44 "28";
29 2 0 32,41 "29";
30 1 1 82,97 "30";
31 0 1 37,104 "31";
32 2 1 111,131 "32";
33 2 1 68,80 "33";
34 1 0 68,118 "34";
35 1 0 42,143 "35";
36 1 0 5,83 "36";
37 0 0 21,36 "37";
38 1 1 9,153 "38";
39 0 0 50,111 "39";
40 0 1 2,144 "40";
41 2 1 19,85 "41";
42 1 0 25,55 "42";
43 0 1 36,83 "43";
44 1 0 23,136 "44";
45 2 1 76,118 "45";
46 2 1 30,119 "46";
47 2 0 3,25 "47";
48 1 0 46,124 "48";
49 1 1 34,71 "49";
50 1 1 39,92 "50";
51 2 1 13,61 "51";
52 1 1 47,51 "52";
53 1 1 73,147 "53";
54 2 0 50,130 "54";
55 0 1 77,94 "55";
56 1 0 2,115 "56";
57 1 1 20,26 "57";
58 2 1 10,120 "58";
59 1 1 54,87 "59";
60 1 1 81,100 "60";
61 2 1 103,134 "61";
62 0 1 82,128 "62";
63 1 0 3,118 "63";
64 1 1 103,112 "64";
65 2 0 72,144 "65";
66 0 0 109,131 "66";
67 1 1 71,117 "67";
68 1 1 12,43 "68";
69 0 0 126,128 "69";
70 2 0 93,119 "70";
71 1 1 23,110 "71";
72 2 0 79,146 "72";
73 1 0 24,96 "73";
74 0 1 15,81 "74";
75 1 1 83,130 "75";
76 1 0 35,46 "76";
77 1 1 63,119 "77";
78 1 0 61,99 "78";
79 2 0 63,138 "79";
80 0 1 32,53 "80";
81 2 0 18,68 "81";
82 0 0 68,118 "82";
83 1 0 29,133 "83";
84 1 0 13,123 "84";
85 2 1 14,78 "85";
86 1 1 23,51 "86";
87 0 0 83,144 "87";
88 1 1 26,46 "88";
89 0 0 7,27 "89";
90 2 0 61,151 "90";
91 2 0 65,96 "91";
92 0 1 26,79 "92";
93 2 1 59,88 "93";
94 0 1 23,46 "94";
95 1 1 48,65 "95";
96 1 1 54,76 "96";
97 2 0 5,81 "97";
98 0 0 67,93 "98";
99 2 1 21,62 "99";
100 1 1 7,29 "100";
101 2 0 82,135 "101";
102 2 0 31,56 "102";
103 1 0 31,76 "103";
104 0 1 78,117 "104";
105 2 0 20,134 "105";
106 1 0 81,93 "106";
107 1 0 93,113 "107";
108 0 1 3,113 "108";
109 2 0 78,94 "109";
110 0 0 99,137 "110";
111 1 1 113,141 "111";
112 2 0 88,152 "112";
113 2 1 34,103 "113";
114 0 1 34,106 "114";
115 1 1 55,134 "115";
116 2 0 2,79 "116";
117 0 0 84,142 "117";
118 0 1 28,42 "118";
119 0 0 81,84 "119";
120 0 0 30,44 "120";
121 0 1 14,71 "121";
122 1 0 0,11 "122";
123 2 0 81,124 "123";
124 1 1 73,145 "124";
125 2 0 53,69 "125";
126 2 1 34,122 "126";
127 2 1 7,73 "127";
128 1 0 21,152 "128";
129 0 1 148,152 "129";
130 2 1 90,115 "130";
131 0 1 55,99 "131";
132 0 1 68,137 "132";
133 2 0 7,83 "133";
134 2 0 38,75 "134";
135 0 1 128,139 "135";
136 0 1 103,118 "136";
137 1 0 6,90 "137";
138 0 0 42,142 "138";
139 2 0 15,44 "139";
140 0 1 7,112 "140";
141 0 0 65,96 "141";
142 0 0 76,153 "142";
143 1 1 53,142 "143";
144 1 0 54,139 "144";
145 2 1 56,82 "145";
146 1 0 65,96 "146";
147 0 0 99,135 "147";
148 1 0 12,72 "148";
149 2 0 29,130 "149";
150 0 1 48,70 "150";
151 0 0 63,109 "151";
152 2 0 122,131 "152";
153 2 0 97,140 "153";
154 0 0 60,149 "154";
