parity 134;
0 0 1 55,112 "0";
1 2 0 87,103 "1";
2 2 0 52,82 "2";
3 2 1 15,48 "3";
4 1 1 19,119 "4";
5 1 1 55,106 "5";
6 0 0 24,97 "6";
7 1 1 80,133 "7";
8 2 0 1,40 "8";
9 1 0 15,64 "9";
10 1 1 23,56 "10";
11 0 1 2,71 "11";
12 1 1 14,92 "12";
13 1 0 25,56 "13";
14 1 1 77,86 "14";
15 1 0 81,129 "15";
16 0 0 26,69 "16";
17 1 1 93,115 "17";
18 2 0 34,40 "18";
19 1 0 37,57 "19";
20 2 0 91,94 "20";
21 2 0 44,99 "21";
22 1 1 70,128 "22";
23 1 1 20,72 "23";
24 0 0 58,82 "24";
25 1 0 14,42 "25";
26 0 1 65,68 "26";
27 1 0 107,124 "27";
28 2 0 36,87 "28";
29 2 0 48,87 "29";
30 2 0 2,77 "30";
31 1 0 24,60 "31";
32 1 1 1,68 "32";
33 2 1 70,76 "33";
34 0 1 51,134 "34";
35 2 0 14,106 "35";
36 2 0 39,91 "36";
37 1 1 114,126 "37";
38 1 1 56,83 "38";
39 2 0 54,113 "39";
40 1 0 24,30 "40";
41 0 0 16,44 "41";
42 0 1 23,64 "42";
43 1 1 52,116 "43";
44 2 0 17,108 "44";
45 0 1 58,112 "45";
46 2 0 49,130 "46";
47 0 1 3,133 "47";
48 1 0 24,42 "48";
49 0 0 0,67 "49";
50 2 0 46,55 "50";
51 1 0 39,88 "51";
52 0 1 53,93 "52";
53 1 0 84,94 "53";
54 0 1 5,16 "54";
55 2 0 45,84 "55";
56 2 0 23,127 "56";
57 1 1 62,111 "57";
58 0 1 78,101 "58";
59 0 1 125,134 "59";
60 0 1 15,104 "60";
61 2 1 60,100 "61";
62 0 1 106,108 "62";
63 0 0 95,119 "63";
64 1 1 58,96 "64";
65 1 1 29,32 "65";
66 2 0 51,131 "66";
67 1 0 28,85 "67";
68 2 0 61,107 "68";
69 1 1 0,62 "69";
70 0 0 57,114 "70";
71 1 1 44,47 "71";
72 0 0 106,123 "72";
73 2 0 0,95 "73";
74 1 1 94,116 "74";
75 1 1 58,100 "75";
76 1 1 38,117 "76";
77 1 0 104,126 "77";
78 0 1 4,84 "78";
79 0 0 21,111 "79";
80 0 1 42,49 "80";
81 0 0 105,109 "81";
82 2 0 78,84 "82";
83 1 1 92,106 "83";
84 1 0 31,127 "84";
85 2 0 43,70 "85";
86 2 0 0,24 "86";
87 2 1 90,94 "87";
88 1 0 45,98 "88";
89 0 0 80,112 "89";
90 1 1 40,94 "90";
91 0 1 113,133 "91";
92 1 0 35,129 "92";
93 2 0 41,42 "93";
94 2 1 3,42 "94";
95 2 1 35,123 "95";
96 1 0 28,110 "96";
97 1 1 24,26 "97";
98 0 1 2,19 "98";
99 1 0 31,101 "99";
100 2 0 117,123 "100";
101 1 0 28,62 "101";
102 2 0 22,88 "102";
103 0 1 18,131 "103";
104 2 1 70,93 "104";
105 2 1 48,103 "105";
106 0 1 45,131 "106";
107 2 0 116,118 "107";
108 0 0 54,75 "108";
109 0 0 41,64 "109";
110 2 0 0,125 "110";
111 1 1 31,64 "111";
112 1 1 51,86 "112";
113 0 0 16,97 "113";
114 1 1 65,73 "114";
115 1 1 27,57 "115";
116 2 0 78,131 "116";
117 0 0 76,88 "117";
118 1 0 19,69 "118";
119 2 0 17,91 "119";
120 1 0 19,107 "120";
121 2 1 43,47 "121";
122 2 1 8,23 "122";
123 0 1 5,13 "123";
124 0 0 13,116 "124";
125 0 0 66,117 "125";
126 2 1 25,47 "126";
127 2 1 66,118 "127";
128 1 1 82,126 "128";
129 2 0 5,108 "129";
130 2 1 79,104 "130";
131 1 0 66,86 "131";
132 1 1 1,99 "132";
133 0 0 19,92 "133";
134 2 1 51,115 "134";
