parity 149;
0 0 1 83,124 "0";
1 0 1 58,66 "1";
2 2 0 30,69 "2";
3 1 0 79,149 "3";
4 1 0 61,65 "4";
5 0 0 102,125 "5";
6 0 0 15,100 "6";
7 1 0 41,48 "7";
8 2 0 31,109 "8";
9 0 1 122,143 "9";
10 0 1 15,94 "10";
11 1 0 98,129 "11";
12 0 1 79,119 "12";
13 1 0 22,108 "13";
14 2 1 108,131 "14";
15 2 1 137,140 "15";
16 1 0 46,115 "16";
17 1 1 8,79 "17";
18 1 0 105,117 "18";
19 0 1 66,140 "19";
20 1 0 101,133 "20";
21 2 1 4,126 "21";
22 2 1 14,26 "22";
23 1 0 87,141 "23";
24 0 1 78,128 "24";
25 2 0 72,129 "25";
26 1 1 72,128 "26";
27 1 0 21,57 "27";
28 0 1 54,110 "28";
29 2 0 107,129 "29";
30 2 0 117,145 "30";
31 2 1 32,90 "31";
32 2 0 69,84 "32";
33 2 0 16,71 "33";
34 1 1 22,148 "34";
35 0 1 8,107 "35";
36 1 1 50,141 "36";
37 0 0 67,113 "37";
38 0 0 90,136 "38";
39 1 0 70,72 "39";
40 1 0 47,82 "40";
41 2 0 25,102 "41";
42 0 0 55,82 "42";
43 1 1 29,102 "43";
44 2 1 56,113 "44";
45 1 0 66,70 "45";
46 2 1 55,71 "46";
47 2 1 16,96 "47";
48 0 0 17,35 "48";
49 2 0 71,122 "49";
50 1 1 13,134 "50";
51 2 0 66,147 "51";
52 0 0 21,97 "52";
53 2 0 44,128 "53";
54 0 0 123,136 "54";
55 2 1 73,129 "55";
56 1 0 2,34 "56";
57 0 0 72,84 "57";
58 1 0 61,113 "58";
59 1 0 12,14 "59";
60 2 0 44,141 "60";
61 0 0 51,57 "61";
62 1 1 59,101 "62";
63 1 1 55,107 "63";
64 0 1 139,148 "64";
65 1 1 2,100 "65";
66 0 1 54,120 "66";
67 2 0 47,86 "67";
68 0 1 60,84 "68";
69 2 1 48,70 "69";
70 0 0 11,148 "70";
71 2 0 23,148 "71";
72 0 0 14,112 "72";
73 0 1 99,118 "73";
74 0 1 101,117 "74";
75 2 1 36,140 "75";
76 1 0 48,111 "76";
77 1 1 90,95 "77";
78 2 0 97,100 "78";
79 2 1 2,107 "79";
80 2 0 38,122 "80";
81 1 0 75,149 "81";
82 0 0 108,125 "82";
83 1 1 3,145 "83";
84 1 1 142,148 "84";
85 1 1 24,127 "85";
86 0 1 28,140 "86";
87 2 1 124,144 "87";
88 2 0 68,118 "88";
89 2 1 45,137 "89";
90 0 1 122,145 "90";
91 1 0 32,50 "91";
92 0 0 14,139 "92";
93 1 1 53,130 "93";
94 0 1 108,121 "94";
95 0 0 99,135 "95";
96 2 0 71,147 "96";
97 2 0 12,100 "97";
98 0 0 103,139 "98";
99 2 1 0,42 "99";
100 0 0 88,106 "100";
101 1 0 8,94 "101";
102 2 1 72,127 "102";
103 0 0 32,88 "103";
104 0 0 7,82 "104";
105 2 1 39,114 "105";
106 1 0 50,74 "106";
107 2 1 105,138 "107";
108 1 0 110,139 "108";
109 2 1 80,123 "109";
110 2 0 81,144 "110";
111 1 0 59,96 "111";
112 0 1 95,143 "112";
113 0 0 60,85 "113";
114 0 1 0,100 "114";
115 0 1 39,113 "115";
116 1 0 25,107 "116";
117 0 1 101,134 "117";
118 1 0 79,99 "118";
119 2 0 25,141 "119";
120 1 1 72,109 "120";
121 1 1 45,99 "121";
122 0 0 64,121 "122";
123 1 1 48,142 "123";
124 0 0 24,92 "124";
125 2 0 37,141 "125";
126 2 1 104,149 "126";
127 1 1 8,24 "127";
128 1 1 0,95 "128";
129 2 0 10,91 "129";
130 2 1 1,21 "130";
131 2 0 43,110 "131";
132 2 0 45,102 "132";
133 1 0 12,96 "133";
134 0 1 94,95 "134";
135 0 0 53,143 "135";
136 0 1 63,112 "136";
137 2 0 131,144 "137";
138 0 0 7,54 "138";
139 1 0 12,121 "139";
140 0 0 36,83 "140";
141 1 0 138,144 "141";
142 2 1 24,75 "142";
143 0 0 65,85 "143";
144 0 1 33,103 "144";
145 1 1 66,117 "145";
146 1 0 32,136 "146";
147 0 1 53,71 "147";
148 2 0 20,24 "148";
149 2 0 86,119 "149";
