parity 99;
0 0 0 1,64 "0";
1 0 0 26,84 "1";
2 1 0 74,76 "2";
3 1 1 7,76 "3";
4 0 0 7,70 "4";
5 0 0 20,82 "5";
6 0 1 47,98 "6";
7 2 1 1,47 "7";
8 0 1 12,18 "8";
9 0 1 1,44 "9";
10 2 0 62,75 "10";
11 2 1 42,46 "11";
12 1 0 1,72 "12";
13 1 1 86,99 "13";
14 1 1 23,95 "14";
15 2 1 49,73 "15";
16 1 1 63,94 "16";
17 2 1 66,99 "17";
18 2 0 25,73 "18";
19 0 0 15,81 "19";
20 0 0 24,56 "20";
21 2 0 35,68 "21";
22 2 1 6,86 "22";
23 2 1 65,78 "23";
24 0 0 23,90 "24";
25 1 0 59,88 "25";
26 2 0 4,37 "26";
27 1 1 39,48 "27";
28 0 1 72,90 "28";
29 2 0 38,66 "29";
30 0 1 62,71 "30";
31 2 0 2,61 "31";
32 1 0 34,49 "32";
33 2 1 26,34 "33";
34 1 0 67,81 "34";
35 0 1 25,67 "35";
36 2 1 33,51 "36";
37 1 1 6,25 "37";
38 0 0 41,51 "38";
39 1 1 19,77 "39";
40 1 0 95,97 "40";
41 0 0 22,74 "41";
42 2 1 5,72 "42";
43 0 0 42,51 "43";
44 1 0 51,73 "44";
45 0 1 64,67 "45";
46 0 1 25,64 "46";
47 2 1 34,73 "47";
48 2 1 26,89 "48";
49 1 1 70,77 "49";
50 0 1 48,90 "50";
51 0 1 62,75 "51";
52 1 0 76,93 "52";
53 0 0 6,36 "53";
54 2 1 2,55 "54";
55 2 1 6,28 "55";
56 2 1 53,77 "56";
57 1 0 15,47 "57";
58 0 0 28,66 "58";
59 0 1 24,75 "59";
60 1 0 7,73 "60";
61 1 0 54,88 "61";
62 2 0 16,37 "62";
63 1 1 23,88 "63";
64 0 0 19,35 "64";
65 2 1 6,92 "65";
66 0 0 12,19 "66";
67 0 1 19,37 "67";
68 0 0 29,42 "68";
69 0 1 30,65 "69";
70 2 1 21,43 "70";
71 1 0 41,94 "71";
72 0 0 15,51 "72";
73 1 1 11,31 "73";
74 1 0 46,65 "74";
75 2 0 52,78 "75";
76 0 0 32,49 "76";
77 2 1 53,84 "77";
78 0 1 11,35 "78";
79 1 0 18,27 "79";
80 2 1 22,77 "80";
81 2 1 51,83 "81";
82 1 0 1,74 "82";
83 1 0 5,52 "83";
84 2 1 5,42 "84";
85 2 0 68,82 "85";
86 1 0 0,44 "86";
87 0 1 9,83 "87";
88 0 0 48,84 "88";
89 1 0 43,64 "89";
90 1 1 23,91 "90";
91 1 1 59,67 "91";
92 2 1 63,96 "92";
93 0 1 34,36 "93";
94 1 1 53,96 "94";
95 0 0 62,91 "95";
96 1 1 37,49 "96";
97 1 1 44,94 "97";
98 0 1 12,51 "98";
99 2 1 14,20 "99";
