parity 124;
0 0 1 58,108 "0";
1 0 0 30,59 "1";
2 1 0 86,123 "2";
3 2 0 18,69 "3";
4 1 1 38,100 "4";
5 1 1 26,108 "5";
6 0 1 16,105 "6";
7 0 1 44,115 "7";
8 1 0 61,67 "8";
9 1 1 4,83 "9";
10 2 1 40,95 "10";
11 2 0 90,122 "11";
12 0 1 73,85 "12";
13 2 1 41,43 "13";
14 2 1 43,89 "14";
15 2 1 11,120 "15";
16 0 1 25,66 "16";
17 2 1 63,102 "17";
18 0 1 34,40 "18";
19 0 0 28,107 "19";
20 1 0 47,108 "20";
21 0 0 65,124 "21";
22 0 1 2,75 "22";
23 2 1 11,92 "23";
24 2 1 40,62 "24";
25 1 1 45,116 "25";
26 0 0 62,98 "26";
27 0 1 44,65 "27";
28 2 1 21,64 "28";
29 1 1 0,119 "29";
30 2 1 2,111 "30";
31 1 0 25,52 "31";
32 0 1 31,122 "32";
33 2 0 77,102 "33";
34 2 1 79,117 "34";
35 1 0 39,118 "35";
36 2 0 42,62 "36";
37 0 1 60,88 "37";
38 0 0 8,56 "38";
39 1 1 26,124 "39";
40 0 1 38,67 "40";
41 2 1 37,42 "41";
42 0 1 38,53 "42";
43 0 1 57,77 "43";
44 0 1 12,86 "44";
45 2 1 79,103 "45";
46 1 1 14,60 "46";
47 1 1 82,99 "47";
48 0 0 67,86 "48";
49 2 0 6,51 "49";
50 1 1 11,37 "50";
51 1 1 11,118 "51";
52 2 0 55,102 "52";
53 2 1 41,94 "53";
54 1 1 28,124 "54";
55 2 1 94,118 "55";
56 1 1 14,52 "56";
57 2 0 29,67 "57";
58 1 1 2,35 "58";
59 0 1 2,117 "59";
60 2 1 43,119 "60";
61 2 0 4,72 "61";
62 1 1 44,95 "62";
63 0 1 23,81 "63";
64 0 0 54,94 "64";
65 2 1 75,116 "65";
66 0 0 12,98 "66";
67 0 1 9,45 "67";
68 2 1 83,123 "68";
69 0 1 55,58 "69";
70 1 1 16,55 "70";
71 2 0 92,110 "71";
72 1 1 85,101 "72";
73 1 0 38,54 "73";
74 0 1 32,79 "74";
75 2 1 95,111 "75";
76 1 1 58,92 "76";
77 0 0 12,65 "77";
78 2 0 5,57 "78";
79 1 0 71,122 "79";
80 2 0 49,50 "80";
81 1 1 25,46 "81";
82 2 0 3,35 "82";
83 1 1 71,107 "83";
84 1 1 69,112 "84";
85 2 0 102,110 "85";
86 0 1 0,120 "86";
87 0 0 12,39 "87";
88 2 1 55,59 "88";
89 1 1 64,71 "89";
90 1 0 41,68 "90";
91 1 0 58,112 "91";
92 2 0 25,115 "92";
93 2 1 41,45 "93";
94 2 0 3,58 "94";
95 2 1 10,53 "95";
96 0 0 26,27 "96";
97 0 1 53,107 "97";
98 0 1 2,83 "98";
99 0 0 103,116 "99";
100 1 0 4,55 "100";
101 1 0 1,121 "101";
102 0 0 13,95 "102";
103 2 0 7,14 "103";
104 0 0 83,85 "104";
105 0 0 77,118 "105";
106 0 0 4,25 "106";
107 2 0 55,112 "107";
108 1 0 24,81 "108";
109 2 1 15,42 "109";
110 0 1 23,31 "110";
111 0 0 2,122 "111";
112 0 0 0,60 "112";
113 1 0 28,105 "113";
114 2 1 17,48 "114";
115 1 0 1,62 "115";
116 1 1 107,121 "116";
117 2 0 26,89 "117";
118 0 0 46,112 "118";
119 1 0 51,89 "119";
120 0 0 62,116 "120";
121 0 1 84,117 "121";
122 1 1 20,117 "122";
123 1 1 36,89 "123";
124 2 0 16,18 "124";
