parity 184;
0 0 0 6,103 "0";
1 2 1 86,177 "1";
2 1 0 8,59 "2";
3 0 1 151,162 "3";
4 0 0 70,129 "4";
5 2 0 122,152 "5";
6 0 0 140,183 "6";
7 2 0 170,180 "7";
8 0 0 95,129 "8";
9 2 0 25,111 "9";
10 2 1 106,123 "10";
11 2 1 127,165 "11";
12 2 0 60,105 "12";
13 1 1 3,57 "13";
14 2 1 2,168 "14";
15 1 1 116,158 "15";
16 2 0 80,136 "16";
17 1 1 24,163 "17";
18 2 1 117,184 "18";
19 0 1 160,162 "19";
20 2 1 45,90 "20";
21 2 1 35,96 "21";
22 0 1 41,86 "22";
23 0 1 127,169 "23";
24 2 1 55,168 "24";
25 2 1 46,145 "25";
26 0 1 140,161 "26";
27 2 1 75,170 "27";
28 2 1 18,22 "28";
29 1 1 81,102 "29";
30 0 1 21,137 "30";
31 2 1 134,178 "31";
32 2 0 51,151 "32";
33 0 0 131,160 "33";
34 1 0 26,117 "34";
35 2 0 13,43 "35";
36 1 0 16,159 "36";
37 1 1 149,154 "37";
38 2 1 13,121 "38";
39 2 1 27,54 "39";
40 2 1 82,96 "40";
41 0 0 63,64 "41";
42 2 1 18,29 "42";
43 0 1 78,133 "43";
44 1 1 141,158 "44";
45 0 0 79,99 "45";
46 1 0 11,96 "46";
47 1 0 36,166 "47";
48 2 0 14,51 "48";
49 1 1 102,146 "49";
50 2 1 46,121 "50";
51 0 1 71,74 "51";
52 1 0 55,75 "52";
53 2 0 72,142 "53";
54 1 0 66,155 "54";
55 1 1 40,76 "55";
56 2 0 12,78 "56";
57 2 0 19,46 "57";
58 1 1 91,104 "58";
59 0 0 69,83 "59";
60 0 0 89,164 "60";
61 2 1 87,139 "61";
62 2 1 33,84 "62";
63 0 1 57,156 "63";
64 0 1 101,175 "64";
65 1 0 9,52 "65";
66 1 1 108,117 "66";
67 2 1 32,94 "67";
68 1 1 89,142 "68";
69 0 0 26,91 "69";
70 0 1 39,170 "70";
71 1 0 54,99 "71";
72 2 1 73,183 "72";
73 0 0 177,178 "73";
74 1 0 103,123 "74";
75 1 0 80,115 "75";
76 2 1 32,92 "76";
77 0 0 21,171 "77";
78 0 0 91,157 "78";
79 1 0 12,29 "79";
80 0 0 30,130 "80";
81 2 0 83,100 "81";
82 1 1 8,59 "82";
83 2 1 94,111 "83";
84 0 0 49,150 "84";
85 2 1 28,124 "85";
86 0 1 172,178 "86";
87 1 0 51,101 "87";
88 1 1 44,108 "88";
89 1 1 78,129 "89";
90 1 0 61,67 "90";
91 0 0 69,131 "91";
92 2 0 71,155 "92";
93 0 0 115,171 "93";
94 1 0 16,54 "94";
95 0 1 38,156 "95";
96 2 1 94,152 "96";
97 0 1 57,177 "97";
98 0 0 1,114 "98";
99 2 0 37,73 "99";
100 0 1 10,19 "100";
101 1 1 91,163 "101";
102 0 1 91,97 "102";
103 2 1 16,147 "103";
104 2 1 98,170 "104";
105 1 0 28,89 "105";
106 0 1 144,174 "106";
107 1 1 64,108 "107";
108 1 0 27,150 "108";
109 1 0 56,80 "109";
110 0 0 26,85 "110";
111 2 0 38,130 "111";
112 2 0 122,172 "112";
113 2 1 81,151 "113";
114 1 1 51,131 "114";
115 0 1 112,156 "115";
116 0 1 117,178 "116";
117 0 1 149,181 "117";
118 2 0 51,140 "118";
119 0 0 96,178 "119";
120 0 0 25,137 "120";
121 2 1 13,171 "121";
122 1 1 85,156 "122";
123 1 1 61,87 "123";
124 2 1 36,92 "124";
125 2 0 143,149 "125";
126 2 1 55,170 "126";
127 2 0 133,164 "127";
128 0 0 47,145 "128";
129 1 1 5,176 "129";
130 1 1 37,85 "130";
131 2 0 168,178 "131";
132 1 1 68,157 "132";
133 0 1 90,167 "133";
134 1 0 12,158 "134";
135 0 0 91,104 "135";
136 0 0 1,133 "136";
137 1 1 40,170 "137";
138 0 0 134,157 "138";
139 2 1 65,113 "139";
140 2 1 110,149 "140";
141 2 1 54,113 "141";
142 2 0 2,180 "142";
143 0 0 55,116 "143";
144 0 0 33,138 "144";
145 0 0 75,140 "145";
146 0 0 92,158 "146";
147 1 0 26,177 "147";
148 2 1 42,164 "148";
149 1 0 55,69 "149";
150 2 1 24,151 "150";
151 1 1 39,110 "151";
152 0 1 89,135 "152";
153 2 1 7,22 "153";
154 2 1 55,95 "154";
155 0 0 9,134 "155";
156 2 1 33,106 "156";
157 1 1 80,180 "157";
158 1 0 5,100 "158";
159 1 1 111,124 "159";
160 2 0 2,176 "160";
161 0 0 64,158 "161";
162 2 0 126,135 "162";
163 0 0 112,147 "163";
164 1 0 27,121 "164";
165 0 0 34,183 "165";
166 1 1 52,63 "166";
167 2 0 48,61 "167";
168 1 0 23,165 "168";
169 2 1 90,181 "169";
170 1 0 34,139 "170";
171 0 0 0,153 "171";
172 0 0 26,58 "172";
173 1 1 11,21 "173";
174 2 1 2,128 "174";
175 1 0 89,165 "175";
176 0 0 130,136 "176";
177 2 1 31,32 "177";
178 2 1 21,106 "178";
179 1 0 43,95 "179";
180 2 1 60,117 "180";
181 0 1 107,183 "181";
182 0 1 75,136 "182";
183 2 0 57,74 "183";
184 1 0 32,72 "184";
