parity 134;
0 1 0 88,111 "0";
1 0 1 69,129 "1";
2 2 0 96,128 "2";
3 0 1 111,128 "3";
4 2 0 110,115 "4";
5 2 0 24,43 "5";
6 1 1 46,69 "6";
7 1 1 121,126 "7";
8 2 1 16,129 "8";
9 0 1 34,100 "9";
10 0 0 1,69 "10";
11 1 0 12,134 "11";
12 2 1 33,68 "12";
13 1 1 11,124 "13";
14 0 0 8,92 "14";
15 0 0 101,103 "15";
16 0 0 2,48 "16";
17 1 0 4,80 "17";
18 2 1 47,75 "18";
19 2 1 10,53 "19";
20 2 1 16,18 "20";
21 0 1 79,103 "21";
22 0 1 7,47 "22";
23 0 1 71,77 "23";
24 0 1 11,86 "24";
25 1 0 87,122 "25";
26 2 0 49,119 "26";
27 0 1 20,82 "27";
28 1 0 113,127 "28";
29 0 0 122,125 "29";
30 1 1 21,126 "30";
31 2 0 32,46 "31";
32 2 1 12,45 "32";
33 1 0 66,99 "33";
34 2 0 60,64 "34";
35 2 1 57,103 "35";
36 1 1 7,106 "36";
37 0 1 7,57 "37";
38 1 0 117,121 "38";
39 1 1 104,123 "39";
40 1 0 48,92 "40";
41 0 0 48,106 "41";
42 1 1 38,97 "42";
43 0 0 70,79 "43";
44 2 0 75,77 "44";
45 1 0 51,79 "45";
46 2 1 14,60 "46";
47 1 1 2,19 "47";
48 0 0 17,126 "48";
49 2 0 83,86 "49";
50 0 1 3,45 "50";
51 2 1 18,41 "51";
52 2 0 86,120 "52";
53 1 0 40,61 "53";
54 2 1 91,97 "54";
55 0 1 53,99 "55";
56 2 0 81,122 "56";
57 0 0 30,127 "57";
58 0 1 129,132 "58";
59 0 0 22,105 "59";
60 1 0 39,42 "60";
61 1 1 8,102 "61";
62 1 1 15,33 "62";
63 2 1 38,43 "63";
64 1 0 10,63 "64";
65 0 0 17,119 "65";
66 2 1 85,96 "66";
67 0 1 30,76 "67";
68 2 1 7,63 "68";
69 0 1 59,63 "69";
70 1 1 7,15 "70";
71 2 1 2,85 "71";
72 2 1 40,121 "72";
73 2 1 47,63 "73";
74 1 1 27,106 "74";
75 2 1 15,95 "75";
76 1 0 25,105 "76";
77 2 1 19,98 "77";
78 2 1 36,116 "78";
79 2 1 28,55 "79";
80 0 0 0,91 "80";
81 1 1 67,102 "81";
82 0 1 28,54 "82";
83 1 0 5,8 "83";
84 1 1 32,127 "84";
85 1 1 26,53 "85";
86 0 1 15,89 "86";
87 0 1 102,121 "87";
88 1 1 86,126 "88";
89 2 0 84,123 "89";
90 2 1 86,127 "90";
91 1 0 35,119 "91";
92 1 1 81,90 "92";
93 2 0 48,55 "93";
94 1 1 35,120 "94";
95 1 0 33,77 "95";
96 0 1 18,39 "96";
97 1 1 26,53 "97";
98 1 1 75,121 "98";
99 1 1 43,73 "99";
100 0 1 27,51 "100";
101 0 1 68,121 "101";
102 2 1 34,101 "102";
103 2 0 0,131 "103";
104 1 1 61,97 "104";
105 1 0 28,116 "105";
106 1 1 53,104 "106";
107 1 0 15,115 "107";
108 0 0 51,88 "108";
109 2 1 98,126 "109";
110 1 0 35,99 "110";
111 1 0 58,81 "111";
112 1 1 38,67 "112";
113 1 0 85,117 "113";
114 0 1 51,92 "114";
115 1 1 52,97 "115";
116 1 1 30,128 "116";
117 0 0 77,98 "117";
118 1 1 9,19 "118";
119 0 0 39,81 "119";
120 0 1 26,84 "120";
121 0 1 80,133 "121";
122 1 0 6,116 "122";
123 0 0 57,133 "123";
124 0 1 18,64 "124";
125 1 0 89,133 "125";
126 2 1 90,106 "126";
127 2 1 68,101 "127";
128 2 1 10,111 "128";
129 0 0 43,81 "129";
130 2 1 30,131 "130";
131 1 1 52,67 "131";
132 1 0 10,116 "132";
133 0 0 50,107 "133";
134 1 0 63,68 "134";
