parity 159;
0 1 0 37,122 "0";
1 0 1 58,86 "1";
2 0 1 83,102 "2";
3 1 0 16,62 "3";
4 0 0 38,67 "4";
5 2 0 0,129 "5";
6 1 1 139,143 "6";
7 2 1 57,73 "7";
8 0 0 4,66 "8";
9 0 0 65,101 "9";
10 2 1 3,118 "10";
11 1 1 69,136 "11";
12 2 1 41,81 "12";
13 1 0 138,158 "13";
14 2 0 16,21 "14";
15 1 0 6,143 "15";
16 2 0 79,158 "16";
17 2 1 21,116 "17";
18 2 1 33,152 "18";
19 2 0 150,156 "19";
20 0 1 0,81 "20";
21 1 1 30,49 "21";
22 0 1 14,57 "22";
23 2 1 61,119 "23";
24 0 0 83,138 "24";
25 0 1 15,84 "25";
26 2 1 6,137 "26";
27 2 1 108,112 "27";
28 1 1 118,144 "28";
29 0 1 110,153 "29";
30 0 0 74,145 "30";
31 1 0 87,111 "31";
32 2 1 24,77 "32";
33 0 0 92,126 "33";
34 2 0 45,148 "34";
35 0 1 40,79 "35";
36 1 0 97,108 "36";
37 0 0 41,46 "37";
38 1 1 24,130 "38";
39 1 1 4,158 "39";
40 1 1 46,116 "40";
41 2 1 61,84 "41";
42 1 0 48,92 "42";
43 1 1 69,105 "43";
44 1 0 42,107 "44";
45 2 0 37,156 "45";
46 1 0 21,34 "46";
47 0 0 67,138 "47";
48 2 1 79,115 "48";
49 0 1 128,142 "49";
50 2 1 104,124 "50";
51 1 1 83,104 "51";
52 2 0 82,135 "52";
53 0 0 18,63 "53";
54 1 1 24,131 "54";
55 2 1 24,139 "55";
56 1 1 30,120 "56";
57 2 0 64,85 "57";
58 0 1 19,61 "58";
59 1 0 97,159 "59";
60 1 0 47,101 "60";
61 1 1 63,84 "61";
62 0 1 22,114 "62";
63 0 1 65,94 "63";
64 2 1 28,140 "64";
65 2 1 77,114 "65";
66 0 0 19,79 "66";
67 2 1 22,102 "67";
68 1 0 8,107 "68";
69 0 1 79,125 "69";
70 0 0 24,147 "70";
71 0 0 1,101 "71";
72 2 0 2,109 "72";
73 1 1 2,123 "73";
74 2 0 101,140 "74";
75 1 0 86,108 "75";
76 0 1 37,64 "76";
77 1 1 56,67 "77";
78 1 0 17,132 "78";
79 2 0 36,69 "79";
80 2 1 51,128 "80";
81 2 0 6,111 "81";
82 1 1 38,52 "82";
83 0 0 21,113 "83";
84 2 1 19,59 "84";
85 1 0 86,138 "85";
86 1 1 22,51 "86";
87 1 0 69,111 "87";
88 0 1 118,139 "88";
89 2 1 3,153 "89";
90 1 1 37,75 "90";
91 0 1 120,138 "91";
92 2 0 61,109 "92";
93 2 0 25,97 "93";
94 1 1 5,91 "94";
95 2 0 22,45 "95";
96 2 0 15,59 "96";
97 2 1 69,143 "97";
98 0 1 8,132 "98";
99 2 0 116,144 "99";
100 0 1 68,158 "100";
101 2 1 68,120 "101";
102 2 0 36,80 "102";
103 2 1 18,131 "103";
104 0 0 103,109 "104";
105 1 1 49,155 "105";
106 1 0 29,91 "106";
107 1 0 31,91 "107";
108 2 1 10,26 "108";
109 2 1 13,50 "109";
110 0 1 39,135 "110";
111 2 0 47,142 "111";
112 2 1 45,96 "112";
113 1 1 39,75 "113";
114 2 1 22,151 "114";
115 1 1 35,65 "115";
116 1 0 16,130 "116";
117 1 1 20,126 "117";
118 1 1 47,77 "118";
119 1 1 49,104 "119";
120 1 0 71,110 "120";
121 1 1 33,75 "121";
122 0 0 11,79 "122";
123 1 1 9,69 "123";
124 2 1 70,122 "124";
125 0 0 24,95 "125";
126 1 0 15,143 "126";
127 0 0 69,110 "127";
128 1 0 46,89 "128";
129 2 0 2,93 "129";
130 1 0 9,68 "130";
131 1 0 95,110 "131";
132 1 0 5,111 "132";
133 0 1 28,68 "133";
134 0 1 45,75 "134";
135 1 1 123,125 "135";
136 0 1 46,104 "136";
137 2 1 114,125 "137";
138 1 1 61,130 "138";
139 2 0 95,114 "139";
140 1 1 8,41 "140";
141 2 1 103,140 "141";
142 0 1 89,109 "142";
143 1 0 67,157 "143";
144 2 0 77,159 "144";
145 1 0 21,141 "145";
146 0 1 17,112 "146";
147 0 0 62,156 "147";
148 1 0 20,23 "148";
149 0 0 58,133 "149";
150 2 1 95,139 "150";
151 2 1 135,159 "151";
152 2 0 66,158 "152";
153 0 1 91,100 "153";
154 0 0 35,54 "154";
155 1 0 131,148 "155";
156 0 0 77,119 "156";
157 0 0 110,151 "157";
158 0 0 62,129 "158";
159 0 1 78,114 "159";
