parity 179;
0 2 1 51,101 "0";
1 0 1 71,142 "1";
2 0 1 58,154 "2";
3 0 1 41,102 "3";
4 0 1 166,169 "4";
5 0 0 51,62 "5";
6 2 0 14,128 "6";
7 0 0 5,10 "7";
8 2 0 54,93 "8";
9 1 0 33,78 "9";
10 1 1 72,85 "10";
11 2 1 5,102 "11";
12 1 1 76,161 "12";
13 1 1 63,73 "13";
14 2 0 13,51 "14";
15 0 1 14,165 "15";
16 1 1 107,133 "16";
17 1 0 54,138 "17";
18 1 1 90,150 "18";
19 2 0 6,126 "19";
20 1 1 3,90 "20";
21 1 0 68,99 "21";
22 0 0 129,146 "22";
23 1 0 13,135 "23";
24 1 0 33,126 "24";
25 2 0 21,121 "25";
26 1 0 74,107 "26";
27 2 0 121,150 "27";
28 0 0 19,56 "28";
29 0 0 90,104 "29";
30 2 0 20,172 "30";
31 0 0 24,63 "31";
32 2 1 24,113 "32";
33 0 0 30,100 "33";
34 1 1 31,111 "34";
35 0 0 44,72 "35";
36 1 0 4,141 "36";
37 0 0 57,109 "37";
38 0 0 69,155 "38";
39 0 0 131,151 "39";
40 0 1 125,135 "40";
41 1 1 63,177 "41";
42 1 1 28,38 "42";
43 2 1 54,77 "43";
44 2 1 89,159 "44";
45 2 0 25,63 "45";
46 1 1 156,169 "46";
47 2 0 59,176 "47";
48 2 0 15,78 "48";
49 1 1 69,152 "49";
50 1 0 34,130 "50";
51 0 0 81,168 "51";
52 1 0 100,141 "52";
53 0 1 125,179 "53";
54 1 0 112,131 "54";
55 1 1 78,158 "55";
56 0 0 31,97 "56";
57 0 1 78,83 "57";
58 2 1 94,159 "58";
59 1 0 100,116 "59";
60 0 0 59,85 "60";
61 2 0 27,111 "61";
62 2 1 112,130 "62";
63 2 1 42,165 "63";
64 2 0 39,159 "64";
65 1 0 71,152 "65";
66 0 0 4,38 "66";
67 2 1 92,128 "67";
68 1 0 27,117 "68";
69 0 1 45,65 "69";
70 1 1 68,95 "70";
71 0 0 76,99 "71";
72 0 1 132,168 "72";
73 2 1 95,126 "73";
74 2 0 143,159 "74";
75 1 0 6,60 "75";
76 2 1 39,142 "76";
77 2 1 56,149 "77";
78 1 0 36,38 "78";
79 2 0 43,143 "79";
80 1 0 36,130 "80";
81 0 1 149,154 "81";
82 2 0 81,116 "82";
83 1 1 101,175 "83";
84 2 1 28,163 "84";
85 2 1 50,122 "85";
86 2 0 143,172 "86";
87 2 1 60,112 "87";
88 1 1 90,139 "88";
89 1 0 31,75 "89";
90 2 1 116,173 "90";
91 0 0 0,32 "91";
92 1 1 119,146 "92";
93 1 0 116,176 "93";
94 1 0 112,142 "94";
95 0 0 65,159 "95";
96 0 0 57,156 "96";
97 1 0 40,175 "97";
98 2 1 65,152 "98";
99 2 1 161,176 "99";
100 1 1 1,173 "100";
101 0 0 11,59 "101";
102 0 1 29,77 "102";
103 0 0 6,50 "103";
104 1 0 162,170 "104";
105 1 0 93,151 "105";
106 2 1 80,138 "106";
107 1 0 146,170 "107";
108 1 0 9,126 "108";
109 0 1 21,26 "109";
110 1 0 86,144 "110";
111 1 0 15,65 "111";
112 2 0 117,159 "112";
113 0 1 32,44 "113";
114 2 0 43,117 "114";
115 1 1 8,126 "115";
116 1 0 4,159 "116";
117 2 1 60,96 "117";
118 1 0 69,146 "118";
119 0 1 38,79 "119";
120 1 0 12,166 "120";
121 0 0 32,132 "121";
122 2 1 68,132 "122";
123 2 1 97,178 "123";
124 1 0 9,17 "124";
125 0 0 75,141 "125";
126 0 1 103,121 "126";
127 1 0 31,143 "127";
128 1 1 118,149 "128";
129 0 0 167,179 "129";
130 2 0 94,161 "130";
131 0 1 0,126 "131";
132 0 0 53,58 "132";
133 0 0 131,152 "133";
134 2 0 116,131 "134";
135 1 0 43,109 "135";
136 0 0 56,164 "136";
137 2 0 120,165 "137";
138 2 1 27,85 "138";
139 2 0 119,174 "139";
140 2 0 44,119 "140";
141 2 0 27,60 "141";
142 1 1 36,110 "142";
143 0 0 42,167 "143";
144 0 0 113,160 "144";
145 1 1 32,108 "145";
146 1 0 152,154 "146";
147 1 1 5,84 "147";
148 2 1 78,127 "148";
149 2 1 71,174 "149";
150 2 0 3,156 "150";
151 2 0 147,157 "151";
152 2 0 32,63 "152";
153 2 0 80,115 "153";
154 1 0 90,97 "154";
155 2 1 74,175 "155";
156 2 1 4,136 "156";
157 1 1 35,52 "157";
158 2 1 48,169 "158";
159 2 1 86,160 "159";
160 0 1 4,90 "160";
161 1 0 60,72 "161";
162 1 1 73,117 "162";
163 0 1 156,169 "163";
164 0 1 33,163 "164";
165 0 0 72,99 "165";
166 1 0 78,110 "166";
167 0 0 17,107 "167";
168 0 0 110,169 "168";
169 0 0 61,146 "169";
170 1 1 113,114 "170";
171 0 1 15,84 "171";
172 0 0 2,108 "172";
173 0 0 1,124 "173";
174 1 0 72,100 "174";
175 0 0 28,46 "175";
176 0 1 66,134 "176";
177 2 1 15,67 "177";
178 2 0 46,157 "178";
179 1 1 112,148 "179";
