parity 194;
0 2 0 34,167 "0";
1 1 1 22,26 "1";
2 0 0 25,162 "2";
3 1 0 20,150 "3";
4 2 0 56,85 "4";
5 2 0 33,53 "5";
6 0 0 146,193 "6";
7 0 1 30,185 "7";
8 1 0 57,168 "8";
9 1 0 99,118 "9";
10 2 1 136,145 "10";
11 0 0 58,187 "11";
12 1 0 20,128 "12";
13 0 1 54,183 "13";
14 1 1 8,123 "14";
15 2 1 6,132 "15";
16 0 0 140,177 "16";
17 2 1 81,139 "17";
18 0 1 54,118 "18";
19 0 0 17,138 "19";
20 1 0 23,108 "20";
21 0 1 73,164 "21";
22 2 1 3,161 "22";
23 2 0 55,74 "23";
24 2 0 80,186 "24";
25 1 1 38,146 "25";
26 0 0 1,35 "26";
27 2 0 30,146 "27";
28 2 1 40,78 "28";
29 2 1 171,173 "29";
30 0 1 8,175 "30";
31 0 1 58,65 "31";
32 0 0 24,107 "32";
33 2 1 32,182 "33";
34 0 1 85,182 "34";
35 2 1 30,156 "35";
36 0 1 63,185 "36";
37 1 0 65,155 "37";
38 1 1 142,161 "38";
39 2 0 49,65 "39";
40 0 1 131,177 "40";
41 1 1 136,167 "41";
42 2 0 22,94 "42";
43 1 1 38,40 "43";
44 1 1 192,194 "44";
45 0 1 103,134 "45";
46 0 0 12,41 "46";
47 1 0 146,157 "47";
48 1 0 60,100 "48";
49 2 1 109,155 "49";
50 2 1 35,44 "50";
51 2 0 39,107 "51";
52 0 0 9,177 "52";
53 0 0 44,119 "53";
54 2 1 82,111 "54";
55 0 1 39,81 "55";
56 2 1 176,191 "56";
57 0 1 118,145 "57";
58 1 1 64,139 "58";
59 1 0 0,151 "59";
60 2 0 41,151 "60";
61 0 1 31,48 "61";
62 1 1 35,67 "62";
63 2 0 17,127 "63";
64 2 1 108,191 "64";
65 0 0 42,111 "65";
66 0 1 35,169 "66";
67 2 0 162,181 "67";
68 1 0 143,157 "68";
69 2 0 63,156 "69";
70 0 1 124,147 "70";
71 1 1 56,98 "71";
72 0 0 94,189 "72";
73 0 1 165,171 "73";
74 0 0 21,76 "74";
75 0 1 2,172 "75";
76 2 0 12,106 "76";
77 1 1 132,180 "77";
78 0 1 56,81 "78";
79 2 1 45,128 "79";
80 0 1 31,177 "80";
81 2 0 26,122 "81";
82 2 0 161,187 "82";
83 2 1 34,147 "83";
84 1 1 32,110 "84";
85 1 1 60,94 "85";
86 2 1 171,176 "86";
87 1 0 11,14 "87";
88 2 0 97,160 "88";
89 1 0 86,187 "89";
90 2 0 41,82 "90";
91 1 0 15,110 "91";
92 0 1 70,81 "92";
93 1 1 147,176 "93";
94 1 0 87,112 "94";
95 2 1 24,109 "95";
96 0 0 9,175 "96";
97 2 0 31,90 "97";
98 1 0 64,103 "98";
99 2 0 74,78 "99";
100 2 0 10,148 "100";
101 1 0 122,188 "101";
102 0 0 24,182 "102";
103 0 1 101,131 "103";
104 0 1 28,55 "104";
105 1 0 140,159 "105";
106 1 1 7,107 "106";
107 2 0 11,141 "107";
108 0 0 33,50 "108";
109 1 0 123,168 "109";
110 2 1 78,126 "110";
111 2 0 92,161 "111";
112 2 1 6,174 "112";
113 2 1 8,177 "113";
114 1 1 76,136 "114";
115 1 1 31,151 "115";
116 1 0 7,89 "116";
117 2 0 144,168 "117";
118 1 0 27,92 "118";
119 0 0 31,130 "119";
120 0 0 49,52 "120";
121 1 1 82,183 "121";
122 0 1 72,139 "122";
123 1 1 150,191 "123";
124 1 1 8,154 "124";
125 2 0 24,70 "125";
126 2 1 7,91 "126";
127 1 1 49,144 "127";
128 1 0 83,145 "128";
129 0 1 60,100 "129";
130 1 0 152,158 "130";
131 0 0 46,146 "131";
132 1 0 95,174 "132";
133 1 0 21,51 "133";
134 2 1 72,142 "134";
135 2 1 107,142 "135";
136 1 1 0,61 "136";
137 2 1 37,125 "137";
138 0 0 117,148 "138";
139 2 0 106,135 "139";
140 0 0 86,175 "140";
141 1 0 79,104 "141";
142 1 0 51,107 "142";
143 1 1 81,184 "143";
144 0 1 35,141 "144";
145 0 0 143,181 "145";
146 2 0 0,167 "146";
147 2 1 65,80 "147";
148 2 1 46,177 "148";
149 2 0 155,173 "149";
150 0 0 141,189 "150";
151 2 0 123,133 "151";
152 0 1 48,78 "152";
153 1 1 57,173 "153";
154 1 1 1,9 "154";
155 0 0 26,102 "155";
156 1 1 3,175 "156";
157 1 0 97,133 "157";
158 0 0 26,130 "158";
159 1 1 39,172 "159";
160 1 1 173,190 "160";
161 2 1 41,169 "161";
162 2 0 7,100 "162";
163 2 1 118,182 "163";
164 2 1 140,172 "164";
165 0 0 110,152 "165";
166 1 0 69,174 "166";
167 1 0 184,189 "167";
168 1 1 69,113 "168";
169 1 1 89,98 "169";
170 0 1 8,153 "170";
171 2 0 89,105 "171";
172 2 1 12,147 "172";
173 2 1 62,128 "173";
174 2 0 42,161 "174";
175 1 0 60,75 "175";
176 0 1 126,160 "176";
177 2 1 118,147 "177";
178 1 1 6,133 "178";
179 0 0 46,169 "179";
180 1 0 131,148 "180";
181 2 1 131,187 "181";
182 2 1 22,30 "182";
183 0 0 44,188 "183";
184 0 1 90,168 "184";
185 1 1 95,136 "185";
186 0 0 28,104 "186";
187 1 1 70,87 "187";
188 2 0 152,176 "188";
189 2 0 48,166 "189";
190 0 0 80,110 "190";
191 2 1 33,88 "191";
192 2 0 58,69 "192";
193 1 1 36,82 "193";
194 0 1 132,170 "194";
