parity 184;
0 2 1 41,44 "0";
1 2 1 28,137 "1";
2 0 1 50,55 "2";
3 1 0 21,79 "3";
4 1 0 51,102 "4";
5 0 1 19,132 "5";
6 1 1 9,31 "6";
7 1 1 23,55 "7";
8 2 1 11,81 "8";
9 2 1 60,90 "9";
10 1 1 37,150 "10";
11 1 0 25,174 "11";
12 0 1 51,120 "12";
13 2 1 102,135 "13";
14 2 0 53,94 "14";
15 0 1 48,140 "15";
16 1 0 51,118 "16";
17 1 0 15,96 "17";
18 1 1 142,167 "18";
19 1 0 60,134 "19";
20 0 1 150,175 "20";
21 0 1 38,76 "21";
22 0 0 40,110 "22";
23 0 1 12,17 "23";
24 2 0 2,155 "24";
25 0 1 104,136 "25";
26 0 0 77,168 "26";
27 1 1 22,155 "27";
28 1 0 19,47 "28";
29 2 1 21,183 "29";
30 2 0 43,63 "30";
31 0 1 125,179 "31";
32 0 1 46,152 "32";
33 2 1 112,125 "33";
34 1 1 58,143 "34";
35 2 0 66,176 "35";
36 1 1 146,167 "36";
37 2 1 40,163 "37";
38 1 0 78,178 "38";
39 1 0 49,132 "39";
40 0 1 18,153 "40";
41 0 1 5,72 "41";
42 2 1 152,170 "42";
43 1 1 129,137 "43";
44 0 1 35,180 "44";
45 2 1 99,107 "45";
46 1 0 3,22 "46";
47 1 1 29,33 "47";
48 1 0 7,47 "48";
49 1 1 1,30 "49";
50 0 1 44,58 "50";
51 1 0 29,180 "51";
52 1 1 8,152 "52";
53 1 1 77,130 "53";
54 2 0 136,176 "54";
55 0 0 127,181 "55";
56 1 0 40,114 "56";
57 0 0 45,114 "57";
58 1 0 62,163 "58";
59 1 1 82,137 "59";
60 1 1 16,44 "60";
61 0 0 67,172 "61";
62 1 1 45,109 "62";
63 2 1 116,174 "63";
64 0 0 54,179 "64";
65 0 1 15,136 "65";
66 1 0 75,150 "66";
67 1 1 87,108 "67";
68 2 0 121,159 "68";
69 2 1 113,137 "69";
70 1 0 111,131 "70";
71 0 1 58,93 "71";
72 1 1 105,137 "72";
73 2 0 47,74 "73";
74 1 0 52,56 "74";
75 1 1 6,106 "75";
76 1 0 61,108 "76";
77 2 1 56,167 "77";
78 0 0 2,91 "78";
79 2 0 21,31 "79";
80 1 0 133,169 "80";
81 2 0 20,114 "81";
82 1 0 43,86 "82";
83 2 0 8,141 "83";
84 0 1 21,75 "84";
85 0 1 3,83 "85";
86 2 1 17,135 "86";
87 1 0 144,178 "87";
88 0 1 104,130 "88";
89 0 0 45,140 "89";
90 1 1 12,43 "90";
91 2 1 49,108 "91";
92 2 1 46,126 "92";
93 0 0 72,100 "93";
94 0 0 129,175 "94";
95 2 0 20,30 "95";
96 1 0 102,158 "96";
97 0 1 2,10 "97";
98 2 0 68,126 "98";
99 0 0 17,49 "99";
100 0 0 49,53 "100";
101 2 1 125,127 "101";
102 2 1 151,175 "102";
103 2 1 12,88 "103";
104 2 0 32,102 "104";
105 0 1 38,138 "105";
106 2 0 88,142 "106";
107 2 0 46,162 "107";
108 1 1 162,177 "108";
109 2 1 50,157 "109";
110 1 0 95,113 "110";
111 1 1 39,68 "111";
112 1 1 29,82 "112";
113 1 0 13,91 "113";
114 1 0 25,175 "114";
115 2 1 107,153 "115";
116 2 1 12,95 "116";
117 1 0 89,181 "117";
118 0 1 58,125 "118";
119 2 1 82,91 "119";
120 0 0 80,182 "120";
121 1 0 35,59 "121";
122 2 1 40,108 "122";
123 1 0 88,182 "123";
124 0 1 15,60 "124";
125 1 0 39,81 "125";
126 2 0 12,49 "126";
127 2 0 83,134 "127";
128 2 0 145,167 "128";
129 2 0 25,171 "129";
130 1 1 8,21 "130";
131 1 0 36,178 "131";
132 0 1 94,110 "132";
133 2 0 123,127 "133";
134 1 0 81,143 "134";
135 0 0 1,28 "135";
136 1 0 71,152 "136";
137 1 0 103,106 "137";
138 1 0 105,140 "138";
139 2 0 108,180 "139";
140 0 0 51,107 "140";
141 0 1 80,110 "141";
142 1 1 116,171 "142";
143 1 1 31,175 "143";
144 0 0 78,174 "144";
145 1 0 15,117 "145";
146 2 1 38,53 "146";
147 0 1 41,110 "147";
148 0 0 6,37 "148";
149 0 0 2,96 "149";
150 2 1 140,161 "150";
151 1 0 101,173 "151";
152 1 1 54,148 "152";
153 2 1 23,28 "153";
154 0 1 48,100 "154";
155 1 0 96,143 "155";
156 0 0 34,106 "156";
157 0 0 40,122 "157";
158 1 0 54,165 "158";
159 0 1 28,60 "159";
160 2 0 143,155 "160";
161 1 0 5,73 "161";
162 2 1 23,61 "162";
163 0 0 147,150 "163";
164 1 0 69,82 "164";
165 2 1 127,128 "165";
166 0 0 103,114 "166";
167 2 1 2,40 "167";
168 2 1 94,163 "168";
169 1 0 8,114 "169";
170 0 0 7,134 "170";
171 2 1 27,150 "171";
172 1 1 54,162 "172";
173 2 1 79,88 "173";
174 0 1 6,59 "174";
175 1 0 11,99 "175";
176 0 0 4,140 "176";
177 1 0 140,184 "177";
178 1 0 17,161 "178";
179 0 0 57,59 "179";
180 1 0 14,116 "180";
181 2 1 105,135 "181";
182 0 1 9,154 "182";
183 2 0 2,54 "183";
184 2 0 37,65 "184";
