parity 144;
0 0 0 22,116 "0";
1 0 1 20,88 "1";
2 2 0 18,24 "2";
3 2 0 110,130 "3";
4 2 0 16,72 "4";
5 0 0 14,121 "5";
6 2 0 9,49 "6";
7 2 1 65,143 "7";
8 2 0 22,67 "8";
9 0 1 82,139 "9";
10 1 0 100,101 "10";
11 0 1 0,80 "11";
12 2 0 83,118 "12";
13 1 1 16,87 "13";
14 0 0 6,97 "14";
15 2 0 39,98 "15";
16 1 1 94,114 "16";
17 2 1 48,73 "17";
18 1 1 26,62 "18";
19 0 0 7,64 "19";
20 0 0 37,91 "20";
21 0 0 56,127 "21";
22 0 0 16,138 "22";
23 2 1 10,126 "23";
24 2 1 70,77 "24";
25 0 0 55,58 "25";
26 2 0 59,134 "26";
27 0 1 24,33 "27";
28 2 1 22,42 "28";
29 0 1 6,124 "29";
30 0 1 65,118 "30";
31 2 0 116,133 "31";
32 0 1 5,42 "32";
33 2 1 48,85 "33";
34 1 1 20,28 "34";
35 0 0 43,57 "35";
36 0 0 29,78 "36";
37 2 1 7,106 "37";
38 2 0 11,30 "38";
39 1 0 105,113 "39";
40 2 1 21,51 "40";
41 2 0 120,129 "41";
42 0 0 65,129 "42";
43 1 1 48,99 "43";
44 1 1 14,48 "44";
45 2 0 5,114 "45";
46 1 0 92,144 "46";
47 0 1 1,18 "47";
48 2 0 59,90 "48";
49 1 1 7,116 "49";
50 0 1 69,115 "50";
51 0 1 26,102 "51";
52 0 0 51,108 "52";
53 0 0 65,83 "53";
54 0 1 8,107 "54";
55 1 1 41,61 "55";
56 2 1 25,109 "56";
57 2 1 4,49 "57";
58 1 0 30,53 "58";
59 0 1 107,142 "59";
60 2 1 59,112 "60";
61 1 1 29,101 "61";
62 1 1 91,123 "62";
63 0 1 4,100 "63";
64 2 0 17,101 "64";
65 1 0 44,57 "65";
66 1 0 26,90 "66";
67 2 0 125,126 "67";
68 1 0 65,128 "68";
69 2 0 28,57 "69";
70 0 1 3,15 "70";
71 1 0 0,12 "71";
72 1 1 43,111 "72";
73 1 1 17,92 "73";
74 0 1 8,87 "74";
75 2 1 47,129 "75";
76 1 1 59,73 "76";
77 0 1 89,93 "77";
78 0 1 59,80 "78";
79 1 1 0,9 "79";
80 1 1 97,131 "80";
81 2 1 43,62 "81";
82 1 0 71,130 "82";
83 2 0 38,136 "83";
84 1 1 6,56 "84";
85 0 1 16,51 "85";
86 2 0 65,81 "86";
87 1 0 80,92 "87";
88 1 0 61,101 "88";
89 2 0 26,106 "89";
90 2 0 55,134 "90";
91 0 1 24,135 "91";
92 1 1 84,116 "92";
93 2 0 9,141 "93";
94 2 0 13,79 "94";
95 1 1 20,83 "95";
96 0 1 83,138 "96";
97 0 0 37,59 "97";
98 2 0 3,32 "98";
99 0 0 58,71 "99";
100 2 1 118,125 "100";
101 1 0 68,139 "101";
102 1 0 103,109 "102";
103 0 1 8,39 "103";
104 1 1 79,144 "104";
105 1 1 28,138 "105";
106 2 0 25,133 "106";
107 2 1 46,62 "107";
108 1 1 5,88 "108";
109 0 0 56,70 "109";
110 1 0 6,125 "110";
111 0 1 51,135 "111";
112 0 0 19,123 "112";
113 1 0 10,40 "113";
114 1 1 64,84 "114";
115 2 1 43,103 "115";
116 1 0 77,105 "116";
117 2 0 39,81 "117";
118 2 1 27,48 "118";
119 0 0 32,84 "119";
120 1 1 45,123 "120";
121 1 1 1,97 "121";
122 0 1 34,68 "122";
123 2 0 19,88 "123";
124 1 1 26,46 "124";
125 1 1 11,117 "125";
126 0 0 76,99 "126";
127 2 0 93,107 "127";
128 2 0 73,131 "128";
129 0 1 46,51 "129";
130 1 1 41,59 "130";
131 0 1 50,95 "131";
132 1 0 32,40 "132";
133 2 0 18,136 "133";
134 1 0 36,74 "134";
135 0 0 20,84 "135";
136 1 0 40,44 "136";
137 2 0 106,127 "137";
138 1 1 59,126 "138";
139 2 1 18,53 "139";
140 0 1 50,71 "140";
141 2 1 78,82 "141";
142 2 0 23,138 "142";
143 2 0 2,12 "143";
144 0 1 4,78 "144";
