parity 139;
0 2 0 91,92 "0";
1 1 1 4,110 "1";
2 1 0 44,73 "2";
3 2 0 99,126 "3";
4 2 0 27,110 "4";
5 0 1 17,84 "5";
6 0 1 34,107 "6";
7 0 0 14,127 "7";
8 1 1 74,79 "8";
9 2 1 35,124 "9";
10 2 0 75,128 "10";
11 0 0 53,128 "11";
12 2 0 86,97 "12";
13 0 1 59,64 "13";
14 0 1 54,60 "14";
15 1 0 113,121 "15";
16 2 1 32,92 "16";
17 1 1 86,92 "17";
18 1 1 44,100 "18";
19 1 1 1,33 "19";
20 1 0 86,94 "20";
21 1 0 34,77 "21";
22 2 0 40,72 "22";
23 2 1 38,49 "23";
24 0 1 103,123 "24";
25 1 0 85,113 "25";
26 1 0 76,81 "26";
27 1 0 82,125 "27";
28 1 0 17,77 "28";
29 2 0 10,137 "29";
30 2 0 116,125 "30";
31 0 0 21,87 "31";
32 1 1 11,34 "32";
33 2 1 7,122 "33";
34 1 0 123,127 "34";
35 0 0 13,64 "35";
36 2 1 32,83 "36";
37 1 1 44,102 "37";
38 1 0 16,113 "38";
39 0 0 10,25 "39";
40 2 0 4,84 "40";
41 0 1 37,69 "41";
42 2 1 7,119 "42";
43 2 1 62,77 "43";
44 0 1 114,123 "44";
45 0 0 14,59 "45";
46 0 0 116,134 "46";
47 2 0 82,120 "47";
48 2 0 122,129 "48";
49 1 1 78,111 "49";
50 0 1 27,109 "50";
51 0 0 82,100 "51";
52 1 0 26,63 "52";
53 1 1 39,82 "53";
54 0 0 59,83 "54";
55 1 0 5,106 "55";
56 0 1 0,4 "56";
57 2 1 22,77 "57";
58 2 1 26,49 "58";
59 1 0 48,97 "59";
60 2 1 36,41 "60";
61 0 1 32,129 "61";
62 2 1 37,103 "62";
63 1 1 13,105 "63";
64 1 1 19,130 "64";
65 0 0 35,54 "65";
66 2 0 2,129 "66";
67 1 1 2,132 "67";
68 1 0 90,114 "68";
69 1 0 59,74 "69";
70 1 0 67,123 "70";
71 0 0 94,108 "71";
72 1 1 21,48 "72";
73 2 1 5,105 "73";
74 1 1 75,86 "74";
75 1 0 83,114 "75";
76 0 1 20,39 "76";
77 1 1 91,130 "77";
78 1 0 13,60 "78";
79 0 1 38,139 "79";
80 1 0 5,43 "80";
81 1 0 41,43 "81";
82 1 0 117,135 "82";
83 1 1 109,133 "83";
84 2 0 38,118 "84";
85 1 0 113,131 "85";
86 0 1 6,24 "86";
87 2 0 8,81 "87";
88 1 0 14,108 "88";
89 0 1 29,34 "89";
90 2 1 37,84 "90";
91 2 0 16,86 "91";
92 1 0 84,88 "92";
93 0 0 23,74 "93";
94 2 1 27,138 "94";
95 0 1 31,82 "95";
96 0 1 13,78 "96";
97 0 1 91,130 "97";
98 0 0 8,50 "98";
99 0 1 61,74 "99";
100 0 0 26,28 "100";
101 1 0 0,43 "101";
102 1 1 29,63 "102";
103 0 1 72,75 "103";
104 2 1 43,52 "104";
105 0 0 100,122 "105";
106 1 0 42,58 "106";
107 2 1 1,31 "107";
108 0 0 35,49 "108";
109 1 0 3,108 "109";
110 1 0 41,105 "110";
111 0 0 9,41 "111";
112 0 1 42,131 "112";
113 2 0 79,120 "113";
114 0 0 58,124 "114";
115 2 0 40,90 "115";
116 2 0 43,66 "116";
117 1 1 11,119 "117";
118 1 1 12,84 "118";
119 2 1 15,42 "119";
120 1 0 61,70 "120";
121 0 0 65,76 "121";
122 1 1 18,75 "122";
123 1 0 53,76 "123";
124 0 0 44,125 "124";
125 0 1 35,46 "125";
126 1 1 58,110 "126";
127 1 1 45,109 "127";
128 0 1 17,55 "128";
129 2 0 8,88 "129";
130 0 1 20,133 "130";
131 2 1 89,97 "131";
132 2 1 15,116 "132";
133 1 1 1,57 "133";
134 0 1 126,128 "134";
135 2 1 72,132 "135";
136 2 1 42,59 "136";
137 2 1 75,81 "137";
138 1 0 75,106 "138";
139 0 0 73,104 "139";
