parity 194;
0 0 0 37,146 "0";
1 2 1 116,123 "1";
2 2 1 71,137 "2";
3 2 0 70,109 "3";
4 0 1 8,50 "4";
5 2 0 143,191 "5";
6 0 1 77,132 "6";
7 2 0 58,96 "7";
8 1 0 25,77 "8";
9 0 0 51,56 "9";
10 0 0 110,141 "10";
11 0 0 79,180 "11";
12 1 0 32,78 "12";
13 0 0 128,180 "13";
14 0 1 71,133 "14";
15 2 1 72,77 "15";
16 1 1 79,150 "16";
17 0 1 117,129 "17";
18 0 1 19,145 "18";
19 2 0 11,62 "19";
20 0 1 91,95 "20";
21 1 1 17,18 "21";
22 2 1 107,139 "22";
23 0 1 44,149 "23";
24 2 1 15,120 "24";
25 2 1 89,144 "25";
26 1 1 23,140 "26";
27 1 1 96,134 "27";
28 1 0 45,154 "28";
29 1 1 90,188 "29";
30 2 1 35,50 "30";
31 1 1 13,183 "31";
32 2 0 13,75 "32";
33 2 0 18,120 "33";
34 1 0 107,110 "34";
35 0 0 14,40 "35";
36 1 0 129,151 "36";
37 2 1 152,186 "37";
38 2 0 110,170 "38";
39 1 0 51,164 "39";
40 1 0 75,169 "40";
41 1 0 60,177 "41";
42 0 1 19,91 "42";
43 2 1 44,172 "43";
44 1 1 126,129 "44";
45 0 1 129,131 "45";
46 2 1 51,156 "46";
47 1 1 109,133 "47";
48 1 1 112,172 "48";
49 2 1 19,186 "49";
50 0 1 95,183 "50";
51 2 0 9,181 "51";
52 0 0 110,115 "52";
53 2 1 4,184 "53";
54 1 1 45,90 "54";
55 0 0 36,148 "55";
56 1 1 29,92 "56";
57 0 1 115,142 "57";
58 2 1 51,105 "58";
59 0 1 132,134 "59";
60 2 1 36,177 "60";
61 0 0 15,105 "61";
62 1 0 38,66 "62";
63 0 0 27,31 "63";
64 2 0 81,134 "64";
65 1 0 187,194 "65";
66 2 1 102,122 "66";
67 1 0 106,187 "67";
68 1 1 23,179 "68";
69 0 1 79,124 "69";
70 1 1 36,73 "70";
71 2 1 2,53 "71";
72 2 1 30,38 "72";
73 1 1 3,126 "73";
74 0 0 26,89 "74";
75 0 1 9,93 "75";
76 2 0 7,9 "76";
77 0 1 92,128 "77";
78 2 0 95,117 "78";
79 2 1 109,158 "79";
80 1 1 155,167 "80";
81 0 0 126,164 "81";
82 2 0 64,177 "82";
83 2 1 65,96 "83";
84 0 1 70,162 "84";
85 2 0 59,157 "85";
86 2 1 107,138 "86";
87 0 0 134,162 "87";
88 1 1 83,192 "88";
89 2 0 48,182 "89";
90 0 1 61,76 "90";
91 1 1 4,183 "91";
92 1 0 48,113 "92";
93 0 1 3,144 "93";
94 2 0 108,152 "94";
95 2 1 44,92 "95";
96 0 0 23,126 "96";
97 1 0 92,99 "97";
98 0 0 24,35 "98";
99 2 1 0,173 "99";
100 2 1 67,188 "100";
101 0 0 97,121 "101";
102 0 0 101,147 "102";
103 1 1 15,115 "103";
104 0 0 150,157 "104";
105 0 1 129,145 "105";
106 2 0 84,171 "106";
107 2 0 5,94 "107";
108 0 0 49,141 "108";
109 0 1 39,81 "109";
110 2 1 119,130 "110";
111 2 1 92,185 "111";
112 1 0 68,121 "112";
113 2 0 66,107 "113";
114 2 0 32,152 "114";
115 2 1 9,83 "115";
116 0 0 26,159 "116";
117 0 0 150,179 "117";
118 2 0 7,20 "118";
119 1 0 47,89 "119";
120 1 1 68,164 "120";
121 2 0 124,185 "121";
122 1 0 26,149 "122";
123 2 0 52,92 "123";
124 2 1 86,190 "124";
125 1 1 52,126 "125";
126 2 1 17,51 "126";
127 0 0 41,123 "127";
128 0 0 43,177 "128";
129 0 0 110,118 "129";
130 1 1 56,104 "130";
131 2 0 18,94 "131";
132 0 0 7,39 "132";
133 1 0 50,163 "133";
134 1 1 43,69 "134";
135 1 1 10,167 "135";
136 1 0 2,157 "136";
137 1 0 68,96 "137";
138 2 1 98,134 "138";
139 1 0 32,107 "139";
140 2 1 126,139 "140";
141 1 1 28,96 "141";
142 0 1 68,127 "142";
143 2 0 102,149 "143";
144 0 1 66,150 "144";
145 1 0 113,149 "145";
146 2 1 54,122 "146";
147 0 1 54,58 "147";
148 0 1 63,169 "148";
149 1 0 26,88 "149";
150 1 1 179,182 "150";
151 1 0 46,117 "151";
152 1 1 45,56 "152";
153 1 0 76,96 "153";
154 0 0 45,139 "154";
155 2 0 92,141 "155";
156 0 1 132,175 "156";
157 2 0 17,59 "157";
158 0 0 102,188 "158";
159 2 0 50,96 "159";
160 2 1 31,106 "160";
161 0 0 87,101 "161";
162 0 0 138,194 "162";
163 1 1 113,136 "163";
164 0 0 78,89 "164";
165 0 0 40,60 "165";
166 1 0 67,97 "166";
167 0 1 55,194 "167";
168 0 1 69,156 "168";
169 2 0 17,179 "169";
170 0 0 128,154 "170";
171 1 0 54,165 "171";
172 2 1 167,191 "172";
173 0 1 54,154 "173";
174 1 0 1,156 "174";
175 2 0 55,73 "175";
176 0 0 122,167 "176";
177 2 1 25,124 "177";
178 2 1 14,162 "178";
179 0 0 88,118 "179";
180 2 1 18,65 "180";
181 0 0 84,185 "181";
182 2 1 53,67 "182";
183 0 0 4,166 "183";
184 2 0 25,69 "184";
185 2 0 17,53 "185";
186 1 1 109,170 "186";
187 1 1 57,167 "187";
188 2 0 142,150 "188";
189 0 0 65,166 "189";
190 2 0 79,114 "190";
191 1 1 35,93 "191";
192 1 1 120,160 "192";
193 2 0 39,142 "193";
194 1 0 61,115 "194";
