parity 119;
0 0 1 60,86 "0";
1 0 0 3,70 "1";
2 2 0 36,102 "2";
3 2 1 89,103 "3";
4 2 1 32,78 "4";
5 0 1 93,116 "5";
6 1 1 20,22 "6";
7 2 1 45,82 "7";
8 0 0 1,35 "8";
9 2 0 20,30 "9";
10 0 1 8,56 "10";
11 2 1 12,82 "11";
12 1 1 23,72 "12";
13 2 0 4,30 "13";
14 2 0 5,91 "14";
15 0 0 105,118 "15";
16 1 1 5,102 "16";
17 0 1 33,98 "17";
18 1 1 3,34 "18";
19 1 0 5,87 "19";
20 0 1 100,110 "20";
21 2 1 53,72 "21";
22 0 1 23,89 "22";
23 1 1 0,53 "23";
24 0 0 32,118 "24";
25 0 1 67,92 "25";
26 1 0 70,89 "26";
27 2 1 53,56 "27";
28 1 0 55,107 "28";
29 1 1 86,110 "29";
30 1 1 5,9 "30";
31 1 1 57,108 "31";
32 0 0 5,66 "32";
33 0 1 16,22 "33";
34 2 1 86,107 "34";
35 1 1 23,78 "35";
36 0 0 11,102 "36";
37 2 0 15,79 "37";
38 0 0 0,59 "38";
39 1 1 73,80 "39";
40 1 0 53,56 "40";
41 2 0 48,83 "41";
42 1 1 70,80 "42";
43 1 1 20,74 "43";
44 2 1 49,82 "44";
45 2 1 68,118 "45";
46 1 1 78,119 "46";
47 2 1 31,110 "47";
48 0 1 37,73 "48";
49 2 0 73,101 "49";
50 1 1 4,25 "50";
51 1 1 53,97 "51";
52 0 1 25,82 "52";
53 1 0 60,104 "53";
54 0 0 27,95 "54";
55 1 1 57,63 "55";
56 0 1 30,93 "56";
57 2 1 3,55 "57";
58 0 1 56,92 "58";
59 0 0 23,119 "59";
60 1 1 40,103 "60";
61 0 0 48,62 "61";
62 1 0 83,94 "62";
63 0 1 5,85 "63";
64 0 0 31,109 "64";
65 1 1 32,94 "65";
66 1 0 61,105 "66";
67 0 1 16,24 "67";
68 0 1 28,114 "68";
69 1 0 8,62 "69";
70 2 1 12,92 "70";
71 0 1 15,60 "71";
72 0 1 5,55 "72";
73 2 1 61,100 "73";
74 0 1 6,81 "74";
75 1 1 18,42 "75";
76 0 1 6,67 "76";
77 2 1 44,49 "77";
78 1 0 80,88 "78";
79 1 1 88,93 "79";
80 0 1 69,98 "80";
81 0 0 30,33 "81";
82 2 1 21,34 "82";
83 2 1 4,56 "83";
84 0 0 45,67 "84";
85 2 0 26,51 "85";
86 2 0 21,67 "86";
87 1 1 70,100 "87";
88 0 0 77,89 "88";
89 2 1 49,84 "89";
90 1 1 18,22 "90";
91 0 1 96,99 "91";
92 1 1 99,114 "92";
93 0 1 94,111 "93";
94 1 0 24,34 "94";
95 1 1 93,119 "95";
96 0 0 71,89 "96";
97 0 1 0,6 "97";
98 2 1 89,93 "98";
99 1 1 70,88 "99";
100 0 1 0,115 "100";
101 0 0 73,115 "101";
102 1 0 36,66 "102";
103 1 1 2,107 "103";
104 0 1 51,65 "104";
105 1 0 3,115 "105";
106 2 1 58,116 "106";
107 0 1 28,110 "107";
108 0 0 6,37 "108";
109 2 0 0,97 "109";
110 0 1 3,14 "110";
111 2 0 3,32 "111";
112 0 0 24,54 "112";
113 1 0 17,58 "113";
114 2 1 41,115 "114";
115 2 1 66,119 "115";
116 0 1 10,100 "116";
117 0 0 11,28 "117";
118 0 0 52,106 "118";
119 2 1 28,56 "119";
