parity 104;
0 2 0 15,38 "0";
1 1 0 69,80 "1";
2 0 1 42,94 "2";
3 1 1 62,93 "3";
4 2 1 26,44 "4";
5 0 1 13,37 "5";
6 2 1 10,97 "6";
7 2 0 14,90 "7";
8 0 0 35,47 "8";
9 2 0 14,89 "9";
10 1 1 75,86 "10";
11 1 1 59,72 "11";
12 2 1 50,82 "12";
13 2 0 78,79 "13";
14 2 1 44,77 "14";
15 2 0 14,67 "15";
16 1 1 17,51 "16";
17 1 1 74,91 "17";
18 1 1 15,74 "18";
19 2 1 18,31 "19";
20 0 1 60,101 "20";
21 1 1 5,52 "21";
22 1 1 14,79 "22";
23 0 0 52,62 "23";
24 1 1 75,94 "24";
25 0 0 59,74 "25";
26 2 1 6,63 "26";
27 0 0 43,68 "27";
28 2 1 62,75 "28";
29 1 0 20,34 "29";
30 1 1 58,94 "30";
31 2 0 14,24 "31";
32 2 0 11,91 "32";
33 0 1 51,68 "33";
34 1 0 18,92 "34";
35 2 0 31,62 "35";
36 2 1 10,38 "36";
37 1 1 30,86 "37";
38 1 1 63,90 "38";
39 0 1 20,25 "39";
40 0 0 17,85 "40";
41 1 0 13,51 "41";
42 2 0 7,35 "42";
43 0 0 20,53 "43";
44 0 1 52,54 "44";
45 2 1 35,54 "45";
46 1 0 11,60 "46";
47 1 1 49,51 "47";
48 2 0 29,103 "48";
49 1 0 58,84 "49";
50 0 1 9,84 "50";
51 0 1 50,64 "51";
52 2 1 14,55 "52";
53 1 0 27,84 "53";
54 2 1 11,82 "54";
55 2 1 2,16 "55";
56 2 0 62,100 "56";
57 0 0 29,63 "57";
58 2 1 9,57 "58";
59 0 0 17,26 "59";
60 1 0 94,98 "60";
61 1 0 6,86 "61";
62 2 0 32,58 "62";
63 0 0 43,68 "63";
64 1 0 45,91 "64";
65 0 1 4,32 "65";
66 0 1 8,12 "66";
67 1 0 68,85 "67";
68 0 0 0,49 "68";
69 1 1 73,77 "69";
70 0 0 17,22 "70";
71 1 1 31,35 "71";
72 0 0 2,35 "72";
73 1 1 13,48 "73";
74 2 0 63,103 "74";
75 1 0 24,87 "75";
76 1 1 21,49 "76";
77 1 1 52,72 "77";
78 2 1 8,30 "78";
79 1 1 1,24 "79";
80 2 0 45,47 "80";
81 1 1 3,85 "81";
82 1 1 60,80 "82";
83 1 1 68,74 "83";
84 0 1 2,88 "84";
85 0 0 45,104 "85";
86 0 1 80,96 "86";
87 2 1 11,58 "87";
88 0 1 9,32 "88";
89 0 1 86,95 "89";
90 1 1 25,58 "90";
91 1 0 49,92 "91";
92 1 0 4,38 "92";
93 1 0 1,44 "93";
94 2 1 11,16 "94";
95 0 0 29,87 "95";
96 0 0 14,67 "96";
97 0 0 26,95 "97";
98 2 0 37,49 "98";
99 1 1 10,58 "99";
100 1 1 8,65 "100";
101 2 1 24,55 "101";
102 1 1 11,82 "102";
103 0 0 48,99 "103";
104 1 1 79,81 "104";
