parity 129;
0 1 1 55,61 "0";
1 0 1 11,68 "1";
2 0 1 40,103 "2";
3 1 1 56,126 "3";
4 1 1 16,128 "4";
5 0 0 57,118 "5";
6 0 1 48,95 "6";
7 2 0 21,75 "7";
8 2 0 40,57 "8";
9 2 0 29,95 "9";
10 2 1 42,115 "10";
11 2 1 32,117 "11";
12 0 0 30,115 "12";
13 1 1 4,114 "13";
14 0 0 104,112 "14";
15 0 1 42,93 "15";
16 1 1 30,107 "16";
17 0 0 101,126 "17";
18 2 1 50,58 "18";
19 0 0 38,45 "19";
20 0 0 3,45 "20";
21 0 0 27,29 "21";
22 1 0 93,101 "22";
23 1 0 86,127 "23";
24 2 0 41,105 "24";
25 0 1 19,77 "25";
26 1 0 6,121 "26";
27 0 1 57,127 "27";
28 0 0 34,97 "28";
29 0 0 47,102 "29";
30 1 0 18,103 "30";
31 1 1 4,80 "31";
32 0 0 4,18 "32";
33 1 0 90,118 "33";
34 1 1 62,120 "34";
35 2 0 12,109 "35";
36 0 1 113,122 "36";
37 1 0 10,27 "37";
38 0 0 57,62 "38";
39 2 1 84,122 "39";
40 1 0 1,109 "40";
41 1 0 98,127 "41";
42 2 1 63,128 "42";
43 1 0 44,112 "43";
44 1 0 17,113 "44";
45 2 0 111,117 "45";
46 0 1 7,14 "46";
47 0 0 90,124 "47";
48 1 0 8,9 "48";
49 1 1 6,43 "49";
50 0 0 14,68 "50";
51 2 0 74,96 "51";
52 1 1 4,61 "52";
53 2 0 14,58 "53";
54 1 0 17,52 "54";
55 0 0 3,24 "55";
56 2 0 3,126 "56";
57 0 1 68,88 "57";
58 1 0 20,104 "58";
59 2 0 22,46 "59";
60 1 0 59,97 "60";
61 1 1 0,71 "61";
62 2 0 0,99 "62";
63 0 1 72,83 "63";
64 2 0 30,126 "64";
65 2 0 16,98 "65";
66 2 1 93,120 "66";
67 0 1 15,126 "67";
68 1 0 83,88 "68";
69 1 1 66,103 "69";
70 0 0 18,101 "70";
71 1 0 73,77 "71";
72 2 1 33,69 "72";
73 2 0 113,116 "73";
74 1 1 25,44 "74";
75 0 1 83,98 "75";
76 1 0 67,110 "76";
77 0 0 42,63 "77";
78 1 0 64,115 "78";
79 1 0 26,73 "79";
80 1 0 16,52 "80";
81 0 0 0,102 "81";
82 0 1 28,56 "82";
83 2 1 75,102 "83";
84 1 0 1,99 "84";
85 0 1 12,52 "85";
86 2 1 19,97 "86";
87 2 0 7,68 "87";
88 2 1 91,102 "88";
89 2 1 33,37 "89";
90 2 1 73,99 "90";
91 1 1 28,85 "91";
92 1 1 67,87 "92";
93 2 0 12,63 "93";
94 0 1 47,80 "94";
95 2 0 2,34 "95";
96 1 0 2,21 "96";
97 2 1 19,105 "97";
98 0 1 25,52 "98";
99 0 1 26,104 "99";
100 0 0 116,121 "100";
101 0 1 48,108 "101";
102 0 1 30,128 "102";
103 1 0 86,121 "103";
104 0 1 17,115 "104";
105 1 1 4,74 "105";
106 0 1 42,123 "106";
107 1 0 68,83 "107";
108 1 1 41,102 "108";
109 2 1 16,36 "109";
110 2 0 15,121 "110";
111 2 1 94,121 "111";
112 0 0 20,84 "112";
113 0 1 100,114 "113";
114 0 1 25,129 "114";
115 1 1 20,110 "115";
116 1 0 30,89 "116";
117 2 0 55,88 "117";
118 0 0 23,129 "118";
119 0 1 11,74 "119";
120 2 0 12,42 "120";
121 0 0 26,101 "121";
122 0 1 21,41 "122";
123 0 1 47,76 "123";
124 1 0 31,112 "124";
125 1 0 10,102 "125";
126 0 0 32,77 "126";
127 2 0 86,115 "127";
128 2 1 57,129 "128";
129 2 1 70,126 "129";
