parity 164;
0 1 0 57,95 "0";
1 1 1 31,150 "1";
2 0 0 111,157 "2";
3 1 1 62,79 "3";
4 0 0 24,139 "4";
5 1 0 44,161 "5";
6 0 1 30,164 "6";
7 1 1 94,115 "7";
8 1 0 41,93 "8";
9 2 1 62,98 "9";
10 0 0 25,74 "10";
11 0 1 65,138 "11";
12 2 0 4,101 "12";
13 2 0 16,120 "13";
14 0 1 93,108 "14";
15 1 0 60,81 "15";
16 0 0 15,69 "16";
17 2 0 2,99 "17";
18 1 0 25,55 "18";
19 1 0 22,74 "19";
20 1 0 40,106 "20";
21 2 0 118,153 "21";
22 1 1 55,164 "22";
23 1 0 102,141 "23";
24 2 0 69,164 "24";
25 0 0 1,31 "25";
26 0 0 139,142 "26";
27 1 1 72,161 "27";
28 0 0 73,141 "28";
29 1 1 0,67 "29";
30 2 1 20,57 "30";
31 0 0 26,45 "31";
32 1 1 74,130 "32";
33 2 0 126,143 "33";
34 2 0 50,150 "34";
35 1 1 109,146 "35";
36 2 0 31,156 "36";
37 2 0 51,141 "37";
38 1 0 70,96 "38";
39 2 0 93,151 "39";
40 2 0 41,51 "40";
41 0 0 1,22 "41";
42 0 0 9,77 "42";
43 2 1 110,155 "43";
44 2 0 57,128 "44";
45 2 0 64,136 "45";
46 2 0 22,150 "46";
47 2 0 27,71 "47";
48 2 1 52,131 "48";
49 1 1 121,155 "49";
50 1 1 56,67 "50";
51 2 0 88,92 "51";
52 2 1 23,138 "52";
53 1 1 79,151 "53";
54 2 1 28,121 "54";
55 1 1 13,28 "55";
56 2 1 11,109 "56";
57 2 0 20,77 "57";
58 0 1 0,2 "58";
59 0 1 5,38 "59";
60 1 0 18,43 "60";
61 0 1 83,129 "61";
62 2 1 6,104 "62";
63 1 0 18,59 "63";
64 2 0 25,55 "64";
65 2 1 97,101 "65";
66 1 0 30,57 "66";
67 2 1 3,140 "67";
68 0 0 26,154 "68";
69 0 0 20,59 "69";
70 1 1 62,94 "70";
71 2 1 90,154 "71";
72 2 1 81,115 "72";
73 2 0 27,149 "73";
74 0 0 44,152 "74";
75 1 0 49,76 "75";
76 0 0 28,154 "76";
77 1 1 19,73 "77";
78 2 1 30,92 "78";
79 1 0 98,156 "79";
80 1 1 45,72 "80";
81 1 0 25,88 "81";
82 0 0 2,54 "82";
83 0 0 70,162 "83";
84 1 0 66,75 "84";
85 0 0 3,118 "85";
86 0 1 85,122 "86";
87 2 1 28,42 "87";
88 1 1 21,142 "88";
89 2 0 101,136 "89";
90 2 0 57,103 "90";
91 2 1 48,80 "91";
92 2 0 8,156 "92";
93 0 0 95,138 "93";
94 1 1 114,139 "94";
95 2 0 18,21 "95";
96 2 0 54,88 "96";
97 1 0 36,162 "97";
98 1 0 132,159 "98";
99 1 0 133,158 "99";
100 1 1 25,39 "100";
101 1 1 9,51 "101";
102 1 1 13,137 "102";
103 2 1 69,145 "103";
104 2 1 37,151 "104";
105 0 1 7,107 "105";
106 0 1 58,159 "106";
107 0 1 38,112 "107";
108 0 0 24,86 "108";
109 1 1 63,114 "109";
110 1 1 119,134 "110";
111 0 0 32,89 "111";
112 2 1 19,72 "112";
113 1 0 57,141 "113";
114 0 1 40,139 "114";
115 2 0 125,146 "115";
116 0 1 49,75 "116";
117 2 1 113,123 "117";
118 0 0 84,152 "118";
119 1 1 0,110 "119";
120 1 0 37,46 "120";
121 0 0 74,110 "121";
122 1 1 17,57 "122";
123 2 1 42,134 "123";
124 1 1 40,45 "124";
125 1 1 48,151 "125";
126 0 1 6,151 "126";
127 2 0 32,160 "127";
128 0 1 10,114 "128";
129 0 0 71,127 "129";
130 1 0 15,123 "130";
131 1 0 60,100 "131";
132 0 1 60,143 "132";
133 2 1 63,122 "133";
134 1 0 91,118 "134";
135 1 0 69,91 "135";
136 1 0 83,153 "136";
137 1 0 98,106 "137";
138 2 0 19,137 "138";
139 0 1 12,72 "139";
140 1 1 54,88 "140";
141 0 0 13,85 "141";
142 1 1 48,139 "142";
143 0 1 65,160 "143";
144 1 0 44,58 "144";
145 0 0 98,130 "145";
146 1 0 139,154 "146";
147 2 0 61,97 "147";
148 2 0 57,81 "148";
149 2 0 38,93 "149";
150 2 1 31,91 "150";
151 2 0 4,154 "151";
152 1 0 60,68 "152";
153 2 1 51,85 "153";
154 1 1 27,121 "154";
155 2 0 149,162 "155";
156 0 1 141,162 "156";
157 1 0 60,158 "157";
158 2 0 133,139 "158";
159 2 0 106,161 "159";
160 1 0 147,159 "160";
161 1 1 87,138 "161";
162 1 1 9,106 "162";
163 1 0 116,121 "163";
164 1 1 24,55 "164";
