parity 179;
0 1 1 42,63 "0";
1 1 0 64,70 "1";
2 0 1 12,56 "2";
3 0 1 35,141 "3";
4 2 0 42,71 "4";
5 2 1 73,125 "5";
6 0 1 16,95 "6";
7 1 1 38,141 "7";
8 2 0 5,60 "8";
9 2 0 24,120 "9";
10 2 1 35,114 "10";
11 0 1 121,166 "11";
12 0 1 85,163 "12";
13 1 0 108,150 "13";
14 0 1 143,146 "14";
15 2 1 1,83 "15";
16 1 1 6,101 "16";
17 0 1 115,137 "17";
18 2 0 46,98 "18";
19 0 0 49,89 "19";
20 0 0 88,112 "20";
21 1 0 136,140 "21";
22 1 1 86,153 "22";
23 1 0 19,153 "23";
24 0 1 51,168 "24";
25 2 0 115,144 "25";
26 0 0 13,52 "26";
27 1 0 67,129 "27";
28 2 0 31,130 "28";
29 2 1 59,120 "29";
30 1 0 73,139 "30";
31 0 0 52,59 "31";
32 1 1 84,109 "32";
33 2 1 64,136 "33";
34 1 0 148,177 "34";
35 2 1 47,152 "35";
36 1 1 109,113 "36";
37 1 1 97,172 "37";
38 0 1 60,73 "38";
39 2 0 3,16 "39";
40 0 0 37,107 "40";
41 2 0 31,118 "41";
42 1 0 70,86 "42";
43 2 1 16,26 "43";
44 0 0 15,132 "44";
45 0 1 55,152 "45";
46 0 0 74,155 "46";
47 0 0 46,57 "47";
48 2 1 38,63 "48";
49 1 0 88,149 "49";
50 1 1 122,147 "50";
51 0 0 13,100 "51";
52 1 1 6,53 "52";
53 2 0 30,141 "53";
54 0 0 125,165 "54";
55 0 1 130,164 "55";
56 0 0 94,173 "56";
57 1 1 34,173 "57";
58 2 0 19,116 "58";
59 0 0 13,124 "59";
60 1 1 21,135 "60";
61 2 1 18,62 "61";
62 2 1 6,148 "62";
63 1 0 40,155 "63";
64 1 1 17,177 "64";
65 1 1 19,30 "65";
66 0 0 106,170 "66";
67 2 0 47,77 "67";
68 0 1 61,73 "68";
69 1 0 95,167 "69";
70 1 1 10,132 "70";
71 2 0 153,176 "71";
72 2 0 22,110 "72";
73 1 0 86,155 "73";
74 0 1 17,113 "74";
75 2 1 85,176 "75";
76 0 1 60,141 "76";
77 0 0 84,103 "77";
78 2 0 32,99 "78";
79 0 0 68,72 "79";
80 0 1 112,115 "80";
81 0 1 13,128 "81";
82 0 1 125,136 "82";
83 1 1 6,14 "83";
84 1 1 108,144 "84";
85 1 1 105,141 "85";
86 2 0 29,121 "86";
87 2 1 135,154 "87";
88 0 0 47,108 "88";
89 1 1 104,163 "89";
90 1 1 32,172 "90";
91 2 1 72,126 "91";
92 2 0 156,163 "92";
93 0 1 84,91 "93";
94 2 0 49,121 "94";
95 2 0 90,120 "95";
96 0 1 97,145 "96";
97 2 0 65,132 "97";
98 0 0 136,149 "98";
99 0 0 53,69 "99";
100 2 0 74,76 "100";
101 1 1 9,152 "101";
102 0 1 9,139 "102";
103 2 1 29,48 "103";
104 0 0 79,161 "104";
105 1 1 43,111 "105";
106 0 0 40,88 "106";
107 1 1 43,106 "107";
108 2 1 70,176 "108";
109 0 1 12,105 "109";
110 1 1 54,105 "110";
111 1 1 90,119 "111";
112 1 0 113,173 "112";
113 0 0 26,103 "113";
114 2 1 21,24 "114";
115 0 0 145,173 "115";
116 2 1 30,36 "116";
117 1 1 34,179 "117";
118 1 1 20,44 "118";
119 2 1 123,175 "119";
120 0 0 66,129 "120";
121 1 0 20,147 "121";
122 0 0 69,133 "122";
123 2 1 147,174 "123";
124 1 0 131,147 "124";
125 2 1 116,139 "125";
126 1 1 52,161 "126";
127 0 1 2,135 "127";
128 1 0 52,56 "128";
129 1 1 50,115 "129";
130 1 0 4,75 "130";
131 1 0 8,66 "131";
132 0 1 72,94 "132";
133 1 0 41,125 "133";
134 1 1 122,124 "134";
135 2 0 17,31 "135";
136 1 1 120,121 "136";
137 0 1 46,123 "137";
138 2 1 95,100 "138";
139 2 0 15,102 "139";
140 0 0 108,160 "140";
141 1 1 26,132 "141";
142 0 0 20,129 "142";
143 0 1 116,127 "143";
144 2 1 63,147 "144";
145 1 0 46,148 "145";
146 0 0 47,134 "146";
147 2 1 73,129 "147";
148 0 1 51,67 "148";
149 0 1 42,144 "149";
150 1 1 78,109 "150";
151 0 0 20,27 "151";
152 1 0 78,161 "152";
153 1 1 0,17 "153";
154 0 1 102,169 "154";
155 2 0 9,37 "155";
156 0 0 76,112 "156";
157 2 0 6,68 "157";
158 1 0 129,152 "158";
159 0 1 82,150 "159";
160 1 0 67,150 "160";
161 2 0 32,37 "161";
162 0 0 59,114 "162";
163 1 1 87,178 "163";
164 1 0 53,130 "164";
165 1 1 37,61 "165";
166 0 1 47,159 "166";
167 0 0 30,123 "167";
168 2 1 66,103 "168";
169 1 1 71,172 "169";
170 0 0 26,136 "170";
171 1 0 26,65 "171";
172 1 0 24,84 "172";
173 1 0 103,147 "173";
174 1 1 31,154 "174";
175 2 1 121,132 "175";
176 0 0 86,152 "176";
177 1 1 142,145 "177";
178 1 1 40,155 "178";
179 2 0 70,86 "179";
