parity 129;
0 2 1 52,96 "0";
1 1 1 36,96 "1";
2 1 1 54,66 "2";
3 1 0 27,54 "3";
4 0 1 8,113 "4";
5 0 1 0,72 "5";
6 1 1 104,129 "6";
7 0 1 62,123 "7";
8 0 0 29,74 "8";
9 0 0 0,84 "9";
10 1 1 38,88 "10";
11 1 1 37,94 "11";
12 2 0 10,122 "12";
13 1 0 47,88 "13";
14 2 0 74,100 "14";
15 0 1 81,113 "15";
16 0 0 39,88 "16";
17 1 1 92,99 "17";
18 0 1 24,55 "18";
19 0 0 108,116 "19";
20 1 0 27,29 "20";
21 0 0 111,119 "21";
22 2 1 75,77 "22";
23 0 1 28,109 "23";
24 2 1 5,71 "24";
25 2 0 75,79 "25";
26 2 0 9,40 "26";
27 1 1 69,104 "27";
28 1 1 10,40 "28";
29 0 0 46,82 "29";
30 2 1 119,121 "30";
31 1 1 102,121 "31";
32 0 1 27,35 "32";
33 1 1 49,90 "33";
34 0 1 26,119 "34";
35 0 1 46,116 "35";
36 2 1 68,82 "36";
37 0 1 0,38 "37";
38 1 0 87,103 "38";
39 0 1 107,128 "39";
40 0 1 88,108 "40";
41 0 1 36,39 "41";
42 2 0 45,55 "42";
43 2 1 64,96 "43";
44 1 0 6,79 "44";
45 2 1 96,101 "45";
46 2 1 35,75 "46";
47 0 1 63,107 "47";
48 0 0 44,82 "48";
49 1 1 11,69 "49";
50 0 1 76,88 "50";
51 0 0 59,79 "51";
52 1 0 72,126 "52";
53 2 1 116,118 "53";
54 0 1 15,102 "54";
55 0 1 17,109 "55";
56 1 0 53,75 "56";
57 2 0 3,89 "57";
58 2 0 39,103 "58";
59 0 1 32,38 "59";
60 2 0 12,40 "60";
61 1 0 54,104 "61";
62 0 1 22,125 "62";
63 0 1 30,96 "63";
64 1 0 8,27 "64";
65 2 1 52,94 "65";
66 2 0 23,30 "66";
67 1 0 27,86 "67";
68 0 0 121,128 "68";
69 1 0 36,68 "69";
70 0 1 40,127 "70";
71 1 0 3,42 "71";
72 2 1 27,79 "72";
73 1 0 107,109 "73";
74 1 1 22,119 "74";
75 0 1 62,110 "75";
76 0 1 49,61 "76";
77 0 1 70,127 "77";
78 0 1 54,129 "78";
79 0 0 68,107 "79";
80 1 0 56,97 "80";
81 2 1 20,105 "81";
82 1 1 53,64 "82";
83 1 1 74,93 "83";
84 2 0 106,125 "84";
85 0 0 17,92 "85";
86 0 1 29,92 "86";
87 0 1 16,25 "87";
88 2 0 104,125 "88";
89 2 1 17,97 "89";
90 1 1 45,102 "90";
91 2 0 31,74 "91";
92 0 0 13,112 "92";
93 1 1 1,80 "93";
94 0 0 49,80 "94";
95 0 1 68,73 "95";
96 1 0 5,8 "96";
97 0 0 60,90 "97";
98 1 1 37,79 "98";
99 1 1 53,126 "99";
100 0 0 71,97 "100";
101 0 1 40,87 "101";
102 2 1 78,115 "102";
103 1 0 71,80 "103";
104 2 0 29,72 "104";
105 2 0 88,103 "105";
106 1 1 15,117 "106";
107 2 0 93,100 "107";
108 1 0 45,59 "108";
109 2 0 85,118 "109";
110 1 0 33,68 "110";
111 2 0 39,57 "111";
112 1 0 27,124 "112";
113 0 0 49,94 "113";
114 0 1 1,31 "114";
115 0 0 37,116 "115";
116 1 1 7,33 "116";
117 2 1 35,55 "117";
118 1 1 12,88 "118";
119 2 1 10,129 "119";
120 0 1 18,77 "120";
121 0 0 104,109 "121";
122 2 1 43,89 "122";
123 2 0 62,122 "123";
124 0 1 61,104 "124";
125 0 1 0,76 "125";
126 0 0 62,98 "126";
127 0 1 31,116 "127";
128 0 1 54,98 "128";
129 2 1 80,127 "129";
