parity 114;
0 2 0 49,90 "0";
1 1 1 36,71 "1";
2 1 1 1,81 "2";
3 0 0 28,49 "3";
4 0 0 54,107 "4";
5 1 0 44,47 "5";
6 2 0 11,62 "6";
7 1 1 14,29 "7";
8 1 1 51,92 "8";
9 2 1 6,12 "9";
10 0 0 7,75 "10";
11 0 0 15,25 "11";
12 2 1 19,93 "12";
13 2 0 67,104 "13";
14 1 0 94,101 "14";
15 1 1 64,78 "15";
16 2 0 53,54 "16";
17 0 1 34,45 "17";
18 0 0 32,111 "18";
19 1 0 44,65 "19";
20 2 1 73,103 "20";
21 0 1 33,35 "21";
22 0 0 40,64 "22";
23 2 0 21,98 "23";
24 1 0 83,100 "24";
25 0 1 40,79 "25";
26 2 1 18,29 "26";
27 2 0 51,83 "27";
28 1 1 69,110 "28";
29 1 0 10,41 "29";
30 2 1 8,61 "30";
31 0 1 66,75 "31";
32 0 1 60,94 "32";
33 2 1 106,114 "33";
34 2 1 12,76 "34";
35 2 1 20,98 "35";
36 1 1 0,96 "36";
37 0 1 60,89 "37";
38 2 0 61,69 "38";
39 1 1 57,90 "39";
40 2 0 67,86 "40";
41 1 0 80,102 "41";
42 0 0 62,69 "42";
43 0 1 1,110 "43";
44 1 0 56,64 "44";
45 2 0 63,102 "45";
46 1 1 75,88 "46";
47 1 0 61,72 "47";
48 0 0 37,62 "48";
49 1 0 9,53 "49";
50 1 1 94,109 "50";
51 1 1 17,30 "51";
52 1 1 19,63 "52";
53 0 1 18,65 "53";
54 0 1 62,110 "54";
55 1 0 63,69 "55";
56 1 1 77,104 "56";
57 2 1 49,101 "57";
58 1 0 36,81 "58";
59 1 0 35,102 "59";
60 0 0 20,47 "60";
61 0 1 56,91 "61";
62 2 1 16,19 "62";
63 2 1 61,112 "63";
64 2 0 13,51 "64";
65 2 1 93,108 "65";
66 0 1 69,85 "66";
67 0 1 48,89 "67";
68 2 0 2,52 "68";
69 1 1 23,53 "69";
70 1 1 0,103 "70";
71 1 0 35,106 "71";
72 1 1 11,108 "72";
73 1 1 10,103 "73";
74 0 1 44,93 "74";
75 0 0 86,104 "75";
76 1 1 16,82 "76";
77 0 1 68,75 "77";
78 2 0 25,42 "78";
79 2 1 8,43 "79";
80 0 1 110,112 "80";
81 0 0 82,94 "81";
82 0 1 29,52 "82";
83 1 0 19,76 "83";
84 2 0 13,43 "84";
85 0 1 37,83 "85";
86 2 1 47,100 "86";
87 0 0 4,56 "87";
88 2 1 46,105 "88";
89 1 1 56,101 "89";
90 1 1 50,89 "90";
91 1 0 34,48 "91";
92 1 0 11,20 "92";
93 1 0 9,52 "93";
94 0 1 8,66 "94";
95 1 1 30,114 "95";
96 2 1 57,102 "96";
97 2 1 13,29 "97";
98 1 1 74,105 "98";
99 1 1 46,114 "99";
100 2 1 4,22 "100";
101 1 0 76,107 "101";
102 1 0 10,22 "102";
103 0 1 24,32 "103";
104 0 1 36,42 "104";
105 0 0 26,55 "105";
106 2 1 20,95 "106";
107 0 0 49,65 "107";
108 1 1 34,68 "108";
109 2 1 16,106 "109";
110 0 1 31,70 "110";
111 1 0 26,50 "111";
112 1 1 57,61 "112";
113 1 0 19,82 "113";
114 1 0 87,112 "114";
