parity 124;
0 1 1 41,95 "0";
1 1 0 12,60 "1";
2 0 1 60,71 "2";
3 2 0 14,111 "3";
4 2 0 63,112 "4";
5 0 0 42,113 "5";
6 1 0 56,62 "6";
7 0 1 42,58 "7";
8 1 0 45,71 "8";
9 0 0 26,107 "9";
10 1 1 20,124 "10";
11 2 0 25,43 "11";
12 0 0 15,33 "12";
13 1 1 49,62 "13";
14 1 1 31,79 "14";
15 0 1 73,97 "15";
16 2 1 48,112 "16";
17 0 0 28,41 "17";
18 2 1 31,67 "18";
19 0 1 44,119 "19";
20 1 0 19,25 "20";
21 1 1 92,121 "21";
22 0 0 16,90 "22";
23 0 0 40,60 "23";
24 2 1 2,64 "24";
25 0 1 74,105 "25";
26 0 1 114,120 "26";
27 2 0 44,68 "27";
28 0 0 18,57 "28";
29 0 1 70,108 "29";
30 2 0 16,37 "30";
31 1 1 64,84 "31";
32 1 1 10,43 "32";
33 2 1 72,93 "33";
34 2 1 54,78 "34";
35 1 0 55,110 "35";
36 0 1 27,70 "36";
37 2 1 18,87 "37";
38 2 1 36,51 "38";
39 0 1 3,12 "39";
40 2 0 77,84 "40";
41 0 1 30,53 "41";
42 1 0 43,71 "42";
43 2 1 3,123 "43";
44 0 0 17,23 "44";
45 1 1 38,49 "45";
46 0 1 15,22 "46";
47 0 1 39,81 "47";
48 1 1 20,108 "48";
49 2 1 34,42 "49";
50 0 0 17,110 "50";
51 0 1 5,82 "51";
52 1 0 45,110 "52";
53 1 1 32,110 "53";
54 2 0 110,111 "54";
55 1 0 7,19 "55";
56 2 0 18,25 "56";
57 0 0 26,62 "57";
58 2 0 65,93 "58";
59 0 0 52,89 "59";
60 0 1 104,111 "60";
61 1 0 73,77 "61";
62 1 0 58,106 "62";
63 1 0 66,95 "63";
64 1 0 28,78 "64";
65 2 1 33,87 "65";
66 1 0 4,32 "66";
67 2 1 3,57 "67";
68 2 1 21,92 "68";
69 1 1 73,119 "69";
70 0 1 81,111 "70";
71 0 0 32,66 "71";
72 2 1 48,108 "72";
73 1 0 61,117 "73";
74 0 0 10,88 "74";
75 2 1 10,110 "75";
76 2 0 19,75 "76";
77 1 0 36,103 "77";
78 1 1 31,106 "78";
79 0 1 42,87 "79";
80 0 0 52,89 "80";
81 2 1 31,51 "81";
82 1 0 30,101 "82";
83 1 0 85,86 "83";
84 2 0 52,76 "84";
85 1 1 8,10 "85";
86 1 0 37,77 "86";
87 2 0 10,121 "87";
88 1 1 46,67 "88";
89 2 1 10,26 "89";
90 0 0 23,119 "90";
91 2 1 65,98 "91";
92 1 1 57,87 "92";
93 0 0 41,97 "93";
94 0 1 7,71 "94";
95 2 1 22,106 "95";
96 2 1 59,116 "96";
97 2 1 102,104 "97";
98 0 0 27,79 "98";
99 2 0 67,68 "99";
100 2 1 55,124 "100";
101 0 0 34,99 "101";
102 1 0 98,117 "102";
103 0 1 64,84 "103";
104 1 0 8,51 "104";
105 1 1 34,64 "105";
106 2 1 21,44 "106";
107 1 1 62,110 "107";
108 0 0 44,78 "108";
109 0 0 111,112 "109";
110 2 1 35,88 "110";
111 0 0 51,79 "111";
112 0 0 1,102 "112";
113 0 1 1,55 "113";
114 2 0 33,69 "114";
115 1 1 71,122 "115";
116 0 1 13,123 "116";
117 0 1 32,69 "117";
118 2 1 18,110 "118";
119 0 0 37,39 "119";
120 2 0 20,108 "120";
121 1 1 103,107 "121";
122 0 1 78,92 "122";
123 0 1 37,47 "123";
124 1 0 20,33 "124";
