parity 109;
0 1 0 51,72 "0";
1 2 0 22,89 "1";
2 0 0 31,35 "2";
3 2 0 74,92 "3";
4 2 0 37,101 "4";
5 1 0 38,92 "5";
6 1 1 8,97 "6";
7 2 1 39,67 "7";
8 2 1 42,79 "8";
9 1 0 37,70 "9";
10 2 0 12,39 "10";
11 1 0 91,109 "11";
12 0 1 8,49 "12";
13 1 0 56,105 "13";
14 0 1 4,44 "14";
15 2 0 60,80 "15";
16 2 1 20,37 "16";
17 1 0 97,99 "17";
18 2 1 9,95 "18";
19 0 0 67,98 "19";
20 0 0 41,82 "20";
21 2 1 3,99 "21";
22 2 1 43,97 "22";
23 2 0 4,43 "23";
24 0 1 4,95 "24";
25 1 1 0,55 "25";
26 1 0 40,86 "26";
27 0 0 31,84 "27";
28 2 0 89,94 "28";
29 2 1 35,59 "29";
30 1 0 90,109 "30";
31 2 0 59,103 "31";
32 0 0 5,75 "32";
33 1 1 16,42 "33";
34 1 0 62,94 "34";
35 2 1 12,63 "35";
36 0 0 82,109 "36";
37 0 1 60,99 "37";
38 2 1 35,102 "38";
39 2 0 32,51 "39";
40 0 1 32,97 "40";
41 2 1 90,103 "41";
42 2 1 75,84 "42";
43 0 1 32,50 "43";
44 0 0 8,13 "44";
45 2 0 39,42 "45";
46 2 0 91,95 "46";
47 0 1 51,98 "47";
48 1 1 20,73 "48";
49 1 1 23,93 "49";
50 1 0 44,107 "50";
51 0 0 26,98 "51";
52 2 0 31,85 "52";
53 1 1 24,102 "53";
54 1 0 39,53 "54";
55 0 1 39,48 "55";
56 2 0 16,39 "56";
57 1 0 30,83 "57";
58 2 0 27,80 "58";
59 0 1 64,78 "59";
60 2 1 30,96 "60";
61 0 1 33,101 "61";
62 2 0 50,94 "62";
63 0 1 11,14 "63";
64 0 0 2,102 "64";
65 2 1 4,29 "65";
66 1 1 6,34 "66";
67 2 1 80,109 "67";
68 1 0 15,75 "68";
69 2 1 38,85 "69";
70 0 1 55,71 "70";
71 0 1 34,79 "71";
72 2 0 5,63 "72";
73 2 1 42,50 "73";
74 1 0 28,67 "74";
75 0 0 14,87 "75";
76 1 0 96,99 "76";
77 2 1 2,26 "77";
78 1 0 19,42 "78";
79 1 1 7,73 "79";
80 1 1 6,106 "80";
81 1 0 77,89 "81";
82 0 0 21,66 "82";
83 1 0 30,102 "83";
84 2 0 47,69 "84";
85 1 1 71,102 "85";
86 1 0 98,101 "86";
87 2 1 82,85 "87";
88 1 0 53,76 "88";
89 1 0 1,34 "89";
90 0 1 32,63 "90";
91 0 1 67,70 "91";
92 0 1 5,67 "92";
93 2 0 3,9 "93";
94 0 1 17,92 "94";
95 1 1 31,78 "95";
96 0 1 32,36 "96";
97 2 1 53,61 "97";
98 2 1 24,90 "98";
99 2 1 75,84 "99";
100 1 1 58,64 "100";
101 2 0 55,94 "101";
102 0 1 2,41 "102";
103 0 1 19,24 "103";
104 1 1 27,72 "104";
105 2 0 58,88 "105";
106 0 1 11,33 "106";
107 0 0 4,88 "107";
108 2 1 72,101 "108";
109 1 0 12,41 "109";
