parity 189;
0 1 0 43,44 "0";
1 2 0 15,137 "1";
2 2 0 6,112 "2";
3 0 0 82,129 "3";
4 0 1 108,181 "4";
5 0 0 66,132 "5";
6 1 0 1,67 "6";
7 0 1 31,131 "7";
8 2 0 77,115 "8";
9 2 0 2,37 "9";
10 2 1 58,110 "10";
11 0 1 45,188 "11";
12 1 1 14,81 "12";
13 0 0 6,45 "13";
14 1 1 16,121 "14";
15 1 1 29,88 "15";
16 2 0 49,184 "16";
17 0 0 60,96 "17";
18 1 0 26,105 "18";
19 0 0 12,158 "19";
20 2 1 135,183 "20";
21 2 1 137,152 "21";
22 1 1 93,157 "22";
23 2 0 145,175 "23";
24 2 1 92,100 "24";
25 0 1 88,114 "25";
26 2 0 52,94 "26";
27 2 0 145,188 "27";
28 2 0 26,114 "28";
29 0 1 23,61 "29";
30 0 1 127,156 "30";
31 0 0 165,167 "31";
32 0 1 5,189 "32";
33 1 1 91,140 "33";
34 2 0 88,99 "34";
35 2 0 44,116 "35";
36 0 1 2,55 "36";
37 1 1 69,170 "37";
38 0 1 21,110 "38";
39 0 0 36,54 "39";
40 2 0 18,68 "40";
41 2 1 62,171 "41";
42 1 1 126,169 "42";
43 0 1 11,169 "43";
44 1 0 71,166 "44";
45 0 0 21,80 "45";
46 2 0 53,168 "46";
47 1 0 19,116 "47";
48 2 0 5,102 "48";
49 2 0 32,42 "49";
50 0 0 73,184 "50";
51 1 1 97,115 "51";
52 0 1 0,149 "52";
53 0 1 59,105 "53";
54 0 0 140,166 "54";
55 1 0 12,113 "55";
56 1 0 15,84 "56";
57 1 0 123,167 "57";
58 1 1 92,176 "58";
59 1 0 169,171 "59";
60 0 1 63,70 "60";
61 2 1 11,86 "61";
62 1 0 11,180 "62";
63 2 0 64,143 "63";
64 2 1 24,151 "64";
65 2 0 171,182 "65";
66 0 0 45,136 "66";
67 2 0 26,165 "67";
68 0 0 41,49 "68";
69 2 0 110,166 "69";
70 0 1 64,88 "70";
71 0 1 60,112 "71";
72 2 0 34,92 "72";
73 2 0 25,170 "73";
74 1 0 135,184 "74";
75 2 0 83,127 "75";
76 0 0 80,140 "76";
77 2 0 106,183 "77";
78 0 0 121,137 "78";
79 1 1 28,134 "79";
80 0 0 116,169 "80";
81 0 0 82,148 "81";
82 1 1 1,143 "82";
83 2 1 84,102 "83";
84 2 0 101,162 "84";
85 1 0 90,188 "85";
86 2 1 112,166 "86";
87 2 0 31,121 "87";
88 2 1 73,120 "88";
89 0 1 32,143 "89";
90 2 1 0,154 "90";
91 2 0 16,128 "91";
92 2 0 130,156 "92";
93 1 0 23,182 "93";
94 0 1 157,177 "94";
95 0 0 63,175 "95";
96 2 0 111,152 "96";
97 0 1 95,104 "97";
98 2 1 39,58 "98";
99 2 1 13,41 "99";
100 0 1 13,80 "100";
101 1 0 4,64 "101";
102 2 0 60,188 "102";
103 0 0 96,179 "103";
104 0 1 31,77 "104";
105 0 0 68,146 "105";
106 1 1 99,188 "106";
107 2 1 26,186 "107";
108 1 1 34,102 "108";
109 1 1 46,126 "109";
110 0 0 150,176 "110";
111 0 1 35,56 "111";
112 0 0 34,172 "112";
113 0 0 54,152 "113";
114 2 0 9,107 "114";
115 1 1 27,168 "115";
116 1 1 114,166 "116";
117 2 0 47,114 "117";
118 2 1 8,103 "118";
119 2 1 104,186 "119";
120 0 0 24,142 "120";
121 0 1 128,163 "121";
122 2 1 71,110 "122";
123 2 1 77,143 "123";
124 1 0 28,43 "124";
125 0 0 44,175 "125";
126 1 1 163,169 "126";
127 1 0 6,88 "127";
128 0 1 34,168 "128";
129 0 0 122,147 "129";
130 1 1 11,99 "130";
131 0 1 39,129 "131";
132 1 0 142,163 "132";
133 1 0 51,78 "133";
134 1 1 119,184 "134";
135 0 1 19,152 "135";
136 2 0 1,186 "136";
137 1 1 78,88 "137";
138 2 1 100,189 "138";
139 1 0 92,147 "139";
140 0 1 93,141 "140";
141 2 1 99,118 "141";
142 1 1 1,75 "142";
143 0 0 120,144 "143";
144 0 0 61,137 "144";
145 2 0 83,103 "145";
146 2 0 55,124 "146";
147 1 1 118,157 "147";
148 0 0 105,154 "148";
149 2 1 54,65 "149";
150 0 0 18,131 "150";
151 2 0 23,114 "151";
152 0 0 112,162 "152";
153 2 0 119,149 "153";
154 1 0 81,98 "154";
155 2 0 41,73 "155";
156 1 0 25,71 "156";
157 1 1 138,175 "157";
158 1 1 117,128 "158";
159 1 1 63,174 "159";
160 2 0 7,77 "160";
161 0 0 25,120 "161";
162 0 1 55,188 "162";
163 2 0 34,98 "163";
164 0 1 1,109 "164";
165 1 0 32,135 "165";
166 0 1 10,149 "166";
167 2 1 12,51 "167";
168 0 0 108,137 "168";
169 0 0 33,157 "169";
170 0 1 11,175 "170";
171 2 0 13,102 "171";
172 0 0 45,130 "172";
173 2 1 67,137 "173";
174 0 0 17,104 "174";
175 1 0 76,136 "175";
176 1 1 103,155 "176";
177 1 0 121,160 "177";
178 0 0 101,156 "178";
179 2 1 92,145 "179";
180 2 1 97,137 "180";
181 0 1 24,121 "181";
182 1 1 139,168 "182";
183 1 1 81,161 "183";
184 0 0 40,88 "184";
185 0 0 72,170 "185";
186 2 0 45,52 "186";
187 0 1 127,178 "187";
188 0 1 72,85 "188";
189 2 0 46,49 "189";
