parity 104;
0 1 0 8,20 "0";
1 2 0 4,8 "1";
2 2 1 13,85 "2";
3 1 1 45,73 "3";
4 0 0 10,104 "4";
5 2 0 34,82 "5";
6 1 0 90,91 "6";
7 0 1 3,11 "7";
8 1 1 1,63 "8";
9 1 1 3,89 "9";
10 0 1 4,13 "10";
11 0 0 41,62 "11";
12 2 1 45,94 "12";
13 2 1 82,104 "13";
14 0 1 12,45 "14";
15 1 1 3,57 "15";
16 0 0 72,86 "16";
17 2 0 21,58 "17";
18 2 0 45,49 "18";
19 2 0 45,94 "19";
20 1 1 28,58 "20";
21 0 1 1,78 "21";
22 1 0 18,47 "22";
23 2 1 9,97 "23";
24 2 1 54,99 "24";
25 1 1 57,94 "25";
26 2 0 9,42 "26";
27 1 0 70,97 "27";
28 2 0 79,103 "28";
29 1 1 50,101 "29";
30 2 1 3,88 "30";
31 1 1 7,57 "31";
32 2 1 36,87 "32";
33 0 0 88,97 "33";
34 2 1 44,89 "34";
35 1 0 50,100 "35";
36 1 1 27,71 "36";
37 0 1 58,96 "37";
38 1 0 27,61 "38";
39 1 0 94,95 "39";
40 0 0 13,104 "40";
41 2 0 1,93 "41";
42 2 1 67,84 "42";
43 0 0 68,78 "43";
44 0 1 22,45 "44";
45 1 1 34,89 "45";
46 1 0 73,97 "46";
47 0 0 68,72 "47";
48 0 1 17,31 "48";
49 2 0 23,96 "49";
50 2 0 22,66 "50";
51 2 0 33,99 "51";
52 0 1 64,85 "52";
53 1 0 25,47 "53";
54 1 0 0,15 "54";
55 1 0 53,78 "55";
56 2 1 33,60 "56";
57 0 0 77,93 "57";
58 0 0 30,34 "58";
59 0 0 24,67 "59";
60 2 1 15,23 "60";
61 2 1 59,77 "61";
62 1 0 8,78 "62";
63 2 1 66,83 "63";
64 0 0 34,91 "64";
65 0 1 8,25 "65";
66 1 0 75,100 "66";
67 1 0 14,35 "67";
68 2 1 62,86 "68";
69 0 0 2,6 "69";
70 2 1 6,101 "70";
71 0 1 33,67 "71";
72 1 1 10,57 "72";
73 2 0 7,22 "73";
74 0 0 40,82 "74";
75 1 1 29,96 "75";
76 1 0 40,93 "76";
77 1 0 71,86 "77";
78 1 0 24,48 "78";
79 2 1 2,5 "79";
80 0 0 6,94 "80";
81 0 0 35,56 "81";
82 0 1 21,46 "82";
83 1 0 47,87 "83";
84 0 1 1,65 "84";
85 1 1 54,95 "85";
86 2 1 7,62 "86";
87 2 0 93,97 "87";
88 2 1 13,51 "88";
89 0 0 5,17 "89";
90 2 1 3,31 "90";
91 0 0 82,96 "91";
92 0 1 41,98 "92";
93 2 1 20,27 "93";
94 2 1 72,99 "94";
95 0 1 79,89 "95";
96 0 1 29,85 "96";
97 1 0 11,103 "97";
98 0 0 43,64 "98";
99 1 1 39,83 "99";
100 2 0 8,99 "100";
101 1 0 91,98 "101";
102 2 1 18,70 "102";
103 1 1 4,95 "103";
104 1 0 93,99 "104";
