parity 104;
0 1 0 40,70 "0";
1 2 1 39,99 "1";
2 2 0 28,102 "2";
3 2 0 73,85 "3";
4 2 0 0,84 "4";
5 0 0 44,47 "5";
6 0 1 91,96 "6";
7 1 0 42,67 "7";
8 2 1 74,76 "8";
9 2 0 52,75 "9";
10 0 1 7,74 "10";
11 0 1 21,25 "11";
12 0 1 19,100 "12";
13 1 1 49,103 "13";
14 1 1 55,102 "14";
15 1 1 10,53 "15";
16 2 1 51,53 "16";
17 0 0 10,63 "17";
18 0 1 12,85 "18";
19 0 0 28,83 "19";
20 0 0 81,103 "20";
21 1 0 93,104 "21";
22 2 1 49,73 "22";
23 1 0 26,68 "23";
24 2 1 18,62 "24";
25 1 0 92,95 "25";
26 0 1 60,102 "26";
27 0 0 50,53 "27";
28 1 1 1,70 "28";
29 0 0 5,85 "29";
30 0 1 6,89 "30";
31 0 0 69,82 "31";
32 1 1 60,101 "32";
33 1 0 12,20 "33";
34 0 1 22,69 "34";
35 2 0 11,52 "35";
36 0 1 86,98 "36";
37 0 0 9,25 "37";
38 0 1 4,16 "38";
39 0 1 81,86 "39";
40 1 0 2,38 "40";
41 1 0 17,53 "41";
42 2 1 72,85 "42";
43 2 1 15,62 "43";
44 0 1 27,34 "44";
45 1 0 49,54 "45";
46 0 1 63,88 "46";
47 1 1 29,34 "47";
48 1 1 2,70 "48";
49 0 1 42,87 "49";
50 0 1 4,98 "50";
51 0 0 82,101 "51";
52 1 1 10,66 "52";
53 2 1 9,39 "53";
54 1 0 77,95 "54";
55 2 1 86,100 "55";
56 0 0 32,42 "56";
57 0 1 40,81 "57";
58 0 0 4,18 "58";
59 0 1 40,79 "59";
60 2 0 48,59 "60";
61 2 1 11,104 "61";
62 0 1 28,59 "62";
63 1 1 90,102 "63";
64 1 1 30,37 "64";
65 0 0 2,69 "65";
66 0 1 30,52 "66";
67 0 0 52,56 "67";
68 0 1 5,102 "68";
69 2 0 11,63 "69";
70 2 0 81,82 "70";
71 0 1 50,61 "71";
72 0 0 42,51 "72";
73 0 1 86,95 "73";
74 1 1 22,98 "74";
75 2 0 49,100 "75";
76 1 1 54,69 "76";
77 1 1 31,82 "77";
78 1 0 1,48 "78";
79 1 1 0,102 "79";
80 2 0 33,100 "80";
81 1 0 26,50 "81";
82 1 0 25,44 "82";
83 1 1 14,82 "83";
84 2 0 37,56 "84";
85 1 0 50,98 "85";
86 1 0 0,88 "86";
87 0 1 0,102 "87";
88 2 1 30,87 "88";
89 2 1 15,54 "89";
90 0 1 62,70 "90";
91 0 0 36,95 "91";
92 0 0 9,49 "92";
93 1 1 27,33 "93";
94 1 0 52,75 "94";
95 1 1 44,91 "95";
96 0 1 62,73 "96";
97 2 1 36,80 "97";
98 1 0 47,59 "98";
99 1 0 41,58 "99";
100 1 1 20,68 "100";
101 2 1 3,74 "101";
102 0 0 43,53 "102";
103 1 0 19,89 "103";
104 2 1 79,93 "104";
