parity 139;
0 0 1 72,82 "0";
1 0 0 10,137 "1";
2 2 1 18,124 "2";
3 2 1 83,122 "3";
4 2 0 13,118 "4";
5 1 1 58,67 "5";
6 0 1 51,82 "6";
7 0 1 18,133 "7";
8 1 1 19,133 "8";
9 2 1 110,130 "9";
10 2 0 127,133 "10";
11 2 0 109,139 "11";
12 2 0 68,107 "12";
13 0 0 15,137 "13";
14 2 1 76,115 "14";
15 1 1 123,128 "15";
16 1 1 8,60 "16";
17 0 0 71,94 "17";
18 0 0 60,124 "18";
19 0 0 33,121 "19";
20 1 0 49,86 "20";
21 0 0 77,132 "21";
22 0 0 28,64 "22";
23 2 0 2,22 "23";
24 2 0 13,58 "24";
25 2 1 57,129 "25";
26 2 1 37,91 "26";
27 1 1 45,136 "27";
28 0 1 14,116 "28";
29 1 1 6,131 "29";
30 0 0 46,49 "30";
31 2 0 56,95 "31";
32 0 0 27,83 "32";
33 2 0 72,106 "33";
34 2 0 17,133 "34";
35 2 0 42,69 "35";
36 0 0 99,125 "36";
37 1 0 62,93 "37";
38 0 0 44,111 "38";
39 1 0 8,120 "39";
40 1 0 120,139 "40";
41 0 1 9,88 "41";
42 0 1 21,55 "42";
43 0 1 4,13 "43";
44 0 1 42,65 "44";
45 1 0 46,101 "45";
46 1 1 69,79 "46";
47 1 0 29,134 "47";
48 0 1 11,134 "48";
49 2 0 76,127 "49";
50 0 0 64,118 "50";
51 1 1 41,100 "51";
52 1 1 15,46 "52";
53 2 1 83,110 "53";
54 2 1 5,36 "54";
55 2 0 49,50 "55";
56 2 1 2,44 "56";
57 0 1 110,125 "57";
58 2 1 14,30 "58";
59 1 1 88,104 "59";
60 1 1 81,83 "60";
61 1 1 113,117 "61";
62 1 0 56,102 "62";
63 1 0 30,102 "63";
64 1 0 85,118 "64";
65 1 1 118,124 "65";
66 2 0 42,132 "66";
67 0 1 27,41 "67";
68 0 1 27,87 "68";
69 0 1 31,131 "69";
70 0 1 28,69 "70";
71 2 1 80,134 "71";
72 1 1 16,92 "72";
73 1 0 5,10 "73";
74 1 1 136,138 "74";
75 2 1 29,37 "75";
76 1 1 32,87 "76";
77 1 1 6,28 "77";
78 2 1 90,132 "78";
79 0 0 24,53 "79";
80 0 0 9,30 "80";
81 1 0 50,106 "81";
82 2 1 46,51 "82";
83 2 1 37,64 "83";
84 1 0 88,120 "84";
85 1 1 17,22 "85";
86 0 0 5,59 "86";
87 1 1 2,83 "87";
88 1 1 76,80 "88";
89 0 0 49,123 "89";
90 1 0 21,84 "90";
91 0 1 26,48 "91";
92 2 0 35,131 "92";
93 2 1 48,49 "93";
94 1 1 24,82 "94";
95 1 1 122,137 "95";
96 2 0 125,132 "96";
97 0 0 10,127 "97";
98 1 0 88,139 "98";
99 1 1 6,114 "99";
100 1 0 45,132 "100";
101 0 1 18,24 "101";
102 0 1 38,53 "102";
103 2 1 21,94 "103";
104 2 0 136,138 "104";
105 1 1 18,122 "105";
106 1 1 8,29 "106";
107 0 0 9,61 "107";
108 0 0 39,74 "108";
109 0 1 31,93 "109";
110 0 1 3,82 "110";
111 1 0 118,134 "111";
112 2 1 23,47 "112";
113 0 0 87,99 "113";
114 0 0 94,129 "114";
115 2 0 25,50 "115";
116 2 0 38,121 "116";
117 1 1 7,130 "117";
118 0 0 12,53 "118";
119 0 0 8,124 "119";
120 0 1 34,82 "120";
121 0 0 28,86 "121";
122 1 1 32,69 "122";
123 1 0 36,84 "123";
124 1 0 63,111 "124";
125 0 0 52,99 "125";
126 2 1 62,84 "126";
127 1 0 66,94 "127";
128 2 1 70,96 "128";
129 2 0 71,137 "129";
130 1 0 91,124 "130";
131 0 1 15,73 "131";
132 2 1 54,111 "132";
133 2 1 82,126 "133";
134 2 1 79,107 "134";
135 1 1 43,53 "135";
136 1 1 53,104 "136";
137 0 0 37,85 "137";
138 1 0 49,121 "138";
139 1 0 39,96 "139";
