parity 184;
0 0 1 63,125 "0";
1 2 1 42,151 "1";
2 1 0 47,171 "2";
3 1 0 26,173 "3";
4 1 1 2,51 "4";
5 2 1 22,167 "5";
6 0 0 48,56 "6";
7 2 0 123,161 "7";
8 1 1 93,170 "8";
9 0 1 106,170 "9";
10 2 0 13,104 "10";
11 1 1 24,133 "11";
12 0 1 89,151 "12";
13 0 0 23,172 "13";
14 0 0 73,99 "14";
15 0 1 4,36 "15";
16 2 1 21,179 "16";
17 1 0 2,59 "17";
18 0 0 48,90 "18";
19 1 0 49,81 "19";
20 1 1 26,83 "20";
21 1 1 49,108 "21";
22 2 1 44,115 "22";
23 0 0 125,147 "23";
24 0 0 83,133 "24";
25 0 1 96,122 "25";
26 0 0 60,182 "26";
27 2 0 77,106 "27";
28 1 0 108,179 "28";
29 1 0 92,124 "29";
30 2 1 4,42 "30";
31 0 0 56,64 "31";
32 0 1 154,167 "32";
33 0 0 29,183 "33";
34 1 1 132,182 "34";
35 0 1 71,153 "35";
36 1 1 75,126 "36";
37 2 0 0,73 "37";
38 1 0 51,138 "38";
39 0 1 40,87 "39";
40 2 1 89,180 "40";
41 0 1 8,25 "41";
42 2 1 130,139 "42";
43 1 1 54,135 "43";
44 0 1 38,50 "44";
45 2 1 14,51 "45";
46 1 1 66,182 "46";
47 0 1 27,46 "47";
48 1 0 138,159 "48";
49 2 0 56,88 "49";
50 0 0 120,125 "50";
51 0 1 9,166 "51";
52 1 1 5,81 "52";
53 0 1 37,55 "53";
54 0 0 69,91 "54";
55 2 1 98,105 "55";
56 0 0 111,170 "56";
57 0 1 75,139 "57";
58 0 1 83,108 "58";
59 0 0 53,139 "59";
60 2 0 32,34 "60";
61 1 1 5,101 "61";
62 1 1 80,93 "62";
63 1 1 21,154 "63";
64 1 1 66,137 "64";
65 2 0 43,131 "65";
66 1 0 113,137 "66";
67 1 0 52,171 "67";
68 0 1 106,155 "68";
69 2 0 138,182 "69";
70 2 0 60,120 "70";
71 0 0 109,164 "71";
72 2 0 28,178 "72";
73 1 0 137,141 "73";
74 1 1 5,71 "74";
75 2 1 11,159 "75";
76 0 1 100,105 "76";
77 2 0 53,124 "77";
78 2 0 45,127 "78";
79 2 0 136,170 "79";
80 0 0 24,78 "80";
81 0 0 25,94 "81";
82 2 1 59,142 "82";
83 2 0 144,183 "83";
84 2 0 144,169 "84";
85 2 1 122,142 "85";
86 2 1 89,108 "86";
87 2 1 7,42 "87";
88 2 0 35,183 "88";
89 1 1 43,114 "89";
90 0 0 136,154 "90";
91 0 0 9,25 "91";
92 1 1 0,78 "92";
93 2 0 181,183 "93";
94 2 0 72,180 "94";
95 1 1 72,152 "95";
96 1 1 145,156 "96";
97 0 1 160,163 "97";
98 2 0 7,31 "98";
99 2 1 57,58 "99";
100 1 0 27,117 "100";
101 2 0 182,183 "101";
102 1 0 47,93 "102";
103 0 1 55,183 "103";
104 1 0 81,91 "104";
105 1 0 115,172 "105";
106 1 0 40,163 "106";
107 2 0 153,182 "107";
108 2 1 103,132 "108";
109 1 0 67,168 "109";
110 2 0 75,140 "110";
111 1 0 102,167 "111";
112 2 0 38,113 "112";
113 0 0 106,138 "113";
114 1 1 13,160 "114";
115 0 0 73,137 "115";
116 1 0 68,89 "116";
117 0 0 22,109 "117";
118 2 1 85,144 "118";
119 2 1 15,84 "119";
120 1 0 72,81 "120";
121 1 0 28,79 "121";
122 0 0 69,126 "122";
123 2 0 25,138 "123";
124 0 0 8,68 "124";
125 2 1 33,53 "125";
126 1 0 86,163 "126";
127 0 1 38,148 "127";
128 1 1 13,26 "128";
129 0 1 95,173 "129";
130 2 0 29,95 "130";
131 2 0 19,177 "131";
132 0 0 68,84 "132";
133 2 1 107,123 "133";
134 1 1 47,101 "134";
135 1 0 14,59 "135";
136 2 0 25,28 "136";
137 1 1 84,106 "137";
138 1 1 46,91 "138";
139 0 1 59,149 "139";
140 2 1 143,158 "140";
141 1 0 43,57 "141";
142 2 1 19,59 "142";
143 0 1 69,154 "143";
144 1 0 32,77 "144";
145 0 0 81,161 "145";
146 2 0 31,132 "146";
147 2 0 81,156 "147";
148 0 1 34,165 "148";
149 1 0 83,116 "149";
150 0 1 115,181 "150";
151 0 0 40,146 "151";
152 0 0 67,176 "152";
153 2 1 52,142 "153";
154 1 0 65,111 "154";
155 0 0 1,161 "155";
156 2 1 153,165 "156";
157 2 0 153,178 "157";
158 0 1 10,28 "158";
159 1 0 120,122 "159";
160 1 1 104,157 "160";
161 0 1 75,182 "161";
162 0 1 20,170 "162";
163 0 0 23,39 "163";
164 0 0 124,126 "164";
165 1 1 64,182 "165";
166 1 0 11,161 "166";
167 0 1 54,108 "167";
168 2 1 40,154 "168";
169 0 0 65,184 "169";
170 1 1 63,184 "170";
171 2 1 54,164 "171";
172 2 0 100,158 "172";
173 0 0 136,178 "173";
174 0 0 54,56 "174";
175 0 0 2,47 "175";
176 2 1 48,126 "176";
177 2 1 82,128 "177";
178 2 0 24,120 "178";
179 1 0 24,34 "179";
180 0 1 14,120 "180";
181 0 1 157,172 "181";
182 2 1 28,124 "182";
183 1 0 9,119 "183";
184 2 1 117,135 "184";
