parity 99;
0 2 0 33,65 "0";
1 2 0 55,60 "1";
2 0 0 82,96 "2";
3 1 1 48,62 "3";
4 1 0 80,85 "4";
5 1 0 21,75 "5";
6 1 1 30,59 "6";
7 2 0 8,93 "7";
8 1 0 2,23 "8";
9 2 0 2,64 "9";
10 2 1 54,72 "10";
11 1 1 34,85 "11";
12 2 1 39,89 "12";
13 1 1 15,76 "13";
14 1 1 52,83 "14";
15 2 0 60,74 "15";
16 2 0 6,85 "16";
17 0 0 91,96 "17";
18 1 1 24,80 "18";
19 1 0 16,74 "19";
20 0 1 15,17 "20";
21 1 0 23,61 "21";
22 1 1 2,48 "22";
23 0 1 3,63 "23";
24 0 0 29,34 "24";
25 1 1 7,57 "25";
26 0 1 68,77 "26";
27 1 0 44,46 "27";
28 1 0 23,94 "28";
29 0 0 4,10 "29";
30 0 0 10,46 "30";
31 2 0 0,85 "31";
32 2 1 68,72 "32";
33 1 0 69,70 "33";
34 2 1 9,86 "34";
35 2 0 10,20 "35";
36 0 1 40,45 "36";
37 0 1 61,81 "37";
38 1 1 15,83 "38";
39 2 0 37,42 "39";
40 1 0 13,86 "40";
41 1 1 32,56 "41";
42 1 1 32,40 "42";
43 1 1 2,50 "43";
44 2 1 29,62 "44";
45 1 1 1,79 "45";
46 0 1 5,86 "46";
47 1 1 33,77 "47";
48 2 0 51,72 "48";
49 1 1 12,95 "49";
50 2 1 53,80 "50";
51 0 1 34,70 "51";
52 1 0 18,98 "52";
53 1 0 57,74 "53";
54 2 1 0,59 "54";
55 0 0 41,93 "55";
56 0 1 31,66 "56";
57 2 1 39,95 "57";
58 1 1 31,75 "58";
59 1 0 28,39 "59";
60 2 1 44,53 "60";
61 0 0 5,50 "61";
62 2 0 12,76 "62";
63 2 1 13,67 "63";
64 2 1 62,83 "64";
65 0 1 16,72 "65";
66 2 0 44,64 "66";
67 2 0 36,86 "67";
68 2 1 81,93 "68";
69 2 0 16,19 "69";
70 2 1 4,69 "70";
71 0 1 2,42 "71";
72 0 1 50,95 "72";
73 0 0 75,99 "73";
74 2 0 15,95 "74";
75 1 1 23,77 "75";
76 0 1 20,86 "76";
77 1 0 6,61 "77";
78 1 1 7,88 "78";
79 0 1 12,92 "79";
80 0 1 11,35 "80";
81 2 0 38,93 "81";
82 2 1 14,88 "82";
83 2 1 0,34 "83";
84 2 0 2,82 "84";
85 1 0 7,21 "85";
86 2 0 11,72 "86";
87 0 0 46,59 "87";
88 2 0 31,98 "88";
89 2 0 2,65 "89";
90 1 0 46,94 "90";
91 0 0 31,98 "91";
92 1 1 42,71 "92";
93 1 1 34,88 "93";
94 1 1 64,89 "94";
95 2 0 61,73 "95";
96 1 0 14,32 "96";
97 1 1 27,86 "97";
98 1 0 30,54 "98";
99 2 0 8,86 "99";
