parity 104;
0 2 0 21,40 "0";
1 0 1 61,92 "1";
2 1 1 22,71 "2";
3 2 1 76,98 "3";
4 1 0 5,63 "4";
5 2 1 22,56 "5";
6 1 0 82,102 "6";
7 2 1 30,48 "7";
8 1 1 45,70 "8";
9 0 0 85,102 "9";
10 0 1 11,102 "10";
11 2 0 62,104 "11";
12 1 1 98,104 "12";
13 0 0 61,104 "13";
14 2 0 38,53 "14";
15 2 0 53,76 "15";
16 1 1 15,20 "16";
17 0 1 50,86 "17";
18 0 0 46,78 "18";
19 1 0 68,79 "19";
20 2 1 14,50 "20";
21 1 0 32,86 "21";
22 0 0 14,103 "22";
23 2 1 27,80 "23";
24 2 1 34,80 "24";
25 1 1 4,12 "25";
26 2 0 67,89 "26";
27 0 0 60,92 "27";
28 0 1 58,87 "28";
29 0 1 49,83 "29";
30 0 1 53,67 "30";
31 0 1 53,67 "31";
32 0 1 15,80 "32";
33 0 0 11,94 "33";
34 0 1 71,91 "34";
35 1 0 16,93 "35";
36 0 0 11,78 "36";
37 2 0 28,70 "37";
38 2 0 55,76 "38";
39 0 0 47,69 "39";
40 2 1 58,79 "40";
41 2 1 69,100 "41";
42 0 1 29,75 "42";
43 1 0 44,67 "43";
44 2 0 54,77 "44";
45 2 0 34,73 "45";
46 0 1 19,47 "46";
47 0 1 61,73 "47";
48 0 1 17,59 "48";
49 2 0 46,99 "49";
50 2 1 6,36 "50";
51 2 1 45,77 "51";
52 2 0 6,99 "52";
53 0 0 24,41 "53";
54 1 1 60,72 "54";
55 0 1 66,71 "55";
56 2 1 10,81 "56";
57 2 0 27,74 "57";
58 2 0 47,89 "58";
59 2 0 14,93 "59";
60 1 1 12,90 "60";
61 1 1 60,83 "61";
62 1 1 66,94 "62";
63 2 0 32,78 "63";
64 1 1 48,99 "64";
65 1 1 66,86 "65";
66 0 1 64,83 "66";
67 2 1 37,47 "67";
68 0 1 26,102 "68";
69 2 1 16,78 "69";
70 0 0 36,82 "70";
71 0 1 78,86 "71";
72 1 0 59,80 "72";
73 0 1 93,104 "73";
74 0 1 33,75 "74";
75 2 1 70,87 "75";
76 0 0 61,85 "76";
77 0 0 38,46 "77";
78 2 0 4,22 "78";
79 2 1 15,100 "79";
80 2 0 49,75 "80";
81 2 1 18,91 "81";
82 2 0 36,68 "82";
83 2 1 19,99 "83";
84 0 1 13,18 "84";
85 1 0 1,79 "85";
86 1 0 14,42 "86";
87 2 0 12,58 "87";
88 2 0 72,93 "88";
89 0 1 50,77 "89";
90 2 0 42,63 "90";
91 0 0 60,83 "91";
92 2 1 1,43 "92";
93 1 1 54,80 "93";
94 1 0 25,77 "94";
95 2 0 91,101 "95";
96 0 0 37,100 "96";
97 2 0 30,73 "97";
98 0 0 29,59 "98";
99 0 0 52,74 "99";
100 1 1 75,87 "100";
101 2 1 30,40 "101";
102 2 0 55,64 "102";
103 2 0 11,77 "103";
104 2 1 15,58 "104";
