parity 134;
0 0 1 60,121 "0";
1 1 1 38,115 "1";
2 2 1 98,114 "2";
3 0 0 59,107 "3";
4 0 1 33,120 "4";
5 1 1 77,103 "5";
6 2 0 65,130 "6";
7 0 1 61,78 "7";
8 0 1 83,94 "8";
9 1 0 32,134 "9";
10 0 0 60,113 "10";
11 1 0 65,116 "11";
12 0 1 2,26 "12";
13 1 0 83,118 "13";
14 2 0 55,61 "14";
15 0 1 11,64 "15";
16 1 1 2,133 "16";
17 2 1 23,127 "17";
18 1 0 66,86 "18";
19 0 1 103,113 "19";
20 2 0 39,92 "20";
21 2 1 4,42 "21";
22 2 1 113,119 "22";
23 1 0 75,129 "23";
24 1 0 14,33 "24";
25 2 1 20,61 "25";
26 0 0 50,57 "26";
27 1 0 34,84 "27";
28 1 1 34,108 "28";
29 1 0 13,26 "29";
30 1 1 0,73 "30";
31 1 0 4,19 "31";
32 1 1 40,97 "32";
33 0 0 36,63 "33";
34 1 0 86,129 "34";
35 1 0 27,46 "35";
36 0 1 118,132 "36";
37 0 1 95,104 "37";
38 0 0 51,74 "38";
39 0 1 65,97 "39";
40 2 1 4,134 "40";
41 1 1 19,46 "41";
42 0 1 20,123 "42";
43 2 0 65,83 "43";
44 0 0 5,111 "44";
45 2 0 20,87 "45";
46 1 1 54,133 "46";
47 1 1 16,28 "47";
48 2 0 22,116 "48";
49 2 1 47,122 "49";
50 1 1 72,132 "50";
51 1 1 18,25 "51";
52 1 0 70,101 "52";
53 0 0 42,79 "53";
54 2 1 47,115 "54";
55 2 1 19,47 "55";
56 2 1 83,112 "56";
57 0 0 45,100 "57";
58 1 1 9,103 "58";
59 1 1 58,83 "59";
60 0 1 5,96 "60";
61 1 1 11,34 "61";
62 0 0 28,54 "62";
63 1 1 115,130 "63";
64 0 0 37,134 "64";
65 2 0 61,126 "65";
66 0 0 24,77 "66";
67 1 1 9,45 "67";
68 1 1 45,83 "68";
69 0 0 31,111 "69";
70 0 1 44,86 "70";
71 0 1 55,87 "71";
72 1 0 87,133 "72";
73 0 1 72,97 "73";
74 0 1 51,91 "74";
75 2 0 13,67 "75";
76 2 0 125,134 "76";
77 0 0 96,108 "77";
78 2 0 7,32 "78";
79 2 1 7,37 "79";
80 0 1 83,108 "80";
81 0 1 44,52 "81";
82 0 0 83,105 "82";
83 0 0 72,76 "83";
84 1 0 6,105 "84";
85 0 0 65,127 "85";
86 1 0 13,38 "86";
87 2 0 77,103 "87";
88 0 0 82,96 "88";
89 2 1 106,108 "89";
90 1 1 40,115 "90";
91 0 0 14,41 "91";
92 1 1 39,82 "92";
93 1 1 71,130 "93";
94 0 1 15,37 "94";
95 1 0 0,76 "95";
96 0 1 1,134 "96";
97 1 1 50,54 "97";
98 1 0 73,118 "98";
99 0 0 14,78 "99";
100 0 0 122,128 "100";
101 0 1 40,119 "101";
102 0 1 42,125 "102";
103 2 0 25,32 "103";
104 1 0 38,111 "104";
105 2 0 50,122 "105";
106 2 1 15,96 "106";
107 2 0 7,118 "107";
108 2 1 25,71 "108";
109 1 1 3,42 "109";
110 2 0 30,81 "110";
111 2 1 2,76 "111";
112 0 1 55,117 "112";
113 1 0 76,93 "113";
114 0 0 50,51 "114";
115 0 0 35,42 "115";
116 0 1 31,108 "116";
117 2 0 37,44 "117";
118 1 0 98,116 "118";
119 0 1 56,106 "119";
120 2 0 89,92 "120";
121 2 1 9,51 "121";
122 0 0 11,34 "122";
123 2 0 24,127 "123";
124 2 0 27,59 "124";
125 1 1 28,50 "125";
126 2 1 24,90 "126";
127 1 0 51,125 "127";
128 2 0 48,104 "128";
129 1 1 16,131 "129";
130 0 1 83,85 "130";
131 1 0 13,66 "131";
132 2 0 44,126 "132";
133 0 0 51,118 "133";
134 1 0 95,123 "134";
