parity 159;
0 2 0 112,157 "0";
1 0 0 40,151 "1";
2 1 1 14,111 "2";
3 0 1 9,70 "3";
4 1 0 123,150 "4";
5 2 1 154,156 "5";
6 1 0 69,82 "6";
7 1 1 18,46 "7";
8 1 0 13,35 "8";
9 2 0 85,107 "9";
10 0 1 63,93 "10";
11 0 1 42,109 "11";
12 0 0 20,41 "12";
13 1 1 49,138 "13";
14 0 1 93,149 "14";
15 0 0 70,146 "15";
16 2 0 58,119 "16";
17 0 1 20,111 "17";
18 1 0 42,85 "18";
19 1 0 61,84 "19";
20 1 1 12,126 "20";
21 0 0 1,79 "21";
22 1 0 67,112 "22";
23 2 1 39,123 "23";
24 0 0 19,41 "24";
25 0 1 72,112 "25";
26 1 0 22,83 "26";
27 1 1 38,60 "27";
28 2 1 9,89 "28";
29 1 0 47,57 "29";
30 1 1 12,49 "30";
31 2 0 24,111 "31";
32 2 1 100,142 "32";
33 0 0 52,139 "33";
34 2 0 110,127 "34";
35 2 0 43,76 "35";
36 2 0 31,99 "36";
37 2 0 139,142 "37";
38 2 0 147,158 "38";
39 0 0 100,148 "39";
40 1 1 58,157 "40";
41 1 1 90,139 "41";
42 2 1 70,95 "42";
43 2 1 29,135 "43";
44 1 0 11,157 "44";
45 2 0 14,111 "45";
46 2 1 80,94 "46";
47 1 1 10,45 "47";
48 2 1 21,156 "48";
49 1 1 70,105 "49";
50 1 1 100,107 "50";
51 2 1 107,128 "51";
52 2 0 23,93 "52";
53 0 1 40,115 "53";
54 1 0 25,102 "54";
55 2 1 36,102 "55";
56 1 1 94,115 "56";
57 2 1 9,155 "57";
58 1 0 45,50 "58";
59 1 0 60,63 "59";
60 1 0 11,109 "60";
61 2 1 4,91 "61";
62 2 0 57,149 "62";
63 0 1 26,140 "63";
64 1 0 0,120 "64";
65 0 1 54,86 "65";
66 1 0 27,50 "66";
67 0 0 65,158 "67";
68 2 0 52,65 "68";
69 0 0 23,34 "69";
70 0 0 73,129 "70";
71 1 0 13,57 "71";
72 0 0 5,118 "72";
73 1 1 36,147 "73";
74 1 1 3,152 "74";
75 1 1 22,34 "75";
76 2 0 62,106 "76";
77 0 1 32,54 "77";
78 2 0 70,138 "78";
79 2 1 25,37 "79";
80 0 0 96,134 "80";
81 2 1 150,159 "81";
82 2 0 45,76 "82";
83 0 1 26,150 "83";
84 0 1 101,125 "84";
85 2 1 17,43 "85";
86 2 1 64,77 "86";
87 0 1 22,52 "87";
88 0 0 99,135 "88";
89 1 0 44,137 "89";
90 0 0 10,138 "90";
91 1 1 16,52 "91";
92 1 1 55,80 "92";
93 1 1 45,62 "93";
94 1 1 68,125 "94";
95 0 1 48,151 "95";
96 2 1 27,126 "96";
97 1 1 128,146 "97";
98 1 0 29,79 "98";
99 2 1 88,109 "99";
100 2 1 60,81 "100";
101 2 0 29,129 "101";
102 2 0 38,142 "102";
103 1 0 41,149 "103";
104 2 1 22,131 "104";
105 2 0 1,53 "105";
106 1 1 74,77 "106";
107 2 0 4,149 "107";
108 1 1 48,115 "108";
109 1 1 41,121 "109";
110 1 1 26,148 "110";
111 1 0 76,114 "111";
112 1 0 146,151 "112";
113 2 0 81,131 "113";
114 2 1 28,38 "114";
115 0 0 63,148 "115";
116 2 0 21,96 "116";
117 0 1 35,154 "117";
118 0 1 2,151 "118";
119 2 0 107,144 "119";
120 1 0 62,96 "120";
121 1 0 111,122 "121";
122 0 1 81,149 "122";
123 1 0 26,131 "123";
124 2 1 79,156 "124";
125 0 1 85,146 "125";
126 0 1 32,74 "126";
127 0 0 48,55 "127";
128 1 0 19,143 "128";
129 1 1 76,121 "129";
130 0 1 21,140 "130";
131 1 0 68,129 "131";
132 1 1 100,106 "132";
133 1 1 8,84 "133";
134 2 1 31,153 "134";
135 2 1 99,104 "135";
136 0 1 1,8 "136";
137 0 1 120,143 "137";
138 0 0 95,155 "138";
139 0 1 54,98 "139";
140 1 0 135,153 "140";
141 2 0 59,80 "141";
142 0 1 29,130 "142";
143 2 0 62,138 "143";
144 1 0 20,152 "144";
145 0 0 47,101 "145";
146 0 0 38,81 "146";
147 2 0 14,67 "147";
148 0 0 83,119 "148";
149 0 0 80,116 "149";
150 2 1 46,90 "150";
151 1 1 18,94 "151";
152 1 0 64,66 "152";
153 2 1 108,144 "153";
154 0 0 74,146 "154";
155 1 0 83,147 "155";
156 1 1 29,94 "156";
157 2 1 98,140 "157";
158 1 1 78,132 "158";
159 2 1 63,69 "159";
