parity 124;
0 0 0 33,45 "0";
1 2 1 29,47 "1";
2 1 0 56,86 "2";
3 0 0 83,95 "3";
4 1 1 19,49 "4";
5 0 0 62,102 "5";
6 0 0 3,115 "6";
7 0 1 3,65 "7";
8 0 0 5,17 "8";
9 2 1 69,99 "9";
10 1 0 26,61 "10";
11 2 1 49,105 "11";
12 2 1 7,116 "12";
13 1 0 79,103 "13";
14 0 1 76,110 "14";
15 2 0 76,78 "15";
16 2 0 47,101 "16";
17 2 1 82,123 "17";
18 0 0 12,95 "18";
19 0 1 15,108 "19";
20 2 0 21,53 "20";
21 0 0 12,81 "21";
22 0 0 17,41 "22";
23 1 1 36,74 "23";
24 1 0 73,92 "24";
25 0 1 74,85 "25";
26 0 1 3,90 "26";
27 1 1 2,3 "27";
28 2 1 78,100 "28";
29 0 0 89,96 "29";
30 2 0 15,69 "30";
31 0 1 2,95 "31";
32 2 1 61,116 "32";
33 2 0 1,103 "33";
34 1 0 26,33 "34";
35 0 0 21,55 "35";
36 2 1 27,119 "36";
37 0 0 5,120 "37";
38 0 0 97,118 "38";
39 1 1 53,78 "39";
40 2 0 121,122 "40";
41 1 1 53,70 "41";
42 1 1 12,49 "42";
43 1 0 56,107 "43";
44 1 1 98,118 "44";
45 0 1 38,46 "45";
46 1 1 102,111 "46";
47 1 1 39,45 "47";
48 0 0 68,102 "48";
49 1 1 99,102 "49";
50 1 0 27,30 "50";
51 1 1 41,112 "51";
52 1 0 14,104 "52";
53 0 1 35,93 "53";
54 0 0 83,117 "54";
55 1 0 34,101 "55";
56 1 0 25,51 "56";
57 1 0 42,49 "57";
58 1 1 18,60 "58";
59 2 0 28,97 "59";
60 1 1 46,51 "60";
61 2 1 5,11 "61";
62 2 1 49,52 "62";
63 2 0 56,95 "63";
64 2 0 26,62 "64";
65 2 0 71,83 "65";
66 1 1 76,82 "66";
67 1 1 35,75 "67";
68 1 0 76,99 "68";
69 1 1 54,73 "69";
70 0 0 33,50 "70";
71 1 0 8,106 "71";
72 1 0 40,49 "72";
73 0 0 1,23 "73";
74 2 1 45,93 "74";
75 1 0 26,41 "75";
76 2 0 24,81 "76";
77 1 0 21,41 "77";
78 2 1 84,106 "78";
79 0 0 24,81 "79";
80 1 0 76,83 "80";
81 0 1 40,60 "81";
82 0 0 87,117 "82";
83 2 0 0,41 "83";
84 0 1 46,66 "84";
85 0 0 65,76 "85";
86 2 0 121,123 "86";
87 0 1 56,80 "87";
88 1 1 6,109 "88";
89 2 1 0,44 "89";
90 0 1 21,86 "90";
91 1 1 18,26 "91";
92 0 0 16,111 "92";
93 0 0 8,22 "93";
94 0 1 5,47 "94";
95 2 0 48,66 "95";
96 0 1 68,98 "96";
97 2 1 81,108 "97";
98 1 0 4,66 "98";
99 2 0 76,89 "99";
100 1 1 48,65 "100";
101 1 0 10,32 "101";
102 2 1 46,80 "102";
103 0 0 97,123 "103";
104 2 0 95,105 "104";
105 0 1 82,114 "105";
106 2 0 6,55 "106";
107 2 1 1,88 "107";
108 2 0 16,23 "108";
109 0 1 23,90 "109";
110 2 1 68,103 "110";
111 1 0 37,109 "111";
112 1 1 24,59 "112";
113 0 1 11,48 "113";
114 2 0 27,115 "114";
115 1 0 36,62 "115";
116 2 0 61,63 "116";
117 2 1 74,110 "117";
118 1 1 22,23 "118";
119 2 1 116,120 "119";
120 2 0 50,63 "120";
121 1 1 104,113 "121";
122 2 1 59,94 "122";
123 2 1 10,49 "123";
124 1 0 6,30 "124";
