parity 164;
0 0 0 27,140 "0";
1 1 1 48,137 "1";
2 0 0 6,53 "2";
3 2 1 35,68 "3";
4 2 0 24,135 "4";
5 1 1 143,156 "5";
6 1 1 57,82 "6";
7 2 0 14,153 "7";
8 2 1 86,90 "8";
9 0 0 76,114 "9";
10 2 1 42,147 "10";
11 2 1 15,94 "11";
12 2 1 75,80 "12";
13 2 1 26,133 "13";
14 1 1 38,128 "14";
15 1 0 31,47 "15";
16 2 0 73,138 "16";
17 0 1 87,96 "17";
18 0 1 8,64 "18";
19 0 0 55,90 "19";
20 0 0 118,126 "20";
21 0 0 72,91 "21";
22 0 1 140,144 "22";
23 2 0 140,141 "23";
24 2 0 15,141 "24";
25 0 0 17,81 "25";
26 1 0 98,139 "26";
27 2 0 38,67 "27";
28 0 1 49,52 "28";
29 0 0 3,14 "29";
30 2 0 79,90 "30";
31 1 0 15,50 "31";
32 0 0 112,145 "32";
33 0 1 16,108 "33";
34 1 0 1,152 "34";
35 0 1 81,119 "35";
36 2 1 1,107 "36";
37 2 1 86,162 "37";
38 0 1 102,125 "38";
39 1 0 77,131 "39";
40 0 0 0,135 "40";
41 0 0 82,160 "41";
42 0 1 7,17 "42";
43 1 0 66,164 "43";
44 0 0 41,119 "44";
45 0 1 52,79 "45";
46 1 1 24,89 "46";
47 1 0 110,163 "47";
48 1 0 4,109 "48";
49 2 1 87,124 "49";
50 0 1 7,148 "50";
51 0 0 26,44 "51";
52 0 1 103,159 "52";
53 2 1 43,127 "53";
54 0 1 9,95 "54";
55 0 1 15,23 "55";
56 0 1 35,53 "56";
57 0 0 121,132 "57";
58 2 0 76,163 "58";
59 1 1 47,116 "59";
60 1 0 43,53 "60";
61 1 1 4,161 "61";
62 2 1 2,80 "62";
63 2 0 17,91 "63";
64 2 0 97,100 "64";
65 1 0 6,125 "65";
66 2 0 19,59 "66";
67 2 1 6,105 "67";
68 1 0 4,109 "68";
69 1 0 57,68 "69";
70 0 1 119,136 "70";
71 1 0 57,59 "71";
72 2 1 23,127 "72";
73 2 1 70,158 "73";
74 1 0 94,142 "74";
75 2 0 114,132 "75";
76 2 1 69,81 "76";
77 2 1 21,117 "77";
78 0 1 92,133 "78";
79 0 1 153,163 "79";
80 2 0 19,39 "80";
81 1 1 17,69 "81";
82 2 1 42,114 "82";
83 1 1 44,156 "83";
84 0 0 85,105 "84";
85 2 1 22,67 "85";
86 2 0 96,145 "86";
87 2 0 61,144 "87";
88 1 0 133,158 "88";
89 2 0 115,124 "89";
90 2 0 58,94 "90";
91 1 1 27,42 "91";
92 0 1 134,140 "92";
93 0 0 91,109 "93";
94 1 0 12,99 "94";
95 0 0 0,36 "95";
96 0 0 37,126 "96";
97 2 0 7,131 "97";
98 1 0 31,120 "98";
99 1 1 51,57 "99";
100 1 0 31,75 "100";
101 1 0 67,136 "101";
102 0 1 53,114 "102";
103 1 1 30,106 "103";
104 2 0 21,50 "104";
105 2 0 43,101 "105";
106 0 1 29,111 "106";
107 1 0 19,71 "107";
108 2 0 95,121 "108";
109 0 0 36,78 "109";
110 1 1 96,101 "110";
111 1 0 16,107 "111";
112 0 1 96,151 "112";
113 0 0 47,114 "113";
114 1 0 11,69 "114";
115 0 0 58,74 "115";
116 1 1 140,164 "116";
117 0 1 126,134 "117";
118 2 0 56,146 "118";
119 1 0 43,112 "119";
120 0 1 11,105 "120";
121 0 0 124,135 "121";
122 0 1 105,132 "122";
123 1 1 65,147 "123";
124 1 0 28,61 "124";
125 2 0 111,123 "125";
126 2 1 59,116 "126";
127 2 1 59,75 "127";
128 0 0 67,144 "128";
129 0 1 32,39 "129";
130 0 1 62,79 "130";
131 0 0 27,110 "131";
132 1 1 54,61 "132";
133 2 1 1,24 "133";
134 0 1 19,38 "134";
135 0 1 60,115 "135";
136 2 0 4,161 "136";
137 1 1 5,60 "137";
138 2 0 78,129 "138";
139 1 0 65,92 "139";
140 0 0 50,92 "140";
141 2 0 4,86 "141";
142 0 0 31,84 "142";
143 1 1 113,120 "143";
144 2 1 47,55 "144";
145 2 1 7,86 "145";
146 0 1 1,127 "146";
147 1 1 56,99 "147";
148 2 0 88,146 "148";
149 0 0 78,134 "149";
150 0 1 58,113 "150";
151 1 1 23,33 "151";
152 2 0 5,66 "152";
153 2 1 129,152 "153";
154 0 0 101,149 "154";
155 0 1 68,164 "155";
156 0 0 76,144 "156";
157 2 1 97,125 "157";
158 0 1 43,122 "158";
159 2 0 51,134 "159";
160 1 0 63,86 "160";
161 1 0 55,156 "161";
162 1 1 108,113 "162";
163 0 1 40,78 "163";
164 2 1 82,148 "164";
