parity 139;
0 2 1 79,124 "0";
1 2 0 16,19 "1";
2 1 0 13,62 "2";
3 1 1 82,126 "3";
4 1 1 38,106 "4";
5 0 0 58,116 "5";
6 1 0 93,129 "6";
7 1 0 6,55 "7";
8 2 0 39,127 "8";
9 1 0 121,137 "9";
10 1 0 75,112 "10";
11 1 1 18,133 "11";
12 0 1 81,109 "12";
13 2 1 19,110 "13";
14 0 1 4,70 "14";
15 2 0 70,108 "15";
16 1 0 84,108 "16";
17 2 1 2,123 "17";
18 2 1 15,66 "18";
19 2 0 8,106 "19";
20 1 0 22,92 "20";
21 0 0 26,137 "21";
22 2 1 67,102 "22";
23 1 1 54,112 "23";
24 1 0 19,84 "24";
25 1 1 13,56 "25";
26 1 1 79,107 "26";
27 0 1 13,105 "27";
28 0 1 47,70 "28";
29 2 1 43,90 "29";
30 2 0 27,106 "30";
31 2 0 35,120 "31";
32 2 0 12,30 "32";
33 0 0 95,115 "33";
34 2 1 28,40 "34";
35 2 0 6,39 "35";
36 0 0 4,21 "36";
37 0 1 22,60 "37";
38 1 1 14,63 "38";
39 1 0 23,46 "39";
40 1 1 16,118 "40";
41 0 0 75,86 "41";
42 0 0 23,39 "42";
43 2 0 34,124 "43";
44 1 0 36,96 "44";
45 2 1 62,80 "45";
46 1 0 22,59 "46";
47 1 0 49,116 "47";
48 0 1 82,105 "48";
49 0 1 110,138 "49";
50 1 0 0,27 "50";
51 1 0 77,122 "51";
52 2 0 8,24 "52";
53 0 0 48,88 "53";
54 0 1 123,139 "54";
55 0 0 12,28 "55";
56 1 1 108,116 "56";
57 1 0 24,106 "57";
58 0 1 74,124 "58";
59 2 1 11,20 "59";
60 1 0 86,122 "60";
61 1 1 12,50 "61";
62 0 1 34,53 "62";
63 0 0 12,129 "63";
64 2 0 26,42 "64";
65 2 0 18,32 "65";
66 0 0 113,116 "66";
67 0 1 18,46 "67";
68 1 0 58,81 "68";
69 0 0 84,136 "69";
70 1 0 14,58 "70";
71 1 0 13,38 "71";
72 0 1 8,63 "72";
73 2 1 31,119 "73";
74 1 0 89,114 "74";
75 1 0 125,128 "75";
76 0 1 45,53 "76";
77 0 1 31,81 "77";
78 2 1 44,102 "78";
79 1 1 81,111 "79";
80 1 0 69,130 "80";
81 1 0 45,107 "81";
82 1 0 78,119 "82";
83 2 0 39,89 "83";
84 2 1 43,62 "84";
85 1 1 40,51 "85";
86 0 0 75,97 "86";
87 1 0 19,59 "87";
88 0 1 10,109 "88";
89 2 0 1,70 "89";
90 2 0 32,66 "90";
91 2 0 30,57 "91";
92 2 1 22,131 "92";
93 0 1 18,82 "93";
94 1 0 68,77 "94";
95 1 0 71,114 "95";
96 2 1 93,117 "96";
97 1 0 13,104 "97";
98 1 0 21,31 "98";
99 2 1 72,113 "99";
100 2 0 44,70 "100";
101 0 0 44,125 "101";
102 1 1 60,125 "102";
103 1 0 104,126 "103";
104 2 1 39,132 "104";
105 2 1 10,131 "105";
106 1 1 18,115 "106";
107 1 0 21,136 "107";
108 2 1 29,74 "108";
109 2 0 15,128 "109";
110 0 0 76,125 "110";
111 1 0 8,81 "111";
112 1 0 46,120 "112";
113 0 0 29,121 "113";
114 1 1 15,26 "114";
115 0 0 47,64 "115";
116 2 0 94,107 "116";
117 2 1 46,125 "117";
118 2 0 24,68 "118";
119 2 0 123,132 "119";
120 0 1 40,86 "120";
121 2 1 48,61 "121";
122 0 0 33,57 "122";
123 0 0 12,125 "123";
124 2 1 22,26 "124";
125 1 1 27,81 "125";
126 2 0 98,134 "126";
127 1 0 28,117 "127";
128 0 1 3,100 "128";
129 0 1 99,139 "129";
130 0 1 6,98 "130";
131 2 0 102,121 "131";
132 0 1 8,125 "132";
133 1 0 34,127 "133";
134 1 1 56,127 "134";
135 1 0 44,64 "135";
136 1 1 6,42 "136";
137 1 0 39,97 "137";
138 0 0 13,35 "138";
139 0 1 104,108 "139";
