parity 189;
0 2 1 136,169 "0";
1 2 0 0,148 "1";
2 0 1 19,26 "2";
3 1 1 147,187 "3";
4 0 1 75,140 "4";
5 1 1 71,128 "5";
6 0 0 78,91 "6";
7 0 1 53,154 "7";
8 0 1 104,172 "8";
9 0 1 51,68 "9";
10 1 1 27,138 "10";
11 2 1 131,135 "11";
12 2 1 108,188 "12";
13 0 1 43,180 "13";
14 0 0 0,108 "14";
15 0 1 77,133 "15";
16 1 1 8,98 "16";
17 0 1 20,118 "17";
18 0 0 51,178 "18";
19 2 1 94,185 "19";
20 2 1 29,39 "20";
21 2 1 80,154 "21";
22 1 1 13,179 "22";
23 2 0 36,41 "23";
24 2 1 31,107 "24";
25 1 1 56,185 "25";
26 1 1 134,175 "26";
27 1 0 61,113 "27";
28 2 0 29,70 "28";
29 2 1 150,171 "29";
30 2 1 71,139 "30";
31 0 0 23,149 "31";
32 1 0 78,86 "32";
33 1 1 61,186 "33";
34 2 0 79,125 "34";
35 1 0 72,138 "35";
36 2 1 9,66 "36";
37 0 0 61,134 "37";
38 1 0 9,40 "38";
39 2 0 129,184 "39";
40 2 0 39,90 "40";
41 1 0 15,80 "41";
42 2 0 32,158 "42";
43 0 0 16,120 "43";
44 1 0 34,62 "44";
45 2 0 107,119 "45";
46 0 1 118,161 "46";
47 0 1 80,132 "47";
48 2 0 161,177 "48";
49 0 0 107,129 "49";
50 1 0 0,172 "50";
51 2 1 17,133 "51";
52 0 1 68,110 "52";
53 1 1 34,142 "53";
54 1 0 3,6 "54";
55 1 1 24,142 "55";
56 2 0 70,161 "56";
57 1 0 99,164 "57";
58 0 0 60,142 "58";
59 0 0 113,114 "59";
60 0 1 4,141 "60";
61 0 0 85,86 "61";
62 0 0 125,148 "62";
63 0 1 153,167 "63";
64 2 0 46,48 "64";
65 1 0 116,117 "65";
66 1 1 65,153 "66";
67 0 0 55,127 "67";
68 0 0 99,155 "68";
69 2 1 23,113 "69";
70 1 0 58,161 "70";
71 0 0 180,182 "71";
72 0 1 150,165 "72";
73 0 1 84,175 "73";
74 0 1 10,132 "74";
75 1 1 29,143 "75";
76 1 1 45,100 "76";
77 0 0 15,48 "77";
78 0 1 38,92 "78";
79 0 1 35,145 "79";
80 0 1 94,129 "80";
81 0 1 104,114 "81";
82 2 1 90,120 "82";
83 0 0 5,9 "83";
84 0 1 121,123 "84";
85 1 0 37,175 "85";
86 0 0 78,158 "86";
87 2 1 66,150 "87";
88 0 1 5,129 "88";
89 1 1 107,157 "89";
90 2 0 48,137 "90";
91 0 0 78,109 "91";
92 2 1 62,85 "92";
93 2 1 0,28 "93";
94 0 1 7,113 "94";
95 2 0 94,101 "95";
96 0 1 55,86 "96";
97 1 0 136,161 "97";
98 0 1 105,148 "98";
99 2 0 5,21 "99";
100 0 0 78,162 "100";
101 1 1 41,175 "101";
102 2 1 5,46 "102";
103 0 0 93,170 "103";
104 1 1 84,175 "104";
105 1 0 27,137 "105";
106 2 0 71,81 "106";
107 0 0 39,132 "107";
108 0 1 69,182 "108";
109 2 0 82,85 "109";
110 1 1 89,172 "110";
111 1 1 25,189 "111";
112 0 0 87,183 "112";
113 1 1 8,45 "113";
114 2 0 163,183 "114";
115 2 1 63,129 "115";
116 2 1 9,58 "116";
117 1 1 57,132 "117";
118 1 1 29,92 "118";
119 1 1 4,61 "119";
120 0 0 33,78 "120";
121 0 0 24,168 "121";
122 1 0 53,144 "122";
123 1 0 50,145 "123";
124 2 0 0,8 "124";
125 1 0 38,149 "125";
126 1 0 32,177 "126";
127 0 1 47,172 "127";
128 0 1 166,185 "128";
129 1 1 34,174 "129";
130 1 0 60,112 "130";
131 2 0 33,37 "131";
132 1 0 11,96 "132";
133 0 1 181,186 "133";
134 0 1 86,88 "134";
135 0 0 41,115 "135";
136 0 0 150,177 "136";
137 0 0 27,66 "137";
138 2 0 143,189 "138";
139 1 1 74,177 "139";
140 2 0 130,135 "140";
141 0 1 58,176 "141";
142 1 1 83,188 "142";
143 0 1 98,142 "143";
144 1 1 110,185 "144";
145 1 0 162,176 "145";
146 2 0 47,153 "146";
147 1 0 19,141 "147";
148 2 1 63,81 "148";
149 0 0 16,96 "149";
150 1 0 124,159 "150";
151 2 1 177,187 "151";
152 0 0 9,178 "152";
153 2 0 27,96 "153";
154 1 0 157,180 "154";
155 0 0 69,72 "155";
156 2 1 9,98 "156";
157 2 0 44,112 "157";
158 2 1 67,163 "158";
159 2 0 18,151 "159";
160 0 0 102,124 "160";
161 2 1 38,166 "161";
162 2 0 46,187 "162";
163 0 0 181,188 "163";
164 0 1 68,139 "164";
165 1 0 68,184 "165";
166 0 1 13,46 "166";
167 0 1 96,134 "167";
168 2 1 24,151 "168";
169 0 1 44,66 "169";
170 1 0 100,176 "170";
171 1 0 178,187 "171";
172 0 0 111,139 "172";
173 1 1 7,154 "173";
174 2 0 16,33 "174";
175 2 0 2,113 "175";
176 1 0 114,122 "176";
177 1 0 35,43 "177";
178 2 0 83,148 "178";
179 2 0 29,167 "179";
180 1 1 34,98 "180";
181 1 0 102,167 "181";
182 0 0 109,111 "182";
183 2 0 18,110 "183";
184 0 0 72,173 "184";
185 0 1 54,90 "185";
186 0 1 18,149 "186";
187 2 0 92,129 "187";
188 2 0 23,33 "188";
189 2 0 4,71 "189";
