parity 109;
0 0 1 20,81 "0";
1 2 1 10,50 "1";
2 2 1 49,84 "2";
3 0 0 5,57 "3";
4 2 0 87,89 "4";
5 0 0 16,80 "5";
6 2 1 63,86 "6";
7 0 1 76,91 "7";
8 0 1 29,101 "8";
9 0 0 43,72 "9";
10 1 0 18,51 "10";
11 0 1 36,104 "11";
12 0 1 72,108 "12";
13 0 0 16,54 "13";
14 1 0 47,104 "14";
15 0 0 49,50 "15";
16 2 1 76,105 "16";
17 0 1 20,65 "17";
18 1 0 29,89 "18";
19 0 0 50,82 "19";
20 1 0 14,46 "20";
21 0 0 9,99 "21";
22 0 0 48,71 "22";
23 0 0 8,36 "23";
24 2 1 7,45 "24";
25 1 0 62,105 "25";
26 1 0 31,72 "26";
27 0 0 12,107 "27";
28 0 0 75,96 "28";
29 0 0 50,105 "29";
30 2 1 89,97 "30";
31 1 1 5,19 "31";
32 1 0 27,84 "32";
33 1 0 11,76 "33";
34 0 0 20,64 "34";
35 0 0 51,102 "35";
36 2 1 84,100 "36";
37 2 1 23,90 "37";
38 2 1 42,96 "38";
39 2 0 21,87 "39";
40 1 0 10,59 "40";
41 2 1 22,38 "41";
42 2 0 59,105 "42";
43 1 0 7,52 "43";
44 1 0 7,65 "44";
45 2 1 50,66 "45";
46 1 1 10,18 "46";
47 2 0 5,77 "47";
48 2 0 46,53 "48";
49 2 1 10,103 "49";
50 2 1 45,49 "50";
51 1 1 21,79 "51";
52 1 1 17,64 "52";
53 1 1 79,94 "53";
54 2 0 1,92 "54";
55 0 1 17,19 "55";
56 1 1 64,96 "56";
57 1 0 35,89 "57";
58 1 0 22,37 "58";
59 1 0 30,51 "59";
60 2 0 92,101 "60";
61 1 0 2,76 "61";
62 1 1 56,94 "62";
63 2 0 102,107 "63";
64 1 1 14,56 "64";
65 2 0 59,72 "65";
66 2 0 16,61 "66";
67 1 1 88,98 "67";
68 1 0 35,50 "68";
69 2 1 23,49 "69";
70 0 0 13,95 "70";
71 2 1 5,62 "71";
72 0 0 34,75 "72";
73 0 1 31,72 "73";
74 2 1 46,97 "74";
75 0 0 46,63 "75";
76 2 1 15,82 "76";
77 0 1 29,105 "77";
78 2 1 26,70 "78";
79 1 1 74,107 "79";
80 1 1 18,81 "80";
81 1 0 19,32 "81";
82 2 1 44,77 "82";
83 1 1 29,38 "83";
84 2 0 8,99 "84";
85 1 1 19,52 "85";
86 0 0 38,42 "86";
87 2 0 77,101 "87";
88 2 1 81,83 "88";
89 1 0 0,100 "89";
90 0 0 24,83 "90";
91 1 0 21,38 "91";
92 2 1 35,78 "92";
93 2 0 35,54 "93";
94 2 0 11,89 "94";
95 2 0 86,107 "95";
96 1 1 46,84 "96";
97 2 1 6,71 "97";
98 1 1 34,80 "98";
99 1 0 16,71 "99";
100 2 1 86,109 "100";
101 1 1 60,109 "101";
102 2 1 3,84 "102";
103 1 1 13,84 "103";
104 1 0 32,88 "104";
105 2 0 70,82 "105";
106 0 0 4,80 "106";
107 0 1 9,83 "107";
108 0 0 10,82 "108";
109 1 0 33,48 "109";
