parity 169;
0 1 0 94,163 "0";
1 2 1 70,149 "1";
2 2 1 61,95 "2";
3 2 0 58,87 "3";
4 2 1 7,143 "4";
5 2 0 132,134 "5";
6 2 1 112,140 "6";
7 0 0 33,150 "7";
8 0 0 62,121 "8";
9 1 1 89,116 "9";
10 2 0 37,166 "10";
11 2 0 125,154 "11";
12 2 0 0,55 "12";
13 1 1 9,167 "13";
14 0 1 119,158 "14";
15 2 1 48,58 "15";
16 1 0 129,146 "16";
17 2 1 67,97 "17";
18 2 1 27,34 "18";
19 0 1 40,54 "19";
20 1 1 77,119 "20";
21 1 0 19,47 "21";
22 2 0 49,102 "22";
23 1 1 54,57 "23";
24 1 1 36,138 "24";
25 1 1 94,154 "25";
26 0 1 5,82 "26";
27 2 1 5,168 "27";
28 0 1 80,150 "28";
29 1 0 21,137 "29";
30 1 0 20,98 "30";
31 2 0 128,166 "31";
32 1 1 36,150 "32";
33 2 1 99,120 "33";
34 1 0 36,133 "34";
35 1 0 2,129 "35";
36 1 1 21,124 "36";
37 2 1 44,70 "37";
38 2 0 55,155 "38";
39 0 1 134,157 "39";
40 1 1 68,90 "40";
41 2 0 115,149 "41";
42 1 1 78,120 "42";
43 2 1 79,94 "43";
44 1 0 39,90 "44";
45 2 1 127,151 "45";
46 0 0 5,16 "46";
47 1 0 88,137 "47";
48 2 1 51,147 "48";
49 0 0 13,142 "49";
50 2 1 96,110 "50";
51 1 1 3,6 "51";
52 0 1 85,100 "52";
53 2 0 43,143 "53";
54 1 0 65,151 "54";
55 1 1 61,118 "55";
56 1 1 53,84 "56";
57 1 1 8,154 "57";
58 0 0 38,157 "58";
59 0 0 34,126 "59";
60 1 0 151,164 "60";
61 1 1 56,167 "61";
62 0 0 23,90 "62";
63 1 1 83,128 "63";
64 2 1 11,43 "64";
65 0 0 99,153 "65";
66 1 1 25,148 "66";
67 2 1 63,156 "67";
68 1 0 32,154 "68";
69 0 0 14,115 "69";
70 1 1 143,168 "70";
71 0 0 146,169 "71";
72 0 1 17,26 "72";
73 0 0 87,110 "73";
74 0 1 2,62 "74";
75 2 0 25,32 "75";
76 0 0 72,129 "76";
77 2 0 125,147 "77";
78 2 0 95,117 "78";
79 1 0 5,77 "79";
80 2 0 6,92 "80";
81 2 0 29,112 "81";
82 0 0 99,106 "82";
83 0 0 99,143 "83";
84 0 1 12,14 "84";
85 1 1 7,81 "85";
86 1 0 88,117 "86";
87 1 1 14,107 "87";
88 0 0 75,143 "88";
89 2 1 84,151 "89";
90 2 0 89,137 "90";
91 2 1 86,113 "91";
92 1 1 52,102 "92";
93 1 0 41,132 "93";
94 0 1 80,116 "94";
95 1 0 32,113 "95";
96 0 0 78,121 "96";
97 1 0 48,164 "97";
98 0 1 115,161 "98";
99 0 1 78,143 "99";
100 2 1 47,62 "100";
101 2 0 94,138 "101";
102 0 1 108,143 "102";
103 0 1 36,54 "103";
104 0 0 127,138 "104";
105 2 0 114,130 "105";
106 2 1 79,84 "106";
107 2 0 4,51 "107";
108 0 1 85,102 "108";
109 1 1 103,121 "109";
110 1 1 35,49 "110";
111 1 1 110,138 "111";
112 1 1 51,57 "112";
113 2 1 23,121 "113";
114 2 0 122,165 "114";
115 2 1 23,63 "115";
116 0 1 8,26 "116";
117 1 1 22,48 "117";
118 1 1 98,166 "118";
119 0 0 52,125 "119";
120 0 0 34,145 "120";
121 0 0 74,98 "121";
122 2 1 136,140 "122";
123 2 0 9,54 "123";
124 1 1 121,122 "124";
125 0 0 12,118 "125";
126 0 1 26,168 "126";
127 1 0 17,83 "127";
128 2 0 97,122 "128";
129 1 0 49,146 "129";
130 2 1 47,110 "130";
131 0 0 87,134 "131";
132 0 0 59,80 "132";
133 1 1 5,154 "133";
134 0 1 36,43 "134";
135 2 0 33,35 "135";
136 0 1 59,113 "136";
137 2 0 53,67 "137";
138 2 1 81,98 "138";
139 2 0 62,95 "139";
140 1 0 4,22 "140";
141 1 0 79,152 "141";
142 0 1 31,115 "142";
143 2 0 112,127 "143";
144 0 0 1,118 "144";
145 1 1 72,111 "145";
146 2 1 4,38 "146";
147 1 0 16,146 "147";
148 2 1 12,20 "148";
149 2 1 138,161 "149";
150 1 1 11,84 "150";
151 1 0 60,132 "151";
152 1 1 47,84 "152";
153 1 0 47,160 "153";
154 2 0 15,68 "154";
155 1 1 75,124 "155";
156 0 0 91,116 "156";
157 2 0 68,98 "157";
158 2 1 17,25 "158";
159 2 0 106,155 "159";
160 2 0 6,103 "160";
161 2 0 25,135 "161";
162 2 1 14,153 "162";
163 2 0 146,152 "163";
164 0 0 0,76 "164";
165 1 0 7,158 "165";
166 1 1 9,152 "166";
167 2 0 106,117 "167";
168 0 0 17,120 "168";
169 0 0 2,73 "169";
