parity 179;
0 0 0 12,48 "0";
1 0 1 45,176 "1";
2 1 0 8,95 "2";
3 1 0 16,110 "3";
4 2 0 136,139 "4";
5 1 0 16,138 "5";
6 1 0 27,91 "6";
7 0 1 40,117 "7";
8 2 1 61,163 "8";
9 0 1 127,169 "9";
10 2 0 60,154 "10";
11 0 0 127,161 "11";
12 0 1 134,147 "12";
13 2 1 45,174 "13";
14 0 0 99,138 "14";
15 0 1 7,65 "15";
16 0 0 18,110 "16";
17 2 0 13,109 "17";
18 1 0 6,14 "18";
19 1 1 55,122 "19";
20 0 1 48,55 "20";
21 0 1 38,73 "21";
22 1 1 57,79 "22";
23 0 0 69,98 "23";
24 0 1 58,106 "24";
25 1 0 18,42 "25";
26 0 0 54,62 "26";
27 0 1 89,121 "27";
28 2 0 6,172 "28";
29 2 0 24,169 "29";
30 2 0 19,160 "30";
31 2 1 32,67 "31";
32 2 1 53,92 "32";
33 2 1 147,177 "33";
34 2 0 109,162 "34";
35 2 1 47,175 "35";
36 2 0 117,161 "36";
37 2 1 92,103 "37";
38 2 1 63,143 "38";
39 0 1 75,125 "39";
40 2 0 45,134 "40";
41 2 0 9,77 "41";
42 0 0 20,105 "42";
43 1 0 114,135 "43";
44 2 1 20,62 "44";
45 2 0 106,111 "45";
46 1 1 12,90 "46";
47 2 1 137,170 "47";
48 2 0 33,151 "48";
49 0 0 12,18 "49";
50 2 1 16,167 "50";
51 2 1 64,141 "51";
52 1 0 86,153 "52";
53 2 0 109,163 "53";
54 1 1 70,86 "54";
55 0 0 124,174 "55";
56 2 0 14,15 "56";
57 0 0 74,106 "57";
58 1 0 3,143 "58";
59 1 1 43,143 "59";
60 2 0 8,51 "60";
61 1 1 140,160 "61";
62 0 1 171,179 "62";
63 2 1 56,113 "63";
64 0 1 57,166 "64";
65 0 0 49,71 "65";
66 2 0 44,144 "66";
67 1 1 95,143 "67";
68 2 1 55,66 "68";
69 1 1 36,121 "69";
70 0 1 121,136 "70";
71 0 1 51,79 "71";
72 1 1 32,105 "72";
73 1 1 141,146 "73";
74 2 0 165,168 "74";
75 2 0 45,124 "75";
76 0 0 5,107 "76";
77 0 1 49,97 "77";
78 0 0 114,128 "78";
79 2 1 116,133 "79";
80 2 1 14,107 "80";
81 1 1 110,167 "81";
82 2 0 4,63 "82";
83 0 0 36,154 "83";
84 0 1 53,177 "84";
85 0 1 25,91 "85";
86 1 1 11,138 "86";
87 1 1 93,116 "87";
88 0 1 27,80 "88";
89 1 0 84,141 "89";
90 0 0 6,74 "90";
91 0 0 117,140 "91";
92 2 1 49,178 "92";
93 1 0 61,98 "93";
94 1 1 26,103 "94";
95 0 1 58,167 "95";
96 2 1 20,23 "96";
97 0 1 18,99 "97";
98 0 1 85,165 "98";
99 1 1 141,149 "99";
100 1 1 111,174 "100";
101 1 0 93,103 "101";
102 0 0 60,172 "102";
103 2 1 17,84 "103";
104 2 1 103,115 "104";
105 1 1 120,172 "105";
106 2 1 52,68 "106";
107 0 0 122,138 "107";
108 0 1 10,86 "108";
109 1 0 68,160 "109";
110 0 0 93,177 "110";
111 0 1 23,153 "111";
112 0 0 7,162 "112";
113 2 1 119,131 "113";
114 2 1 24,148 "114";
115 0 1 77,84 "115";
116 0 0 58,86 "116";
117 2 0 112,177 "117";
118 0 0 10,130 "118";
119 0 1 36,141 "119";
120 2 0 36,167 "120";
121 2 1 74,161 "121";
122 2 0 31,100 "122";
123 2 1 16,142 "123";
124 1 1 96,130 "124";
125 1 0 60,129 "125";
126 1 1 70,141 "126";
127 0 0 58,67 "127";
128 2 1 80,97 "128";
129 0 0 12,17 "129";
130 2 1 57,161 "130";
131 1 0 112,165 "131";
132 1 1 136,150 "132";
133 1 0 83,90 "133";
134 2 1 18,50 "134";
135 1 1 145,173 "135";
136 2 1 142,146 "136";
137 2 0 104,157 "137";
138 2 1 118,137 "138";
139 1 0 1,32 "139";
140 2 0 19,62 "140";
141 2 1 58,152 "141";
142 1 1 24,52 "142";
143 1 1 34,36 "143";
144 1 0 29,155 "144";
145 0 0 109,151 "145";
146 2 0 164,174 "146";
147 1 1 12,122 "147";
148 2 1 128,155 "148";
149 2 1 9,94 "149";
150 2 1 76,86 "150";
151 0 1 110,172 "151";
152 1 0 66,138 "152";
153 0 0 63,79 "153";
154 0 1 109,142 "154";
155 2 1 54,139 "155";
156 2 0 56,69 "156";
157 2 0 17,153 "157";
158 1 1 80,171 "158";
159 1 0 101,129 "159";
160 1 0 24,57 "160";
161 0 1 52,70 "161";
162 0 1 160,174 "162";
163 0 1 2,41 "163";
164 1 0 54,63 "164";
165 1 1 132,137 "165";
166 2 1 84,94 "166";
167 0 0 47,104 "167";
168 2 0 20,112 "168";
169 1 1 82,93 "169";
170 1 0 12,117 "170";
171 1 0 114,142 "171";
172 1 1 109,146 "172";
173 2 0 85,174 "173";
174 1 0 30,161 "174";
175 2 0 68,75 "175";
176 2 1 160,171 "176";
177 2 1 47,54 "177";
178 2 1 78,99 "178";
179 2 1 72,106 "179";
