parity 154;
0 2 1 34,112 "0";
1 1 1 11,54 "1";
2 2 0 19,64 "2";
3 2 0 37,113 "3";
4 0 1 33,123 "4";
5 2 1 64,127 "5";
6 2 1 115,148 "6";
7 2 0 80,128 "7";
8 2 0 14,42 "8";
9 1 1 53,136 "9";
10 1 0 50,86 "10";
11 0 1 110,133 "11";
12 1 0 14,112 "12";
13 1 0 111,143 "13";
14 1 0 104,153 "14";
15 1 0 45,111 "15";
16 1 0 22,50 "16";
17 1 0 107,126 "17";
18 2 0 41,85 "18";
19 0 0 49,61 "19";
20 1 1 21,106 "20";
21 1 1 26,130 "21";
22 1 0 4,57 "22";
23 1 0 35,121 "23";
24 1 1 115,119 "24";
25 1 1 47,134 "25";
26 2 1 61,110 "26";
27 0 0 68,137 "27";
28 0 0 79,117 "28";
29 1 0 54,135 "29";
30 2 0 20,78 "30";
31 2 0 89,94 "31";
32 1 0 19,132 "32";
33 0 1 16,73 "33";
34 1 0 45,137 "34";
35 0 1 98,151 "35";
36 0 1 59,141 "36";
37 0 0 28,90 "37";
38 2 1 113,137 "38";
39 1 0 123,133 "39";
40 2 0 58,126 "40";
41 2 1 106,119 "41";
42 2 0 75,152 "42";
43 1 1 48,125 "43";
44 2 0 93,144 "44";
45 0 0 13,62 "45";
46 1 1 54,92 "46";
47 2 0 95,113 "47";
48 1 0 21,74 "48";
49 1 1 83,105 "49";
50 1 0 6,111 "50";
51 1 0 30,122 "51";
52 0 0 7,96 "52";
53 1 1 15,70 "53";
54 0 0 56,60 "54";
55 0 1 50,94 "55";
56 1 0 59,119 "56";
57 1 0 28,122 "57";
58 1 0 114,120 "58";
59 2 1 25,145 "59";
60 2 0 77,138 "60";
61 0 1 18,57 "61";
62 2 0 52,86 "62";
63 1 0 50,124 "63";
64 0 0 74,130 "64";
65 2 1 45,50 "65";
66 1 1 11,30 "66";
67 2 1 51,78 "67";
68 2 1 42,110 "68";
69 2 0 99,106 "69";
70 0 0 4,35 "70";
71 1 0 61,121 "71";
72 0 0 21,68 "72";
73 2 0 106,137 "73";
74 1 1 20,102 "74";
75 2 1 9,94 "75";
76 1 0 139,154 "76";
77 2 1 110,132 "77";
78 1 1 17,145 "78";
79 0 1 80,151 "79";
80 2 1 94,126 "80";
81 0 1 89,128 "81";
82 1 1 18,151 "82";
83 0 0 95,132 "83";
84 2 1 108,154 "84";
85 1 0 26,139 "85";
86 1 0 38,45 "86";
87 0 1 9,10 "87";
88 1 0 8,85 "88";
89 0 1 20,108 "89";
90 0 0 39,120 "90";
91 1 0 44,65 "91";
92 0 0 107,141 "92";
93 0 1 10,96 "93";
94 2 0 80,140 "94";
95 2 1 41,75 "95";
96 2 0 31,146 "96";
97 2 0 38,113 "97";
98 0 1 73,85 "98";
99 0 0 28,31 "99";
100 2 1 36,88 "100";
101 1 1 110,115 "101";
102 2 0 11,44 "102";
103 2 1 64,70 "103";
104 1 0 14,38 "104";
105 1 0 52,103 "105";
106 2 0 20,130 "106";
107 1 0 4,101 "107";
108 2 0 57,82 "108";
109 2 1 89,96 "109";
110 2 1 63,68 "110";
111 2 1 88,99 "111";
112 0 1 50,70 "112";
113 2 1 15,123 "113";
114 2 0 27,123 "114";
115 1 1 30,46 "115";
116 2 1 95,102 "116";
117 0 0 9,66 "117";
118 2 0 86,148 "118";
119 2 1 49,116 "119";
120 0 1 52,96 "120";
121 2 1 33,38 "121";
122 1 1 30,99 "122";
123 2 1 9,71 "123";
124 1 1 74,98 "124";
125 1 1 19,136 "125";
126 2 1 141,149 "126";
127 1 1 113,140 "127";
128 1 1 23,44 "128";
129 0 0 31,128 "129";
130 0 0 59,73 "130";
131 2 1 33,148 "131";
132 0 1 88,117 "132";
133 0 1 127,145 "133";
134 1 1 29,94 "134";
135 2 0 51,72 "135";
136 1 0 27,116 "136";
137 0 1 67,134 "137";
138 1 1 9,51 "138";
139 2 1 17,47 "139";
140 1 1 7,61 "140";
141 2 1 19,111 "141";
142 2 0 74,85 "142";
143 0 0 6,31 "143";
144 1 0 32,41 "144";
145 2 0 52,76 "145";
146 2 1 14,147 "146";
147 2 0 46,82 "147";
148 1 0 143,153 "148";
149 1 1 15,140 "149";
150 2 1 49,50 "150";
151 1 0 48,101 "151";
152 0 0 38,111 "152";
153 0 1 12,80 "153";
154 0 0 46,118 "154";
