parity 129;
0 1 0 81,120 "0";
1 2 0 28,49 "1";
2 1 1 101,111 "2";
3 1 1 61,93 "3";
4 2 0 44,78 "4";
5 0 0 27,36 "5";
6 1 1 62,68 "6";
7 0 0 95,121 "7";
8 1 0 20,106 "8";
9 0 0 11,119 "9";
10 2 0 80,119 "10";
11 0 0 17,125 "11";
12 1 1 94,117 "12";
13 1 0 31,77 "13";
14 2 1 90,112 "14";
15 0 0 66,71 "15";
16 0 1 24,81 "16";
17 0 1 57,116 "17";
18 2 1 107,111 "18";
19 0 1 6,47 "19";
20 0 0 17,101 "20";
21 2 1 20,33 "21";
22 1 1 14,97 "22";
23 2 1 18,81 "23";
24 1 0 57,102 "24";
25 1 1 16,29 "25";
26 1 1 83,121 "26";
27 0 1 55,57 "27";
28 1 0 19,72 "28";
29 0 0 82,126 "29";
30 0 1 36,108 "30";
31 0 1 111,117 "31";
32 2 1 11,95 "32";
33 1 1 22,94 "33";
34 0 1 16,100 "34";
35 0 0 9,65 "35";
36 2 1 63,116 "36";
37 0 0 39,66 "37";
38 1 0 19,107 "38";
39 0 0 34,75 "39";
40 0 0 12,53 "40";
41 0 0 42,120 "41";
42 0 1 86,103 "42";
43 1 1 50,115 "43";
44 1 0 63,129 "44";
45 1 1 43,86 "45";
46 2 0 61,78 "46";
47 2 0 53,113 "47";
48 2 1 6,22 "48";
49 0 1 4,54 "49";
50 1 1 84,98 "50";
51 2 1 14,98 "51";
52 1 0 94,119 "52";
53 2 1 85,87 "53";
54 0 0 25,57 "54";
55 2 0 51,121 "55";
56 1 1 57,128 "56";
57 0 0 51,76 "57";
58 0 1 13,18 "58";
59 0 1 45,108 "59";
60 1 0 29,114 "60";
61 2 0 46,89 "61";
62 0 1 24,30 "62";
63 1 0 34,41 "63";
64 1 0 31,99 "64";
65 2 0 31,102 "65";
66 1 1 35,117 "66";
67 1 0 44,125 "67";
68 1 0 78,105 "68";
69 2 1 51,83 "69";
70 2 0 9,94 "70";
71 2 0 49,61 "71";
72 1 1 11,76 "72";
73 2 1 19,49 "73";
74 2 1 19,119 "74";
75 2 1 50,69 "75";
76 2 1 45,65 "76";
77 1 1 19,86 "77";
78 2 0 48,56 "78";
79 1 1 23,43 "79";
80 0 0 70,117 "80";
81 1 0 77,84 "81";
82 0 0 86,107 "82";
83 0 1 44,95 "83";
84 0 0 1,68 "84";
85 1 0 27,32 "85";
86 2 1 37,45 "86";
87 0 0 5,19 "87";
88 0 0 41,98 "88";
89 1 1 75,101 "89";
90 0 0 24,63 "90";
91 1 1 78,99 "91";
92 0 1 122,124 "92";
93 1 0 33,112 "93";
94 0 0 6,62 "94";
95 0 1 14,84 "95";
96 1 0 93,99 "96";
97 1 0 9,117 "97";
98 1 1 12,126 "98";
99 0 0 74,89 "99";
100 2 0 106,116 "100";
101 0 0 61,109 "101";
102 1 0 17,67 "102";
103 2 0 2,120 "103";
104 0 0 107,115 "104";
105 2 0 21,85 "105";
106 0 0 0,55 "106";
107 0 1 26,119 "107";
108 2 0 4,107 "108";
109 1 1 2,43 "109";
110 2 0 24,60 "110";
111 0 1 61,114 "111";
112 1 0 33,110 "112";
113 0 0 20,56 "113";
114 1 0 75,109 "114";
115 2 0 20,58 "115";
116 0 1 45,51 "116";
117 0 1 51,113 "117";
118 1 0 7,86 "118";
119 0 1 24,28 "119";
120 0 1 53,78 "120";
121 1 0 26,117 "121";
122 0 0 3,112 "122";
123 2 0 32,85 "123";
124 1 1 12,122 "124";
125 1 0 7,104 "125";
126 0 1 73,89 "126";
127 0 1 71,128 "127";
128 0 0 85,116 "128";
129 1 0 39,106 "129";
