parity 104;
0 2 0 8,45 "0";
1 0 0 72,91 "1";
2 2 0 11,77 "2";
3 0 0 64,91 "3";
4 0 1 7,24 "4";
5 0 0 7,94 "5";
6 1 1 84,85 "6";
7 1 1 5,52 "7";
8 2 1 31,100 "8";
9 1 0 28,92 "9";
10 2 1 60,62 "10";
11 2 1 28,51 "11";
12 1 1 69,71 "12";
13 2 0 33,85 "13";
14 2 0 69,82 "14";
15 0 1 6,10 "15";
16 0 0 33,50 "16";
17 0 1 7,22 "17";
18 0 0 84,87 "18";
19 2 1 10,71 "19";
20 1 1 14,98 "20";
21 2 1 67,77 "21";
22 0 1 76,93 "22";
23 0 1 46,101 "23";
24 0 1 2,15 "24";
25 2 1 45,74 "25";
26 2 1 12,78 "26";
27 2 0 31,41 "27";
28 0 0 70,94 "28";
29 1 1 5,37 "29";
30 2 1 6,13 "30";
31 0 1 87,92 "31";
32 1 1 50,96 "32";
33 0 0 38,73 "33";
34 1 1 73,77 "34";
35 0 0 19,24 "35";
36 0 0 51,61 "36";
37 0 0 10,104 "37";
38 0 1 21,55 "38";
39 1 1 61,65 "39";
40 0 0 4,9 "40";
41 1 0 46,90 "41";
42 0 1 2,54 "42";
43 2 0 59,61 "43";
44 2 1 49,92 "44";
45 1 1 17,36 "45";
46 2 0 37,68 "46";
47 1 1 45,65 "47";
48 0 0 11,95 "48";
49 1 1 1,91 "49";
50 1 1 15,87 "50";
51 1 1 31,80 "51";
52 2 0 8,61 "52";
53 1 0 22,82 "53";
54 1 1 49,102 "54";
55 1 1 72,103 "55";
56 1 1 27,51 "56";
57 1 1 22,92 "57";
58 0 1 1,21 "58";
59 1 0 88,93 "59";
60 0 0 76,88 "60";
61 2 0 83,98 "61";
62 1 1 22,93 "62";
63 2 1 56,100 "63";
64 1 1 34,43 "64";
65 2 0 33,100 "65";
66 0 1 44,75 "66";
67 2 1 6,12 "67";
68 2 0 20,45 "68";
69 1 1 57,71 "69";
70 0 1 22,100 "70";
71 0 0 73,83 "71";
72 2 1 16,38 "72";
73 1 1 30,104 "73";
74 1 1 15,37 "74";
75 0 0 8,76 "75";
76 0 1 38,45 "76";
77 0 0 52,66 "77";
78 0 0 32,42 "78";
79 0 1 36,86 "79";
80 2 1 58,95 "80";
81 0 1 3,85 "81";
82 0 0 22,38 "82";
83 1 0 9,98 "83";
84 2 0 31,51 "84";
85 0 1 22,62 "85";
86 0 1 41,77 "86";
87 1 1 18,32 "87";
88 2 0 61,91 "88";
89 0 1 34,36 "89";
90 0 1 12,53 "90";
91 1 0 1,13 "91";
92 1 1 54,79 "92";
93 0 1 59,64 "93";
94 0 1 63,81 "94";
95 1 0 49,96 "95";
96 0 1 10,36 "96";
97 2 1 87,104 "97";
98 0 1 3,49 "98";
99 2 0 45,68 "99";
100 0 0 5,99 "100";
101 0 1 10,62 "101";
102 1 0 57,78 "102";
103 1 0 63,89 "103";
104 2 1 12,19 "104";
