parity 169;
0 2 0 16,51 "0";
1 0 0 47,115 "1";
2 1 0 30,58 "2";
3 1 1 125,138 "3";
4 1 0 48,91 "4";
5 1 1 14,139 "5";
6 1 1 46,104 "6";
7 2 1 154,168 "7";
8 2 1 72,131 "8";
9 1 1 55,101 "9";
10 1 0 38,136 "10";
11 0 1 91,154 "11";
12 2 0 86,160 "12";
13 0 1 133,160 "13";
14 2 0 68,145 "14";
15 1 1 80,110 "15";
16 1 0 78,149 "16";
17 1 1 25,26 "17";
18 1 1 71,161 "18";
19 1 1 80,95 "19";
20 1 0 68,168 "20";
21 2 1 82,106 "21";
22 1 0 62,154 "22";
23 2 0 14,111 "23";
24 1 1 19,87 "24";
25 2 1 55,89 "25";
26 2 1 83,116 "26";
27 2 1 19,69 "27";
28 0 0 8,101 "28";
29 2 1 52,117 "29";
30 2 0 49,165 "30";
31 0 0 62,87 "31";
32 1 1 27,79 "32";
33 2 1 54,66 "33";
34 2 0 50,137 "34";
35 2 0 20,74 "35";
36 2 1 152,155 "36";
37 0 0 139,145 "37";
38 0 0 97,168 "38";
39 0 0 69,167 "39";
40 1 0 1,84 "40";
41 1 0 69,77 "41";
42 2 1 4,140 "42";
43 0 0 77,103 "43";
44 2 1 16,64 "44";
45 1 1 54,116 "45";
46 2 0 2,75 "46";
47 0 1 160,166 "47";
48 0 0 35,115 "48";
49 1 1 4,80 "49";
50 2 0 13,161 "50";
51 0 1 133,148 "51";
52 1 1 6,156 "52";
53 2 1 48,165 "53";
54 1 1 112,138 "54";
55 0 1 0,142 "55";
56 1 0 18,45 "56";
57 0 0 3,157 "57";
58 0 1 100,152 "58";
59 2 1 98,151 "59";
60 2 1 19,52 "60";
61 2 0 118,147 "61";
62 0 1 30,152 "62";
63 1 0 114,165 "63";
64 2 1 42,96 "64";
65 1 0 67,119 "65";
66 0 0 48,97 "66";
67 2 1 126,161 "67";
68 2 0 17,59 "68";
69 2 0 82,167 "69";
70 0 1 37,77 "70";
71 1 0 53,112 "71";
72 1 1 3,167 "72";
73 0 0 78,152 "73";
74 0 1 3,143 "74";
75 0 0 27,154 "75";
76 2 1 155,167 "76";
77 1 1 1,143 "77";
78 1 0 64,110 "78";
79 2 1 2,105 "79";
80 0 1 19,160 "80";
81 1 0 59,142 "81";
82 1 0 50,165 "82";
83 2 0 93,104 "83";
84 2 0 17,29 "84";
85 0 0 50,111 "85";
86 1 0 151,153 "86";
87 0 0 62,112 "87";
88 2 1 137,151 "88";
89 0 0 157,164 "89";
90 0 0 35,68 "90";
91 1 0 26,41 "91";
92 1 0 42,162 "92";
93 1 0 97,137 "93";
94 2 0 83,118 "94";
95 1 0 37,117 "95";
96 2 1 138,146 "96";
97 0 0 8,18 "97";
98 1 0 16,55 "98";
99 2 1 39,50 "99";
100 2 1 53,106 "100";
101 0 1 31,106 "101";
102 2 0 20,115 "102";
103 1 0 160,165 "103";
104 1 0 62,114 "104";
105 1 1 106,134 "105";
106 1 0 0,131 "106";
107 2 1 7,92 "107";
108 1 1 102,134 "108";
109 2 1 120,151 "109";
110 1 1 101,145 "110";
111 2 1 128,147 "111";
112 2 1 1,136 "112";
113 0 1 35,37 "113";
114 0 0 33,60 "114";
115 2 1 111,169 "115";
116 0 0 43,66 "116";
117 1 1 128,148 "117";
118 1 0 9,143 "118";
119 1 1 65,169 "119";
120 1 0 34,41 "120";
121 2 0 73,150 "121";
122 0 0 2,43 "122";
123 1 0 143,149 "123";
124 1 0 120,151 "124";
125 1 1 98,160 "125";
126 2 1 138,155 "126";
127 0 0 51,117 "127";
128 1 1 53,131 "128";
129 1 1 51,101 "129";
130 2 0 55,74 "130";
131 0 0 112,136 "131";
132 0 1 96,135 "132";
133 1 0 36,94 "133";
134 0 1 32,107 "134";
135 2 1 17,90 "135";
136 0 0 59,108 "136";
137 1 1 17,125 "137";
138 2 1 50,150 "138";
139 2 0 16,167 "139";
140 2 1 68,94 "140";
141 0 1 64,146 "141";
142 1 1 31,130 "142";
143 0 0 25,107 "143";
144 1 0 79,83 "144";
145 1 0 13,49 "145";
146 1 0 85,97 "146";
147 1 0 3,80 "147";
148 1 0 48,149 "148";
149 1 0 6,87 "149";
150 1 1 3,16 "150";
151 0 1 90,107 "151";
152 0 0 68,73 "152";
153 1 0 40,103 "153";
154 1 0 4,89 "154";
155 1 0 21,49 "155";
156 0 1 51,89 "156";
157 0 0 4,8 "157";
158 0 0 71,125 "158";
159 1 0 1,87 "159";
160 1 0 110,113 "160";
161 1 0 63,154 "161";
162 0 0 0,131 "162";
163 1 1 55,77 "163";
164 0 1 1,166 "164";
165 1 0 109,121 "165";
166 1 0 26,134 "166";
167 1 0 140,158 "167";
168 1 0 101,112 "168";
169 2 0 51,127 "169";
