parity 189;
0 1 1 10,62 "0";
1 2 1 134,177 "1";
2 0 0 50,110 "2";
3 1 0 130,150 "3";
4 1 1 106,139 "4";
5 1 1 39,62 "5";
6 0 1 127,156 "6";
7 1 0 20,120 "7";
8 1 1 127,169 "8";
9 1 0 25,47 "9";
10 1 1 8,105 "10";
11 2 1 0,182 "11";
12 1 1 14,80 "12";
13 0 0 170,189 "13";
14 0 0 169,187 "14";
15 2 1 0,152 "15";
16 2 1 93,143 "16";
17 1 1 74,188 "17";
18 0 1 69,79 "18";
19 0 0 40,169 "19";
20 1 0 22,32 "20";
21 1 1 8,121 "21";
22 0 0 145,155 "22";
23 2 1 48,88 "23";
24 0 0 117,138 "24";
25 0 1 19,106 "25";
26 1 0 109,182 "26";
27 1 1 73,109 "27";
28 2 1 23,154 "28";
29 0 1 70,177 "29";
30 2 0 89,97 "30";
31 2 1 17,127 "31";
32 2 1 87,118 "32";
33 0 0 119,125 "33";
34 1 0 111,147 "34";
35 2 1 7,79 "35";
36 2 0 8,169 "36";
37 2 1 9,150 "37";
38 0 1 30,157 "38";
39 2 0 68,143 "39";
40 0 1 26,134 "40";
41 1 1 103,178 "41";
42 1 0 134,155 "42";
43 0 0 51,138 "43";
44 1 0 20,92 "44";
45 2 1 50,124 "45";
46 0 1 88,105 "46";
47 1 0 24,28 "47";
48 0 0 34,143 "48";
49 0 1 46,142 "49";
50 0 0 9,34 "50";
51 2 0 39,128 "51";
52 0 0 62,119 "52";
53 0 1 29,114 "53";
54 0 0 105,151 "54";
55 1 0 8,81 "55";
56 2 0 41,120 "56";
57 1 1 143,147 "57";
58 1 1 16,19 "58";
59 0 1 147,152 "59";
60 2 0 56,173 "60";
61 1 0 89,174 "61";
62 2 0 141,169 "62";
63 1 0 3,19 "63";
64 1 1 47,147 "64";
65 0 0 112,167 "65";
66 1 0 174,181 "66";
67 2 0 18,160 "67";
68 1 0 155,184 "68";
69 2 1 80,144 "69";
70 2 0 164,169 "70";
71 2 1 77,95 "71";
72 1 1 158,187 "72";
73 1 0 80,139 "73";
74 1 0 72,188 "74";
75 1 0 1,94 "75";
76 0 1 12,92 "76";
77 1 1 61,129 "77";
78 0 1 75,136 "78";
79 0 1 45,146 "79";
80 2 1 77,114 "80";
81 1 1 67,176 "81";
82 1 1 13,167 "82";
83 2 0 9,31 "83";
84 1 1 129,145 "84";
85 1 1 14,29 "85";
86 0 1 33,175 "86";
87 2 0 104,138 "87";
88 0 0 68,142 "88";
89 0 1 84,175 "89";
90 0 0 165,175 "90";
91 0 1 132,153 "91";
92 1 0 104,162 "92";
93 1 1 12,81 "93";
94 0 0 101,160 "94";
95 0 1 0,39 "95";
96 1 0 64,170 "96";
97 2 0 138,178 "97";
98 2 0 85,113 "98";
99 1 0 153,165 "99";
100 2 1 44,57 "100";
101 0 0 13,84 "101";
102 0 1 132,163 "102";
103 0 0 110,151 "103";
104 2 0 37,150 "104";
105 0 0 7,135 "105";
106 2 1 44,177 "106";
107 2 1 77,128 "107";
108 1 1 150,169 "108";
109 2 1 56,134 "109";
110 0 1 19,114 "110";
111 0 0 63,66 "111";
112 2 0 42,71 "112";
113 2 0 108,131 "113";
114 2 1 27,89 "114";
115 2 0 37,94 "115";
116 0 0 24,124 "116";
117 0 0 13,171 "117";
118 2 1 123,181 "118";
119 2 0 104,131 "119";
120 1 1 31,124 "120";
121 0 0 150,187 "121";
122 0 0 57,160 "122";
123 2 1 83,151 "123";
124 0 1 63,99 "124";
125 0 0 64,134 "125";
126 0 1 70,88 "126";
127 1 1 20,22 "127";
128 1 1 127,141 "128";
129 2 0 12,189 "129";
130 1 1 39,184 "130";
131 1 1 35,50 "131";
132 0 1 91,169 "132";
133 2 1 26,139 "133";
134 2 0 40,83 "134";
135 0 1 45,123 "135";
136 1 1 42,59 "136";
137 2 0 8,138 "137";
138 0 0 37,61 "138";
139 2 0 112,167 "139";
140 1 0 52,183 "140";
141 1 1 145,165 "141";
142 0 1 77,150 "142";
143 0 1 10,40 "143";
144 0 1 175,187 "144";
145 1 1 6,33 "145";
146 1 1 80,116 "146";
147 2 1 33,145 "147";
148 0 1 28,149 "148";
149 2 1 70,129 "149";
150 1 0 3,35 "150";
151 1 0 84,189 "151";
152 1 0 10,37 "152";
153 1 0 93,118 "153";
154 1 1 58,165 "154";
155 0 1 114,123 "155";
156 1 1 9,86 "156";
157 2 1 41,176 "157";
158 0 1 82,104 "158";
159 0 0 145,158 "159";
160 1 1 105,184 "160";
161 0 0 21,157 "161";
162 0 1 32,171 "162";
163 1 0 2,138 "163";
164 0 1 67,177 "164";
165 2 0 27,112 "165";
166 2 0 32,109 "166";
167 1 1 56,91 "167";
168 0 0 61,79 "168";
169 2 0 105,180 "169";
170 0 1 24,99 "170";
171 2 0 28,76 "171";
172 2 0 60,97 "172";
173 0 1 15,98 "173";
174 2 0 10,165 "174";
175 1 0 37,144 "175";
176 2 0 55,187 "176";
177 1 0 55,147 "177";
178 0 1 58,144 "178";
179 2 1 75,154 "179";
180 2 0 81,109 "180";
181 1 0 39,160 "181";
182 2 1 37,144 "182";
183 2 1 78,82 "183";
184 1 1 52,77 "184";
185 0 1 10,146 "185";
186 0 1 74,146 "186";
187 1 1 28,170 "187";
188 1 1 12,93 "188";
189 0 1 11,20 "189";
