parity 174;
0 1 1 42,61 "0";
1 1 0 51,96 "1";
2 0 1 4,137 "2";
3 1 1 23,42 "3";
4 2 0 8,167 "4";
5 2 0 36,55 "5";
6 1 1 42,60 "6";
7 1 1 64,151 "7";
8 2 1 53,78 "8";
9 0 1 77,149 "9";
10 1 1 111,160 "10";
11 0 1 67,72 "11";
12 1 1 92,160 "12";
13 1 1 129,134 "13";
14 0 1 69,152 "14";
15 1 0 69,79 "15";
16 0 1 122,133 "16";
17 2 0 23,102 "17";
18 2 1 49,59 "18";
19 1 0 11,159 "19";
20 1 0 101,168 "20";
21 2 0 39,149 "21";
22 0 1 29,136 "22";
23 2 0 72,115 "23";
24 1 1 12,159 "24";
25 0 0 53,119 "25";
26 2 1 38,154 "26";
27 1 1 62,73 "27";
28 0 0 62,122 "28";
29 2 1 96,156 "29";
30 2 0 24,170 "30";
31 2 1 23,46 "31";
32 1 0 17,98 "32";
33 1 0 43,91 "33";
34 2 0 61,118 "34";
35 0 0 133,144 "35";
36 0 1 71,78 "36";
37 0 1 61,171 "37";
38 0 0 26,169 "38";
39 1 0 35,81 "39";
40 2 1 14,113 "40";
41 2 0 104,147 "41";
42 2 1 91,118 "42";
43 2 1 163,168 "43";
44 1 0 52,93 "44";
45 2 0 8,73 "45";
46 1 1 81,115 "46";
47 1 0 24,162 "47";
48 0 0 29,154 "48";
49 2 1 126,162 "49";
50 1 0 131,141 "50";
51 1 1 156,173 "51";
52 1 1 19,172 "52";
53 2 1 54,64 "53";
54 1 1 18,67 "54";
55 0 1 43,121 "55";
56 1 1 13,128 "56";
57 2 0 38,54 "57";
58 0 1 21,86 "58";
59 1 0 41,118 "59";
60 0 1 3,29 "60";
61 2 1 39,53 "61";
62 1 0 125,157 "62";
63 0 0 41,74 "63";
64 0 0 101,139 "64";
65 2 0 88,112 "65";
66 2 1 46,88 "66";
67 2 1 52,148 "67";
68 0 1 20,141 "68";
69 2 0 62,151 "69";
70 0 1 93,119 "70";
71 2 0 5,117 "71";
72 1 1 107,140 "72";
73 0 1 98,158 "73";
74 2 1 14,107 "74";
75 1 1 32,91 "75";
76 2 0 5,103 "76";
77 2 1 27,159 "77";
78 1 1 47,136 "78";
79 2 0 9,154 "79";
80 2 0 144,164 "80";
81 1 1 104,127 "81";
82 2 0 19,146 "82";
83 0 0 69,124 "83";
84 0 0 96,122 "84";
85 0 0 23,148 "85";
86 1 0 54,59 "86";
87 1 0 28,110 "87";
88 0 1 91,149 "88";
89 1 0 30,144 "89";
90 1 1 50,80 "90";
91 2 0 77,118 "91";
92 1 1 1,11 "92";
93 2 1 23,133 "93";
94 1 0 15,139 "94";
95 1 0 65,129 "95";
96 0 1 39,79 "96";
97 0 1 21,133 "97";
98 1 1 83,86 "98";
99 1 1 106,154 "99";
100 2 1 93,169 "100";
101 0 1 103,155 "101";
102 0 1 132,146 "102";
103 2 0 31,168 "103";
104 2 0 107,153 "104";
105 0 0 144,169 "105";
106 2 0 13,160 "106";
107 2 0 48,158 "107";
108 0 1 35,79 "108";
109 1 1 58,79 "109";
110 2 1 83,116 "110";
111 1 1 114,161 "111";
112 1 1 40,168 "112";
113 0 0 6,98 "113";
114 0 1 23,43 "114";
115 0 1 93,142 "115";
116 1 0 84,139 "116";
117 2 1 43,122 "117";
118 1 1 66,174 "118";
119 1 1 2,135 "119";
120 0 1 77,158 "120";
121 0 0 3,125 "121";
122 2 1 38,78 "122";
123 0 1 12,163 "123";
124 0 1 48,69 "124";
125 2 1 101,153 "125";
126 2 1 99,174 "126";
127 2 0 2,35 "127";
128 2 1 159,170 "128";
129 2 1 68,162 "129";
130 1 1 70,117 "130";
131 1 0 5,47 "131";
132 0 1 2,162 "132";
133 2 1 1,80 "133";
134 1 0 95,158 "134";
135 2 1 27,117 "135";
136 0 1 70,130 "136";
137 0 0 29,147 "137";
138 0 0 98,172 "138";
139 2 0 160,162 "139";
140 1 1 44,83 "140";
141 0 1 95,98 "141";
142 0 0 12,135 "142";
143 0 0 7,9 "143";
144 1 0 100,155 "144";
145 1 1 20,144 "145";
146 1 1 120,162 "146";
147 2 0 86,167 "147";
148 2 0 9,134 "148";
149 0 1 5,118 "149";
150 0 1 14,63 "150";
151 1 1 11,79 "151";
152 0 1 44,67 "152";
153 1 1 23,151 "153";
154 0 1 16,130 "154";
155 1 1 97,136 "155";
156 0 0 133,169 "156";
157 2 1 147,150 "157";
158 1 1 34,55 "158";
159 1 0 86,119 "159";
160 0 0 40,111 "160";
161 0 1 21,25 "161";
162 2 0 72,108 "162";
163 2 0 22,171 "163";
164 0 0 77,174 "164";
165 1 0 5,111 "165";
166 1 0 137,153 "166";
167 2 1 137,155 "167";
168 1 0 24,58 "168";
169 0 1 32,174 "169";
170 0 0 85,88 "170";
171 0 1 8,92 "171";
172 1 0 65,153 "172";
173 0 0 12,133 "173";
174 0 0 20,87 "174";
