parity 149;
0 1 1 115,129 "0";
1 2 1 108,137 "1";
2 2 0 51,107 "2";
3 0 1 7,123 "3";
4 0 0 118,122 "4";
5 2 0 121,130 "5";
6 1 0 68,131 "6";
7 0 1 123,134 "7";
8 2 0 24,118 "8";
9 0 1 17,35 "9";
10 0 0 49,108 "10";
11 1 1 37,101 "11";
12 0 0 27,114 "12";
13 0 0 36,126 "13";
14 1 1 70,146 "14";
15 2 1 64,87 "15";
16 1 0 87,115 "16";
17 0 1 18,54 "17";
18 0 1 52,98 "18";
19 0 0 3,88 "19";
20 2 1 55,130 "20";
21 2 1 64,99 "21";
22 0 1 16,146 "22";
23 0 1 31,70 "23";
24 2 0 28,50 "24";
25 2 0 35,45 "25";
26 1 1 3,18 "26";
27 1 1 136,149 "27";
28 0 1 65,115 "28";
29 2 1 44,118 "29";
30 2 1 52,120 "30";
31 1 1 39,99 "31";
32 2 0 6,19 "32";
33 0 0 116,149 "33";
34 1 0 87,96 "34";
35 1 0 22,94 "35";
36 2 1 4,93 "36";
37 2 0 7,121 "37";
38 2 1 99,143 "38";
39 0 0 4,114 "39";
40 1 1 6,22 "40";
41 0 1 63,97 "41";
42 1 1 40,121 "42";
43 2 1 46,139 "43";
44 1 1 66,103 "44";
45 0 0 7,52 "45";
46 0 0 30,44 "46";
47 1 0 18,50 "47";
48 2 0 24,128 "48";
49 1 0 38,67 "49";
50 2 1 17,113 "50";
51 0 1 13,71 "51";
52 2 0 48,127 "52";
53 2 1 13,41 "53";
54 1 1 103,115 "54";
55 2 1 83,115 "55";
56 1 1 114,115 "56";
57 1 1 113,137 "57";
58 2 1 18,66 "58";
59 2 0 92,123 "59";
60 0 1 93,127 "60";
61 1 1 131,134 "61";
62 2 0 79,88 "62";
63 1 0 65,149 "63";
64 1 1 75,106 "64";
65 0 0 72,88 "65";
66 2 1 59,95 "66";
67 1 1 42,99 "67";
68 0 1 2,34 "68";
69 2 1 6,18 "69";
70 0 0 17,121 "70";
71 2 1 15,148 "71";
72 1 0 27,82 "72";
73 2 1 94,122 "73";
74 0 0 98,126 "74";
75 1 0 111,127 "75";
76 0 1 7,58 "76";
77 0 0 24,58 "77";
78 0 0 29,110 "78";
79 2 1 51,97 "79";
80 0 0 71,143 "80";
81 1 0 40,144 "81";
82 0 0 12,23 "82";
83 2 1 51,136 "83";
84 0 0 6,33 "84";
85 1 1 0,134 "85";
86 2 1 23,135 "86";
87 1 1 98,145 "87";
88 0 0 21,54 "88";
89 2 1 94,117 "89";
90 2 1 14,103 "90";
91 0 0 77,125 "91";
92 0 1 3,119 "92";
93 1 1 17,58 "93";
94 2 0 50,106 "94";
95 2 1 6,78 "95";
96 0 0 95,116 "96";
97 2 0 0,61 "97";
98 2 0 52,93 "98";
99 1 1 78,81 "99";
100 0 1 17,38 "100";
101 1 0 59,102 "101";
102 2 0 125,133 "102";
103 2 1 69,110 "103";
104 1 1 14,62 "104";
105 0 0 69,138 "105";
106 1 0 72,116 "106";
107 0 1 7,67 "107";
108 2 0 91,145 "108";
109 2 1 12,145 "109";
110 2 0 92,106 "110";
111 1 1 13,39 "111";
112 2 0 92,133 "112";
113 1 0 37,133 "113";
114 2 0 12,128 "114";
115 2 1 56,119 "115";
116 0 0 45,119 "116";
117 2 0 52,129 "117";
118 0 0 110,129 "118";
119 2 1 32,92 "119";
120 2 1 118,140 "120";
121 2 0 13,144 "121";
122 0 0 107,111 "122";
123 1 1 35,122 "123";
124 1 0 57,111 "124";
125 2 0 41,104 "125";
126 0 1 26,68 "126";
127 2 1 39,146 "127";
128 1 1 11,42 "128";
129 0 1 83,88 "129";
130 2 1 41,128 "130";
131 1 0 1,133 "131";
132 1 0 75,81 "132";
133 1 1 103,113 "133";
134 2 0 82,148 "134";
135 0 1 1,60 "135";
136 1 1 34,128 "136";
137 0 0 40,128 "137";
138 2 1 66,132 "138";
139 1 0 5,79 "139";
140 1 1 17,68 "140";
141 1 0 79,101 "141";
142 2 0 7,111 "142";
143 1 1 94,121 "143";
144 1 1 86,88 "144";
145 1 1 12,29 "145";
146 0 0 20,73 "146";
147 1 1 69,114 "147";
148 2 0 86,104 "148";
149 0 1 77,113 "149";
