parity 134;
0 0 0 20,90 "0";
1 2 1 89,92 "1";
2 1 1 70,105 "2";
3 0 1 91,127 "3";
4 0 0 71,110 "4";
5 0 0 10,34 "5";
6 1 0 28,75 "6";
7 0 0 6,46 "7";
8 0 1 37,123 "8";
9 2 1 38,113 "9";
10 0 0 29,109 "10";
11 2 1 52,86 "11";
12 0 1 31,52 "12";
13 0 1 7,79 "13";
14 2 0 34,115 "14";
15 1 0 1,22 "15";
16 2 0 65,104 "16";
17 2 0 12,113 "17";
18 1 1 8,85 "18";
19 0 0 35,115 "19";
20 2 0 11,24 "20";
21 0 1 5,23 "21";
22 2 0 0,49 "22";
23 2 1 70,122 "23";
24 0 0 15,66 "24";
25 1 0 42,56 "25";
26 1 1 23,53 "26";
27 0 1 7,71 "27";
28 1 1 5,23 "28";
29 2 1 54,72 "29";
30 2 1 72,90 "30";
31 2 1 93,101 "31";
32 2 0 100,102 "32";
33 1 1 15,56 "33";
34 2 1 42,93 "34";
35 0 0 96,129 "35";
36 0 1 23,24 "36";
37 1 0 16,72 "37";
38 0 1 36,107 "38";
39 0 0 20,28 "39";
40 0 1 5,12 "40";
41 0 0 8,67 "41";
42 1 0 9,86 "42";
43 2 1 64,68 "43";
44 1 0 50,55 "44";
45 2 0 102,120 "45";
46 2 0 0,4 "46";
47 2 0 31,45 "47";
48 1 1 70,129 "48";
49 1 0 78,131 "49";
50 2 0 19,71 "50";
51 2 1 3,108 "51";
52 0 1 69,122 "52";
53 2 1 54,120 "53";
54 1 1 19,134 "54";
55 0 1 14,25 "55";
56 2 0 4,96 "56";
57 1 1 3,36 "57";
58 0 0 18,35 "58";
59 1 0 105,114 "59";
60 1 1 15,127 "60";
61 1 1 13,85 "61";
62 2 1 33,69 "62";
63 2 0 42,132 "63";
64 1 1 88,123 "64";
65 1 1 108,132 "65";
66 1 0 16,101 "66";
67 2 1 44,91 "67";
68 2 0 63,99 "68";
69 0 1 88,100 "69";
70 0 1 4,129 "70";
71 2 1 16,26 "71";
72 1 0 49,111 "72";
73 2 1 20,24 "73";
74 2 0 81,96 "74";
75 2 0 52,86 "75";
76 0 0 1,133 "76";
77 0 1 56,69 "77";
78 2 1 20,76 "78";
79 0 1 62,112 "79";
80 0 0 34,46 "80";
81 0 0 106,109 "81";
82 2 0 41,64 "82";
83 2 0 106,134 "83";
84 1 0 102,127 "84";
85 2 0 23,51 "85";
86 2 0 27,126 "86";
87 2 1 67,110 "87";
88 0 1 25,89 "88";
89 1 0 19,77 "89";
90 2 1 106,122 "90";
91 0 0 20,85 "91";
92 2 0 24,27 "92";
93 0 0 2,110 "93";
94 0 0 73,115 "94";
95 1 1 89,97 "95";
96 0 0 37,49 "96";
97 2 1 38,47 "97";
98 1 0 26,128 "98";
99 0 0 27,63 "99";
100 2 1 87,121 "100";
101 1 1 9,62 "101";
102 0 1 131,134 "102";
103 0 1 72,134 "103";
104 1 0 35,130 "104";
105 2 1 42,121 "105";
106 0 1 76,116 "106";
107 2 1 1,47 "107";
108 2 0 24,36 "108";
109 0 1 25,88 "109";
110 1 0 62,89 "110";
111 0 0 69,134 "111";
112 2 0 42,56 "112";
113 1 0 0,28 "113";
114 0 0 81,97 "114";
115 0 0 7,83 "115";
116 1 0 61,132 "116";
117 0 1 39,94 "117";
118 0 0 101,103 "118";
119 0 0 9,90 "119";
120 0 0 0,116 "120";
121 0 0 16,97 "121";
122 1 0 60,101 "122";
123 0 1 29,79 "123";
124 0 1 84,131 "124";
125 2 1 14,134 "125";
126 1 0 38,92 "126";
127 2 0 40,62 "127";
128 2 1 6,70 "128";
129 0 0 73,116 "129";
130 0 0 40,94 "130";
131 1 0 14,55 "131";
132 1 1 1,91 "132";
133 0 0 15,28 "133";
134 1 0 56,126 "134";
