parity 104;
0 0 0 4,60 "0";
1 1 1 33,76 "1";
2 1 0 7,11 "2";
3 1 0 21,99 "3";
4 1 0 31,45 "4";
5 1 1 14,18 "5";
6 2 0 11,31 "6";
7 0 1 14,26 "7";
8 1 1 16,64 "8";
9 0 1 26,97 "9";
10 0 1 5,46 "10";
11 0 0 24,83 "11";
12 0 0 22,63 "12";
13 0 1 34,52 "13";
14 2 0 46,70 "14";
15 2 0 59,67 "15";
16 2 1 22,39 "16";
17 2 1 34,83 "17";
18 0 1 45,87 "18";
19 1 1 20,69 "19";
20 1 1 37,62 "20";
21 0 1 99,104 "21";
22 1 1 15,60 "22";
23 1 0 50,51 "23";
24 0 1 15,50 "24";
25 0 0 9,81 "25";
26 0 1 6,103 "26";
27 0 1 16,65 "27";
28 2 0 91,103 "28";
29 0 1 0,95 "29";
30 0 0 0,79 "30";
31 0 0 37,77 "31";
32 0 0 5,79 "32";
33 2 1 1,80 "33";
34 2 0 24,38 "34";
35 2 1 15,77 "35";
36 0 0 19,83 "36";
37 1 1 53,85 "37";
38 2 0 0,17 "38";
39 0 0 60,104 "39";
40 1 0 24,30 "40";
41 2 1 27,61 "41";
42 1 0 14,25 "42";
43 1 0 27,59 "43";
44 0 0 1,65 "44";
45 0 1 2,100 "45";
46 2 0 44,104 "46";
47 0 0 30,48 "47";
48 0 0 4,19 "48";
49 2 0 27,33 "49";
50 2 1 40,74 "50";
51 0 1 19,39 "51";
52 0 1 69,90 "52";
53 2 0 52,56 "53";
54 2 1 13,87 "54";
55 1 1 27,44 "55";
56 0 0 37,43 "56";
57 0 0 22,84 "57";
58 2 1 41,95 "58";
59 1 0 56,73 "59";
60 1 1 50,78 "60";
61 0 0 85,101 "61";
62 1 1 56,71 "62";
63 1 1 30,92 "63";
64 2 1 44,49 "64";
65 2 1 41,54 "65";
66 0 1 16,25 "66";
67 2 0 23,54 "67";
68 0 1 58,86 "68";
69 2 1 82,101 "69";
70 1 1 1,73 "70";
71 0 1 24,93 "71";
72 1 0 30,84 "72";
73 2 1 6,97 "73";
74 2 0 36,83 "74";
75 2 0 50,67 "75";
76 1 1 31,34 "76";
77 0 1 50,79 "77";
78 1 0 0,13 "78";
79 1 1 34,61 "79";
80 1 1 24,74 "80";
81 2 0 33,78 "81";
82 0 1 21,102 "82";
83 1 1 4,101 "83";
84 2 0 12,17 "84";
85 0 0 12,41 "85";
86 2 1 20,74 "86";
87 2 1 64,71 "87";
88 0 0 47,74 "88";
89 2 0 2,9 "89";
90 0 0 53,73 "90";
91 1 0 6,65 "91";
92 0 1 5,58 "92";
93 0 0 21,103 "93";
94 2 1 75,88 "94";
95 2 0 18,57 "95";
96 0 1 47,76 "96";
97 1 0 26,47 "97";
98 2 0 63,70 "98";
99 2 0 20,69 "99";
100 1 0 17,84 "100";
101 2 1 35,85 "101";
102 1 0 18,83 "102";
103 2 1 10,48 "103";
104 1 0 36,62 "104";
