parity 99;
0 0 0 15,73 "0";
1 0 1 22,36 "1";
2 2 1 62,77 "2";
3 1 0 48,65 "3";
4 0 1 38,84 "4";
5 2 1 6,75 "5";
6 2 0 53,62 "6";
7 0 1 92,97 "7";
8 0 1 33,90 "8";
9 1 0 37,45 "9";
10 2 0 58,62 "10";
11 0 1 37,56 "11";
12 1 1 63,74 "12";
13 1 0 1,48 "13";
14 2 0 26,59 "14";
15 2 0 21,78 "15";
16 2 0 10,37 "16";
17 0 0 7,90 "17";
18 2 1 38,61 "18";
19 0 1 68,95 "19";
20 1 1 10,48 "20";
21 2 0 4,14 "21";
22 2 0 38,66 "22";
23 1 1 53,81 "23";
24 1 1 9,85 "24";
25 2 1 53,77 "25";
26 2 0 8,19 "26";
27 1 1 17,37 "27";
28 2 0 5,80 "28";
29 2 0 61,91 "29";
30 2 0 49,78 "30";
31 1 1 23,70 "31";
32 0 0 28,33 "32";
33 0 1 1,20 "33";
34 0 0 60,87 "34";
35 2 0 11,24 "35";
36 0 1 79,95 "36";
37 1 1 77,94 "37";
38 2 0 23,65 "38";
39 0 1 2,58 "39";
40 2 1 38,78 "40";
41 1 1 66,91 "41";
42 0 1 18,99 "42";
43 0 0 25,89 "43";
44 0 0 42,53 "44";
45 1 0 7,95 "45";
46 1 0 0,63 "46";
47 0 0 1,49 "47";
48 2 1 54,64 "48";
49 0 1 12,64 "49";
50 2 1 54,72 "50";
51 1 0 43,63 "51";
52 1 0 33,67 "52";
53 2 0 43,97 "53";
54 0 1 51,89 "54";
55 2 0 6,7 "55";
56 2 1 35,67 "56";
57 2 1 22,84 "57";
58 0 1 81,94 "58";
59 2 0 78,98 "59";
60 1 0 23,65 "60";
61 1 1 33,38 "61";
62 2 1 37,98 "62";
63 0 0 36,67 "63";
64 0 0 68,96 "64";
65 2 1 40,45 "65";
66 1 1 29,96 "66";
67 2 0 0,35 "67";
68 2 1 6,22 "68";
69 1 0 18,71 "69";
70 0 1 9,94 "70";
71 1 0 5,53 "71";
72 2 0 25,34 "72";
73 1 1 10,81 "73";
74 2 1 48,72 "74";
75 0 0 38,79 "75";
76 0 1 31,40 "76";
77 2 0 59,80 "77";
78 0 1 3,41 "78";
79 1 1 2,90 "79";
80 0 1 1,45 "80";
81 0 1 23,50 "81";
82 0 1 22,66 "82";
83 1 1 20,91 "83";
84 0 0 28,86 "84";
85 2 1 38,62 "85";
86 0 0 8,40 "86";
87 0 0 54,86 "87";
88 0 0 4,81 "88";
89 2 0 23,59 "89";
90 0 1 12,87 "90";
91 1 0 60,96 "91";
92 0 0 35,79 "92";
93 0 1 53,86 "93";
94 0 1 22,72 "94";
95 2 1 81,87 "95";
96 0 1 51,79 "96";
97 1 0 35,57 "97";
98 2 1 7,35 "98";
99 2 1 43,58 "99";
