parity 159;
0 1 1 110,145 "0";
1 2 1 79,118 "1";
2 2 1 3,145 "2";
3 0 0 35,147 "3";
4 2 0 17,69 "4";
5 1 1 11,129 "5";
6 1 0 79,135 "6";
7 0 1 0,68 "7";
8 0 0 37,112 "8";
9 0 1 38,100 "9";
10 0 0 85,114 "10";
11 0 1 54,114 "11";
12 1 1 92,144 "12";
13 2 1 2,72 "13";
14 2 0 71,96 "14";
15 2 0 1,66 "15";
16 0 1 122,124 "16";
17 0 0 62,81 "17";
18 1 0 29,158 "18";
19 2 0 23,124 "19";
20 1 1 35,49 "20";
21 0 1 97,130 "21";
22 0 1 76,112 "22";
23 1 0 67,102 "23";
24 0 1 10,138 "24";
25 0 0 47,142 "25";
26 1 0 0,50 "26";
27 0 1 41,148 "27";
28 1 1 138,157 "28";
29 0 0 12,66 "29";
30 2 0 139,158 "30";
31 1 1 43,82 "31";
32 0 1 45,127 "32";
33 2 1 11,100 "33";
34 1 1 98,124 "34";
35 1 1 97,108 "35";
36 2 0 87,101 "36";
37 0 0 91,113 "37";
38 0 1 7,130 "38";
39 0 0 63,79 "39";
40 1 1 11,29 "40";
41 0 0 87,135 "41";
42 0 1 57,129 "42";
43 0 1 95,157 "43";
44 2 0 68,141 "44";
45 1 0 1,144 "45";
46 1 1 108,123 "46";
47 1 0 62,114 "47";
48 0 1 95,103 "48";
49 0 0 50,79 "49";
50 1 1 93,99 "50";
51 1 0 81,120 "51";
52 0 1 91,157 "52";
53 0 0 50,83 "53";
54 2 1 42,47 "54";
55 2 1 59,103 "55";
56 2 0 40,47 "56";
57 0 1 20,137 "57";
58 1 1 5,153 "58";
59 2 0 88,146 "59";
60 1 0 92,155 "60";
61 1 1 29,36 "61";
62 1 0 0,51 "62";
63 2 0 17,73 "63";
64 1 1 34,116 "64";
65 0 1 0,135 "65";
66 1 0 53,108 "66";
67 1 1 13,77 "67";
68 2 1 134,137 "68";
69 2 0 12,157 "69";
70 1 0 48,85 "70";
71 0 1 39,97 "71";
72 1 0 56,143 "72";
73 1 1 13,110 "73";
74 2 1 65,102 "74";
75 1 1 10,32 "75";
76 2 1 6,123 "76";
77 2 1 39,98 "77";
78 2 0 80,81 "78";
79 1 0 54,85 "79";
80 1 0 25,103 "80";
81 1 1 58,151 "81";
82 2 1 109,149 "82";
83 0 0 55,130 "83";
84 0 0 40,113 "84";
85 0 0 46,156 "85";
86 1 0 7,81 "86";
87 0 1 104,136 "87";
88 1 1 84,86 "88";
89 1 0 24,83 "89";
90 0 0 36,132 "90";
91 1 0 17,72 "91";
92 1 1 13,106 "92";
93 1 0 2,85 "93";
94 2 1 54,74 "94";
95 0 0 12,126 "95";
96 2 0 29,75 "96";
97 0 1 98,99 "97";
98 1 0 49,101 "98";
99 2 1 87,159 "99";
100 2 0 89,157 "100";
101 0 0 2,146 "101";
102 1 0 13,101 "102";
103 1 0 4,112 "103";
104 1 1 68,133 "104";
105 0 0 24,54 "105";
106 2 1 101,112 "106";
107 1 0 60,84 "107";
108 2 1 58,136 "108";
109 0 0 1,11 "109";
110 2 0 64,104 "110";
111 2 1 67,129 "111";
112 2 1 32,61 "112";
113 0 0 74,133 "113";
114 0 0 34,42 "114";
115 1 0 142,159 "115";
116 2 1 103,119 "116";
117 1 0 10,155 "117";
118 1 0 40,48 "118";
119 2 0 82,134 "119";
120 0 0 138,150 "120";
121 1 1 102,108 "121";
122 1 0 6,73 "122";
123 0 1 55,151 "123";
124 2 0 10,21 "124";
125 2 0 116,142 "125";
126 1 0 120,139 "126";
127 2 1 14,135 "127";
128 1 0 122,131 "128";
129 0 1 31,50 "129";
130 1 0 8,144 "130";
131 2 0 9,79 "131";
132 2 1 29,123 "132";
133 2 0 14,48 "133";
134 0 1 9,133 "134";
135 1 1 17,51 "135";
136 0 0 37,73 "136";
137 1 0 42,130 "137";
138 2 0 120,137 "138";
139 0 1 108,137 "139";
140 1 1 147,148 "140";
141 1 1 34,101 "141";
142 1 0 63,114 "142";
143 1 0 37,72 "143";
144 2 0 13,116 "144";
145 2 1 82,117 "145";
146 0 1 51,112 "146";
147 0 0 14,69 "147";
148 1 1 65,85 "148";
149 2 1 121,145 "149";
150 1 0 118,151 "150";
151 1 1 43,53 "151";
152 2 0 33,85 "152";
153 2 0 58,80 "153";
154 2 0 23,137 "154";
155 1 1 49,70 "155";
156 2 0 0,149 "156";
157 2 1 5,155 "157";
158 0 1 46,143 "158";
159 0 0 59,143 "159";
