parity 124;
0 2 1 67,106 "0";
1 0 1 20,39 "1";
2 0 0 12,93 "2";
3 0 1 67,80 "3";
4 1 1 10,109 "4";
5 2 0 64,96 "5";
6 1 1 1,82 "6";
7 2 1 5,38 "7";
8 1 1 76,95 "8";
9 0 1 2,46 "9";
10 1 0 2,89 "10";
11 1 0 45,88 "11";
12 1 0 50,119 "12";
13 0 0 57,97 "13";
14 1 0 102,115 "14";
15 2 1 0,113 "15";
16 0 1 20,60 "16";
17 2 0 68,89 "17";
18 0 1 86,114 "18";
19 0 0 26,69 "19";
20 0 0 16,65 "20";
21 0 0 2,14 "21";
22 2 1 59,65 "22";
23 1 0 21,47 "23";
24 2 0 46,82 "24";
25 2 0 58,62 "25";
26 2 0 4,92 "26";
27 2 0 18,73 "27";
28 1 0 22,107 "28";
29 1 1 7,92 "29";
30 0 1 38,107 "30";
31 0 0 0,19 "31";
32 2 0 66,94 "32";
33 2 1 42,61 "33";
34 0 1 44,75 "34";
35 1 1 12,66 "35";
36 1 0 46,56 "36";
37 1 1 48,107 "37";
38 0 0 0,98 "38";
39 1 0 42,104 "39";
40 2 0 41,78 "40";
41 1 1 31,48 "41";
42 2 0 5,47 "42";
43 0 1 75,101 "43";
44 2 1 1,29 "44";
45 2 1 97,107 "45";
46 0 1 49,109 "46";
47 0 0 45,66 "47";
48 1 0 27,74 "48";
49 2 0 33,48 "49";
50 0 0 29,74 "50";
51 1 1 92,98 "51";
52 1 1 43,115 "52";
53 1 0 29,35 "53";
54 0 1 48,83 "54";
55 2 0 34,91 "55";
56 0 0 37,55 "56";
57 2 1 100,120 "57";
58 2 1 40,49 "58";
59 2 0 21,38 "59";
60 0 0 31,90 "60";
61 1 0 81,120 "61";
62 1 1 94,97 "62";
63 1 0 0,110 "63";
64 2 0 70,88 "64";
65 2 0 47,87 "65";
66 2 0 25,47 "66";
67 0 0 95,112 "67";
68 0 0 72,104 "68";
69 0 1 48,64 "69";
70 1 1 45,68 "70";
71 0 1 2,13 "71";
72 2 1 1,71 "72";
73 2 1 76,82 "73";
74 1 0 39,48 "74";
75 0 1 45,94 "75";
76 0 1 7,114 "76";
77 1 1 22,28 "77";
78 1 1 26,42 "78";
79 1 1 35,108 "79";
80 2 1 11,89 "80";
81 0 0 47,114 "81";
82 0 0 85,92 "82";
83 0 0 107,122 "83";
84 0 0 2,67 "84";
85 2 1 19,83 "85";
86 2 1 36,105 "86";
87 0 0 14,99 "87";
88 1 0 77,83 "88";
89 0 0 38,102 "89";
90 1 1 15,110 "90";
91 1 1 66,77 "91";
92 0 1 91,110 "92";
93 0 1 58,106 "93";
94 1 0 65,109 "94";
95 2 1 34,44 "95";
96 0 1 14,58 "96";
97 1 1 16,66 "97";
98 0 0 29,66 "98";
99 1 1 58,96 "99";
100 2 0 22,82 "100";
101 2 0 30,104 "101";
102 0 1 68,81 "102";
103 1 0 50,61 "103";
104 1 0 47,124 "104";
105 1 0 121,123 "105";
106 2 0 75,85 "106";
107 2 1 47,103 "107";
108 2 0 44,79 "108";
109 0 0 2,42 "109";
110 0 0 17,53 "110";
111 1 1 70,104 "111";
112 0 1 54,121 "112";
113 2 1 59,119 "113";
114 0 1 5,39 "114";
115 0 1 4,49 "115";
116 0 0 9,113 "116";
117 2 1 14,32 "117";
118 0 1 43,51 "118";
119 2 1 38,90 "119";
120 2 1 0,104 "120";
121 0 0 21,88 "121";
122 2 1 18,53 "122";
123 2 1 28,64 "123";
124 2 0 88,110 "124";
