parity 119;
0 2 0 17,82 "0";
1 1 1 35,63 "1";
2 2 1 64,98 "2";
3 2 0 30,47 "3";
4 2 1 47,98 "4";
5 0 0 35,101 "5";
6 1 1 18,21 "6";
7 2 1 0,46 "7";
8 0 0 35,107 "8";
9 0 1 94,115 "9";
10 0 1 7,21 "10";
11 0 1 53,111 "11";
12 2 0 54,57 "12";
13 2 1 42,109 "13";
14 0 1 66,112 "14";
15 1 0 92,105 "15";
16 0 1 0,5 "16";
17 2 1 10,104 "17";
18 1 0 58,59 "18";
19 2 1 31,108 "19";
20 1 0 39,87 "20";
21 2 0 75,114 "21";
22 2 1 57,107 "22";
23 1 0 40,79 "23";
24 0 0 47,52 "24";
25 1 1 54,92 "25";
26 2 1 13,98 "26";
27 1 1 36,76 "27";
28 0 1 77,117 "28";
29 1 1 9,17 "29";
30 1 1 40,82 "30";
31 1 1 60,105 "31";
32 2 1 69,94 "32";
33 1 1 52,95 "33";
34 1 1 88,117 "34";
35 1 0 55,57 "35";
36 1 1 0,94 "36";
37 2 0 88,118 "37";
38 1 1 2,25 "38";
39 1 0 31,52 "39";
40 2 0 47,105 "40";
41 0 0 16,86 "41";
42 2 1 60,90 "42";
43 2 1 62,117 "43";
44 2 1 85,97 "44";
45 1 1 20,29 "45";
46 0 1 104,106 "46";
47 2 1 33,62 "47";
48 2 1 60,88 "48";
49 0 0 23,62 "49";
50 2 1 0,19 "50";
51 1 0 7,99 "51";
52 0 1 4,102 "52";
53 1 1 16,94 "53";
54 1 1 2,117 "54";
55 0 0 39,69 "55";
56 2 1 30,110 "56";
57 1 0 83,109 "57";
58 0 1 5,43 "58";
59 0 1 103,116 "59";
60 2 0 20,75 "60";
61 1 0 86,114 "61";
62 0 0 84,117 "62";
63 1 1 85,113 "63";
64 0 1 75,99 "64";
65 0 1 0,69 "65";
66 1 0 114,116 "66";
67 2 0 24,47 "67";
68 1 1 29,50 "68";
69 0 0 10,64 "69";
70 2 0 28,61 "70";
71 1 0 2,89 "71";
72 0 0 79,82 "72";
73 2 0 15,46 "73";
74 0 0 24,61 "74";
75 0 1 44,117 "75";
76 0 1 28,105 "76";
77 1 1 0,113 "77";
78 1 0 98,106 "78";
79 2 0 64,77 "79";
80 0 0 41,71 "80";
81 1 0 59,78 "81";
82 1 0 16,75 "82";
83 0 0 13,76 "83";
84 1 0 6,25 "84";
85 1 0 72,104 "85";
86 0 1 79,89 "86";
87 1 0 106,112 "87";
88 2 1 16,58 "88";
89 2 1 1,36 "89";
90 2 0 72,106 "90";
91 0 0 9,27 "91";
92 1 1 20,99 "92";
93 0 1 66,92 "93";
94 0 0 16,41 "94";
95 0 1 1,60 "95";
96 0 0 17,89 "96";
97 1 1 96,102 "97";
98 2 0 28,85 "98";
99 1 1 93,111 "99";
100 1 1 26,42 "100";
101 2 1 73,111 "101";
102 1 0 31,46 "102";
103 1 1 4,23 "103";
104 2 1 35,97 "104";
105 1 1 110,116 "105";
106 0 0 87,112 "106";
107 2 1 81,105 "107";
108 2 0 9,40 "108";
109 1 0 53,110 "109";
110 1 1 26,111 "110";
111 0 0 37,98 "111";
112 0 0 67,83 "112";
113 1 1 31,76 "113";
114 1 0 27,46 "114";
115 0 1 31,81 "115";
116 2 1 102,107 "116";
117 0 1 7,69 "117";
118 1 0 14,46 "118";
119 2 1 5,87 "119";
