parity 99;
0 2 0 19,72 "0";
1 0 1 14,87 "1";
2 1 0 16,61 "2";
3 1 1 9,44 "3";
4 2 1 62,85 "4";
5 2 1 46,84 "5";
6 1 0 27,79 "6";
7 1 0 44,92 "7";
8 2 1 19,22 "8";
9 1 0 34,95 "9";
10 0 0 50,52 "10";
11 1 1 9,34 "11";
12 0 0 14,40 "12";
13 0 0 37,97 "13";
14 2 1 27,72 "14";
15 1 0 72,80 "15";
16 1 1 12,74 "16";
17 1 0 65,79 "17";
18 2 1 5,9 "18";
19 2 1 17,31 "19";
20 0 0 62,83 "20";
21 1 0 24,72 "21";
22 2 1 23,33 "22";
23 2 0 53,70 "23";
24 2 0 42,66 "24";
25 2 0 56,62 "25";
26 1 1 19,71 "26";
27 2 0 22,78 "27";
28 1 0 8,97 "28";
29 2 1 61,84 "29";
30 1 0 2,61 "30";
31 0 1 20,22 "31";
32 2 1 62,72 "32";
33 2 1 0,89 "33";
34 0 1 55,67 "34";
35 2 0 3,97 "35";
36 2 1 12,37 "36";
37 0 0 40,78 "37";
38 2 0 9,85 "38";
39 1 0 64,86 "39";
40 2 1 5,60 "40";
41 2 1 34,58 "41";
42 1 0 11,15 "42";
43 1 0 49,82 "43";
44 1 0 9,47 "44";
45 0 1 19,60 "45";
46 1 1 62,70 "46";
47 0 1 24,93 "47";
48 0 1 54,85 "48";
49 2 0 11,44 "49";
50 1 1 9,85 "50";
51 0 0 64,98 "51";
52 0 0 4,72 "52";
53 1 1 13,64 "53";
54 1 1 5,34 "54";
55 0 1 83,98 "55";
56 0 0 45,82 "56";
57 2 0 31,38 "57";
58 2 1 41,98 "58";
59 0 0 15,95 "59";
60 0 1 13,27 "60";
61 1 1 42,93 "61";
62 0 0 16,88 "62";
63 1 1 35,51 "63";
64 1 0 11,50 "64";
65 1 0 13,49 "65";
66 2 1 11,18 "66";
67 2 1 2,18 "67";
68 0 0 53,82 "68";
69 2 0 70,97 "69";
70 1 1 44,90 "70";
71 2 1 7,40 "71";
72 2 0 10,83 "72";
73 1 0 29,83 "73";
74 1 0 55,95 "74";
75 1 1 85,89 "75";
76 2 0 16,51 "76";
77 1 0 18,44 "77";
78 2 1 44,85 "78";
79 0 1 83,84 "79";
80 0 1 26,84 "80";
81 1 1 11,33 "81";
82 0 1 76,91 "82";
83 2 0 31,90 "83";
84 2 1 3,6 "84";
85 2 0 40,56 "85";
86 1 1 19,47 "86";
87 2 1 6,49 "87";
88 0 1 18,96 "88";
89 2 0 73,88 "89";
90 2 0 63,73 "90";
91 0 0 31,45 "91";
92 0 1 30,48 "92";
93 0 1 8,74 "93";
94 1 0 27,43 "94";
95 0 0 46,93 "95";
96 1 1 29,32 "96";
97 2 1 14,78 "97";
98 0 1 26,74 "98";
99 0 0 1,81 "99";
