parity 169;
0 1 0 27,141 "0";
1 0 0 101,139 "1";
2 0 0 22,161 "2";
3 0 1 60,163 "3";
4 1 0 161,169 "4";
5 0 0 51,114 "5";
6 2 1 108,162 "6";
7 0 1 5,135 "7";
8 2 0 94,160 "8";
9 0 0 71,93 "9";
10 2 0 115,138 "10";
11 1 0 13,126 "11";
12 1 0 77,117 "12";
13 2 1 83,126 "13";
14 1 0 50,66 "14";
15 1 1 4,71 "15";
16 1 0 44,164 "16";
17 0 1 53,150 "17";
18 0 1 24,122 "18";
19 2 0 108,113 "19";
20 2 1 138,157 "20";
21 0 1 77,128 "21";
22 2 0 118,161 "22";
23 2 0 60,162 "23";
24 1 1 84,85 "24";
25 0 1 73,94 "25";
26 0 0 72,144 "26";
27 0 0 121,161 "27";
28 0 0 1,44 "28";
29 0 1 61,117 "29";
30 1 1 26,87 "30";
31 1 1 126,165 "31";
32 2 1 57,85 "32";
33 0 0 35,152 "33";
34 0 1 35,65 "34";
35 0 0 144,160 "35";
36 0 1 114,162 "36";
37 1 1 100,106 "37";
38 2 1 8,106 "38";
39 0 0 105,141 "39";
40 1 1 7,11 "40";
41 0 0 16,158 "41";
42 1 0 81,157 "42";
43 2 0 19,147 "43";
44 0 0 47,88 "44";
45 0 0 75,119 "45";
46 0 0 54,152 "46";
47 2 1 63,103 "47";
48 1 0 30,117 "48";
49 0 0 43,91 "49";
50 2 0 5,18 "50";
51 2 1 82,129 "51";
52 1 0 5,106 "52";
53 1 1 90,155 "53";
54 1 1 142,155 "54";
55 0 1 66,104 "55";
56 0 1 15,144 "56";
57 2 1 37,65 "57";
58 0 0 37,39 "58";
59 2 1 141,164 "59";
60 2 1 52,168 "60";
61 1 1 55,139 "61";
62 2 0 102,160 "62";
63 1 1 147,163 "63";
64 0 0 23,108 "64";
65 2 1 75,149 "65";
66 0 1 118,121 "66";
67 1 0 6,154 "67";
68 0 0 53,63 "68";
69 1 0 123,136 "69";
70 0 0 7,15 "70";
71 0 0 73,87 "71";
72 2 0 111,155 "72";
73 2 0 43,167 "73";
74 0 0 145,146 "74";
75 1 0 82,144 "75";
76 1 1 91,103 "76";
77 2 1 139,149 "77";
78 1 0 73,148 "78";
79 0 1 65,156 "79";
80 0 0 46,159 "80";
81 0 1 93,97 "81";
82 0 0 31,111 "82";
83 1 0 79,91 "83";
84 1 1 1,22 "84";
85 2 0 41,77 "85";
86 1 0 6,97 "86";
87 2 1 16,18 "87";
88 1 0 1,112 "88";
89 2 1 38,154 "89";
90 0 0 66,157 "90";
91 0 1 23,124 "91";
92 1 1 19,37 "92";
93 1 1 61,65 "93";
94 0 1 11,137 "94";
95 1 1 19,60 "95";
96 0 1 12,44 "96";
97 2 0 29,38 "97";
98 0 0 158,162 "98";
99 1 1 1,53 "99";
100 2 0 99,161 "100";
101 2 1 71,112 "101";
102 1 0 135,156 "102";
103 0 0 57,162 "103";
104 0 0 48,159 "104";
105 0 0 19,28 "105";
106 0 0 155,162 "106";
107 0 1 50,93 "107";
108 1 0 105,121 "108";
109 0 0 46,56 "109";
110 0 0 49,124 "110";
111 1 1 113,128 "111";
112 0 1 79,103 "112";
113 0 0 58,147 "113";
114 0 1 33,163 "114";
115 2 0 2,150 "115";
116 1 1 77,161 "116";
117 0 0 34,113 "117";
118 0 1 13,131 "118";
119 2 0 67,97 "119";
120 1 1 144,164 "120";
121 2 0 112,157 "121";
122 2 0 9,118 "122";
123 0 1 102,152 "123";
124 2 1 7,57 "124";
125 1 1 90,101 "125";
126 1 1 55,79 "126";
127 2 0 21,70 "127";
128 1 1 43,100 "128";
129 1 1 69,169 "129";
130 1 1 88,111 "130";
131 1 1 1,89 "131";
132 2 0 42,138 "132";
133 2 1 105,123 "133";
134 0 0 6,18 "134";
135 0 0 12,77 "135";
136 1 1 42,113 "136";
137 1 0 143,168 "137";
138 1 0 21,94 "138";
139 2 1 147,150 "139";
140 0 0 5,31 "140";
141 0 1 34,166 "141";
142 2 1 49,107 "142";
143 0 0 101,121 "143";
144 1 0 143,161 "144";
145 1 0 136,165 "145";
146 0 1 5,43 "146";
147 1 1 12,150 "147";
148 0 1 40,77 "148";
149 0 0 26,119 "149";
150 0 0 66,140 "150";
151 2 1 40,142 "151";
152 2 1 1,166 "152";
153 1 1 108,134 "153";
154 2 0 17,29 "154";
155 0 0 93,147 "155";
156 1 1 61,63 "156";
157 1 0 18,62 "157";
158 0 0 8,74 "158";
159 1 0 127,149 "159";
160 0 0 43,76 "160";
161 2 1 2,54 "161";
162 1 0 113,140 "162";
163 1 1 14,168 "163";
164 1 1 30,39 "164";
165 2 0 67,156 "165";
166 0 1 0,78 "166";
167 0 0 11,169 "167";
168 2 1 78,132 "168";
169 2 0 126,138 "169";
