parity 99;
0 1 1 75,91 "0";
1 1 0 32,56 "1";
2 0 0 8,31 "2";
3 0 1 29,99 "3";
4 1 0 25,80 "4";
5 1 1 62,98 "5";
6 0 1 18,74 "6";
7 0 0 15,82 "7";
8 0 1 44,72 "8";
9 0 0 84,95 "9";
10 1 1 35,77 "10";
11 0 0 8,52 "11";
12 1 1 25,30 "12";
13 1 0 22,94 "13";
14 2 0 45,49 "14";
15 1 1 68,87 "15";
16 0 1 17,58 "16";
17 0 1 3,49 "17";
18 1 0 6,54 "18";
19 1 0 15,49 "19";
20 1 1 17,41 "20";
21 1 0 80,89 "21";
22 1 0 51,86 "22";
23 2 0 26,55 "23";
24 2 0 63,75 "24";
25 2 1 18,96 "25";
26 2 0 4,49 "26";
27 2 0 5,86 "27";
28 1 1 32,55 "28";
29 2 1 9,90 "29";
30 1 1 74,79 "30";
31 1 1 36,70 "31";
32 1 0 21,29 "32";
33 1 1 46,72 "33";
34 1 1 63,87 "34";
35 2 1 42,58 "35";
36 1 0 48,83 "36";
37 1 1 51,86 "37";
38 0 0 26,88 "38";
39 1 1 77,99 "39";
40 0 1 30,74 "40";
41 2 0 35,84 "41";
42 2 0 14,96 "42";
43 1 0 27,92 "43";
44 2 1 59,80 "44";
45 2 1 62,90 "45";
46 1 1 20,51 "46";
47 0 1 2,32 "47";
48 1 1 3,66 "48";
49 0 0 31,65 "49";
50 1 1 34,76 "50";
51 2 0 8,64 "51";
52 1 1 56,81 "52";
53 0 1 57,98 "53";
54 1 0 69,95 "54";
55 0 0 1,6 "55";
56 1 1 15,63 "56";
57 2 1 58,82 "57";
58 0 0 34,90 "58";
59 1 1 0,8 "59";
60 0 1 1,69 "60";
61 1 0 12,40 "61";
62 1 1 3,7 "62";
63 1 0 15,85 "63";
64 2 1 32,81 "64";
65 1 0 79,83 "65";
66 0 1 23,70 "66";
67 0 0 27,73 "67";
68 0 0 16,64 "68";
69 2 1 74,86 "69";
70 0 1 54,58 "70";
71 0 1 60,93 "71";
72 2 0 14,63 "72";
73 2 0 72,76 "73";
74 1 1 9,37 "74";
75 2 0 2,96 "75";
76 0 1 12,66 "76";
77 2 1 39,80 "77";
78 0 0 19,87 "78";
79 2 0 15,40 "79";
80 1 0 6,89 "80";
81 2 1 59,87 "81";
82 1 1 27,54 "82";
83 0 1 42,76 "83";
84 2 1 39,92 "84";
85 2 0 48,89 "85";
86 2 1 1,3 "86";
87 1 0 76,99 "87";
88 2 0 55,71 "88";
89 2 0 36,73 "89";
90 0 1 2,84 "90";
91 2 0 70,77 "91";
92 2 1 38,69 "92";
93 1 0 44,82 "93";
94 2 1 1,76 "94";
95 1 1 45,76 "95";
96 1 1 50,76 "96";
97 2 1 50,53 "97";
98 0 0 26,46 "98";
99 0 1 16,45 "99";
