parity 174;
0 0 0 30,166 "0";
1 1 0 24,44 "1";
2 1 1 36,44 "2";
3 2 0 102,155 "3";
4 1 1 44,95 "4";
5 0 1 25,86 "5";
6 1 1 32,52 "6";
7 0 0 73,102 "7";
8 2 0 50,59 "8";
9 2 1 15,128 "9";
10 2 0 134,145 "10";
11 0 0 16,169 "11";
12 2 1 69,168 "12";
13 0 1 92,113 "13";
14 2 0 86,128 "14";
15 1 0 23,139 "15";
16 0 1 0,56 "16";
17 2 0 26,43 "17";
18 0 1 42,89 "18";
19 1 1 59,150 "19";
20 0 1 44,77 "20";
21 1 1 74,116 "21";
22 1 1 15,65 "22";
23 1 1 110,125 "23";
24 1 1 23,27 "24";
25 0 1 11,106 "25";
26 2 1 12,67 "26";
27 2 1 100,170 "27";
28 0 1 65,77 "28";
29 0 1 165,166 "29";
30 1 0 116,149 "30";
31 1 0 6,154 "31";
32 2 0 23,87 "32";
33 2 1 80,92 "33";
34 0 0 11,171 "34";
35 2 1 88,167 "35";
36 0 0 127,132 "36";
37 1 0 45,79 "37";
38 1 1 13,169 "38";
39 1 1 62,145 "39";
40 1 1 161,162 "40";
41 0 0 40,63 "41";
42 2 0 79,114 "42";
43 2 1 139,163 "43";
44 1 1 104,160 "44";
45 2 0 49,137 "45";
46 2 1 9,154 "46";
47 1 1 26,144 "47";
48 2 1 99,160 "48";
49 1 1 99,157 "49";
50 0 0 117,130 "50";
51 2 1 17,124 "51";
52 1 0 46,48 "52";
53 1 0 107,116 "53";
54 0 1 124,144 "54";
55 0 0 4,70 "55";
56 1 0 7,166 "56";
57 0 0 23,147 "57";
58 2 0 92,167 "58";
59 1 1 20,32 "59";
60 2 0 64,102 "60";
61 1 1 41,174 "61";
62 1 0 106,170 "62";
63 2 1 70,72 "63";
64 0 1 8,94 "64";
65 2 0 87,121 "65";
66 2 0 68,111 "66";
67 1 0 8,33 "67";
68 1 0 54,142 "68";
69 1 0 35,63 "69";
70 1 1 67,101 "70";
71 0 1 13,15 "71";
72 2 0 24,110 "72";
73 2 0 107,115 "73";
74 0 1 100,152 "74";
75 1 1 19,50 "75";
76 0 1 13,15 "76";
77 0 1 82,158 "77";
78 0 0 8,77 "78";
79 1 1 54,74 "79";
80 0 0 39,68 "80";
81 1 0 104,126 "81";
82 0 0 3,132 "82";
83 2 0 24,93 "83";
84 0 0 47,167 "84";
85 0 0 82,131 "85";
86 0 1 61,88 "86";
87 2 0 4,94 "87";
88 0 1 14,58 "88";
89 1 0 32,164 "89";
90 1 0 97,144 "90";
91 1 1 98,143 "91";
92 1 0 12,115 "92";
93 1 0 7,63 "93";
94 1 0 38,126 "94";
95 0 1 61,132 "95";
96 2 0 74,171 "96";
97 2 1 30,125 "97";
98 1 0 8,148 "98";
99 2 0 28,53 "99";
100 0 0 10,47 "100";
101 1 0 80,159 "101";
102 2 1 47,70 "102";
103 2 0 66,113 "103";
104 1 1 29,155 "104";
105 0 0 151,154 "105";
106 1 1 68,142 "106";
107 0 0 1,132 "107";
108 2 1 76,78 "108";
109 1 1 74,81 "109";
110 2 1 81,147 "110";
111 2 0 23,71 "111";
112 0 0 20,29 "112";
113 2 1 7,71 "113";
114 2 0 11,15 "114";
115 0 0 0,37 "115";
116 2 1 99,101 "116";
117 1 0 13,78 "117";
118 1 0 64,152 "118";
119 1 0 84,132 "119";
120 0 0 61,145 "120";
121 0 0 63,82 "121";
122 0 1 123,132 "122";
123 2 1 45,82 "123";
124 2 1 74,136 "124";
125 2 1 120,146 "125";
126 1 0 6,78 "126";
127 0 1 111,141 "127";
128 0 1 107,120 "128";
129 1 1 108,173 "129";
130 0 0 80,136 "130";
131 0 1 8,73 "131";
132 2 0 86,136 "132";
133 1 0 31,37 "133";
134 0 0 145,166 "134";
135 1 1 69,139 "135";
136 0 1 3,143 "136";
137 2 1 44,79 "137";
138 0 1 52,65 "138";
139 2 1 95,152 "139";
140 2 0 68,144 "140";
141 0 1 98,120 "141";
142 0 1 136,151 "142";
143 1 1 5,25 "143";
144 1 1 44,77 "144";
145 0 0 86,142 "145";
146 1 1 89,114 "146";
147 1 0 45,123 "147";
148 2 0 17,89 "148";
149 0 1 76,144 "149";
150 0 1 21,147 "150";
151 1 0 34,111 "151";
152 0 1 14,133 "152";
153 2 1 7,22 "153";
154 0 1 69,133 "154";
155 0 0 22,32 "155";
156 0 1 17,36 "156";
157 0 1 58,148 "157";
158 0 1 36,58 "158";
159 0 0 0,18 "159";
160 1 1 35,60 "160";
161 1 0 28,124 "161";
162 0 1 25,104 "162";
163 1 0 72,134 "163";
164 2 0 2,58 "164";
165 2 0 86,140 "165";
166 0 0 77,82 "166";
167 1 1 3,135 "167";
168 1 0 28,174 "168";
169 1 1 24,167 "169";
170 2 1 2,96 "170";
171 1 1 30,151 "171";
172 2 0 59,82 "172";
173 1 1 5,83 "173";
174 0 1 63,77 "174";
