parity 154;
0 1 1 18,135 "0";
1 1 0 50,99 "1";
2 0 0 9,73 "2";
3 1 0 110,139 "3";
4 1 1 34,116 "4";
5 1 1 109,154 "5";
6 0 0 13,146 "6";
7 1 1 36,51 "7";
8 0 1 68,130 "8";
9 0 0 69,72 "9";
10 1 1 13,95 "10";
11 2 1 62,151 "11";
12 0 0 89,130 "12";
13 1 1 14,122 "13";
14 0 0 113,146 "14";
15 1 1 121,133 "15";
16 0 0 101,135 "16";
17 0 0 20,99 "17";
18 1 0 10,93 "18";
19 0 0 10,82 "19";
20 0 0 116,150 "20";
21 2 1 72,94 "21";
22 0 0 42,128 "22";
23 1 0 7,45 "23";
24 1 1 94,149 "24";
25 1 0 113,124 "25";
26 2 1 83,136 "26";
27 0 1 51,130 "27";
28 0 1 6,136 "28";
29 1 1 17,70 "29";
30 1 0 34,111 "30";
31 1 1 38,109 "31";
32 2 1 95,143 "32";
33 0 0 92,104 "33";
34 2 0 8,115 "34";
35 1 0 63,87 "35";
36 2 0 37,93 "36";
37 1 1 80,121 "37";
38 1 1 5,10 "38";
39 2 0 89,110 "39";
40 1 1 115,122 "40";
41 0 0 125,132 "41";
42 2 1 8,81 "42";
43 1 1 68,119 "43";
44 2 1 42,102 "44";
45 0 1 104,139 "45";
46 0 0 29,91 "46";
47 2 1 63,135 "47";
48 1 0 64,151 "48";
49 1 0 123,131 "49";
50 2 1 62,88 "50";
51 0 1 0,101 "51";
52 1 1 2,98 "52";
53 1 1 60,80 "53";
54 0 1 35,154 "54";
55 2 0 12,86 "55";
56 1 1 45,131 "56";
57 1 0 65,67 "57";
58 2 0 35,96 "58";
59 2 1 14,143 "59";
60 0 0 4,5 "60";
61 1 1 107,109 "61";
62 1 1 26,67 "62";
63 0 1 3,75 "63";
64 1 1 95,101 "64";
65 2 1 13,105 "65";
66 1 1 16,24 "66";
67 2 1 2,90 "67";
68 1 1 91,131 "68";
69 0 1 104,113 "69";
70 0 1 88,134 "70";
71 1 0 22,109 "71";
72 2 0 130,152 "72";
73 0 1 3,90 "73";
74 2 0 20,69 "74";
75 1 1 52,139 "75";
76 1 0 118,147 "76";
77 0 1 38,131 "77";
78 1 0 86,94 "78";
79 2 0 1,116 "79";
80 0 1 59,107 "80";
81 2 0 7,50 "81";
82 1 1 7,49 "82";
83 2 0 95,107 "83";
84 1 0 96,117 "84";
85 0 1 69,150 "85";
86 0 1 44,95 "86";
87 2 1 92,132 "87";
88 0 0 49,87 "88";
89 1 1 9,117 "89";
90 0 1 26,77 "90";
91 0 0 19,55 "91";
92 0 0 75,142 "92";
93 2 1 34,103 "93";
94 0 0 1,61 "94";
95 1 1 49,106 "95";
96 2 1 31,140 "96";
97 2 0 48,58 "97";
98 1 0 3,53 "98";
99 1 0 60,125 "99";
100 0 0 22,78 "100";
101 2 0 108,127 "101";
102 0 1 39,72 "102";
103 2 1 44,148 "103";
104 1 0 33,38 "104";
105 2 0 115,152 "105";
106 2 0 28,122 "106";
107 0 1 34,140 "107";
108 1 1 55,111 "108";
109 2 0 54,136 "109";
110 2 1 3,36 "110";
111 1 1 72,142 "111";
112 2 1 28,100 "112";
113 1 1 9,18 "113";
114 2 1 0,97 "114";
115 1 0 78,92 "115";
116 1 0 32,122 "116";
117 1 1 104,138 "117";
118 1 1 20,43 "118";
119 0 1 72,110 "119";
120 2 0 1,78 "120";
121 1 0 17,136 "121";
122 2 0 39,116 "122";
123 1 0 11,24 "123";
124 2 0 42,142 "124";
125 1 0 23,46 "125";
126 0 0 28,73 "126";
127 0 1 13,21 "127";
128 2 0 66,143 "128";
129 0 0 35,44 "129";
130 0 1 13,51 "130";
131 0 1 10,101 "131";
132 0 1 4,90 "132";
133 2 0 59,128 "133";
134 0 0 34,89 "134";
135 2 1 53,112 "135";
136 2 0 8,59 "136";
137 2 0 32,128 "137";
138 2 0 106,122 "138";
139 0 0 40,142 "139";
140 2 0 13,67 "140";
141 1 1 39,91 "141";
142 0 1 108,150 "142";
143 2 0 57,142 "143";
144 0 0 27,68 "144";
145 0 0 33,76 "145";
146 0 0 102,114 "146";
147 1 1 107,150 "147";
148 2 0 11,123 "148";
149 2 1 30,81 "149";
150 2 0 43,120 "150";
151 1 0 135,154 "151";
152 2 0 35,142 "152";
153 2 1 25,152 "153";
154 0 1 4,39 "154";
