parity 174;
0 2 0 2,62 "0";
1 2 0 127,151 "1";
2 0 1 39,174 "2";
3 1 1 60,172 "3";
4 0 0 39,119 "4";
5 0 1 11,21 "5";
6 2 0 74,150 "6";
7 1 1 64,107 "7";
8 0 1 154,158 "8";
9 2 1 85,159 "9";
10 1 0 21,45 "10";
11 2 0 47,168 "11";
12 1 1 10,103 "12";
13 1 1 144,161 "13";
14 2 0 127,130 "14";
15 2 1 29,143 "15";
16 1 1 15,69 "16";
17 2 0 43,150 "17";
18 1 0 50,71 "18";
19 0 1 124,144 "19";
20 1 1 113,139 "20";
21 0 0 33,162 "21";
22 2 1 65,91 "22";
23 1 0 53,129 "23";
24 1 0 7,41 "24";
25 2 0 12,54 "25";
26 2 0 80,143 "26";
27 1 1 33,49 "27";
28 1 0 83,160 "28";
29 1 1 3,40 "29";
30 0 0 126,161 "30";
31 0 1 83,102 "31";
32 2 1 25,44 "32";
33 0 0 122,137 "33";
34 2 1 38,42 "34";
35 0 1 78,166 "35";
36 1 0 19,40 "36";
37 0 1 51,91 "37";
38 2 0 49,55 "38";
39 1 1 17,46 "39";
40 2 1 19,87 "40";
41 2 1 117,164 "41";
42 1 0 62,121 "42";
43 0 0 132,144 "43";
44 0 0 1,74 "44";
45 0 0 30,71 "45";
46 0 0 76,140 "46";
47 1 0 3,28 "47";
48 0 0 112,140 "48";
49 2 1 121,168 "49";
50 2 1 93,137 "50";
51 1 0 30,90 "51";
52 1 1 18,58 "52";
53 0 0 99,127 "53";
54 1 0 73,108 "54";
55 2 0 39,99 "55";
56 2 1 14,167 "56";
57 0 0 20,146 "57";
58 1 0 60,114 "58";
59 1 1 9,65 "59";
60 2 0 55,101 "60";
61 2 1 96,109 "61";
62 0 0 103,163 "62";
63 2 0 14,113 "63";
64 1 0 23,38 "64";
65 0 1 82,108 "65";
66 0 0 120,130 "66";
67 2 0 44,64 "67";
68 0 0 113,134 "68";
69 0 0 0,172 "69";
70 1 1 58,63 "70";
71 1 1 8,16 "71";
72 2 0 29,153 "72";
73 1 1 90,124 "73";
74 0 1 120,128 "74";
75 2 0 19,38 "75";
76 0 0 49,141 "76";
77 1 1 92,121 "77";
78 0 1 41,106 "78";
79 2 1 24,144 "79";
80 2 1 14,94 "80";
81 0 1 42,83 "81";
82 2 0 57,130 "82";
83 0 0 121,147 "83";
84 0 1 53,56 "84";
85 0 0 71,73 "85";
86 1 1 27,62 "86";
87 0 0 158,167 "87";
88 2 1 46,75 "88";
89 0 0 129,164 "89";
90 1 1 55,157 "90";
91 2 1 159,166 "91";
92 0 1 2,120 "92";
93 0 1 49,113 "93";
94 2 0 167,168 "94";
95 2 0 93,159 "95";
96 1 1 18,30 "96";
97 2 1 6,13 "97";
98 0 0 66,137 "98";
99 2 1 12,29 "99";
100 2 1 112,157 "100";
101 0 0 139,150 "101";
102 1 0 159,163 "102";
103 1 0 125,147 "103";
104 0 1 27,92 "104";
105 1 1 21,147 "105";
106 2 0 44,96 "106";
107 1 0 144,165 "107";
108 2 0 76,151 "108";
109 2 0 61,108 "109";
110 0 0 15,130 "110";
111 2 1 51,129 "111";
112 1 1 62,170 "112";
113 0 0 23,150 "113";
114 0 0 3,48 "114";
115 0 1 144,154 "115";
116 2 0 105,127 "116";
117 1 0 123,143 "117";
118 2 1 32,120 "118";
119 1 1 116,174 "119";
120 2 1 131,171 "120";
121 0 0 96,160 "121";
122 0 1 59,84 "122";
123 1 1 9,138 "123";
124 2 0 93,103 "124";
125 1 0 35,120 "125";
126 1 0 33,150 "126";
127 0 1 6,25 "127";
128 2 1 32,74 "128";
129 2 0 17,57 "129";
130 1 1 77,143 "130";
131 1 0 62,143 "131";
132 1 0 18,23 "132";
133 1 0 20,42 "133";
134 1 1 36,146 "134";
135 0 1 125,158 "135";
136 1 1 63,93 "136";
137 0 1 37,108 "137";
138 2 1 22,29 "138";
139 1 0 3,29 "139";
140 2 1 81,138 "140";
141 1 1 60,95 "141";
142 1 1 60,126 "142";
143 1 1 4,126 "143";
144 1 1 69,98 "144";
145 2 0 39,95 "145";
146 1 1 9,25 "146";
147 2 0 87,159 "147";
148 1 1 22,139 "148";
149 2 1 26,153 "149";
150 1 1 40,126 "150";
151 1 1 34,148 "151";
152 0 0 60,165 "152";
153 1 0 123,162 "153";
154 0 1 123,134 "154";
155 2 1 23,31 "155";
156 0 1 55,99 "156";
157 1 1 34,158 "157";
158 0 1 31,148 "158";
159 0 0 101,140 "159";
160 0 0 135,159 "160";
161 0 0 155,160 "161";
162 2 0 24,133 "162";
163 2 1 94,141 "163";
164 0 1 45,155 "164";
165 0 0 65,95 "165";
166 2 0 8,43 "166";
167 2 0 41,134 "167";
168 0 0 72,157 "168";
169 2 0 76,91 "169";
170 0 1 17,147 "170";
171 2 0 32,39 "171";
172 1 0 0,123 "172";
173 0 0 68,92 "173";
174 2 0 40,143 "174";
