parity 159;
0 0 1 75,96 "0";
1 1 1 83,114 "1";
2 2 0 109,134 "2";
3 2 0 138,142 "3";
4 1 0 77,159 "4";
5 1 1 86,102 "5";
6 1 1 135,144 "6";
7 0 0 23,33 "7";
8 2 0 17,141 "8";
9 2 1 77,129 "9";
10 1 0 39,104 "10";
11 1 0 37,118 "11";
12 0 1 89,107 "12";
13 1 1 79,94 "13";
14 0 1 24,155 "14";
15 0 1 101,158 "15";
16 0 1 11,137 "16";
17 0 1 28,50 "17";
18 1 0 3,138 "18";
19 0 0 74,157 "19";
20 1 0 99,131 "20";
21 2 0 87,144 "21";
22 1 1 8,49 "22";
23 2 1 16,117 "23";
24 0 1 30,89 "24";
25 1 0 41,152 "25";
26 2 1 72,133 "26";
27 1 1 64,68 "27";
28 0 0 57,155 "28";
29 0 1 95,102 "29";
30 2 1 96,110 "30";
31 2 0 87,92 "31";
32 0 1 116,153 "32";
33 1 0 62,113 "33";
34 0 1 6,60 "34";
35 1 1 124,152 "35";
36 2 0 35,82 "36";
37 2 1 110,130 "37";
38 0 0 4,61 "38";
39 0 1 107,117 "39";
40 0 1 52,108 "40";
41 0 0 49,133 "41";
42 1 1 0,9 "42";
43 1 0 30,34 "43";
44 2 0 21,122 "44";
45 0 0 6,52 "45";
46 2 1 16,90 "46";
47 0 0 8,133 "47";
48 2 1 97,111 "48";
49 0 1 34,75 "49";
50 0 1 85,158 "50";
51 1 1 74,106 "51";
52 1 0 137,153 "52";
53 1 1 61,141 "53";
54 1 1 130,138 "54";
55 0 0 125,143 "55";
56 1 0 4,157 "56";
57 2 1 37,141 "57";
58 2 0 85,109 "58";
59 0 0 97,119 "59";
60 2 0 107,120 "60";
61 2 0 50,84 "61";
62 1 1 46,50 "62";
63 1 1 66,99 "63";
64 1 0 13,116 "64";
65 1 0 15,148 "65";
66 0 0 90,120 "66";
67 2 0 34,128 "67";
68 1 0 31,102 "68";
69 0 1 46,59 "69";
70 2 1 21,145 "70";
71 1 1 14,108 "71";
72 1 1 10,42 "72";
73 2 1 124,125 "73";
74 0 0 7,107 "74";
75 1 0 19,144 "75";
76 0 1 0,159 "76";
77 2 0 49,52 "77";
78 0 0 13,76 "78";
79 0 1 110,156 "79";
80 0 0 100,153 "80";
81 2 0 112,152 "81";
82 2 1 53,59 "82";
83 2 0 7,141 "83";
84 1 0 48,86 "84";
85 0 0 114,118 "85";
86 2 1 68,120 "86";
87 2 0 99,107 "87";
88 1 1 28,58 "88";
89 0 1 56,145 "89";
90 0 1 108,152 "90";
91 2 0 54,83 "91";
92 1 0 21,65 "92";
93 2 1 0,112 "93";
94 2 1 0,143 "94";
95 0 0 62,70 "95";
96 2 0 65,115 "96";
97 1 1 38,43 "97";
98 0 1 104,112 "98";
99 0 1 9,121 "99";
100 2 0 4,19 "100";
101 2 0 54,145 "101";
102 2 1 9,38 "102";
103 1 0 7,68 "103";
104 2 1 38,52 "104";
105 0 0 33,51 "105";
106 1 0 35,94 "106";
107 0 0 151,158 "107";
108 2 0 27,102 "108";
109 1 0 19,85 "109";
110 0 0 30,48 "110";
111 1 0 37,158 "111";
112 1 1 98,149 "112";
113 0 1 1,159 "113";
114 1 1 27,109 "114";
115 1 0 123,137 "115";
116 1 1 80,125 "116";
117 0 1 33,148 "117";
118 0 1 59,97 "118";
119 1 1 26,78 "119";
120 0 0 104,154 "120";
121 0 1 8,118 "121";
122 1 0 2,116 "122";
123 1 0 71,84 "123";
124 0 1 8,119 "124";
125 1 1 27,29 "125";
126 1 0 14,82 "126";
127 2 0 36,109 "127";
128 0 1 73,150 "128";
129 2 0 115,150 "129";
130 1 1 92,101 "130";
131 2 1 22,150 "131";
132 1 0 34,133 "132";
133 2 0 8,59 "133";
134 1 0 104,127 "134";
135 2 0 65,105 "135";
136 0 1 33,76 "136";
137 2 0 71,145 "137";
138 1 1 70,96 "138";
139 1 1 104,154 "139";
140 1 0 16,32 "140";
141 1 1 16,159 "141";
142 2 0 3,77 "142";
143 0 1 64,134 "143";
144 1 0 80,102 "144";
145 1 0 59,99 "145";
146 1 1 48,121 "146";
147 0 0 91,114 "147";
148 1 1 23,96 "148";
149 0 1 91,153 "149";
150 0 0 54,133 "150";
151 2 0 38,84 "151";
152 2 1 23,155 "152";
153 0 1 56,65 "153";
154 2 0 79,88 "154";
155 1 1 88,141 "155";
156 1 0 56,101 "156";
157 1 1 40,46 "157";
158 1 1 62,136 "158";
159 2 1 114,152 "159";
