parity 114;
0 2 1 34,100 "0";
1 0 1 46,75 "1";
2 0 0 19,57 "2";
3 2 0 21,31 "3";
4 2 0 2,87 "4";
5 0 1 36,100 "5";
6 2 0 34,76 "6";
7 0 1 5,108 "7";
8 1 0 39,90 "8";
9 0 1 98,112 "9";
10 2 1 64,81 "10";
11 2 1 31,66 "11";
12 0 0 2,22 "12";
13 1 0 20,80 "13";
14 1 1 18,110 "14";
15 0 0 70,83 "15";
16 0 1 56,62 "16";
17 2 1 60,80 "17";
18 2 1 13,83 "18";
19 2 1 3,48 "19";
20 2 1 14,110 "20";
21 2 0 32,109 "21";
22 2 0 6,41 "22";
23 0 0 81,91 "23";
24 0 1 91,98 "24";
25 0 0 37,39 "25";
26 2 1 30,66 "26";
27 2 0 55,61 "27";
28 0 0 32,100 "28";
29 2 1 96,104 "29";
30 1 1 13,95 "30";
31 1 1 51,95 "31";
32 2 0 57,65 "32";
33 1 0 66,99 "33";
34 1 0 10,113 "34";
35 1 1 11,80 "35";
36 0 0 34,52 "36";
37 0 0 41,104 "37";
38 2 1 0,46 "38";
39 2 0 32,80 "39";
40 1 0 50,110 "40";
41 2 1 89,102 "41";
42 1 1 63,86 "42";
43 1 0 41,72 "43";
44 2 1 42,107 "44";
45 2 1 26,90 "45";
46 0 1 6,15 "46";
47 1 1 25,88 "47";
48 1 0 76,100 "48";
49 1 1 67,105 "49";
50 0 1 3,98 "50";
51 2 0 1,85 "51";
52 2 0 66,104 "52";
53 2 0 22,55 "53";
54 2 0 3,19 "54";
55 0 0 43,97 "55";
56 1 0 5,9 "56";
57 0 0 15,68 "57";
58 2 0 87,100 "58";
59 1 0 7,66 "59";
60 0 0 77,82 "60";
61 0 1 42,68 "61";
62 2 1 41,93 "62";
63 0 1 55,87 "63";
64 2 0 34,55 "64";
65 2 1 18,69 "65";
66 1 0 18,55 "66";
67 1 0 72,94 "67";
68 1 1 9,53 "68";
69 0 0 58,83 "69";
70 1 1 61,88 "70";
71 1 1 27,96 "71";
72 2 1 36,61 "72";
73 2 0 22,71 "73";
74 2 1 0,65 "74";
75 0 1 2,9 "75";
76 2 0 34,37 "76";
77 0 1 82,114 "77";
78 0 1 41,105 "78";
79 1 1 74,94 "79";
80 2 1 32,55 "80";
81 2 1 54,70 "81";
82 0 0 15,48 "82";
83 0 1 59,66 "83";
84 1 1 30,109 "84";
85 0 1 39,99 "85";
86 2 1 6,31 "86";
87 0 0 4,88 "87";
88 0 0 15,66 "88";
89 0 0 30,56 "89";
90 2 1 74,106 "90";
91 0 0 2,39 "91";
92 2 0 57,72 "92";
93 0 1 19,46 "93";
94 0 1 11,49 "94";
95 0 1 24,101 "95";
96 1 1 0,68 "96";
97 1 0 32,111 "97";
98 1 0 30,62 "98";
99 0 0 12,61 "99";
100 1 1 14,101 "100";
101 2 1 86,103 "101";
102 0 0 2,103 "102";
103 1 1 67,70 "103";
104 0 0 0,77 "104";
105 1 0 23,40 "105";
106 0 1 34,91 "106";
107 2 0 68,98 "107";
108 2 1 34,112 "108";
109 0 0 86,100 "109";
110 1 1 22,57 "110";
111 1 0 25,96 "111";
112 2 1 42,60 "112";
113 0 0 52,63 "113";
114 2 1 64,108 "114";
