parity 99;
0 2 1 15,78 "0";
1 2 0 22,56 "1";
2 0 0 72,76 "2";
3 2 1 31,93 "3";
4 0 0 1,76 "4";
5 2 0 37,80 "5";
6 2 1 46,52 "6";
7 1 1 13,25 "7";
8 1 1 4,96 "8";
9 2 1 49,90 "9";
10 1 1 75,97 "10";
11 2 1 25,72 "11";
12 2 0 67,90 "12";
13 0 1 55,85 "13";
14 2 1 35,67 "14";
15 2 0 25,77 "15";
16 1 1 15,90 "16";
17 0 1 8,54 "17";
18 1 1 13,30 "18";
19 2 0 47,60 "19";
20 2 0 2,11 "20";
21 0 1 73,74 "21";
22 1 1 76,87 "22";
23 0 0 28,54 "23";
24 1 0 39,91 "24";
25 2 1 13,76 "25";
26 1 0 35,56 "26";
27 0 1 63,98 "27";
28 2 0 7,34 "28";
29 0 1 18,49 "29";
30 2 1 42,76 "30";
31 2 1 34,78 "31";
32 0 1 28,70 "32";
33 1 1 32,63 "33";
34 1 1 63,69 "34";
35 2 0 27,40 "35";
36 0 1 32,67 "36";
37 2 0 46,73 "37";
38 2 1 10,91 "38";
39 2 1 40,55 "39";
40 1 1 6,87 "40";
41 0 1 3,60 "41";
42 1 1 23,45 "42";
43 2 0 47,79 "43";
44 1 1 16,54 "44";
45 2 0 17,60 "45";
46 1 1 44,64 "46";
47 2 0 7,92 "47";
48 2 1 39,70 "48";
49 0 0 57,61 "49";
50 0 1 20,34 "50";
51 1 0 18,46 "51";
52 1 1 43,86 "52";
53 2 1 28,91 "53";
54 2 0 18,76 "54";
55 2 1 13,72 "55";
56 2 1 15,25 "56";
57 2 0 26,41 "57";
58 0 1 37,55 "58";
59 0 1 53,61 "59";
60 2 0 10,44 "60";
61 0 0 67,83 "61";
62 0 1 47,56 "62";
63 1 1 18,71 "63";
64 0 1 9,67 "64";
65 0 1 49,89 "65";
66 0 1 34,45 "66";
67 1 0 20,83 "67";
68 1 1 96,99 "68";
69 2 0 73,74 "69";
70 0 0 46,85 "70";
71 0 1 2,99 "71";
72 2 0 27,67 "72";
73 1 0 27,68 "73";
74 0 0 46,66 "74";
75 2 1 17,96 "75";
76 2 1 12,44 "76";
77 1 0 5,37 "77";
78 0 1 27,66 "78";
79 0 0 24,36 "79";
80 0 0 39,98 "80";
81 2 1 20,94 "81";
82 0 1 20,58 "82";
83 0 0 32,80 "83";
84 0 1 12,56 "84";
85 1 0 59,71 "85";
86 2 0 92,96 "86";
87 2 1 1,83 "87";
88 1 0 67,72 "88";
89 0 1 8,91 "89";
90 2 0 57,64 "90";
91 0 1 29,88 "91";
92 2 0 16,27 "92";
93 2 1 21,87 "93";
94 1 1 77,85 "94";
95 1 1 3,45 "95";
96 0 1 2,8 "96";
97 2 1 22,81 "97";
98 2 1 10,34 "98";
99 1 1 59,97 "99";
