parity 179;
0 2 1 72,120 "0";
1 0 0 20,75 "1";
2 2 0 119,171 "2";
3 1 1 75,148 "3";
4 1 1 22,51 "4";
5 2 0 156,170 "5";
6 0 1 34,105 "6";
7 2 1 63,94 "7";
8 0 1 35,121 "8";
9 1 1 150,178 "9";
10 1 0 53,149 "10";
11 1 0 31,110 "11";
12 0 1 45,178 "12";
13 1 0 33,177 "13";
14 0 1 16,79 "14";
15 0 0 90,121 "15";
16 1 1 46,131 "16";
17 0 1 142,152 "17";
18 2 1 61,96 "18";
19 0 1 32,77 "19";
20 0 0 49,176 "20";
21 2 1 59,123 "21";
22 2 1 38,77 "22";
23 1 0 117,121 "23";
24 2 0 49,103 "24";
25 1 0 12,145 "25";
26 2 0 99,117 "26";
27 0 1 73,113 "27";
28 0 0 101,122 "28";
29 2 1 1,74 "29";
30 1 1 133,151 "30";
31 0 0 88,115 "31";
32 0 0 157,158 "32";
33 2 1 19,110 "33";
34 2 0 59,112 "34";
35 1 1 43,162 "35";
36 2 0 33,163 "36";
37 0 1 125,175 "37";
38 2 1 51,125 "38";
39 1 0 42,65 "39";
40 2 1 33,79 "40";
41 0 1 36,66 "41";
42 0 1 128,148 "42";
43 1 0 50,153 "43";
44 1 1 91,155 "44";
45 2 1 122,151 "45";
46 2 0 11,121 "46";
47 1 0 48,147 "47";
48 1 1 172,175 "48";
49 0 0 21,66 "49";
50 2 1 41,133 "50";
51 0 0 4,177 "51";
52 0 0 47,173 "52";
53 0 0 114,152 "53";
54 2 1 145,151 "54";
55 1 0 39,64 "55";
56 2 0 85,95 "56";
57 0 0 3,118 "57";
58 2 1 40,97 "58";
59 0 0 7,147 "59";
60 0 0 37,172 "60";
61 0 0 15,22 "61";
62 0 0 98,146 "62";
63 0 0 50,60 "63";
64 2 0 131,133 "64";
65 1 0 71,75 "65";
66 0 0 39,178 "66";
67 0 1 27,103 "67";
68 1 1 4,25 "68";
69 0 1 21,132 "69";
70 2 0 96,100 "70";
71 2 1 109,164 "71";
72 1 0 118,156 "72";
73 2 1 35,122 "73";
74 0 0 72,176 "74";
75 0 1 4,100 "75";
76 1 0 20,92 "76";
77 1 0 28,39 "77";
78 2 1 33,146 "78";
79 2 1 28,40 "79";
80 0 1 94,160 "80";
81 2 0 43,120 "81";
82 1 1 4,127 "82";
83 2 0 27,116 "83";
84 0 1 0,76 "84";
85 2 1 24,92 "85";
86 0 0 139,164 "86";
87 1 0 134,150 "87";
88 2 0 4,155 "88";
89 2 1 57,95 "89";
90 1 0 20,141 "90";
91 2 1 106,165 "91";
92 1 0 78,100 "92";
93 2 0 153,176 "93";
94 1 1 26,41 "94";
95 2 0 133,179 "95";
96 2 0 145,179 "96";
97 1 1 14,70 "97";
98 1 0 33,155 "98";
99 0 0 78,151 "99";
100 0 1 41,46 "100";
101 1 0 39,61 "101";
102 2 1 105,125 "102";
103 2 1 92,141 "103";
104 1 1 108,148 "104";
105 0 0 119,150 "105";
106 0 1 88,100 "106";
107 1 0 105,125 "107";
108 2 1 14,60 "108";
109 2 0 36,42 "109";
110 1 1 39,149 "110";
111 0 1 11,76 "111";
112 0 1 149,159 "112";
113 2 0 103,151 "113";
114 2 1 73,118 "114";
115 0 1 70,94 "115";
116 2 1 87,134 "116";
117 2 0 96,125 "117";
118 0 0 84,150 "118";
119 2 0 39,158 "119";
120 0 1 58,154 "120";
121 2 1 86,134 "121";
122 2 0 16,145 "122";
123 0 1 15,88 "123";
124 1 0 27,120 "124";
125 2 0 42,52 "125";
126 1 1 5,130 "126";
127 1 1 65,96 "127";
128 0 1 18,35 "128";
129 1 1 93,147 "129";
130 1 1 163,168 "130";
131 1 0 16,70 "131";
132 1 1 59,133 "132";
133 1 1 107,131 "133";
134 0 1 90,135 "134";
135 0 1 14,87 "135";
136 1 0 35,120 "136";
137 1 1 119,144 "137";
138 0 0 140,150 "138";
139 1 1 72,143 "139";
140 0 0 5,157 "140";
141 1 1 2,66 "141";
142 2 1 57,157 "142";
143 1 0 90,124 "143";
144 2 1 91,172 "144";
145 1 0 27,68 "145";
146 1 0 37,165 "146";
147 0 0 2,23 "147";
148 1 0 96,169 "148";
149 0 1 60,76 "149";
150 2 0 55,68 "150";
151 1 1 13,174 "151";
152 1 0 26,40 "152";
153 1 1 59,98 "153";
154 1 0 98,113 "154";
155 0 1 88,138 "155";
156 0 1 16,36 "156";
157 1 0 150,178 "157";
158 1 1 66,149 "158";
159 1 1 15,111 "159";
160 0 1 36,81 "160";
161 2 0 14,55 "161";
162 0 1 29,30 "162";
163 0 0 11,121 "163";
164 1 1 47,74 "164";
165 2 1 44,84 "165";
166 0 1 98,125 "166";
167 0 1 68,172 "167";
168 0 1 96,128 "168";
169 1 0 90,110 "169";
170 2 0 72,89 "170";
171 1 1 92,164 "171";
172 0 0 34,151 "172";
173 1 1 19,76 "173";
174 0 1 82,108 "174";
175 2 1 60,157 "175";
176 1 1 23,39 "176";
177 0 0 26,39 "177";
178 1 1 64,122 "178";
179 1 0 24,65 "179";
