parity 194;
0 2 0 140,166 "0";
1 0 1 55,123 "1";
2 2 0 80,193 "2";
3 1 0 39,93 "3";
4 1 0 48,108 "4";
5 0 1 35,131 "5";
6 2 0 56,76 "6";
7 2 1 48,121 "7";
8 0 0 51,149 "8";
9 1 0 32,163 "9";
10 2 1 110,183 "10";
11 2 0 121,173 "11";
12 2 0 37,170 "12";
13 0 1 5,189 "13";
14 1 1 46,75 "14";
15 2 1 79,130 "15";
16 2 0 19,92 "16";
17 0 0 53,177 "17";
18 0 1 84,123 "18";
19 1 1 45,181 "19";
20 0 0 40,43 "20";
21 0 1 90,113 "21";
22 2 0 42,66 "22";
23 1 1 0,22 "23";
24 2 0 100,122 "24";
25 1 1 4,101 "25";
26 2 1 8,92 "26";
27 1 1 52,131 "27";
28 0 0 19,160 "28";
29 1 1 105,133 "29";
30 1 1 5,166 "30";
31 2 1 20,115 "31";
32 1 1 47,99 "32";
33 0 1 93,109 "33";
34 1 0 132,176 "34";
35 0 1 38,94 "35";
36 1 0 9,19 "36";
37 2 0 3,112 "37";
38 0 1 105,150 "38";
39 0 0 47,128 "39";
40 1 1 59,179 "40";
41 1 1 13,65 "41";
42 1 0 75,133 "42";
43 0 1 101,146 "43";
44 2 1 16,171 "44";
45 2 1 69,152 "45";
46 0 1 102,189 "46";
47 1 0 133,190 "47";
48 2 0 11,159 "48";
49 2 1 100,182 "49";
50 1 0 116,121 "50";
51 1 1 104,128 "51";
52 2 1 33,166 "52";
53 1 0 43,102 "53";
54 0 1 48,113 "54";
55 2 1 82,158 "55";
56 0 1 77,190 "56";
57 2 1 22,72 "57";
58 2 0 28,65 "58";
59 2 1 34,38 "59";
60 1 1 121,191 "60";
61 1 1 17,171 "61";
62 1 0 84,123 "62";
63 1 1 152,161 "63";
64 0 1 80,125 "64";
65 0 1 119,179 "65";
66 1 0 77,154 "66";
67 2 0 94,160 "67";
68 1 0 127,191 "68";
69 0 1 15,181 "69";
70 2 1 161,172 "70";
71 0 1 78,95 "71";
72 2 0 52,149 "72";
73 1 0 59,63 "73";
74 1 0 86,130 "74";
75 2 1 67,92 "75";
76 1 0 68,86 "76";
77 1 0 25,134 "77";
78 1 1 47,172 "78";
79 0 1 55,190 "79";
80 0 1 44,75 "80";
81 2 0 30,69 "81";
82 1 0 5,163 "82";
83 1 1 146,159 "83";
84 2 0 9,163 "84";
85 0 1 32,185 "85";
86 2 1 9,143 "86";
87 2 1 76,111 "87";
88 0 1 30,46 "88";
89 2 0 137,167 "89";
90 0 0 157,185 "90";
91 0 0 76,148 "91";
92 0 1 39,190 "92";
93 2 0 17,57 "93";
94 1 0 9,187 "94";
95 2 1 119,138 "95";
96 0 0 101,175 "96";
97 2 1 48,68 "97";
98 2 1 52,106 "98";
99 2 1 40,60 "99";
100 2 1 8,132 "100";
101 1 1 72,160 "101";
102 0 1 81,151 "102";
103 0 0 60,73 "103";
104 0 0 40,70 "104";
105 0 1 49,73 "105";
106 0 1 78,100 "106";
107 0 0 139,147 "107";
108 2 0 38,123 "108";
109 1 0 168,178 "109";
110 2 1 31,100 "110";
111 1 1 9,46 "111";
112 0 0 87,152 "112";
113 2 0 74,174 "113";
114 1 1 6,72 "114";
115 0 0 43,74 "115";
116 2 1 80,101 "116";
117 1 0 145,146 "117";
118 1 0 5,181 "118";
119 2 1 66,74 "119";
120 0 1 34,157 "120";
121 0 1 133,174 "121";
122 2 0 82,189 "122";
123 0 0 101,156 "123";
124 0 0 60,194 "124";
125 1 0 133,139 "125";
126 0 0 50,70 "126";
127 1 0 19,107 "127";
128 2 1 139,140 "128";
129 2 0 133,146 "129";
130 0 0 21,46 "130";
131 2 1 94,193 "131";
132 2 1 48,157 "132";
133 0 0 82,163 "133";
134 1 1 46,87 "134";
135 1 1 178,181 "135";
136 0 0 130,132 "136";
137 1 1 21,175 "137";
138 0 1 1,149 "138";
139 2 0 0,129 "139";
140 0 1 25,166 "140";
141 2 1 31,93 "141";
142 2 0 4,109 "142";
143 1 1 1,138 "143";
144 0 1 163,171 "144";
145 2 1 175,180 "145";
146 1 0 149,179 "146";
147 1 0 13,31 "147";
148 2 1 129,166 "148";
149 0 0 64,116 "149";
150 2 1 99,171 "150";
151 1 0 54,178 "151";
152 1 1 20,183 "152";
153 0 1 184,194 "153";
154 0 1 0,139 "154";
155 2 1 21,85 "155";
156 0 0 47,54 "156";
157 2 1 171,177 "157";
158 1 1 23,37 "158";
159 0 0 6,129 "159";
160 2 0 17,65 "160";
161 1 0 164,169 "161";
162 1 1 3,149 "162";
163 0 1 106,159 "163";
164 0 0 26,52 "164";
165 2 0 104,145 "165";
166 2 1 74,127 "166";
167 1 0 0,6 "167";
168 1 0 31,131 "168";
169 1 1 129,178 "169";
170 2 0 84,153 "170";
171 0 0 61,142 "171";
172 1 0 38,97 "172";
173 2 1 8,193 "173";
174 1 1 163,191 "174";
175 0 1 14,177 "175";
176 1 1 8,21 "176";
177 1 1 49,136 "177";
178 1 1 38,50 "178";
179 2 0 101,131 "179";
180 2 1 72,109 "180";
181 0 0 10,167 "181";
182 2 1 134,140 "182";
183 2 0 74,119 "183";
184 0 1 57,169 "184";
185 0 1 99,181 "185";
186 2 1 90,161 "186";
187 0 1 13,19 "187";
188 0 1 38,82 "188";
189 1 0 85,122 "189";
190 0 1 49,183 "190";
191 1 1 59,134 "191";
192 0 0 106,169 "192";
193 0 1 138,148 "193";
194 0 0 79,157 "194";
