parity 114;
0 0 1 53,91 "0";
1 2 1 28,48 "1";
2 0 0 30,88 "2";
3 0 1 19,80 "3";
4 1 0 21,36 "4";
5 1 1 35,67 "5";
6 0 1 18,31 "6";
7 0 0 36,56 "7";
8 1 0 17,40 "8";
9 1 0 10,47 "9";
10 2 0 73,88 "10";
11 2 0 5,84 "11";
12 1 0 57,79 "12";
13 0 0 28,54 "13";
14 0 1 3,100 "14";
15 0 1 26,93 "15";
16 1 0 25,63 "16";
17 1 0 9,20 "17";
18 2 0 22,114 "18";
19 2 0 34,70 "19";
20 0 0 31,97 "20";
21 1 0 19,62 "21";
22 2 1 31,101 "22";
23 2 1 53,63 "23";
24 1 0 38,50 "24";
25 1 1 33,68 "25";
26 1 1 7,69 "26";
27 1 0 40,46 "27";
28 1 1 4,11 "28";
29 2 1 51,53 "29";
30 0 0 70,107 "30";
31 1 0 44,94 "31";
32 1 1 14,111 "32";
33 1 1 71,100 "33";
34 0 1 68,96 "34";
35 0 0 24,96 "35";
36 0 1 14,103 "36";
37 2 0 51,77 "37";
38 1 0 20,36 "38";
39 0 0 96,104 "39";
40 0 1 22,29 "40";
41 1 0 12,17 "41";
42 2 1 56,108 "42";
43 0 0 21,87 "43";
44 1 0 11,92 "44";
45 2 0 5,51 "45";
46 1 1 3,5 "46";
47 0 0 0,66 "47";
48 0 1 47,107 "48";
49 1 1 53,64 "49";
50 1 1 20,111 "50";
51 1 1 33,61 "51";
52 0 1 16,104 "52";
53 2 1 2,55 "53";
54 2 0 19,43 "54";
55 2 1 39,67 "55";
56 2 0 26,71 "56";
57 2 0 63,85 "57";
58 1 0 74,100 "58";
59 2 1 104,109 "59";
60 0 1 10,96 "60";
61 2 0 57,104 "61";
62 0 1 55,101 "62";
63 0 0 45,97 "63";
64 2 0 13,81 "64";
65 0 1 9,28 "65";
66 1 0 43,46 "66";
67 0 0 36,55 "67";
68 1 0 4,49 "68";
69 1 0 30,91 "69";
70 2 1 65,71 "70";
71 1 0 4,31 "71";
72 0 1 74,102 "72";
73 1 1 68,93 "73";
74 1 0 51,101 "74";
75 1 0 17,100 "75";
76 0 0 79,100 "76";
77 1 1 75,93 "77";
78 2 0 14,94 "78";
79 1 1 3,104 "79";
80 1 1 77,88 "80";
81 1 1 62,84 "81";
82 1 1 23,104 "82";
83 2 1 5,79 "83";
84 1 0 3,71 "84";
85 2 0 84,91 "85";
86 0 0 64,68 "86";
87 2 1 23,91 "87";
88 1 0 95,101 "88";
89 0 1 15,35 "89";
90 2 1 2,20 "90";
91 0 1 53,84 "91";
92 2 0 15,30 "92";
93 1 1 39,79 "93";
94 2 0 60,103 "94";
95 0 0 101,105 "95";
96 1 0 7,105 "96";
97 0 0 33,114 "97";
98 0 1 34,39 "98";
99 2 1 20,53 "99";
100 2 1 3,19 "100";
101 0 1 64,103 "101";
102 1 1 57,61 "102";
103 0 1 4,25 "103";
104 2 0 22,110 "104";
105 0 1 80,114 "105";
106 1 0 1,89 "106";
107 0 1 50,108 "107";
108 2 0 10,87 "108";
109 2 0 33,39 "109";
110 2 1 31,43 "110";
111 1 0 37,84 "111";
112 1 0 76,98 "112";
113 0 0 49,72 "113";
114 2 0 30,105 "114";
