parity 189;
0 0 0 36,62 "0";
1 2 1 7,111 "1";
2 2 0 41,147 "2";
3 0 1 86,145 "3";
4 1 0 18,182 "4";
5 1 1 97,110 "5";
6 1 0 43,135 "6";
7 0 0 47,165 "7";
8 2 0 76,141 "8";
9 1 0 102,136 "9";
10 1 1 75,105 "10";
11 2 0 4,133 "11";
12 1 1 74,116 "12";
13 1 1 120,148 "13";
14 2 0 18,32 "14";
15 2 0 94,164 "15";
16 1 0 55,133 "16";
17 1 1 47,175 "17";
18 1 0 49,114 "18";
19 0 0 71,151 "19";
20 1 0 24,148 "20";
21 2 0 52,79 "21";
22 2 0 75,184 "22";
23 0 1 100,144 "23";
24 0 1 71,113 "24";
25 1 0 180,182 "25";
26 0 1 112,160 "26";
27 1 1 9,107 "27";
28 0 1 101,136 "28";
29 2 1 2,180 "29";
30 0 0 54,138 "30";
31 0 1 2,16 "31";
32 2 1 48,127 "32";
33 2 1 84,188 "33";
34 0 1 46,97 "34";
35 0 1 78,122 "35";
36 0 1 90,189 "36";
37 1 0 52,115 "37";
38 1 0 67,104 "38";
39 1 0 159,188 "39";
40 2 0 73,159 "40";
41 1 0 2,9 "41";
42 1 0 105,116 "42";
43 2 0 25,160 "43";
44 1 1 55,151 "44";
45 0 1 25,44 "45";
46 0 0 65,188 "46";
47 0 1 7,147 "47";
48 2 0 100,168 "48";
49 0 0 85,129 "49";
50 0 1 24,47 "50";
51 0 1 162,184 "51";
52 0 0 61,160 "52";
53 2 1 19,123 "53";
54 1 1 137,176 "54";
55 2 0 66,107 "55";
56 1 1 40,151 "56";
57 0 0 37,76 "57";
58 2 1 141,167 "58";
59 2 1 70,120 "59";
60 0 0 86,175 "60";
61 0 0 150,184 "61";
62 1 0 34,123 "62";
63 0 1 13,136 "63";
64 0 0 74,114 "64";
65 0 1 78,154 "65";
66 0 1 2,186 "66";
67 1 0 15,29 "67";
68 0 0 30,177 "68";
69 1 1 50,77 "69";
70 1 0 45,104 "70";
71 1 1 35,139 "71";
72 1 0 69,147 "72";
73 1 1 88,124 "73";
74 2 1 182,189 "74";
75 0 0 20,106 "75";
76 2 1 29,124 "76";
77 2 0 37,182 "77";
78 0 1 74,86 "78";
79 2 0 104,119 "79";
80 0 0 56,111 "80";
81 0 0 18,33 "81";
82 2 1 38,179 "82";
83 1 1 100,139 "83";
84 2 1 8,73 "84";
85 0 0 31,98 "85";
86 2 1 59,138 "86";
87 0 1 26,38 "87";
88 2 0 86,94 "88";
89 0 0 55,134 "89";
90 0 0 1,123 "90";
91 1 0 12,133 "91";
92 0 0 77,165 "92";
93 0 1 75,110 "93";
94 2 1 14,103 "94";
95 1 0 12,56 "95";
96 1 1 25,30 "96";
97 1 1 50,80 "97";
98 1 0 61,148 "98";
99 2 1 6,65 "99";
100 2 1 56,70 "100";
101 0 0 117,172 "101";
102 0 1 37,131 "102";
103 2 1 160,189 "103";
104 0 0 30,94 "104";
105 2 1 37,50 "105";
106 2 1 33,130 "106";
107 0 1 71,72 "107";
108 2 0 20,32 "108";
109 1 1 92,156 "109";
110 2 0 96,97 "110";
111 1 0 153,180 "111";
112 2 0 29,151 "112";
113 0 0 93,109 "113";
114 1 1 44,91 "114";
115 0 0 59,87 "115";
116 0 1 5,137 "116";
117 2 1 80,154 "117";
118 1 0 70,162 "118";
119 2 0 65,175 "119";
120 1 1 111,138 "120";
121 1 1 142,184 "121";
122 0 1 105,187 "122";
123 1 0 34,42 "123";
124 2 0 50,65 "124";
125 0 0 99,157 "125";
126 2 0 39,43 "126";
127 0 1 52,148 "127";
128 1 0 69,143 "128";
129 1 1 6,146 "129";
130 2 0 109,117 "130";
131 2 0 47,137 "131";
132 0 1 33,44 "132";
133 0 1 49,125 "133";
134 0 1 54,58 "134";
135 1 0 6,120 "135";
136 0 1 144,153 "136";
137 1 1 170,179 "137";
138 2 0 1,125 "138";
139 2 1 65,124 "139";
140 1 1 38,64 "140";
141 0 0 40,163 "141";
142 0 1 70,182 "142";
143 0 0 14,115 "143";
144 1 0 45,157 "144";
145 2 0 98,179 "145";
146 0 1 81,105 "146";
147 0 1 24,178 "147";
148 1 1 170,175 "148";
149 1 0 101,177 "149";
150 2 0 88,93 "150";
151 1 0 33,165 "151";
152 0 0 127,183 "152";
153 1 1 149,156 "153";
154 2 1 59,109 "154";
155 1 1 18,118 "155";
156 1 0 76,78 "156";
157 0 0 106,140 "157";
158 1 0 95,116 "158";
159 2 1 2,51 "159";
160 1 1 95,108 "160";
161 0 0 21,54 "161";
162 2 1 99,110 "162";
163 0 1 10,100 "163";
164 1 0 61,63 "164";
165 0 1 30,110 "165";
166 0 0 97,126 "166";
167 1 1 2,49 "167";
168 0 1 50,186 "168";
169 1 1 94,126 "169";
170 0 0 64,165 "170";
171 2 0 62,187 "171";
172 2 1 83,180 "172";
173 2 1 29,100 "173";
174 1 1 155,162 "174";
175 2 1 99,156 "175";
176 2 1 38,86 "176";
177 1 1 47,60 "177";
178 1 1 89,146 "178";
179 2 0 108,150 "179";
180 0 0 77,159 "180";
181 1 1 76,164 "181";
182 0 1 35,86 "182";
183 1 0 42,98 "183";
184 2 0 42,119 "184";
185 0 0 75,147 "185";
186 0 1 85,105 "186";
187 2 0 91,162 "187";
188 2 0 16,139 "188";
189 2 0 27,188 "189";
