parity 194;
0 2 1 41,148 "0";
1 2 1 129,184 "1";
2 0 1 40,122 "2";
3 1 1 125,165 "3";
4 2 0 135,178 "4";
5 0 1 17,25 "5";
6 2 1 47,140 "6";
7 2 1 33,90 "7";
8 0 1 2,164 "8";
9 2 0 11,13 "9";
10 2 1 52,135 "10";
11 0 1 62,65 "11";
12 1 0 14,129 "12";
13 0 0 16,116 "13";
14 1 1 105,140 "14";
15 0 1 85,162 "15";
16 2 1 25,151 "16";
17 2 0 23,82 "17";
18 0 0 19,82 "18";
19 0 0 46,85 "19";
20 0 0 31,116 "20";
21 2 1 115,137 "21";
22 1 0 61,64 "22";
23 1 0 123,190 "23";
24 2 0 69,85 "24";
25 2 1 113,185 "25";
26 0 0 156,192 "26";
27 0 0 71,160 "27";
28 2 0 9,144 "28";
29 1 0 27,181 "29";
30 1 0 21,168 "30";
31 1 1 5,7 "31";
32 2 1 98,120 "32";
33 1 0 134,193 "33";
34 0 1 105,187 "34";
35 1 0 69,151 "35";
36 2 0 11,109 "36";
37 0 0 44,170 "37";
38 0 0 139,163 "38";
39 0 0 56,86 "39";
40 1 0 18,173 "40";
41 0 1 76,124 "41";
42 0 0 87,90 "42";
43 0 0 96,142 "43";
44 0 0 137,150 "44";
45 2 1 64,190 "45";
46 0 1 17,88 "46";
47 1 0 60,191 "47";
48 0 1 6,37 "48";
49 0 1 36,160 "49";
50 2 1 10,58 "50";
51 2 1 0,15 "51";
52 0 1 9,114 "52";
53 0 0 21,84 "53";
54 2 0 120,176 "54";
55 0 0 8,76 "55";
56 2 1 24,167 "56";
57 0 0 60,97 "57";
58 2 0 16,42 "58";
59 0 0 57,134 "59";
60 0 1 17,41 "60";
61 2 0 18,79 "61";
62 2 1 153,175 "62";
63 2 1 14,174 "63";
64 0 0 72,128 "64";
65 0 1 58,105 "65";
66 2 1 41,116 "66";
67 1 1 36,103 "67";
68 0 0 39,134 "68";
69 0 0 74,188 "69";
70 0 1 146,158 "70";
71 0 0 94,107 "71";
72 0 1 32,167 "72";
73 2 1 110,163 "73";
74 2 1 120,152 "74";
75 0 1 17,146 "75";
76 0 0 10,171 "76";
77 0 0 26,83 "77";
78 1 0 46,189 "78";
79 2 1 122,137 "79";
80 2 0 35,145 "80";
81 2 0 174,181 "81";
82 0 1 69,129 "82";
83 1 0 87,161 "83";
84 2 1 102,157 "84";
85 2 0 34,181 "85";
86 0 0 153,185 "86";
87 2 0 66,164 "87";
88 0 0 127,171 "88";
89 2 0 124,180 "89";
90 2 0 29,58 "90";
91 1 1 103,191 "91";
92 2 1 2,138 "92";
93 0 1 31,110 "93";
94 1 0 62,140 "94";
95 1 0 73,86 "95";
96 2 1 91,95 "96";
97 0 1 41,150 "97";
98 0 1 138,176 "98";
99 0 0 107,159 "99";
100 2 0 124,159 "100";
101 1 0 75,114 "101";
102 1 1 3,132 "102";
103 2 1 7,179 "103";
104 2 0 89,139 "104";
105 1 0 77,143 "105";
106 1 1 14,50 "106";
107 1 1 73,178 "107";
108 0 1 32,86 "108";
109 1 0 118,146 "109";
110 0 0 32,102 "110";
111 0 0 36,175 "111";
112 1 0 89,153 "112";
113 1 0 76,105 "113";
114 2 0 47,184 "114";
115 2 0 13,163 "115";
116 2 1 53,175 "116";
117 0 1 58,159 "117";
118 1 1 135,157 "118";
119 2 0 26,164 "119";
120 0 1 165,185 "120";
121 2 1 12,43 "121";
122 1 0 33,182 "122";
123 0 0 53,109 "123";
124 2 1 11,130 "124";
125 0 1 15,185 "125";
126 2 1 3,88 "126";
127 0 1 147,187 "127";
128 0 0 5,46 "128";
129 1 1 22,56 "129";
130 1 1 70,89 "130";
131 1 1 127,190 "131";
132 0 1 94,130 "132";
133 1 1 129,181 "133";
134 0 0 31,35 "134";
135 0 0 46,67 "135";
136 2 0 76,125 "136";
137 0 0 182,193 "137";
138 1 0 59,127 "138";
139 0 0 69,176 "139";
140 1 0 56,163 "140";
141 0 0 43,117 "141";
142 1 0 31,143 "142";
143 2 1 47,118 "143";
144 0 1 112,166 "144";
145 1 0 100,146 "145";
146 2 0 7,46 "146";
147 1 1 119,138 "147";
148 2 0 112,158 "148";
149 0 1 106,107 "149";
150 1 1 118,131 "150";
151 2 1 7,152 "151";
152 1 1 40,163 "152";
153 2 1 155,170 "153";
154 2 1 21,81 "154";
155 0 0 30,193 "155";
156 1 1 10,176 "156";
157 2 0 140,159 "157";
158 0 1 89,161 "158";
159 2 0 73,143 "159";
160 1 1 45,101 "160";
161 2 0 103,122 "161";
162 1 0 137,155 "162";
163 1 1 108,122 "163";
164 1 1 64,183 "164";
165 1 0 29,30 "165";
166 2 0 1,17 "166";
167 2 1 30,87 "167";
168 0 1 101,132 "168";
169 2 0 87,126 "169";
170 2 1 34,123 "170";
171 1 1 75,130 "171";
172 1 1 122,131 "172";
173 0 0 102,186 "173";
174 2 1 19,189 "174";
175 0 0 47,163 "175";
176 0 0 124,146 "176";
177 0 1 91,100 "177";
178 1 0 60,191 "178";
179 1 0 37,177 "179";
180 1 0 54,142 "180";
181 0 1 81,90 "181";
182 2 1 54,181 "182";
183 2 0 1,19 "183";
184 0 0 51,72 "184";
185 2 1 46,57 "185";
186 2 1 84,111 "186";
187 1 1 20,104 "187";
188 0 1 41,79 "188";
189 2 1 14,183 "189";
190 0 0 54,127 "190";
191 0 0 76,101 "191";
192 2 1 122,139 "192";
193 1 0 130,145 "193";
194 1 0 15,129 "194";
