parity 124;
0 0 1 91,118 "0";
1 0 1 13,40 "1";
2 1 0 9,15 "2";
3 0 0 9,18 "3";
4 2 0 93,101 "4";
5 2 1 100,119 "5";
6 0 1 16,117 "6";
7 1 1 60,67 "7";
8 0 1 38,84 "8";
9 0 0 39,57 "9";
10 1 0 39,49 "10";
11 2 1 71,121 "11";
12 0 1 4,18 "12";
13 2 0 34,79 "13";
14 0 1 73,100 "14";
15 2 1 25,82 "15";
16 2 1 1,25 "16";
17 1 1 95,123 "17";
18 1 1 51,77 "18";
19 0 1 16,116 "19";
20 1 1 11,112 "20";
21 0 1 74,120 "21";
22 0 1 72,108 "22";
23 2 1 86,114 "23";
24 0 1 33,45 "24";
25 0 1 0,76 "25";
26 0 0 36,123 "26";
27 2 1 97,106 "27";
28 1 1 53,79 "28";
29 2 1 24,73 "29";
30 0 0 36,108 "30";
31 1 0 71,75 "31";
32 1 0 112,118 "32";
33 1 0 12,65 "33";
34 0 1 14,38 "34";
35 2 0 3,76 "35";
36 1 0 70,106 "36";
37 2 0 69,93 "37";
38 0 1 49,86 "38";
39 1 0 17,102 "39";
40 2 1 18,62 "40";
41 2 1 36,111 "41";
42 2 0 44,53 "42";
43 0 0 45,93 "43";
44 0 1 33,62 "44";
45 1 1 58,116 "45";
46 0 0 53,109 "46";
47 0 1 106,114 "47";
48 1 1 72,75 "48";
49 2 0 12,75 "49";
50 2 0 10,84 "50";
51 0 0 78,104 "51";
52 1 1 54,94 "52";
53 0 1 0,4 "53";
54 1 1 7,79 "54";
55 1 0 10,87 "55";
56 1 0 66,75 "56";
57 1 0 31,90 "57";
58 0 1 34,95 "58";
59 2 1 75,120 "59";
60 2 1 19,42 "60";
61 0 0 10,56 "61";
62 1 0 19,72 "62";
63 2 1 78,103 "63";
64 0 0 53,97 "64";
65 1 1 73,121 "65";
66 0 0 11,29 "66";
67 1 0 1,44 "67";
68 2 1 23,103 "68";
69 1 0 53,73 "69";
70 1 0 6,66 "70";
71 1 0 32,100 "71";
72 2 1 82,85 "72";
73 2 0 20,27 "73";
74 2 0 1,82 "74";
75 2 0 22,108 "75";
76 0 1 98,111 "76";
77 2 1 3,11 "77";
78 0 1 1,53 "78";
79 1 1 88,105 "79";
80 0 1 8,29 "80";
81 1 0 112,117 "81";
82 2 0 44,75 "82";
83 2 1 94,119 "83";
84 2 1 32,113 "84";
85 1 0 46,65 "85";
86 1 0 34,75 "86";
87 0 1 7,50 "87";
88 2 0 77,78 "88";
89 1 0 49,79 "89";
90 0 0 22,76 "90";
91 2 1 34,69 "91";
92 1 1 22,61 "92";
93 0 1 51,91 "93";
94 1 0 14,48 "94";
95 2 0 60,82 "95";
96 2 1 61,87 "96";
97 2 1 19,53 "97";
98 1 0 66,70 "98";
99 2 0 4,71 "99";
100 1 1 12,93 "100";
101 2 0 20,96 "101";
102 2 1 20,96 "102";
103 2 0 22,35 "103";
104 1 0 13,78 "104";
105 2 0 62,119 "105";
106 2 0 8,54 "106";
107 2 0 49,67 "107";
108 0 1 13,40 "108";
109 2 1 42,92 "109";
110 0 1 17,101 "110";
111 2 0 35,116 "111";
112 2 1 17,64 "112";
113 1 0 94,105 "113";
114 0 0 35,48 "114";
115 2 0 94,121 "115";
116 2 1 54,97 "116";
117 2 0 48,113 "117";
118 0 0 83,109 "118";
119 1 1 21,94 "119";
120 2 1 3,59 "120";
121 1 0 111,119 "121";
122 0 0 68,88 "122";
123 1 0 2,13 "123";
124 0 0 78,90 "124";
