parity 169;
0 2 0 9,134 "0";
1 2 1 11,22 "1";
2 1 1 57,83 "2";
3 2 1 100,153 "3";
4 2 0 15,93 "4";
5 1 0 6,92 "5";
6 2 0 53,69 "6";
7 2 1 55,154 "7";
8 2 0 47,77 "8";
9 2 1 32,123 "9";
10 2 0 77,168 "10";
11 0 1 99,116 "11";
12 2 0 63,92 "12";
13 1 1 136,138 "13";
14 1 0 136,147 "14";
15 1 1 59,161 "15";
16 0 0 3,109 "16";
17 1 0 87,119 "17";
18 2 1 10,43 "18";
19 2 1 55,149 "19";
20 0 0 2,26 "20";
21 0 0 3,68 "21";
22 2 0 1,39 "22";
23 0 1 75,150 "23";
24 0 1 20,114 "24";
25 2 1 32,101 "25";
26 0 1 100,166 "26";
27 0 1 5,64 "27";
28 1 1 119,128 "28";
29 2 1 85,159 "29";
30 0 1 70,105 "30";
31 1 1 6,125 "31";
32 2 0 88,104 "32";
33 1 1 36,75 "33";
34 2 1 43,119 "34";
35 2 1 38,138 "35";
36 1 0 1,38 "36";
37 2 0 2,34 "37";
38 2 1 28,152 "38";
39 0 0 4,24 "39";
40 2 1 33,112 "40";
41 0 0 62,73 "41";
42 0 1 61,126 "42";
43 0 0 72,118 "43";
44 2 1 46,123 "44";
45 2 0 12,48 "45";
46 0 0 140,149 "46";
47 0 1 20,99 "47";
48 1 0 53,128 "48";
49 0 0 71,146 "49";
50 0 1 4,65 "50";
51 0 1 133,151 "51";
52 2 1 5,43 "52";
53 0 0 3,82 "53";
54 0 0 60,126 "54";
55 0 1 23,89 "55";
56 0 0 110,157 "56";
57 0 1 47,164 "57";
58 2 1 103,124 "58";
59 1 0 66,123 "59";
60 0 1 36,64 "60";
61 2 0 92,140 "61";
62 2 0 137,139 "62";
63 1 0 8,142 "63";
64 0 0 34,50 "64";
65 0 1 12,93 "65";
66 2 1 21,90 "66";
67 2 1 15,164 "67";
68 2 1 16,75 "68";
69 0 1 46,100 "69";
70 2 0 43,51 "70";
71 0 1 49,129 "71";
72 2 1 33,117 "72";
73 0 1 86,132 "73";
74 2 0 45,115 "74";
75 1 0 0,69 "75";
76 2 1 2,56 "76";
77 1 0 70,101 "77";
78 1 0 25,49 "78";
79 1 1 102,137 "79";
80 0 0 139,161 "80";
81 2 0 50,148 "81";
82 0 0 130,131 "82";
83 2 1 151,160 "83";
84 2 1 81,93 "84";
85 1 1 117,145 "85";
86 1 1 21,39 "86";
87 0 1 58,139 "87";
88 0 1 136,169 "88";
89 0 0 18,144 "89";
90 0 0 15,120 "90";
91 2 0 77,136 "91";
92 0 0 7,167 "92";
93 1 1 124,162 "93";
94 1 0 65,151 "94";
95 0 1 110,114 "95";
96 0 1 67,138 "96";
97 2 1 51,73 "97";
98 2 0 135,152 "98";
99 0 0 128,154 "99";
100 1 1 39,109 "100";
101 2 1 62,84 "101";
102 1 1 38,134 "102";
103 0 1 79,117 "103";
104 2 1 61,107 "104";
105 2 1 69,74 "105";
106 2 0 48,113 "106";
107 1 1 3,152 "107";
108 2 1 15,16 "108";
109 1 1 17,93 "109";
110 2 1 6,126 "110";
111 1 0 48,105 "111";
112 1 1 6,110 "112";
113 1 1 47,147 "113";
114 1 0 30,131 "114";
115 1 0 118,135 "115";
116 2 1 11,28 "116";
117 1 0 153,164 "117";
118 0 0 92,115 "118";
119 1 0 5,168 "119";
120 2 1 79,83 "120";
121 2 0 73,109 "121";
122 1 1 0,76 "122";
123 2 1 39,155 "123";
124 2 1 91,135 "124";
125 0 0 35,108 "125";
126 2 0 44,92 "126";
127 1 0 55,83 "127";
128 1 1 92,154 "128";
129 1 1 13,105 "129";
130 2 1 34,133 "130";
131 1 0 18,126 "131";
132 2 0 100,124 "132";
133 2 0 9,94 "133";
134 0 1 131,152 "134";
135 0 0 49,132 "135";
136 0 1 69,167 "136";
137 2 1 39,168 "137";
138 0 0 10,115 "138";
139 1 0 97,119 "139";
140 2 0 13,165 "140";
141 0 0 12,106 "141";
142 1 1 8,123 "142";
143 1 0 104,140 "143";
144 1 0 39,112 "144";
145 1 0 17,130 "145";
146 2 1 135,145 "146";
147 1 1 30,111 "147";
148 1 1 6,17 "148";
149 1 1 50,75 "149";
150 0 1 40,109 "150";
151 2 1 60,94 "151";
152 2 0 83,109 "152";
153 0 1 68,89 "153";
154 2 0 91,94 "154";
155 1 0 81,114 "155";
156 2 0 125,132 "156";
157 0 1 69,161 "157";
158 1 0 50,155 "158";
159 2 1 10,41 "159";
160 1 0 124,144 "160";
161 0 0 57,88 "161";
162 1 0 23,91 "162";
163 2 1 10,48 "163";
164 1 1 10,107 "164";
165 0 0 23,132 "165";
166 1 1 69,147 "166";
167 1 1 31,149 "167";
168 2 0 132,160 "168";
169 2 0 60,98 "169";
