parity 144;
0 0 0 28,132 "0";
1 0 0 13,133 "1";
2 0 1 4,30 "2";
3 1 1 43,135 "3";
4 0 0 21,32 "4";
5 0 1 111,115 "5";
6 1 1 58,103 "6";
7 0 0 6,44 "7";
8 0 0 33,71 "8";
9 0 1 50,84 "9";
10 2 1 5,58 "10";
11 0 0 86,101 "11";
12 1 1 78,133 "12";
13 1 0 34,119 "13";
14 2 0 48,111 "14";
15 2 0 22,114 "15";
16 0 1 27,140 "16";
17 1 0 1,19 "17";
18 0 1 110,127 "18";
19 2 1 6,141 "19";
20 2 0 15,78 "20";
21 0 1 14,36 "21";
22 0 0 3,70 "22";
23 1 0 95,137 "23";
24 0 1 110,132 "24";
25 0 1 32,45 "25";
26 1 0 34,62 "26";
27 0 1 37,50 "27";
28 0 1 61,137 "28";
29 2 0 109,119 "29";
30 1 1 104,129 "30";
31 0 1 35,52 "31";
32 0 0 75,134 "32";
33 0 1 95,106 "33";
34 2 0 20,144 "34";
35 0 0 96,126 "35";
36 0 0 15,135 "36";
37 0 0 55,85 "37";
38 0 1 37,58 "38";
39 1 0 37,76 "39";
40 1 1 15,127 "40";
41 1 0 64,86 "41";
42 2 1 24,60 "42";
43 2 1 117,141 "43";
44 2 1 5,115 "44";
45 1 1 24,36 "45";
46 2 1 10,112 "46";
47 1 1 79,143 "47";
48 0 1 98,143 "48";
49 1 1 33,117 "49";
50 1 1 44,98 "50";
51 1 0 17,115 "51";
52 0 1 74,84 "52";
53 0 0 10,124 "53";
54 2 0 59,118 "54";
55 1 0 84,122 "55";
56 0 1 59,122 "56";
57 0 0 69,120 "57";
58 1 1 8,101 "58";
59 2 0 20,110 "59";
60 0 1 131,139 "60";
61 2 1 115,129 "61";
62 2 0 5,77 "62";
63 2 0 10,58 "63";
64 2 0 65,111 "64";
65 0 0 58,68 "65";
66 1 0 76,97 "66";
67 2 0 92,124 "67";
68 2 1 45,75 "68";
69 0 1 6,130 "69";
70 0 0 17,97 "70";
71 2 0 52,82 "71";
72 0 0 46,60 "72";
73 2 0 42,68 "73";
74 0 1 22,92 "74";
75 0 0 12,84 "75";
76 1 0 18,26 "76";
77 1 0 32,113 "77";
78 2 1 104,127 "78";
79 1 1 6,130 "79";
80 0 1 28,101 "80";
81 0 1 11,30 "81";
82 1 0 0,66 "82";
83 0 0 15,119 "83";
84 1 1 8,135 "84";
85 0 0 1,98 "85";
86 2 0 26,92 "86";
87 1 0 17,94 "87";
88 0 0 20,93 "88";
89 2 1 100,143 "89";
90 2 0 137,141 "90";
91 2 1 26,30 "91";
92 2 1 97,109 "92";
93 0 0 14,35 "93";
94 1 1 95,143 "94";
95 0 0 31,121 "95";
96 0 1 10,81 "96";
97 1 1 52,53 "97";
98 1 1 114,116 "98";
99 1 0 29,55 "99";
100 2 0 29,98 "100";
101 0 1 24,29 "101";
102 0 1 39,75 "102";
103 2 0 16,89 "103";
104 1 0 117,122 "104";
105 0 0 103,125 "105";
106 1 0 5,11 "106";
107 1 0 34,97 "107";
108 2 1 84,116 "108";
109 0 0 46,56 "109";
110 1 1 23,32 "110";
111 0 0 45,136 "111";
112 0 1 34,122 "112";
113 1 1 61,144 "113";
114 1 0 88,111 "114";
115 0 0 16,83 "115";
116 1 1 3,126 "116";
117 2 0 128,143 "117";
118 0 1 48,74 "118";
119 1 1 25,102 "119";
120 0 1 1,131 "120";
121 0 1 96,102 "121";
122 1 0 14,30 "122";
123 2 0 20,131 "123";
124 2 1 16,98 "124";
125 2 0 84,102 "125";
126 1 0 2,19 "126";
127 1 0 90,100 "127";
128 1 0 13,112 "128";
129 0 1 12,60 "129";
130 0 1 111,118 "130";
131 1 1 7,74 "131";
132 0 0 81,120 "132";
133 0 1 104,105 "133";
134 1 1 53,120 "134";
135 0 1 97,110 "135";
136 2 0 69,109 "136";
137 2 0 60,142 "137";
138 0 1 37,92 "138";
139 2 0 53,106 "139";
140 2 0 21,101 "140";
141 1 1 33,72 "141";
142 0 0 23,27 "142";
143 1 1 27,37 "143";
144 0 1 52,136 "144";
