parity 104;
0 2 1 56,104 "0";
1 1 0 61,80 "1";
2 0 0 12,84 "2";
3 2 0 32,70 "3";
4 2 0 28,75 "4";
5 0 0 47,96 "5";
6 2 0 47,80 "6";
7 0 1 22,67 "7";
8 0 1 74,101 "8";
9 0 1 64,99 "9";
10 2 0 6,63 "10";
11 1 0 35,103 "11";
12 2 0 36,51 "12";
13 2 1 10,41 "13";
14 2 1 13,40 "14";
15 1 1 27,79 "15";
16 1 0 25,102 "16";
17 0 1 80,92 "17";
18 2 0 22,102 "18";
19 0 1 36,91 "19";
20 1 0 77,101 "20";
21 2 0 78,99 "21";
22 1 1 33,96 "22";
23 1 0 21,71 "23";
24 0 1 7,27 "24";
25 0 0 14,36 "25";
26 1 0 74,90 "26";
27 1 0 13,76 "27";
28 0 0 83,93 "28";
29 2 0 51,92 "29";
30 0 1 23,62 "30";
31 0 1 30,102 "31";
32 2 0 57,94 "32";
33 1 1 46,102 "33";
34 1 0 0,80 "34";
35 0 0 40,69 "35";
36 0 0 58,80 "36";
37 2 1 10,82 "37";
38 2 0 28,39 "38";
39 0 1 19,90 "39";
40 1 0 63,77 "40";
41 0 0 6,22 "41";
42 0 0 12,77 "42";
43 1 0 65,71 "43";
44 0 1 84,103 "44";
45 0 1 29,61 "45";
46 0 1 36,74 "46";
47 1 0 2,90 "47";
48 0 0 22,78 "48";
49 1 0 8,19 "49";
50 2 0 83,88 "50";
51 2 1 31,83 "51";
52 0 0 4,90 "52";
53 2 0 42,89 "53";
54 0 0 42,58 "54";
55 2 1 10,103 "55";
56 1 1 8,36 "56";
57 1 0 14,76 "57";
58 2 1 30,94 "58";
59 0 1 65,89 "59";
60 2 0 75,84 "60";
61 2 0 3,90 "61";
62 1 1 63,78 "62";
63 0 0 33,71 "63";
64 2 0 24,94 "64";
65 1 0 9,37 "65";
66 0 0 76,92 "66";
67 2 1 3,62 "67";
68 0 1 1,88 "68";
69 2 0 32,99 "69";
70 1 1 30,64 "70";
71 2 0 77,85 "71";
72 1 1 89,97 "72";
73 1 1 44,87 "73";
74 0 0 70,96 "74";
75 0 0 18,55 "75";
76 2 1 4,78 "76";
77 1 1 14,74 "77";
78 2 1 5,44 "78";
79 1 0 37,69 "79";
80 0 0 3,34 "80";
81 2 0 24,67 "81";
82 1 1 66,89 "82";
83 0 0 7,104 "83";
84 2 1 15,89 "84";
85 1 1 4,22 "85";
86 1 0 9,32 "86";
87 1 0 32,40 "87";
88 1 1 36,101 "88";
89 0 1 12,25 "89";
90 0 0 94,95 "90";
91 0 0 64,92 "91";
92 0 1 30,34 "92";
93 0 0 26,103 "93";
94 2 1 5,17 "94";
95 2 0 18,80 "95";
96 1 1 4,61 "96";
97 1 0 28,34 "97";
98 0 1 15,80 "98";
99 1 0 11,45 "99";
100 2 1 38,86 "100";
101 2 0 69,94 "101";
102 0 1 21,33 "102";
103 2 1 76,92 "103";
104 1 1 9,52 "104";
