parity 124;
0 2 1 79,109 "0";
1 0 0 3,106 "1";
2 1 1 25,62 "2";
3 2 1 57,102 "3";
4 1 0 27,120 "4";
5 0 0 65,86 "5";
6 2 1 74,110 "6";
7 1 0 47,53 "7";
8 2 0 60,108 "8";
9 2 0 50,92 "9";
10 0 0 5,79 "10";
11 2 0 49,117 "11";
12 1 0 50,55 "12";
13 2 1 72,102 "13";
14 0 1 22,124 "14";
15 0 0 77,98 "15";
16 1 0 58,91 "16";
17 1 0 53,67 "17";
18 0 0 24,61 "18";
19 1 0 37,102 "19";
20 0 1 26,72 "20";
21 2 0 51,89 "21";
22 2 1 12,67 "22";
23 1 0 53,63 "23";
24 1 0 36,96 "24";
25 0 1 6,101 "25";
26 0 1 4,63 "26";
27 2 0 13,103 "27";
28 2 0 78,106 "28";
29 0 1 45,113 "29";
30 1 0 32,102 "30";
31 1 1 37,102 "31";
32 2 0 14,81 "32";
33 2 1 3,121 "33";
34 0 1 43,58 "34";
35 0 1 15,122 "35";
36 1 0 37,59 "36";
37 0 0 97,123 "37";
38 2 0 76,94 "38";
39 0 0 33,116 "39";
40 1 0 4,102 "40";
41 1 0 28,31 "41";
42 0 1 10,95 "42";
43 1 1 98,112 "43";
44 1 1 4,39 "44";
45 2 0 33,114 "45";
46 1 1 76,80 "46";
47 1 0 26,117 "47";
48 2 1 8,77 "48";
49 2 0 26,117 "49";
50 1 1 31,38 "50";
51 2 0 77,117 "51";
52 1 1 77,108 "52";
53 2 1 45,64 "53";
54 2 1 22,46 "54";
55 2 0 30,86 "55";
56 0 1 24,59 "56";
57 2 0 59,69 "57";
58 1 0 88,104 "58";
59 0 1 30,53 "59";
60 1 1 43,73 "60";
61 0 0 6,83 "61";
62 0 1 51,95 "62";
63 2 1 1,22 "63";
64 1 1 65,94 "64";
65 0 0 31,76 "65";
66 0 0 29,34 "66";
67 0 1 27,31 "67";
68 2 1 33,120 "68";
69 2 0 84,123 "69";
70 1 0 54,93 "70";
71 1 1 48,63 "71";
72 0 0 91,112 "72";
73 1 1 44,122 "73";
74 2 0 6,35 "74";
75 2 0 24,51 "75";
76 0 0 42,124 "76";
77 1 1 21,83 "77";
78 0 0 81,122 "78";
79 1 1 38,124 "79";
80 2 1 49,111 "80";
81 2 0 77,79 "81";
82 2 1 61,96 "82";
83 0 1 8,115 "83";
84 0 1 77,99 "84";
85 1 1 72,119 "85";
86 2 0 36,116 "86";
87 1 0 23,121 "87";
88 1 1 52,84 "88";
89 0 1 37,71 "89";
90 1 0 59,98 "90";
91 2 0 16,44 "91";
92 1 1 29,89 "92";
93 1 0 44,105 "93";
94 0 1 25,52 "94";
95 1 0 102,116 "95";
96 2 0 91,94 "96";
97 2 0 52,85 "97";
98 2 1 14,45 "98";
99 0 1 66,117 "99";
100 0 0 55,59 "100";
101 2 1 34,45 "101";
102 1 1 54,97 "102";
103 1 1 39,74 "103";
104 2 0 58,121 "104";
105 1 0 77,119 "105";
106 1 1 9,113 "106";
107 2 0 95,108 "107";
108 2 1 21,107 "108";
109 1 0 40,84 "109";
110 0 0 59,113 "110";
111 0 1 9,54 "111";
112 1 0 22,101 "112";
113 0 0 35,80 "113";
114 0 1 35,55 "114";
115 1 1 36,59 "115";
116 0 1 53,66 "116";
117 1 1 22,46 "117";
118 2 1 40,73 "118";
119 1 1 101,104 "119";
120 0 1 40,79 "120";
121 1 1 24,77 "121";
122 0 0 34,65 "122";
123 2 1 9,68 "123";
124 1 1 12,80 "124";
