parity 134;
0 2 1 126,130 "0";
1 1 0 8,86 "1";
2 1 0 74,96 "2";
3 0 1 36,106 "3";
4 1 0 26,114 "4";
5 0 0 80,94 "5";
6 0 1 16,121 "6";
7 1 0 23,63 "7";
8 0 1 48,71 "8";
9 1 0 23,112 "9";
10 2 1 39,132 "10";
11 2 1 37,76 "11";
12 2 1 29,128 "12";
13 0 1 44,51 "13";
14 1 1 117,133 "14";
15 2 1 90,118 "15";
16 1 1 25,58 "16";
17 2 0 0,53 "17";
18 0 0 51,111 "18";
19 0 0 114,119 "19";
20 2 0 33,111 "20";
21 1 1 114,134 "21";
22 1 1 25,112 "22";
23 1 1 1,21 "23";
24 2 1 18,27 "24";
25 1 0 64,113 "25";
26 0 0 106,121 "26";
27 2 1 23,84 "27";
28 2 0 25,57 "28";
29 2 0 51,80 "29";
30 2 0 29,38 "30";
31 2 0 96,104 "31";
32 0 1 21,87 "32";
33 1 0 105,108 "33";
34 2 1 46,74 "34";
35 1 1 103,126 "35";
36 1 0 14,59 "36";
37 1 1 57,90 "37";
38 0 1 62,73 "38";
39 1 1 16,27 "39";
40 0 1 27,46 "40";
41 0 1 20,93 "41";
42 0 1 47,109 "42";
43 2 1 35,87 "43";
44 1 1 25,63 "44";
45 1 1 77,90 "45";
46 2 1 94,131 "46";
47 1 0 50,134 "47";
48 2 1 26,91 "48";
49 1 0 23,111 "49";
50 0 1 14,80 "50";
51 2 0 36,122 "51";
52 0 1 7,76 "52";
53 1 1 10,97 "53";
54 1 1 36,63 "54";
55 2 0 65,123 "55";
56 0 0 77,104 "56";
57 1 0 60,64 "57";
58 2 1 74,98 "58";
59 0 0 11,128 "59";
60 0 1 45,88 "60";
61 2 0 67,101 "61";
62 2 0 83,92 "62";
63 0 1 12,98 "63";
64 1 1 58,99 "64";
65 2 0 56,101 "65";
66 0 1 104,111 "66";
67 0 0 76,97 "67";
68 1 1 35,72 "68";
69 1 1 50,87 "69";
70 0 0 68,92 "70";
71 0 0 29,37 "71";
72 2 1 59,64 "72";
73 0 1 32,128 "73";
74 1 0 60,117 "74";
75 1 0 2,94 "75";
76 0 1 34,77 "76";
77 2 1 32,35 "77";
78 2 0 11,22 "78";
79 0 0 28,86 "79";
80 1 1 94,96 "80";
81 2 0 49,119 "81";
82 1 0 5,17 "82";
83 0 1 98,102 "83";
84 1 1 70,97 "84";
85 1 0 38,69 "85";
86 0 1 26,97 "86";
87 2 1 7,46 "87";
88 0 0 21,49 "88";
89 0 1 15,123 "89";
90 1 0 64,125 "90";
91 0 0 38,57 "91";
92 0 0 95,104 "92";
93 2 1 12,129 "93";
94 2 0 12,63 "94";
95 0 1 58,61 "95";
96 2 0 98,131 "96";
97 1 0 0,21 "97";
98 0 1 6,38 "98";
99 1 0 69,100 "99";
100 1 1 31,106 "100";
101 0 1 31,51 "101";
102 1 1 20,76 "102";
103 2 0 35,124 "103";
104 0 1 76,88 "104";
105 0 1 91,112 "105";
106 0 1 62,118 "106";
107 2 1 27,115 "107";
108 2 1 51,103 "108";
109 1 0 68,76 "109";
110 0 1 17,24 "110";
111 2 0 48,63 "111";
112 1 0 6,104 "112";
113 1 1 27,126 "113";
114 0 1 67,73 "114";
115 0 1 18,90 "115";
116 0 0 21,45 "116";
117 1 1 58,85 "117";
118 1 1 68,132 "118";
119 2 0 31,122 "119";
120 0 0 7,36 "120";
121 0 1 6,61 "121";
122 0 0 0,108 "122";
123 1 1 7,91 "123";
124 2 0 95,121 "124";
125 0 1 94,99 "125";
126 2 0 58,81 "126";
127 0 0 64,82 "127";
128 1 1 32,99 "128";
129 1 0 31,122 "129";
130 2 1 86,108 "130";
131 1 1 28,129 "131";
132 1 1 2,65 "132";
133 0 0 64,113 "133";
134 1 1 82,123 "134";
