parity 194;
0 1 0 47,103 "0";
1 1 0 4,189 "1";
2 1 0 17,63 "2";
3 1 0 20,23 "3";
4 0 1 66,150 "4";
5 1 0 38,163 "5";
6 2 0 44,66 "6";
7 1 1 43,146 "7";
8 0 0 20,134 "8";
9 2 0 18,158 "9";
10 0 0 15,132 "10";
11 2 0 46,71 "11";
12 1 1 41,46 "12";
13 2 0 59,158 "13";
14 2 0 127,185 "14";
15 2 1 22,86 "15";
16 1 0 10,142 "16";
17 1 1 89,183 "17";
18 1 0 10,190 "18";
19 0 0 141,150 "19";
20 1 1 174,178 "20";
21 1 0 8,15 "21";
22 2 0 29,54 "22";
23 2 0 29,62 "23";
24 1 0 42,194 "24";
25 1 1 4,48 "25";
26 2 1 41,135 "26";
27 0 1 128,134 "27";
28 1 1 90,99 "28";
29 1 1 28,102 "29";
30 0 0 65,149 "30";
31 1 0 145,152 "31";
32 0 0 18,116 "32";
33 2 0 147,186 "33";
34 1 0 42,100 "34";
35 1 1 93,143 "35";
36 1 1 111,118 "36";
37 2 0 98,186 "37";
38 2 1 51,147 "38";
39 0 1 15,171 "39";
40 0 1 14,71 "40";
41 0 0 19,68 "41";
42 0 0 71,75 "42";
43 2 0 18,59 "43";
44 0 0 14,148 "44";
45 1 1 48,76 "45";
46 2 1 93,157 "46";
47 2 1 75,151 "47";
48 0 1 51,63 "48";
49 0 1 159,177 "49";
50 0 1 83,163 "50";
51 2 0 117,160 "51";
52 1 1 49,86 "52";
53 2 1 54,122 "53";
54 2 1 41,48 "54";
55 0 0 62,174 "55";
56 2 1 96,131 "56";
57 1 0 94,185 "57";
58 0 0 5,144 "58";
59 0 0 88,148 "59";
60 2 0 29,109 "60";
61 2 0 2,185 "61";
62 1 1 18,159 "62";
63 2 1 7,48 "63";
64 1 0 70,182 "64";
65 0 1 0,162 "65";
66 0 1 87,138 "66";
67 2 1 120,169 "67";
68 2 0 57,183 "68";
69 2 0 46,180 "69";
70 0 1 34,76 "70";
71 0 0 2,9 "71";
72 0 0 30,140 "72";
73 2 0 84,160 "73";
74 2 1 35,165 "74";
75 2 1 94,117 "75";
76 2 0 1,18 "76";
77 2 0 67,150 "77";
78 1 0 33,124 "78";
79 2 0 83,115 "79";
80 2 1 43,150 "80";
81 0 1 71,142 "81";
82 1 0 19,39 "82";
83 2 1 43,67 "83";
84 2 1 68,166 "84";
85 1 0 82,119 "85";
86 1 1 15,160 "86";
87 0 1 45,165 "87";
88 1 0 6,107 "88";
89 0 1 112,167 "89";
90 2 0 69,183 "90";
91 2 1 10,92 "91";
92 0 0 73,130 "92";
93 0 1 100,184 "93";
94 0 0 72,158 "94";
95 0 0 82,127 "95";
96 2 0 160,186 "96";
97 1 1 28,116 "97";
98 1 1 91,165 "98";
99 2 0 11,150 "99";
100 2 1 102,164 "100";
101 2 0 25,115 "101";
102 1 0 1,159 "102";
103 1 1 5,23 "103";
104 1 0 126,154 "104";
105 0 0 0,125 "105";
106 2 0 24,189 "106";
107 2 0 82,159 "107";
108 2 0 18,160 "108";
109 2 1 96,159 "109";
110 2 1 56,138 "110";
111 2 0 31,52 "111";
112 1 1 107,154 "112";
113 0 0 83,182 "113";
114 2 1 40,192 "114";
115 1 1 89,93 "115";
116 2 0 9,30 "116";
117 0 0 48,178 "117";
118 1 1 69,117 "118";
119 2 1 6,120 "119";
120 0 1 62,67 "120";
121 1 0 35,117 "121";
122 2 0 40,85 "122";
123 0 1 63,84 "123";
124 1 0 79,127 "124";
125 1 1 33,47 "125";
126 2 1 8,125 "126";
127 2 1 146,187 "127";
128 1 0 121,134 "128";
129 0 1 38,174 "129";
130 2 1 4,193 "130";
131 2 1 72,125 "131";
132 0 0 43,182 "132";
133 0 1 5,93 "133";
134 0 0 154,159 "134";
135 2 0 76,165 "135";
136 2 0 17,184 "136";
137 0 0 15,29 "137";
138 2 0 132,142 "138";
139 0 1 4,174 "139";
140 1 0 132,138 "140";
141 1 0 53,83 "141";
142 1 1 34,59 "142";
143 1 1 58,109 "143";
144 0 1 78,147 "144";
145 1 1 136,159 "145";
146 0 0 42,81 "146";
147 0 1 72,87 "147";
148 0 1 86,99 "148";
149 2 1 20,41 "149";
150 1 0 55,59 "150";
151 1 1 5,70 "151";
152 1 1 95,106 "152";
153 2 1 120,125 "153";
154 0 1 125,130 "154";
155 2 0 159,163 "155";
156 0 1 1,102 "156";
157 1 1 57,86 "157";
158 0 0 79,151 "158";
159 2 0 152,185 "159";
160 0 0 48,146 "160";
161 1 1 131,191 "161";
162 2 1 54,144 "162";
163 0 0 73,126 "163";
164 2 0 146,174 "164";
165 0 0 36,62 "165";
166 2 0 13,155 "166";
167 2 1 79,106 "167";
168 1 1 12,113 "168";
169 0 0 3,66 "169";
170 0 1 42,137 "170";
171 1 1 154,189 "171";
172 0 1 16,124 "172";
173 2 0 29,65 "173";
174 0 1 110,152 "174";
175 2 1 3,45 "175";
176 0 1 76,188 "176";
177 1 1 131,174 "177";
178 2 1 112,122 "178";
179 2 0 174,177 "179";
180 1 0 48,155 "180";
181 2 0 139,160 "181";
182 1 1 125,148 "182";
183 0 1 40,62 "183";
184 0 0 114,138 "184";
185 2 1 91,125 "185";
186 1 1 92,150 "186";
187 0 1 13,43 "187";
188 2 0 71,106 "188";
189 1 0 146,162 "189";
190 0 0 72,121 "190";
191 2 1 85,185 "191";
192 0 0 95,116 "192";
193 2 1 82,134 "193";
194 1 0 132,175 "194";
