parity 134;
0 1 0 16,53 "0";
1 0 0 12,36 "1";
2 1 0 34,67 "2";
3 2 1 25,36 "3";
4 2 0 131,134 "4";
5 1 0 85,99 "5";
6 2 1 103,131 "6";
7 2 0 124,131 "7";
8 2 0 30,40 "8";
9 1 1 45,116 "9";
10 0 0 17,41 "10";
11 0 0 16,87 "11";
12 0 0 7,69 "12";
13 2 1 83,89 "13";
14 0 1 54,85 "14";
15 1 0 40,45 "15";
16 0 0 18,125 "16";
17 0 0 82,131 "17";
18 2 1 64,133 "18";
19 1 0 108,127 "19";
20 1 1 65,103 "20";
21 0 0 67,84 "21";
22 0 1 60,88 "22";
23 0 1 0,32 "23";
24 2 0 37,82 "24";
25 1 1 55,77 "25";
26 2 1 39,133 "26";
27 1 0 45,85 "27";
28 2 1 0,36 "28";
29 1 0 64,132 "29";
30 2 0 50,57 "30";
31 1 0 9,35 "31";
32 0 0 108,129 "32";
33 2 0 50,105 "33";
34 1 1 30,120 "34";
35 0 0 72,79 "35";
36 2 1 34,105 "36";
37 1 0 15,76 "37";
38 2 0 46,79 "38";
39 1 1 0,112 "39";
40 1 0 28,77 "40";
41 2 1 0,128 "41";
42 1 0 27,69 "42";
43 2 0 77,124 "43";
44 2 1 15,25 "44";
45 0 0 54,59 "45";
46 2 1 39,107 "46";
47 1 1 43,105 "47";
48 2 1 102,130 "48";
49 2 0 47,129 "49";
50 1 1 28,125 "50";
51 1 0 63,130 "51";
52 0 1 28,33 "52";
53 2 1 4,130 "53";
54 0 1 17,119 "54";
55 2 1 36,38 "55";
56 1 1 47,83 "56";
57 0 1 54,63 "57";
58 0 1 25,50 "58";
59 1 0 61,98 "59";
60 2 0 23,66 "60";
61 0 0 66,94 "61";
62 2 1 40,105 "62";
63 1 1 94,115 "63";
64 1 1 78,82 "64";
65 1 0 44,131 "65";
66 0 0 53,88 "66";
67 0 1 6,41 "67";
68 0 0 34,130 "68";
69 0 1 12,15 "69";
70 1 0 67,125 "70";
71 2 0 77,89 "71";
72 2 0 12,82 "72";
73 1 0 10,110 "73";
74 0 1 14,123 "74";
75 1 1 39,96 "75";
76 0 0 27,62 "76";
77 0 0 17,30 "77";
78 0 0 65,115 "78";
79 1 1 39,105 "79";
80 0 1 27,98 "80";
81 1 0 93,108 "81";
82 1 0 25,116 "82";
83 2 1 29,102 "83";
84 1 1 75,86 "84";
85 1 1 50,54 "85";
86 0 0 57,85 "86";
87 1 1 15,48 "87";
88 0 0 12,82 "88";
89 0 0 80,107 "89";
90 1 0 54,96 "90";
91 1 1 7,78 "91";
92 2 1 84,95 "92";
93 1 1 57,131 "93";
94 1 0 68,70 "94";
95 2 0 13,75 "95";
96 0 1 11,42 "96";
97 2 1 30,92 "97";
98 1 1 7,116 "98";
99 0 0 5,59 "99";
100 0 0 43,98 "100";
101 2 0 94,129 "101";
102 1 1 74,117 "102";
103 1 0 115,128 "103";
104 0 1 4,64 "104";
105 2 0 12,128 "105";
106 1 0 38,47 "106";
107 1 1 10,36 "107";
108 2 1 32,123 "108";
109 1 0 27,103 "109";
110 2 0 93,96 "110";
111 2 1 55,63 "111";
112 0 1 34,85 "112";
113 0 1 120,127 "113";
114 2 1 113,131 "114";
115 2 0 0,123 "115";
116 1 1 58,114 "116";
117 1 1 126,129 "117";
118 1 0 13,23 "118";
119 1 1 18,34 "119";
120 1 0 7,44 "120";
121 0 0 71,111 "121";
122 2 1 7,86 "122";
123 1 1 26,54 "123";
124 0 0 41,78 "124";
125 0 1 29,72 "125";
126 1 0 4,44 "126";
127 2 1 51,53 "127";
128 2 1 67,107 "128";
129 2 1 93,108 "129";
130 2 0 46,123 "130";
131 1 1 39,106 "131";
132 2 0 87,115 "132";
133 0 0 59,72 "133";
134 0 0 16,121 "134";
