parity 189;
0 0 0 49,88 "0";
1 1 0 32,143 "1";
2 1 1 17,58 "2";
3 2 1 110,150 "3";
4 2 0 148,172 "4";
5 1 1 81,184 "5";
6 0 0 78,114 "6";
7 1 0 2,162 "7";
8 2 0 50,170 "8";
9 1 1 48,170 "9";
10 1 0 59,78 "10";
11 0 0 4,168 "11";
12 0 0 87,170 "12";
13 0 1 59,121 "13";
14 1 0 0,79 "14";
15 0 1 125,129 "15";
16 0 1 53,69 "16";
17 2 0 41,118 "17";
18 0 0 12,60 "18";
19 2 0 41,144 "19";
20 0 1 170,186 "20";
21 2 1 12,116 "21";
22 1 0 38,47 "22";
23 0 0 20,55 "23";
24 0 1 131,143 "24";
25 0 0 23,144 "25";
26 1 1 85,170 "26";
27 1 1 39,139 "27";
28 1 1 25,139 "28";
29 0 0 21,173 "29";
30 2 0 54,94 "30";
31 0 1 80,101 "31";
32 2 1 97,135 "32";
33 1 0 55,177 "33";
34 0 1 158,163 "34";
35 0 0 31,153 "35";
36 0 1 13,108 "36";
37 0 0 80,122 "37";
38 1 1 172,186 "38";
39 2 1 12,53 "39";
40 0 1 8,146 "40";
41 0 1 43,86 "41";
42 0 1 55,94 "42";
43 1 0 32,90 "43";
44 0 1 51,60 "44";
45 0 1 21,82 "45";
46 0 0 31,76 "46";
47 0 1 99,150 "47";
48 0 0 5,7 "48";
49 0 1 15,122 "49";
50 0 1 131,157 "50";
51 1 1 166,174 "51";
52 2 0 2,31 "52";
53 1 1 2,157 "53";
54 2 1 27,156 "54";
55 1 0 171,185 "55";
56 2 1 15,109 "56";
57 2 1 11,16 "57";
58 0 1 22,69 "58";
59 1 0 49,162 "59";
60 1 1 42,62 "60";
61 2 1 65,187 "61";
62 2 0 52,109 "62";
63 2 1 17,103 "63";
64 1 1 31,131 "64";
65 0 1 15,164 "65";
66 2 0 72,104 "66";
67 0 0 43,46 "67";
68 0 1 116,184 "68";
69 0 0 39,137 "69";
70 1 1 3,74 "70";
71 2 0 77,152 "71";
72 1 1 29,69 "72";
73 0 1 36,99 "73";
74 1 1 27,29 "74";
75 2 0 77,135 "75";
76 2 0 74,89 "76";
77 0 0 125,147 "77";
78 2 0 72,85 "78";
79 2 0 30,183 "79";
80 1 0 55,67 "80";
81 0 1 8,127 "81";
82 0 1 22,177 "82";
83 2 1 15,87 "83";
84 0 1 26,53 "84";
85 0 1 66,82 "85";
86 2 0 3,91 "86";
87 1 0 24,85 "87";
88 0 0 57,113 "88";
89 1 1 34,149 "89";
90 2 0 27,57 "90";
91 1 1 4,59 "91";
92 1 0 53,99 "92";
93 1 1 42,108 "93";
94 1 0 26,144 "94";
95 2 0 147,149 "95";
96 0 1 109,126 "96";
97 2 0 61,161 "97";
98 0 1 77,168 "98";
99 0 0 154,173 "99";
100 1 1 7,46 "100";
101 2 0 75,116 "101";
102 1 1 0,4 "102";
103 2 1 21,130 "103";
104 0 0 56,146 "104";
105 2 1 64,187 "105";
106 1 1 154,163 "106";
107 0 0 85,95 "107";
108 0 0 56,126 "108";
109 0 1 30,99 "109";
110 0 0 81,114 "110";
111 0 0 46,110 "111";
112 1 1 48,177 "112";
113 2 1 40,86 "113";
114 0 1 25,186 "114";
115 1 0 46,144 "115";
116 0 0 75,110 "116";
117 1 0 71,177 "117";
118 2 0 128,143 "118";
119 1 1 36,149 "119";
120 2 1 96,185 "120";
121 2 0 57,96 "121";
122 0 1 8,186 "122";
123 2 0 20,96 "123";
124 1 0 84,158 "124";
125 0 1 15,47 "125";
126 0 1 143,174 "126";
127 1 1 38,126 "127";
128 2 0 140,178 "128";
129 0 1 128,163 "129";
130 0 1 4,97 "130";
131 0 0 41,126 "131";
132 0 0 79,90 "132";
133 1 1 114,183 "133";
134 0 1 144,183 "134";
135 1 1 24,112 "135";
136 0 1 106,112 "136";
137 0 0 66,141 "137";
138 2 0 127,179 "138";
139 0 1 65,141 "139";
140 2 0 26,81 "140";
141 1 1 112,116 "141";
142 0 1 1,20 "142";
143 1 1 48,147 "143";
144 1 0 5,172 "144";
145 2 0 94,187 "145";
146 0 1 68,166 "146";
147 1 0 35,165 "147";
148 0 1 87,141 "148";
149 0 1 90,177 "149";
150 2 1 62,71 "150";
151 1 0 23,171 "151";
152 1 1 14,56 "152";
153 1 0 54,72 "153";
154 1 1 44,132 "154";
155 0 1 10,133 "155";
156 1 0 28,97 "156";
157 1 0 141,146 "157";
158 0 1 40,110 "158";
159 2 1 77,84 "159";
160 1 1 118,185 "160";
161 0 1 140,168 "161";
162 1 0 104,181 "162";
163 1 0 68,109 "163";
164 0 1 154,177 "164";
165 0 0 178,183 "165";
166 2 1 1,189 "166";
167 1 0 6,58 "167";
168 1 1 33,122 "168";
169 2 1 89,167 "169";
170 2 1 92,131 "170";
171 0 0 119,168 "171";
172 0 0 91,142 "172";
173 0 0 34,49 "173";
174 0 1 131,162 "174";
175 1 0 4,96 "175";
176 1 0 85,109 "176";
177 2 0 101,119 "177";
178 2 1 77,158 "178";
179 0 1 27,168 "179";
180 1 0 32,103 "180";
181 0 1 37,157 "181";
182 1 1 87,151 "182";
183 0 0 74,115 "183";
184 1 1 71,126 "184";
185 0 0 58,141 "185";
186 2 0 106,138 "186";
187 1 1 93,114 "187";
188 0 1 80,118 "188";
189 2 1 43,132 "189";
