parity 119;
0 2 1 8,68 "0";
1 1 0 49,92 "1";
2 0 1 36,68 "2";
3 2 1 15,63 "3";
4 0 0 35,118 "4";
5 0 1 25,81 "5";
6 2 0 17,55 "6";
7 1 0 71,98 "7";
8 1 0 44,55 "8";
9 0 1 11,55 "9";
10 1 0 15,19 "10";
11 0 1 87,112 "11";
12 2 0 2,27 "12";
13 2 1 16,95 "13";
14 1 0 11,61 "14";
15 2 0 29,91 "15";
16 1 1 40,43 "16";
17 2 0 8,89 "17";
18 0 1 52,76 "18";
19 0 1 29,114 "19";
20 1 0 15,23 "20";
21 2 1 45,53 "21";
22 1 0 9,23 "22";
23 2 0 17,116 "23";
24 2 1 34,68 "24";
25 0 0 44,55 "25";
26 0 1 94,108 "26";
27 0 1 75,96 "27";
28 0 1 30,103 "28";
29 1 1 48,93 "29";
30 2 1 62,78 "30";
31 0 1 37,68 "31";
32 2 1 19,57 "32";
33 2 0 64,85 "33";
34 1 1 100,119 "34";
35 1 0 7,117 "35";
36 1 1 11,61 "36";
37 1 1 26,48 "37";
38 1 0 31,34 "38";
39 1 0 17,96 "39";
40 2 0 54,94 "40";
41 1 0 1,72 "41";
42 0 0 9,100 "42";
43 1 1 32,69 "43";
44 2 1 59,116 "44";
45 1 1 0,109 "45";
46 2 0 51,62 "46";
47 2 1 12,86 "47";
48 2 0 6,96 "48";
49 1 1 58,67 "49";
50 1 0 34,45 "50";
51 0 0 30,83 "51";
52 1 0 12,50 "52";
53 0 0 91,95 "53";
54 1 1 43,74 "54";
55 0 0 5,57 "55";
56 2 1 44,98 "56";
57 1 1 20,84 "57";
58 2 1 64,110 "58";
59 0 1 68,98 "59";
60 2 0 21,68 "60";
61 0 1 41,53 "61";
62 1 0 61,81 "62";
63 2 0 32,62 "63";
64 1 1 1,85 "64";
65 2 1 9,114 "65";
66 1 1 3,95 "66";
67 1 0 89,98 "67";
68 1 0 18,46 "68";
69 2 1 1,9 "69";
70 2 0 37,101 "70";
71 0 0 18,31 "71";
72 1 0 16,42 "72";
73 2 0 31,79 "73";
74 2 1 50,62 "74";
75 0 1 87,88 "75";
76 2 0 31,108 "76";
77 0 1 23,56 "77";
78 2 0 19,57 "78";
79 0 1 4,116 "79";
80 2 1 46,70 "80";
81 1 0 69,116 "81";
82 0 1 20,83 "82";
83 2 1 71,79 "83";
84 0 1 90,115 "84";
85 1 1 48,94 "85";
86 1 0 14,58 "86";
87 1 1 29,109 "87";
88 1 1 4,106 "88";
89 1 1 66,99 "89";
90 2 0 1,9 "90";
91 2 1 45,54 "91";
92 2 0 8,39 "92";
93 1 0 9,108 "93";
94 1 1 0,76 "94";
95 1 0 23,40 "95";
96 1 0 56,119 "96";
97 2 1 67,112 "97";
98 2 1 13,68 "98";
99 1 0 94,111 "99";
100 0 0 28,101 "100";
101 0 1 23,25 "101";
102 0 1 46,94 "102";
103 0 1 0,41 "103";
104 0 1 24,75 "104";
105 1 1 68,70 "105";
106 2 1 64,68 "106";
107 2 0 79,117 "107";
108 2 1 42,45 "108";
109 0 1 44,108 "109";
110 0 0 1,51 "110";
111 1 0 50,105 "111";
112 0 0 37,91 "112";
113 1 0 43,110 "113";
114 1 1 46,95 "114";
115 1 0 70,82 "115";
116 0 1 4,70 "116";
117 2 1 35,56 "117";
118 2 0 0,75 "118";
119 2 0 35,90 "119";
