parity 184;
0 2 1 99,108 "0";
1 2 1 9,182 "1";
2 2 0 48,109 "2";
3 0 1 21,144 "3";
4 1 1 1,178 "4";
5 1 0 60,130 "5";
6 1 1 24,26 "6";
7 1 1 49,56 "7";
8 2 1 74,184 "8";
9 2 1 34,181 "9";
10 2 0 13,88 "10";
11 0 1 44,147 "11";
12 0 0 24,95 "12";
13 2 0 35,175 "13";
14 2 1 156,173 "14";
15 0 1 89,178 "15";
16 2 1 25,74 "16";
17 1 1 8,50 "17";
18 1 0 8,141 "18";
19 0 1 104,174 "19";
20 1 0 85,169 "20";
21 0 1 5,92 "21";
22 2 0 79,117 "22";
23 2 1 102,140 "23";
24 2 0 43,101 "24";
25 2 1 76,175 "25";
26 1 0 67,174 "26";
27 0 1 103,178 "27";
28 1 0 5,145 "28";
29 0 0 57,96 "29";
30 1 0 120,152 "30";
31 1 0 158,179 "31";
32 2 1 133,135 "32";
33 1 0 45,98 "33";
34 1 0 113,125 "34";
35 2 0 10,100 "35";
36 1 0 11,50 "36";
37 2 1 46,87 "37";
38 1 0 56,127 "38";
39 0 0 50,160 "39";
40 0 1 23,100 "40";
41 1 1 40,162 "41";
42 0 1 17,86 "42";
43 1 0 35,159 "43";
44 1 1 48,153 "44";
45 2 0 69,162 "45";
46 2 1 76,95 "46";
47 0 1 114,120 "47";
48 1 1 13,126 "48";
49 1 0 115,163 "49";
50 2 0 101,160 "50";
51 2 0 32,155 "51";
52 2 0 71,87 "52";
53 2 1 19,110 "53";
54 0 0 21,49 "54";
55 0 1 62,146 "55";
56 1 0 38,79 "56";
57 2 1 61,109 "57";
58 0 0 7,16 "58";
59 1 1 49,124 "59";
60 2 1 77,184 "60";
61 1 0 36,153 "61";
62 2 1 8,107 "62";
63 0 1 9,47 "63";
64 1 0 86,90 "64";
65 2 1 94,172 "65";
66 0 0 37,38 "66";
67 0 1 83,109 "67";
68 2 0 87,93 "68";
69 1 0 124,165 "69";
70 0 0 13,173 "70";
71 1 0 155,178 "71";
72 0 0 60,137 "72";
73 2 0 81,154 "73";
74 2 0 3,97 "74";
75 0 1 51,69 "75";
76 2 1 37,40 "76";
77 2 1 93,181 "77";
78 2 1 34,169 "78";
79 0 1 28,173 "79";
80 1 1 77,128 "80";
81 2 1 61,128 "81";
82 0 1 27,73 "82";
83 1 0 132,139 "83";
84 1 0 3,134 "84";
85 2 1 2,155 "85";
86 1 1 21,25 "86";
87 2 0 85,162 "87";
88 1 1 30,121 "88";
89 1 1 121,123 "89";
90 0 1 37,184 "90";
91 1 1 97,138 "91";
92 0 1 39,149 "92";
93 0 0 65,159 "93";
94 1 1 24,41 "94";
95 1 1 2,28 "95";
96 2 1 39,182 "96";
97 0 1 24,40 "97";
98 2 1 16,183 "98";
99 1 1 22,64 "99";
100 0 1 24,89 "100";
101 0 1 26,179 "101";
102 0 0 84,157 "102";
103 0 1 50,161 "103";
104 1 1 34,108 "104";
105 1 1 62,164 "105";
106 2 1 20,91 "106";
107 0 1 82,96 "107";
108 2 1 99,125 "108";
109 1 1 38,55 "109";
110 1 1 40,171 "110";
111 2 1 65,140 "111";
112 2 1 46,68 "112";
113 0 1 29,55 "113";
114 2 0 28,167 "114";
115 0 0 135,147 "115";
116 2 0 165,175 "116";
117 1 1 26,108 "117";
118 1 0 139,164 "118";
119 2 1 31,81 "119";
120 0 0 36,40 "120";
121 1 1 10,131 "121";
122 1 0 81,118 "122";
123 2 1 9,136 "123";
124 2 0 71,84 "124";
125 0 0 73,109 "125";
126 0 0 26,175 "126";
127 1 1 17,174 "127";
128 0 0 5,136 "128";
129 1 0 172,176 "129";
130 2 0 171,178 "130";
131 2 0 171,173 "131";
132 0 0 36,67 "132";
133 1 0 96,136 "133";
134 0 0 85,118 "134";
135 1 1 124,163 "135";
136 0 1 85,96 "136";
137 0 0 2,40 "137";
138 2 1 12,56 "138";
139 2 0 95,102 "139";
140 2 1 88,169 "140";
141 2 1 4,156 "141";
142 2 0 37,74 "142";
143 0 1 32,101 "143";
144 0 1 147,153 "144";
145 2 0 59,117 "145";
146 0 0 29,127 "146";
147 1 1 33,100 "147";
148 1 0 35,139 "148";
149 1 1 63,151 "149";
150 1 1 13,132 "150";
151 1 1 13,164 "151";
152 2 0 59,161 "152";
153 0 0 167,170 "153";
154 2 0 135,138 "154";
155 0 1 26,146 "155";
156 0 0 72,145 "156";
157 1 1 63,105 "157";
158 1 1 4,38 "158";
159 1 1 0,49 "159";
160 1 0 13,167 "160";
161 2 1 87,94 "161";
162 2 0 123,125 "162";
163 2 0 17,102 "163";
164 1 1 51,149 "164";
165 1 0 62,173 "165";
166 2 1 10,102 "166";
167 1 1 38,109 "167";
168 1 0 45,96 "168";
169 2 0 116,174 "169";
170 0 1 148,151 "170";
171 2 0 153,163 "171";
172 2 1 66,104 "172";
173 0 0 110,184 "173";
174 1 0 10,14 "174";
175 0 0 102,131 "175";
176 0 1 24,30 "176";
177 0 1 80,83 "177";
178 2 1 104,146 "178";
179 0 1 106,177 "179";
180 0 0 5,127 "180";
181 2 0 91,96 "181";
182 2 1 123,178 "182";
183 1 1 64,168 "183";
184 1 1 13,73 "184";
