parity 109;
0 2 1 81,92 "0";
1 2 1 18,107 "1";
2 2 0 84,101 "2";
3 0 0 72,107 "3";
4 0 0 75,97 "4";
5 1 1 37,39 "5";
6 0 1 57,108 "6";
7 1 0 18,86 "7";
8 0 1 3,107 "8";
9 0 1 22,105 "9";
10 2 1 27,91 "10";
11 1 0 27,83 "11";
12 1 1 3,16 "12";
13 2 1 60,97 "13";
14 1 1 37,84 "14";
15 2 1 29,100 "15";
16 0 0 28,73 "16";
17 0 1 30,73 "17";
18 0 1 32,69 "18";
19 0 0 17,102 "19";
20 1 1 26,59 "20";
21 0 1 17,20 "21";
22 1 1 18,55 "22";
23 1 0 10,84 "23";
24 1 0 18,69 "24";
25 1 1 13,101 "25";
26 1 0 15,38 "26";
27 1 1 82,92 "27";
28 2 0 50,57 "28";
29 0 1 25,43 "29";
30 1 0 68,84 "30";
31 2 0 53,80 "31";
32 1 0 54,78 "32";
33 2 1 35,50 "33";
34 0 1 6,32 "34";
35 0 1 9,45 "35";
36 0 0 54,75 "36";
37 1 0 7,77 "37";
38 1 0 18,60 "38";
39 1 0 1,105 "39";
40 1 0 50,57 "40";
41 0 1 66,78 "41";
42 1 1 18,32 "42";
43 1 1 69,99 "43";
44 0 1 53,106 "44";
45 2 0 40,62 "45";
46 0 0 40,102 "46";
47 2 0 2,31 "47";
48 1 1 94,98 "48";
49 0 0 0,48 "49";
50 0 0 100,105 "50";
51 0 0 15,30 "51";
52 2 1 16,32 "52";
53 0 1 20,42 "53";
54 1 0 7,58 "54";
55 2 0 61,96 "55";
56 2 1 8,36 "56";
57 1 1 8,22 "57";
58 0 0 65,71 "58";
59 0 0 9,14 "59";
60 0 0 40,64 "60";
61 2 0 56,87 "61";
62 2 1 23,64 "62";
63 2 0 19,25 "63";
64 1 0 5,35 "64";
65 1 1 26,75 "65";
66 0 0 95,102 "66";
67 2 0 17,101 "67";
68 1 0 61,93 "68";
69 2 0 80,90 "69";
70 2 1 47,74 "70";
71 2 1 11,90 "71";
72 1 0 47,81 "72";
73 1 0 40,108 "73";
74 0 1 92,95 "74";
75 0 0 51,86 "75";
76 2 0 33,38 "76";
77 1 0 3,13 "77";
78 0 1 38,89 "78";
79 0 0 71,91 "79";
80 0 1 31,81 "80";
81 1 1 83,108 "81";
82 0 0 21,48 "82";
83 2 1 100,102 "83";
84 0 0 27,33 "84";
85 2 0 56,89 "85";
86 0 1 7,16 "86";
87 0 0 11,88 "87";
88 0 1 58,90 "88";
89 1 0 23,39 "89";
90 1 1 13,93 "90";
91 1 1 28,67 "91";
92 0 0 13,60 "92";
93 2 1 49,109 "93";
94 0 1 27,80 "94";
95 0 0 50,91 "95";
96 0 1 19,40 "96";
97 1 1 35,90 "97";
98 0 1 27,71 "98";
99 1 0 100,109 "99";
100 2 1 22,66 "100";
101 0 1 3,4 "101";
102 2 0 73,86 "102";
103 2 1 61,104 "103";
104 1 1 15,35 "104";
105 0 0 35,79 "105";
106 0 1 72,97 "106";
107 0 0 44,51 "107";
108 1 0 8,80 "108";
109 0 1 31,82 "109";
