parity 104;
0 2 1 20,72 "0";
1 0 1 4,66 "1";
2 1 0 1,79 "2";
3 0 1 58,82 "3";
4 1 0 44,101 "4";
5 2 0 2,47 "5";
6 1 1 57,61 "6";
7 1 0 4,17 "7";
8 0 1 56,79 "8";
9 1 1 30,55 "9";
10 1 1 54,80 "10";
11 2 0 5,76 "11";
12 1 0 18,25 "12";
13 2 0 1,94 "13";
14 2 0 29,33 "14";
15 0 0 60,93 "15";
16 2 0 71,82 "16";
17 2 0 75,102 "17";
18 1 1 38,39 "18";
19 0 0 67,78 "19";
20 2 1 58,98 "20";
21 1 1 52,104 "21";
22 2 1 42,102 "22";
23 2 1 25,57 "23";
24 0 1 27,45 "24";
25 0 0 14,52 "25";
26 2 1 53,79 "26";
27 1 1 38,91 "27";
28 0 0 82,95 "28";
29 2 1 93,97 "29";
30 2 0 6,77 "30";
31 1 1 14,46 "31";
32 2 1 25,73 "32";
33 0 0 22,90 "33";
34 0 1 14,83 "34";
35 1 1 18,42 "35";
36 2 1 46,91 "36";
37 0 0 3,57 "37";
38 1 0 49,69 "38";
39 0 0 0,29 "39";
40 0 1 64,82 "40";
41 0 0 15,58 "41";
42 1 0 17,71 "42";
43 1 0 81,98 "43";
44 1 1 39,45 "44";
45 1 1 53,99 "45";
46 1 0 70,93 "46";
47 0 1 11,37 "47";
48 2 0 20,85 "48";
49 0 0 25,62 "49";
50 1 0 49,100 "50";
51 2 0 0,76 "51";
52 0 1 9,23 "52";
53 2 1 0,3 "53";
54 2 0 51,62 "54";
55 0 1 23,70 "55";
56 2 0 58,65 "56";
57 0 1 16,93 "57";
58 1 1 20,32 "58";
59 2 0 30,58 "59";
60 2 1 18,22 "60";
61 2 1 83,102 "61";
62 0 0 44,63 "62";
63 1 1 48,52 "63";
64 2 1 33,103 "64";
65 1 1 24,54 "65";
66 2 1 79,101 "66";
67 2 0 48,55 "67";
68 1 0 49,85 "68";
69 2 1 72,103 "69";
70 0 1 18,29 "70";
71 0 1 72,79 "71";
72 1 1 28,68 "72";
73 1 0 19,94 "73";
74 2 1 28,104 "74";
75 2 0 31,66 "75";
76 2 0 37,43 "76";
77 2 0 71,74 "77";
78 0 1 20,94 "78";
79 2 0 68,92 "79";
80 0 0 66,82 "80";
81 2 0 0,65 "81";
82 0 0 5,37 "82";
83 1 0 19,36 "83";
84 2 1 19,80 "84";
85 2 1 18,26 "85";
86 2 0 4,39 "86";
87 2 1 13,23 "87";
88 1 0 16,95 "88";
89 0 0 8,64 "89";
90 0 1 24,55 "90";
91 0 1 81,100 "91";
92 1 1 38,69 "92";
93 0 0 37,70 "93";
94 1 1 35,66 "94";
95 2 1 92,93 "95";
96 2 1 59,66 "96";
97 2 0 27,96 "97";
98 1 1 6,82 "98";
99 2 0 87,96 "99";
100 2 0 13,84 "100";
101 2 1 53,102 "101";
102 0 0 45,71 "102";
103 1 0 75,89 "103";
104 1 1 43,64 "104";
