parity 109;
0 0 1 64,92 "0";
1 2 1 44,83 "1";
2 2 1 24,34 "2";
3 1 1 47,93 "3";
4 2 1 89,109 "4";
5 0 0 0,40 "5";
6 0 1 56,69 "6";
7 0 1 41,75 "7";
8 1 1 94,103 "8";
9 0 0 32,96 "9";
10 2 1 36,41 "10";
11 0 1 71,92 "11";
12 2 0 37,40 "12";
13 0 1 93,106 "13";
14 0 0 12,41 "14";
15 2 0 48,76 "15";
16 2 1 31,87 "16";
17 0 1 30,44 "17";
18 0 1 34,80 "18";
19 2 1 41,79 "19";
20 0 1 44,53 "20";
21 2 1 14,92 "21";
22 1 0 20,67 "22";
23 1 1 63,80 "23";
24 0 1 30,63 "24";
25 2 1 85,89 "25";
26 1 1 25,40 "26";
27 0 1 70,109 "27";
28 1 1 59,104 "28";
29 2 1 24,42 "29";
30 2 0 39,70 "30";
31 2 0 19,87 "31";
32 2 0 16,21 "32";
33 0 1 63,99 "33";
34 2 1 28,37 "34";
35 0 1 41,63 "35";
36 1 1 34,49 "36";
37 0 0 10,93 "37";
38 1 1 15,19 "38";
39 1 0 57,64 "39";
40 0 1 76,89 "40";
41 2 1 74,88 "41";
42 1 1 52,55 "42";
43 2 0 11,80 "43";
44 0 0 7,29 "44";
45 1 1 91,106 "45";
46 0 0 12,41 "46";
47 2 1 20,51 "47";
48 1 1 62,73 "48";
49 0 0 94,109 "49";
50 0 1 77,94 "50";
51 0 1 80,98 "51";
52 2 1 75,108 "52";
53 2 1 2,15 "53";
54 1 1 83,107 "54";
55 1 1 0,7 "55";
56 0 1 51,68 "56";
57 2 1 28,82 "57";
58 0 1 95,107 "58";
59 2 1 84,89 "59";
60 2 0 11,92 "60";
61 0 1 93,103 "61";
62 0 1 27,31 "62";
63 2 1 74,88 "63";
64 0 1 3,109 "64";
65 2 0 53,71 "65";
66 0 1 25,95 "66";
67 1 1 19,69 "67";
68 0 1 58,64 "68";
69 1 1 53,68 "69";
70 1 0 46,88 "70";
71 0 1 43,87 "71";
72 1 0 26,87 "72";
73 0 0 49,50 "73";
74 1 0 36,99 "74";
75 0 0 7,53 "75";
76 0 0 15,91 "76";
77 2 0 2,98 "77";
78 1 0 37,95 "78";
79 2 0 4,43 "79";
80 2 1 56,100 "80";
81 1 0 5,103 "81";
82 0 0 32,65 "82";
83 2 0 66,82 "83";
84 0 1 74,96 "84";
85 0 0 23,88 "85";
86 2 0 31,43 "86";
87 0 1 20,88 "87";
88 0 0 8,75 "88";
89 2 1 49,60 "89";
90 1 0 86,107 "90";
91 0 1 38,88 "91";
92 1 0 24,106 "92";
93 1 0 10,96 "93";
94 0 0 79,99 "94";
95 0 0 8,36 "95";
96 0 0 11,84 "96";
97 0 1 49,81 "97";
98 1 1 24,83 "98";
99 0 0 60,73 "99";
100 2 0 30,52 "100";
101 1 1 3,95 "101";
102 0 0 97,99 "102";
103 2 0 44,82 "103";
104 2 0 93,101 "104";
105 1 0 61,88 "105";
106 1 0 66,95 "106";
107 1 0 37,95 "107";
108 2 1 24,78 "108";
109 1 0 68,102 "109";
