parity 119;
0 2 1 11,72 "0";
1 2 0 17,91 "1";
2 0 0 55,100 "2";
3 0 0 83,93 "3";
4 0 0 79,96 "4";
5 1 1 32,117 "5";
6 0 0 18,77 "6";
7 1 1 58,94 "7";
8 0 1 65,101 "8";
9 2 0 42,49 "9";
10 1 1 84,107 "10";
11 1 0 5,69 "11";
12 1 1 74,95 "12";
13 0 1 19,30 "13";
14 0 0 57,74 "14";
15 2 1 26,45 "15";
16 0 0 74,118 "16";
17 1 1 25,70 "17";
18 1 0 12,36 "18";
19 2 1 40,86 "19";
20 1 0 38,101 "20";
21 2 0 33,51 "21";
22 2 0 25,48 "22";
23 0 1 44,58 "23";
24 0 1 63,86 "24";
25 0 0 0,115 "25";
26 2 0 63,118 "26";
27 1 0 50,67 "27";
28 1 1 32,72 "28";
29 0 1 50,72 "29";
30 1 1 51,99 "30";
31 2 1 87,101 "31";
32 2 0 33,85 "32";
33 1 1 68,91 "33";
34 0 1 77,113 "34";
35 0 1 12,115 "35";
36 0 0 80,94 "36";
37 1 1 32,81 "37";
38 0 0 14,15 "38";
39 2 0 21,100 "39";
40 0 1 64,87 "40";
41 1 0 50,64 "41";
42 0 1 29,64 "42";
43 0 0 22,113 "43";
44 1 1 89,105 "44";
45 2 0 55,60 "45";
46 2 0 22,82 "46";
47 2 0 18,24 "47";
48 2 1 62,111 "48";
49 2 1 25,37 "49";
50 2 1 38,113 "50";
51 2 1 34,119 "51";
52 1 0 83,86 "52";
53 1 0 11,84 "53";
54 2 1 7,104 "54";
55 2 1 12,65 "55";
56 0 1 38,98 "56";
57 0 1 12,118 "57";
58 1 0 102,107 "58";
59 0 1 75,113 "59";
60 2 1 45,88 "60";
61 1 1 58,72 "61";
62 1 1 39,57 "62";
63 1 0 39,100 "63";
64 0 1 66,76 "64";
65 0 1 10,99 "65";
66 2 0 8,102 "66";
67 2 1 46,49 "67";
68 1 0 56,113 "68";
69 2 0 7,27 "69";
70 2 0 32,47 "70";
71 0 0 21,56 "71";
72 0 1 66,86 "72";
73 2 1 22,87 "73";
74 0 0 39,93 "74";
75 1 1 27,76 "75";
76 0 1 2,26 "76";
77 2 1 3,24 "77";
78 0 1 16,22 "78";
79 2 1 78,80 "79";
80 0 1 19,68 "80";
81 0 0 59,91 "81";
82 2 1 14,58 "82";
83 1 0 73,91 "83";
84 2 1 107,109 "84";
85 2 0 12,54 "85";
86 1 0 81,95 "86";
87 0 0 112,118 "87";
88 0 0 19,75 "88";
89 0 0 90,97 "89";
90 0 1 7,70 "90";
91 0 0 52,82 "91";
92 2 1 24,117 "92";
93 2 1 52,66 "93";
94 1 1 45,61 "94";
95 0 0 56,86 "95";
96 1 1 57,61 "96";
97 2 1 29,52 "97";
98 2 0 80,115 "98";
99 1 0 86,102 "99";
100 0 1 0,32 "100";
101 1 0 9,18 "101";
102 1 0 20,23 "102";
103 1 0 9,76 "103";
104 1 0 14,21 "104";
105 0 1 15,28 "105";
106 2 1 21,86 "106";
107 1 0 79,101 "107";
108 2 1 51,72 "108";
109 0 1 4,114 "109";
110 0 0 91,107 "110";
111 0 0 33,49 "111";
112 0 1 30,106 "112";
113 2 1 4,99 "113";
114 0 1 30,104 "114";
115 2 0 8,29 "115";
116 0 1 2,117 "116";
117 1 1 2,63 "117";
118 2 0 68,119 "118";
119 1 1 33,89 "119";
