parity 104;
0 2 1 27,57 "0";
1 1 1 54,72 "1";
2 0 1 37,44 "2";
3 1 1 7,103 "3";
4 1 0 28,34 "4";
5 2 0 63,94 "5";
6 0 0 49,83 "6";
7 2 1 32,59 "7";
8 1 1 29,33 "8";
9 1 0 2,16 "9";
10 2 0 27,47 "10";
11 2 0 89,101 "11";
12 0 0 76,103 "12";
13 1 0 12,75 "13";
14 1 1 18,46 "14";
15 0 0 47,59 "15";
16 0 0 15,88 "16";
17 0 1 88,93 "17";
18 2 1 30,75 "18";
19 0 1 54,63 "19";
20 0 0 15,31 "20";
21 2 1 9,93 "21";
22 0 1 15,73 "22";
23 0 0 50,101 "23";
24 2 1 54,95 "24";
25 0 0 2,50 "25";
26 2 1 62,104 "26";
27 2 1 13,78 "27";
28 1 0 74,104 "28";
29 2 0 51,90 "29";
30 0 0 54,82 "30";
31 0 0 19,79 "31";
32 1 0 8,14 "32";
33 2 0 55,98 "33";
34 0 0 31,81 "34";
35 0 1 0,47 "35";
36 1 1 73,94 "36";
37 1 1 69,92 "37";
38 0 0 36,45 "38";
39 0 1 2,46 "39";
40 2 0 26,81 "40";
41 1 1 2,6 "41";
42 0 0 36,48 "42";
43 0 1 70,88 "43";
44 2 1 4,62 "44";
45 0 0 20,61 "45";
46 1 0 76,81 "46";
47 1 0 38,96 "47";
48 0 0 33,65 "48";
49 1 0 2,93 "49";
50 1 0 63,68 "50";
51 1 0 86,104 "51";
52 2 0 87,92 "52";
53 0 0 45,96 "53";
54 0 1 46,101 "54";
55 1 1 17,97 "55";
56 0 1 63,88 "56";
57 0 0 89,91 "57";
58 0 1 42,89 "58";
59 0 0 58,80 "59";
60 1 0 8,90 "60";
61 2 1 14,91 "61";
62 0 0 44,100 "62";
63 1 0 87,94 "63";
64 0 0 33,58 "64";
65 0 0 11,104 "65";
66 2 1 81,84 "66";
67 2 0 5,8 "67";
68 1 0 80,85 "68";
69 2 0 8,88 "69";
70 1 0 42,96 "70";
71 1 1 1,8 "71";
72 1 1 33,69 "72";
73 2 1 49,60 "73";
74 2 0 18,63 "74";
75 2 1 41,43 "75";
76 0 1 2,50 "76";
77 2 0 38,83 "77";
78 2 0 40,82 "78";
79 1 0 0,40 "79";
80 0 1 1,29 "80";
81 1 0 52,96 "81";
82 0 0 66,103 "82";
83 2 0 3,98 "83";
84 1 1 35,37 "84";
85 0 0 46,63 "85";
86 0 0 59,80 "86";
87 2 1 54,79 "87";
88 0 1 83,91 "88";
89 1 1 43,92 "89";
90 1 1 4,85 "90";
91 2 0 57,100 "91";
92 0 0 46,61 "92";
93 0 0 41,42 "93";
94 2 1 16,87 "94";
95 1 1 23,86 "95";
96 0 1 3,77 "96";
97 0 1 39,85 "97";
98 0 1 77,102 "98";
99 0 1 37,56 "99";
100 0 0 59,86 "100";
101 1 1 66,80 "101";
102 0 0 70,100 "102";
103 0 1 34,100 "103";
104 2 1 18,26 "104";
