parity 104;
0 1 0 43,63 "0";
1 0 1 28,43 "1";
2 2 0 16,86 "2";
3 0 0 30,57 "3";
4 1 0 88,100 "4";
5 0 0 50,78 "5";
6 2 0 8,85 "6";
7 2 0 2,52 "7";
8 1 1 24,97 "8";
9 2 0 32,97 "9";
10 0 0 2,30 "10";
11 1 0 45,54 "11";
12 2 0 22,90 "12";
13 0 0 28,40 "13";
14 2 1 48,68 "14";
15 2 1 91,95 "15";
16 2 0 78,103 "16";
17 0 1 30,61 "17";
18 1 0 36,86 "18";
19 2 1 57,73 "19";
20 1 1 4,19 "20";
21 1 1 2,53 "21";
22 1 1 44,54 "22";
23 2 0 51,86 "23";
24 1 0 1,19 "24";
25 0 1 10,79 "25";
26 1 1 10,16 "26";
27 2 0 3,37 "27";
28 1 1 43,104 "28";
29 2 0 5,27 "29";
30 0 0 66,74 "30";
31 1 0 12,93 "31";
32 1 1 12,22 "32";
33 0 0 56,67 "33";
34 2 1 97,104 "34";
35 1 0 33,58 "35";
36 2 1 39,77 "36";
37 2 0 38,98 "37";
38 2 0 15,68 "38";
39 2 0 65,88 "39";
40 2 1 19,65 "40";
41 1 0 35,83 "41";
42 2 1 26,37 "42";
43 2 0 5,42 "43";
44 0 1 13,92 "44";
45 0 0 96,98 "45";
46 2 1 97,104 "46";
47 0 1 64,82 "47";
48 0 0 62,85 "48";
49 1 0 4,101 "49";
50 2 0 22,79 "50";
51 0 0 22,27 "51";
52 2 1 25,45 "52";
53 2 0 13,70 "53";
54 1 1 14,78 "54";
55 0 1 7,98 "55";
56 2 0 14,25 "56";
57 1 0 29,41 "57";
58 2 0 7,90 "58";
59 2 0 26,49 "59";
60 0 0 18,45 "60";
61 2 1 12,96 "61";
62 1 0 56,59 "62";
63 2 0 60,86 "63";
64 0 1 30,38 "64";
65 1 1 9,100 "65";
66 1 0 47,81 "66";
67 0 1 36,104 "67";
68 0 0 86,99 "68";
69 2 0 2,46 "69";
70 0 0 1,97 "70";
71 2 1 13,55 "71";
72 2 1 70,77 "72";
73 0 1 55,79 "73";
74 2 1 66,76 "74";
75 2 1 42,94 "75";
76 1 1 10,62 "76";
77 1 0 100,103 "77";
78 0 1 8,11 "78";
79 1 0 23,83 "79";
80 1 0 16,66 "80";
81 2 1 0,86 "81";
82 1 1 63,75 "82";
83 1 1 19,77 "83";
84 2 0 59,76 "84";
85 1 0 66,91 "85";
86 2 1 4,25 "86";
87 2 0 10,17 "87";
88 0 1 51,72 "88";
89 0 0 3,28 "89";
90 1 1 37,72 "90";
91 0 0 93,102 "91";
92 2 0 5,95 "92";
93 1 1 82,102 "93";
94 2 1 34,90 "94";
95 1 0 65,79 "95";
96 0 0 67,79 "96";
97 1 0 1,54 "97";
98 0 0 0,79 "98";
99 2 1 50,69 "99";
100 1 0 23,70 "100";
101 1 0 9,45 "101";
102 0 0 59,78 "102";
103 2 1 49,69 "103";
104 1 0 17,86 "104";
