parity 144;
0 0 1 33,129 "0";
1 1 0 19,53 "1";
2 2 1 29,91 "2";
3 0 0 4,17 "3";
4 1 1 29,92 "4";
5 0 0 25,132 "5";
6 0 1 127,140 "6";
7 0 1 58,68 "7";
8 0 1 92,117 "8";
9 2 1 31,60 "9";
10 2 1 18,87 "10";
11 2 1 8,31 "11";
12 1 0 1,138 "12";
13 2 1 12,71 "13";
14 1 0 19,96 "14";
15 1 1 121,144 "15";
16 1 1 60,74 "16";
17 1 1 12,25 "17";
18 0 1 39,74 "18";
19 1 1 42,92 "19";
20 2 0 65,105 "20";
21 2 0 4,107 "21";
22 2 1 56,121 "22";
23 0 0 12,60 "23";
24 0 1 73,86 "24";
25 1 0 42,131 "25";
26 2 0 53,70 "26";
27 1 1 22,68 "27";
28 1 1 83,133 "28";
29 2 1 97,111 "29";
30 1 0 114,134 "30";
31 0 0 17,40 "31";
32 0 1 50,58 "32";
33 1 0 58,123 "33";
34 2 1 22,96 "34";
35 2 1 26,131 "35";
36 2 1 30,98 "36";
37 2 1 83,87 "37";
38 0 1 60,127 "38";
39 1 1 46,54 "39";
40 2 0 107,121 "40";
41 0 0 79,101 "41";
42 1 0 48,136 "42";
43 2 1 56,140 "43";
44 2 1 93,105 "44";
45 1 1 107,136 "45";
46 1 1 51,135 "46";
47 0 1 32,98 "47";
48 1 1 133,141 "48";
49 0 1 103,104 "49";
50 2 0 117,127 "50";
51 1 1 70,126 "51";
52 0 0 6,99 "52";
53 2 0 23,65 "53";
54 1 0 47,124 "54";
55 0 0 2,51 "55";
56 0 1 33,109 "56";
57 0 1 107,116 "57";
58 0 0 28,51 "58";
59 0 0 40,58 "59";
60 1 1 128,139 "60";
61 2 0 71,129 "61";
62 1 1 65,92 "62";
63 2 1 0,102 "63";
64 2 1 39,89 "64";
65 1 0 36,56 "65";
66 0 1 22,107 "66";
67 1 0 22,42 "67";
68 0 0 23,28 "68";
69 1 1 50,101 "69";
70 0 0 128,140 "70";
71 0 1 37,72 "71";
72 1 0 68,79 "72";
73 1 1 131,133 "73";
74 0 1 94,129 "74";
75 1 0 112,140 "75";
76 2 0 19,36 "76";
77 0 1 81,119 "77";
78 2 0 79,131 "78";
79 1 1 10,59 "79";
80 1 1 0,49 "80";
81 0 1 4,97 "81";
82 2 0 22,61 "82";
83 0 0 40,52 "83";
84 1 0 17,119 "84";
85 1 1 42,130 "85";
86 2 0 31,125 "86";
87 1 1 23,34 "87";
88 2 1 33,104 "88";
89 1 0 25,120 "89";
90 1 1 15,52 "90";
91 0 0 94,130 "91";
92 0 1 63,75 "92";
93 2 1 94,135 "93";
94 2 0 84,111 "94";
95 2 0 71,132 "95";
96 0 1 13,82 "96";
97 2 1 33,114 "97";
98 2 0 71,86 "98";
99 0 0 92,95 "99";
100 2 1 24,73 "100";
101 0 1 86,141 "101";
102 0 0 116,143 "102";
103 2 0 70,97 "103";
104 2 0 21,87 "104";
105 1 1 23,77 "105";
106 2 0 11,55 "106";
107 2 0 14,78 "107";
108 2 1 76,85 "108";
109 0 0 2,13 "109";
110 1 0 23,144 "110";
111 1 1 5,144 "111";
112 0 1 73,142 "112";
113 1 1 0,110 "113";
114 0 0 23,30 "114";
115 1 0 11,33 "115";
116 1 0 10,38 "116";
117 0 0 29,143 "117";
118 0 1 37,140 "118";
119 1 1 38,144 "119";
120 1 0 23,72 "120";
121 2 1 55,113 "121";
122 1 1 42,67 "122";
123 2 1 14,71 "123";
124 1 0 37,128 "124";
125 2 1 28,133 "125";
126 2 1 41,83 "126";
127 1 1 50,111 "127";
128 0 0 36,53 "128";
129 0 1 33,66 "129";
130 2 1 21,121 "130";
131 2 0 11,130 "131";
132 2 0 4,85 "132";
133 2 1 8,81 "133";
134 2 1 50,86 "134";
135 2 1 70,110 "135";
136 0 0 61,138 "136";
137 2 0 37,57 "137";
138 1 1 42,115 "138";
139 1 1 48,133 "139";
140 0 1 59,139 "140";
141 0 0 52,131 "141";
142 1 0 72,121 "142";
143 2 0 109,124 "143";
144 2 1 51,123 "144";
