parity 139;
0 1 1 48,131 "0";
1 0 0 28,108 "1";
2 0 1 30,103 "2";
3 1 1 24,111 "3";
4 1 0 3,9 "4";
5 1 0 28,51 "5";
6 2 1 40,50 "6";
7 2 1 33,135 "7";
8 0 0 132,136 "8";
9 0 0 1,8 "9";
10 0 1 9,121 "10";
11 2 0 61,137 "11";
12 0 0 28,102 "12";
13 0 0 62,93 "13";
14 1 1 37,81 "14";
15 2 1 8,39 "15";
16 2 1 57,127 "16";
17 0 1 46,115 "17";
18 1 0 116,129 "18";
19 0 1 100,109 "19";
20 2 0 52,108 "20";
21 2 1 18,56 "21";
22 1 0 68,123 "22";
23 2 1 22,104 "23";
24 0 1 71,76 "24";
25 1 0 106,137 "25";
26 0 1 80,130 "26";
27 0 1 94,112 "27";
28 0 0 49,67 "28";
29 0 0 15,81 "29";
30 2 1 63,65 "30";
31 0 1 94,100 "31";
32 1 0 28,53 "32";
33 1 0 43,102 "33";
34 2 1 51,109 "34";
35 0 0 9,87 "35";
36 2 1 16,81 "36";
37 0 0 40,46 "37";
38 0 1 44,120 "38";
39 1 0 10,36 "39";
40 1 1 11,113 "40";
41 0 0 57,74 "41";
42 1 0 64,131 "42";
43 0 1 7,74 "43";
44 1 1 18,23 "44";
45 2 1 4,51 "45";
46 1 1 79,91 "46";
47 0 1 24,137 "47";
48 2 1 103,129 "48";
49 1 1 1,52 "49";
50 1 0 48,84 "50";
51 2 1 43,62 "51";
52 2 0 43,129 "52";
53 1 1 15,55 "53";
54 2 1 82,88 "54";
55 0 1 2,24 "55";
56 2 1 107,121 "56";
57 0 1 64,123 "57";
58 1 0 6,69 "58";
59 2 0 37,138 "59";
60 2 0 18,104 "60";
61 2 1 8,72 "61";
62 0 1 61,110 "62";
63 0 1 30,108 "63";
64 2 1 88,104 "64";
65 0 0 80,111 "65";
66 2 1 126,135 "66";
67 1 1 114,116 "67";
68 0 0 107,113 "68";
69 0 0 47,57 "69";
70 2 0 6,132 "70";
71 0 1 128,131 "71";
72 0 0 65,108 "72";
73 1 1 36,77 "73";
74 2 0 95,104 "74";
75 0 1 11,116 "75";
76 0 0 71,97 "76";
77 1 0 102,138 "77";
78 0 0 83,99 "78";
79 2 0 48,122 "79";
80 1 0 20,87 "80";
81 1 1 2,138 "81";
82 1 0 69,106 "82";
83 2 0 48,64 "83";
84 1 1 125,135 "84";
85 1 0 76,108 "85";
86 2 1 15,98 "86";
87 1 0 90,106 "87";
88 1 0 38,89 "88";
89 1 0 27,103 "89";
90 2 1 34,87 "90";
91 2 0 8,95 "91";
92 1 1 17,40 "92";
93 1 1 70,81 "93";
94 2 1 86,118 "94";
95 0 0 108,118 "95";
96 0 0 32,45 "96";
97 1 1 71,132 "97";
98 2 1 10,116 "98";
99 0 0 29,132 "99";
100 1 0 25,29 "100";
101 1 1 23,77 "101";
102 0 0 40,121 "102";
103 0 0 29,104 "103";
104 0 1 12,67 "104";
105 0 0 68,99 "105";
106 0 1 6,95 "106";
107 1 1 32,122 "107";
108 1 1 52,80 "108";
109 1 0 20,114 "109";
110 0 0 29,42 "110";
111 0 0 55,115 "111";
112 1 1 73,119 "112";
113 2 0 22,93 "113";
114 1 0 63,130 "114";
115 0 1 86,106 "115";
116 1 1 66,129 "116";
117 0 0 54,82 "117";
118 1 0 75,93 "118";
119 2 1 74,101 "119";
120 1 0 29,38 "120";
121 1 0 8,42 "121";
122 1 1 16,42 "122";
123 0 0 32,54 "123";
124 1 1 46,85 "124";
125 1 0 79,111 "125";
126 2 0 50,137 "126";
127 0 1 30,100 "127";
128 0 1 45,118 "128";
129 0 1 28,108 "129";
130 1 1 40,137 "130";
131 2 0 20,117 "131";
132 1 1 78,121 "132";
133 2 1 2,54 "133";
134 0 1 58,99 "134";
135 2 0 94,117 "135";
136 2 0 46,108 "136";
137 2 0 17,90 "137";
138 2 1 32,73 "138";
139 2 1 32,56 "139";
