parity 149;
0 2 0 82,134 "0";
1 0 0 61,75 "1";
2 0 0 75,104 "2";
3 1 0 57,131 "3";
4 2 0 35,138 "4";
5 0 1 80,121 "5";
6 2 0 21,26 "6";
7 1 0 54,86 "7";
8 1 0 60,118 "8";
9 1 1 61,72 "9";
10 1 1 56,149 "10";
11 2 1 78,105 "11";
12 1 0 16,95 "12";
13 0 1 39,72 "13";
14 1 0 41,103 "14";
15 0 0 10,147 "15";
16 2 0 31,71 "16";
17 0 1 38,103 "17";
18 0 1 21,64 "18";
19 0 0 139,144 "19";
20 2 1 13,19 "20";
21 1 1 4,143 "21";
22 1 1 7,26 "22";
23 2 1 17,84 "23";
24 1 1 53,64 "24";
25 2 0 35,48 "25";
26 0 1 29,33 "26";
27 1 0 23,109 "27";
28 1 1 61,83 "28";
29 2 1 28,139 "29";
30 2 0 53,119 "30";
31 0 1 11,46 "31";
32 0 1 36,134 "32";
33 0 0 64,85 "33";
34 2 1 107,117 "34";
35 0 0 81,88 "35";
36 2 0 3,114 "36";
37 1 0 24,49 "37";
38 1 1 5,109 "38";
39 2 0 76,99 "39";
40 2 0 39,97 "40";
41 0 0 33,92 "41";
42 1 0 86,125 "42";
43 2 1 34,111 "43";
44 1 1 31,41 "44";
45 2 0 65,89 "45";
46 1 1 72,132 "46";
47 1 0 49,138 "47";
48 1 1 110,148 "48";
49 2 1 31,70 "49";
50 1 0 69,108 "50";
51 1 0 34,138 "51";
52 1 1 67,74 "52";
53 1 0 83,125 "53";
54 2 0 32,148 "54";
55 2 1 72,147 "55";
56 1 0 121,134 "56";
57 2 1 11,123 "57";
58 1 0 6,35 "58";
59 2 0 93,145 "59";
60 0 1 18,38 "60";
61 2 1 77,105 "61";
62 1 0 36,108 "62";
63 1 0 3,147 "63";
64 2 0 7,111 "64";
65 0 1 20,126 "65";
66 2 1 60,139 "66";
67 1 1 0,13 "67";
68 0 1 47,122 "68";
69 1 1 9,92 "69";
70 1 1 65,104 "70";
71 0 1 2,140 "71";
72 2 1 44,52 "72";
73 2 0 58,111 "73";
74 2 1 69,97 "74";
75 1 1 51,136 "75";
76 1 1 38,143 "76";
77 0 1 59,63 "77";
78 1 1 15,139 "78";
79 0 1 109,122 "79";
80 2 0 56,64 "80";
81 1 0 29,41 "81";
82 1 0 109,130 "82";
83 2 1 21,56 "83";
84 0 1 47,81 "84";
85 0 1 41,72 "85";
86 0 1 4,67 "86";
87 1 1 22,70 "87";
88 0 1 22,61 "88";
89 1 0 36,63 "89";
90 0 0 40,144 "90";
91 1 1 79,110 "91";
92 0 0 44,65 "92";
93 1 0 44,50 "93";
94 1 1 75,117 "94";
95 2 1 61,73 "95";
96 0 1 136,144 "96";
97 0 0 26,87 "97";
98 1 1 38,89 "98";
99 1 0 18,112 "99";
100 2 1 53,64 "100";
101 1 1 100,114 "101";
102 2 0 73,95 "102";
103 0 0 13,83 "103";
104 2 0 103,139 "104";
105 1 1 66,78 "105";
106 0 0 100,116 "106";
107 0 1 87,104 "107";
108 0 1 72,122 "108";
109 1 1 3,22 "109";
110 0 1 72,123 "110";
111 0 0 54,131 "111";
112 2 1 16,132 "112";
113 2 1 16,130 "113";
114 2 0 7,107 "114";
115 0 1 22,111 "115";
116 0 0 70,102 "116";
117 1 1 27,122 "117";
118 0 1 21,99 "118";
119 0 1 61,138 "119";
120 0 1 103,111 "120";
121 2 1 95,97 "121";
122 1 1 3,141 "122";
123 0 1 43,63 "123";
124 1 0 78,80 "124";
125 0 0 19,41 "125";
126 0 1 2,18 "126";
127 1 1 49,142 "127";
128 0 0 63,144 "128";
129 0 0 12,84 "129";
130 0 1 19,86 "130";
131 2 0 2,141 "131";
132 1 0 97,120 "132";
133 1 0 106,145 "133";
134 1 0 21,38 "134";
135 2 1 73,91 "135";
136 2 1 39,57 "136";
137 1 1 108,109 "137";
138 1 0 109,121 "138";
139 1 1 52,122 "139";
140 1 1 104,137 "140";
141 0 1 92,126 "141";
142 2 0 41,107 "142";
143 2 0 9,56 "143";
144 1 0 56,138 "144";
145 1 1 41,99 "145";
146 1 1 30,76 "146";
147 2 1 33,35 "147";
148 0 0 66,105 "148";
149 0 1 27,41 "149";
