parity 169;
0 0 0 32,116 "0";
1 0 1 45,101 "1";
2 0 0 66,97 "2";
3 1 1 43,109 "3";
4 1 0 39,145 "4";
5 0 0 11,65 "5";
6 1 1 21,83 "6";
7 1 1 22,125 "7";
8 1 0 67,143 "8";
9 0 0 118,137 "9";
10 2 1 22,67 "10";
11 1 0 31,79 "11";
12 1 0 18,121 "12";
13 1 1 117,150 "13";
14 2 0 5,70 "14";
15 1 1 93,132 "15";
16 2 1 8,12 "16";
17 0 1 47,96 "17";
18 1 0 141,168 "18";
19 1 0 48,123 "19";
20 2 1 36,73 "20";
21 1 1 104,153 "21";
22 2 1 118,144 "22";
23 2 0 119,167 "23";
24 1 1 26,52 "24";
25 2 1 106,158 "25";
26 1 0 27,101 "26";
27 0 0 51,128 "27";
28 2 1 44,125 "28";
29 1 1 26,72 "29";
30 0 0 75,84 "30";
31 2 1 1,142 "31";
32 2 0 114,141 "32";
33 0 1 101,140 "33";
34 0 1 26,58 "34";
35 2 1 121,133 "35";
36 0 1 47,64 "36";
37 2 0 36,160 "37";
38 2 1 21,163 "38";
39 2 1 61,119 "39";
40 1 1 53,94 "40";
41 1 0 103,151 "41";
42 1 1 39,124 "42";
43 1 0 53,105 "43";
44 1 0 37,95 "44";
45 2 0 112,118 "45";
46 0 1 44,150 "46";
47 0 0 14,102 "47";
48 1 0 11,141 "48";
49 2 0 9,141 "49";
50 2 0 91,96 "50";
51 1 1 42,101 "51";
52 2 0 25,98 "52";
53 0 1 73,130 "53";
54 1 1 10,20 "54";
55 1 1 65,131 "55";
56 1 0 42,101 "56";
57 1 0 22,89 "57";
58 1 1 28,106 "58";
59 1 0 14,141 "59";
60 0 0 14,29 "60";
61 1 0 51,86 "61";
62 0 1 119,136 "62";
63 2 0 83,114 "63";
64 2 1 56,114 "64";
65 1 0 129,167 "65";
66 1 1 14,39 "66";
67 0 1 62,96 "67";
68 0 0 141,160 "68";
69 2 1 46,106 "69";
70 1 0 27,114 "70";
71 2 0 16,131 "71";
72 0 0 25,30 "72";
73 1 1 9,61 "73";
74 2 0 38,161 "74";
75 1 1 13,49 "75";
76 2 1 8,84 "76";
77 1 0 61,136 "77";
78 0 0 92,146 "78";
79 0 0 37,87 "79";
80 1 1 99,143 "80";
81 2 0 40,69 "81";
82 1 0 37,44 "82";
83 2 0 87,126 "83";
84 0 0 141,169 "84";
85 0 1 11,31 "85";
86 2 0 82,138 "86";
87 0 1 0,77 "87";
88 2 1 108,129 "88";
89 2 0 9,153 "89";
90 1 0 20,98 "90";
91 0 0 3,162 "91";
92 0 0 113,149 "92";
93 2 0 43,111 "93";
94 1 1 2,151 "94";
95 2 1 47,86 "95";
96 2 1 15,109 "96";
97 2 1 10,60 "97";
98 1 1 146,161 "98";
99 1 0 48,76 "99";
100 2 1 89,131 "100";
101 2 1 43,68 "101";
102 2 1 58,124 "102";
103 1 0 3,74 "103";
104 2 1 77,126 "104";
105 1 1 56,151 "105";
106 1 0 46,65 "106";
107 2 0 29,152 "107";
108 0 1 30,69 "108";
109 2 0 43,65 "109";
110 2 0 61,133 "110";
111 2 1 58,71 "111";
112 2 1 38,133 "112";
113 1 1 3,153 "113";
114 1 0 17,139 "114";
115 0 1 54,169 "115";
116 1 0 6,125 "116";
117 0 0 40,74 "117";
118 2 1 14,126 "118";
119 1 0 71,128 "119";
120 2 1 17,18 "120";
121 2 1 44,116 "121";
122 2 0 12,73 "122";
123 2 1 36,130 "123";
124 1 1 22,167 "124";
125 2 1 31,88 "125";
126 2 0 120,142 "126";
127 0 1 16,169 "127";
128 0 0 48,101 "128";
129 0 1 12,21 "129";
130 2 1 0,30 "130";
131 0 0 104,166 "131";
132 0 1 1,24 "132";
133 0 1 28,141 "133";
134 2 1 72,129 "134";
135 1 1 9,141 "135";
136 2 0 31,110 "136";
137 0 0 116,144 "137";
138 2 0 61,105 "138";
139 0 0 116,124 "139";
140 1 1 0,150 "140";
141 0 0 36,105 "141";
142 2 1 53,151 "142";
143 0 1 101,130 "143";
144 1 1 25,107 "144";
145 2 0 124,127 "145";
146 1 1 29,114 "146";
147 1 0 67,106 "147";
148 1 1 1,32 "148";
149 2 1 65,101 "149";
150 2 1 83,167 "150";
151 2 1 42,140 "151";
152 1 1 89,134 "152";
153 0 0 22,142 "153";
154 2 0 68,88 "154";
155 2 0 17,62 "155";
156 2 1 39,164 "156";
157 1 1 84,87 "157";
158 2 1 21,93 "158";
159 2 1 58,143 "159";
160 0 1 88,126 "160";
161 0 0 14,164 "161";
162 2 0 34,37 "162";
163 1 1 78,156 "163";
164 2 0 104,148 "164";
165 2 0 62,107 "165";
166 1 0 18,149 "166";
167 0 1 33,114 "167";
168 2 1 45,119 "168";
169 1 0 100,107 "169";
