parity 129;
0 2 1 56,125 "0";
1 1 1 21,91 "1";
2 0 1 69,90 "2";
3 0 0 53,118 "3";
4 1 0 24,50 "4";
5 0 1 3,120 "5";
6 2 0 83,99 "6";
7 2 1 21,55 "7";
8 2 0 7,76 "8";
9 0 0 19,56 "9";
10 1 1 35,50 "10";
11 1 0 66,115 "11";
12 0 0 29,104 "12";
13 0 0 107,110 "13";
14 0 1 42,128 "14";
15 0 0 47,104 "15";
16 2 1 52,67 "16";
17 2 1 35,47 "17";
18 1 1 82,83 "18";
19 0 0 114,125 "19";
20 2 0 35,61 "20";
21 1 1 81,82 "21";
22 2 1 51,91 "22";
23 2 0 19,66 "23";
24 2 1 21,63 "24";
25 1 0 62,123 "25";
26 0 1 8,41 "26";
27 1 1 3,97 "27";
28 1 1 106,125 "28";
29 1 0 17,49 "29";
30 0 1 6,93 "30";
31 1 1 121,126 "31";
32 1 1 6,121 "32";
33 2 0 2,18 "33";
34 2 1 125,129 "34";
35 2 0 0,110 "35";
36 1 0 5,86 "36";
37 2 1 4,109 "37";
38 1 0 9,42 "38";
39 1 0 117,127 "39";
40 2 0 1,17 "40";
41 2 1 6,77 "41";
42 2 1 0,127 "42";
43 0 1 37,100 "43";
44 1 1 49,59 "44";
45 0 0 79,114 "45";
46 2 0 55,111 "46";
47 1 0 8,32 "47";
48 1 0 4,120 "48";
49 2 0 46,51 "49";
50 0 1 45,55 "50";
51 1 0 34,96 "51";
52 1 0 47,62 "52";
53 1 0 5,103 "53";
54 0 1 17,90 "54";
55 2 1 94,108 "55";
56 2 1 26,38 "56";
57 2 0 15,59 "57";
58 2 0 79,96 "58";
59 1 1 65,107 "59";
60 0 0 64,125 "60";
61 1 1 10,105 "61";
62 0 1 114,122 "62";
63 0 1 117,119 "63";
64 0 0 96,101 "64";
65 0 0 24,63 "65";
66 0 0 9,103 "66";
67 2 1 12,79 "67";
68 1 0 0,111 "68";
69 2 1 66,90 "69";
70 1 0 49,74 "70";
71 2 0 117,127 "71";
72 2 0 19,102 "72";
73 2 1 69,83 "73";
74 2 1 53,100 "74";
75 0 0 59,81 "75";
76 1 0 73,128 "76";
77 0 1 90,114 "77";
78 2 0 87,114 "78";
79 1 1 14,83 "79";
80 1 1 49,121 "80";
81 2 1 23,88 "81";
82 2 1 25,125 "82";
83 0 1 3,86 "83";
84 2 1 14,28 "84";
85 0 0 76,114 "85";
86 1 1 32,110 "86";
87 2 1 27,32 "87";
88 1 0 67,116 "88";
89 2 1 7,69 "89";
90 0 0 96,114 "90";
91 1 1 9,68 "91";
92 2 1 55,73 "92";
93 1 0 22,105 "93";
94 1 1 33,71 "94";
95 1 1 34,61 "95";
96 1 1 16,98 "96";
97 2 0 80,119 "97";
98 2 0 36,105 "98";
99 2 0 21,90 "99";
100 1 1 102,111 "100";
101 1 0 27,49 "101";
102 0 1 83,90 "102";
103 0 0 7,17 "103";
104 1 1 44,59 "104";
105 0 0 44,92 "105";
106 0 0 6,16 "106";
107 1 0 16,84 "107";
108 2 1 78,97 "108";
109 0 1 67,121 "109";
110 2 0 5,106 "110";
111 0 0 1,18 "111";
112 0 1 10,34 "112";
113 1 1 12,39 "113";
114 2 0 103,125 "114";
115 2 0 21,127 "115";
116 2 1 25,69 "116";
117 0 1 16,79 "117";
118 0 1 26,127 "118";
119 1 1 23,91 "119";
120 2 0 68,115 "120";
121 1 1 26,35 "121";
122 0 0 42,50 "122";
123 1 1 33,112 "123";
124 2 1 35,103 "124";
125 2 0 59,128 "125";
126 2 0 65,107 "126";
127 2 1 95,103 "127";
128 0 1 65,126 "128";
129 1 0 48,60 "129";
