parity 114;
0 2 0 4,58 "0";
1 0 1 31,106 "1";
2 0 1 10,109 "2";
3 2 1 14,58 "3";
4 0 1 60,104 "4";
5 2 0 46,68 "5";
6 1 1 67,81 "6";
7 0 0 36,95 "7";
8 0 0 20,50 "8";
9 2 1 34,66 "9";
10 0 0 17,47 "10";
11 1 0 9,96 "11";
12 1 1 20,59 "12";
13 2 0 44,85 "13";
14 1 0 29,34 "14";
15 0 0 54,105 "15";
16 2 1 13,59 "16";
17 2 0 56,62 "17";
18 0 0 23,56 "18";
19 0 1 86,89 "19";
20 0 0 58,88 "20";
21 0 0 0,37 "21";
22 2 0 18,84 "22";
23 2 1 64,110 "23";
24 2 0 76,107 "24";
25 1 1 4,59 "25";
26 1 1 22,57 "26";
27 1 1 13,55 "27";
28 0 1 25,101 "28";
29 0 1 0,1 "29";
30 2 1 50,102 "30";
31 0 0 1,36 "31";
32 2 0 87,88 "32";
33 0 1 31,85 "33";
34 0 0 61,92 "34";
35 2 1 14,103 "35";
36 1 0 25,102 "36";
37 0 0 17,54 "37";
38 1 1 4,27 "38";
39 1 1 5,110 "39";
40 0 1 57,99 "40";
41 2 1 6,61 "41";
42 0 1 22,94 "42";
43 0 0 10,105 "43";
44 0 1 31,96 "44";
45 2 0 87,93 "45";
46 1 0 18,87 "46";
47 1 1 51,104 "47";
48 1 0 31,96 "48";
49 0 1 32,42 "49";
50 2 0 32,87 "50";
51 0 0 29,80 "51";
52 2 0 24,79 "52";
53 1 0 17,74 "53";
54 0 1 66,82 "54";
55 2 1 28,74 "55";
56 0 1 10,95 "56";
57 1 0 0,47 "57";
58 2 1 9,65 "58";
59 0 0 9,45 "59";
60 2 1 38,99 "60";
61 0 0 0,97 "61";
62 2 0 5,77 "62";
63 0 1 58,75 "63";
64 2 0 1,19 "64";
65 0 1 35,91 "65";
66 2 0 88,112 "66";
67 2 1 59,107 "67";
68 1 0 8,79 "68";
69 0 1 10,68 "69";
70 2 0 41,45 "70";
71 0 0 6,16 "71";
72 1 0 84,92 "72";
73 0 0 45,65 "73";
74 2 1 37,57 "74";
75 0 1 28,101 "75";
76 1 1 16,65 "76";
77 1 1 91,114 "77";
78 2 1 30,80 "78";
79 0 1 2,50 "79";
80 1 1 10,39 "80";
81 0 1 23,28 "81";
82 1 0 79,101 "82";
83 0 0 27,61 "83";
84 0 0 82,92 "84";
85 0 0 35,44 "85";
86 1 1 31,63 "86";
87 1 0 39,80 "87";
88 2 1 46,96 "88";
89 2 0 62,107 "89";
90 0 0 18,58 "90";
91 0 1 41,54 "91";
92 2 1 54,111 "92";
93 0 0 39,42 "93";
94 0 0 107,114 "94";
95 0 1 39,109 "95";
96 0 0 67,89 "96";
97 0 0 40,105 "97";
98 0 0 31,68 "98";
99 2 1 16,112 "99";
100 1 0 29,106 "100";
101 2 0 8,97 "101";
102 1 1 7,34 "102";
103 1 1 87,95 "103";
104 0 0 41,110 "104";
105 2 1 97,100 "105";
106 0 0 52,65 "106";
107 2 0 29,72 "107";
108 1 1 19,103 "108";
109 0 1 5,98 "109";
110 0 1 8,58 "110";
111 2 1 77,85 "111";
112 1 1 4,61 "112";
113 2 1 13,33 "113";
114 0 1 65,80 "114";
