parity 144;
0 1 1 81,83 "0";
1 0 0 39,59 "1";
2 1 1 0,93 "2";
3 1 0 68,135 "3";
4 2 1 16,48 "4";
5 2 1 10,85 "5";
6 0 0 75,109 "6";
7 0 0 18,50 "7";
8 1 0 74,93 "8";
9 1 1 33,35 "9";
10 0 1 31,119 "10";
11 0 0 21,31 "11";
12 0 0 9,141 "12";
13 2 1 62,141 "13";
14 0 1 116,130 "14";
15 1 1 68,74 "15";
16 1 1 36,41 "16";
17 2 0 72,93 "17";
18 2 0 13,125 "18";
19 2 1 2,10 "19";
20 2 1 4,88 "20";
21 1 0 47,87 "21";
22 1 0 38,45 "22";
23 2 1 81,97 "23";
24 0 1 106,121 "24";
25 2 1 55,132 "25";
26 1 1 10,19 "26";
27 1 0 113,140 "27";
28 1 1 62,118 "28";
29 1 0 109,138 "29";
30 2 1 36,104 "30";
31 2 0 59,92 "31";
32 0 1 53,132 "32";
33 0 1 26,105 "33";
34 2 1 28,131 "34";
35 2 0 40,102 "35";
36 0 1 10,130 "36";
37 1 0 34,102 "37";
38 2 0 100,134 "38";
39 0 1 75,78 "39";
40 2 0 102,138 "40";
41 0 1 93,143 "41";
42 0 0 31,132 "42";
43 2 1 39,88 "43";
44 0 0 15,81 "44";
45 1 0 49,66 "45";
46 1 0 59,128 "46";
47 0 1 94,104 "47";
48 1 0 47,89 "48";
49 1 1 43,128 "49";
50 2 1 12,96 "50";
51 2 1 55,59 "51";
52 1 0 111,114 "52";
53 2 1 113,123 "53";
54 2 1 57,135 "54";
55 0 0 38,47 "55";
56 2 1 90,144 "56";
57 2 1 110,114 "57";
58 2 0 29,59 "58";
59 2 1 66,139 "59";
60 1 1 27,82 "60";
61 1 0 50,117 "61";
62 1 1 108,136 "62";
63 1 0 79,91 "63";
64 2 0 42,131 "64";
65 0 1 116,134 "65";
66 1 0 76,128 "66";
67 1 1 103,129 "67";
68 2 1 64,93 "68";
69 0 0 43,136 "69";
70 1 0 96,100 "70";
71 1 0 16,143 "71";
72 1 0 66,127 "72";
73 1 1 42,108 "73";
74 2 1 0,15 "74";
75 0 1 27,30 "75";
76 1 0 58,134 "76";
77 2 1 88,126 "77";
78 1 0 25,65 "78";
79 2 0 107,119 "79";
80 0 1 134,136 "80";
81 0 0 33,124 "81";
82 2 1 5,46 "82";
83 0 0 57,77 "83";
84 1 0 15,101 "84";
85 0 0 20,133 "85";
86 1 1 19,95 "86";
87 1 1 31,80 "87";
88 0 1 14,38 "88";
89 1 1 22,91 "89";
90 0 1 50,123 "90";
91 1 0 126,144 "91";
92 1 0 60,125 "92";
93 1 1 36,106 "93";
94 2 0 95,124 "94";
95 2 1 37,54 "95";
96 0 0 8,111 "96";
97 1 0 109,134 "97";
98 0 0 59,66 "98";
99 1 0 81,108 "99";
100 0 0 45,69 "100";
101 2 0 47,105 "101";
102 1 1 7,89 "102";
103 1 1 25,27 "103";
104 2 0 21,90 "104";
105 0 0 17,21 "105";
106 2 0 70,100 "106";
107 2 0 13,140 "107";
108 2 0 77,105 "108";
109 1 0 20,74 "109";
110 2 0 41,129 "110";
111 0 1 85,138 "111";
112 0 0 47,74 "112";
113 1 0 134,143 "113";
114 2 0 1,131 "114";
115 1 1 109,135 "115";
116 0 0 2,50 "116";
117 1 1 3,64 "117";
118 0 0 60,75 "118";
119 2 0 63,89 "119";
120 2 0 41,75 "120";
121 1 0 117,136 "121";
122 2 0 61,76 "122";
123 2 1 50,128 "123";
124 1 0 32,51 "124";
125 0 0 6,63 "125";
126 0 1 139,143 "126";
127 1 0 3,29 "127";
128 0 0 57,113 "128";
129 1 1 37,58 "129";
130 2 0 51,96 "130";
131 2 1 21,81 "131";
132 1 0 18,104 "132";
133 0 0 20,79 "133";
134 2 1 87,96 "134";
135 2 1 75,114 "135";
136 0 0 48,102 "136";
137 0 1 16,80 "137";
138 2 0 46,128 "138";
139 2 1 26,133 "139";
140 1 1 1,49 "140";
141 2 1 45,54 "141";
142 2 1 83,117 "142";
143 2 1 9,28 "143";
144 2 1 38,63 "144";
