parity 134;
0 1 1 67,85 "0";
1 0 1 45,111 "1";
2 0 1 76,128 "2";
3 2 1 19,120 "3";
4 0 1 100,117 "4";
5 0 0 1,116 "5";
6 1 0 22,45 "6";
7 2 0 8,21 "7";
8 0 1 83,105 "8";
9 0 0 78,92 "9";
10 0 1 3,129 "10";
11 2 0 65,87 "11";
12 1 0 81,89 "12";
13 2 0 3,84 "13";
14 1 0 80,96 "14";
15 2 1 44,90 "15";
16 2 0 64,130 "16";
17 1 0 0,129 "17";
18 0 0 85,101 "18";
19 0 0 42,108 "19";
20 1 0 43,65 "20";
21 0 0 23,93 "21";
22 2 1 71,129 "22";
23 1 1 75,83 "23";
24 0 0 35,62 "24";
25 0 1 2,56 "25";
26 2 1 80,114 "26";
27 0 1 45,107 "27";
28 1 0 71,103 "28";
29 2 1 68,70 "29";
30 1 0 25,36 "30";
31 1 1 14,119 "31";
32 0 1 3,66 "32";
33 2 1 95,128 "33";
34 0 0 77,98 "34";
35 0 1 36,130 "35";
36 0 0 55,97 "36";
37 1 0 20,57 "37";
38 2 0 20,49 "38";
39 0 0 31,36 "39";
40 0 0 30,107 "40";
41 0 0 70,109 "41";
42 1 0 55,108 "42";
43 0 1 50,121 "43";
44 1 1 18,41 "44";
45 0 1 2,113 "45";
46 2 0 126,129 "46";
47 2 1 28,59 "47";
48 0 1 75,118 "48";
49 1 1 75,125 "49";
50 1 1 28,78 "50";
51 1 0 60,85 "51";
52 1 1 34,90 "52";
53 1 1 27,31 "53";
54 0 1 76,104 "54";
55 0 0 3,116 "55";
56 0 1 6,32 "56";
57 2 0 78,90 "57";
58 1 1 90,108 "58";
59 1 1 14,130 "59";
60 0 0 23,67 "60";
61 1 1 80,102 "61";
62 2 1 41,92 "62";
63 2 1 24,44 "63";
64 0 0 30,44 "64";
65 2 0 10,25 "65";
66 0 0 31,121 "66";
67 0 0 0,104 "67";
68 2 0 12,122 "68";
69 0 0 114,132 "69";
70 0 1 38,64 "70";
71 0 1 43,91 "71";
72 2 1 88,94 "72";
73 1 0 87,96 "73";
74 2 0 30,75 "74";
75 2 0 54,103 "75";
76 2 0 60,102 "76";
77 2 0 73,103 "77";
78 1 0 86,116 "78";
79 2 0 0,69 "79";
80 0 0 81,133 "80";
81 1 1 33,54 "81";
82 0 0 43,96 "82";
83 0 0 32,128 "83";
84 1 0 59,66 "84";
85 2 1 110,127 "85";
86 2 1 79,96 "86";
87 2 1 20,92 "87";
88 2 0 62,67 "88";
89 0 0 67,109 "89";
90 2 0 59,109 "90";
91 1 1 36,57 "91";
92 0 1 21,66 "92";
93 2 0 0,16 "93";
94 0 0 16,100 "94";
95 1 0 30,134 "95";
96 0 0 16,101 "96";
97 2 0 86,117 "97";
98 1 1 82,86 "98";
99 2 1 11,78 "99";
100 0 0 2,125 "100";
101 2 1 7,118 "101";
102 1 0 72,86 "102";
103 2 0 108,111 "103";
104 1 1 110,127 "104";
105 1 0 3,116 "105";
106 1 1 28,83 "106";
107 1 0 0,15 "107";
108 1 1 40,68 "108";
109 0 0 61,95 "109";
110 2 1 96,107 "110";
111 1 1 83,133 "111";
112 1 0 11,93 "112";
113 1 1 114,131 "113";
114 0 0 14,37 "114";
115 0 0 70,111 "115";
116 1 1 109,118 "116";
117 2 1 18,112 "117";
118 0 0 38,58 "118";
119 2 1 71,91 "119";
120 2 0 25,126 "120";
121 0 1 73,90 "121";
122 2 0 86,115 "122";
123 2 1 4,101 "123";
124 1 1 37,125 "124";
125 2 0 112,114 "125";
126 2 1 11,96 "126";
127 1 0 2,66 "127";
128 0 1 14,92 "128";
129 2 0 5,131 "129";
130 1 1 80,111 "130";
131 1 1 14,133 "131";
132 2 0 18,112 "132";
133 1 0 14,117 "133";
134 0 1 18,132 "134";
