parity 194;
0 1 1 15,159 "0";
1 0 0 99,191 "1";
2 2 0 157,167 "2";
3 1 0 30,40 "3";
4 0 0 22,72 "4";
5 1 1 121,144 "5";
6 1 1 131,189 "6";
7 1 1 119,157 "7";
8 1 1 12,47 "8";
9 0 0 74,168 "9";
10 0 1 152,158 "10";
11 2 0 80,164 "11";
12 1 0 49,158 "12";
13 2 1 82,112 "13";
14 0 1 75,166 "14";
15 0 1 68,114 "15";
16 2 1 57,148 "16";
17 1 1 100,175 "17";
18 1 1 10,82 "18";
19 1 0 95,179 "19";
20 1 0 138,152 "20";
21 1 1 71,105 "21";
22 0 0 5,127 "22";
23 2 1 110,130 "23";
24 0 1 78,163 "24";
25 2 0 32,141 "25";
26 1 1 154,192 "26";
27 1 1 109,161 "27";
28 2 0 4,94 "28";
29 1 0 138,140 "29";
30 2 0 76,173 "30";
31 0 0 57,171 "31";
32 2 0 30,157 "32";
33 0 1 64,115 "33";
34 1 1 8,119 "34";
35 1 1 61,80 "35";
36 1 1 77,108 "36";
37 1 1 85,141 "37";
38 2 0 122,183 "38";
39 0 0 7,69 "39";
40 2 1 27,36 "40";
41 2 0 11,180 "41";
42 2 0 88,107 "42";
43 2 0 42,116 "43";
44 2 1 102,120 "44";
45 1 1 98,183 "45";
46 1 0 106,125 "46";
47 2 1 67,93 "47";
48 1 0 33,45 "48";
49 1 1 74,138 "49";
50 1 1 159,180 "50";
51 0 1 92,107 "51";
52 2 1 66,109 "52";
53 1 0 4,146 "53";
54 2 0 45,133 "54";
55 0 1 110,149 "55";
56 0 1 153,168 "56";
57 2 0 3,169 "57";
58 2 1 157,176 "58";
59 0 1 37,182 "59";
60 1 1 177,183 "60";
61 2 1 33,76 "61";
62 0 1 65,151 "62";
63 1 0 82,183 "63";
64 2 1 60,100 "64";
65 1 1 68,120 "65";
66 2 0 114,132 "66";
67 2 1 167,174 "67";
68 2 1 126,182 "68";
69 1 0 45,119 "69";
70 2 1 48,99 "70";
71 0 0 55,190 "71";
72 1 0 142,162 "72";
73 1 0 10,110 "73";
74 1 0 68,144 "74";
75 0 0 1,145 "75";
76 0 1 140,145 "76";
77 0 1 67,127 "77";
78 0 0 32,122 "78";
79 2 1 13,90 "79";
80 2 0 66,187 "80";
81 0 0 71,90 "81";
82 0 0 3,173 "82";
83 1 1 7,152 "83";
84 1 1 15,52 "84";
85 2 0 130,133 "85";
86 0 1 136,147 "86";
87 0 0 34,72 "87";
88 0 1 16,103 "88";
89 0 1 15,51 "89";
90 2 1 37,130 "90";
91 0 1 158,172 "91";
92 2 0 1,191 "92";
93 1 0 49,140 "93";
94 0 0 23,132 "94";
95 2 0 30,187 "95";
96 1 0 64,168 "96";
97 2 1 32,101 "97";
98 0 1 35,182 "98";
99 2 0 19,47 "99";
100 0 1 138,155 "100";
101 0 0 29,44 "101";
102 2 1 35,145 "102";
103 1 1 1,162 "103";
104 0 0 36,47 "104";
105 1 0 15,52 "105";
106 0 0 129,169 "106";
107 1 0 23,81 "107";
108 0 1 107,176 "108";
109 0 0 2,129 "109";
110 2 0 65,99 "110";
111 0 1 11,117 "111";
112 2 1 23,159 "112";
113 0 0 21,141 "113";
114 1 0 176,191 "114";
115 0 0 47,138 "115";
116 1 1 26,114 "116";
117 0 0 62,101 "117";
118 1 0 76,162 "118";
119 0 1 87,130 "119";
120 2 1 39,166 "120";
121 0 0 65,113 "121";
122 1 1 10,153 "122";
123 2 1 37,74 "123";
124 1 0 89,107 "124";
125 1 1 42,59 "125";
126 1 0 19,177 "126";
127 1 0 118,153 "127";
128 1 0 20,49 "128";
129 0 1 122,193 "129";
130 0 0 128,192 "130";
131 2 1 29,158 "131";
132 2 0 32,105 "132";
133 1 1 128,170 "133";
134 2 0 58,175 "134";
135 0 1 77,141 "135";
136 2 1 107,172 "136";
137 0 0 82,112 "137";
138 1 1 116,185 "138";
139 2 0 176,190 "139";
140 1 1 86,103 "140";
141 1 0 107,137 "141";
142 0 1 8,137 "142";
143 0 0 161,188 "143";
144 0 1 24,52 "144";
145 2 1 13,136 "145";
146 1 1 129,137 "146";
147 1 1 57,163 "147";
148 0 0 61,120 "148";
149 0 1 108,152 "149";
150 0 1 19,40 "150";
151 2 0 17,185 "151";
152 2 0 45,153 "152";
153 2 1 77,138 "153";
154 2 1 27,100 "154";
155 2 1 99,161 "155";
156 1 1 52,79 "156";
157 1 0 94,100 "157";
158 0 0 65,183 "158";
159 0 0 63,118 "159";
160 2 1 29,40 "160";
161 2 1 55,92 "161";
162 1 1 68,160 "162";
163 0 0 45,140 "163";
164 1 1 88,116 "164";
165 0 1 144,182 "165";
166 2 0 5,165 "166";
167 1 0 80,92 "167";
168 0 0 65,117 "168";
169 1 0 33,156 "169";
170 1 0 92,152 "170";
171 0 1 16,157 "171";
172 2 1 62,148 "172";
173 0 1 159,170 "173";
174 2 1 29,36 "174";
175 2 0 77,144 "175";
176 2 0 43,146 "176";
177 0 1 134,148 "177";
178 2 0 34,175 "178";
179 0 1 41,58 "179";
180 1 1 35,183 "180";
181 2 1 74,128 "181";
182 0 0 60,135 "182";
183 0 1 169,184 "183";
184 2 0 72,114 "184";
185 2 0 65,180 "185";
186 1 1 38,124 "186";
187 0 1 143,164 "187";
188 1 1 1,143 "188";
189 2 1 10,115 "189";
190 1 1 62,87 "190";
191 0 0 21,177 "191";
192 0 0 142,171 "192";
193 0 1 77,163 "193";
194 0 0 120,132 "194";
