parity 119;
0 1 1 7,88 "0";
1 2 0 22,56 "1";
2 1 1 71,87 "2";
3 1 1 21,78 "3";
4 0 1 40,53 "4";
5 1 1 7,11 "5";
6 2 0 41,95 "6";
7 0 0 51,71 "7";
8 0 1 11,55 "8";
9 1 1 29,36 "9";
10 1 1 23,51 "10";
11 2 0 94,96 "11";
12 1 1 64,85 "12";
13 0 1 17,25 "13";
14 0 1 11,42 "14";
15 1 1 63,87 "15";
16 1 1 42,60 "16";
17 1 0 46,72 "17";
18 0 1 1,16 "18";
19 2 0 27,114 "19";
20 1 0 40,72 "20";
21 1 0 87,94 "21";
22 0 0 17,19 "22";
23 2 1 75,110 "23";
24 1 0 16,28 "24";
25 0 1 5,18 "25";
26 2 1 8,87 "26";
27 2 1 35,86 "27";
28 0 1 34,92 "28";
29 2 1 76,93 "29";
30 1 0 8,46 "30";
31 0 1 90,117 "31";
32 2 0 47,55 "32";
33 1 0 104,114 "33";
34 2 1 25,92 "34";
35 2 1 0,103 "35";
36 2 1 13,85 "36";
37 1 0 7,24 "37";
38 0 0 19,82 "38";
39 1 0 71,88 "39";
40 0 0 64,87 "40";
41 0 1 45,101 "41";
42 1 0 41,56 "42";
43 2 1 79,87 "43";
44 1 0 6,25 "44";
45 2 1 24,99 "45";
46 2 0 69,91 "46";
47 1 1 31,114 "47";
48 1 0 25,50 "48";
49 1 0 50,112 "49";
50 2 0 113,117 "50";
51 1 1 78,89 "51";
52 1 1 17,73 "52";
53 1 0 40,89 "53";
54 0 1 6,105 "54";
55 2 1 41,118 "55";
56 2 1 95,102 "56";
57 2 1 29,105 "57";
58 2 0 3,67 "58";
59 2 1 25,90 "59";
60 0 1 10,58 "60";
61 0 0 16,36 "61";
62 1 1 72,108 "62";
63 1 0 4,45 "63";
64 0 1 72,94 "64";
65 0 1 12,26 "65";
66 0 0 8,19 "66";
67 0 0 4,112 "67";
68 0 0 17,59 "68";
69 2 0 23,113 "69";
70 0 1 41,61 "70";
71 1 1 36,84 "71";
72 1 0 55,97 "72";
73 1 1 33,79 "73";
74 1 1 64,77 "74";
75 1 0 88,119 "75";
76 2 0 72,89 "76";
77 0 0 44,72 "77";
78 0 1 90,103 "78";
79 2 1 50,78 "79";
80 1 0 70,117 "80";
81 2 0 10,20 "81";
82 0 1 53,59 "82";
83 2 0 10,32 "83";
84 1 0 49,61 "84";
85 2 1 23,39 "85";
86 1 0 76,116 "86";
87 0 0 94,98 "87";
88 2 1 82,106 "88";
89 1 1 4,19 "89";
90 1 1 57,101 "90";
91 1 1 77,112 "91";
92 2 0 27,89 "92";
93 2 0 31,90 "93";
94 1 0 88,93 "94";
95 0 0 30,81 "95";
96 2 0 9,83 "96";
97 2 0 73,86 "97";
98 0 0 4,38 "98";
99 0 0 75,115 "99";
100 0 1 94,101 "100";
101 2 1 13,90 "101";
102 0 1 1,107 "102";
103 1 1 55,63 "103";
104 1 0 66,71 "104";
105 0 1 6,90 "105";
106 0 0 63,108 "106";
107 1 1 1,56 "107";
108 0 1 53,63 "108";
109 0 1 67,69 "109";
110 0 0 19,26 "110";
111 1 0 88,101 "111";
112 2 0 3,4 "112";
113 1 0 2,34 "113";
114 1 1 106,111 "114";
115 2 0 19,36 "115";
116 0 0 108,117 "116";
117 1 0 17,34 "117";
118 0 0 56,59 "118";
119 2 1 13,98 "119";
