parity 99;
0 2 1 21,34 "0";
1 0 0 36,65 "1";
2 0 1 75,81 "2";
3 1 0 44,48 "3";
4 0 1 61,83 "4";
5 0 0 44,91 "5";
6 1 0 43,97 "6";
7 1 0 10,37 "7";
8 1 0 6,95 "8";
9 1 0 27,94 "9";
10 1 0 17,81 "10";
11 2 0 27,65 "11";
12 2 1 56,97 "12";
13 1 0 17,53 "13";
14 1 0 20,85 "14";
15 1 1 55,71 "15";
16 1 0 8,72 "16";
17 2 1 24,81 "17";
18 1 1 13,84 "18";
19 2 0 58,68 "19";
20 2 1 11,24 "20";
21 2 0 29,65 "21";
22 2 0 50,62 "22";
23 1 0 1,38 "23";
24 1 0 7,72 "24";
25 0 1 6,87 "25";
26 0 0 25,78 "26";
27 2 1 56,78 "27";
28 0 0 47,63 "28";
29 0 1 43,85 "29";
30 2 1 18,31 "30";
31 2 0 27,95 "31";
32 0 0 47,90 "32";
33 1 0 6,17 "33";
34 2 1 79,84 "34";
35 1 1 9,28 "35";
36 0 0 5,30 "36";
37 0 1 5,72 "37";
38 2 1 2,42 "38";
39 2 0 61,79 "39";
40 0 1 20,65 "40";
41 2 0 31,39 "41";
42 0 1 24,59 "42";
43 0 1 15,62 "43";
44 1 0 24,53 "44";
45 1 0 22,25 "45";
46 2 0 27,49 "46";
47 1 0 14,17 "47";
48 2 1 40,91 "48";
49 1 1 17,23 "49";
50 1 0 7,31 "50";
51 0 1 66,87 "51";
52 0 1 45,67 "52";
53 1 1 18,59 "53";
54 1 1 20,30 "54";
55 2 1 13,25 "55";
56 0 0 29,55 "56";
57 0 1 12,56 "57";
58 2 1 21,38 "58";
59 1 1 37,99 "59";
60 2 0 37,67 "60";
61 0 0 21,96 "61";
62 0 0 21,53 "62";
63 2 1 0,47 "63";
64 1 0 39,40 "64";
65 0 0 44,69 "65";
66 0 0 38,91 "66";
67 1 1 3,83 "67";
68 2 0 40,65 "68";
69 1 1 61,70 "69";
70 0 0 16,79 "70";
71 1 0 6,9 "71";
72 0 1 30,38 "72";
73 0 1 4,61 "73";
74 1 1 18,93 "74";
75 0 1 33,87 "75";
76 0 0 9,24 "76";
77 0 0 33,76 "77";
78 2 0 11,69 "78";
79 2 0 26,57 "79";
80 0 1 54,87 "80";
81 2 1 41,50 "81";
82 2 1 28,93 "82";
83 0 0 7,71 "83";
84 2 0 72,85 "84";
85 2 1 2,75 "85";
86 2 1 14,51 "86";
87 2 1 58,65 "87";
88 2 1 5,26 "88";
89 1 0 17,19 "89";
90 1 0 11,26 "90";
91 0 1 56,90 "91";
92 1 1 36,64 "92";
93 1 1 40,52 "93";
94 0 1 72,97 "94";
95 1 0 13,68 "95";
96 1 0 75,78 "96";
97 0 1 16,20 "97";
98 0 0 16,79 "98";
99 2 0 37,46 "99";
