parity 114;
0 0 0 13,68 "0";
1 1 1 21,83 "1";
2 1 1 97,99 "2";
3 0 1 84,95 "3";
4 2 1 20,71 "4";
5 1 0 39,93 "5";
6 2 1 42,69 "6";
7 0 0 1,95 "7";
8 1 0 101,103 "8";
9 0 0 4,35 "9";
10 1 1 22,106 "10";
11 0 0 41,50 "11";
12 0 0 26,85 "12";
13 1 1 98,103 "13";
14 0 1 61,69 "14";
15 1 1 24,101 "15";
16 2 1 3,31 "16";
17 0 1 39,91 "17";
18 0 1 5,25 "18";
19 2 0 51,86 "19";
20 0 0 35,95 "20";
21 1 1 7,9 "21";
22 1 0 27,45 "22";
23 0 0 8,11 "23";
24 1 1 3,70 "24";
25 1 1 4,67 "25";
26 1 0 58,111 "26";
27 2 1 34,111 "27";
28 1 1 111,113 "28";
29 1 0 15,80 "29";
30 0 1 40,111 "30";
31 1 1 42,89 "31";
32 2 1 82,114 "32";
33 1 0 36,63 "33";
34 2 1 5,60 "34";
35 1 1 60,83 "35";
36 1 0 70,111 "36";
37 1 1 11,28 "37";
38 1 1 1,101 "38";
39 0 1 56,108 "39";
40 0 1 27,75 "40";
41 1 1 36,96 "41";
42 2 0 59,112 "42";
43 2 1 10,34 "43";
44 2 1 13,18 "44";
45 1 0 63,109 "45";
46 2 0 25,106 "46";
47 2 0 32,82 "47";
48 0 0 69,83 "48";
49 2 1 13,35 "49";
50 2 0 68,70 "50";
51 0 0 22,109 "51";
52 1 1 6,64 "52";
53 2 0 67,79 "53";
54 0 0 29,76 "54";
55 0 0 19,31 "55";
56 0 0 58,71 "56";
57 0 0 41,100 "57";
58 2 1 32,92 "58";
59 0 1 30,82 "59";
60 1 0 64,95 "60";
61 2 1 34,85 "61";
62 2 0 29,89 "62";
63 2 0 43,86 "63";
64 1 0 59,107 "64";
65 0 1 41,87 "65";
66 2 1 6,61 "66";
67 2 0 88,113 "67";
68 2 1 10,60 "68";
69 2 0 61,88 "69";
70 1 1 76,91 "70";
71 2 1 31,98 "71";
72 0 0 30,78 "72";
73 2 1 25,83 "73";
74 1 0 29,104 "74";
75 1 0 57,76 "75";
76 2 1 3,10 "76";
77 1 1 26,104 "77";
78 0 1 50,81 "78";
79 0 1 8,36 "79";
80 0 0 87,108 "80";
81 1 0 25,34 "81";
82 1 1 6,37 "82";
83 1 1 21,57 "83";
84 0 0 30,48 "84";
85 0 0 0,108 "85";
86 1 1 46,64 "86";
87 0 1 24,28 "87";
88 1 0 64,110 "88";
89 1 1 67,79 "89";
90 1 1 61,69 "90";
91 2 0 67,83 "91";
92 1 0 79,87 "92";
93 0 1 35,60 "93";
94 0 0 3,78 "94";
95 2 1 8,57 "95";
96 0 1 6,62 "96";
97 1 0 13,39 "97";
98 2 0 111,113 "98";
99 1 0 26,81 "99";
100 1 1 31,54 "100";
101 1 0 4,92 "101";
102 2 0 46,89 "102";
103 2 1 4,33 "103";
104 1 1 57,88 "104";
105 2 1 83,103 "105";
106 2 1 39,58 "106";
107 1 1 35,105 "107";
108 2 1 55,106 "108";
109 2 0 25,55 "109";
110 2 0 98,111 "110";
111 0 1 20,21 "111";
112 2 1 43,55 "112";
113 2 0 75,112 "113";
114 2 0 23,106 "114";
