parity 194;
0 2 0 80,193 "0";
1 1 1 68,126 "1";
2 0 0 79,187 "2";
3 1 1 9,72 "3";
4 0 1 96,153 "4";
5 2 1 93,134 "5";
6 0 0 32,92 "6";
7 1 1 154,193 "7";
8 0 1 12,90 "8";
9 1 1 151,162 "9";
10 1 0 87,105 "10";
11 2 1 103,132 "11";
12 1 0 72,174 "12";
13 2 1 77,163 "13";
14 2 0 132,170 "14";
15 2 0 119,136 "15";
16 0 1 55,153 "16";
17 0 1 41,194 "17";
18 2 0 133,178 "18";
19 0 0 98,147 "19";
20 0 1 50,127 "20";
21 1 0 45,136 "21";
22 0 0 133,159 "22";
23 0 1 112,163 "23";
24 0 1 60,135 "24";
25 2 1 8,28 "25";
26 2 1 5,142 "26";
27 0 1 50,94 "27";
28 2 1 96,106 "28";
29 2 0 101,193 "29";
30 2 0 86,96 "30";
31 0 1 89,153 "31";
32 0 0 50,139 "32";
33 2 1 13,149 "33";
34 1 1 13,42 "34";
35 0 1 18,31 "35";
36 2 1 103,131 "36";
37 1 1 24,36 "37";
38 1 0 9,162 "38";
39 1 1 59,123 "39";
40 0 0 11,115 "40";
41 0 0 104,160 "41";
42 1 0 88,176 "42";
43 1 0 47,183 "43";
44 0 1 51,175 "44";
45 1 0 50,109 "45";
46 2 1 41,165 "46";
47 2 1 51,69 "47";
48 1 1 125,184 "48";
49 1 0 22,192 "49";
50 0 1 79,83 "50";
51 0 0 158,164 "51";
52 0 0 74,188 "52";
53 0 1 111,117 "53";
54 1 0 94,145 "54";
55 0 1 2,50 "55";
56 2 0 0,160 "56";
57 2 1 166,173 "57";
58 1 1 33,68 "58";
59 0 1 86,106 "59";
60 0 0 64,74 "60";
61 1 0 104,111 "61";
62 1 0 113,137 "62";
63 0 1 45,113 "63";
64 2 0 137,178 "64";
65 1 1 35,147 "65";
66 0 1 15,48 "66";
67 0 0 75,153 "67";
68 1 0 53,92 "68";
69 2 0 118,131 "69";
70 2 1 14,21 "70";
71 1 0 182,184 "71";
72 0 0 69,120 "72";
73 0 0 35,95 "73";
74 1 1 2,72 "74";
75 2 1 77,114 "75";
76 2 1 26,50 "76";
77 0 1 9,87 "77";
78 0 1 71,145 "78";
79 0 1 85,127 "79";
80 1 0 86,121 "80";
81 1 0 96,98 "81";
82 0 1 14,177 "82";
83 0 0 148,178 "83";
84 0 1 109,166 "84";
85 0 1 45,130 "85";
86 1 1 12,172 "86";
87 0 1 85,119 "87";
88 2 0 28,186 "88";
89 0 1 70,113 "89";
90 2 0 13,80 "90";
91 1 0 102,139 "91";
92 2 0 81,175 "92";
93 2 1 100,186 "93";
94 0 1 16,179 "94";
95 0 1 55,122 "95";
96 2 0 14,115 "96";
97 0 1 78,172 "97";
98 2 1 19,99 "98";
99 2 0 70,177 "99";
100 0 1 47,60 "100";
101 1 1 107,188 "101";
102 0 0 52,58 "102";
103 2 0 31,98 "103";
104 0 1 54,92 "104";
105 0 1 54,161 "105";
106 1 0 10,103 "106";
107 2 0 7,176 "107";
108 2 1 14,132 "108";
109 1 1 21,169 "109";
110 1 1 36,154 "110";
111 1 1 25,100 "111";
112 2 0 89,120 "112";
113 0 0 11,106 "113";
114 0 0 45,120 "114";
115 1 0 112,170 "115";
116 2 0 147,181 "116";
117 1 1 8,132 "117";
118 2 1 21,99 "118";
119 1 0 11,16 "119";
120 1 0 92,175 "120";
121 0 1 9,179 "121";
122 0 0 98,173 "122";
123 0 1 26,185 "123";
124 0 1 32,82 "124";
125 1 0 56,135 "125";
126 2 0 23,66 "126";
127 1 0 48,190 "127";
128 0 1 91,107 "128";
129 2 0 88,146 "129";
130 0 0 22,70 "130";
131 1 1 5,27 "131";
132 1 1 16,175 "132";
133 1 0 32,194 "133";
134 2 0 117,167 "134";
135 0 0 30,151 "135";
136 2 1 51,119 "136";
137 1 0 31,65 "137";
138 0 1 1,179 "138";
139 2 0 138,157 "139";
140 1 0 33,100 "140";
141 0 1 87,100 "141";
142 1 0 96,132 "142";
143 0 1 11,181 "143";
144 0 0 43,168 "144";
145 1 1 52,193 "145";
146 0 0 55,68 "146";
147 1 1 112,139 "147";
148 1 1 169,192 "148";
149 1 0 92,165 "149";
150 0 1 174,183 "150";
151 2 0 1,32 "151";
152 2 0 21,140 "152";
153 0 0 15,127 "153";
154 1 1 13,176 "154";
155 1 1 65,150 "155";
156 1 0 32,143 "156";
157 0 0 29,126 "157";
158 0 1 95,133 "158";
159 1 1 9,75 "159";
160 1 1 32,178 "160";
161 0 0 74,111 "161";
162 0 0 87,147 "162";
163 2 0 9,72 "163";
164 0 1 83,147 "164";
165 1 1 58,185 "165";
166 0 0 54,98 "166";
167 2 0 80,107 "167";
168 2 1 36,117 "168";
169 0 0 24,115 "169";
170 2 1 27,42 "170";
171 2 1 14,86 "171";
172 0 1 91,165 "172";
173 1 1 6,72 "173";
174 0 1 107,181 "174";
175 2 0 107,122 "175";
176 0 0 4,60 "176";
177 0 0 155,182 "177";
178 2 0 109,171 "178";
179 2 1 160,194 "179";
180 1 1 73,84 "180";
181 1 0 121,186 "181";
182 2 0 46,159 "182";
183 1 0 151,177 "183";
184 0 1 46,89 "184";
185 0 1 36,80 "185";
186 0 0 91,164 "186";
187 1 0 46,190 "187";
188 2 0 28,121 "188";
189 0 0 30,127 "189";
190 0 0 13,123 "190";
191 0 0 109,172 "191";
192 0 1 19,138 "192";
193 0 1 81,93 "193";
194 1 1 148,180 "194";
