parity 99;
0 2 1 61,96 "0";
1 0 1 22,83 "1";
2 0 1 21,48 "2";
3 2 1 51,68 "3";
4 1 1 94,99 "4";
5 0 1 33,53 "5";
6 0 1 2,95 "6";
7 2 1 60,83 "7";
8 0 0 5,53 "8";
9 0 0 48,79 "9";
10 1 0 53,80 "10";
11 1 0 6,95 "11";
12 0 1 30,94 "12";
13 2 0 80,81 "13";
14 0 0 20,73 "14";
15 0 0 2,22 "15";
16 2 1 5,13 "16";
17 1 1 29,75 "17";
18 1 1 67,79 "18";
19 1 1 10,27 "19";
20 0 1 73,76 "20";
21 0 0 1,60 "21";
22 0 1 10,96 "22";
23 1 0 22,63 "23";
24 0 0 5,38 "24";
25 1 0 58,98 "25";
26 2 0 24,94 "26";
27 1 1 6,11 "27";
28 1 1 80,85 "28";
29 1 1 14,31 "29";
30 0 1 15,63 "30";
31 0 1 34,80 "31";
32 2 0 57,84 "32";
33 0 1 6,12 "33";
34 2 1 3,24 "34";
35 0 1 23,52 "35";
36 0 1 38,49 "36";
37 2 1 49,52 "37";
38 2 1 29,64 "38";
39 1 1 17,74 "39";
40 1 0 30,60 "40";
41 1 1 38,86 "41";
42 1 0 81,99 "42";
43 0 0 10,67 "43";
44 0 1 0,14 "44";
45 1 1 76,98 "45";
46 0 1 20,88 "46";
47 0 1 23,66 "47";
48 1 1 25,51 "48";
49 0 1 7,56 "49";
50 0 0 70,74 "50";
51 0 0 7,87 "51";
52 0 1 59,73 "52";
53 1 1 24,94 "53";
54 2 1 35,59 "54";
55 1 0 45,84 "55";
56 2 1 18,69 "56";
57 2 0 74,97 "57";
58 0 1 25,74 "58";
59 2 1 21,40 "59";
60 1 0 42,78 "60";
61 0 1 34,65 "61";
62 1 1 3,89 "62";
63 1 0 33,62 "63";
64 2 1 49,55 "64";
65 1 0 52,60 "65";
66 2 0 23,86 "66";
67 0 1 10,38 "67";
68 0 1 31,63 "68";
69 1 0 35,47 "69";
70 2 0 20,77 "70";
71 1 0 3,98 "71";
72 0 0 2,21 "72";
73 2 1 17,41 "73";
74 1 0 56,65 "74";
75 0 0 24,74 "75";
76 2 1 39,73 "76";
77 0 1 21,99 "77";
78 0 1 12,16 "78";
79 0 1 57,71 "79";
80 1 0 26,70 "80";
81 0 1 1,20 "81";
82 0 0 20,47 "82";
83 0 1 19,28 "83";
84 0 1 55,68 "84";
85 0 1 2,37 "85";
86 2 1 1,2 "86";
87 0 0 66,93 "87";
88 0 1 45,84 "88";
89 0 0 17,59 "89";
90 1 0 26,39 "90";
91 0 0 61,72 "91";
92 0 0 75,79 "92";
93 2 1 18,65 "93";
94 0 0 4,31 "94";
95 1 0 14,92 "95";
96 1 1 44,53 "96";
97 2 0 40,59 "97";
98 2 0 46,54 "98";
99 2 1 63,89 "99";
