parity 169;
0 2 0 4,14 "0";
1 2 0 47,114 "1";
2 1 1 27,73 "2";
3 0 0 107,139 "3";
4 2 0 119,142 "4";
5 0 1 13,67 "5";
6 1 1 143,156 "6";
7 1 0 38,155 "7";
8 1 0 7,117 "8";
9 2 0 109,133 "9";
10 0 1 47,110 "10";
11 1 1 64,130 "11";
12 2 0 33,73 "12";
13 0 0 11,122 "13";
14 2 1 32,55 "14";
15 1 1 17,21 "15";
16 1 1 5,69 "16";
17 1 1 64,143 "17";
18 1 0 3,110 "18";
19 0 1 64,84 "19";
20 1 1 99,103 "20";
21 1 1 1,136 "21";
22 1 0 28,123 "22";
23 0 1 32,166 "23";
24 0 0 112,120 "24";
25 2 0 62,137 "25";
26 2 1 54,151 "26";
27 0 0 76,129 "27";
28 0 0 31,49 "28";
29 1 1 41,54 "29";
30 2 1 6,18 "30";
31 0 0 114,161 "31";
32 0 0 52,152 "32";
33 1 1 75,92 "33";
34 1 1 14,80 "34";
35 0 0 25,108 "35";
36 2 0 113,154 "36";
37 2 0 67,168 "37";
38 1 0 63,163 "38";
39 2 0 105,125 "39";
40 1 1 42,56 "40";
41 2 1 18,32 "41";
42 2 0 15,40 "42";
43 2 0 15,50 "43";
44 1 1 19,52 "44";
45 2 1 14,139 "45";
46 0 0 84,158 "46";
47 2 1 107,138 "47";
48 2 1 13,113 "48";
49 0 0 24,79 "49";
50 0 1 84,92 "50";
51 2 0 4,37 "51";
52 1 0 19,27 "52";
53 1 0 7,150 "53";
54 0 1 95,97 "54";
55 0 0 43,81 "55";
56 0 1 52,86 "56";
57 2 0 109,121 "57";
58 1 0 133,137 "58";
59 1 0 55,99 "59";
60 2 1 108,143 "60";
61 2 0 1,65 "61";
62 0 0 89,127 "62";
63 0 1 4,65 "63";
64 1 0 118,144 "64";
65 1 0 139,152 "65";
66 2 1 16,136 "66";
67 0 0 15,52 "67";
68 1 0 12,143 "68";
69 1 1 2,138 "69";
70 1 0 46,160 "70";
71 1 1 52,79 "71";
72 2 0 49,137 "72";
73 1 1 25,40 "73";
74 0 1 137,142 "74";
75 0 0 17,146 "75";
76 0 0 77,147 "76";
77 2 0 4,129 "77";
78 2 1 101,111 "78";
79 2 1 37,43 "79";
80 0 1 9,41 "80";
81 1 0 149,169 "81";
82 1 1 129,160 "82";
83 1 0 15,31 "83";
84 1 1 38,150 "84";
85 0 0 14,42 "85";
86 2 0 24,91 "86";
87 2 1 56,163 "87";
88 2 0 9,69 "88";
89 2 1 51,75 "89";
90 0 1 11,45 "90";
91 0 1 81,110 "91";
92 1 1 52,129 "92";
93 0 1 145,153 "93";
94 1 0 39,113 "94";
95 1 0 24,160 "95";
96 2 1 152,164 "96";
97 2 1 29,139 "97";
98 2 0 39,45 "98";
99 1 1 39,45 "99";
100 2 0 34,164 "100";
101 2 1 35,97 "101";
102 1 1 64,129 "102";
103 2 0 61,97 "103";
104 2 1 121,128 "104";
105 2 0 14,64 "105";
106 0 0 34,130 "106";
107 0 0 24,27 "107";
108 2 1 25,93 "108";
109 0 0 28,106 "109";
110 2 1 100,156 "110";
111 2 0 34,163 "111";
112 2 1 69,141 "112";
113 1 1 24,91 "113";
114 2 0 57,82 "114";
115 1 0 152,156 "115";
116 0 0 104,144 "116";
117 1 1 98,120 "117";
118 2 1 105,167 "118";
119 1 1 14,134 "119";
120 0 1 15,124 "120";
121 0 1 13,84 "121";
122 0 0 136,150 "122";
123 1 1 118,125 "123";
124 2 0 1,131 "124";
125 2 0 92,127 "125";
126 2 0 1,137 "126";
127 2 1 115,118 "127";
128 0 0 22,79 "128";
129 0 0 21,116 "129";
130 2 0 52,120 "130";
131 1 0 46,137 "131";
132 2 0 13,156 "132";
133 2 1 18,144 "133";
134 0 1 19,82 "134";
135 1 1 4,87 "135";
136 1 1 9,52 "136";
137 0 0 15,73 "137";
138 1 1 66,86 "138";
139 2 0 53,158 "139";
140 0 1 70,98 "140";
141 1 0 59,76 "141";
142 1 1 77,98 "142";
143 0 0 44,106 "143";
144 2 1 4,40 "144";
145 0 1 54,135 "145";
146 2 1 15,160 "146";
147 1 0 20,67 "147";
148 2 1 85,155 "148";
149 2 0 46,141 "149";
150 0 1 96,100 "150";
151 2 1 51,125 "151";
152 0 1 49,57 "152";
153 2 1 48,100 "153";
154 0 1 7,91 "154";
155 0 1 11,74 "155";
156 0 1 1,82 "156";
157 1 1 66,133 "157";
158 1 1 76,96 "158";
159 1 0 133,153 "159";
160 1 0 30,158 "160";
161 1 0 1,138 "161";
162 0 0 141,154 "162";
163 0 1 68,118 "163";
164 0 1 75,131 "164";
165 0 0 10,18 "165";
166 2 0 41,76 "166";
167 2 0 15,139 "167";
168 1 0 51,117 "168";
169 1 0 31,81 "169";
