parity 149;
0 1 1 13,97 "0";
1 0 1 69,123 "1";
2 0 1 64,136 "2";
3 1 0 46,98 "3";
4 1 0 85,97 "4";
5 2 1 79,128 "5";
6 0 0 30,67 "6";
7 2 1 39,59 "7";
8 0 0 14,82 "8";
9 0 0 2,129 "9";
10 0 0 90,113 "10";
11 1 1 70,75 "11";
12 2 0 29,40 "12";
13 0 0 85,126 "13";
14 0 1 26,79 "14";
15 1 0 52,65 "15";
16 2 0 20,43 "16";
17 1 1 30,100 "17";
18 0 1 86,144 "18";
19 1 0 98,144 "19";
20 2 1 47,129 "20";
21 2 1 115,139 "21";
22 2 0 81,116 "22";
23 0 0 9,20 "23";
24 2 1 71,112 "24";
25 1 0 59,73 "25";
26 1 1 62,137 "26";
27 0 0 109,128 "27";
28 2 1 21,132 "28";
29 0 0 47,62 "29";
30 0 0 11,93 "30";
31 0 0 38,125 "31";
32 0 0 102,146 "32";
33 1 0 45,110 "33";
34 0 0 41,63 "34";
35 2 1 15,84 "35";
36 0 1 14,25 "36";
37 0 0 16,38 "37";
38 1 1 57,105 "38";
39 1 1 8,92 "39";
40 1 0 92,109 "40";
41 0 0 88,128 "41";
42 1 0 62,88 "42";
43 0 0 1,119 "43";
44 2 0 70,101 "44";
45 2 0 0,63 "45";
46 0 0 25,36 "46";
47 1 1 54,120 "47";
48 2 1 26,76 "48";
49 1 0 58,110 "49";
50 0 0 32,113 "50";
51 0 0 3,21 "51";
52 1 1 6,115 "52";
53 1 1 132,143 "53";
54 2 0 37,97 "54";
55 2 1 11,140 "55";
56 0 1 23,33 "56";
57 1 0 112,130 "57";
58 0 0 11,36 "58";
59 1 0 45,69 "59";
60 0 1 15,47 "60";
61 2 1 49,54 "61";
62 1 0 48,145 "62";
63 2 1 77,126 "63";
64 1 0 18,90 "64";
65 2 1 4,142 "65";
66 1 1 26,122 "66";
67 0 0 26,34 "67";
68 2 1 28,107 "68";
69 2 0 13,137 "69";
70 2 0 1,8 "70";
71 2 1 50,68 "71";
72 2 1 25,122 "72";
73 2 1 56,123 "73";
74 2 1 83,135 "74";
75 0 1 91,133 "75";
76 2 0 115,143 "76";
77 0 1 94,135 "77";
78 0 1 5,33 "78";
79 0 0 26,37 "79";
80 2 1 9,70 "80";
81 0 1 49,104 "81";
82 0 0 96,118 "82";
83 2 0 21,112 "83";
84 1 0 5,73 "84";
85 0 1 11,64 "85";
86 0 0 15,142 "86";
87 1 1 47,83 "87";
88 0 1 124,142 "88";
89 1 1 122,128 "89";
90 2 1 19,110 "90";
91 0 0 84,104 "91";
92 0 1 49,65 "92";
93 1 1 50,108 "93";
94 0 0 7,38 "94";
95 2 0 4,79 "95";
96 0 1 4,132 "96";
97 0 0 4,47 "97";
98 0 1 40,97 "98";
99 0 1 25,51 "99";
100 2 0 85,110 "100";
101 2 1 64,79 "101";
102 1 0 40,73 "102";
103 0 1 20,89 "103";
104 2 1 90,145 "104";
105 1 0 14,112 "105";
106 1 1 38,54 "106";
107 1 1 12,59 "107";
108 2 0 70,114 "108";
109 1 1 29,138 "109";
110 1 1 45,82 "110";
111 2 0 47,53 "111";
112 1 1 0,119 "112";
113 2 0 87,99 "113";
114 0 1 51,85 "114";
115 1 1 61,72 "115";
116 0 1 95,148 "116";
117 1 0 44,91 "117";
118 2 0 12,81 "118";
119 0 0 9,137 "119";
120 0 1 68,141 "120";
121 1 0 58,68 "121";
122 0 1 6,147 "122";
123 1 1 18,114 "123";
124 2 0 17,31 "124";
125 1 0 23,56 "125";
126 0 0 27,141 "126";
127 0 1 14,124 "127";
128 0 1 96,119 "128";
129 1 1 19,31 "129";
130 1 0 31,127 "130";
131 2 0 18,47 "131";
132 1 1 37,124 "132";
133 0 1 45,121 "133";
134 2 1 35,114 "134";
135 2 0 1,78 "135";
136 0 0 54,113 "136";
137 0 0 9,130 "137";
138 1 0 89,96 "138";
139 0 1 93,105 "139";
140 1 0 43,96 "140";
141 1 1 49,56 "141";
142 0 0 78,111 "142";
143 2 0 18,54 "143";
144 1 0 19,58 "144";
145 2 0 57,140 "145";
146 2 1 44,145 "146";
147 1 1 55,140 "147";
148 2 0 24,88 "148";
149 2 0 94,103 "149";
