parity 154;
0 0 0 72,124 "0";
1 1 1 116,136 "1";
2 1 0 44,83 "2";
3 1 1 15,75 "3";
4 2 0 21,126 "4";
5 1 1 80,111 "5";
6 1 1 16,83 "6";
7 0 1 37,97 "7";
8 1 1 127,141 "8";
9 0 0 33,67 "9";
10 0 0 23,110 "10";
11 0 0 115,152 "11";
12 0 1 63,113 "12";
13 1 1 52,114 "13";
14 0 1 59,61 "14";
15 1 1 53,98 "15";
16 2 1 39,66 "16";
17 1 0 2,131 "17";
18 0 0 15,85 "18";
19 1 1 25,58 "19";
20 0 1 66,125 "20";
21 0 1 55,113 "21";
22 1 1 65,126 "22";
23 1 1 0,29 "23";
24 2 1 33,65 "24";
25 0 1 0,53 "25";
26 1 0 30,119 "26";
27 1 0 26,113 "27";
28 1 1 89,131 "28";
29 2 0 91,112 "29";
30 0 1 19,147 "30";
31 2 0 14,125 "31";
32 0 0 19,77 "32";
33 0 1 80,152 "33";
34 2 1 24,105 "34";
35 2 1 90,126 "35";
36 1 0 71,112 "36";
37 1 0 40,69 "37";
38 0 1 17,124 "38";
39 1 0 89,146 "39";
40 0 0 47,151 "40";
41 2 1 113,118 "41";
42 2 1 16,49 "42";
43 2 1 29,60 "43";
44 1 0 104,139 "44";
45 0 1 77,114 "45";
46 2 0 72,151 "46";
47 2 1 17,120 "47";
48 1 1 115,116 "48";
49 2 0 99,153 "49";
50 2 1 129,135 "50";
51 0 0 8,123 "51";
52 0 0 7,49 "52";
53 0 1 33,42 "53";
54 1 1 19,49 "54";
55 0 1 48,121 "55";
56 1 0 23,94 "56";
57 0 1 129,142 "57";
58 1 1 23,63 "58";
59 2 1 92,115 "59";
60 1 0 25,137 "60";
61 1 1 30,95 "61";
62 2 1 8,32 "62";
63 1 0 21,36 "63";
64 1 1 56,69 "64";
65 0 1 69,141 "65";
66 1 1 9,138 "66";
67 1 0 122,128 "67";
68 1 1 86,138 "68";
69 0 0 35,84 "69";
70 1 0 5,98 "70";
71 1 1 57,111 "71";
72 2 1 96,104 "72";
73 0 0 37,95 "73";
74 1 1 56,101 "74";
75 0 0 27,58 "75";
76 0 1 11,102 "76";
77 1 1 106,120 "77";
78 2 1 52,64 "78";
79 0 0 20,146 "79";
80 2 1 72,119 "80";
81 0 1 62,153 "81";
82 0 0 4,25 "82";
83 2 0 35,55 "83";
84 1 1 107,147 "84";
85 1 0 47,131 "85";
86 1 0 100,114 "86";
87 0 0 34,107 "87";
88 1 1 132,144 "88";
89 0 0 8,35 "89";
90 1 0 62,152 "90";
91 2 0 94,100 "91";
92 1 1 21,29 "92";
93 0 0 39,46 "93";
94 1 1 95,123 "94";
95 1 0 0,55 "95";
96 2 0 6,135 "96";
97 1 1 15,135 "97";
98 2 0 37,63 "98";
99 0 1 5,119 "99";
100 1 1 75,130 "100";
101 2 1 61,118 "101";
102 1 1 99,108 "102";
103 2 0 88,127 "103";
104 2 0 73,83 "104";
105 2 0 22,63 "105";
106 1 1 11,89 "106";
107 2 1 49,132 "107";
108 1 0 86,88 "108";
109 2 1 91,152 "109";
110 2 1 37,115 "110";
111 2 0 86,89 "111";
112 0 0 111,142 "112";
113 2 0 39,85 "113";
114 2 1 25,60 "114";
115 0 0 20,83 "115";
116 1 0 111,148 "116";
117 2 0 66,100 "117";
118 2 0 35,89 "118";
119 2 0 30,127 "119";
120 0 1 111,118 "120";
121 1 1 55,57 "121";
122 0 1 15,119 "122";
123 2 0 23,54 "123";
124 1 1 85,120 "124";
125 1 1 25,82 "125";
126 2 1 73,125 "126";
127 1 1 14,129 "127";
128 0 0 35,65 "128";
129 0 1 47,80 "129";
130 1 1 67,148 "130";
131 0 1 128,130 "131";
132 2 0 26,89 "132";
133 2 1 130,144 "133";
134 2 0 24,52 "134";
135 2 0 124,136 "135";
136 2 1 28,37 "136";
137 1 0 49,106 "137";
138 1 1 16,39 "138";
139 2 1 62,131 "139";
140 2 0 98,125 "140";
141 1 1 48,54 "141";
142 1 1 11,88 "142";
143 2 0 28,68 "143";
144 0 0 5,152 "144";
145 1 0 86,116 "145";
146 0 1 66,106 "146";
147 2 0 76,120 "147";
148 1 0 123,137 "148";
149 0 0 2,73 "149";
150 0 0 63,87 "150";
151 2 0 58,150 "151";
152 0 1 40,120 "152";
153 0 1 104,131 "153";
154 1 0 73,127 "154";
