parity 129;
0 0 1 17,93 "0";
1 1 0 9,106 "1";
2 0 1 27,55 "2";
3 1 1 51,128 "3";
4 2 1 54,56 "4";
5 1 1 27,120 "5";
6 0 0 31,52 "6";
7 2 1 17,119 "7";
8 2 1 42,104 "8";
9 0 0 73,121 "9";
10 2 0 23,125 "10";
11 2 1 118,120 "11";
12 1 0 27,100 "12";
13 1 1 43,106 "13";
14 2 0 25,36 "14";
15 2 0 2,127 "15";
16 1 0 12,80 "16";
17 2 1 21,62 "17";
18 1 1 93,116 "18";
19 0 1 17,105 "19";
20 1 0 26,123 "20";
21 2 1 43,127 "21";
22 0 1 68,80 "22";
23 2 0 31,88 "23";
24 0 1 6,33 "24";
25 2 1 22,129 "25";
26 0 1 47,120 "26";
27 2 1 55,113 "27";
28 0 0 55,100 "28";
29 2 1 16,45 "29";
30 0 1 29,50 "30";
31 0 1 48,106 "31";
32 1 1 44,111 "32";
33 2 1 51,86 "33";
34 1 0 12,80 "34";
35 1 1 50,79 "35";
36 0 1 28,83 "36";
37 1 0 29,96 "37";
38 2 0 35,126 "38";
39 0 0 55,108 "39";
40 2 1 11,96 "40";
41 0 0 116,127 "41";
42 0 1 0,32 "42";
43 0 1 67,74 "43";
44 2 0 47,87 "44";
45 1 0 29,120 "45";
46 2 1 61,127 "46";
47 0 0 13,16 "47";
48 1 0 8,127 "48";
49 1 0 102,124 "49";
50 2 0 11,34 "50";
51 0 1 27,125 "51";
52 1 0 10,124 "52";
53 1 0 10,14 "53";
54 0 0 28,82 "54";
55 1 1 40,80 "55";
56 0 1 23,103 "56";
57 0 0 88,103 "57";
58 1 0 25,55 "58";
59 1 1 7,53 "59";
60 1 0 1,32 "60";
61 1 0 65,91 "61";
62 0 0 89,98 "62";
63 0 1 38,97 "63";
64 2 1 68,77 "64";
65 0 1 4,78 "65";
66 2 0 57,73 "66";
67 2 0 0,89 "67";
68 1 0 3,48 "68";
69 2 1 63,104 "69";
70 1 0 83,94 "70";
71 2 0 78,95 "71";
72 1 1 18,60 "72";
73 0 1 60,98 "73";
74 0 0 99,114 "74";
75 1 0 15,42 "75";
76 2 1 30,98 "76";
77 1 1 10,37 "77";
78 1 0 18,87 "78";
79 0 0 37,109 "79";
80 0 1 47,97 "80";
81 2 1 83,99 "81";
82 2 0 108,127 "82";
83 1 1 28,32 "83";
84 1 1 53,73 "84";
85 1 1 7,19 "85";
86 2 1 8,94 "86";
87 0 0 50,63 "87";
88 1 0 20,34 "88";
89 2 0 14,50 "89";
90 2 1 29,52 "90";
91 0 0 42,66 "91";
92 1 1 61,64 "92";
93 2 0 41,121 "93";
94 1 0 48,57 "94";
95 2 0 67,80 "95";
96 2 0 3,37 "96";
97 2 0 50,75 "97";
98 1 1 56,115 "98";
99 2 1 12,25 "99";
100 0 0 106,128 "100";
101 1 0 2,30 "101";
102 0 0 68,118 "102";
103 0 1 7,95 "103";
104 2 1 46,98 "104";
105 0 0 1,61 "105";
106 2 1 5,66 "106";
107 2 0 37,66 "107";
108 1 0 13,39 "108";
109 1 0 77,80 "109";
110 1 0 46,71 "110";
111 1 0 0,107 "111";
112 1 1 7,10 "112";
113 1 1 11,106 "113";
114 0 1 20,28 "114";
115 2 0 46,57 "115";
116 2 0 54,107 "116";
117 1 1 65,92 "117";
118 0 1 3,75 "118";
119 1 1 9,50 "119";
120 1 0 1,107 "120";
121 2 0 90,128 "121";
122 0 0 32,34 "122";
123 2 0 54,99 "123";
124 1 1 85,109 "124";
125 0 0 29,76 "125";
126 1 0 45,48 "126";
127 0 0 68,88 "127";
128 0 1 73,99 "128";
129 1 1 0,10 "129";
