parity 154;
0 0 1 47,81 "0";
1 2 1 52,146 "1";
2 2 1 14,81 "2";
3 0 1 39,64 "3";
4 1 0 83,99 "4";
5 0 1 74,119 "5";
6 2 1 17,54 "6";
7 1 0 12,68 "7";
8 2 1 11,154 "8";
9 2 1 63,116 "9";
10 2 1 81,154 "10";
11 0 1 89,112 "11";
12 1 0 7,144 "12";
13 1 0 27,101 "13";
14 2 1 26,128 "14";
15 2 1 81,124 "15";
16 1 0 53,152 "16";
17 2 1 99,123 "17";
18 0 0 36,57 "18";
19 0 1 46,59 "19";
20 0 0 4,77 "20";
21 0 1 52,140 "21";
22 2 1 61,87 "22";
23 0 1 65,119 "23";
24 1 1 62,130 "24";
25 2 1 31,107 "25";
26 1 1 20,83 "26";
27 0 0 24,105 "27";
28 2 0 5,42 "28";
29 0 0 70,110 "29";
30 1 0 20,152 "30";
31 1 0 117,139 "31";
32 1 0 67,108 "32";
33 1 0 92,111 "33";
34 0 0 45,106 "34";
35 1 0 67,132 "35";
36 2 1 41,118 "36";
37 1 0 4,88 "37";
38 1 0 89,147 "38";
39 2 0 32,34 "39";
40 2 0 53,90 "40";
41 1 1 22,78 "41";
42 0 0 3,77 "42";
43 0 1 66,90 "43";
44 2 0 99,135 "44";
45 0 0 92,139 "45";
46 0 1 107,120 "46";
47 0 0 88,130 "47";
48 0 0 80,123 "48";
49 2 0 31,148 "49";
50 0 1 34,132 "50";
51 2 1 26,98 "51";
52 2 1 42,66 "52";
53 0 1 75,92 "53";
54 2 1 1,58 "54";
55 1 1 61,102 "55";
56 1 0 59,109 "56";
57 0 1 62,114 "57";
58 2 0 17,141 "58";
59 1 1 0,33 "59";
60 0 1 3,85 "60";
61 0 1 15,38 "61";
62 0 1 20,37 "62";
63 2 1 70,114 "63";
64 0 0 12,28 "64";
65 0 1 24,102 "65";
66 1 1 3,105 "66";
67 0 0 58,106 "67";
68 1 0 33,62 "68";
69 0 0 87,110 "69";
70 1 1 109,118 "70";
71 1 1 30,96 "71";
72 2 1 91,131 "72";
73 2 1 3,61 "73";
74 1 1 68,111 "74";
75 1 0 46,57 "75";
76 1 0 1,134 "76";
77 0 1 17,135 "77";
78 2 1 84,150 "78";
79 0 1 126,141 "79";
80 1 0 91,122 "80";
81 2 1 95,100 "81";
82 0 0 31,47 "82";
83 0 0 82,111 "83";
84 0 0 0,145 "84";
85 2 1 8,97 "85";
86 2 1 23,64 "86";
87 0 1 9,26 "87";
88 2 0 116,153 "88";
89 1 1 105,144 "89";
90 2 1 98,127 "90";
91 1 0 34,139 "91";
92 2 0 10,99 "92";
93 0 1 68,147 "93";
94 2 0 33,81 "94";
95 2 1 133,148 "95";
96 1 0 39,132 "96";
97 2 1 7,141 "97";
98 2 1 94,110 "98";
99 0 1 30,106 "99";
100 2 1 11,74 "100";
101 0 0 54,61 "101";
102 2 1 62,101 "102";
103 0 0 83,115 "103";
104 2 1 86,126 "104";
105 1 1 31,132 "105";
106 2 1 46,80 "106";
107 0 0 5,36 "107";
108 2 1 5,113 "108";
109 0 0 6,69 "109";
110 1 0 1,66 "110";
111 2 1 5,141 "111";
112 1 0 34,101 "112";
113 2 1 66,106 "113";
114 1 0 63,132 "114";
115 2 1 22,29 "115";
116 1 0 51,97 "116";
117 0 0 14,85 "117";
118 0 1 69,141 "118";
119 2 1 49,72 "119";
120 0 0 67,138 "120";
121 0 1 109,113 "121";
122 2 0 37,38 "122";
123 1 1 50,109 "123";
124 0 0 91,109 "124";
125 2 0 26,78 "125";
126 2 1 83,101 "126";
127 2 1 109,143 "127";
128 1 0 57,103 "128";
129 2 0 113,144 "129";
130 2 1 115,145 "130";
131 2 0 84,146 "131";
132 2 0 1,133 "132";
133 0 1 0,83 "133";
134 1 1 94,154 "134";
135 2 1 80,110 "135";
136 1 0 16,53 "136";
137 1 1 31,117 "137";
138 0 1 78,97 "138";
139 0 0 57,137 "139";
140 1 1 111,145 "140";
141 1 1 67,72 "141";
142 2 1 43,122 "142";
143 1 1 9,95 "143";
144 2 0 25,101 "144";
145 2 0 24,72 "145";
146 0 1 13,128 "146";
147 2 0 19,140 "147";
148 0 1 133,154 "148";
149 1 1 23,88 "149";
150 0 1 43,94 "150";
151 2 1 14,116 "151";
152 1 0 20,57 "152";
153 0 0 77,119 "153";
154 0 1 10,81 "154";
