parity 194;
0 1 0 45,83 "0";
1 2 0 0,53 "1";
2 1 1 53,188 "2";
3 2 0 77,149 "3";
4 1 0 10,84 "4";
5 1 1 16,163 "5";
6 1 1 163,168 "6";
7 1 1 152,181 "7";
8 0 0 90,161 "8";
9 1 0 18,105 "9";
10 2 0 106,175 "10";
11 2 1 13,181 "11";
12 2 1 87,141 "12";
13 0 1 145,146 "13";
14 1 1 0,44 "14";
15 2 1 40,74 "15";
16 2 0 112,122 "16";
17 1 0 42,123 "17";
18 0 1 46,133 "18";
19 1 0 41,66 "19";
20 1 1 77,105 "20";
21 0 1 148,187 "21";
22 2 0 97,171 "22";
23 0 1 42,155 "23";
24 1 1 83,85 "24";
25 0 0 107,110 "25";
26 1 0 78,150 "26";
27 2 0 48,170 "27";
28 1 1 71,187 "28";
29 1 1 31,61 "29";
30 1 1 96,125 "30";
31 2 0 69,159 "31";
32 2 1 70,100 "32";
33 1 1 45,183 "33";
34 1 1 18,147 "34";
35 1 0 86,160 "35";
36 1 1 161,176 "36";
37 1 1 23,69 "37";
38 1 1 146,166 "38";
39 2 1 59,67 "39";
40 1 0 78,110 "40";
41 0 0 51,90 "41";
42 0 0 77,99 "42";
43 1 0 110,132 "43";
44 0 0 15,86 "44";
45 2 0 2,18 "45";
46 2 0 153,168 "46";
47 1 0 4,194 "47";
48 2 0 100,135 "48";
49 1 0 83,100 "49";
50 2 0 116,167 "50";
51 0 1 53,57 "51";
52 0 1 20,162 "52";
53 1 1 97,143 "53";
54 0 0 34,50 "54";
55 0 0 87,146 "55";
56 1 1 82,157 "56";
57 2 0 1,3 "57";
58 1 1 33,166 "58";
59 0 0 20,106 "59";
60 2 0 82,91 "60";
61 2 0 12,68 "61";
62 1 1 134,138 "62";
63 2 0 56,190 "63";
64 0 1 61,104 "64";
65 1 0 37,128 "65";
66 0 1 55,169 "66";
67 2 0 136,142 "67";
68 0 1 111,169 "68";
69 0 1 0,112 "69";
70 1 0 19,83 "70";
71 2 0 127,172 "71";
72 2 1 48,123 "72";
73 1 1 76,138 "73";
74 0 1 163,171 "74";
75 2 0 19,24 "75";
76 0 0 59,147 "76";
77 1 0 84,146 "77";
78 1 0 87,190 "78";
79 2 0 53,192 "79";
80 2 0 134,144 "80";
81 0 1 45,106 "81";
82 0 0 10,160 "82";
83 2 0 178,190 "83";
84 0 1 162,194 "84";
85 0 0 54,134 "85";
86 1 0 60,154 "86";
87 2 0 127,165 "87";
88 0 1 104,156 "88";
89 0 0 125,185 "89";
90 0 0 52,101 "90";
91 2 1 3,65 "91";
92 0 0 76,166 "92";
93 2 0 64,75 "93";
94 1 1 60,74 "94";
95 0 1 92,192 "95";
96 0 1 38,193 "96";
97 2 0 107,191 "97";
98 2 0 46,148 "98";
99 1 0 8,127 "99";
100 1 0 36,128 "100";
101 1 0 22,41 "101";
102 2 0 36,169 "102";
103 0 1 28,51 "103";
104 1 1 4,18 "104";
105 2 0 38,187 "105";
106 2 1 25,180 "106";
107 2 0 6,52 "107";
108 1 0 32,53 "108";
109 0 0 74,190 "109";
110 0 1 12,154 "110";
111 1 1 47,68 "111";
112 1 0 102,175 "112";
113 2 0 89,148 "113";
114 1 1 75,113 "114";
115 2 0 132,180 "115";
116 1 1 89,119 "116";
117 1 1 36,66 "117";
118 0 1 127,149 "118";
119 1 0 15,95 "119";
120 1 0 140,161 "120";
121 2 0 117,145 "121";
122 1 0 111,138 "122";
123 1 1 16,89 "123";
124 0 1 73,161 "124";
125 2 1 23,91 "125";
126 0 1 117,125 "126";
127 1 1 14,154 "127";
128 2 1 53,178 "128";
129 2 0 21,95 "129";
130 1 0 60,160 "130";
131 2 0 156,160 "131";
132 1 1 31,41 "132";
133 2 0 68,69 "133";
134 2 0 69,182 "134";
135 1 1 59,169 "135";
136 0 0 28,56 "136";
137 2 0 89,103 "137";
138 2 0 45,53 "138";
139 0 1 14,25 "139";
140 2 1 8,112 "140";
141 2 1 92,102 "141";
142 0 1 2,158 "142";
143 1 0 31,116 "143";
144 0 0 120,149 "144";
145 2 1 1,84 "145";
146 0 0 58,160 "146";
147 1 0 144,158 "147";
148 2 0 49,92 "148";
149 1 0 49,183 "149";
150 0 1 172,182 "150";
151 0 0 174,177 "151";
152 1 1 30,85 "152";
153 0 1 44,108 "153";
154 1 0 55,166 "154";
155 1 0 81,93 "155";
156 0 0 20,44 "156";
157 0 1 38,121 "157";
158 1 1 47,98 "158";
159 1 0 44,109 "159";
160 1 1 25,105 "160";
161 2 1 43,69 "161";
162 2 1 97,170 "162";
163 2 0 145,151 "163";
164 2 1 11,76 "164";
165 1 1 15,77 "165";
166 2 0 98,107 "166";
167 1 1 111,118 "167";
168 2 0 56,109 "168";
169 1 1 38,166 "169";
170 1 0 121,185 "170";
171 0 0 93,154 "171";
172 2 0 141,151 "172";
173 1 1 92,179 "173";
174 2 0 13,180 "174";
175 0 1 22,58 "175";
176 1 1 136,162 "176";
177 2 0 170,173 "177";
178 1 0 41,114 "178";
179 1 0 21,93 "179";
180 0 0 33,151 "180";
181 0 0 47,80 "181";
182 0 1 121,134 "182";
183 0 1 118,147 "183";
184 0 1 70,179 "184";
185 1 1 15,35 "185";
186 1 0 28,108 "186";
187 0 0 186,190 "187";
188 1 1 77,113 "188";
189 0 0 145,188 "189";
190 1 1 112,163 "190";
191 1 1 7,166 "191";
192 1 1 52,155 "192";
193 2 0 55,88 "193";
194 1 1 107,169 "194";
