parity 184;
0 1 1 44,161 "0";
1 1 0 92,142 "1";
2 1 1 69,80 "2";
3 0 0 30,121 "3";
4 1 0 91,115 "4";
5 2 0 117,164 "5";
6 1 0 15,171 "6";
7 0 1 164,172 "7";
8 0 0 51,54 "8";
9 1 1 13,89 "9";
10 2 0 50,108 "10";
11 2 0 18,115 "11";
12 1 1 78,156 "12";
13 2 0 49,151 "13";
14 2 0 148,171 "14";
15 0 1 18,132 "15";
16 2 1 45,145 "16";
17 1 0 128,150 "17";
18 0 0 129,143 "18";
19 1 1 18,145 "19";
20 2 1 39,171 "20";
21 2 0 66,117 "21";
22 1 0 40,147 "22";
23 2 0 105,180 "23";
24 2 1 38,57 "24";
25 0 1 22,131 "25";
26 2 0 66,90 "26";
27 1 0 110,160 "27";
28 2 1 90,131 "28";
29 2 1 15,54 "29";
30 1 0 46,119 "30";
31 0 0 60,62 "31";
32 2 1 83,102 "32";
33 0 1 77,91 "33";
34 2 1 110,114 "34";
35 0 1 20,171 "35";
36 0 0 31,55 "36";
37 1 1 2,4 "37";
38 2 1 26,142 "38";
39 2 0 56,59 "39";
40 1 0 3,10 "40";
41 0 1 68,139 "41";
42 2 0 92,164 "42";
43 0 0 85,93 "43";
44 0 1 33,160 "44";
45 0 1 131,169 "45";
46 2 1 179,183 "46";
47 2 0 44,184 "47";
48 1 1 74,167 "48";
49 2 1 140,181 "49";
50 0 1 61,96 "50";
51 0 1 77,135 "51";
52 0 1 14,138 "52";
53 0 1 14,118 "53";
54 2 0 115,159 "54";
55 0 1 51,135 "55";
56 1 1 107,117 "56";
57 2 0 72,144 "57";
58 0 0 67,137 "58";
59 2 1 99,132 "59";
60 2 1 8,112 "60";
61 2 1 44,91 "61";
62 0 0 92,129 "62";
63 2 1 88,158 "63";
64 2 0 107,144 "64";
65 2 1 125,168 "65";
66 0 0 56,60 "66";
67 1 0 75,155 "67";
68 0 0 41,154 "68";
69 1 0 39,78 "69";
70 0 0 45,85 "70";
71 0 0 23,115 "71";
72 0 1 87,164 "72";
73 1 1 98,121 "73";
74 2 0 4,56 "74";
75 0 0 98,109 "75";
76 0 1 26,92 "76";
77 1 0 83,106 "77";
78 0 1 43,162 "78";
79 0 1 74,162 "79";
80 2 0 105,158 "80";
81 1 0 7,105 "81";
82 0 0 140,167 "82";
83 2 1 68,85 "83";
84 2 1 19,79 "84";
85 2 1 43,79 "85";
86 2 1 18,77 "86";
87 1 1 10,102 "87";
88 1 0 2,65 "88";
89 0 1 45,156 "89";
90 0 0 118,119 "90";
91 0 1 78,117 "91";
92 1 1 83,175 "92";
93 0 0 90,120 "93";
94 2 1 148,155 "94";
95 1 0 156,175 "95";
96 0 0 74,169 "96";
97 0 0 73,135 "97";
98 1 1 50,63 "98";
99 1 0 33,154 "99";
100 1 1 15,160 "100";
101 2 1 34,90 "101";
102 0 1 62,161 "102";
103 1 0 105,158 "103";
104 0 1 167,170 "104";
105 0 1 117,130 "105";
106 1 1 27,115 "106";
107 2 1 71,172 "107";
108 0 1 172,181 "108";
109 1 1 27,168 "109";
110 0 0 16,55 "110";
111 1 0 22,178 "111";
112 0 1 19,139 "112";
113 0 1 12,47 "113";
114 2 0 94,154 "114";
115 1 1 12,145 "115";
116 0 0 49,167 "116";
117 1 1 20,47 "117";
118 1 1 7,126 "118";
119 1 1 34,74 "119";
120 0 0 51,141 "120";
121 0 0 20,161 "121";
122 2 0 66,94 "122";
123 2 1 65,129 "123";
124 0 1 19,104 "124";
125 0 1 104,178 "125";
126 0 1 63,106 "126";
127 2 0 130,133 "127";
128 0 1 21,114 "128";
129 1 1 68,152 "129";
130 1 0 16,103 "130";
131 0 1 133,171 "131";
132 0 1 101,145 "132";
133 1 1 12,90 "133";
134 0 0 119,150 "134";
135 0 1 48,131 "135";
136 1 1 85,162 "136";
137 1 0 111,160 "137";
138 1 1 21,112 "138";
139 0 1 74,82 "139";
140 0 1 66,143 "140";
141 1 1 147,174 "141";
142 0 1 23,173 "142";
143 2 0 109,119 "143";
144 2 0 77,96 "144";
145 1 1 101,123 "145";
146 2 0 6,84 "146";
147 0 0 74,106 "147";
148 2 0 104,135 "148";
149 2 0 37,170 "149";
150 1 1 103,160 "150";
151 1 0 67,173 "151";
152 1 0 75,109 "152";
153 1 1 93,161 "153";
154 1 1 101,105 "154";
155 0 0 42,143 "155";
156 0 0 21,95 "156";
157 2 1 2,57 "157";
158 1 0 23,150 "158";
159 0 1 110,142 "159";
160 1 0 89,142 "160";
161 2 1 29,80 "161";
162 0 1 40,178 "162";
163 1 1 83,111 "163";
164 2 1 47,117 "164";
165 0 1 35,122 "165";
166 0 1 48,122 "166";
167 1 1 105,113 "167";
168 2 1 49,108 "168";
169 0 0 111,143 "169";
170 1 0 36,79 "170";
171 2 1 162,178 "171";
172 0 0 79,93 "172";
173 0 0 145,168 "173";
174 2 0 34,78 "174";
175 2 0 75,110 "175";
176 0 1 78,158 "176";
177 0 0 27,70 "177";
178 2 0 11,84 "178";
179 1 1 95,171 "179";
180 0 0 5,101 "180";
181 2 0 114,146 "181";
182 2 0 29,34 "182";
183 1 0 132,149 "183";
184 0 1 23,157 "184";
