parity 149;
0 0 1 80,84 "0";
1 1 1 102,109 "1";
2 1 0 66,95 "2";
3 2 0 62,131 "3";
4 0 1 59,110 "4";
5 0 0 86,144 "5";
6 1 1 124,141 "6";
7 1 0 53,69 "7";
8 1 1 38,64 "8";
9 2 1 52,123 "9";
10 1 0 62,83 "10";
11 0 0 26,121 "11";
12 2 0 15,46 "12";
13 1 0 29,114 "13";
14 0 1 81,125 "14";
15 1 0 50,111 "15";
16 1 1 95,148 "16";
17 2 0 95,106 "17";
18 1 0 19,64 "18";
19 1 1 66,140 "19";
20 0 0 54,73 "20";
21 2 1 44,132 "21";
22 1 0 2,121 "22";
23 1 0 93,102 "23";
24 0 0 62,128 "24";
25 0 0 66,99 "25";
26 2 1 133,143 "26";
27 0 1 42,45 "27";
28 2 1 25,50 "28";
29 0 0 63,101 "29";
30 0 1 93,128 "30";
31 1 1 103,140 "31";
32 0 1 31,77 "32";
33 2 1 47,116 "33";
34 1 0 44,127 "34";
35 2 0 29,69 "35";
36 1 0 0,10 "36";
37 0 1 123,144 "37";
38 0 0 24,86 "38";
39 1 1 71,96 "39";
40 1 1 106,131 "40";
41 0 0 69,147 "41";
42 1 0 30,104 "42";
43 0 1 23,71 "43";
44 1 1 51,137 "44";
45 1 0 111,149 "45";
46 2 1 10,85 "46";
47 1 1 29,122 "47";
48 0 1 105,108 "48";
49 1 1 139,149 "49";
50 2 1 32,34 "50";
51 2 0 19,137 "51";
52 0 0 32,61 "52";
53 2 1 26,71 "53";
54 0 1 80,129 "54";
55 1 0 35,41 "55";
56 1 1 2,32 "56";
57 1 0 74,147 "57";
58 1 1 89,120 "58";
59 0 1 25,118 "59";
60 1 0 11,31 "60";
61 2 1 5,70 "61";
62 2 1 21,128 "62";
63 2 1 106,128 "63";
64 1 1 27,146 "64";
65 1 0 96,118 "65";
66 2 0 3,54 "66";
67 2 1 119,138 "67";
68 1 1 71,77 "68";
69 2 0 66,147 "69";
70 2 1 4,59 "70";
71 1 1 11,148 "71";
72 1 0 20,123 "72";
73 1 1 92,121 "73";
74 1 0 90,129 "74";
75 0 1 94,111 "75";
76 0 0 74,107 "76";
77 2 0 81,116 "77";
78 0 0 8,101 "78";
79 1 0 139,148 "79";
80 2 1 0,109 "80";
81 0 0 98,115 "81";
82 1 0 24,52 "82";
83 0 0 5,142 "83";
84 1 1 42,106 "84";
85 0 0 42,119 "85";
86 1 0 94,142 "86";
87 0 1 10,55 "87";
88 2 0 17,118 "88";
89 0 1 0,124 "89";
90 1 0 88,104 "90";
91 0 0 29,103 "91";
92 1 1 86,107 "92";
93 0 0 19,35 "93";
94 0 1 6,123 "94";
95 1 1 117,129 "95";
96 0 0 9,78 "96";
97 0 1 70,75 "97";
98 0 0 92,126 "98";
99 2 0 92,138 "99";
100 0 0 6,115 "100";
101 2 0 33,89 "101";
102 1 1 30,101 "102";
103 2 1 128,140 "103";
104 2 0 111,147 "104";
105 1 1 17,108 "105";
106 1 1 81,100 "106";
107 1 1 97,116 "107";
108 1 1 2,27 "108";
109 0 1 34,71 "109";
110 0 0 56,86 "110";
111 1 1 64,96 "111";
112 1 1 113,134 "112";
113 2 0 96,148 "113";
114 0 1 70,131 "114";
115 0 0 32,127 "115";
116 1 0 45,74 "116";
117 1 1 88,130 "117";
118 1 1 13,60 "118";
119 1 1 60,126 "119";
120 2 0 104,107 "120";
121 1 0 13,15 "121";
122 1 0 13,110 "122";
123 1 1 24,31 "123";
124 0 1 44,108 "124";
125 0 1 41,50 "125";
126 1 0 80,91 "126";
127 1 0 38,47 "127";
128 0 0 41,94 "128";
129 1 1 28,145 "129";
130 1 0 93,121 "130";
131 1 1 35,106 "131";
132 2 0 21,95 "132";
133 1 0 7,140 "133";
134 0 0 42,66 "134";
135 2 0 96,137 "135";
136 2 1 14,135 "136";
137 1 1 115,126 "137";
138 1 0 59,137 "138";
139 1 1 35,135 "139";
140 0 0 21,38 "140";
141 0 1 68,72 "141";
142 2 1 119,129 "142";
143 2 1 3,14 "143";
144 1 1 77,96 "144";
145 1 1 3,57 "145";
146 0 1 30,109 "146";
147 2 1 57,110 "147";
148 0 0 57,68 "148";
149 0 1 14,106 "149";
