parity 194;
0 1 0 78,127 "0";
1 1 1 26,134 "1";
2 1 0 96,157 "2";
3 1 0 7,177 "3";
4 1 1 10,142 "4";
5 0 1 43,77 "5";
6 1 1 56,102 "6";
7 0 1 48,152 "7";
8 0 0 20,85 "8";
9 1 0 12,194 "9";
10 1 0 39,46 "10";
11 0 1 32,121 "11";
12 1 0 13,14 "12";
13 1 0 53,189 "13";
14 1 1 49,193 "14";
15 0 0 99,114 "15";
16 1 0 55,88 "16";
17 1 0 60,109 "17";
18 0 0 60,113 "18";
19 0 1 78,79 "19";
20 0 0 33,48 "20";
21 0 0 2,117 "21";
22 0 1 36,148 "22";
23 0 0 32,94 "23";
24 1 0 164,182 "24";
25 2 0 76,194 "25";
26 2 0 121,160 "26";
27 1 1 89,194 "27";
28 1 0 13,96 "28";
29 1 1 91,105 "29";
30 1 0 38,99 "30";
31 1 0 32,81 "31";
32 0 0 15,66 "32";
33 2 1 119,162 "33";
34 2 1 79,176 "34";
35 2 0 7,48 "35";
36 0 0 47,174 "36";
37 1 0 17,62 "37";
38 1 1 105,127 "38";
39 0 1 62,85 "39";
40 1 0 72,152 "40";
41 1 1 45,63 "41";
42 1 0 51,134 "42";
43 1 0 76,183 "43";
44 1 1 2,95 "44";
45 2 0 126,136 "45";
46 2 0 128,171 "46";
47 1 0 40,54 "47";
48 2 1 77,151 "48";
49 2 0 114,155 "49";
50 2 0 79,129 "50";
51 0 1 48,171 "51";
52 0 0 12,146 "52";
53 0 0 56,104 "53";
54 1 0 14,153 "54";
55 1 0 111,157 "55";
56 2 1 19,40 "56";
57 1 0 24,105 "57";
58 1 0 25,53 "58";
59 2 0 104,179 "59";
60 2 0 3,102 "60";
61 0 1 17,153 "61";
62 0 0 15,164 "62";
63 1 1 27,93 "63";
64 0 1 37,156 "64";
65 2 1 61,181 "65";
66 1 0 146,160 "66";
67 2 1 40,145 "67";
68 1 0 153,188 "68";
69 0 0 56,91 "69";
70 1 1 21,73 "70";
71 0 1 12,60 "71";
72 1 0 28,164 "72";
73 2 1 28,69 "73";
74 1 0 0,181 "74";
75 0 0 8,185 "75";
76 1 1 111,134 "76";
77 2 0 111,145 "77";
78 0 0 22,173 "78";
79 1 1 34,64 "79";
80 1 0 9,63 "80";
81 0 1 2,97 "81";
82 2 0 170,178 "82";
83 1 1 52,95 "83";
84 1 0 17,51 "84";
85 1 1 12,50 "85";
86 1 0 109,194 "86";
87 2 0 7,56 "87";
88 1 0 29,128 "88";
89 2 1 44,174 "89";
90 1 1 18,25 "90";
91 1 0 74,182 "91";
92 2 1 111,188 "92";
93 1 1 31,72 "93";
94 1 1 81,161 "94";
95 0 0 2,89 "95";
96 1 1 15,68 "96";
97 2 0 6,154 "97";
98 2 1 0,44 "98";
99 1 1 4,188 "99";
100 2 0 88,178 "100";
101 1 0 85,167 "101";
102 2 1 16,90 "102";
103 0 0 1,90 "103";
104 0 0 52,75 "104";
105 2 0 47,130 "105";
106 0 1 90,171 "106";
107 2 1 12,98 "107";
108 1 1 56,143 "108";
109 0 0 127,169 "109";
110 0 0 29,35 "110";
111 0 0 112,114 "111";
112 1 1 26,62 "112";
113 1 1 28,188 "113";
114 2 0 146,154 "114";
115 0 1 140,175 "115";
116 2 0 81,171 "116";
117 1 0 9,66 "117";
118 1 0 38,128 "118";
119 0 0 6,171 "119";
120 2 1 127,167 "120";
121 2 1 112,170 "121";
122 2 1 60,134 "122";
123 2 1 88,128 "123";
124 2 0 13,93 "124";
125 2 1 103,126 "125";
126 2 0 24,119 "126";
127 2 0 167,183 "127";
128 2 1 29,143 "128";
129 2 0 126,158 "129";
130 0 1 64,157 "130";
131 2 0 36,112 "131";
132 2 1 146,194 "132";
133 0 1 48,179 "133";
134 0 1 40,129 "134";
135 1 0 28,49 "135";
136 2 1 120,163 "136";
137 2 0 9,13 "137";
138 2 1 91,115 "138";
139 0 0 19,99 "139";
140 1 0 1,141 "140";
141 1 1 106,178 "141";
142 2 1 117,158 "142";
143 1 1 62,179 "143";
144 2 1 32,136 "144";
145 1 0 56,149 "145";
146 0 0 29,101 "146";
147 1 0 4,48 "147";
148 0 1 121,127 "148";
149 1 0 91,155 "149";
150 1 1 103,145 "150";
151 0 1 2,7 "151";
152 1 1 8,57 "152";
153 2 1 118,134 "153";
154 1 1 78,112 "154";
155 2 1 6,164 "155";
156 1 0 71,182 "156";
157 1 0 8,55 "157";
158 0 0 55,130 "158";
159 2 1 51,167 "159";
160 0 0 16,72 "160";
161 2 1 72,96 "161";
162 2 0 139,156 "162";
163 0 1 69,111 "163";
164 0 1 39,70 "164";
165 0 1 50,128 "165";
166 2 0 22,132 "166";
167 1 1 145,168 "167";
168 1 1 147,166 "168";
169 0 0 39,98 "169";
170 2 0 24,64 "170";
171 2 0 5,43 "171";
172 2 1 10,163 "172";
173 0 1 80,109 "173";
174 0 1 55,191 "174";
175 2 1 108,184 "175";
176 1 1 47,60 "176";
177 1 0 37,85 "177";
178 1 1 64,136 "178";
179 0 0 35,189 "179";
180 2 0 29,94 "180";
181 2 1 52,63 "181";
182 2 0 37,84 "182";
183 1 1 57,68 "183";
184 1 0 4,145 "184";
185 0 0 22,120 "185";
186 0 1 137,150 "186";
187 1 1 11,110 "187";
188 0 0 2,121 "188";
189 0 0 92,166 "189";
190 2 1 39,64 "190";
191 2 1 3,186 "191";
192 2 1 174,177 "192";
193 0 1 7,22 "193";
194 1 1 2,70 "194";
