parity 184;
0 0 0 40,159 "0";
1 2 0 77,89 "1";
2 1 1 70,116 "2";
3 2 0 64,128 "3";
4 2 0 40,62 "4";
5 1 0 27,45 "5";
6 2 0 98,171 "6";
7 0 0 6,27 "7";
8 2 1 50,152 "8";
9 1 0 132,174 "9";
10 1 1 33,111 "10";
11 2 1 63,148 "11";
12 2 0 74,125 "12";
13 2 1 102,122 "13";
14 2 1 116,176 "14";
15 0 1 8,145 "15";
16 2 1 45,154 "16";
17 1 1 61,128 "17";
18 0 0 93,150 "18";
19 1 1 39,132 "19";
20 0 1 149,168 "20";
21 1 1 11,177 "21";
22 0 0 70,108 "22";
23 1 0 79,126 "23";
24 1 0 30,79 "24";
25 1 1 30,92 "25";
26 0 1 28,158 "26";
27 1 0 43,83 "27";
28 1 0 8,161 "28";
29 0 1 148,153 "29";
30 0 0 24,102 "30";
31 0 1 61,75 "31";
32 1 0 49,83 "32";
33 1 0 67,137 "33";
34 1 0 35,118 "34";
35 2 1 56,58 "35";
36 1 0 8,81 "36";
37 1 1 65,97 "37";
38 0 1 91,163 "38";
39 2 1 22,106 "39";
40 2 1 65,103 "40";
41 1 0 143,182 "41";
42 1 0 2,154 "42";
43 2 1 146,180 "43";
44 1 0 7,108 "44";
45 2 1 37,94 "45";
46 2 1 155,158 "46";
47 2 0 5,162 "47";
48 0 0 95,161 "48";
49 0 1 86,159 "49";
50 2 1 29,73 "50";
51 1 0 35,41 "51";
52 0 1 80,115 "52";
53 0 1 8,60 "53";
54 1 0 26,120 "54";
55 2 1 143,165 "55";
56 2 0 109,128 "56";
57 0 0 13,139 "57";
58 2 1 46,148 "58";
59 1 1 14,35 "59";
60 0 1 119,175 "60";
61 2 0 9,183 "61";
62 2 1 87,163 "62";
63 1 1 57,131 "63";
64 0 0 54,150 "64";
65 1 0 73,134 "65";
66 2 1 7,141 "66";
67 0 0 114,170 "67";
68 2 0 106,163 "68";
69 0 0 20,172 "69";
70 0 0 0,62 "70";
71 0 1 62,130 "71";
72 1 1 70,80 "72";
73 0 0 30,155 "73";
74 1 1 31,52 "74";
75 0 0 41,105 "75";
76 2 0 11,163 "76";
77 0 0 33,86 "77";
78 1 0 41,56 "78";
79 2 1 28,71 "79";
80 0 0 68,115 "80";
81 0 1 35,104 "81";
82 0 0 40,162 "82";
83 2 1 72,113 "83";
84 0 1 66,74 "84";
85 0 1 32,143 "85";
86 1 0 124,173 "86";
87 2 1 109,180 "87";
88 1 0 8,125 "88";
89 0 0 6,15 "89";
90 1 0 15,137 "90";
91 0 1 146,149 "91";
92 2 0 84,106 "92";
93 0 1 35,111 "93";
94 0 0 176,183 "94";
95 0 0 83,88 "95";
96 0 0 151,157 "96";
97 2 0 14,131 "97";
98 2 0 71,101 "98";
99 2 1 49,183 "99";
100 1 1 60,117 "100";
101 0 1 98,116 "101";
102 0 1 45,176 "102";
103 2 0 49,114 "103";
104 1 1 13,59 "104";
105 2 0 52,181 "105";
106 0 1 19,133 "106";
107 2 0 86,157 "107";
108 1 1 26,60 "108";
109 0 0 121,161 "109";
110 0 0 86,108 "110";
111 2 1 113,175 "111";
112 2 0 46,69 "112";
113 2 0 72,148 "113";
114 1 0 17,19 "114";
115 0 0 46,52 "115";
116 2 0 11,83 "116";
117 2 0 9,127 "117";
118 2 1 91,156 "118";
119 2 1 24,133 "119";
120 0 0 17,130 "120";
121 0 1 32,86 "121";
122 2 0 93,125 "122";
123 1 1 50,173 "123";
124 1 1 116,161 "124";
125 1 1 21,42 "125";
126 0 1 89,181 "126";
127 1 0 46,107 "127";
128 2 1 152,166 "128";
129 2 1 21,144 "129";
130 0 0 84,171 "130";
131 1 0 38,103 "131";
132 2 0 0,141 "132";
133 1 1 46,85 "133";
134 0 0 80,107 "134";
135 2 1 43,76 "135";
136 1 0 4,77 "136";
137 1 1 66,162 "137";
138 2 1 2,176 "138";
139 2 1 8,66 "139";
140 0 0 53,128 "140";
141 1 0 91,129 "141";
142 2 0 114,128 "142";
143 2 1 66,182 "143";
144 2 0 99,121 "144";
145 2 1 63,89 "145";
146 1 1 39,129 "146";
147 2 0 11,21 "147";
148 0 1 27,105 "148";
149 0 0 61,167 "149";
150 1 1 64,148 "150";
151 2 0 69,178 "151";
152 2 0 9,66 "152";
153 1 0 13,45 "153";
154 2 1 156,163 "154";
155 0 1 81,163 "155";
156 1 1 87,115 "156";
157 1 1 0,100 "157";
158 0 0 138,166 "158";
159 1 1 27,106 "159";
160 2 1 39,171 "160";
161 1 0 46,105 "161";
162 2 1 111,157 "162";
163 2 0 108,111 "163";
164 0 1 7,179 "164";
165 2 0 139,163 "165";
166 1 1 67,79 "166";
167 2 0 39,93 "167";
168 0 1 111,181 "168";
169 2 0 65,66 "169";
170 2 1 34,94 "170";
171 1 1 18,36 "171";
172 0 1 112,184 "172";
173 1 1 108,128 "173";
174 2 0 104,112 "174";
175 1 1 121,173 "175";
176 2 0 49,153 "176";
177 1 1 52,165 "177";
178 0 1 129,152 "178";
179 2 0 24,99 "179";
180 2 1 31,177 "180";
181 1 0 23,82 "181";
182 0 0 43,50 "182";
183 2 1 93,114 "183";
184 1 0 81,136 "184";
