parity 164;
0 0 1 22,89 "0";
1 1 0 28,147 "1";
2 0 1 20,43 "2";
3 0 0 17,70 "3";
4 2 1 23,96 "4";
5 1 0 34,48 "5";
6 1 0 11,99 "6";
7 1 0 40,158 "7";
8 1 0 31,129 "8";
9 0 1 34,45 "9";
10 1 1 90,123 "10";
11 0 0 35,135 "11";
12 0 1 81,132 "12";
13 2 1 59,68 "13";
14 0 1 99,114 "14";
15 1 0 34,114 "15";
16 2 1 130,164 "16";
17 2 1 67,108 "17";
18 2 1 49,141 "18";
19 2 0 16,32 "19";
20 1 0 44,122 "20";
21 1 0 58,99 "21";
22 0 0 108,135 "22";
23 0 1 6,9 "23";
24 1 1 35,55 "24";
25 2 1 87,91 "25";
26 1 1 13,132 "26";
27 2 0 9,163 "27";
28 2 0 24,78 "28";
29 0 0 30,82 "29";
30 1 1 59,92 "30";
31 1 0 18,141 "31";
32 2 1 111,128 "32";
33 0 0 73,118 "33";
34 1 0 7,43 "34";
35 0 0 90,164 "35";
36 2 1 16,33 "36";
37 0 1 65,83 "37";
38 0 0 100,132 "38";
39 0 1 124,151 "39";
40 2 0 71,109 "40";
41 0 1 58,146 "41";
42 1 0 51,74 "42";
43 0 0 11,146 "43";
44 1 0 24,60 "44";
45 2 1 132,142 "45";
46 0 1 33,163 "46";
47 2 1 127,137 "47";
48 0 1 33,155 "48";
49 2 0 81,126 "49";
50 2 1 144,149 "50";
51 0 0 22,70 "51";
52 1 0 56,133 "52";
53 2 0 35,153 "53";
54 0 1 19,83 "54";
55 2 0 158,159 "55";
56 1 1 25,113 "56";
57 2 0 67,78 "57";
58 2 0 8,105 "58";
59 0 0 0,13 "59";
60 2 1 5,163 "60";
61 1 1 50,118 "61";
62 1 1 22,95 "62";
63 0 1 91,98 "63";
64 2 1 132,161 "64";
65 1 0 31,41 "65";
66 2 0 133,164 "66";
67 1 0 20,163 "67";
68 0 1 42,146 "68";
69 0 0 5,143 "69";
70 2 0 132,151 "70";
71 0 0 13,148 "71";
72 2 1 86,139 "72";
73 2 0 1,43 "73";
74 2 0 139,155 "74";
75 2 1 113,148 "75";
76 1 0 122,157 "76";
77 1 1 121,156 "77";
78 2 0 23,112 "78";
79 2 1 86,122 "79";
80 1 0 4,160 "80";
81 1 1 90,103 "81";
82 0 0 107,136 "82";
83 0 0 9,52 "83";
84 2 0 65,76 "84";
85 1 1 35,37 "85";
86 1 1 70,118 "86";
87 2 0 32,69 "87";
88 0 1 10,39 "88";
89 0 1 41,121 "89";
90 2 0 32,85 "90";
91 0 1 31,79 "91";
92 2 0 126,161 "92";
93 1 1 3,129 "93";
94 2 1 41,62 "94";
95 0 1 81,129 "95";
96 0 0 70,121 "96";
97 1 1 6,54 "97";
98 1 1 5,102 "98";
99 1 0 1,3 "99";
100 1 1 136,145 "100";
101 1 1 33,161 "101";
102 1 0 76,100 "102";
103 2 0 49,75 "103";
104 2 0 78,83 "104";
105 1 1 37,116 "105";
106 0 1 36,123 "106";
107 0 1 68,129 "107";
108 0 1 58,106 "108";
109 0 0 40,80 "109";
110 1 1 37,85 "110";
111 0 0 25,62 "111";
112 0 1 19,93 "112";
113 0 0 4,121 "113";
114 0 0 82,109 "114";
115 2 1 119,154 "115";
116 2 0 74,142 "116";
117 0 1 42,62 "117";
118 0 0 122,149 "118";
119 2 0 84,110 "119";
120 2 1 24,50 "120";
121 0 0 34,49 "121";
122 0 1 13,67 "122";
123 1 1 84,110 "123";
124 0 1 58,79 "124";
125 2 0 8,29 "125";
126 1 0 50,144 "126";
127 0 1 32,109 "127";
128 0 0 87,129 "128";
129 1 0 17,153 "129";
130 1 0 117,131 "130";
131 1 0 7,98 "131";
132 1 1 10,99 "132";
133 2 0 45,49 "133";
134 1 0 33,49 "134";
135 0 0 66,97 "135";
136 2 0 55,133 "136";
137 2 0 45,77 "137";
138 2 1 60,94 "138";
139 1 0 21,152 "139";
140 0 1 65,118 "140";
141 0 1 50,66 "141";
142 0 1 62,103 "142";
143 2 1 54,119 "143";
144 1 0 105,139 "144";
145 1 1 29,57 "145";
146 1 0 139,160 "146";
147 1 0 9,130 "147";
148 1 0 15,115 "148";
149 2 1 8,148 "149";
150 0 0 125,127 "150";
151 1 1 74,97 "151";
152 1 1 1,136 "152";
153 0 1 3,85 "153";
154 2 1 44,47 "154";
155 1 0 18,89 "155";
156 2 1 97,131 "156";
157 1 0 5,70 "157";
158 1 1 55,145 "158";
159 1 1 16,75 "159";
160 0 0 5,28 "160";
161 2 0 114,144 "161";
162 1 0 30,90 "162";
163 0 1 6,24 "163";
164 2 0 25,59 "164";
