parity 134;
0 1 1 30,36 "0";
1 0 1 33,58 "1";
2 1 1 43,76 "2";
3 1 1 10,63 "3";
4 2 1 120,130 "4";
5 0 0 46,88 "5";
6 2 1 41,77 "6";
7 2 1 19,128 "7";
8 0 1 4,101 "8";
9 2 0 52,59 "9";
10 0 0 20,70 "10";
11 0 0 62,117 "11";
12 0 0 70,98 "12";
13 2 1 68,99 "13";
14 1 0 41,126 "14";
15 1 1 80,130 "15";
16 0 1 7,110 "16";
17 0 1 31,53 "17";
18 1 1 115,131 "18";
19 0 0 64,129 "19";
20 0 0 70,107 "20";
21 1 0 42,94 "21";
22 2 1 57,119 "22";
23 0 0 42,131 "23";
24 2 0 1,92 "24";
25 2 1 35,85 "25";
26 0 1 1,80 "26";
27 1 1 43,101 "27";
28 1 1 32,88 "28";
29 2 1 107,112 "29";
30 2 0 92,129 "30";
31 1 0 19,70 "31";
32 1 0 43,91 "32";
33 2 0 20,27 "33";
34 0 0 14,74 "34";
35 2 1 6,92 "35";
36 1 0 32,57 "36";
37 0 1 13,107 "37";
38 1 0 83,84 "38";
39 0 0 99,108 "39";
40 2 0 18,111 "40";
41 1 1 18,99 "41";
42 2 1 78,80 "42";
43 0 1 14,42 "43";
44 2 1 72,110 "44";
45 2 0 65,77 "45";
46 2 1 67,114 "46";
47 1 1 74,78 "47";
48 2 0 51,92 "48";
49 2 1 7,98 "49";
50 2 0 72,115 "50";
51 1 0 94,112 "51";
52 2 0 104,127 "52";
53 2 0 31,49 "53";
54 1 1 92,94 "54";
55 2 0 46,117 "55";
56 0 0 44,125 "56";
57 1 0 71,72 "57";
58 0 1 53,67 "58";
59 2 1 15,24 "59";
60 1 1 83,87 "60";
61 0 0 17,119 "61";
62 1 0 13,85 "62";
63 0 1 68,86 "63";
64 0 0 96,130 "64";
65 2 1 7,9 "65";
66 0 0 95,120 "66";
67 1 0 47,90 "67";
68 0 0 111,125 "68";
69 2 0 43,98 "69";
70 0 1 91,112 "70";
71 2 1 12,91 "71";
72 0 1 65,104 "72";
73 2 1 53,132 "73";
74 1 0 81,86 "74";
75 2 1 25,120 "75";
76 0 1 96,100 "76";
77 1 0 86,108 "77";
78 2 1 20,79 "78";
79 1 1 21,31 "79";
80 2 0 17,28 "80";
81 0 1 2,15 "81";
82 2 0 51,115 "82";
83 2 0 81,126 "83";
84 1 0 27,103 "84";
85 1 0 60,134 "85";
86 1 0 12,42 "86";
87 0 0 6,112 "87";
88 1 1 114,134 "88";
89 0 0 38,95 "89";
90 0 0 27,85 "90";
91 1 0 82,106 "91";
92 2 0 20,44 "92";
93 2 1 55,106 "93";
94 1 1 52,81 "94";
95 0 0 2,62 "95";
96 0 0 8,27 "96";
97 0 1 39,95 "97";
98 2 0 17,54 "98";
99 2 0 75,113 "99";
100 0 0 39,119 "100";
101 2 0 86,105 "101";
102 2 1 44,114 "102";
103 2 0 33,111 "103";
104 1 0 72,107 "104";
105 2 1 22,97 "105";
106 0 1 74,129 "106";
107 0 0 65,131 "107";
108 2 1 32,78 "108";
109 1 1 86,95 "109";
110 1 1 83,130 "110";
111 1 0 58,81 "111";
112 1 1 27,60 "112";
113 2 0 23,72 "113";
114 0 0 70,81 "114";
115 0 0 27,61 "115";
116 1 0 44,49 "116";
117 2 0 37,53 "117";
118 0 1 55,83 "118";
119 0 1 52,56 "119";
120 0 1 50,125 "120";
121 1 1 80,111 "121";
122 2 1 22,123 "122";
123 1 0 49,92 "123";
124 0 1 26,48 "124";
125 1 1 78,134 "125";
126 1 1 50,80 "126";
127 2 1 53,125 "127";
128 1 0 60,68 "128";
129 2 1 61,133 "129";
130 0 0 18,109 "130";
131 2 0 22,39 "131";
132 1 0 34,84 "132";
133 0 1 75,99 "133";
134 1 1 18,50 "134";
