parity 109;
0 0 1 49,76 "0";
1 0 0 32,66 "1";
2 1 1 89,102 "2";
3 0 1 23,100 "3";
4 1 1 3,6 "4";
5 2 1 63,82 "5";
6 0 0 83,92 "6";
7 1 1 59,93 "7";
8 2 1 21,106 "8";
9 0 1 18,101 "9";
10 1 0 34,91 "10";
11 0 1 47,103 "11";
12 2 0 47,107 "12";
13 1 1 52,85 "13";
14 2 1 10,65 "14";
15 2 0 3,9 "15";
16 2 0 44,90 "16";
17 1 0 84,105 "17";
18 0 1 14,65 "18";
19 2 0 38,57 "19";
20 0 1 80,82 "20";
21 0 1 50,84 "21";
22 2 0 27,90 "22";
23 1 1 50,99 "23";
24 0 0 77,107 "24";
25 2 0 48,75 "25";
26 0 0 71,92 "26";
27 2 1 25,43 "27";
28 0 0 63,65 "28";
29 1 0 53,57 "29";
30 1 1 23,51 "30";
31 1 0 17,55 "31";
32 0 1 11,59 "32";
33 0 1 2,77 "33";
34 2 0 3,10 "34";
35 1 0 61,103 "35";
36 2 1 59,106 "36";
37 2 1 18,109 "37";
38 1 0 83,99 "38";
39 0 1 53,75 "39";
40 2 1 62,87 "40";
41 1 1 16,37 "41";
42 1 0 3,96 "42";
43 2 0 29,52 "43";
44 1 1 65,101 "44";
45 2 1 64,81 "45";
46 1 1 29,47 "46";
47 1 1 18,33 "47";
48 0 0 55,103 "48";
49 2 1 24,73 "49";
50 0 1 58,66 "50";
51 2 0 40,75 "51";
52 1 0 54,89 "52";
53 1 0 21,23 "53";
54 0 1 33,85 "54";
55 1 1 2,36 "55";
56 0 1 20,35 "56";
57 1 1 10,100 "57";
58 0 0 19,53 "58";
59 0 1 15,69 "59";
60 1 0 66,80 "60";
61 0 0 67,99 "61";
62 0 0 83,89 "62";
63 1 0 51,91 "63";
64 0 1 18,83 "64";
65 0 0 42,89 "65";
66 0 0 5,15 "66";
67 0 1 9,61 "67";
68 2 1 27,99 "68";
69 0 1 8,109 "69";
70 2 0 17,34 "70";
71 1 0 38,53 "71";
72 0 1 81,102 "72";
73 0 1 34,98 "73";
74 0 1 45,80 "74";
75 2 1 55,90 "75";
76 2 1 59,87 "76";
77 0 0 51,60 "77";
78 1 1 9,41 "78";
79 0 1 58,87 "79";
80 1 1 61,66 "80";
81 0 0 89,94 "81";
82 2 1 21,38 "82";
83 1 0 21,40 "83";
84 2 0 82,86 "84";
85 1 0 36,40 "85";
86 0 0 45,49 "86";
87 0 1 43,108 "87";
88 2 1 20,81 "88";
89 2 0 30,47 "89";
90 0 1 67,70 "90";
91 2 1 21,102 "91";
92 2 1 36,66 "92";
93 1 0 43,63 "93";
94 2 0 47,68 "94";
95 2 0 20,77 "95";
96 0 1 91,105 "96";
97 0 0 32,75 "97";
98 2 1 8,56 "98";
99 1 0 34,59 "99";
100 1 1 30,86 "100";
101 0 1 37,82 "101";
102 0 0 37,84 "102";
103 2 1 58,77 "103";
104 2 0 81,99 "104";
105 2 0 2,18 "105";
106 0 1 58,70 "106";
107 0 0 58,85 "107";
108 1 1 3,58 "108";
109 0 1 19,67 "109";
