parity 189;
0 1 1 164,178 "0";
1 0 1 49,63 "1";
2 1 0 115,131 "2";
3 2 1 89,95 "3";
4 0 0 84,85 "4";
5 1 0 115,118 "5";
6 0 1 87,109 "6";
7 2 0 103,123 "7";
8 1 0 147,162 "8";
9 0 0 25,133 "9";
10 1 0 28,168 "10";
11 2 1 61,164 "11";
12 2 1 28,77 "12";
13 1 1 77,90 "13";
14 2 1 12,67 "14";
15 0 0 27,62 "15";
16 1 1 95,187 "16";
17 0 1 19,29 "17";
18 1 1 8,185 "18";
19 1 0 35,181 "19";
20 2 1 97,188 "20";
21 2 0 111,149 "21";
22 2 1 146,161 "22";
23 1 1 55,177 "23";
24 2 1 58,145 "24";
25 1 1 117,131 "25";
26 2 0 85,143 "26";
27 2 0 17,78 "27";
28 0 0 56,165 "28";
29 1 1 56,178 "29";
30 0 1 92,170 "30";
31 2 1 38,165 "31";
32 0 0 101,130 "32";
33 2 1 9,178 "33";
34 1 0 110,133 "34";
35 0 0 21,133 "35";
36 0 0 0,98 "36";
37 0 1 54,61 "37";
38 1 0 16,68 "38";
39 2 0 4,46 "39";
40 0 0 120,188 "40";
41 0 0 16,174 "41";
42 2 1 98,123 "42";
43 0 1 154,163 "43";
44 1 1 98,116 "44";
45 1 0 114,119 "45";
46 0 0 73,124 "46";
47 1 0 90,114 "47";
48 2 0 53,143 "48";
49 1 1 172,179 "49";
50 2 0 13,181 "50";
51 0 1 59,117 "51";
52 1 0 117,134 "52";
53 2 1 34,60 "53";
54 1 1 146,168 "54";
55 0 0 126,159 "55";
56 0 1 157,166 "56";
57 1 1 38,182 "57";
58 0 0 56,98 "58";
59 0 0 39,88 "59";
60 1 1 6,64 "60";
61 0 1 10,95 "61";
62 1 1 144,168 "62";
63 1 0 26,123 "63";
64 2 1 155,162 "64";
65 1 1 6,79 "65";
66 2 0 31,111 "66";
67 1 1 70,182 "67";
68 2 0 81,160 "68";
69 2 0 23,179 "69";
70 0 0 58,120 "70";
71 0 0 12,20 "71";
72 2 0 71,181 "72";
73 2 0 136,166 "73";
74 1 0 142,168 "74";
75 1 0 49,88 "75";
76 0 1 7,111 "76";
77 1 0 45,51 "77";
78 1 0 51,142 "78";
79 1 1 6,151 "79";
80 2 0 2,30 "80";
81 0 1 16,50 "81";
82 1 1 6,183 "82";
83 0 0 36,172 "83";
84 0 0 108,188 "84";
85 1 0 128,170 "85";
86 0 0 94,140 "86";
87 0 1 6,57 "87";
88 1 1 56,93 "88";
89 1 0 162,184 "89";
90 0 1 25,115 "90";
91 0 1 48,172 "91";
92 2 1 110,182 "92";
93 1 1 77,189 "93";
94 0 0 60,189 "94";
95 2 0 160,170 "95";
96 0 1 123,154 "96";
97 2 0 146,188 "97";
98 2 0 24,49 "98";
99 2 0 5,189 "99";
100 1 1 11,55 "100";
101 0 0 59,94 "101";
102 1 1 64,166 "102";
103 1 1 67,128 "103";
104 1 1 36,84 "104";
105 0 1 166,188 "105";
106 0 0 42,93 "106";
107 1 0 83,174 "107";
108 1 0 106,124 "108";
109 0 0 36,177 "109";
110 2 1 101,154 "110";
111 1 1 91,114 "111";
112 1 0 57,87 "112";
113 2 0 57,150 "113";
114 1 1 4,45 "114";
115 1 0 56,181 "115";
116 0 0 22,72 "116";
117 1 1 155,179 "117";
118 2 1 41,111 "118";
119 1 0 103,181 "119";
120 1 0 14,181 "120";
121 2 0 77,159 "121";
122 2 1 34,102 "122";
123 0 0 46,58 "123";
124 2 1 4,132 "124";
125 0 0 19,161 "125";
126 0 1 5,28 "126";
127 2 1 32,100 "127";
128 1 1 27,68 "128";
129 1 1 51,160 "129";
130 0 0 55,58 "130";
131 2 1 22,101 "131";
132 2 1 56,146 "132";
133 1 0 105,127 "133";
134 1 1 30,135 "134";
135 2 1 51,54 "135";
136 1 1 76,153 "136";
137 1 1 105,138 "137";
138 0 1 6,116 "138";
139 1 1 102,174 "139";
140 1 0 0,110 "140";
141 1 1 106,108 "141";
142 2 1 45,148 "142";
143 1 0 4,186 "143";
144 1 1 122,133 "144";
145 2 1 47,184 "145";
146 0 1 57,164 "146";
147 2 1 17,56 "147";
148 1 0 60,124 "148";
149 1 1 21,112 "149";
150 2 1 9,168 "150";
151 1 1 27,55 "151";
152 1 1 35,48 "152";
153 1 0 3,63 "153";
154 1 1 14,65 "154";
155 1 0 25,138 "155";
156 1 1 80,117 "156";
157 0 1 61,126 "157";
158 2 0 40,164 "158";
159 1 0 105,188 "159";
160 1 1 158,187 "160";
161 1 0 47,177 "161";
162 0 1 6,22 "162";
163 1 0 34,161 "163";
164 1 0 10,163 "164";
165 2 1 170,189 "165";
166 2 1 113,185 "166";
167 0 0 88,164 "167";
168 0 1 54,83 "168";
169 0 0 8,132 "169";
170 1 0 8,61 "170";
171 1 0 88,186 "171";
172 1 1 14,101 "172";
173 1 0 62,95 "173";
174 2 0 28,87 "174";
175 2 0 105,109 "175";
176 1 1 2,102 "176";
177 2 1 116,144 "177";
178 1 0 49,69 "178";
179 1 1 7,17 "179";
180 1 0 96,167 "180";
181 0 1 138,177 "181";
182 0 1 47,59 "182";
183 0 0 28,51 "183";
184 2 1 111,163 "184";
185 1 0 38,154 "185";
186 2 0 143,158 "186";
187 0 1 80,112 "187";
188 0 1 2,117 "188";
189 0 0 44,100 "189";
