parity 124;
0 2 0 2,121 "0";
1 1 1 61,81 "1";
2 0 0 95,111 "2";
3 2 0 25,71 "3";
4 1 0 107,117 "4";
5 1 0 95,119 "5";
6 2 0 99,118 "6";
7 2 1 35,50 "7";
8 0 0 5,46 "8";
9 2 1 70,93 "9";
10 0 1 4,53 "10";
11 0 1 26,75 "11";
12 1 1 14,67 "12";
13 1 1 21,54 "13";
14 2 0 28,70 "14";
15 0 1 35,100 "15";
16 0 0 59,76 "16";
17 2 1 84,120 "17";
18 1 1 25,115 "18";
19 2 0 58,103 "19";
20 2 0 97,116 "20";
21 0 1 110,118 "21";
22 2 1 12,109 "22";
23 2 1 69,93 "23";
24 2 1 4,68 "24";
25 0 1 6,19 "25";
26 1 0 25,86 "26";
27 1 0 20,53 "27";
28 1 0 17,97 "28";
29 2 0 18,37 "29";
30 2 0 0,107 "30";
31 2 1 53,76 "31";
32 0 0 19,31 "32";
33 0 1 4,25 "33";
34 1 0 39,110 "34";
35 0 0 40,46 "35";
36 2 1 7,113 "36";
37 2 0 38,70 "37";
38 1 0 29,31 "38";
39 2 0 81,121 "39";
40 1 1 42,58 "40";
41 2 0 4,52 "41";
42 1 1 82,97 "42";
43 1 1 99,124 "43";
44 0 1 14,34 "44";
45 2 0 25,106 "45";
46 1 0 81,91 "46";
47 1 1 38,108 "47";
48 2 1 9,14 "48";
49 0 0 16,114 "49";
50 0 1 52,95 "50";
51 1 0 37,45 "51";
52 1 0 24,95 "52";
53 0 0 24,75 "53";
54 1 0 34,73 "54";
55 1 1 9,63 "55";
56 1 1 20,37 "56";
57 2 1 1,3 "57";
58 1 1 25,64 "58";
59 1 0 33,84 "59";
60 1 0 18,24 "60";
61 2 0 31,113 "61";
62 1 1 57,82 "62";
63 0 0 22,97 "63";
64 1 0 9,62 "64";
65 0 0 64,117 "65";
66 1 1 27,43 "66";
67 2 0 30,109 "67";
68 0 1 41,96 "68";
69 1 0 44,81 "69";
70 2 1 61,105 "70";
71 2 1 15,30 "71";
72 0 1 30,34 "72";
73 0 1 47,76 "73";
74 2 1 26,113 "74";
75 1 0 24,90 "75";
76 2 1 67,87 "76";
77 1 1 56,95 "77";
78 0 0 14,77 "78";
79 2 1 12,117 "79";
80 2 0 32,102 "80";
81 0 0 4,111 "81";
82 0 1 44,84 "82";
83 0 1 3,91 "83";
84 0 0 0,74 "84";
85 2 1 93,123 "85";
86 1 1 25,79 "86";
87 1 1 18,72 "87";
88 0 0 36,61 "88";
89 2 1 29,105 "89";
90 0 1 25,124 "90";
91 2 0 33,85 "91";
92 0 1 42,91 "92";
93 2 0 19,61 "93";
94 0 0 1,124 "94";
95 2 1 29,109 "95";
96 2 1 30,122 "96";
97 2 1 18,90 "97";
98 0 0 23,39 "98";
99 0 1 79,89 "99";
100 1 0 8,65 "100";
101 1 1 92,95 "101";
102 1 1 42,75 "102";
103 0 1 8,15 "103";
104 1 1 25,44 "104";
105 2 0 3,48 "105";
106 2 0 44,122 "106";
107 2 0 72,92 "107";
108 0 0 60,90 "108";
109 0 0 52,92 "109";
110 1 0 55,65 "110";
111 2 1 0,68 "111";
112 0 1 13,82 "112";
113 0 1 22,24 "113";
114 1 1 77,98 "114";
115 2 0 94,120 "115";
116 2 0 7,63 "116";
117 1 1 83,122 "117";
118 2 0 9,57 "118";
119 0 0 82,110 "119";
120 2 0 89,104 "120";
121 0 1 19,30 "121";
122 1 1 34,45 "122";
123 2 0 71,97 "123";
124 1 1 39,74 "124";
