parity 164;
0 1 1 73,86 "0";
1 2 0 22,27 "1";
2 1 1 59,60 "2";
3 0 1 63,76 "3";
4 2 0 12,99 "4";
5 2 1 7,164 "5";
6 1 1 82,144 "6";
7 1 0 21,26 "7";
8 1 0 129,147 "8";
9 1 0 38,71 "9";
10 1 0 81,97 "10";
11 1 1 24,67 "11";
12 2 0 41,79 "12";
13 2 0 79,96 "13";
14 0 0 15,113 "14";
15 0 0 6,57 "15";
16 2 1 95,154 "16";
17 1 1 128,142 "17";
18 0 0 65,105 "18";
19 0 0 44,53 "19";
20 0 0 148,150 "20";
21 1 0 62,135 "21";
22 1 1 55,79 "22";
23 1 0 4,43 "23";
24 1 0 74,158 "24";
25 1 0 58,88 "25";
26 0 1 40,124 "26";
27 1 1 18,41 "27";
28 1 1 55,105 "28";
29 2 1 44,118 "29";
30 2 1 100,135 "30";
31 0 1 47,98 "31";
32 1 1 20,35 "32";
33 1 0 11,49 "33";
34 2 0 16,121 "34";
35 2 0 108,111 "35";
36 2 0 27,54 "36";
37 0 1 58,112 "37";
38 0 1 73,148 "38";
39 1 1 57,67 "39";
40 0 1 60,91 "40";
41 0 0 18,117 "41";
42 1 0 99,135 "42";
43 1 0 53,161 "43";
44 2 0 30,69 "44";
45 0 1 12,49 "45";
46 0 0 18,36 "46";
47 0 1 91,119 "47";
48 0 1 67,82 "48";
49 0 0 18,70 "49";
50 0 1 108,142 "50";
51 2 1 41,83 "51";
52 0 1 21,37 "52";
53 0 1 0,142 "53";
54 1 0 15,120 "54";
55 0 0 23,99 "55";
56 2 1 90,129 "56";
57 1 0 24,78 "57";
58 1 1 66,115 "58";
59 2 0 57,86 "59";
60 2 1 58,67 "60";
61 0 0 41,137 "61";
62 0 0 7,153 "62";
63 1 0 60,120 "63";
64 2 1 66,154 "64";
65 0 0 14,43 "65";
66 0 0 89,136 "66";
67 0 1 75,96 "67";
68 0 1 39,159 "68";
69 1 0 35,70 "69";
70 2 0 21,148 "70";
71 0 0 101,128 "71";
72 1 0 151,153 "72";
73 0 1 77,91 "73";
74 0 1 54,116 "74";
75 1 0 76,100 "75";
76 2 0 161,162 "76";
77 1 1 26,60 "77";
78 2 0 62,104 "78";
79 2 0 78,105 "79";
80 2 0 107,159 "80";
81 0 1 89,121 "81";
82 0 1 41,73 "82";
83 0 1 46,61 "83";
84 1 0 122,155 "84";
85 0 0 26,134 "85";
86 2 1 18,24 "86";
87 2 0 33,61 "87";
88 2 1 26,68 "88";
89 1 0 80,99 "89";
90 2 0 61,116 "90";
91 1 0 20,72 "91";
92 0 1 118,123 "92";
93 1 0 106,130 "93";
94 1 1 72,105 "94";
95 2 1 45,46 "95";
96 1 1 21,59 "96";
97 1 0 22,65 "97";
98 0 1 18,105 "98";
99 0 0 5,33 "99";
100 1 0 37,46 "100";
101 0 0 50,82 "101";
102 1 0 41,76 "102";
103 0 0 29,141 "103";
104 2 0 45,69 "104";
105 0 1 51,78 "105";
106 1 0 29,66 "106";
107 0 0 83,101 "107";
108 2 1 115,150 "108";
109 0 1 47,127 "109";
110 1 0 75,125 "110";
111 2 0 7,64 "111";
112 1 0 107,111 "112";
113 2 0 4,118 "113";
114 0 1 44,100 "114";
115 1 1 17,147 "115";
116 0 1 12,136 "116";
117 0 0 72,83 "117";
118 1 1 27,120 "118";
119 1 1 100,120 "119";
120 0 1 66,152 "120";
121 0 1 1,93 "121";
122 2 1 34,66 "122";
123 2 0 4,125 "123";
124 1 0 71,103 "124";
125 1 1 34,37 "125";
126 0 1 74,134 "126";
127 0 1 13,22 "127";
128 0 1 112,115 "128";
129 2 1 38,152 "129";
130 0 0 5,33 "130";
131 0 1 68,76 "131";
132 0 1 3,71 "132";
133 0 1 6,56 "133";
134 2 0 33,119 "134";
135 0 0 84,151 "135";
136 0 0 41,119 "136";
137 0 0 12,98 "137";
138 0 1 58,75 "138";
139 2 1 46,94 "139";
140 2 1 43,160 "140";
141 2 1 2,19 "141";
142 1 0 30,93 "142";
143 2 0 86,101 "143";
144 1 1 129,137 "144";
145 1 1 1,115 "145";
146 0 1 67,103 "146";
147 0 0 43,150 "147";
148 2 0 61,80 "148";
149 1 0 124,145 "149";
150 2 1 66,112 "150";
151 0 1 109,162 "151";
152 2 1 30,61 "152";
153 0 1 15,147 "153";
154 0 0 68,137 "154";
155 1 1 41,66 "155";
156 2 0 16,88 "156";
157 1 0 32,100 "157";
158 0 0 73,120 "158";
159 1 0 62,85 "159";
160 2 1 24,150 "160";
161 0 1 44,83 "161";
162 0 1 39,101 "162";
163 0 0 92,112 "163";
164 0 0 46,135 "164";
