parity 184;
0 0 1 115,138 "0";
1 0 0 35,140 "1";
2 0 0 122,150 "2";
3 2 1 0,20 "3";
4 2 0 40,77 "4";
5 0 0 18,76 "5";
6 0 1 12,181 "6";
7 0 0 85,98 "7";
8 0 1 30,156 "8";
9 0 0 165,174 "9";
10 1 0 88,135 "10";
11 0 0 154,157 "11";
12 1 0 14,171 "12";
13 0 0 62,179 "13";
14 0 0 34,126 "14";
15 0 1 29,76 "15";
16 2 1 87,178 "16";
17 2 0 18,47 "17";
18 2 0 71,72 "18";
19 0 1 17,25 "19";
20 1 1 106,117 "20";
21 0 1 41,109 "21";
22 0 1 7,27 "22";
23 1 0 31,43 "23";
24 0 0 10,151 "24";
25 1 0 51,71 "25";
26 2 1 22,70 "26";
27 0 0 10,57 "27";
28 2 0 42,54 "28";
29 0 0 26,113 "29";
30 2 0 14,174 "30";
31 1 0 165,176 "31";
32 2 1 109,140 "32";
33 1 1 13,82 "33";
34 0 0 48,135 "34";
35 0 0 37,75 "35";
36 0 0 127,131 "36";
37 1 0 66,155 "37";
38 0 1 27,126 "38";
39 0 0 24,129 "39";
40 1 0 37,114 "40";
41 2 1 125,128 "41";
42 1 0 121,127 "42";
43 1 1 29,142 "43";
44 1 1 21,54 "44";
45 0 1 36,139 "45";
46 0 1 27,89 "46";
47 1 1 57,71 "47";
48 1 0 33,71 "48";
49 1 0 10,58 "49";
50 0 1 156,181 "50";
51 0 0 14,176 "51";
52 1 1 28,38 "52";
53 2 0 56,103 "53";
54 0 1 52,62 "54";
55 0 0 31,115 "55";
56 0 1 71,136 "56";
57 2 0 9,42 "57";
58 2 0 48,108 "58";
59 0 1 32,172 "59";
60 2 1 112,180 "60";
61 2 0 80,173 "61";
62 1 0 4,155 "62";
63 1 0 10,101 "63";
64 2 0 78,105 "64";
65 2 0 61,86 "65";
66 0 1 21,69 "66";
67 0 1 28,41 "67";
68 1 0 11,43 "68";
69 1 1 80,180 "69";
70 0 1 23,65 "70";
71 2 0 55,57 "71";
72 1 1 55,182 "72";
73 1 0 42,45 "73";
74 2 0 120,143 "74";
75 2 0 61,98 "75";
76 2 1 99,171 "76";
77 2 0 139,181 "77";
78 0 0 25,97 "78";
79 2 0 116,139 "79";
80 2 1 115,159 "80";
81 0 1 39,71 "81";
82 2 1 126,156 "82";
83 2 0 51,97 "83";
84 2 0 18,38 "84";
85 1 0 67,159 "85";
86 2 0 9,99 "86";
87 2 0 56,119 "87";
88 1 0 80,145 "88";
89 2 1 34,184 "89";
90 0 0 84,154 "90";
91 1 1 66,183 "91";
92 2 1 48,86 "92";
93 1 0 126,152 "93";
94 2 1 8,74 "94";
95 2 0 9,53 "95";
96 0 0 104,122 "96";
97 2 1 23,43 "97";
98 0 1 20,116 "98";
99 2 1 22,40 "99";
100 0 0 7,142 "100";
101 2 0 28,163 "101";
102 1 0 94,103 "102";
103 2 1 127,135 "103";
104 0 1 36,82 "104";
105 2 0 153,176 "105";
106 0 0 71,174 "106";
107 2 0 81,150 "107";
108 0 1 15,34 "108";
109 1 0 25,98 "109";
110 1 0 104,122 "110";
111 1 1 124,161 "111";
112 0 1 29,47 "112";
113 0 0 1,62 "113";
114 1 1 45,131 "114";
115 0 0 57,117 "115";
116 1 1 91,96 "116";
117 0 0 11,123 "117";
118 0 0 73,131 "118";
119 0 1 69,79 "119";
120 1 0 11,34 "120";
121 0 1 22,115 "121";
122 1 1 130,165 "122";
123 2 0 55,152 "123";
124 1 0 69,119 "124";
125 2 0 96,178 "125";
126 0 1 68,108 "126";
127 2 0 101,118 "127";
128 2 1 53,132 "128";
129 2 1 7,29 "129";
130 1 0 13,154 "130";
131 2 1 111,130 "131";
132 2 1 38,179 "132";
133 0 0 47,90 "133";
134 1 1 160,182 "134";
135 2 1 43,161 "135";
136 0 0 70,147 "136";
137 1 0 58,154 "137";
138 2 1 29,175 "138";
139 1 0 21,94 "139";
140 2 1 66,170 "140";
141 1 1 91,119 "141";
142 2 1 16,181 "142";
143 0 1 69,175 "143";
144 2 1 50,139 "144";
145 1 0 30,70 "145";
146 2 0 37,145 "146";
147 2 1 53,100 "147";
148 0 1 54,57 "148";
149 2 0 98,165 "149";
150 1 1 18,134 "150";
151 2 1 96,153 "151";
152 2 0 60,157 "152";
153 1 1 50,179 "153";
154 1 0 49,126 "154";
155 0 0 53,91 "155";
156 1 1 75,150 "156";
157 1 1 33,176 "157";
158 2 1 98,114 "158";
159 1 1 85,168 "159";
160 1 0 29,142 "160";
161 1 1 40,184 "161";
162 2 0 6,173 "162";
163 2 1 67,162 "163";
164 1 1 92,130 "164";
165 2 0 89,91 "165";
166 2 1 2,12 "166";
167 0 0 10,28 "167";
168 1 1 36,60 "168";
169 0 1 153,181 "169";
170 0 0 152,176 "170";
171 1 0 135,183 "171";
172 0 1 59,105 "172";
173 0 0 60,121 "173";
174 2 1 103,111 "174";
175 0 1 101,151 "175";
176 1 0 58,73 "176";
177 0 0 103,147 "177";
178 0 0 14,149 "178";
179 0 1 111,181 "179";
180 2 1 80,83 "180";
181 1 0 133,155 "181";
182 0 0 48,133 "182";
183 2 0 86,155 "183";
184 1 1 10,137 "184";
