parity 159;
0 2 0 21,81 "0";
1 0 0 64,140 "1";
2 0 1 48,131 "2";
3 0 0 35,38 "3";
4 0 0 23,100 "4";
5 2 0 52,94 "5";
6 2 1 10,50 "6";
7 0 1 101,147 "7";
8 2 0 11,25 "8";
9 2 0 93,118 "9";
10 1 0 0,148 "10";
11 1 0 79,82 "11";
12 2 1 8,136 "12";
13 2 0 38,149 "13";
14 2 0 58,67 "14";
15 1 0 115,140 "15";
16 2 0 81,150 "16";
17 2 1 90,123 "17";
18 2 1 74,103 "18";
19 0 1 48,137 "19";
20 2 1 130,150 "20";
21 2 0 63,152 "21";
22 1 0 15,70 "22";
23 0 0 89,99 "23";
24 0 1 10,59 "24";
25 0 1 55,142 "25";
26 1 1 55,130 "26";
27 2 0 73,131 "27";
28 1 1 7,54 "28";
29 0 0 32,117 "29";
30 2 1 53,57 "30";
31 2 1 25,44 "31";
32 0 0 28,66 "32";
33 0 0 36,147 "33";
34 2 0 53,159 "34";
35 0 0 126,153 "35";
36 2 1 69,145 "36";
37 0 0 12,159 "37";
38 1 0 49,69 "38";
39 2 0 35,61 "39";
40 2 0 65,138 "40";
41 2 0 46,81 "41";
42 1 0 41,156 "42";
43 1 0 31,65 "43";
44 2 0 55,83 "44";
45 2 1 40,61 "45";
46 1 0 80,139 "46";
47 2 0 30,66 "47";
48 1 1 45,116 "48";
49 2 1 45,81 "49";
50 1 0 117,138 "50";
51 0 1 18,98 "51";
52 1 1 49,126 "52";
53 0 0 19,130 "53";
54 2 0 57,73 "54";
55 2 1 93,101 "55";
56 2 1 37,115 "56";
57 0 0 23,36 "57";
58 0 0 114,116 "58";
59 0 0 79,86 "59";
60 1 1 62,152 "60";
61 1 1 30,158 "61";
62 2 0 86,133 "62";
63 0 0 15,109 "63";
64 2 1 9,83 "64";
65 0 0 40,84 "65";
66 1 1 109,110 "66";
67 1 1 15,58 "67";
68 0 1 12,110 "68";
69 2 1 77,128 "69";
70 1 1 41,97 "70";
71 1 1 95,140 "71";
72 2 1 19,55 "72";
73 0 1 124,138 "73";
74 2 0 52,121 "74";
75 2 1 14,50 "75";
76 0 1 6,127 "76";
77 2 1 44,83 "77";
78 2 1 34,102 "78";
79 0 1 21,62 "79";
80 0 0 76,78 "80";
81 1 0 3,134 "81";
82 2 0 38,94 "82";
83 0 1 72,137 "83";
84 1 1 26,73 "84";
85 0 1 71,130 "85";
86 1 1 74,148 "86";
87 0 0 64,101 "87";
88 1 1 82,124 "88";
89 0 0 54,76 "89";
90 0 1 94,157 "90";
91 2 0 34,149 "91";
92 1 0 28,151 "92";
93 2 1 55,158 "93";
94 1 1 47,79 "94";
95 1 1 49,153 "95";
96 0 0 13,74 "96";
97 0 0 40,110 "97";
98 2 1 75,129 "98";
99 2 1 43,86 "99";
100 0 1 24,134 "100";
101 0 0 26,87 "101";
102 0 1 2,110 "102";
103 1 0 78,139 "103";
104 1 0 21,120 "104";
105 1 0 54,91 "105";
106 1 1 73,110 "106";
107 1 0 73,100 "107";
108 2 0 58,101 "108";
109 2 0 86,155 "109";
110 0 0 44,46 "110";
111 1 1 9,136 "111";
112 1 1 29,144 "112";
113 0 0 23,71 "113";
114 0 0 1,80 "114";
115 0 1 107,137 "115";
116 0 1 6,136 "116";
117 2 1 30,53 "117";
118 1 0 20,130 "118";
119 1 1 76,92 "119";
120 2 1 140,156 "120";
121 1 1 32,130 "121";
122 0 1 98,142 "122";
123 1 1 122,144 "123";
124 1 0 42,151 "124";
125 2 0 14,119 "125";
126 1 1 48,89 "126";
127 0 1 8,156 "127";
128 2 1 71,130 "128";
129 1 0 40,121 "129";
130 1 0 28,119 "130";
131 0 1 87,117 "131";
132 2 1 65,125 "132";
133 0 1 84,153 "133";
134 0 1 48,56 "134";
135 0 0 31,112 "135";
136 1 0 102,148 "136";
137 2 1 99,124 "137";
138 2 1 5,22 "138";
139 2 1 16,122 "139";
140 2 1 36,61 "140";
141 0 1 58,151 "141";
142 0 1 60,130 "142";
143 1 0 13,120 "143";
144 1 0 37,55 "144";
145 1 0 19,73 "145";
146 2 0 13,123 "146";
147 2 1 46,75 "147";
148 2 1 42,147 "148";
149 1 0 57,141 "149";
150 1 0 14,124 "150";
151 2 0 91,109 "151";
152 2 0 22,114 "152";
153 1 1 64,83 "153";
154 0 0 0,108 "154";
155 0 0 73,95 "155";
156 0 1 33,102 "156";
157 0 0 52,155 "157";
158 2 0 68,140 "158";
159 2 1 50,107 "159";
