parity 139;
0 2 0 38,94 "0";
1 2 1 37,109 "1";
2 1 0 41,114 "2";
3 0 0 56,78 "3";
4 1 0 97,111 "4";
5 0 1 49,65 "5";
6 0 1 4,108 "6";
7 0 0 30,54 "7";
8 1 1 90,98 "8";
9 2 1 111,128 "9";
10 1 1 11,101 "10";
11 2 1 86,120 "11";
12 2 1 1,26 "12";
13 0 1 75,94 "13";
14 2 0 6,59 "14";
15 0 0 69,83 "15";
16 1 0 94,139 "16";
17 2 0 4,54 "17";
18 1 0 3,32 "18";
19 0 1 25,54 "19";
20 0 1 54,67 "20";
21 2 0 30,106 "21";
22 1 0 20,106 "22";
23 0 1 77,90 "23";
24 0 1 9,117 "24";
25 2 0 51,104 "25";
26 1 1 16,91 "26";
27 2 1 11,81 "27";
28 1 0 45,102 "28";
29 0 0 0,98 "29";
30 1 0 2,83 "30";
31 0 1 49,51 "31";
32 0 0 0,61 "32";
33 1 1 8,117 "33";
34 2 1 59,118 "34";
35 2 1 74,97 "35";
36 0 1 46,74 "36";
37 0 0 9,86 "37";
38 0 1 0,93 "38";
39 0 1 3,54 "39";
40 1 0 86,118 "40";
41 0 1 42,60 "41";
42 2 1 85,96 "42";
43 1 0 9,60 "43";
44 1 1 28,90 "44";
45 2 1 62,136 "45";
46 0 1 20,89 "46";
47 2 1 22,115 "47";
48 0 0 30,90 "48";
49 1 0 79,127 "49";
50 2 1 36,82 "50";
51 2 1 133,136 "51";
52 2 1 7,23 "52";
53 1 0 36,118 "53";
54 2 0 89,119 "54";
55 0 1 76,109 "55";
56 0 1 98,104 "56";
57 1 1 36,76 "57";
58 2 0 17,88 "58";
59 0 0 54,68 "59";
60 1 1 28,33 "60";
61 1 0 70,76 "61";
62 1 0 97,119 "62";
63 1 1 42,83 "63";
64 2 1 85,109 "64";
65 2 0 53,55 "65";
66 1 1 115,129 "66";
67 0 0 53,136 "67";
68 2 1 35,98 "68";
69 1 1 59,65 "69";
70 0 0 30,36 "70";
71 1 0 103,109 "71";
72 0 1 45,107 "72";
73 0 1 56,114 "73";
74 2 0 59,82 "74";
75 2 0 30,90 "75";
76 2 1 53,85 "76";
77 2 1 3,118 "77";
78 0 1 40,126 "78";
79 1 1 14,93 "79";
80 2 0 1,55 "80";
81 1 0 5,41 "81";
82 2 1 37,70 "82";
83 2 1 68,96 "83";
84 1 1 59,100 "84";
85 1 1 83,95 "85";
86 1 1 75,85 "86";
87 2 0 5,122 "87";
88 0 0 47,127 "88";
89 2 1 131,136 "89";
90 1 1 32,59 "90";
91 0 1 85,106 "91";
92 2 0 23,81 "92";
93 2 0 39,128 "93";
94 1 0 55,127 "94";
95 1 1 33,112 "95";
96 2 1 13,63 "96";
97 0 1 51,113 "97";
98 0 0 28,29 "98";
99 1 1 55,63 "99";
100 0 0 3,63 "100";
101 2 1 67,86 "101";
102 2 0 6,49 "102";
103 2 1 53,77 "103";
104 0 0 65,68 "104";
105 0 1 7,139 "105";
106 2 0 34,128 "106";
107 1 0 5,81 "107";
108 0 1 31,78 "108";
109 1 1 22,126 "109";
110 1 0 61,122 "110";
111 2 1 30,73 "111";
112 0 1 73,104 "112";
113 2 0 53,108 "113";
114 0 0 56,105 "114";
115 0 0 89,100 "115";
116 0 1 27,81 "116";
117 1 0 54,107 "117";
118 1 1 65,78 "118";
119 1 0 21,47 "119";
120 1 1 42,84 "120";
121 0 1 81,87 "121";
122 0 1 57,108 "122";
123 0 1 98,129 "123";
124 0 1 12,64 "124";
125 1 0 7,120 "125";
126 1 0 54,134 "126";
127 1 0 28,49 "127";
128 2 1 0,96 "128";
129 1 0 18,46 "129";
130 1 0 108,131 "130";
131 1 0 23,109 "131";
132 1 1 23,96 "132";
133 1 1 93,126 "133";
134 2 0 9,129 "134";
135 1 0 30,124 "135";
136 0 1 17,116 "136";
137 0 1 3,25 "137";
138 2 1 44,72 "138";
139 1 0 70,134 "139";
