parity 114;
0 1 0 38,76 "0";
1 2 1 37,75 "1";
2 2 0 8,51 "2";
3 0 0 31,111 "3";
4 0 0 29,50 "4";
5 0 1 17,40 "5";
6 0 0 87,114 "6";
7 2 0 51,79 "7";
8 0 1 33,53 "8";
9 0 0 102,106 "9";
10 0 0 41,102 "10";
11 0 0 91,96 "11";
12 2 1 69,77 "12";
13 1 1 58,103 "13";
14 1 0 25,55 "14";
15 1 1 40,98 "15";
16 1 1 50,76 "16";
17 1 0 68,97 "17";
18 0 1 27,41 "18";
19 2 1 40,48 "19";
20 2 1 38,61 "20";
21 2 0 10,85 "21";
22 0 0 23,54 "22";
23 0 0 31,48 "23";
24 2 1 8,81 "24";
25 1 1 0,72 "25";
26 2 0 5,96 "26";
27 2 0 78,86 "27";
28 2 1 2,77 "28";
29 2 0 1,71 "29";
30 1 1 44,56 "30";
31 1 1 38,52 "31";
32 0 0 49,90 "32";
33 0 1 25,101 "33";
34 0 1 8,80 "34";
35 0 0 7,82 "35";
36 1 0 11,81 "36";
37 0 0 27,80 "37";
38 1 1 9,16 "38";
39 1 1 27,81 "39";
40 2 0 30,38 "40";
41 0 0 47,83 "41";
42 1 1 3,82 "42";
43 0 0 50,63 "43";
44 2 0 58,106 "44";
45 1 1 84,88 "45";
46 2 1 4,77 "46";
47 1 0 73,94 "47";
48 1 1 6,109 "48";
49 0 1 60,74 "49";
50 2 1 81,93 "50";
51 2 1 3,74 "51";
52 0 1 8,11 "52";
53 0 0 33,73 "53";
54 2 0 17,57 "54";
55 2 1 5,51 "55";
56 0 0 58,85 "56";
57 2 0 51,74 "57";
58 2 0 75,100 "58";
59 1 1 23,54 "59";
60 0 1 66,91 "60";
61 2 0 86,104 "61";
62 2 1 59,84 "62";
63 0 1 59,76 "63";
64 0 0 28,55 "64";
65 2 1 43,106 "65";
66 0 1 2,113 "66";
67 1 1 46,87 "67";
68 2 0 14,54 "68";
69 2 0 59,72 "69";
70 0 1 78,108 "70";
71 2 0 15,97 "71";
72 2 1 79,89 "72";
73 2 1 54,59 "73";
74 0 1 17,110 "74";
75 1 0 13,100 "75";
76 1 0 19,95 "76";
77 0 1 68,91 "77";
78 0 0 11,75 "78";
79 2 0 8,73 "79";
80 2 0 72,89 "80";
81 0 0 0,88 "81";
82 0 0 34,52 "82";
83 0 0 42,89 "83";
84 1 1 15,48 "84";
85 0 0 7,114 "85";
86 1 1 68,105 "86";
87 0 0 36,91 "87";
88 1 0 27,57 "88";
89 2 0 44,96 "89";
90 1 0 2,81 "90";
91 1 1 29,80 "91";
92 0 1 64,73 "92";
93 0 1 66,92 "93";
94 0 1 14,96 "94";
95 1 0 59,66 "95";
96 0 0 1,80 "96";
97 1 1 27,99 "97";
98 0 1 9,41 "98";
99 1 1 5,37 "99";
100 0 1 104,106 "100";
101 1 0 58,68 "101";
102 2 1 14,77 "102";
103 1 0 73,100 "103";
104 1 0 75,87 "104";
105 1 1 17,55 "105";
106 1 0 19,46 "106";
107 2 0 24,96 "107";
108 2 0 99,113 "108";
109 0 0 86,111 "109";
110 1 1 69,88 "110";
111 2 0 45,73 "111";
112 1 0 46,83 "112";
113 0 1 54,63 "113";
114 0 0 81,111 "114";
