parity 159;
0 2 1 36,85 "0";
1 2 1 63,73 "1";
2 0 0 57,129 "2";
3 1 0 2,136 "3";
4 1 0 34,142 "4";
5 1 1 42,61 "5";
6 0 1 84,156 "6";
7 1 1 10,124 "7";
8 0 0 24,102 "8";
9 2 0 113,131 "9";
10 2 1 11,43 "10";
11 0 0 21,74 "11";
12 2 1 92,95 "12";
13 1 1 21,93 "13";
14 1 1 103,131 "14";
15 0 0 111,125 "15";
16 2 0 18,148 "16";
17 1 1 16,159 "17";
18 2 0 47,50 "18";
19 2 1 136,151 "19";
20 0 0 84,107 "20";
21 1 1 83,114 "21";
22 2 1 15,62 "22";
23 1 1 41,97 "23";
24 0 1 92,139 "24";
25 1 0 26,81 "25";
26 2 1 1,59 "26";
27 0 0 22,101 "27";
28 2 1 16,139 "28";
29 1 0 52,145 "29";
30 1 0 83,116 "30";
31 1 1 39,110 "31";
32 0 0 99,115 "32";
33 0 0 29,31 "33";
34 1 0 57,89 "34";
35 2 0 102,138 "35";
36 0 0 19,143 "36";
37 2 1 96,148 "37";
38 0 1 39,41 "38";
39 0 1 8,17 "39";
40 2 0 20,118 "40";
41 2 0 24,133 "41";
42 2 0 76,111 "42";
43 1 1 102,103 "43";
44 1 1 12,70 "44";
45 1 0 73,156 "45";
46 0 0 42,104 "46";
47 0 1 0,8 "47";
48 2 0 75,154 "48";
49 0 0 69,142 "49";
50 1 1 14,128 "50";
51 1 0 13,17 "51";
52 1 0 58,77 "52";
53 0 1 76,112 "53";
54 0 1 13,125 "54";
55 2 1 46,138 "55";
56 1 0 34,71 "56";
57 2 0 3,46 "57";
58 1 0 12,46 "58";
59 0 1 43,53 "59";
60 2 1 18,103 "60";
61 2 1 14,64 "61";
62 2 0 86,139 "62";
63 0 1 22,122 "63";
64 1 1 121,159 "64";
65 1 1 8,43 "65";
66 2 0 103,138 "66";
67 1 0 97,158 "67";
68 0 1 38,142 "68";
69 2 0 34,143 "69";
70 0 1 51,68 "70";
71 0 1 101,145 "71";
72 1 1 99,115 "72";
73 2 0 31,89 "73";
74 2 1 0,134 "74";
75 0 1 18,105 "75";
76 0 0 23,94 "76";
77 1 1 44,100 "77";
78 1 0 24,52 "78";
79 2 0 17,102 "79";
80 0 0 8,44 "80";
81 0 0 17,90 "81";
82 0 0 25,109 "82";
83 1 1 26,146 "83";
84 1 1 3,148 "84";
85 1 0 101,125 "85";
86 2 1 95,109 "86";
87 1 1 59,106 "87";
88 1 0 26,153 "88";
89 1 0 25,87 "89";
90 1 1 48,113 "90";
91 0 0 79,83 "91";
92 2 0 125,148 "92";
93 1 1 78,131 "93";
94 0 0 12,120 "94";
95 2 0 18,90 "95";
96 0 1 32,98 "96";
97 0 0 18,98 "97";
98 1 1 47,102 "98";
99 0 1 19,122 "99";
100 2 0 37,124 "100";
101 0 0 92,131 "101";
102 0 0 108,113 "102";
103 1 0 10,122 "103";
104 1 0 17,20 "104";
105 2 1 26,29 "105";
106 1 1 1,55 "106";
107 1 0 30,133 "107";
108 2 1 63,74 "108";
109 0 1 9,56 "109";
110 2 0 102,144 "110";
111 2 0 60,64 "111";
112 2 1 25,26 "112";
113 1 0 66,85 "113";
114 2 1 21,128 "114";
115 1 1 39,75 "115";
116 2 1 78,103 "116";
117 1 0 61,100 "117";
118 2 1 3,34 "118";
119 0 1 100,141 "119";
120 1 0 31,84 "120";
121 1 0 23,107 "121";
122 2 0 108,114 "122";
123 1 0 5,73 "123";
124 0 1 65,138 "124";
125 1 0 107,122 "125";
126 1 0 53,73 "126";
127 1 0 26,72 "127";
128 0 1 8,12 "128";
129 2 1 106,115 "129";
130 1 0 9,66 "130";
131 0 1 32,42 "131";
132 1 1 32,44 "132";
133 1 0 73,134 "133";
134 0 1 41,81 "134";
135 1 1 13,59 "135";
136 0 1 15,79 "136";
137 1 0 94,124 "137";
138 2 1 58,59 "138";
139 1 1 27,33 "139";
140 1 1 56,104 "140";
141 2 1 71,95 "141";
142 1 1 105,155 "142";
143 1 1 101,115 "143";
144 0 0 9,33 "144";
145 1 1 15,56 "145";
146 1 0 17,71 "146";
147 0 0 75,121 "147";
148 2 1 7,149 "148";
149 0 1 1,44 "149";
150 2 1 41,102 "150";
151 1 0 116,119 "151";
152 1 0 105,142 "152";
153 0 1 70,99 "153";
154 1 0 68,70 "154";
155 1 1 23,86 "155";
156 2 0 157,159 "156";
157 0 0 85,134 "157";
158 0 1 64,68 "158";
159 0 1 41,88 "159";
