parity 139;
0 2 1 58,102 "0";
1 0 0 16,86 "1";
2 2 0 51,125 "2";
3 1 0 9,123 "3";
4 0 0 121,128 "4";
5 2 0 33,92 "5";
6 0 0 17,57 "6";
7 0 0 21,42 "7";
8 1 1 76,92 "8";
9 1 1 5,130 "9";
10 1 0 13,91 "10";
11 0 1 35,91 "11";
12 1 1 24,102 "12";
13 1 0 11,47 "13";
14 0 0 79,114 "14";
15 0 0 14,133 "15";
16 1 1 80,104 "16";
17 2 1 90,125 "17";
18 0 0 44,79 "18";
19 1 0 102,123 "19";
20 1 1 103,116 "20";
21 0 1 9,125 "21";
22 0 1 30,52 "22";
23 0 0 51,87 "23";
24 2 1 72,124 "24";
25 2 1 62,113 "25";
26 2 0 114,129 "26";
27 1 0 12,133 "27";
28 1 1 0,113 "28";
29 1 1 4,115 "29";
30 2 0 55,68 "30";
31 2 0 3,97 "31";
32 0 0 103,120 "32";
33 2 0 63,95 "33";
34 0 0 16,60 "34";
35 2 0 8,93 "35";
36 2 1 22,129 "36";
37 2 1 12,41 "37";
38 2 0 116,125 "38";
39 0 1 114,137 "39";
40 1 1 11,74 "40";
41 1 0 7,77 "41";
42 0 1 115,119 "42";
43 0 0 4,20 "43";
44 0 1 48,61 "44";
45 2 1 41,77 "45";
46 2 1 35,102 "46";
47 1 0 51,86 "47";
48 2 0 72,128 "48";
49 2 1 1,98 "49";
50 0 0 34,99 "50";
51 1 0 53,89 "51";
52 0 0 63,112 "52";
53 2 1 29,63 "53";
54 1 0 91,95 "54";
55 0 0 25,51 "55";
56 2 1 54,86 "56";
57 2 1 5,50 "57";
58 1 0 69,78 "58";
59 2 1 70,114 "59";
60 2 1 115,119 "60";
61 0 1 6,106 "61";
62 1 0 5,19 "62";
63 1 1 68,92 "63";
64 2 1 5,119 "64";
65 2 1 85,110 "65";
66 0 0 20,25 "66";
67 0 1 81,105 "67";
68 1 1 54,124 "68";
69 0 1 16,29 "69";
70 2 0 62,76 "70";
71 1 1 18,86 "71";
72 1 1 74,126 "72";
73 0 0 66,123 "73";
74 0 1 71,75 "74";
75 0 1 122,135 "75";
76 1 1 8,57 "76";
77 0 0 23,43 "77";
78 0 1 15,66 "78";
79 2 0 2,66 "79";
80 2 0 17,103 "80";
81 2 1 33,78 "81";
82 1 1 2,116 "82";
83 1 1 29,95 "83";
84 2 1 67,69 "84";
85 2 1 18,95 "85";
86 0 0 32,39 "86";
87 0 0 42,62 "87";
88 1 0 4,39 "88";
89 0 0 129,136 "89";
90 2 0 31,91 "90";
91 2 0 76,81 "91";
92 1 1 59,117 "92";
93 1 0 64,126 "93";
94 2 1 7,54 "94";
95 0 1 17,65 "95";
96 2 0 49,53 "96";
97 2 0 41,114 "97";
98 0 1 2,136 "98";
99 2 0 24,78 "99";
100 2 1 17,115 "100";
101 0 0 67,108 "101";
102 1 1 10,99 "102";
103 1 1 18,72 "103";
104 1 0 25,81 "104";
105 2 1 35,132 "105";
106 2 0 59,101 "106";
107 0 0 70,138 "107";
108 2 0 70,73 "108";
109 0 1 73,75 "109";
110 2 0 49,99 "110";
111 0 1 52,56 "111";
112 0 1 65,69 "112";
113 1 1 22,81 "113";
114 1 1 108,109 "114";
115 0 1 16,42 "115";
116 0 0 90,139 "116";
117 2 0 114,125 "117";
118 2 0 63,96 "118";
119 2 0 114,120 "119";
120 0 1 63,83 "120";
121 2 0 90,132 "121";
122 2 1 71,106 "122";
123 1 1 17,54 "123";
124 2 0 5,38 "124";
125 0 1 10,89 "125";
126 2 0 98,109 "126";
127 2 0 102,108 "127";
128 0 1 29,82 "128";
129 1 1 80,137 "129";
130 0 1 1,13 "130";
131 2 1 23,94 "131";
132 2 0 80,138 "132";
133 2 1 60,87 "133";
134 0 0 28,103 "134";
135 1 0 54,92 "135";
136 0 0 83,121 "136";
137 1 1 3,93 "137";
138 2 0 35,121 "138";
139 1 1 47,50 "139";
