parity 144;
0 0 1 6,49 "0";
1 0 1 56,116 "1";
2 0 0 53,73 "2";
3 2 1 74,118 "3";
4 1 0 102,121 "4";
5 0 1 0,70 "5";
6 0 0 43,119 "6";
7 0 0 6,113 "7";
8 1 1 74,133 "8";
9 1 1 21,129 "9";
10 0 0 19,142 "10";
11 2 1 5,20 "11";
12 2 1 76,87 "12";
13 2 0 40,86 "13";
14 2 1 50,78 "14";
15 2 0 40,105 "15";
16 1 0 19,76 "16";
17 2 1 47,125 "17";
18 1 1 41,71 "18";
19 1 0 5,15 "19";
20 0 1 85,105 "20";
21 2 0 25,52 "21";
22 0 1 11,28 "22";
23 2 1 14,133 "23";
24 0 0 39,69 "24";
25 1 1 43,93 "25";
26 0 0 52,54 "26";
27 1 1 1,114 "27";
28 2 1 42,139 "28";
29 1 0 84,143 "29";
30 0 0 53,134 "30";
31 0 1 33,131 "31";
32 1 0 53,78 "32";
33 1 1 12,112 "33";
34 0 0 17,130 "34";
35 2 0 58,67 "35";
36 2 0 31,85 "36";
37 1 1 38,42 "37";
38 2 0 21,32 "38";
39 2 1 19,94 "39";
40 0 1 20,58 "40";
41 1 0 98,136 "41";
42 2 1 66,117 "42";
43 2 1 74,106 "43";
44 2 0 13,45 "44";
45 0 0 24,128 "45";
46 1 1 22,75 "46";
47 1 1 22,106 "47";
48 1 1 10,92 "48";
49 0 0 95,116 "49";
50 2 0 38,107 "50";
51 1 1 25,40 "51";
52 2 0 80,121 "52";
53 1 1 39,78 "53";
54 0 0 91,116 "54";
55 2 0 2,140 "55";
56 1 1 11,64 "56";
57 0 1 33,100 "57";
58 1 0 76,91 "58";
59 0 0 10,119 "59";
60 2 1 29,36 "60";
61 0 1 56,102 "61";
62 0 1 38,114 "62";
63 0 1 9,141 "63";
64 1 0 140,142 "64";
65 2 0 113,126 "65";
66 0 0 25,93 "66";
67 1 1 81,120 "67";
68 0 0 8,56 "68";
69 1 0 74,93 "69";
70 0 1 101,116 "70";
71 2 1 57,143 "71";
72 2 1 48,126 "72";
73 1 1 17,120 "73";
74 1 0 5,45 "74";
75 0 0 88,135 "75";
76 1 0 68,70 "76";
77 2 1 26,84 "77";
78 0 1 87,101 "78";
79 1 1 72,100 "79";
80 0 1 118,120 "80";
81 1 0 93,106 "81";
82 2 1 66,138 "82";
83 0 1 13,63 "83";
84 2 1 58,62 "84";
85 1 0 92,115 "85";
86 1 0 14,51 "86";
87 2 0 6,57 "87";
88 0 1 63,108 "88";
89 2 1 88,102 "89";
90 2 0 18,120 "90";
91 0 1 87,113 "91";
92 0 1 83,108 "92";
93 1 0 111,118 "93";
94 2 1 25,80 "94";
95 0 1 35,139 "95";
96 0 0 67,99 "96";
97 0 0 6,103 "97";
98 1 0 89,115 "98";
99 0 1 34,37 "99";
100 0 0 36,42 "100";
101 1 1 10,89 "101";
102 1 1 11,109 "102";
103 2 1 64,91 "103";
104 1 0 56,81 "104";
105 0 0 47,130 "105";
106 2 1 35,44 "106";
107 2 1 42,136 "107";
108 0 0 59,115 "108";
109 0 1 24,100 "109";
110 0 0 69,93 "110";
111 2 1 9,11 "111";
112 0 0 53,99 "112";
113 0 0 87,135 "113";
114 0 1 99,112 "114";
115 0 1 24,123 "115";
116 2 0 117,138 "116";
117 0 1 33,105 "117";
118 1 0 44,130 "118";
119 0 1 19,46 "119";
120 0 0 82,125 "120";
121 2 1 70,91 "121";
122 0 0 6,135 "122";
123 1 0 2,23 "123";
124 0 1 32,35 "124";
125 2 1 120,132 "125";
126 2 0 69,95 "126";
127 0 0 51,140 "127";
128 2 1 18,40 "128";
129 0 0 60,140 "129";
130 2 0 65,124 "130";
131 2 0 58,101 "131";
132 0 0 18,128 "132";
133 2 1 34,117 "133";
134 2 0 1,9 "134";
135 2 1 15,95 "135";
136 0 0 110,138 "136";
137 2 0 9,129 "137";
138 0 1 69,112 "138";
139 2 1 61,126 "139";
140 2 1 4,141 "140";
141 2 0 80,82 "141";
142 2 1 20,82 "142";
143 0 0 57,113 "143";
144 2 0 84,109 "144";
