parity 104;
0 2 1 38,56 "0";
1 2 0 25,95 "1";
2 1 0 4,71 "2";
3 2 1 6,77 "3";
4 2 1 84,103 "4";
5 1 0 17,57 "5";
6 2 1 24,78 "6";
7 0 1 34,89 "7";
8 0 0 34,37 "8";
9 1 1 4,73 "9";
10 2 1 88,103 "10";
11 0 1 6,77 "11";
12 1 0 44,102 "12";
13 2 0 17,55 "13";
14 0 1 17,19 "14";
15 0 0 37,89 "15";
16 1 0 25,70 "16";
17 2 0 5,87 "17";
18 2 1 8,88 "18";
19 2 0 4,51 "19";
20 1 0 76,89 "20";
21 1 1 20,25 "21";
22 1 1 58,76 "22";
23 1 0 35,94 "23";
24 2 1 27,63 "24";
25 1 0 8,22 "25";
26 2 0 60,91 "26";
27 1 1 48,59 "27";
28 0 0 50,64 "28";
29 1 1 27,34 "29";
30 2 1 27,87 "30";
31 1 0 2,42 "31";
32 2 0 16,54 "32";
33 0 1 28,74 "33";
34 2 0 39,70 "34";
35 2 1 49,95 "35";
36 1 1 59,86 "36";
37 0 0 6,45 "37";
38 0 1 6,44 "38";
39 0 1 42,87 "39";
40 1 1 38,97 "40";
41 2 0 30,75 "41";
42 2 0 15,88 "42";
43 0 0 70,71 "43";
44 0 1 71,84 "44";
45 1 0 8,21 "45";
46 1 1 28,56 "46";
47 0 1 9,39 "47";
48 2 1 21,74 "48";
49 1 0 72,87 "49";
50 2 0 20,43 "50";
51 0 0 10,79 "51";
52 1 1 45,86 "52";
53 1 0 86,97 "53";
54 0 0 32,39 "54";
55 0 0 48,96 "55";
56 1 0 63,70 "56";
57 0 1 12,13 "57";
58 1 0 82,85 "58";
59 0 0 3,101 "59";
60 1 1 14,30 "60";
61 1 0 21,44 "61";
62 0 0 0,80 "62";
63 1 1 3,70 "63";
64 1 0 78,85 "64";
65 2 0 44,58 "65";
66 0 1 78,84 "66";
67 1 1 12,14 "67";
68 1 0 22,84 "68";
69 0 0 48,82 "69";
70 0 1 47,92 "70";
71 0 1 55,73 "71";
72 1 0 0,44 "72";
73 1 0 92,103 "73";
74 2 0 53,97 "74";
75 1 1 34,71 "75";
76 0 1 1,93 "76";
77 0 0 29,96 "77";
78 0 0 22,56 "78";
79 2 1 20,61 "79";
80 0 1 8,41 "80";
81 0 1 21,35 "81";
82 2 1 11,84 "82";
83 1 0 1,81 "83";
84 0 0 10,40 "84";
85 2 1 38,53 "85";
86 2 1 7,41 "86";
87 2 1 32,90 "87";
88 1 1 5,51 "88";
89 1 0 42,79 "89";
90 1 1 69,76 "90";
91 0 0 42,47 "91";
92 0 0 71,99 "92";
93 0 0 67,71 "93";
94 0 0 6,55 "94";
95 2 1 25,100 "95";
96 0 0 9,35 "96";
97 1 0 49,57 "97";
98 2 0 35,37 "98";
99 2 0 27,65 "99";
100 2 0 3,92 "100";
101 0 0 58,95 "101";
102 1 0 30,66 "102";
103 0 1 24,104 "103";
104 0 1 33,103 "104";
