parity 99;
0 1 1 87,89 "0";
1 2 0 9,21 "1";
2 2 0 16,51 "2";
3 0 1 4,45 "3";
4 2 1 76,98 "4";
5 1 0 38,62 "5";
6 1 1 3,85 "6";
7 1 0 4,74 "7";
8 2 1 4,89 "8";
9 2 1 17,62 "9";
10 0 1 9,69 "10";
11 1 0 2,50 "11";
12 2 1 11,73 "12";
13 2 0 9,97 "13";
14 0 0 26,86 "14";
15 0 1 37,65 "15";
16 1 1 60,84 "16";
17 0 1 61,65 "17";
18 0 1 24,78 "18";
19 1 0 72,76 "19";
20 1 0 79,82 "20";
21 0 1 28,52 "21";
22 2 0 86,88 "22";
23 0 0 34,51 "23";
24 0 1 39,53 "24";
25 0 0 75,91 "25";
26 2 1 18,65 "26";
27 0 1 11,78 "27";
28 2 0 11,53 "28";
29 1 0 12,58 "29";
30 1 1 6,15 "30";
31 1 0 43,49 "31";
32 2 1 80,93 "32";
33 2 1 23,65 "33";
34 0 1 2,62 "34";
35 1 1 64,73 "35";
36 0 0 9,82 "36";
37 1 0 39,46 "37";
38 0 0 23,92 "38";
39 2 1 51,76 "39";
40 1 0 56,60 "40";
41 2 0 31,87 "41";
42 0 0 57,68 "42";
43 1 1 37,80 "43";
44 1 1 62,66 "44";
45 0 1 12,57 "45";
46 0 1 20,28 "46";
47 0 1 40,91 "47";
48 2 0 6,25 "48";
49 0 1 48,71 "49";
50 1 1 31,38 "50";
51 1 0 30,93 "51";
52 2 0 9,92 "52";
53 2 1 96,98 "53";
54 0 1 21,63 "54";
55 2 1 35,94 "55";
56 1 0 21,33 "56";
57 1 0 28,92 "57";
58 1 1 5,78 "58";
59 2 0 3,61 "59";
60 2 0 22,71 "60";
61 1 0 9,64 "61";
62 2 1 3,29 "62";
63 1 0 23,61 "63";
64 1 1 3,82 "64";
65 1 0 0,75 "65";
66 2 0 27,58 "66";
67 1 1 61,93 "67";
68 0 1 13,57 "68";
69 2 1 1,87 "69";
70 1 1 76,85 "70";
71 2 0 22,59 "71";
72 1 1 36,69 "72";
73 1 0 60,96 "73";
74 0 0 51,53 "74";
75 1 0 31,67 "75";
76 0 1 42,77 "76";
77 2 0 17,87 "77";
78 0 1 31,96 "78";
79 2 1 2,96 "79";
80 2 0 6,54 "80";
81 1 1 86,94 "81";
82 1 1 42,89 "82";
83 1 0 1,29 "83";
84 2 1 30,69 "84";
85 2 0 53,79 "85";
86 1 1 72,99 "86";
87 0 1 23,41 "87";
88 1 0 6,34 "88";
89 0 0 37,92 "89";
90 2 1 1,27 "90";
91 1 1 11,42 "91";
92 0 1 31,93 "92";
93 0 1 43,76 "93";
94 1 0 34,98 "94";
95 1 0 38,46 "95";
96 1 0 29,55 "96";
97 1 0 15,40 "97";
98 0 0 49,64 "98";
99 1 1 59,82 "99";
