parity 154;
0 0 0 109,143 "0";
1 2 0 85,99 "1";
2 1 0 100,140 "2";
3 0 0 1,154 "3";
4 0 1 57,86 "4";
5 0 1 132,149 "5";
6 0 1 1,139 "6";
7 1 0 54,137 "7";
8 0 1 46,130 "8";
9 0 0 43,153 "9";
10 1 1 100,123 "10";
11 1 0 23,89 "11";
12 2 0 77,87 "12";
13 1 0 97,129 "13";
14 1 1 51,65 "14";
15 1 1 6,64 "15";
16 1 0 30,99 "16";
17 0 0 7,84 "17";
18 2 1 59,87 "18";
19 1 1 120,143 "19";
20 0 0 14,50 "20";
21 1 0 64,120 "21";
22 1 1 27,121 "22";
23 0 0 57,105 "23";
24 2 0 60,104 "24";
25 1 1 30,119 "25";
26 0 0 77,84 "26";
27 0 1 22,149 "27";
28 1 0 34,86 "28";
29 1 1 41,52 "29";
30 2 0 36,92 "30";
31 2 1 12,128 "31";
32 1 1 24,83 "32";
33 1 0 78,85 "33";
34 2 1 100,125 "34";
35 0 1 36,39 "35";
36 1 1 0,69 "36";
37 1 0 86,140 "37";
38 0 0 108,153 "38";
39 1 0 12,54 "39";
40 0 1 106,151 "40";
41 2 0 90,129 "41";
42 0 0 15,66 "42";
43 1 1 13,122 "43";
44 1 0 11,53 "44";
45 2 0 136,139 "45";
46 0 0 127,142 "46";
47 1 0 90,128 "47";
48 2 0 33,51 "48";
49 2 1 23,76 "49";
50 0 1 39,105 "50";
51 0 0 60,71 "51";
52 1 1 36,95 "52";
53 2 0 135,143 "53";
54 0 1 33,47 "54";
55 1 0 30,125 "55";
56 1 1 76,112 "56";
57 0 0 46,90 "57";
58 2 0 29,140 "58";
59 1 0 30,133 "59";
60 2 1 43,68 "60";
61 0 0 7,71 "61";
62 0 0 145,152 "62";
63 2 0 55,126 "63";
64 1 0 18,128 "64";
65 2 1 48,115 "65";
66 1 0 5,37 "66";
67 1 0 53,91 "67";
68 1 0 0,134 "68";
69 0 0 20,88 "69";
70 1 1 43,139 "70";
71 2 1 27,85 "71";
72 0 0 75,91 "72";
73 2 0 16,154 "73";
74 2 0 83,126 "74";
75 0 1 74,150 "75";
76 0 0 3,61 "76";
77 0 1 22,56 "77";
78 2 1 23,80 "78";
79 0 1 35,133 "79";
80 0 1 37,104 "80";
81 1 0 27,59 "81";
82 1 0 76,89 "82";
83 0 1 28,98 "83";
84 0 0 129,152 "84";
85 2 1 82,97 "85";
86 2 0 3,33 "86";
87 1 1 83,121 "87";
88 1 1 9,133 "88";
89 1 0 64,108 "89";
90 2 0 20,130 "90";
91 2 1 31,96 "91";
92 0 0 61,89 "92";
93 0 1 17,52 "93";
94 1 0 41,47 "94";
95 1 1 129,151 "95";
96 1 1 15,117 "96";
97 0 0 62,65 "97";
98 1 1 54,110 "98";
99 1 1 119,134 "99";
100 1 1 24,89 "100";
101 1 1 60,67 "101";
102 2 0 46,111 "102";
103 2 0 67,127 "103";
104 0 1 17,62 "104";
105 1 1 20,34 "105";
106 1 0 20,154 "106";
107 1 0 28,82 "107";
108 1 1 0,109 "108";
109 1 0 122,128 "109";
110 0 0 104,137 "110";
111 1 1 28,123 "111";
112 1 1 80,124 "112";
113 0 0 1,129 "113";
114 1 0 25,127 "114";
115 1 1 34,152 "115";
116 2 0 60,64 "116";
117 2 0 104,118 "117";
118 2 1 86,129 "118";
119 2 1 44,145 "119";
120 1 1 82,144 "120";
121 0 1 59,69 "121";
122 0 1 32,121 "122";
123 2 0 63,121 "123";
124 0 0 37,50 "124";
125 0 1 51,87 "125";
126 1 1 112,125 "126";
127 2 0 55,104 "127";
128 2 0 63,85 "128";
129 2 1 61,86 "129";
130 1 1 80,94 "130";
131 2 1 15,58 "131";
132 0 0 39,57 "132";
133 1 0 70,140 "133";
134 2 1 30,103 "134";
135 0 1 98,120 "135";
136 1 0 131,152 "136";
137 0 0 105,154 "137";
138 0 1 111,120 "138";
139 0 0 69,145 "139";
140 2 1 34,93 "140";
141 1 1 70,150 "141";
142 2 0 12,17 "142";
143 0 1 37,39 "143";
144 2 1 122,126 "144";
145 2 0 75,110 "145";
146 0 1 42,127 "146";
147 2 0 123,138 "147";
148 1 0 108,122 "148";
149 1 1 114,150 "149";
150 1 0 127,144 "150";
151 1 1 57,110 "151";
152 2 1 37,147 "152";
153 1 0 31,72 "153";
154 1 0 79,83 "154";
