parity 119;
0 0 1 19,94 "0";
1 2 0 75,86 "1";
2 2 1 15,103 "2";
3 2 0 19,99 "3";
4 2 1 85,91 "4";
5 2 1 52,97 "5";
6 1 0 25,40 "6";
7 2 1 49,90 "7";
8 1 1 72,102 "8";
9 1 0 43,91 "9";
10 0 1 36,109 "10";
11 1 0 72,105 "11";
12 0 0 6,54 "12";
13 2 1 50,66 "13";
14 2 0 51,113 "14";
15 2 1 63,104 "15";
16 1 0 41,77 "16";
17 2 1 9,47 "17";
18 1 1 25,64 "18";
19 0 1 32,86 "19";
20 1 0 5,39 "20";
21 2 1 22,26 "21";
22 1 0 29,53 "22";
23 0 1 54,116 "23";
24 1 1 8,42 "24";
25 1 1 18,38 "25";
26 2 0 68,77 "26";
27 0 1 65,105 "27";
28 2 1 63,97 "28";
29 2 0 8,23 "29";
30 1 1 22,75 "30";
31 0 0 74,101 "31";
32 2 0 97,104 "32";
33 1 0 15,42 "33";
34 0 1 30,73 "34";
35 2 1 16,110 "35";
36 1 0 41,44 "36";
37 0 1 2,50 "37";
38 0 1 51,80 "38";
39 0 0 75,106 "39";
40 1 0 94,95 "40";
41 1 1 13,65 "41";
42 2 0 75,119 "42";
43 2 0 45,100 "43";
44 2 0 41,95 "44";
45 0 1 5,108 "45";
46 1 0 77,113 "46";
47 0 1 54,60 "47";
48 0 0 6,57 "48";
49 1 1 29,96 "49";
50 1 1 8,28 "50";
51 0 0 101,119 "51";
52 0 0 19,24 "52";
53 2 1 54,59 "53";
54 1 0 37,50 "54";
55 0 0 4,100 "55";
56 0 0 78,116 "56";
57 2 0 94,112 "57";
58 1 0 22,74 "58";
59 0 1 62,88 "59";
60 0 0 3,28 "60";
61 2 1 9,85 "61";
62 0 0 50,60 "62";
63 1 0 48,118 "63";
64 1 1 27,83 "64";
65 2 1 5,58 "65";
66 0 1 7,90 "66";
67 0 1 80,91 "67";
68 1 1 42,61 "68";
69 0 0 4,93 "69";
70 2 0 47,90 "70";
71 1 1 38,86 "71";
72 2 0 62,99 "72";
73 2 1 30,104 "73";
74 1 0 60,94 "74";
75 2 1 10,55 "75";
76 2 1 52,108 "76";
77 1 1 21,46 "77";
78 2 0 20,24 "78";
79 1 1 28,30 "79";
80 2 0 68,100 "80";
81 2 0 8,100 "81";
82 2 1 50,73 "82";
83 0 1 2,21 "83";
84 0 0 52,81 "84";
85 1 0 46,91 "85";
86 0 1 6,34 "86";
87 1 1 61,63 "87";
88 0 1 35,99 "88";
89 1 0 45,55 "89";
90 0 1 59,110 "90";
91 0 1 3,29 "91";
92 1 0 6,16 "92";
93 0 1 15,115 "93";
94 1 0 39,43 "94";
95 2 1 107,109 "95";
96 0 0 13,33 "96";
97 0 1 9,110 "97";
98 0 0 53,69 "98";
99 1 0 84,95 "99";
100 1 1 69,88 "100";
101 0 1 31,98 "101";
102 0 1 41,109 "102";
103 2 1 5,96 "103";
104 2 1 70,98 "104";
105 1 0 5,66 "105";
106 1 0 57,59 "106";
107 1 1 44,66 "107";
108 1 0 0,8 "108";
109 1 1 31,48 "109";
110 1 0 75,98 "110";
111 0 0 36,72 "111";
112 1 0 4,40 "112";
113 1 0 85,105 "113";
114 0 1 14,31 "114";
115 0 0 96,102 "115";
116 1 1 64,105 "116";
117 0 0 12,62 "117";
118 1 0 69,96 "118";
119 0 1 23,107 "119";
