parity 159;
0 0 1 36,46 "0";
1 0 0 31,135 "1";
2 2 1 23,120 "2";
3 2 0 7,158 "3";
4 1 1 19,92 "4";
5 0 1 56,140 "5";
6 0 1 115,123 "6";
7 0 0 5,116 "7";
8 1 0 36,139 "8";
9 2 1 38,139 "9";
10 2 1 43,70 "10";
11 2 1 48,85 "11";
12 2 0 45,109 "12";
13 2 0 71,76 "13";
14 2 1 42,106 "14";
15 2 0 0,105 "15";
16 0 1 57,130 "16";
17 0 0 40,62 "17";
18 2 0 44,62 "18";
19 0 0 50,102 "19";
20 0 0 14,143 "20";
21 0 0 16,93 "21";
22 0 1 40,105 "22";
23 2 1 104,106 "23";
24 2 0 64,119 "24";
25 2 0 70,143 "25";
26 1 1 25,67 "26";
27 1 1 62,84 "27";
28 0 1 26,90 "28";
29 2 0 5,78 "29";
30 2 1 61,144 "30";
31 2 1 0,42 "31";
32 2 1 0,43 "32";
33 1 0 27,90 "33";
34 1 1 87,142 "34";
35 2 1 77,143 "35";
36 0 0 62,75 "36";
37 2 1 70,107 "37";
38 0 0 9,41 "38";
39 1 0 63,119 "39";
40 0 0 39,81 "40";
41 2 0 137,140 "41";
42 2 0 0,63 "42";
43 2 0 59,91 "43";
44 0 1 14,43 "44";
45 1 1 5,101 "45";
46 0 0 63,150 "46";
47 0 0 54,89 "47";
48 1 0 54,146 "48";
49 1 0 46,58 "49";
50 2 0 105,150 "50";
51 1 1 44,91 "51";
52 2 0 75,128 "52";
53 2 1 76,98 "53";
54 0 1 44,107 "54";
55 1 1 18,91 "55";
56 0 1 17,91 "56";
57 1 0 148,153 "57";
58 2 0 76,133 "58";
59 1 0 77,84 "59";
60 2 0 86,153 "60";
61 1 0 45,143 "61";
62 2 0 38,63 "62";
63 0 1 51,65 "63";
64 1 0 34,71 "64";
65 2 1 75,100 "65";
66 2 0 27,105 "66";
67 1 0 79,84 "67";
68 0 1 3,139 "68";
69 0 1 84,128 "69";
70 0 1 28,112 "70";
71 1 0 39,92 "71";
72 0 1 10,42 "72";
73 2 0 88,125 "73";
74 1 0 56,67 "74";
75 0 0 101,120 "75";
76 1 1 103,110 "76";
77 2 1 97,143 "77";
78 0 0 124,138 "78";
79 2 0 50,57 "79";
80 1 1 65,132 "80";
81 0 1 18,112 "81";
82 0 0 28,97 "82";
83 0 0 54,130 "83";
84 0 1 37,66 "84";
85 0 0 70,127 "85";
86 1 0 7,80 "86";
87 0 1 2,29 "87";
88 1 0 11,129 "88";
89 1 0 41,156 "89";
90 2 1 35,92 "90";
91 2 1 45,144 "91";
92 1 0 64,99 "92";
93 0 0 45,72 "93";
94 1 1 23,112 "94";
95 2 0 5,10 "95";
96 1 1 109,123 "96";
97 1 1 98,101 "97";
98 2 0 48,67 "98";
99 0 1 56,123 "99";
100 0 1 91,101 "100";
101 1 0 97,148 "101";
102 0 1 8,101 "102";
103 2 1 65,146 "103";
104 0 0 120,129 "104";
105 0 1 77,146 "105";
106 0 1 100,114 "106";
107 0 1 2,155 "107";
108 2 1 39,101 "108";
109 1 0 1,133 "109";
110 0 0 25,46 "110";
111 1 1 18,125 "111";
112 0 0 71,101 "112";
113 1 0 52,118 "113";
114 0 0 15,35 "114";
115 2 1 68,86 "115";
116 2 0 8,139 "116";
117 0 1 13,67 "117";
118 2 1 9,67 "118";
119 1 1 39,133 "119";
120 0 0 47,95 "120";
121 1 0 58,81 "121";
122 1 0 51,134 "122";
123 1 1 8,71 "123";
124 0 0 115,127 "124";
125 0 1 7,20 "125";
126 1 1 34,116 "126";
127 0 0 59,101 "127";
128 0 1 64,143 "128";
129 2 1 80,85 "129";
130 0 0 17,103 "130";
131 2 1 24,114 "131";
132 0 1 40,87 "132";
133 2 1 22,137 "133";
134 1 1 129,151 "134";
135 0 0 47,64 "135";
136 0 1 130,150 "136";
137 1 0 87,139 "137";
138 1 0 141,147 "138";
139 0 1 65,149 "139";
140 2 0 3,64 "140";
141 1 1 113,144 "141";
142 0 1 47,52 "142";
143 1 0 19,42 "143";
144 0 0 4,150 "144";
145 1 0 4,60 "145";
146 2 1 58,152 "146";
147 1 0 62,80 "147";
148 2 1 37,135 "148";
149 2 1 92,135 "149";
150 2 1 137,157 "150";
151 2 0 29,63 "151";
152 2 1 53,106 "152";
153 0 1 78,138 "153";
154 1 0 9,57 "154";
155 1 0 44,72 "155";
156 1 1 107,155 "156";
157 0 1 35,143 "157";
158 2 1 91,116 "158";
159 0 1 2,114 "159";
