parity 134;
0 1 0 60,126 "0";
1 0 1 21,24 "1";
2 0 1 9,109 "2";
3 2 0 36,59 "3";
4 1 0 27,34 "4";
5 0 1 105,121 "5";
6 2 0 12,126 "6";
7 1 1 90,119 "7";
8 0 0 9,78 "8";
9 1 1 87,90 "9";
10 0 1 117,123 "10";
11 0 0 46,108 "11";
12 2 0 54,62 "12";
13 1 1 20,97 "13";
14 2 1 44,114 "14";
15 2 1 53,122 "15";
16 0 0 37,89 "16";
17 0 1 5,126 "17";
18 2 0 29,38 "18";
19 2 0 39,91 "19";
20 1 0 30,94 "20";
21 2 0 41,120 "21";
22 1 0 15,83 "22";
23 0 0 17,94 "23";
24 2 1 75,85 "24";
25 0 1 27,95 "25";
26 0 1 16,37 "26";
27 2 1 51,101 "27";
28 2 0 34,80 "28";
29 1 1 4,55 "29";
30 1 0 66,123 "30";
31 2 1 80,87 "31";
32 2 1 38,77 "32";
33 1 0 25,101 "33";
34 1 0 38,65 "34";
35 1 0 79,130 "35";
36 1 0 92,129 "36";
37 1 0 102,122 "37";
38 0 1 21,31 "38";
39 0 1 0,27 "39";
40 2 0 2,11 "40";
41 2 0 87,118 "41";
42 0 0 74,128 "42";
43 1 1 63,95 "43";
44 1 0 74,114 "44";
45 1 0 63,66 "45";
46 0 1 81,117 "46";
47 2 1 23,73 "47";
48 0 1 37,96 "48";
49 2 1 69,125 "49";
50 0 0 5,76 "50";
51 1 1 73,78 "51";
52 2 1 29,127 "52";
53 2 1 1,125 "53";
54 0 1 0,128 "54";
55 1 1 35,36 "55";
56 1 0 5,19 "56";
57 0 0 31,51 "57";
58 0 1 123,129 "58";
59 0 0 88,97 "59";
60 1 1 17,44 "60";
61 2 1 27,69 "61";
62 0 1 9,119 "62";
63 1 0 50,96 "63";
64 2 0 6,39 "64";
65 2 0 108,124 "65";
66 2 1 74,80 "66";
67 1 0 35,60 "67";
68 2 0 59,114 "68";
69 2 0 13,90 "69";
70 1 1 27,50 "70";
71 2 0 33,119 "71";
72 1 0 7,87 "72";
73 0 0 19,24 "73";
74 2 1 18,30 "74";
75 2 1 19,39 "75";
76 1 1 23,44 "76";
77 2 0 62,132 "77";
78 2 1 11,48 "78";
79 0 0 83,109 "79";
80 1 0 0,65 "80";
81 0 0 0,66 "81";
82 1 1 6,77 "82";
83 2 0 31,68 "83";
84 0 0 91,95 "84";
85 1 0 3,9 "85";
86 0 1 109,112 "86";
87 0 1 23,104 "87";
88 1 0 96,108 "88";
89 1 0 106,129 "89";
90 0 1 66,115 "90";
91 0 0 35,59 "91";
92 0 0 24,41 "92";
93 1 0 17,46 "93";
94 2 1 4,16 "94";
95 1 1 87,132 "95";
96 1 1 10,39 "96";
97 2 1 44,63 "97";
98 2 1 47,74 "98";
99 1 1 6,39 "99";
100 1 0 14,50 "100";
101 1 1 63,91 "101";
102 1 0 25,101 "102";
103 0 1 2,113 "103";
104 2 0 12,62 "104";
105 0 1 50,70 "105";
106 0 0 20,31 "106";
107 0 1 25,101 "107";
108 2 0 18,88 "108";
109 0 1 76,118 "109";
110 1 1 18,68 "110";
111 1 0 42,65 "111";
112 1 1 110,129 "112";
113 2 0 118,127 "113";
114 2 0 55,131 "114";
115 2 1 22,62 "115";
116 2 0 62,115 "116";
117 0 0 51,100 "117";
118 1 1 64,95 "118";
119 2 1 98,101 "119";
120 0 0 52,133 "120";
121 1 1 124,130 "121";
122 0 1 20,53 "122";
123 0 1 28,43 "123";
124 0 0 68,84 "124";
125 1 0 96,105 "125";
126 1 1 57,75 "126";
127 2 1 68,133 "127";
128 2 1 18,67 "128";
129 0 1 30,51 "129";
130 2 0 33,85 "130";
131 1 0 102,133 "131";
132 0 0 52,78 "132";
133 2 0 85,89 "133";
134 2 1 49,122 "134";
