parity 104;
0 2 0 32,71 "0";
1 2 0 45,95 "1";
2 0 0 3,21 "2";
3 2 1 72,90 "3";
4 1 0 15,30 "4";
5 1 0 36,61 "5";
6 1 1 70,79 "6";
7 0 1 11,84 "7";
8 0 0 2,63 "8";
9 0 1 30,49 "9";
10 2 0 42,55 "10";
11 1 0 36,49 "11";
12 0 0 15,30 "12";
13 1 1 30,101 "13";
14 2 1 84,97 "14";
15 1 0 68,82 "15";
16 2 1 25,78 "16";
17 2 1 24,80 "17";
18 1 1 3,84 "18";
19 1 1 58,103 "19";
20 1 0 16,51 "20";
21 0 0 41,68 "21";
22 1 1 58,61 "22";
23 0 0 3,83 "23";
24 2 0 8,86 "24";
25 0 0 82,96 "25";
26 0 1 84,104 "26";
27 0 1 25,51 "27";
28 2 0 72,82 "28";
29 1 1 74,86 "29";
30 1 0 49,87 "30";
31 0 1 1,52 "31";
32 2 0 50,89 "32";
33 0 0 85,104 "33";
34 2 0 75,79 "34";
35 0 1 88,93 "35";
36 2 0 64,85 "36";
37 1 1 69,96 "37";
38 1 1 33,76 "38";
39 1 0 84,91 "39";
40 1 0 59,98 "40";
41 0 1 32,47 "41";
42 0 0 30,61 "42";
43 2 0 14,94 "43";
44 2 0 66,76 "44";
45 2 0 65,82 "45";
46 2 1 63,86 "46";
47 0 1 15,37 "47";
48 1 1 42,52 "48";
49 0 1 22,100 "49";
50 0 0 46,72 "50";
51 2 1 28,46 "51";
52 0 0 1,103 "52";
53 2 1 16,78 "53";
54 1 0 57,92 "54";
55 0 0 36,62 "55";
56 0 0 2,8 "56";
57 0 1 19,53 "57";
58 0 0 21,24 "58";
59 0 1 70,78 "59";
60 1 1 2,20 "60";
61 0 0 3,19 "61";
62 1 0 57,78 "62";
63 1 1 34,54 "63";
64 1 0 4,24 "64";
65 1 0 22,56 "65";
66 0 0 62,85 "66";
67 1 0 21,36 "67";
68 0 1 64,97 "68";
69 2 0 57,80 "69";
70 2 0 6,63 "70";
71 1 1 1,76 "71";
72 1 0 19,98 "72";
73 2 0 65,80 "73";
74 1 0 9,25 "74";
75 0 1 76,84 "75";
76 0 0 80,96 "76";
77 0 0 73,97 "77";
78 1 1 52,55 "78";
79 0 1 5,58 "79";
80 0 1 66,93 "80";
81 2 0 54,93 "81";
82 2 0 10,61 "82";
83 0 0 62,90 "83";
84 1 0 19,28 "84";
85 2 1 29,65 "85";
86 0 0 80,99 "86";
87 0 0 45,53 "87";
88 2 1 55,84 "88";
89 1 1 23,45 "89";
90 2 0 76,95 "90";
91 2 1 16,38 "91";
92 0 0 85,95 "92";
93 2 0 9,50 "93";
94 0 1 11,51 "94";
95 2 1 71,92 "95";
96 0 0 29,56 "96";
97 1 1 80,98 "97";
98 0 0 5,46 "98";
99 0 0 29,44 "99";
100 1 1 18,45 "100";
101 2 0 42,75 "101";
102 2 1 88,93 "102";
103 1 0 12,73 "103";
104 0 0 14,83 "104";
