parity 189;
0 2 1 104,130 "0";
1 1 1 64,182 "1";
2 1 0 9,23 "2";
3 0 0 18,80 "3";
4 1 0 80,125 "4";
5 0 0 26,77 "5";
6 1 1 43,78 "6";
7 1 0 80,117 "7";
8 0 0 39,107 "8";
9 1 0 22,62 "9";
10 0 0 31,113 "10";
11 2 0 0,27 "11";
12 0 1 88,96 "12";
13 2 1 32,149 "13";
14 2 0 104,124 "14";
15 0 1 133,185 "15";
16 0 0 59,82 "16";
17 0 0 77,144 "17";
18 1 0 75,89 "18";
19 0 1 70,154 "19";
20 1 0 81,126 "20";
21 0 1 130,164 "21";
22 0 0 106,132 "22";
23 2 1 49,143 "23";
24 2 1 100,108 "24";
25 2 1 51,88 "25";
26 1 1 136,176 "26";
27 1 0 95,189 "27";
28 2 1 18,127 "28";
29 2 0 49,89 "29";
30 2 1 1,42 "30";
31 2 0 47,133 "31";
32 0 0 20,44 "32";
33 0 1 72,185 "33";
34 2 1 14,175 "34";
35 0 0 155,187 "35";
36 0 1 98,149 "36";
37 0 1 79,121 "37";
38 1 0 95,103 "38";
39 2 0 19,75 "39";
40 1 1 46,163 "40";
41 0 1 98,184 "41";
42 2 1 59,145 "42";
43 2 0 11,129 "43";
44 1 0 37,160 "44";
45 0 0 65,125 "45";
46 2 1 27,73 "46";
47 2 0 13,153 "47";
48 2 0 8,59 "48";
49 0 1 40,155 "49";
50 0 1 43,68 "50";
51 1 1 40,158 "51";
52 0 0 44,126 "52";
53 1 0 24,168 "53";
54 0 0 4,70 "54";
55 2 0 2,164 "55";
56 2 1 2,52 "56";
57 2 1 84,113 "57";
58 0 0 2,59 "58";
59 2 0 32,125 "59";
60 1 1 63,106 "60";
61 1 1 23,79 "61";
62 0 1 13,20 "62";
63 1 1 80,99 "63";
64 2 1 40,147 "64";
65 2 0 3,140 "65";
66 1 0 64,145 "66";
67 2 0 25,29 "67";
68 0 0 115,186 "68";
69 1 1 26,42 "69";
70 2 0 12,179 "70";
71 1 0 54,181 "71";
72 1 1 32,106 "72";
73 2 0 47,74 "73";
74 0 1 5,12 "74";
75 2 1 77,83 "75";
76 0 1 15,152 "76";
77 2 0 53,117 "77";
78 1 0 6,131 "78";
79 0 1 68,95 "79";
80 1 0 37,91 "80";
81 2 1 45,127 "81";
82 0 1 76,95 "82";
83 0 0 8,87 "83";
84 0 1 49,115 "84";
85 2 1 64,160 "85";
86 2 0 42,46 "86";
87 0 0 60,178 "87";
88 1 0 20,44 "88";
89 0 1 9,99 "89";
90 0 0 40,179 "90";
91 2 0 100,163 "91";
92 1 1 42,73 "92";
93 0 1 13,65 "93";
94 1 0 0,85 "94";
95 2 0 22,135 "95";
96 1 0 70,146 "96";
97 2 1 4,143 "97";
98 0 0 4,32 "98";
99 2 0 21,34 "99";
100 1 1 58,94 "100";
101 2 0 123,188 "101";
102 1 0 71,119 "102";
103 0 0 107,126 "103";
104 1 1 95,97 "104";
105 1 1 21,95 "105";
106 2 1 141,144 "106";
107 0 0 68,96 "107";
108 1 0 24,112 "108";
109 0 0 0,12 "109";
110 0 1 1,115 "110";
111 0 0 59,65 "111";
112 0 0 2,77 "112";
113 1 0 25,85 "113";
114 0 0 28,123 "114";
115 1 1 165,168 "115";
116 0 0 135,151 "116";
117 1 0 16,186 "117";
118 0 0 65,132 "118";
119 2 0 84,110 "119";
120 0 0 122,188 "120";
121 2 1 79,167 "121";
122 1 0 20,177 "122";
123 1 0 133,153 "123";
124 2 0 74,151 "124";
125 1 1 76,113 "125";
126 1 0 109,166 "126";
127 0 1 85,102 "127";
128 0 0 3,159 "128";
129 1 0 117,155 "129";
130 2 1 44,185 "130";
131 1 0 69,136 "131";
132 2 1 115,148 "132";
133 2 1 168,183 "133";
134 0 1 40,102 "134";
135 0 1 84,140 "135";
136 0 0 28,183 "136";
137 1 1 11,172 "137";
138 1 1 12,67 "138";
139 2 1 42,56 "139";
140 0 1 5,97 "140";
141 2 1 79,107 "141";
142 0 0 13,123 "142";
143 2 1 158,181 "143";
144 0 1 119,167 "144";
145 1 1 28,78 "145";
146 2 0 18,107 "146";
147 0 1 16,135 "147";
148 2 1 55,91 "148";
149 2 0 61,64 "149";
150 0 0 36,80 "150";
151 2 1 11,83 "151";
152 1 1 97,173 "152";
153 0 0 44,139 "153";
154 2 0 58,60 "154";
155 2 0 109,182 "155";
156 1 0 107,125 "156";
157 0 0 113,118 "157";
158 0 0 171,179 "158";
159 2 1 35,100 "159";
160 1 1 53,122 "160";
161 2 0 0,168 "161";
162 2 1 61,171 "162";
163 2 0 76,83 "163";
164 1 1 54,121 "164";
165 1 1 154,178 "165";
166 1 1 78,106 "166";
167 1 0 97,103 "167";
168 2 1 71,159 "168";
169 2 0 19,66 "169";
170 1 1 59,154 "170";
171 2 1 107,170 "171";
172 1 1 78,82 "172";
173 1 1 30,113 "173";
174 1 0 25,106 "174";
175 1 0 11,130 "175";
176 2 0 25,100 "176";
177 0 0 84,182 "177";
178 0 0 55,153 "178";
179 1 1 82,90 "179";
180 0 1 7,43 "180";
181 1 0 131,155 "181";
182 1 0 80,158 "182";
183 0 1 70,151 "183";
184 2 0 105,183 "184";
185 1 0 31,115 "185";
186 1 0 18,108 "186";
187 2 0 138,157 "187";
188 0 0 109,114 "188";
189 0 0 17,62 "189";
