parity 174;
0 2 0 18,98 "0";
1 0 0 57,124 "1";
2 1 0 35,160 "2";
3 0 0 84,120 "3";
4 2 0 87,148 "4";
5 0 1 81,136 "5";
6 1 1 31,134 "6";
7 1 0 32,38 "7";
8 2 0 100,165 "8";
9 0 0 94,106 "9";
10 0 1 60,169 "10";
11 1 0 98,160 "11";
12 1 0 9,59 "12";
13 1 1 22,170 "13";
14 2 1 50,139 "14";
15 0 0 6,85 "15";
16 0 0 60,106 "16";
17 1 1 15,69 "17";
18 0 1 41,140 "18";
19 1 1 63,96 "19";
20 2 1 28,46 "20";
21 0 0 143,155 "21";
22 0 0 132,134 "22";
23 2 1 100,126 "23";
24 2 0 9,137 "24";
25 1 0 24,113 "25";
26 1 0 9,53 "26";
27 0 1 85,107 "27";
28 0 0 85,148 "28";
29 2 0 19,117 "29";
30 2 0 26,81 "30";
31 1 1 69,102 "31";
32 2 0 20,114 "32";
33 2 0 16,66 "33";
34 0 1 36,59 "34";
35 2 0 131,142 "35";
36 2 0 114,132 "36";
37 0 1 57,111 "37";
38 1 1 87,174 "38";
39 1 0 103,164 "39";
40 0 1 147,150 "40";
41 0 0 47,118 "41";
42 0 0 4,26 "42";
43 0 1 29,54 "43";
44 1 1 82,128 "44";
45 0 1 28,115 "45";
46 2 0 104,125 "46";
47 2 0 25,33 "47";
48 1 1 56,91 "48";
49 0 1 28,108 "49";
50 0 1 46,129 "50";
51 2 0 3,132 "51";
52 0 0 132,171 "52";
53 0 1 50,127 "53";
54 0 0 84,102 "54";
55 2 1 60,132 "55";
56 2 1 68,78 "56";
57 2 1 35,37 "57";
58 1 0 11,165 "58";
59 2 1 16,42 "59";
60 0 0 102,106 "60";
61 2 1 3,155 "61";
62 1 0 13,81 "62";
63 1 1 7,92 "63";
64 1 0 45,62 "64";
65 0 0 54,77 "65";
66 2 1 37,138 "66";
67 0 0 21,24 "67";
68 2 1 25,108 "68";
69 1 0 21,57 "69";
70 0 1 20,63 "70";
71 2 0 62,160 "71";
72 1 0 16,88 "72";
73 0 1 100,102 "73";
74 2 1 94,115 "74";
75 1 1 36,59 "75";
76 1 1 41,97 "76";
77 0 1 25,145 "77";
78 0 0 110,153 "78";
79 0 0 5,102 "79";
80 1 1 125,151 "80";
81 1 1 42,100 "81";
82 0 0 2,143 "82";
83 1 0 67,161 "83";
84 2 1 17,55 "84";
85 2 1 70,120 "85";
86 0 1 27,160 "86";
87 2 1 21,115 "87";
88 0 1 129,144 "88";
89 2 0 3,154 "89";
90 2 1 94,146 "90";
91 1 1 46,104 "91";
92 2 0 32,103 "92";
93 2 0 23,69 "93";
94 1 0 90,98 "94";
95 2 0 33,128 "95";
96 0 1 61,90 "96";
97 0 1 64,88 "97";
98 0 0 146,152 "98";
99 2 0 37,109 "99";
100 1 0 75,111 "100";
101 1 1 46,143 "101";
102 2 1 12,84 "102";
103 0 0 49,167 "103";
104 1 0 72,151 "104";
105 2 1 24,127 "105";
106 1 1 18,144 "106";
107 1 1 33,85 "107";
108 0 1 75,79 "108";
109 1 0 171,174 "109";
110 1 0 85,118 "110";
111 2 0 3,74 "111";
112 2 0 25,65 "112";
113 0 1 101,169 "113";
114 2 0 46,157 "114";
115 1 1 52,150 "115";
116 2 1 104,142 "116";
117 2 1 18,128 "117";
118 2 0 31,59 "118";
119 0 1 3,19 "119";
120 0 1 85,130 "120";
121 0 1 83,114 "121";
122 1 1 105,108 "122";
123 1 1 42,168 "123";
124 1 0 1,111 "124";
125 2 0 45,65 "125";
126 2 1 30,37 "126";
127 0 0 26,91 "127";
128 1 0 87,100 "128";
129 0 0 44,77 "129";
130 0 1 54,90 "130";
131 2 1 0,156 "131";
132 0 0 119,168 "132";
133 0 0 24,97 "133";
134 2 0 56,144 "134";
135 2 0 45,116 "135";
136 0 0 32,95 "136";
137 2 0 17,117 "137";
138 1 1 134,170 "138";
139 0 0 22,128 "139";
140 1 0 45,92 "140";
141 0 1 31,127 "141";
142 0 0 32,169 "142";
143 0 1 62,165 "143";
144 0 1 12,135 "144";
145 0 0 4,11 "145";
146 2 1 79,113 "146";
147 0 1 23,143 "147";
148 0 1 67,162 "148";
149 1 0 43,135 "149";
150 0 0 34,66 "150";
151 2 1 3,50 "151";
152 0 0 3,111 "152";
153 0 1 136,151 "153";
154 2 0 105,146 "154";
155 2 1 4,10 "155";
156 0 1 51,77 "156";
157 1 0 91,163 "157";
158 0 1 7,27 "158";
159 2 0 99,144 "159";
160 2 0 87,107 "160";
161 2 1 43,65 "161";
162 1 1 51,102 "162";
163 0 0 98,167 "163";
164 0 0 119,158 "164";
165 0 1 31,76 "165";
166 0 0 67,150 "166";
167 2 0 115,147 "167";
168 1 1 111,143 "168";
169 2 0 8,168 "169";
170 2 0 45,120 "170";
171 2 1 33,114 "171";
172 1 1 19,37 "172";
173 0 1 50,71 "173";
174 2 1 12,16 "174";
