parity 179;
0 2 1 119,166 "0";
1 0 0 71,142 "1";
2 2 0 101,137 "2";
3 0 0 61,100 "3";
4 1 0 119,129 "4";
5 2 1 133,164 "5";
6 0 0 64,169 "6";
7 1 0 129,156 "7";
8 0 1 0,93 "8";
9 2 1 76,96 "9";
10 1 1 80,115 "10";
11 2 1 71,151 "11";
12 0 1 55,127 "12";
13 0 0 86,137 "13";
14 0 0 45,153 "14";
15 1 1 127,145 "15";
16 2 0 68,139 "16";
17 0 0 61,83 "17";
18 0 1 31,104 "18";
19 0 0 4,137 "19";
20 1 0 120,130 "20";
21 2 0 28,167 "21";
22 0 0 62,131 "22";
23 2 1 129,168 "23";
24 0 0 9,27 "24";
25 0 1 59,79 "25";
26 1 0 84,95 "26";
27 1 1 139,156 "27";
28 1 1 122,127 "28";
29 1 1 115,120 "29";
30 0 1 83,173 "30";
31 0 1 43,101 "31";
32 1 1 111,160 "32";
33 1 0 57,91 "33";
34 2 0 76,121 "34";
35 0 0 46,152 "35";
36 0 1 71,152 "36";
37 2 1 136,178 "37";
38 1 1 116,136 "38";
39 0 0 98,101 "39";
40 0 0 60,118 "40";
41 0 0 34,56 "41";
42 0 1 126,173 "42";
43 0 0 30,44 "43";
44 0 0 104,128 "44";
45 1 1 46,174 "45";
46 2 1 84,129 "46";
47 2 1 82,106 "47";
48 2 0 4,31 "48";
49 2 1 128,178 "49";
50 0 0 20,25 "50";
51 0 0 26,155 "51";
52 2 1 3,159 "52";
53 0 1 75,177 "53";
54 1 0 61,165 "54";
55 1 0 9,177 "55";
56 0 1 115,177 "56";
57 1 1 39,60 "57";
58 2 0 5,159 "58";
59 1 0 1,14 "59";
60 0 1 84,102 "60";
61 0 1 134,167 "61";
62 2 0 124,151 "62";
63 0 1 14,43 "63";
64 2 0 154,169 "64";
65 2 1 58,175 "65";
66 2 1 19,137 "66";
67 2 0 100,103 "67";
68 0 0 130,179 "68";
69 2 0 19,178 "69";
70 2 1 19,92 "70";
71 0 0 43,64 "71";
72 0 0 74,92 "72";
73 1 1 44,112 "73";
74 0 0 142,169 "74";
75 1 1 22,153 "75";
76 2 1 14,82 "76";
77 2 0 11,63 "77";
78 2 0 97,117 "78";
79 0 0 24,62 "79";
80 1 1 8,56 "80";
81 2 0 91,114 "81";
82 1 0 65,125 "82";
83 1 0 23,148 "83";
84 1 1 160,167 "84";
85 2 1 150,167 "85";
86 0 1 129,174 "86";
87 0 1 105,173 "87";
88 0 1 7,66 "88";
89 1 1 141,166 "89";
90 2 1 26,49 "90";
91 2 0 64,80 "91";
92 0 0 107,137 "92";
93 0 0 2,160 "93";
94 0 1 71,89 "94";
95 0 1 77,123 "95";
96 1 1 13,158 "96";
97 1 0 14,151 "97";
98 1 1 61,163 "98";
99 1 1 10,111 "99";
100 0 1 158,166 "100";
101 0 0 47,133 "101";
102 2 1 101,159 "102";
103 0 0 77,105 "103";
104 1 1 41,60 "104";
105 0 0 98,100 "105";
106 2 0 29,100 "106";
107 2 0 49,67 "107";
108 2 1 37,144 "108";
109 2 0 86,96 "109";
110 2 0 125,170 "110";
111 0 1 78,151 "111";
112 2 1 35,148 "112";
113 0 1 15,29 "113";
114 1 1 142,143 "114";
115 2 1 58,88 "115";
116 2 0 104,146 "116";
117 0 0 0,113 "117";
118 2 0 23,149 "118";
119 2 1 16,53 "119";
120 0 1 105,151 "120";
121 1 0 77,144 "121";
122 1 1 104,129 "122";
123 2 1 80,153 "123";
124 2 0 97,156 "124";
125 0 1 63,80 "125";
126 2 0 104,165 "126";
127 2 1 30,62 "127";
128 0 0 118,129 "128";
129 2 0 175,178 "129";
130 0 0 68,129 "130";
131 0 0 52,136 "131";
132 1 1 3,88 "132";
133 2 1 111,167 "133";
134 2 0 120,146 "134";
135 0 0 95,133 "135";
136 0 1 69,118 "136";
137 1 0 18,139 "137";
138 0 0 117,130 "138";
139 2 1 161,162 "139";
140 1 0 98,142 "140";
141 0 1 49,83 "141";
142 0 1 19,74 "142";
143 2 0 121,140 "143";
144 1 0 38,168 "144";
145 0 0 24,152 "145";
146 2 0 30,116 "146";
147 0 1 21,119 "147";
148 1 1 78,118 "148";
149 2 1 0,154 "149";
150 2 1 104,149 "150";
151 1 0 34,162 "151";
152 1 0 34,75 "152";
153 0 1 16,95 "153";
154 1 0 60,63 "154";
155 1 0 29,113 "155";
156 2 0 50,62 "156";
157 1 0 97,178 "157";
158 1 1 114,115 "158";
159 2 1 53,95 "159";
160 0 1 47,63 "160";
161 0 1 99,142 "161";
162 1 0 95,170 "162";
163 0 1 32,64 "163";
164 2 1 57,131 "164";
165 2 0 35,95 "165";
166 2 0 159,177 "166";
167 0 1 13,21 "167";
168 2 1 7,88 "168";
169 0 1 105,179 "169";
170 1 1 73,103 "170";
171 1 0 46,79 "171";
172 2 0 18,47 "172";
173 2 1 37,129 "173";
174 0 0 39,71 "174";
175 1 0 26,158 "175";
176 0 1 59,118 "176";
177 1 0 23,128 "177";
178 0 1 108,160 "178";
179 0 0 110,138 "179";
