parity 144;
0 2 0 20,47 "0";
1 0 0 20,40 "1";
2 2 1 74,86 "2";
3 2 0 76,119 "3";
4 2 0 87,104 "4";
5 2 0 61,133 "5";
6 2 1 51,127 "6";
7 1 0 47,67 "7";
8 1 1 23,109 "8";
9 1 0 41,67 "9";
10 0 0 18,102 "10";
11 1 1 99,140 "11";
12 1 0 13,134 "12";
13 1 0 6,117 "13";
14 0 1 57,87 "14";
15 1 1 11,116 "15";
16 0 0 5,112 "16";
17 0 1 5,69 "17";
18 1 0 59,102 "18";
19 2 1 80,131 "19";
20 2 0 79,123 "20";
21 0 0 29,81 "21";
22 2 0 56,95 "22";
23 0 1 57,131 "23";
24 1 1 107,133 "24";
25 1 1 29,61 "25";
26 2 1 50,139 "26";
27 2 1 29,86 "27";
28 0 0 30,50 "28";
29 1 1 45,114 "29";
30 0 1 56,69 "30";
31 1 0 6,70 "31";
32 1 1 22,80 "32";
33 1 1 97,111 "33";
34 0 0 19,75 "34";
35 1 1 49,65 "35";
36 0 1 20,116 "36";
37 2 1 65,119 "37";
38 1 1 8,20 "38";
39 2 0 1,88 "39";
40 2 1 11,53 "40";
41 0 1 60,93 "41";
42 0 0 14,27 "42";
43 2 0 27,76 "43";
44 2 1 39,119 "44";
45 1 1 5,17 "45";
46 0 0 63,121 "46";
47 2 1 30,114 "47";
48 1 1 112,133 "48";
49 2 1 5,47 "49";
50 2 1 40,100 "50";
51 1 0 57,68 "51";
52 0 1 56,128 "52";
53 2 1 127,137 "53";
54 0 1 31,43 "54";
55 1 1 56,124 "55";
56 2 0 115,132 "56";
57 1 0 23,130 "57";
58 2 1 1,78 "58";
59 0 0 124,136 "59";
60 2 0 1,79 "60";
61 2 0 27,97 "61";
62 1 0 43,56 "62";
63 0 0 67,143 "63";
64 1 0 31,48 "64";
65 0 1 21,117 "65";
66 2 1 109,113 "66";
67 2 0 10,131 "67";
68 2 0 28,87 "68";
69 1 0 88,132 "69";
70 2 0 101,144 "70";
71 2 0 40,50 "71";
72 0 0 48,129 "72";
73 1 1 41,55 "73";
74 2 0 35,141 "74";
75 1 1 57,136 "75";
76 2 1 62,123 "76";
77 1 0 8,39 "77";
78 1 0 66,103 "78";
79 1 1 83,90 "79";
80 1 1 10,122 "80";
81 1 1 56,128 "81";
82 0 0 32,101 "82";
83 0 1 87,95 "83";
84 0 0 96,97 "84";
85 1 1 78,86 "85";
86 2 0 100,117 "86";
87 2 0 93,117 "87";
88 0 0 28,99 "88";
89 2 0 51,88 "89";
90 0 0 34,124 "90";
91 1 1 88,132 "91";
92 2 1 28,114 "92";
93 1 0 10,60 "93";
94 1 0 24,29 "94";
95 1 1 39,79 "95";
96 1 0 29,52 "96";
97 2 0 86,96 "97";
98 1 1 61,107 "98";
99 0 0 38,45 "99";
100 0 1 63,117 "100";
101 1 0 100,102 "101";
102 0 1 92,119 "102";
103 2 0 108,125 "103";
104 2 0 21,115 "104";
105 0 1 29,61 "105";
106 1 0 11,67 "106";
107 0 0 8,9 "107";
108 2 1 9,24 "108";
109 1 1 25,139 "109";
110 0 1 32,141 "110";
111 2 0 5,93 "111";
112 1 1 23,40 "112";
113 2 0 126,130 "113";
114 0 1 44,122 "114";
115 0 0 15,50 "115";
116 0 0 19,81 "116";
117 1 1 4,44 "117";
118 0 0 47,52 "118";
119 0 0 8,125 "119";
120 2 1 21,70 "120";
121 1 0 33,99 "121";
122 2 1 111,116 "122";
123 1 1 54,138 "123";
124 0 1 33,101 "124";
125 0 0 62,101 "125";
126 1 1 24,80 "126";
127 1 1 22,36 "127";
128 0 0 68,108 "128";
129 1 0 28,73 "129";
130 2 1 96,97 "130";
131 0 1 31,120 "131";
132 0 0 13,113 "132";
133 2 0 99,135 "133";
134 1 0 29,123 "134";
135 0 1 33,94 "135";
136 1 1 41,83 "136";
137 1 1 46,56 "137";
138 0 0 24,37 "138";
139 2 0 34,64 "139";
140 2 0 0,58 "140";
141 0 0 60,118 "141";
142 2 0 46,136 "142";
143 0 1 15,132 "143";
144 0 1 2,49 "144";
