parity 124;
0 2 1 4,110 "0";
1 2 1 50,52 "1";
2 2 1 33,61 "2";
3 1 1 52,115 "3";
4 0 0 44,52 "4";
5 2 1 19,120 "5";
6 1 0 49,113 "6";
7 0 0 8,102 "7";
8 0 0 35,92 "8";
9 1 1 47,123 "9";
10 1 0 6,103 "10";
11 2 1 22,73 "11";
12 1 0 38,104 "12";
13 1 0 93,122 "13";
14 0 1 24,103 "14";
15 2 0 6,50 "15";
16 1 0 57,59 "16";
17 2 1 2,121 "17";
18 0 0 17,71 "18";
19 2 0 98,116 "19";
20 0 0 3,71 "20";
21 1 0 12,24 "21";
22 1 0 39,120 "22";
23 2 1 87,124 "23";
24 2 1 32,71 "24";
25 1 0 36,115 "25";
26 2 0 11,97 "26";
27 0 1 79,96 "27";
28 0 1 26,76 "28";
29 0 1 33,57 "29";
30 1 0 22,114 "30";
31 2 0 19,68 "31";
32 1 0 68,116 "32";
33 2 0 9,18 "33";
34 0 0 83,110 "34";
35 2 1 1,34 "35";
36 1 0 24,57 "36";
37 2 0 38,95 "37";
38 0 1 29,59 "38";
39 2 0 52,86 "39";
40 1 0 19,116 "40";
41 1 1 12,16 "41";
42 2 0 33,76 "42";
43 2 0 37,116 "43";
44 1 0 60,68 "44";
45 2 1 70,115 "45";
46 1 1 97,105 "46";
47 0 0 52,121 "47";
48 0 1 71,73 "48";
49 1 1 20,71 "49";
50 1 1 70,112 "50";
51 0 1 17,66 "51";
52 1 0 72,83 "52";
53 1 1 33,87 "53";
54 2 0 0,70 "54";
55 0 1 12,110 "55";
56 1 0 21,100 "56";
57 2 0 51,122 "57";
58 2 1 29,79 "58";
59 0 0 2,105 "59";
60 2 1 8,105 "60";
61 0 0 24,97 "61";
62 0 1 66,87 "62";
63 1 0 98,124 "63";
64 2 0 115,122 "64";
65 2 0 27,72 "65";
66 1 1 84,105 "66";
67 2 1 45,124 "67";
68 0 1 12,63 "68";
69 1 1 20,52 "69";
70 2 0 95,102 "70";
71 1 0 7,103 "71";
72 0 1 15,113 "72";
73 1 0 7,10 "73";
74 1 0 11,109 "74";
75 2 0 9,12 "75";
76 0 1 1,23 "76";
77 2 0 17,83 "77";
78 0 0 20,71 "78";
79 1 0 31,83 "79";
80 1 0 30,120 "80";
81 0 1 38,70 "81";
82 2 1 113,122 "82";
83 1 0 32,38 "83";
84 1 0 27,42 "84";
85 1 1 52,100 "85";
86 0 1 1,6 "86";
87 2 1 23,40 "87";
88 2 0 22,39 "88";
89 2 0 58,68 "89";
90 0 0 72,103 "90";
91 2 1 85,95 "91";
92 2 0 34,101 "92";
93 2 0 12,26 "93";
94 0 1 54,93 "94";
95 0 1 45,48 "95";
96 1 0 21,115 "96";
97 1 1 56,87 "97";
98 2 0 99,117 "98";
99 0 0 23,103 "99";
100 2 0 36,80 "100";
101 2 1 79,124 "101";
102 2 0 89,116 "102";
103 1 0 37,91 "103";
104 1 0 4,94 "104";
105 1 0 29,117 "105";
106 1 1 22,85 "106";
107 0 1 105,114 "107";
108 1 0 22,53 "108";
109 0 0 12,85 "109";
110 0 0 103,118 "110";
111 1 1 4,26 "111";
112 1 1 70,102 "112";
113 0 1 21,57 "113";
114 2 0 72,92 "114";
115 1 1 18,49 "115";
116 2 0 23,56 "116";
117 0 1 78,89 "117";
118 1 0 19,100 "118";
119 2 0 33,104 "119";
120 1 1 47,64 "120";
121 2 1 33,95 "121";
122 1 1 48,84 "122";
123 2 0 16,93 "123";
124 2 0 12,33 "124";
