parity 114;
0 2 0 31,91 "0";
1 2 1 63,67 "1";
2 1 1 57,109 "2";
3 2 1 72,86 "3";
4 2 1 18,42 "4";
5 1 1 28,112 "5";
6 1 0 32,112 "6";
7 0 0 66,83 "7";
8 1 0 20,89 "8";
9 0 1 37,54 "9";
10 0 1 48,57 "10";
11 2 0 87,97 "11";
12 1 1 63,103 "12";
13 2 1 25,52 "13";
14 2 0 34,56 "14";
15 0 0 61,78 "15";
16 0 0 83,110 "16";
17 2 1 13,100 "17";
18 1 0 50,51 "18";
19 1 0 66,88 "19";
20 2 0 37,87 "20";
21 2 0 16,105 "21";
22 1 1 67,79 "22";
23 2 0 44,104 "23";
24 2 0 70,80 "24";
25 0 0 23,55 "25";
26 2 1 54,110 "26";
27 1 0 95,105 "27";
28 2 0 76,107 "28";
29 1 1 35,40 "29";
30 0 1 31,100 "30";
31 1 0 21,59 "31";
32 1 1 44,71 "32";
33 1 0 68,92 "33";
34 2 0 31,102 "34";
35 1 0 39,105 "35";
36 1 1 8,82 "36";
37 2 1 13,50 "37";
38 2 1 51,65 "38";
39 0 0 53,72 "39";
40 2 0 25,35 "40";
41 0 1 65,93 "41";
42 1 0 7,103 "42";
43 2 0 47,54 "43";
44 1 0 13,37 "44";
45 0 1 91,103 "45";
46 0 0 24,92 "46";
47 2 1 23,97 "47";
48 2 1 52,107 "48";
49 0 1 9,94 "49";
50 1 1 77,90 "50";
51 0 0 38,113 "51";
52 0 0 37,105 "52";
53 1 1 11,101 "53";
54 2 1 35,45 "54";
55 0 0 22,34 "55";
56 0 1 61,94 "56";
57 1 1 59,108 "57";
58 2 0 85,87 "58";
59 1 0 37,79 "59";
60 0 1 10,83 "60";
61 0 1 4,99 "61";
62 2 0 76,92 "62";
63 1 1 8,31 "63";
64 1 0 29,97 "64";
65 2 0 8,29 "65";
66 2 1 40,105 "66";
67 2 1 44,112 "67";
68 0 1 10,17 "68";
69 1 1 26,91 "69";
70 0 1 4,67 "70";
71 0 1 38,86 "71";
72 1 1 44,87 "72";
73 2 1 88,114 "73";
74 0 0 36,105 "74";
75 0 0 8,30 "75";
76 2 0 8,28 "76";
77 1 0 53,71 "77";
78 1 0 12,51 "78";
79 0 0 15,103 "79";
80 0 1 75,88 "80";
81 0 0 9,97 "81";
82 0 0 6,62 "82";
83 0 1 77,95 "83";
84 0 1 24,45 "84";
85 0 1 20,22 "85";
86 0 0 0,92 "86";
87 1 0 13,110 "87";
88 0 1 72,96 "88";
89 2 1 18,91 "89";
90 0 0 8,56 "90";
91 0 0 27,98 "91";
92 2 1 37,93 "92";
93 0 0 52,62 "93";
94 1 1 74,91 "94";
95 0 1 38,55 "95";
96 1 0 28,101 "96";
97 2 0 0,103 "97";
98 0 0 50,101 "98";
99 2 0 3,21 "99";
100 0 0 15,63 "100";
101 0 0 54,107 "101";
102 1 0 29,79 "102";
103 1 1 49,80 "103";
104 0 1 38,43 "104";
105 1 1 73,88 "105";
106 1 1 53,70 "106";
107 2 1 61,79 "107";
108 2 1 27,30 "108";
109 1 1 78,96 "109";
110 1 1 62,73 "110";
111 1 1 15,33 "111";
112 0 0 61,104 "112";
113 0 1 5,27 "113";
114 1 1 79,103 "114";
