parity 119;
0 0 0 8,47 "0";
1 1 1 6,17 "1";
2 0 0 7,48 "2";
3 0 1 77,96 "3";
4 1 1 30,76 "4";
5 1 0 44,58 "5";
6 2 0 20,38 "6";
7 2 1 68,106 "7";
8 0 0 84,92 "8";
9 1 1 84,90 "9";
10 2 1 75,78 "10";
11 2 0 46,54 "11";
12 2 1 27,87 "12";
13 1 1 33,48 "13";
14 0 1 7,45 "14";
15 0 0 45,114 "15";
16 0 0 14,44 "16";
17 1 0 7,83 "17";
18 0 1 35,108 "18";
19 1 0 21,25 "19";
20 2 0 6,92 "20";
21 0 1 39,72 "21";
22 2 0 52,98 "22";
23 1 0 36,44 "23";
24 1 1 22,113 "24";
25 2 1 67,117 "25";
26 0 0 51,116 "26";
27 0 0 17,56 "27";
28 1 0 14,106 "28";
29 1 0 27,78 "29";
30 1 0 15,19 "30";
31 0 0 44,91 "31";
32 2 1 15,68 "32";
33 0 0 93,117 "33";
34 2 0 8,22 "34";
35 0 1 50,113 "35";
36 2 0 4,86 "36";
37 1 1 20,97 "37";
38 1 0 72,116 "38";
39 1 1 24,110 "39";
40 1 1 81,88 "40";
41 2 1 0,11 "41";
42 1 0 29,95 "42";
43 1 0 61,90 "43";
44 0 1 104,115 "44";
45 1 0 46,75 "45";
46 0 1 13,31 "46";
47 1 0 57,88 "47";
48 1 0 6,86 "48";
49 1 0 13,34 "49";
50 1 0 25,95 "50";
51 1 0 41,56 "51";
52 2 0 40,75 "52";
53 1 0 33,54 "53";
54 1 0 57,66 "54";
55 2 0 28,29 "55";
56 0 1 65,72 "56";
57 0 0 32,69 "57";
58 0 0 43,70 "58";
59 0 1 61,117 "59";
60 2 0 80,115 "60";
61 0 0 3,93 "61";
62 1 0 74,109 "62";
63 2 1 58,76 "63";
64 2 1 69,103 "64";
65 1 0 10,54 "65";
66 0 1 25,64 "66";
67 0 0 25,46 "67";
68 2 1 21,25 "68";
69 0 0 66,105 "69";
70 2 0 12,83 "70";
71 2 1 90,114 "71";
72 1 1 64,67 "72";
73 1 1 14,30 "73";
74 1 1 27,97 "74";
75 2 0 12,50 "75";
76 1 0 18,37 "76";
77 2 0 19,88 "77";
78 1 0 29,113 "78";
79 2 1 53,72 "79";
80 2 1 12,104 "80";
81 2 1 24,27 "81";
82 2 1 9,101 "82";
83 2 0 36,62 "83";
84 2 0 43,116 "84";
85 2 0 11,51 "85";
86 0 0 35,55 "86";
87 2 0 41,47 "87";
88 1 1 2,56 "88";
89 0 0 18,57 "89";
90 2 0 51,82 "90";
91 0 1 23,26 "91";
92 0 0 39,79 "92";
93 1 1 49,51 "93";
94 0 0 72,92 "94";
95 0 0 60,64 "95";
96 2 1 13,15 "96";
97 2 1 62,83 "97";
98 1 0 46,86 "98";
99 1 1 17,52 "99";
100 0 1 10,103 "100";
101 1 1 78,113 "101";
102 1 0 39,54 "102";
103 0 0 44,81 "103";
104 0 0 98,106 "104";
105 0 1 95,112 "105";
106 2 0 46,100 "106";
107 1 0 57,94 "107";
108 2 0 24,117 "108";
109 0 0 9,50 "109";
110 1 1 39,76 "110";
111 0 1 68,106 "111";
112 1 1 29,95 "112";
113 1 1 52,99 "113";
114 0 1 57,71 "114";
115 1 1 107,110 "115";
116 1 0 37,68 "116";
117 1 1 65,115 "117";
118 0 0 4,86 "118";
119 0 0 13,52 "119";
