parity 129;
0 0 1 63,95 "0";
1 1 1 0,26 "1";
2 2 1 31,61 "2";
3 0 0 68,77 "3";
4 2 0 44,117 "4";
5 2 0 4,18 "5";
6 0 1 2,75 "6";
7 0 1 19,30 "7";
8 2 0 29,34 "8";
9 0 1 53,128 "9";
10 2 0 34,48 "10";
11 1 1 53,80 "11";
12 0 0 27,64 "12";
13 0 1 88,94 "13";
14 1 0 47,109 "14";
15 2 0 2,41 "15";
16 2 0 20,39 "16";
17 2 1 39,127 "17";
18 2 1 26,82 "18";
19 1 1 49,122 "19";
20 1 0 45,111 "20";
21 2 1 1,50 "21";
22 1 0 20,99 "22";
23 2 1 65,104 "23";
24 0 1 3,114 "24";
25 0 0 28,63 "25";
26 2 0 20,75 "26";
27 1 0 39,106 "27";
28 2 0 17,29 "28";
29 2 1 3,56 "29";
30 0 1 113,125 "30";
31 1 1 8,107 "31";
32 2 1 120,123 "32";
33 1 0 74,83 "33";
34 1 0 30,93 "34";
35 0 1 54,117 "35";
36 1 1 11,101 "36";
37 1 1 28,93 "37";
38 2 1 29,62 "38";
39 0 1 48,100 "39";
40 2 0 60,86 "40";
41 2 0 49,58 "41";
42 0 0 77,114 "42";
43 2 1 85,116 "43";
44 1 1 5,57 "44";
45 0 0 10,58 "45";
46 1 1 47,70 "46";
47 0 1 68,118 "47";
48 1 1 12,85 "48";
49 2 1 15,45 "49";
50 2 0 25,77 "50";
51 1 0 12,56 "51";
52 1 0 6,118 "52";
53 1 1 33,66 "53";
54 0 1 23,40 "54";
55 0 0 13,50 "55";
56 1 1 86,113 "56";
57 0 1 101,125 "57";
58 2 1 13,75 "58";
59 0 1 39,46 "59";
60 2 0 38,74 "60";
61 1 1 38,101 "61";
62 0 1 5,125 "62";
63 1 0 112,119 "63";
64 1 0 78,123 "64";
65 2 0 79,97 "65";
66 0 0 75,123 "66";
67 0 1 56,76 "67";
68 0 0 106,123 "68";
69 0 0 62,82 "69";
70 1 0 38,89 "70";
71 0 0 5,80 "71";
72 2 0 46,114 "72";
73 1 1 69,70 "73";
74 2 1 47,106 "74";
75 0 0 29,113 "75";
76 2 0 37,81 "76";
77 1 1 71,91 "77";
78 0 1 16,104 "78";
79 2 1 4,47 "79";
80 1 0 16,111 "80";
81 0 1 21,57 "81";
82 2 1 85,98 "82";
83 2 1 44,74 "83";
84 0 1 64,87 "84";
85 1 1 4,110 "85";
86 1 1 32,46 "86";
87 1 1 94,105 "87";
88 2 1 20,40 "88";
89 0 0 18,86 "89";
90 2 0 48,112 "90";
91 1 0 25,115 "91";
92 1 0 53,88 "92";
93 1 0 9,60 "93";
94 2 0 27,95 "94";
95 0 1 42,104 "95";
96 2 1 28,74 "96";
97 1 0 25,71 "97";
98 1 0 52,110 "98";
99 2 0 48,62 "99";
100 2 1 45,75 "100";
101 1 0 54,85 "101";
102 2 0 58,128 "102";
103 0 0 39,79 "103";
104 1 0 2,40 "104";
105 0 0 26,39 "105";
106 2 0 60,118 "106";
107 0 1 39,83 "107";
108 2 0 48,69 "108";
109 1 0 91,122 "109";
110 0 1 2,51 "110";
111 0 1 77,84 "111";
112 1 0 16,45 "112";
113 0 0 97,123 "113";
114 1 0 45,128 "114";
115 2 1 31,116 "115";
116 0 0 28,106 "116";
117 1 1 65,126 "117";
118 1 1 2,128 "118";
119 2 1 24,62 "119";
120 0 0 8,80 "120";
121 1 0 36,46 "121";
122 2 1 2,61 "122";
123 1 1 12,93 "123";
124 1 0 99,117 "124";
125 2 1 22,28 "125";
126 1 1 84,111 "126";
127 2 0 58,74 "127";
128 1 1 46,68 "128";
129 1 1 90,102 "129";
