parity 129;
0 0 0 22,111 "0";
1 0 1 51,117 "1";
2 1 0 39,68 "2";
3 0 0 44,61 "3";
4 2 0 109,129 "4";
5 2 0 9,63 "5";
6 1 0 120,121 "6";
7 0 0 48,115 "7";
8 1 0 0,75 "8";
9 2 0 97,122 "9";
10 2 1 20,108 "10";
11 1 0 43,106 "11";
12 0 0 50,108 "12";
13 1 1 24,109 "13";
14 1 1 60,123 "14";
15 0 0 12,102 "15";
16 2 1 84,116 "16";
17 2 0 95,97 "17";
18 2 0 97,127 "18";
19 1 1 0,54 "19";
20 1 1 90,105 "20";
21 1 1 32,55 "21";
22 0 0 98,127 "22";
23 2 1 41,74 "23";
24 1 1 20,117 "24";
25 1 1 60,97 "25";
26 0 1 76,106 "26";
27 0 0 34,41 "27";
28 0 1 38,66 "28";
29 0 0 8,124 "29";
30 0 1 7,41 "30";
31 2 0 22,58 "31";
32 1 0 7,51 "32";
33 0 1 7,31 "33";
34 1 1 110,115 "34";
35 2 1 14,81 "35";
36 0 0 46,68 "36";
37 0 1 78,99 "37";
38 0 1 89,94 "38";
39 0 1 13,73 "39";
40 0 1 102,123 "40";
41 0 1 76,120 "41";
42 2 0 97,103 "42";
43 1 1 85,107 "43";
44 2 1 21,124 "44";
45 1 0 64,124 "45";
46 0 0 19,117 "46";
47 0 0 13,50 "47";
48 1 0 62,67 "48";
49 0 1 66,79 "49";
50 2 1 18,94 "50";
51 0 1 6,58 "51";
52 1 0 9,42 "52";
53 1 1 21,98 "53";
54 1 0 17,114 "54";
55 0 0 72,111 "55";
56 2 0 12,127 "56";
57 0 0 91,123 "57";
58 0 1 54,85 "58";
59 1 1 33,40 "59";
60 1 0 49,77 "60";
61 0 0 74,116 "61";
62 1 1 6,54 "62";
63 1 1 87,101 "63";
64 1 1 105,122 "64";
65 1 1 56,84 "65";
66 0 1 18,105 "66";
67 0 1 124,128 "67";
68 0 1 19,129 "68";
69 1 0 12,125 "69";
70 2 1 25,118 "70";
71 1 0 3,33 "71";
72 0 0 48,122 "72";
73 2 1 48,81 "73";
74 2 0 72,120 "74";
75 1 1 100,104 "75";
76 0 0 44,85 "76";
77 1 0 50,102 "77";
78 1 1 30,120 "78";
79 0 1 62,80 "79";
80 2 0 85,86 "80";
81 2 0 25,129 "81";
82 0 0 15,88 "82";
83 1 0 20,38 "83";
84 1 1 78,110 "84";
85 1 0 38,53 "85";
86 1 1 49,56 "86";
87 1 1 69,110 "87";
88 1 0 40,66 "88";
89 1 1 27,52 "89";
90 0 1 19,59 "90";
91 1 0 28,124 "91";
92 0 1 9,49 "92";
93 2 1 66,91 "93";
94 1 1 6,61 "94";
95 0 0 1,2 "95";
96 2 0 26,72 "96";
97 1 1 16,84 "97";
98 2 1 70,79 "98";
99 0 0 27,111 "99";
100 0 1 33,108 "100";
101 0 0 59,120 "101";
102 2 1 20,68 "102";
103 0 0 45,65 "103";
104 2 1 8,18 "104";
105 1 0 41,126 "105";
106 2 1 49,109 "106";
107 0 1 36,62 "107";
108 2 1 22,79 "108";
109 0 1 88,125 "109";
110 2 0 33,45 "110";
111 2 0 29,43 "111";
112 0 1 16,109 "112";
113 2 0 56,124 "113";
114 2 0 9,15 "114";
115 2 0 96,128 "115";
116 0 0 74,99 "116";
117 1 0 21,80 "117";
118 2 1 6,78 "118";
119 1 1 16,115 "119";
120 0 1 4,27 "120";
121 2 0 42,123 "121";
122 0 0 45,129 "122";
123 2 0 59,89 "123";
124 1 1 13,63 "124";
125 1 0 0,67 "125";
126 0 0 38,123 "126";
127 2 0 39,68 "127";
128 0 1 66,111 "128";
129 0 0 10,38 "129";
