parity 159;
0 0 1 52,104 "0";
1 0 1 0,158 "1";
2 0 1 33,87 "2";
3 2 0 98,137 "3";
4 1 0 109,126 "4";
5 0 0 30,140 "5";
6 0 1 14,43 "6";
7 0 1 31,77 "7";
8 1 0 138,155 "8";
9 2 0 82,121 "9";
10 0 1 52,118 "10";
11 2 1 21,30 "11";
12 1 0 50,147 "12";
13 1 1 56,112 "13";
14 1 1 79,121 "14";
15 1 1 48,101 "15";
16 1 1 23,46 "16";
17 1 1 134,141 "17";
18 2 0 38,81 "18";
19 1 1 38,93 "19";
20 2 0 11,82 "20";
21 0 0 38,152 "21";
22 1 1 51,140 "22";
23 2 1 68,122 "23";
24 0 0 10,42 "24";
25 1 0 42,119 "25";
26 0 1 6,81 "26";
27 2 1 82,100 "27";
28 0 1 11,121 "28";
29 0 0 95,116 "29";
30 0 1 48,55 "30";
31 1 1 69,71 "31";
32 1 0 19,147 "32";
33 1 0 97,155 "33";
34 1 0 70,81 "34";
35 1 0 10,156 "35";
36 2 1 12,72 "36";
37 1 0 75,144 "37";
38 0 0 16,92 "38";
39 0 1 35,64 "39";
40 1 1 5,76 "40";
41 2 1 40,59 "41";
42 1 1 5,89 "42";
43 0 0 3,72 "43";
44 0 0 114,136 "44";
45 2 0 101,116 "45";
46 1 1 18,67 "46";
47 0 0 0,44 "47";
48 2 1 27,134 "48";
49 1 1 87,135 "49";
50 0 1 51,125 "50";
51 1 1 106,113 "51";
52 1 1 71,84 "52";
53 1 1 65,132 "53";
54 2 1 10,85 "54";
55 1 0 9,111 "55";
56 1 1 113,116 "56";
57 2 0 78,151 "57";
58 1 0 49,84 "58";
59 1 1 92,134 "59";
60 2 0 44,96 "60";
61 2 0 124,134 "61";
62 0 1 23,63 "62";
63 0 0 9,69 "63";
64 0 1 21,131 "64";
65 0 0 10,58 "65";
66 0 0 102,153 "66";
67 0 1 78,102 "67";
68 0 1 29,102 "68";
69 2 1 51,151 "69";
70 1 0 62,77 "70";
71 2 1 54,126 "71";
72 0 1 23,60 "72";
73 1 0 53,111 "73";
74 1 0 76,146 "74";
75 1 0 47,73 "75";
76 0 0 10,82 "76";
77 2 0 65,141 "77";
78 1 0 73,86 "78";
79 2 0 82,155 "79";
80 0 1 13,15 "80";
81 2 0 60,111 "81";
82 1 1 12,83 "82";
83 1 0 61,112 "83";
84 2 0 63,132 "84";
85 0 1 67,126 "85";
86 2 0 33,117 "86";
87 0 1 118,142 "87";
88 2 0 95,96 "88";
89 2 0 15,147 "89";
90 1 0 58,108 "90";
91 2 0 107,140 "91";
92 1 1 14,52 "92";
93 0 1 29,131 "93";
94 2 0 7,47 "94";
95 1 1 31,94 "95";
96 1 1 76,123 "96";
97 0 0 21,88 "97";
98 1 1 21,34 "98";
99 1 1 124,135 "99";
100 0 0 34,154 "100";
101 1 1 37,94 "101";
102 2 1 4,91 "102";
103 1 0 35,45 "103";
104 0 0 79,99 "104";
105 0 1 53,129 "105";
106 1 1 75,150 "106";
107 2 0 17,57 "107";
108 0 0 37,127 "108";
109 2 0 16,26 "109";
110 1 1 44,124 "110";
111 1 1 47,115 "111";
112 0 0 27,64 "112";
113 2 1 21,137 "113";
114 1 1 24,73 "114";
115 0 1 114,140 "115";
116 2 1 91,127 "116";
117 1 0 137,149 "117";
118 1 1 2,121 "118";
119 2 1 50,62 "119";
120 1 0 49,123 "120";
121 2 1 48,132 "121";
122 1 0 60,121 "122";
123 2 0 16,21 "123";
124 1 0 114,131 "124";
125 1 1 20,135 "125";
126 0 0 77,99 "126";
127 2 1 47,141 "127";
128 2 0 38,59 "128";
129 0 1 82,88 "129";
130 0 0 6,13 "130";
131 0 1 8,70 "131";
132 0 0 8,71 "132";
133 0 1 9,123 "133";
134 2 0 22,46 "134";
135 0 1 53,156 "135";
136 0 1 110,147 "136";
137 1 1 33,89 "137";
138 1 1 86,96 "138";
139 0 1 2,90 "139";
140 1 1 80,105 "140";
141 1 1 6,109 "141";
142 2 0 119,128 "142";
143 1 1 0,61 "143";
144 0 0 72,96 "144";
145 0 0 111,113 "145";
146 1 1 92,106 "146";
147 2 1 72,100 "147";
148 2 0 43,101 "148";
149 2 1 60,104 "149";
150 0 0 3,75 "150";
151 1 0 34,47 "151";
152 0 0 88,149 "152";
153 2 1 41,91 "153";
154 1 1 139,150 "154";
155 0 1 3,104 "155";
156 2 0 62,158 "156";
157 0 1 99,100 "157";
158 0 1 29,60 "158";
159 1 1 26,33 "159";
