parity 99;
0 0 1 20,56 "0";
1 1 0 35,47 "1";
2 1 0 71,98 "2";
3 0 1 66,94 "3";
4 1 1 39,42 "4";
5 0 0 95,97 "5";
6 0 0 48,76 "6";
7 0 0 59,99 "7";
8 1 0 16,61 "8";
9 0 1 13,17 "9";
10 0 0 69,83 "10";
11 1 1 18,94 "11";
12 0 0 60,94 "12";
13 1 0 62,75 "13";
14 2 0 59,74 "14";
15 1 1 6,55 "15";
16 2 1 43,49 "16";
17 2 0 45,93 "17";
18 2 1 31,68 "18";
19 0 1 0,83 "19";
20 2 1 85,89 "20";
21 0 1 0,67 "21";
22 2 1 42,99 "22";
23 1 1 5,78 "23";
24 1 0 42,71 "24";
25 2 0 23,43 "25";
26 1 1 18,21 "26";
27 0 0 9,44 "27";
28 2 1 48,92 "28";
29 0 0 8,16 "29";
30 0 0 48,49 "30";
31 0 0 70,87 "31";
32 1 1 62,95 "32";
33 1 1 28,46 "33";
34 2 1 30,78 "34";
35 2 0 19,36 "35";
36 2 1 76,90 "36";
37 2 0 60,91 "37";
38 0 1 4,39 "38";
39 1 1 1,15 "39";
40 1 0 68,86 "40";
41 0 0 45,96 "41";
42 1 0 63,84 "42";
43 0 0 15,23 "43";
44 1 0 10,88 "44";
45 2 1 31,71 "45";
46 1 0 80,99 "46";
47 0 1 17,86 "47";
48 1 0 52,75 "48";
49 2 1 30,54 "49";
50 1 1 34,80 "50";
51 2 1 27,34 "51";
52 2 1 43,55 "52";
53 2 0 43,81 "53";
54 2 1 52,75 "54";
55 2 0 63,76 "55";
56 0 1 41,67 "56";
57 1 1 8,62 "57";
58 0 0 17,27 "58";
59 2 1 18,90 "59";
60 0 0 78,84 "60";
61 0 1 24,55 "61";
62 1 0 29,53 "62";
63 0 1 5,43 "63";
64 1 1 57,85 "64";
65 1 1 62,64 "65";
66 0 0 1,20 "66";
67 2 1 62,69 "67";
68 0 1 15,36 "68";
69 0 1 27,60 "69";
70 1 0 33,54 "70";
71 1 1 46,72 "71";
72 1 0 9,56 "72";
73 2 1 16,96 "73";
74 1 0 18,58 "74";
75 2 0 12,68 "75";
76 0 0 34,75 "76";
77 0 0 33,91 "77";
78 1 0 19,77 "78";
79 2 1 11,49 "79";
80 1 1 18,52 "80";
81 1 0 22,33 "81";
82 1 1 42,59 "82";
83 1 1 66,90 "83";
84 2 1 13,89 "84";
85 1 1 34,67 "85";
86 1 0 38,42 "86";
87 2 0 8,64 "87";
88 0 0 33,48 "88";
89 1 0 2,67 "89";
90 0 0 0,25 "90";
91 1 1 6,53 "91";
92 1 1 36,39 "92";
93 0 1 1,8 "93";
94 1 0 5,16 "94";
95 2 1 15,25 "95";
96 2 1 53,91 "96";
97 2 0 47,77 "97";
98 1 0 22,65 "98";
99 2 1 18,81 "99";
