parity 184;
0 0 1 20,163 "0";
1 2 1 2,173 "1";
2 2 0 8,166 "2";
3 1 0 11,83 "3";
4 1 1 2,9 "4";
5 0 1 56,140 "5";
6 2 1 111,181 "6";
7 2 1 5,106 "7";
8 0 0 13,180 "8";
9 2 1 142,174 "9";
10 1 1 29,74 "10";
11 2 0 96,112 "11";
12 0 1 99,107 "12";
13 2 0 40,113 "13";
14 2 0 23,180 "14";
15 2 1 54,150 "15";
16 1 0 90,175 "16";
17 2 0 46,170 "17";
18 1 0 73,174 "18";
19 0 0 81,98 "19";
20 0 1 12,16 "20";
21 0 0 92,178 "21";
22 1 0 86,159 "22";
23 0 0 22,130 "23";
24 0 0 0,100 "24";
25 1 0 103,163 "25";
26 1 0 128,164 "26";
27 1 0 171,182 "27";
28 0 0 79,144 "28";
29 1 1 26,119 "29";
30 0 0 74,147 "30";
31 2 0 56,172 "31";
32 2 1 156,181 "32";
33 2 0 73,175 "33";
34 0 0 101,180 "34";
35 1 1 89,106 "35";
36 0 1 44,128 "36";
37 2 1 115,184 "37";
38 2 1 56,86 "38";
39 0 1 11,38 "39";
40 0 0 143,176 "40";
41 0 0 167,179 "41";
42 0 1 56,100 "42";
43 1 1 33,179 "43";
44 1 1 35,148 "44";
45 1 0 16,138 "45";
46 0 0 59,111 "46";
47 0 0 103,111 "47";
48 2 1 122,171 "48";
49 2 1 15,51 "49";
50 1 1 158,161 "50";
51 2 1 6,52 "51";
52 2 1 115,157 "52";
53 0 1 80,135 "53";
54 0 0 106,156 "54";
55 1 0 50,139 "55";
56 2 0 122,177 "56";
57 2 0 58,161 "57";
58 0 0 84,145 "58";
59 0 1 51,183 "59";
60 0 1 27,156 "60";
61 2 0 13,113 "61";
62 1 0 46,129 "62";
63 0 0 124,173 "63";
64 2 1 31,164 "64";
65 2 1 22,97 "65";
66 1 1 140,144 "66";
67 0 0 5,44 "67";
68 2 1 45,86 "68";
69 0 1 130,147 "69";
70 1 1 1,30 "70";
71 1 1 51,130 "71";
72 1 0 70,73 "72";
73 2 0 168,172 "73";
74 0 1 68,97 "74";
75 0 1 17,110 "75";
76 0 0 23,107 "76";
77 2 1 7,27 "77";
78 2 0 15,140 "78";
79 0 1 124,132 "79";
80 2 1 30,71 "80";
81 0 1 46,177 "81";
82 1 1 56,114 "82";
83 0 0 99,160 "83";
84 0 0 64,83 "84";
85 1 1 35,81 "85";
86 0 0 57,171 "86";
87 1 0 34,78 "87";
88 2 0 126,134 "88";
89 1 0 53,71 "89";
90 1 1 29,109 "90";
91 2 1 121,174 "91";
92 0 1 95,176 "92";
93 1 1 33,148 "93";
94 1 0 123,171 "94";
95 0 0 135,164 "95";
96 2 1 14,144 "96";
97 2 1 24,57 "97";
98 1 1 16,69 "98";
99 1 0 45,160 "99";
100 0 1 42,55 "100";
101 0 0 70,82 "101";
102 0 0 3,73 "102";
103 2 1 119,164 "103";
104 1 1 41,108 "104";
105 2 0 31,84 "105";
106 1 0 30,56 "106";
107 2 0 40,83 "107";
108 0 0 7,72 "108";
109 0 0 1,111 "109";
110 1 0 55,82 "110";
111 2 0 8,17 "111";
112 2 0 85,101 "112";
113 2 0 89,149 "113";
114 0 1 68,178 "114";
115 2 1 42,60 "115";
116 0 1 93,150 "116";
117 1 0 63,140 "117";
118 0 1 4,154 "118";
119 0 0 96,116 "119";
120 0 1 17,103 "120";
121 2 1 19,108 "121";
122 0 1 109,162 "122";
123 1 1 44,118 "123";
124 1 1 5,117 "124";
125 1 1 0,1 "125";
126 2 1 115,122 "126";
127 2 0 72,145 "127";
128 2 1 102,140 "128";
129 2 0 48,75 "129";
130 2 1 54,102 "130";
131 2 0 23,166 "131";
132 2 0 3,136 "132";
133 2 1 89,132 "133";
134 1 0 113,136 "134";
135 2 0 7,102 "135";
136 1 1 116,171 "136";
137 1 1 48,146 "137";
138 0 0 70,139 "138";
139 0 1 8,183 "139";
140 1 0 106,163 "140";
141 1 0 19,178 "141";
142 1 1 103,152 "142";
143 1 0 61,102 "143";
144 0 0 31,81 "144";
145 2 0 3,133 "145";
146 0 0 7,114 "146";
147 1 0 109,169 "147";
148 2 1 115,127 "148";
149 2 1 7,118 "149";
150 2 1 39,175 "150";
151 2 0 78,166 "151";
152 1 0 53,89 "152";
153 1 1 134,140 "153";
154 2 1 134,178 "154";
155 1 0 19,88 "155";
156 2 1 1,15 "156";
157 0 1 36,71 "157";
158 0 0 159,164 "158";
159 0 0 37,83 "159";
160 1 0 35,131 "160";
161 0 0 12,121 "161";
162 1 1 29,58 "162";
163 0 0 61,125 "163";
164 2 1 83,173 "164";
165 2 0 92,184 "165";
166 1 1 122,169 "166";
167 1 1 13,173 "167";
168 0 1 99,138 "168";
169 0 0 40,145 "169";
170 0 1 33,166 "170";
171 1 1 129,166 "171";
172 2 1 77,105 "172";
173 1 1 45,182 "173";
174 1 1 78,148 "174";
175 1 0 109,133 "175";
176 1 1 120,126 "176";
177 2 1 128,167 "177";
178 2 0 25,153 "178";
179 1 1 96,129 "179";
180 0 1 66,153 "180";
181 0 0 91,141 "181";
182 0 1 112,129 "182";
183 1 1 49,51 "183";
184 2 0 70,168 "184";
