parity 179;
0 1 0 3,104 "0";
1 1 1 7,159 "1";
2 1 1 42,144 "2";
3 1 0 48,61 "3";
4 1 0 11,68 "4";
5 1 0 57,176 "5";
6 0 0 46,80 "6";
7 0 0 8,105 "7";
8 2 1 130,150 "8";
9 0 1 15,130 "9";
10 2 1 89,157 "10";
11 2 0 101,178 "11";
12 0 0 26,59 "12";
13 2 0 33,50 "13";
14 2 1 30,169 "14";
15 1 0 43,118 "15";
16 0 0 34,49 "16";
17 0 0 68,152 "17";
18 1 1 66,130 "18";
19 2 1 53,85 "19";
20 0 0 3,105 "20";
21 2 1 94,132 "21";
22 2 1 46,62 "22";
23 2 1 130,172 "23";
24 1 0 36,147 "24";
25 0 0 3,100 "25";
26 1 1 120,122 "26";
27 0 0 49,125 "27";
28 0 1 31,129 "28";
29 1 0 11,122 "29";
30 1 0 44,52 "30";
31 0 1 23,101 "31";
32 2 0 104,174 "32";
33 1 1 90,92 "33";
34 0 0 82,123 "34";
35 0 0 29,48 "35";
36 2 0 4,48 "36";
37 2 0 116,142 "37";
38 1 0 74,137 "38";
39 0 1 139,150 "39";
40 0 1 164,168 "40";
41 0 0 1,158 "41";
42 1 1 58,129 "42";
43 1 0 52,111 "43";
44 2 0 48,67 "44";
45 2 0 17,53 "45";
46 1 1 18,136 "46";
47 2 1 16,25 "47";
48 0 1 84,121 "48";
49 2 1 29,126 "49";
50 0 0 25,105 "50";
51 1 0 2,82 "51";
52 0 0 19,142 "52";
53 0 1 1,145 "53";
54 2 1 14,103 "54";
55 1 0 73,178 "55";
56 0 1 20,78 "56";
57 0 1 36,164 "57";
58 1 0 87,123 "58";
59 2 0 27,122 "59";
60 2 1 148,155 "60";
61 0 0 19,120 "61";
62 2 0 22,157 "62";
63 1 0 96,105 "63";
64 2 1 15,88 "64";
65 2 1 46,143 "65";
66 2 1 39,75 "66";
67 2 0 117,143 "67";
68 2 1 114,166 "68";
69 2 1 104,133 "69";
70 2 0 1,58 "70";
71 1 0 116,123 "71";
72 1 1 58,164 "72";
73 0 0 44,87 "73";
74 1 1 67,91 "74";
75 0 0 140,154 "75";
76 1 0 138,144 "76";
77 0 0 16,116 "77";
78 2 0 22,45 "78";
79 0 0 41,159 "79";
80 1 0 78,94 "80";
81 0 1 13,32 "81";
82 2 0 96,176 "82";
83 0 1 34,96 "83";
84 1 0 32,52 "84";
85 0 0 52,173 "85";
86 2 0 6,141 "86";
87 2 1 35,78 "87";
88 2 0 70,113 "88";
89 0 0 157,171 "89";
90 1 1 112,131 "90";
91 0 0 85,169 "91";
92 0 0 37,155 "92";
93 2 1 31,118 "93";
94 0 0 165,172 "94";
95 1 0 42,50 "95";
96 1 1 3,4 "96";
97 0 1 129,165 "97";
98 0 0 153,178 "98";
99 1 1 69,151 "99";
100 0 0 49,150 "100";
101 1 1 94,162 "101";
102 2 1 63,89 "102";
103 2 0 123,157 "103";
104 2 1 26,30 "104";
105 0 1 131,157 "105";
106 2 0 91,136 "106";
107 2 1 19,147 "107";
108 2 1 35,115 "108";
109 2 0 101,131 "109";
110 1 0 148,177 "110";
111 1 1 22,47 "111";
112 0 0 38,58 "112";
113 1 0 98,157 "113";
114 1 1 158,167 "114";
115 1 0 34,53 "115";
116 1 0 46,94 "116";
117 1 0 7,60 "117";
118 2 1 76,166 "118";
119 2 0 33,111 "119";
120 0 1 5,39 "120";
121 2 0 31,88 "121";
122 0 1 37,162 "122";
123 1 1 35,46 "123";
124 0 0 63,120 "124";
125 2 0 65,90 "125";
126 2 0 75,159 "126";
127 2 1 55,71 "127";
128 0 1 142,146 "128";
129 0 0 33,170 "129";
130 0 1 41,154 "130";
131 0 0 25,97 "131";
132 2 1 47,107 "132";
133 2 0 48,108 "133";
134 0 0 11,176 "134";
135 2 1 53,93 "135";
136 2 0 15,131 "136";
137 1 1 44,76 "137";
138 2 1 49,103 "138";
139 0 0 11,111 "139";
140 0 1 29,62 "140";
141 0 0 5,168 "141";
142 0 0 29,141 "142";
143 0 0 72,84 "143";
144 1 0 90,158 "144";
145 2 1 43,125 "145";
146 2 0 36,172 "146";
147 1 0 57,158 "147";
148 1 1 26,161 "148";
149 1 1 7,104 "149";
150 2 0 101,116 "150";
151 0 0 75,127 "151";
152 1 0 112,160 "152";
153 1 1 112,119 "153";
154 1 0 28,54 "154";
155 2 1 72,82 "155";
156 2 0 16,160 "156";
157 1 1 100,164 "157";
158 2 0 80,171 "158";
159 1 1 138,173 "159";
160 2 0 80,136 "160";
161 1 1 95,122 "161";
162 2 0 91,144 "162";
163 1 0 2,141 "163";
164 2 0 20,75 "164";
165 0 0 122,147 "165";
166 2 0 2,84 "166";
167 0 1 23,44 "167";
168 0 0 49,58 "168";
169 2 0 91,132 "169";
170 0 1 18,135 "170";
171 1 0 79,143 "171";
172 1 0 69,98 "172";
173 2 1 40,57 "173";
174 1 1 159,176 "174";
175 1 1 1,34 "175";
176 1 0 86,125 "176";
177 2 1 47,147 "177";
178 1 0 92,161 "178";
179 0 0 89,114 "179";
