parity 119;
0 0 1 6,89 "0";
1 0 0 50,80 "1";
2 2 0 1,29 "2";
3 2 1 24,38 "3";
4 0 1 28,117 "4";
5 0 0 95,113 "5";
6 1 0 8,30 "6";
7 1 1 48,117 "7";
8 2 1 20,95 "8";
9 0 1 96,113 "9";
10 1 0 57,102 "10";
11 1 1 81,111 "11";
12 2 1 6,79 "12";
13 0 1 0,42 "13";
14 0 0 43,79 "14";
15 1 0 23,24 "15";
16 1 0 69,78 "16";
17 0 0 0,70 "17";
18 2 0 54,89 "18";
19 0 1 17,97 "19";
20 1 1 45,56 "20";
21 1 0 36,80 "21";
22 1 1 16,32 "22";
23 0 1 30,63 "23";
24 2 0 35,89 "24";
25 2 1 6,22 "25";
26 1 0 22,70 "26";
27 2 0 78,115 "27";
28 0 0 16,117 "28";
29 0 1 35,118 "29";
30 0 0 47,53 "30";
31 2 0 35,64 "31";
32 0 0 1,104 "32";
33 2 0 107,111 "33";
34 0 1 28,97 "34";
35 0 0 3,87 "35";
36 1 0 68,71 "36";
37 2 0 31,104 "37";
38 2 0 17,118 "38";
39 2 1 6,110 "39";
40 0 1 51,95 "40";
41 1 1 18,55 "41";
42 1 1 13,19 "42";
43 2 0 17,66 "43";
44 0 0 8,76 "44";
45 2 1 18,19 "45";
46 0 1 1,57 "46";
47 2 0 4,78 "47";
48 0 1 4,106 "48";
49 2 1 63,98 "49";
50 2 1 5,82 "50";
51 1 1 66,115 "51";
52 1 0 19,64 "52";
53 0 1 72,93 "53";
54 0 0 3,64 "54";
55 2 0 14,108 "55";
56 0 1 25,39 "56";
57 2 0 2,45 "57";
58 2 1 61,68 "58";
59 2 0 76,94 "59";
60 0 0 8,50 "60";
61 2 1 74,98 "61";
62 2 0 33,113 "62";
63 0 0 11,67 "63";
64 2 1 35,37 "64";
65 0 1 40,99 "65";
66 0 0 39,47 "66";
67 0 1 22,102 "67";
68 0 1 25,117 "68";
69 2 0 62,81 "69";
70 1 1 103,113 "70";
71 1 1 24,49 "71";
72 0 0 26,109 "72";
73 2 0 57,110 "73";
74 1 1 26,92 "74";
75 2 0 77,99 "75";
76 1 0 40,83 "76";
77 0 0 65,74 "77";
78 0 1 52,91 "78";
79 2 0 106,112 "79";
80 0 0 106,117 "80";
81 1 0 28,70 "81";
82 0 0 51,90 "82";
83 0 1 93,101 "83";
84 1 1 49,111 "84";
85 0 0 1,83 "85";
86 1 1 95,98 "86";
87 1 1 19,111 "87";
88 1 0 59,118 "88";
89 1 0 5,66 "89";
90 0 1 36,94 "90";
91 2 0 53,108 "91";
92 1 0 49,106 "92";
93 1 1 43,111 "93";
94 0 1 40,89 "94";
95 2 0 40,118 "95";
96 1 0 0,59 "96";
97 1 1 29,32 "97";
98 0 0 97,113 "98";
99 1 1 43,63 "99";
100 0 0 35,96 "100";
101 2 1 78,82 "101";
102 1 0 17,110 "102";
103 0 1 65,81 "103";
104 1 0 20,103 "104";
105 0 0 30,106 "105";
106 2 1 26,94 "106";
107 1 0 21,60 "107";
108 2 1 27,49 "108";
109 2 0 44,92 "109";
110 1 1 65,107 "110";
111 2 0 40,68 "111";
112 1 0 62,107 "112";
113 0 1 22,52 "113";
114 2 1 61,108 "114";
115 2 0 38,76 "115";
116 2 1 75,93 "116";
117 1 0 15,116 "117";
118 1 0 85,86 "118";
119 0 0 40,73 "119";
