parity 174;
0 1 1 142,172 "0";
1 1 1 14,114 "1";
2 0 1 115,138 "2";
3 1 0 115,147 "3";
4 0 1 54,141 "4";
5 0 0 85,114 "5";
6 0 1 46,141 "6";
7 2 0 38,64 "7";
8 2 1 71,169 "8";
9 2 1 129,138 "9";
10 2 1 108,110 "10";
11 0 0 29,57 "11";
12 2 1 106,130 "12";
13 0 1 10,153 "13";
14 0 1 85,98 "14";
15 0 1 23,104 "15";
16 1 1 24,108 "16";
17 2 0 34,102 "17";
18 1 1 76,145 "18";
19 0 0 34,82 "19";
20 0 1 52,115 "20";
21 0 0 14,107 "21";
22 2 1 111,173 "22";
23 0 1 137,163 "23";
24 0 0 54,142 "24";
25 2 1 118,172 "25";
26 1 1 43,60 "26";
27 1 1 38,166 "27";
28 2 1 99,145 "28";
29 2 1 80,108 "29";
30 1 1 23,46 "30";
31 0 0 49,123 "31";
32 0 0 9,141 "32";
33 0 0 75,103 "33";
34 0 0 33,133 "34";
35 2 1 9,134 "35";
36 1 1 66,139 "36";
37 1 1 116,141 "37";
38 1 0 9,23 "38";
39 2 1 144,150 "39";
40 2 1 39,141 "40";
41 2 1 32,48 "41";
42 1 0 90,131 "42";
43 1 1 82,147 "43";
44 2 0 20,88 "44";
45 1 1 46,103 "45";
46 0 1 71,173 "46";
47 0 0 7,11 "47";
48 1 0 10,97 "48";
49 0 0 114,145 "49";
50 1 1 145,148 "50";
51 1 1 11,162 "51";
52 0 0 18,80 "52";
53 0 1 80,98 "53";
54 2 0 37,69 "54";
55 0 1 2,117 "55";
56 1 0 27,51 "56";
57 1 0 75,160 "57";
58 1 0 4,104 "58";
59 2 1 91,152 "59";
60 1 0 7,169 "60";
61 1 1 32,64 "61";
62 1 0 95,165 "62";
63 1 1 129,165 "63";
64 2 1 1,140 "64";
65 1 1 134,157 "65";
66 2 1 2,147 "66";
67 2 1 58,170 "67";
68 1 0 80,105 "68";
69 2 0 23,145 "69";
70 1 0 10,117 "70";
71 2 1 33,140 "71";
72 2 1 61,65 "72";
73 2 0 59,160 "73";
74 1 1 34,59 "74";
75 2 0 24,172 "75";
76 1 0 43,121 "76";
77 0 1 5,47 "77";
78 2 0 37,97 "78";
79 2 1 81,116 "79";
80 2 0 4,163 "80";
81 0 1 96,114 "81";
82 2 1 8,103 "82";
83 1 1 104,112 "83";
84 2 1 77,173 "84";
85 0 1 56,116 "85";
86 2 1 53,163 "86";
87 1 1 17,102 "87";
88 2 1 72,108 "88";
89 1 1 1,22 "89";
90 2 0 18,67 "90";
91 1 1 36,117 "91";
92 2 1 12,143 "92";
93 1 1 76,85 "93";
94 2 0 22,160 "94";
95 1 0 19,138 "95";
96 1 1 4,8 "96";
97 2 1 27,80 "97";
98 2 1 18,30 "98";
99 0 0 9,65 "99";
100 2 0 23,37 "100";
101 0 1 39,132 "101";
102 0 0 16,81 "102";
103 2 1 90,170 "103";
104 2 1 102,125 "104";
105 0 1 49,159 "105";
106 2 1 55,141 "106";
107 1 0 22,56 "107";
108 1 0 136,170 "108";
109 0 0 120,157 "109";
110 2 1 19,109 "110";
111 1 1 10,158 "111";
112 1 0 71,73 "112";
113 1 1 71,138 "113";
114 1 1 68,165 "114";
115 0 1 55,85 "115";
116 1 0 42,45 "116";
117 0 0 41,83 "117";
118 1 1 93,126 "118";
119 1 0 98,121 "119";
120 0 0 164,174 "120";
121 2 1 66,141 "121";
122 0 1 1,28 "122";
123 1 0 114,156 "123";
124 1 0 22,27 "124";
125 1 0 54,86 "125";
126 2 1 59,139 "126";
127 0 1 44,87 "127";
128 1 0 28,45 "128";
129 2 0 31,35 "129";
130 2 1 43,101 "130";
131 2 1 44,133 "131";
132 1 0 103,137 "132";
133 2 0 21,33 "133";
134 1 0 9,67 "134";
135 2 0 29,121 "135";
136 2 1 104,141 "136";
137 2 0 17,63 "137";
138 2 0 48,107 "138";
139 1 1 52,132 "139";
140 1 0 76,128 "140";
141 0 0 23,173 "141";
142 1 0 10,112 "142";
143 0 1 124,167 "143";
144 0 0 20,104 "144";
145 0 0 137,141 "145";
146 2 0 62,158 "146";
147 2 1 45,103 "147";
148 2 0 128,174 "148";
149 1 0 145,174 "149";
150 0 0 72,112 "150";
151 1 1 40,54 "151";
152 1 0 85,154 "152";
153 0 0 38,56 "153";
154 1 0 114,141 "154";
155 1 1 75,111 "155";
156 1 1 14,79 "156";
157 0 0 36,71 "157";
158 0 0 34,58 "158";
159 2 0 78,143 "159";
160 2 1 89,156 "160";
161 2 0 158,164 "161";
162 0 1 30,112 "162";
163 0 0 106,132 "163";
164 1 0 15,66 "164";
165 2 0 17,46 "165";
166 1 1 2,58 "166";
167 2 0 43,135 "167";
168 1 1 32,124 "168";
169 0 1 125,140 "169";
170 0 1 122,158 "170";
171 2 0 65,83 "171";
172 2 0 160,163 "172";
173 1 0 140,165 "173";
174 1 0 27,164 "174";
