parity 139;
0 1 1 47,62 "0";
1 1 0 65,106 "1";
2 2 1 38,130 "2";
3 0 0 23,133 "3";
4 2 1 100,106 "4";
5 2 1 8,70 "5";
6 2 0 31,71 "6";
7 2 1 91,135 "7";
8 2 1 4,86 "8";
9 1 1 2,113 "9";
10 1 1 5,85 "10";
11 0 1 54,127 "11";
12 2 0 16,62 "12";
13 0 0 12,82 "13";
14 2 0 12,99 "14";
15 0 1 98,99 "15";
16 2 0 34,108 "16";
17 0 1 18,30 "17";
18 2 0 7,77 "18";
19 0 1 16,104 "19";
20 2 0 14,76 "20";
21 2 0 17,104 "21";
22 1 0 21,42 "22";
23 2 1 44,136 "23";
24 1 1 96,109 "24";
25 1 0 62,102 "25";
26 1 1 0,55 "26";
27 2 0 61,72 "27";
28 0 0 78,96 "28";
29 0 1 72,100 "29";
30 2 0 105,133 "30";
31 1 1 80,116 "31";
32 2 1 48,124 "32";
33 1 0 17,103 "33";
34 1 0 19,41 "34";
35 0 0 88,96 "35";
36 2 1 19,28 "36";
37 1 1 87,134 "37";
38 2 0 93,119 "38";
39 1 1 17,96 "39";
40 0 0 64,112 "40";
41 0 1 71,89 "41";
42 1 0 3,16 "42";
43 1 1 59,92 "43";
44 0 1 49,77 "44";
45 1 0 36,56 "45";
46 2 0 12,18 "46";
47 0 0 116,119 "47";
48 2 0 85,137 "48";
49 0 0 58,80 "49";
50 1 0 24,43 "50";
51 0 0 11,47 "51";
52 2 1 91,126 "52";
53 1 1 12,118 "53";
54 2 0 26,58 "54";
55 1 0 15,120 "55";
56 1 0 61,100 "56";
57 0 0 43,96 "57";
58 1 0 7,71 "58";
59 0 0 38,135 "59";
60 1 0 1,85 "60";
61 1 1 4,48 "61";
62 0 0 45,128 "62";
63 2 0 81,97 "63";
64 2 0 19,134 "64";
65 0 1 17,96 "65";
66 2 1 3,37 "66";
67 0 0 27,93 "67";
68 0 0 13,110 "68";
69 1 0 46,60 "69";
70 1 1 28,129 "70";
71 1 0 14,122 "71";
72 2 1 7,28 "72";
73 2 1 80,109 "73";
74 1 0 53,95 "74";
75 2 0 45,100 "75";
76 2 0 25,124 "76";
77 0 1 17,51 "77";
78 2 1 34,36 "78";
79 0 1 77,92 "79";
80 2 1 20,121 "80";
81 2 1 54,116 "81";
82 0 0 7,18 "82";
83 0 1 44,126 "83";
84 2 1 135,136 "84";
85 0 1 65,76 "85";
86 1 1 11,120 "86";
87 0 0 52,100 "87";
88 2 0 62,89 "88";
89 0 1 20,97 "89";
90 2 1 73,107 "90";
91 1 0 49,57 "91";
92 2 1 65,109 "92";
93 2 0 79,100 "93";
94 1 0 115,128 "94";
95 0 1 91,114 "95";
96 1 0 32,77 "96";
97 2 1 49,96 "97";
98 1 1 81,88 "98";
99 0 1 47,115 "99";
100 0 1 16,21 "100";
101 0 0 18,68 "101";
102 1 0 1,15 "102";
103 1 0 42,71 "103";
104 2 1 22,67 "104";
105 1 1 109,123 "105";
106 2 1 61,133 "106";
107 0 1 38,71 "107";
108 1 1 50,132 "108";
109 2 1 19,52 "109";
110 1 1 52,135 "110";
111 2 0 6,14 "111";
112 2 1 7,130 "112";
113 1 0 34,53 "113";
114 1 0 34,126 "114";
115 2 0 1,94 "115";
116 0 0 35,117 "116";
117 0 1 6,67 "117";
118 1 1 77,101 "118";
119 0 1 84,96 "119";
120 2 1 5,33 "120";
121 1 0 16,110 "121";
122 2 1 121,130 "122";
123 0 1 56,100 "123";
124 2 1 14,118 "124";
125 0 0 92,131 "125";
126 2 1 7,51 "126";
127 1 0 26,81 "127";
128 2 0 16,138 "128";
129 1 1 38,90 "129";
130 1 1 83,91 "130";
131 0 0 67,118 "131";
132 0 1 66,73 "132";
133 2 1 83,116 "133";
134 1 1 6,75 "134";
135 2 1 76,124 "135";
136 2 1 39,102 "136";
137 1 0 74,95 "137";
138 2 0 78,99 "138";
139 0 1 13,79 "139";
