parity 174;
0 2 1 47,127 "0";
1 2 0 160,166 "1";
2 2 0 79,112 "2";
3 2 0 11,45 "3";
4 2 0 64,109 "4";
5 0 0 19,122 "5";
6 1 0 0,107 "6";
7 1 0 29,121 "7";
8 2 1 51,109 "8";
9 1 1 43,88 "9";
10 2 0 1,68 "10";
11 0 1 30,50 "11";
12 0 1 59,161 "12";
13 1 1 0,62 "13";
14 0 0 37,66 "14";
15 2 1 133,171 "15";
16 0 0 61,146 "16";
17 1 1 9,136 "17";
18 1 1 87,173 "18";
19 0 0 56,169 "19";
20 0 1 5,84 "20";
21 1 1 132,135 "21";
22 1 0 161,170 "22";
23 0 0 91,170 "23";
24 1 1 63,173 "24";
25 0 1 68,152 "25";
26 0 1 1,101 "26";
27 1 1 168,173 "27";
28 1 0 50,99 "28";
29 0 0 3,18 "29";
30 1 1 57,172 "30";
31 0 1 20,61 "31";
32 1 1 60,126 "32";
33 1 1 27,168 "33";
34 1 0 20,60 "34";
35 1 0 92,166 "35";
36 2 0 65,171 "36";
37 0 1 6,172 "37";
38 2 0 95,169 "38";
39 2 1 105,126 "39";
40 2 0 37,161 "40";
41 1 0 54,125 "41";
42 2 0 15,32 "42";
43 0 1 27,42 "43";
44 2 1 78,162 "44";
45 0 0 101,166 "45";
46 2 0 83,152 "46";
47 1 0 62,119 "47";
48 0 1 12,16 "48";
49 2 0 73,99 "49";
50 2 1 28,78 "50";
51 0 0 4,88 "51";
52 0 0 0,9 "52";
53 2 0 68,94 "53";
54 1 1 32,173 "54";
55 2 0 35,99 "55";
56 1 0 1,4 "56";
57 1 0 39,132 "57";
58 0 1 118,131 "58";
59 2 0 55,137 "59";
60 0 0 72,117 "60";
61 2 1 105,127 "61";
62 1 0 5,79 "62";
63 2 0 31,140 "63";
64 0 1 24,86 "64";
65 0 0 11,169 "65";
66 2 1 127,148 "66";
67 2 1 34,109 "67";
68 0 1 93,99 "68";
69 2 0 121,126 "69";
70 1 1 140,155 "70";
71 2 1 31,84 "71";
72 2 0 75,100 "72";
73 2 1 39,127 "73";
74 1 0 62,92 "74";
75 0 0 74,122 "75";
76 2 0 68,125 "76";
77 2 0 119,159 "77";
78 0 1 8,154 "78";
79 2 1 44,153 "79";
80 2 1 17,164 "80";
81 2 0 40,135 "81";
82 1 0 90,128 "82";
83 0 1 13,20 "83";
84 1 1 106,169 "84";
85 2 0 16,44 "85";
86 2 1 85,124 "86";
87 0 0 59,154 "87";
88 0 0 45,50 "88";
89 1 0 21,150 "89";
90 0 1 84,127 "90";
91 0 1 36,117 "91";
92 1 1 98,140 "92";
93 1 0 106,133 "93";
94 2 1 0,65 "94";
95 2 0 143,158 "95";
96 1 0 76,114 "96";
97 1 0 17,28 "97";
98 2 1 113,158 "98";
99 2 0 7,172 "99";
100 0 0 79,172 "100";
101 1 0 109,159 "101";
102 2 1 68,150 "102";
103 2 0 27,133 "103";
104 2 1 20,146 "104";
105 2 1 61,133 "105";
106 1 0 24,113 "106";
107 0 0 1,61 "107";
108 0 1 71,87 "108";
109 1 1 10,90 "109";
110 0 0 36,129 "110";
111 1 0 92,105 "111";
112 2 1 22,23 "112";
113 0 0 39,127 "113";
114 1 0 44,125 "114";
115 0 1 85,141 "115";
116 1 0 19,74 "116";
117 0 0 90,118 "117";
118 1 0 58,165 "118";
119 1 0 52,111 "119";
120 1 1 20,110 "120";
121 1 0 93,129 "121";
122 1 1 124,137 "122";
123 2 0 88,133 "123";
124 1 1 115,127 "124";
125 2 0 72,142 "125";
126 0 0 14,106 "126";
127 1 1 27,143 "127";
128 0 0 54,173 "128";
129 2 1 9,17 "129";
130 2 1 38,99 "130";
131 0 1 63,77 "131";
132 1 0 74,108 "132";
133 0 1 91,157 "133";
134 0 0 81,87 "134";
135 0 0 100,158 "135";
136 0 0 33,172 "136";
137 0 0 145,162 "137";
138 0 1 77,164 "138";
139 1 0 36,131 "139";
140 0 0 73,98 "140";
141 0 0 21,82 "141";
142 1 0 50,110 "142";
143 1 1 70,134 "143";
144 1 1 36,57 "144";
145 0 1 19,74 "145";
146 2 1 0,32 "146";
147 0 1 29,55 "147";
148 0 1 21,67 "148";
149 1 1 13,60 "149";
150 0 0 12,73 "150";
151 0 1 146,155 "151";
152 0 1 28,112 "152";
153 1 1 112,115 "153";
154 2 1 112,160 "154";
155 2 0 46,92 "155";
156 0 0 31,39 "156";
157 0 0 126,130 "157";
158 1 0 28,167 "158";
159 1 1 76,110 "159";
160 2 1 34,173 "160";
161 0 1 94,134 "161";
162 2 0 11,144 "162";
163 2 0 101,155 "163";
164 1 0 118,173 "164";
165 0 1 15,149 "165";
166 1 1 104,126 "166";
167 1 1 140,142 "167";
168 0 1 75,124 "168";
169 1 1 34,70 "169";
170 1 0 106,108 "170";
171 1 0 122,165 "171";
172 0 1 1,23 "172";
173 0 1 128,132 "173";
174 0 0 54,81 "174";
