parity 194;
0 2 1 10,122 "0";
1 2 0 158,194 "1";
2 0 0 5,151 "2";
3 2 1 48,170 "3";
4 1 0 159,172 "4";
5 2 0 45,61 "5";
6 1 1 8,18 "6";
7 0 0 38,66 "7";
8 2 1 17,116 "8";
9 1 0 137,183 "9";
10 0 0 85,123 "10";
11 0 1 42,182 "11";
12 1 0 16,178 "12";
13 0 1 21,179 "13";
14 1 0 162,170 "14";
15 0 1 102,111 "15";
16 2 1 116,130 "16";
17 0 1 1,189 "17";
18 0 1 21,25 "18";
19 0 0 0,170 "19";
20 1 0 146,158 "20";
21 1 1 2,39 "21";
22 2 1 18,158 "22";
23 1 1 154,184 "23";
24 1 0 16,66 "24";
25 0 1 32,111 "25";
26 1 0 27,31 "26";
27 2 1 104,153 "27";
28 2 1 126,180 "28";
29 2 0 128,148 "29";
30 1 1 11,66 "30";
31 2 0 144,162 "31";
32 1 0 40,193 "32";
33 2 0 59,89 "33";
34 0 1 88,140 "34";
35 0 1 142,145 "35";
36 2 1 121,165 "36";
37 1 1 168,171 "37";
38 0 0 57,76 "38";
39 0 1 16,163 "39";
40 1 0 53,93 "40";
41 1 0 86,180 "41";
42 1 0 131,171 "42";
43 2 1 13,21 "43";
44 0 0 65,118 "44";
45 1 0 28,33 "45";
46 2 0 123,170 "46";
47 2 0 22,180 "47";
48 0 0 59,120 "48";
49 2 1 9,96 "49";
50 2 0 18,82 "50";
51 1 1 97,108 "51";
52 1 0 83,109 "52";
53 1 0 55,127 "53";
54 2 1 72,191 "54";
55 2 0 85,127 "55";
56 1 1 46,122 "56";
57 2 1 82,121 "57";
58 2 0 10,41 "58";
59 2 0 42,174 "59";
60 0 0 64,87 "60";
61 2 1 85,139 "61";
62 1 0 188,191 "62";
63 0 1 15,34 "63";
64 2 0 136,172 "64";
65 2 1 114,167 "65";
66 2 1 152,185 "66";
67 2 1 104,155 "67";
68 2 1 48,93 "68";
69 1 1 55,176 "69";
70 2 0 47,124 "70";
71 0 0 35,143 "71";
72 2 1 96,101 "72";
73 2 1 64,151 "73";
74 1 1 98,159 "74";
75 1 0 117,172 "75";
76 2 0 134,177 "76";
77 0 0 132,133 "77";
78 1 1 174,177 "78";
79 2 0 41,114 "79";
80 0 0 26,187 "80";
81 0 1 74,101 "81";
82 2 0 17,35 "82";
83 1 1 33,64 "83";
84 0 1 64,104 "84";
85 0 1 18,140 "85";
86 0 0 119,144 "86";
87 0 0 14,112 "87";
88 0 1 4,140 "88";
89 1 0 18,57 "89";
90 2 1 58,151 "90";
91 2 1 10,61 "91";
92 1 1 34,192 "92";
93 0 1 101,138 "93";
94 1 1 4,11 "94";
95 0 0 57,160 "95";
96 1 0 3,137 "96";
97 1 1 38,177 "97";
98 0 1 21,124 "98";
99 2 0 81,154 "99";
100 1 0 95,190 "100";
101 1 0 5,181 "101";
102 2 1 48,120 "102";
103 0 0 35,99 "103";
104 0 1 29,79 "104";
105 1 1 109,164 "105";
106 2 1 12,34 "106";
107 1 1 97,176 "107";
108 0 1 3,69 "108";
109 2 0 120,162 "109";
110 0 1 133,159 "110";
111 2 0 103,179 "111";
112 1 1 64,193 "112";
113 0 0 148,190 "113";
114 0 1 11,77 "114";
115 0 0 163,194 "115";
116 0 0 99,187 "116";
117 0 0 17,116 "117";
118 0 1 18,92 "118";
119 1 0 82,125 "119";
120 1 1 57,104 "120";
121 2 1 104,131 "121";
122 0 1 68,87 "122";
123 2 1 52,114 "123";
124 2 0 86,157 "124";
125 0 1 123,160 "125";
126 2 0 26,52 "126";
127 0 0 35,165 "127";
128 1 1 103,121 "128";
129 0 0 1,44 "129";
130 1 0 4,59 "130";
131 0 1 6,93 "131";
132 0 0 20,129 "132";
133 1 1 38,81 "133";
134 1 0 13,126 "134";
135 0 0 60,143 "135";
136 1 0 30,137 "136";
137 0 0 91,166 "137";
138 1 1 28,160 "138";
139 2 1 77,185 "139";
140 1 1 12,143 "140";
141 1 0 6,82 "141";
142 1 0 36,150 "142";
143 1 0 78,100 "143";
144 0 1 15,171 "144";
145 0 0 63,76 "145";
146 2 0 45,168 "146";
147 0 1 60,191 "147";
148 1 0 46,190 "148";
149 0 0 79,99 "149";
150 1 0 5,141 "150";
151 2 1 23,143 "151";
152 2 1 97,146 "152";
153 2 0 96,186 "153";
154 2 0 67,70 "154";
155 1 1 47,166 "155";
156 0 0 10,114 "156";
157 1 1 91,189 "157";
158 0 0 54,94 "158";
159 1 0 37,99 "159";
160 0 1 25,149 "160";
161 1 1 73,143 "161";
162 0 0 87,110 "162";
163 1 0 16,31 "163";
164 0 0 10,124 "164";
165 1 0 66,139 "165";
166 2 0 7,46 "166";
167 0 0 83,101 "167";
168 2 1 54,124 "168";
169 1 1 96,135 "169";
170 1 1 20,181 "170";
171 1 0 26,189 "171";
172 0 0 122,135 "172";
173 2 1 2,184 "173";
174 1 0 49,140 "174";
175 2 1 64,106 "175";
176 2 1 124,194 "176";
177 2 0 71,162 "177";
178 2 0 24,106 "178";
179 2 1 56,178 "179";
180 0 0 83,146 "180";
181 1 1 98,121 "181";
182 0 0 101,188 "182";
183 0 1 63,123 "183";
184 0 0 94,193 "184";
185 0 0 96,140 "185";
186 2 1 125,148 "186";
187 0 1 24,186 "187";
188 2 1 101,146 "188";
189 1 0 15,147 "189";
190 0 1 27,33 "190";
191 2 0 64,116 "191";
192 2 0 3,107 "192";
193 1 1 151,194 "193";
194 2 0 125,165 "194";
