parity 169;
0 0 1 66,126 "0";
1 1 0 25,160 "1";
2 2 0 3,54 "2";
3 1 1 145,148 "3";
4 0 1 84,103 "4";
5 1 0 106,147 "5";
6 1 0 50,69 "6";
7 0 1 32,127 "7";
8 1 0 20,44 "8";
9 0 1 88,166 "9";
10 2 1 87,147 "10";
11 1 0 85,103 "11";
12 1 1 58,60 "12";
13 2 1 85,129 "13";
14 1 1 102,159 "14";
15 0 0 6,81 "15";
16 0 0 50,84 "16";
17 0 1 58,71 "17";
18 2 0 90,91 "18";
19 0 1 28,64 "19";
20 0 0 12,48 "20";
21 2 0 93,110 "21";
22 2 0 9,88 "22";
23 2 0 41,52 "23";
24 1 0 29,154 "24";
25 0 1 45,130 "25";
26 2 0 56,63 "26";
27 2 0 127,159 "27";
28 0 1 79,119 "28";
29 1 0 47,67 "29";
30 1 1 91,138 "30";
31 2 0 57,100 "31";
32 2 1 59,85 "32";
33 1 0 76,155 "33";
34 2 0 129,169 "34";
35 2 1 30,126 "35";
36 2 1 32,52 "36";
37 2 0 147,161 "37";
38 2 1 16,35 "38";
39 1 0 64,139 "39";
40 0 1 25,118 "40";
41 0 1 47,48 "41";
42 0 0 22,108 "42";
43 1 0 76,167 "43";
44 2 0 46,157 "44";
45 0 1 12,74 "45";
46 1 0 8,84 "46";
47 2 1 42,80 "47";
48 0 0 19,119 "48";
49 1 0 5,28 "49";
50 1 1 47,156 "50";
51 0 1 16,143 "51";
52 0 1 55,89 "52";
53 1 0 38,150 "53";
54 1 1 16,114 "54";
55 0 1 57,156 "55";
56 1 1 22,121 "56";
57 0 1 72,100 "57";
58 0 1 102,132 "58";
59 1 0 150,157 "59";
60 0 0 90,141 "60";
61 2 1 42,147 "61";
62 2 0 87,165 "62";
63 0 1 13,62 "63";
64 1 1 46,95 "64";
65 0 0 102,109 "65";
66 1 0 11,137 "66";
67 2 1 50,98 "67";
68 0 0 121,135 "68";
69 2 0 5,116 "69";
70 1 0 81,93 "70";
71 1 1 79,93 "71";
72 1 0 9,97 "72";
73 0 0 23,46 "73";
74 0 1 26,30 "74";
75 2 1 56,157 "75";
76 1 0 11,25 "76";
77 1 0 38,95 "77";
78 2 0 72,129 "78";
79 0 1 80,96 "79";
80 0 0 79,82 "80";
81 1 1 7,138 "81";
82 0 1 83,91 "82";
83 0 0 38,79 "83";
84 2 1 53,145 "84";
85 2 0 56,161 "85";
86 1 0 67,136 "86";
87 0 0 2,137 "87";
88 0 1 109,122 "88";
89 1 0 111,143 "89";
90 0 0 54,165 "90";
91 2 0 6,44 "91";
92 1 0 3,39 "92";
93 2 0 27,151 "93";
94 2 0 13,148 "94";
95 1 0 66,165 "95";
96 0 0 51,131 "96";
97 2 0 46,121 "97";
98 2 0 47,140 "98";
99 2 0 32,103 "99";
100 2 0 150,156 "100";
101 0 1 29,57 "101";
102 0 1 60,137 "102";
103 1 0 105,159 "103";
104 0 0 34,75 "104";
105 1 1 10,67 "105";
106 0 0 4,81 "106";
107 1 0 16,91 "107";
108 2 1 42,98 "108";
109 0 1 74,87 "109";
110 1 0 21,72 "110";
111 1 0 157,163 "111";
112 0 1 60,101 "112";
113 0 1 57,82 "113";
114 1 0 12,23 "114";
115 1 0 96,167 "115";
116 1 0 9,32 "116";
117 2 0 23,74 "117";
118 1 0 52,134 "118";
119 0 0 44,125 "119";
120 0 1 30,87 "120";
121 1 0 50,69 "121";
122 2 1 76,102 "122";
123 2 0 19,107 "123";
124 1 1 21,94 "124";
125 0 1 66,153 "125";
126 2 0 58,128 "126";
127 1 0 17,22 "127";
128 1 1 85,91 "128";
129 2 1 43,160 "129";
130 1 1 10,154 "130";
131 0 1 5,144 "131";
132 2 0 70,127 "132";
133 2 0 122,164 "133";
134 0 1 45,165 "134";
135 1 1 0,115 "135";
136 2 1 5,13 "136";
137 0 1 25,101 "137";
138 0 0 66,88 "138";
139 2 1 26,80 "139";
140 0 0 83,90 "140";
141 1 1 34,77 "141";
142 1 1 10,152 "142";
143 1 0 87,125 "143";
144 1 1 10,125 "144";
145 0 0 33,72 "145";
146 2 0 78,84 "146";
147 0 1 88,153 "147";
148 1 1 82,142 "148";
149 2 1 1,148 "149";
150 0 1 14,90 "150";
151 2 1 122,135 "151";
152 2 0 108,113 "152";
153 0 1 35,98 "153";
154 0 0 60,118 "154";
155 0 0 99,126 "155";
156 0 1 27,86 "156";
157 2 0 133,154 "157";
158 2 1 64,133 "158";
159 2 0 46,54 "159";
160 1 1 19,97 "160";
161 2 0 124,163 "161";
162 2 0 85,115 "162";
163 2 1 13,165 "163";
164 2 1 129,162 "164";
165 0 1 42,132 "165";
166 1 0 142,145 "166";
167 2 1 2,79 "167";
168 0 1 35,155 "168";
169 1 0 127,168 "169";
