parity 104;
0 2 1 5,9 "0";
1 0 0 32,33 "1";
2 1 1 50,69 "2";
3 0 0 62,65 "3";
4 1 1 43,88 "4";
5 2 0 13,64 "5";
6 2 1 0,22 "6";
7 2 1 49,54 "7";
8 1 0 66,89 "8";
9 2 1 18,51 "9";
10 2 1 31,64 "10";
11 2 0 2,18 "11";
12 1 0 52,86 "12";
13 1 1 36,99 "13";
14 0 1 24,25 "14";
15 2 1 0,101 "15";
16 1 1 1,33 "16";
17 0 0 2,93 "17";
18 2 1 4,35 "18";
19 2 1 30,95 "19";
20 2 1 73,100 "20";
21 1 0 37,68 "21";
22 2 1 19,29 "22";
23 0 1 16,51 "23";
24 1 0 8,69 "24";
25 1 1 23,60 "25";
26 1 1 5,87 "26";
27 2 1 4,80 "27";
28 2 1 32,39 "28";
29 2 1 36,51 "29";
30 1 0 19,98 "30";
31 2 0 38,50 "31";
32 2 0 28,39 "32";
33 2 0 2,81 "33";
34 1 0 96,98 "34";
35 0 1 54,100 "35";
36 2 1 53,97 "36";
37 0 1 45,55 "37";
38 0 1 52,75 "38";
39 0 1 7,89 "39";
40 1 0 48,53 "40";
41 2 0 100,103 "41";
42 0 1 29,104 "42";
43 2 0 83,93 "43";
44 0 0 26,87 "44";
45 2 0 54,92 "45";
46 1 1 100,102 "46";
47 1 1 59,80 "47";
48 2 0 53,81 "48";
49 1 1 30,40 "49";
50 0 0 43,73 "50";
51 0 0 1,45 "51";
52 1 0 4,100 "52";
53 0 0 4,42 "53";
54 2 0 59,76 "54";
55 2 1 12,17 "55";
56 0 1 62,70 "56";
57 2 0 41,81 "57";
58 0 1 56,65 "58";
59 2 1 0,82 "59";
60 1 1 10,37 "60";
61 0 1 59,99 "61";
62 0 0 73,75 "62";
63 2 1 38,85 "63";
64 0 0 55,61 "64";
65 1 1 6,46 "65";
66 0 1 7,59 "66";
67 2 1 40,63 "67";
68 1 0 6,22 "68";
69 2 0 81,103 "69";
70 2 0 65,68 "70";
71 0 1 9,27 "71";
72 2 0 32,78 "72";
73 1 1 9,58 "73";
74 2 0 63,101 "74";
75 1 1 37,90 "75";
76 1 1 9,32 "76";
77 2 1 54,68 "77";
78 1 1 1,93 "78";
79 0 1 59,90 "79";
80 2 1 71,102 "80";
81 2 0 50,79 "81";
82 0 1 57,86 "82";
83 0 0 27,97 "83";
84 0 0 32,102 "84";
85 2 0 48,56 "85";
86 0 1 20,45 "86";
87 0 0 16,89 "87";
88 1 1 6,49 "88";
89 0 0 97,98 "89";
90 2 0 0,18 "90";
91 2 0 16,52 "91";
92 0 0 47,81 "92";
93 1 1 25,74 "93";
94 0 0 8,44 "94";
95 2 0 0,80 "95";
96 0 1 65,102 "96";
97 1 1 2,54 "97";
98 1 1 41,74 "98";
99 0 0 17,74 "99";
100 1 1 11,88 "100";
101 2 1 3,73 "101";
102 0 1 13,103 "102";
103 2 1 22,41 "103";
104 0 0 53,97 "104";
