parity 99;
0 1 0 31,91 "0";
1 1 1 24,60 "1";
2 0 0 7,18 "2";
3 2 1 12,89 "3";
4 0 1 18,96 "4";
5 0 0 39,86 "5";
6 1 0 10,95 "6";
7 1 0 17,42 "7";
8 0 1 48,52 "8";
9 1 1 31,97 "9";
10 2 0 52,83 "10";
11 2 0 33,77 "11";
12 0 0 33,39 "12";
13 0 0 47,78 "13";
14 2 0 7,41 "14";
15 0 1 5,93 "15";
16 0 1 22,91 "16";
17 2 1 5,22 "17";
18 0 0 54,93 "18";
19 2 1 3,44 "19";
20 1 0 15,52 "20";
21 2 1 20,66 "21";
22 2 1 44,76 "22";
23 0 1 21,54 "23";
24 1 1 40,64 "24";
25 2 1 60,84 "25";
26 1 0 10,22 "26";
27 2 1 87,89 "27";
28 2 1 49,98 "28";
29 2 0 17,54 "29";
30 0 0 19,67 "30";
31 1 1 76,89 "31";
32 1 0 6,76 "32";
33 0 0 15,42 "33";
34 0 1 13,29 "34";
35 1 1 57,99 "35";
36 2 0 25,80 "36";
37 0 1 10,88 "37";
38 0 1 53,73 "38";
39 0 1 42,75 "39";
40 0 0 62,67 "40";
41 2 0 43,64 "41";
42 1 1 79,85 "42";
43 0 0 47,64 "43";
44 1 1 71,79 "44";
45 2 0 3,32 "45";
46 0 0 30,97 "46";
47 1 0 20,49 "47";
48 0 1 72,79 "48";
49 2 1 13,20 "49";
50 0 1 65,98 "50";
51 2 1 29,98 "51";
52 0 1 1,74 "52";
53 0 1 17,28 "53";
54 2 1 19,57 "54";
55 0 0 31,85 "55";
56 0 0 26,46 "56";
57 2 0 26,58 "57";
58 1 0 74,99 "58";
59 1 0 51,90 "59";
60 0 0 66,76 "60";
61 0 0 29,66 "61";
62 0 0 2,22 "62";
63 1 1 30,77 "63";
64 0 0 29,80 "64";
65 2 1 71,91 "65";
66 0 0 37,51 "66";
67 2 1 11,95 "67";
68 0 0 25,63 "68";
69 1 0 10,53 "69";
70 0 0 19,58 "70";
71 1 0 43,62 "71";
72 1 0 44,45 "72";
73 0 1 77,97 "73";
74 1 0 8,71 "74";
75 2 0 17,90 "75";
76 1 0 7,61 "76";
77 2 1 13,22 "77";
78 0 1 33,94 "78";
79 2 1 3,9 "79";
80 1 0 34,61 "80";
81 0 0 36,93 "81";
82 1 1 5,77 "82";
83 0 1 50,66 "83";
84 1 0 17,68 "84";
85 0 1 78,90 "85";
86 0 0 24,29 "86";
87 2 0 0,47 "87";
88 1 0 49,68 "88";
89 2 0 61,82 "89";
90 0 0 0,98 "90";
91 1 0 28,44 "91";
92 1 0 42,85 "92";
93 2 1 29,47 "93";
94 0 0 82,93 "94";
95 1 1 28,89 "95";
96 2 1 78,81 "96";
97 0 0 11,68 "97";
98 0 0 12,63 "98";
99 2 1 15,50 "99";
