parity 119;
0 1 1 13,55 "0";
1 2 1 54,99 "1";
2 0 1 70,111 "2";
3 0 1 85,89 "3";
4 1 1 60,65 "4";
5 0 1 46,52 "5";
6 2 0 18,72 "6";
7 2 0 59,64 "7";
8 2 1 56,86 "8";
9 1 1 50,60 "9";
10 0 1 49,73 "10";
11 2 1 101,110 "11";
12 1 0 7,23 "12";
13 0 1 11,19 "13";
14 1 0 51,80 "14";
15 0 1 41,116 "15";
16 1 1 5,47 "16";
17 1 0 9,73 "17";
18 2 1 65,87 "18";
19 0 0 38,74 "19";
20 2 1 21,53 "20";
21 2 1 89,114 "21";
22 0 0 28,106 "22";
23 0 1 81,105 "23";
24 2 0 19,77 "24";
25 1 0 90,95 "25";
26 1 1 50,64 "26";
27 1 1 11,119 "27";
28 2 1 71,115 "28";
29 0 1 73,86 "29";
30 2 1 22,93 "30";
31 1 0 19,115 "31";
32 2 0 20,36 "32";
33 0 1 41,64 "33";
34 1 0 4,33 "34";
35 0 0 42,66 "35";
36 2 1 45,113 "36";
37 2 0 71,78 "37";
38 2 1 21,77 "38";
39 2 1 22,61 "39";
40 1 1 77,95 "40";
41 1 0 39,63 "41";
42 0 1 41,62 "42";
43 2 0 88,112 "43";
44 0 0 0,119 "44";
45 0 1 55,115 "45";
46 0 0 16,75 "46";
47 0 0 57,114 "47";
48 0 1 12,107 "48";
49 2 1 89,112 "49";
50 1 0 60,91 "50";
51 0 1 72,113 "51";
52 2 0 64,116 "52";
53 0 1 37,47 "53";
54 1 0 84,99 "54";
55 0 0 29,89 "55";
56 2 0 27,112 "56";
57 1 1 11,117 "57";
58 0 0 3,45 "58";
59 2 0 61,98 "59";
60 1 0 58,79 "60";
61 1 1 77,92 "61";
62 0 0 66,118 "62";
63 2 1 71,113 "63";
64 1 0 24,83 "64";
65 1 0 76,96 "65";
66 1 1 29,69 "66";
67 2 0 71,105 "67";
68 1 0 9,20 "68";
69 2 1 56,75 "69";
70 1 1 42,86 "70";
71 1 1 15,54 "71";
72 2 0 39,84 "72";
73 1 1 19,96 "73";
74 0 0 4,13 "74";
75 1 1 21,100 "75";
76 2 0 1,42 "76";
77 2 0 24,45 "77";
78 1 1 69,109 "78";
79 2 1 63,105 "79";
80 1 1 77,107 "80";
81 1 0 66,91 "81";
82 1 0 97,116 "82";
83 1 0 63,87 "83";
84 0 0 8,99 "84";
85 0 1 77,102 "85";
86 1 0 8,116 "86";
87 1 0 26,94 "87";
88 0 0 39,43 "88";
89 1 0 36,59 "89";
90 0 1 14,83 "90";
91 2 0 53,62 "91";
92 1 0 12,65 "92";
93 0 0 4,54 "93";
94 0 0 26,106 "94";
95 2 0 25,69 "95";
96 1 1 56,92 "96";
97 0 1 61,74 "97";
98 0 0 58,106 "98";
99 2 0 37,96 "99";
100 1 0 25,65 "100";
101 0 1 110,116 "101";
102 1 1 50,119 "102";
103 0 1 11,20 "103";
104 0 0 62,100 "104";
105 1 1 23,40 "105";
106 0 0 80,96 "106";
107 0 0 20,90 "107";
108 1 0 43,115 "108";
109 2 1 32,119 "109";
110 2 0 10,77 "110";
111 0 1 103,116 "111";
112 0 0 71,110 "112";
113 0 0 21,47 "113";
114 2 0 62,85 "114";
115 0 1 17,97 "115";
116 1 1 35,86 "116";
117 0 1 58,92 "117";
118 1 1 28,81 "118";
119 0 1 41,75 "119";
