parity 159;
0 2 1 23,125 "0";
1 1 1 133,158 "1";
2 0 0 9,81 "2";
3 0 1 4,86 "3";
4 0 1 124,154 "4";
5 2 1 13,33 "5";
6 2 1 7,93 "6";
7 1 1 4,79 "7";
8 1 0 0,33 "8";
9 0 0 126,146 "9";
10 2 0 30,44 "10";
11 0 1 36,156 "11";
12 1 1 26,91 "12";
13 1 0 66,106 "13";
14 1 0 45,111 "14";
15 1 0 94,111 "15";
16 1 0 55,62 "16";
17 2 1 139,149 "17";
18 2 0 30,68 "18";
19 1 0 43,98 "19";
20 2 1 13,119 "20";
21 1 1 71,107 "21";
22 0 1 4,114 "22";
23 1 0 24,71 "23";
24 0 1 12,106 "24";
25 2 0 63,153 "25";
26 1 1 45,72 "26";
27 2 0 1,44 "27";
28 2 1 50,119 "28";
29 0 1 0,74 "29";
30 1 0 107,150 "30";
31 2 0 128,133 "31";
32 2 1 63,126 "32";
33 1 0 44,48 "33";
34 1 1 91,136 "34";
35 2 1 80,86 "35";
36 0 0 100,105 "36";
37 2 0 44,145 "37";
38 1 0 74,137 "38";
39 1 1 90,94 "39";
40 2 1 91,114 "40";
41 1 0 70,97 "41";
42 1 1 20,118 "42";
43 1 0 48,122 "43";
44 1 1 32,131 "44";
45 0 1 66,97 "45";
46 2 1 14,146 "46";
47 1 1 36,88 "47";
48 1 0 1,71 "48";
49 1 1 35,89 "49";
50 2 0 4,74 "50";
51 1 0 64,135 "51";
52 0 0 31,125 "52";
53 2 1 107,113 "53";
54 2 1 63,66 "54";
55 0 0 9,60 "55";
56 0 1 17,142 "56";
57 2 0 49,50 "57";
58 0 0 26,109 "58";
59 2 0 60,62 "59";
60 2 1 45,156 "60";
61 2 0 17,30 "61";
62 2 1 1,65 "62";
63 1 1 28,117 "63";
64 0 0 81,143 "64";
65 2 1 116,125 "65";
66 0 1 27,55 "66";
67 1 0 34,87 "67";
68 2 1 55,158 "68";
69 1 0 12,18 "69";
70 2 0 43,46 "70";
71 1 0 50,110 "71";
72 1 0 4,109 "72";
73 1 1 5,98 "73";
74 1 1 31,85 "74";
75 2 0 39,99 "75";
76 2 0 51,118 "76";
77 1 1 52,118 "77";
78 2 0 0,91 "78";
79 2 1 71,111 "79";
80 2 1 43,107 "80";
81 2 1 30,138 "81";
82 1 0 1,122 "82";
83 2 0 121,154 "83";
84 1 0 4,45 "84";
85 2 0 87,104 "85";
86 2 1 37,152 "86";
87 0 0 95,127 "87";
88 1 0 72,122 "88";
89 1 0 31,91 "89";
90 0 1 51,115 "90";
91 1 1 74,78 "91";
92 0 1 67,159 "92";
93 2 0 21,128 "93";
94 1 0 40,142 "94";
95 1 1 74,135 "95";
96 1 1 132,155 "96";
97 0 0 1,67 "97";
98 2 1 4,42 "98";
99 1 0 90,143 "99";
100 2 0 71,127 "100";
101 2 0 116,137 "101";
102 1 0 50,77 "102";
103 2 1 16,79 "103";
104 2 1 78,153 "104";
105 1 1 20,73 "105";
106 0 0 100,115 "106";
107 0 0 58,124 "107";
108 2 0 77,91 "108";
109 1 1 67,86 "109";
110 1 0 45,83 "110";
111 2 0 33,40 "111";
112 2 0 59,91 "112";
113 2 0 69,122 "113";
114 0 1 56,94 "114";
115 1 0 5,129 "115";
116 2 1 48,66 "116";
117 0 1 81,85 "117";
118 2 0 37,119 "118";
119 2 0 107,131 "119";
120 2 0 0,72 "120";
121 0 1 73,159 "121";
122 0 1 35,69 "122";
123 0 1 122,142 "123";
124 0 1 98,159 "124";
125 2 0 12,58 "125";
126 1 1 111,124 "126";
127 1 0 86,134 "127";
128 0 0 74,98 "128";
129 2 0 38,100 "129";
130 2 1 47,149 "130";
131 2 0 117,129 "131";
132 0 0 102,123 "132";
133 2 1 9,102 "133";
134 2 0 38,51 "134";
135 2 0 28,145 "135";
136 1 1 107,140 "136";
137 1 1 70,141 "137";
138 1 0 30,31 "138";
139 2 1 40,52 "139";
140 1 0 28,98 "140";
141 2 0 28,76 "141";
142 2 1 56,147 "142";
143 1 0 75,104 "143";
144 2 1 56,147 "144";
145 2 0 80,90 "145";
146 1 1 13,92 "146";
147 2 0 25,84 "147";
148 1 1 5,36 "148";
149 0 1 27,54 "149";
150 2 0 44,50 "150";
151 1 1 125,128 "151";
152 0 1 19,115 "152";
153 2 0 81,103 "153";
154 2 1 86,139 "154";
155 1 0 118,121 "155";
156 1 0 17,87 "156";
157 1 0 11,141 "157";
158 1 0 102,136 "158";
159 1 0 107,132 "159";
