parity 109;
0 0 1 13,97 "0";
1 0 1 27,77 "1";
2 0 0 25,93 "2";
3 1 0 49,89 "3";
4 1 0 32,42 "4";
5 2 1 40,46 "5";
6 1 1 27,28 "6";
7 2 0 53,94 "7";
8 1 0 0,16 "8";
9 2 0 32,103 "9";
10 2 1 28,34 "10";
11 2 1 27,106 "11";
12 2 1 22,103 "12";
13 1 0 7,77 "13";
14 1 0 36,64 "14";
15 2 1 34,68 "15";
16 0 1 32,81 "16";
17 1 1 23,39 "17";
18 1 1 74,105 "18";
19 1 1 15,89 "19";
20 2 0 17,76 "20";
21 0 0 33,108 "21";
22 0 0 49,67 "22";
23 2 1 9,32 "23";
24 1 1 55,80 "24";
25 0 1 50,76 "25";
26 1 1 21,52 "26";
27 0 1 3,45 "27";
28 2 0 79,88 "28";
29 0 1 88,92 "29";
30 1 1 78,99 "30";
31 1 1 26,50 "31";
32 0 0 14,20 "32";
33 1 1 0,27 "33";
34 0 1 16,22 "34";
35 2 1 58,64 "35";
36 0 0 39,83 "36";
37 0 1 56,86 "37";
38 2 0 20,26 "38";
39 0 0 4,36 "39";
40 1 1 3,52 "40";
41 1 0 31,82 "41";
42 2 1 13,22 "42";
43 0 0 83,94 "43";
44 2 0 11,29 "44";
45 0 1 52,56 "45";
46 1 0 7,60 "46";
47 1 1 6,19 "47";
48 0 0 58,99 "48";
49 0 0 9,18 "49";
50 1 0 23,89 "50";
51 0 0 57,67 "51";
52 0 1 7,91 "52";
53 0 1 35,50 "53";
54 1 1 27,32 "54";
55 1 1 53,71 "55";
56 1 0 38,63 "56";
57 2 1 64,82 "57";
58 1 0 15,26 "58";
59 0 1 24,39 "59";
60 2 1 36,39 "60";
61 1 1 100,102 "61";
62 1 0 18,30 "62";
63 1 0 58,62 "63";
64 0 0 1,59 "64";
65 2 1 31,64 "65";
66 1 1 82,93 "66";
67 1 0 37,102 "67";
68 2 1 40,102 "68";
69 0 1 92,104 "69";
70 0 1 20,48 "70";
71 0 0 76,80 "71";
72 1 0 30,75 "72";
73 0 1 6,19 "73";
74 1 0 1,31 "74";
75 2 1 52,101 "75";
76 0 0 65,85 "76";
77 0 0 9,70 "77";
78 1 1 75,82 "78";
79 2 1 106,108 "79";
80 0 0 21,84 "80";
81 0 1 38,48 "81";
82 2 1 3,33 "82";
83 0 1 82,106 "83";
84 2 0 54,100 "84";
85 1 0 48,108 "85";
86 0 0 26,103 "86";
87 2 0 0,23 "87";
88 0 0 8,73 "88";
89 2 1 60,72 "89";
90 1 1 52,66 "90";
91 1 0 69,95 "91";
92 0 1 28,40 "92";
93 2 1 40,88 "93";
94 0 1 88,100 "94";
95 2 1 50,80 "95";
96 2 0 20,72 "96";
97 1 1 19,79 "97";
98 2 1 41,51 "98";
99 2 0 18,52 "99";
100 1 1 51,52 "100";
101 0 1 31,42 "101";
102 2 1 18,90 "102";
103 2 0 9,94 "103";
104 2 1 70,90 "104";
105 2 0 16,103 "105";
106 1 0 25,102 "106";
107 2 1 4,87 "107";
108 1 0 37,84 "108";
109 0 0 43,84 "109";
