parity 124;
0 2 0 70,91 "0";
1 0 1 72,73 "1";
2 0 0 3,45 "2";
3 2 0 4,56 "3";
4 2 1 54,94 "4";
5 2 1 28,48 "5";
6 2 0 11,39 "6";
7 0 1 15,56 "7";
8 2 1 99,104 "8";
9 2 0 52,113 "9";
10 2 1 71,76 "10";
11 2 1 76,122 "11";
12 2 0 61,110 "12";
13 0 1 58,86 "13";
14 0 1 9,67 "14";
15 0 0 29,43 "15";
16 1 1 54,59 "16";
17 2 1 2,92 "17";
18 1 1 115,118 "18";
19 2 1 55,61 "19";
20 2 1 61,74 "20";
21 2 0 95,104 "21";
22 0 0 5,102 "22";
23 2 0 71,75 "23";
24 2 1 21,52 "24";
25 1 0 46,121 "25";
26 0 0 55,115 "26";
27 2 1 9,30 "27";
28 1 0 31,69 "28";
29 2 1 24,122 "29";
30 1 1 28,42 "30";
31 0 1 62,67 "31";
32 2 1 34,116 "32";
33 1 0 14,87 "33";
34 0 0 101,104 "34";
35 2 0 7,32 "35";
36 2 1 24,92 "36";
37 2 0 11,20 "37";
38 0 1 53,104 "38";
39 0 1 74,114 "39";
40 0 0 87,118 "40";
41 0 0 64,73 "41";
42 1 0 31,33 "42";
43 1 0 12,80 "43";
44 1 1 30,68 "44";
45 2 0 10,34 "45";
46 2 1 19,85 "46";
47 1 1 48,116 "47";
48 2 0 8,43 "48";
49 1 0 1,18 "49";
50 1 0 19,124 "50";
51 2 0 62,121 "51";
52 1 0 50,68 "52";
53 2 0 45,108 "53";
54 1 1 20,42 "54";
55 0 1 68,95 "55";
56 2 1 9,105 "56";
57 2 0 12,106 "57";
58 2 1 65,75 "58";
59 0 1 47,82 "59";
60 0 1 58,96 "60";
61 1 0 26,74 "61";
62 1 1 6,60 "62";
63 0 1 43,64 "63";
64 1 1 47,74 "64";
65 2 0 101,103 "65";
66 1 0 38,96 "66";
67 1 0 35,94 "67";
68 0 0 71,88 "68";
69 1 1 74,118 "69";
70 0 0 61,121 "70";
71 2 1 118,121 "71";
72 2 1 43,54 "72";
73 1 1 28,45 "73";
74 0 1 25,102 "74";
75 1 0 17,122 "75";
76 2 1 69,123 "76";
77 0 1 26,117 "77";
78 1 1 89,91 "78";
79 1 1 51,116 "79";
80 1 0 53,59 "80";
81 0 0 97,117 "81";
82 2 1 65,88 "82";
83 1 0 29,53 "83";
84 0 0 29,119 "84";
85 2 1 36,120 "85";
86 2 0 15,67 "86";
87 2 1 99,115 "87";
88 1 0 67,79 "88";
89 2 0 17,68 "89";
90 0 1 26,105 "90";
91 0 1 14,49 "91";
92 0 0 39,70 "92";
93 1 1 40,45 "93";
94 2 0 97,113 "94";
95 2 1 57,62 "95";
96 1 1 22,52 "96";
97 2 0 29,77 "97";
98 1 0 19,87 "98";
99 1 0 11,83 "99";
100 0 0 79,89 "100";
101 0 0 2,38 "101";
102 0 0 11,100 "102";
103 2 0 47,117 "103";
104 1 1 28,87 "104";
105 0 1 85,109 "105";
106 0 0 74,101 "106";
107 0 1 24,88 "107";
108 0 0 0,17 "108";
109 1 0 45,67 "109";
110 2 0 100,112 "110";
111 1 1 10,71 "111";
112 1 0 86,113 "112";
113 0 1 34,64 "113";
114 0 1 27,92 "114";
115 0 1 8,13 "115";
116 0 1 0,45 "116";
117 2 0 47,66 "117";
118 2 0 42,111 "118";
119 0 1 117,118 "119";
120 0 1 11,54 "120";
121 1 0 63,124 "121";
122 2 1 14,94 "122";
123 2 1 13,116 "123";
124 2 1 27,66 "124";
