parity 174;
0 2 1 107,147 "0";
1 1 0 70,148 "1";
2 2 0 44,113 "2";
3 1 1 75,119 "3";
4 2 1 11,174 "4";
5 0 0 21,32 "5";
6 1 1 60,114 "6";
7 0 0 17,142 "7";
8 0 1 42,94 "8";
9 1 1 26,170 "9";
10 1 1 62,132 "10";
11 0 1 78,143 "11";
12 0 1 50,87 "12";
13 2 1 99,161 "13";
14 2 1 116,128 "14";
15 0 1 84,169 "15";
16 1 0 48,138 "16";
17 2 1 3,114 "17";
18 2 1 41,43 "18";
19 2 0 124,168 "19";
20 1 0 152,156 "20";
21 0 0 100,122 "21";
22 2 0 76,166 "22";
23 2 1 39,90 "23";
24 2 0 2,86 "24";
25 0 0 3,43 "25";
26 1 0 125,154 "26";
27 2 0 63,103 "27";
28 0 1 58,165 "28";
29 1 1 56,79 "29";
30 0 0 54,79 "30";
31 0 0 131,162 "31";
32 2 0 100,131 "32";
33 0 0 93,113 "33";
34 1 0 86,123 "34";
35 1 1 56,124 "35";
36 1 1 91,96 "36";
37 2 1 34,89 "37";
38 0 0 64,169 "38";
39 1 0 18,79 "39";
40 2 0 106,142 "40";
41 0 1 26,126 "41";
42 0 0 48,104 "42";
43 1 1 12,135 "43";
44 2 0 132,167 "44";
45 0 0 69,141 "45";
46 1 1 15,138 "46";
47 2 1 21,78 "47";
48 0 1 16,131 "48";
49 2 0 67,157 "49";
50 2 0 70,115 "50";
51 0 1 35,104 "51";
52 0 1 17,29 "52";
53 2 0 60,101 "53";
54 1 0 13,67 "54";
55 2 0 24,123 "55";
56 2 1 55,98 "56";
57 0 0 41,114 "57";
58 1 1 16,26 "58";
59 0 0 21,52 "59";
60 1 1 48,170 "60";
61 0 0 0,18 "61";
62 2 0 108,111 "62";
63 2 0 18,131 "63";
64 0 1 92,117 "64";
65 2 1 87,97 "65";
66 0 0 48,63 "66";
67 2 0 31,106 "67";
68 1 0 103,152 "68";
69 2 0 43,74 "69";
70 2 1 0,168 "70";
71 2 1 66,138 "71";
72 0 1 55,148 "72";
73 2 0 10,39 "73";
74 0 1 34,158 "74";
75 1 1 126,165 "75";
76 0 1 87,133 "76";
77 2 1 161,167 "77";
78 0 0 4,50 "78";
79 0 0 161,164 "79";
80 1 1 2,158 "80";
81 1 0 41,120 "81";
82 0 0 0,52 "82";
83 0 1 47,132 "83";
84 0 1 63,112 "84";
85 1 0 106,174 "85";
86 0 1 87,148 "86";
87 1 1 77,105 "87";
88 1 1 38,142 "88";
89 0 1 32,112 "89";
90 2 0 60,99 "90";
91 2 0 108,110 "91";
92 2 0 7,104 "92";
93 0 0 53,161 "93";
94 1 1 69,165 "94";
95 2 1 71,142 "95";
96 0 1 59,90 "96";
97 1 1 50,58 "97";
98 1 0 32,53 "98";
99 2 1 0,30 "99";
100 2 0 6,44 "100";
101 2 0 20,41 "101";
102 0 1 23,25 "102";
103 1 0 20,58 "103";
104 1 1 49,107 "104";
105 1 0 131,170 "105";
106 1 1 115,124 "106";
107 0 1 34,56 "107";
108 2 1 68,82 "108";
109 1 1 28,90 "109";
110 0 1 49,149 "110";
111 2 0 21,138 "111";
112 0 0 76,164 "112";
113 2 0 33,141 "113";
114 0 0 64,102 "114";
115 1 0 21,149 "115";
116 2 1 143,147 "116";
117 1 0 37,137 "117";
118 1 1 20,133 "118";
119 2 0 47,57 "119";
120 2 0 92,121 "120";
121 2 0 23,52 "121";
122 0 0 87,109 "122";
123 0 0 2,21 "123";
124 2 1 29,45 "124";
125 2 0 115,159 "125";
126 0 0 116,157 "126";
127 1 0 17,21 "127";
128 0 0 25,121 "128";
129 0 0 107,128 "129";
130 1 1 26,68 "130";
131 0 0 10,116 "131";
132 1 0 5,70 "132";
133 1 0 101,147 "133";
134 2 0 98,120 "134";
135 0 1 137,150 "135";
136 2 0 89,161 "136";
137 2 1 58,135 "137";
138 2 1 65,106 "138";
139 0 1 165,172 "139";
140 2 0 73,132 "140";
141 1 0 18,158 "141";
142 0 1 60,100 "142";
143 0 0 69,116 "143";
144 1 1 33,51 "144";
145 0 0 65,89 "145";
146 1 0 90,95 "146";
147 1 1 87,119 "147";
148 2 0 94,124 "148";
149 0 1 28,135 "149";
150 1 1 23,120 "150";
151 1 0 116,138 "151";
152 0 0 101,109 "152";
153 2 0 63,164 "153";
154 2 0 46,66 "154";
155 2 0 61,168 "155";
156 0 0 99,162 "156";
157 2 1 9,14 "157";
158 2 1 22,164 "158";
159 1 1 14,158 "159";
160 0 0 137,157 "160";
161 0 1 46,167 "161";
162 2 0 24,64 "162";
163 0 1 100,118 "163";
164 1 1 105,128 "164";
165 1 1 20,56 "165";
166 2 1 1,88 "166";
167 1 0 9,102 "167";
168 0 1 37,136 "168";
169 2 0 30,99 "169";
170 0 0 9,90 "170";
171 1 1 3,13 "171";
172 1 1 79,101 "172";
173 0 0 7,141 "173";
174 0 0 79,133 "174";
