parity 129;
0 0 1 12,114 "0";
1 0 1 88,124 "1";
2 1 1 11,87 "2";
3 2 1 16,111 "3";
4 0 0 28,98 "4";
5 0 1 1,66 "5";
6 2 1 63,96 "6";
7 2 1 25,53 "7";
8 1 0 75,85 "8";
9 2 0 36,62 "9";
10 2 1 51,126 "10";
11 2 0 49,119 "11";
12 1 1 89,102 "12";
13 0 1 8,26 "13";
14 1 0 8,57 "14";
15 2 1 25,89 "15";
16 1 1 49,53 "16";
17 2 1 52,99 "17";
18 1 1 41,126 "18";
19 0 0 32,109 "19";
20 0 1 44,64 "20";
21 1 0 20,74 "21";
22 0 1 34,98 "22";
23 0 0 57,59 "23";
24 2 1 26,50 "24";
25 0 1 6,88 "25";
26 2 0 9,22 "26";
27 2 1 28,125 "27";
28 2 1 40,86 "28";
29 2 0 53,77 "29";
30 1 0 4,124 "30";
31 2 1 38,51 "31";
32 0 1 29,60 "32";
33 0 0 38,125 "33";
34 2 0 85,98 "34";
35 0 1 30,125 "35";
36 0 1 28,82 "36";
37 0 1 30,60 "37";
38 2 0 54,69 "38";
39 0 0 52,123 "39";
40 1 0 8,104 "40";
41 0 1 6,35 "41";
42 0 1 78,107 "42";
43 2 1 23,61 "43";
44 0 1 2,64 "44";
45 2 1 19,102 "45";
46 0 1 77,99 "46";
47 1 1 62,88 "47";
48 1 0 35,125 "48";
49 2 1 26,78 "49";
50 0 0 95,125 "50";
51 2 1 89,110 "51";
52 2 0 106,112 "52";
53 2 1 10,88 "53";
54 1 0 34,56 "54";
55 2 1 62,90 "55";
56 0 0 70,115 "56";
57 2 1 58,103 "57";
58 1 1 64,89 "58";
59 1 0 36,123 "59";
60 2 1 13,112 "60";
61 2 0 56,83 "61";
62 2 0 49,59 "62";
63 2 1 84,128 "63";
64 1 0 49,99 "64";
65 0 1 38,92 "65";
66 2 1 102,127 "66";
67 0 0 33,68 "67";
68 1 0 103,117 "68";
69 1 0 22,62 "69";
70 1 1 42,49 "70";
71 2 1 20,108 "71";
72 1 1 11,54 "72";
73 2 0 72,84 "73";
74 2 0 57,110 "74";
75 1 1 58,121 "75";
76 0 1 10,92 "76";
77 0 1 80,89 "77";
78 1 1 44,79 "78";
79 0 0 2,60 "79";
80 2 1 41,128 "80";
81 1 0 39,102 "81";
82 2 1 56,112 "82";
83 2 0 12,75 "83";
84 0 1 55,128 "84";
85 2 1 59,73 "85";
86 2 0 106,119 "86";
87 2 1 38,50 "87";
88 2 1 7,52 "88";
89 2 1 23,125 "89";
90 2 0 70,116 "90";
91 2 0 114,122 "91";
92 2 1 77,84 "92";
93 0 0 20,115 "93";
94 1 1 9,64 "94";
95 1 0 103,123 "95";
96 2 1 1,60 "96";
97 1 1 108,111 "97";
98 2 0 4,69 "98";
99 2 1 50,122 "99";
100 0 0 26,33 "100";
101 2 1 73,89 "101";
102 1 1 44,61 "102";
103 2 0 56,76 "103";
104 1 0 74,89 "104";
105 0 1 109,115 "105";
106 2 0 19,25 "106";
107 1 1 74,93 "107";
108 1 1 41,123 "108";
109 1 0 79,110 "109";
110 1 1 48,67 "110";
111 1 1 10,13 "111";
112 1 0 83,114 "112";
113 2 1 8,10 "113";
114 0 1 49,62 "114";
115 0 1 68,107 "115";
116 1 1 8,34 "116";
117 0 0 29,94 "117";
118 0 1 29,87 "118";
119 0 1 11,51 "119";
120 1 1 12,80 "120";
121 1 1 10,45 "121";
122 2 0 20,58 "122";
123 1 1 48,78 "123";
124 0 0 22,95 "124";
125 2 1 60,120 "125";
126 1 1 19,81 "126";
127 2 1 30,44 "127";
128 0 0 86,126 "128";
129 1 0 44,78 "129";
