parity 194;
0 2 0 86,144 "0";
1 0 1 13,103 "1";
2 1 1 71,147 "2";
3 2 0 59,128 "3";
4 2 1 51,157 "4";
5 2 1 67,139 "5";
6 2 0 155,194 "6";
7 1 0 13,113 "7";
8 1 1 20,78 "8";
9 1 1 42,150 "9";
10 0 1 168,178 "10";
11 0 1 16,175 "11";
12 1 1 127,179 "12";
13 0 0 32,132 "13";
14 1 1 163,177 "14";
15 1 1 42,112 "15";
16 1 0 112,117 "16";
17 1 0 131,136 "17";
18 0 0 17,113 "18";
19 1 1 24,186 "19";
20 0 0 10,186 "20";
21 0 1 70,192 "21";
22 2 1 54,132 "22";
23 0 0 46,116 "23";
24 1 0 49,81 "24";
25 2 0 112,168 "25";
26 1 0 75,185 "26";
27 0 1 132,155 "27";
28 1 1 64,189 "28";
29 0 1 63,149 "29";
30 1 1 76,100 "30";
31 0 0 14,96 "31";
32 1 1 125,182 "32";
33 2 1 56,70 "33";
34 2 0 7,179 "34";
35 1 1 169,175 "35";
36 1 1 72,120 "36";
37 2 1 89,109 "37";
38 1 0 85,170 "38";
39 2 0 32,51 "39";
40 2 0 43,118 "40";
41 1 1 4,29 "41";
42 0 0 78,187 "42";
43 1 0 95,109 "43";
44 0 0 16,148 "44";
45 2 1 118,184 "45";
46 0 0 77,93 "46";
47 2 1 60,77 "47";
48 1 1 138,140 "48";
49 1 1 136,193 "49";
50 0 0 2,107 "50";
51 1 1 89,161 "51";
52 0 1 105,158 "52";
53 2 1 51,148 "53";
54 1 0 38,77 "54";
55 2 1 125,177 "55";
56 0 1 22,69 "56";
57 0 1 91,181 "57";
58 2 1 11,127 "58";
59 0 0 92,170 "59";
60 1 1 28,47 "60";
61 1 1 175,179 "61";
62 1 1 55,183 "62";
63 2 0 152,169 "63";
64 1 1 150,153 "64";
65 1 0 13,47 "65";
66 1 0 19,154 "66";
67 1 1 48,108 "67";
68 1 0 14,60 "68";
69 0 0 56,137 "69";
70 0 1 22,58 "70";
71 1 0 42,94 "71";
72 0 1 13,171 "72";
73 0 0 39,96 "73";
74 1 0 33,80 "74";
75 2 1 110,180 "75";
76 2 1 43,87 "76";
77 2 0 158,169 "77";
78 1 0 5,35 "78";
79 2 0 31,54 "79";
80 0 0 157,188 "80";
81 1 0 105,116 "81";
82 1 0 3,152 "82";
83 0 1 126,135 "83";
84 0 0 41,101 "84";
85 0 0 37,159 "85";
86 0 0 21,143 "86";
87 1 1 138,159 "87";
88 0 0 132,172 "88";
89 0 0 83,134 "89";
90 2 1 13,68 "90";
91 2 1 55,125 "91";
92 0 1 99,120 "92";
93 2 0 52,96 "93";
94 1 1 71,158 "94";
95 0 0 156,171 "95";
96 1 0 50,177 "96";
97 0 1 3,85 "97";
98 1 0 55,131 "98";
99 2 1 2,69 "99";
100 0 0 95,112 "100";
101 1 1 16,83 "101";
102 0 1 106,158 "102";
103 1 1 48,157 "103";
104 1 0 30,56 "104";
105 1 0 19,114 "105";
106 1 1 72,112 "106";
107 0 0 42,106 "107";
108 2 1 133,190 "108";
109 1 0 33,77 "109";
110 1 0 57,106 "110";
111 0 0 87,110 "111";
112 1 0 59,128 "112";
113 2 0 148,181 "113";
114 0 1 151,156 "114";
115 2 1 26,37 "115";
116 1 0 1,25 "116";
117 0 0 8,156 "117";
118 2 1 122,139 "118";
119 0 1 91,157 "119";
120 0 1 37,89 "120";
121 0 1 43,57 "121";
122 1 0 61,189 "122";
123 1 1 40,108 "123";
124 2 0 75,121 "124";
125 2 1 85,91 "125";
126 0 1 97,163 "126";
127 0 0 67,164 "127";
128 2 1 136,150 "128";
129 1 1 33,152 "129";
130 0 1 171,186 "130";
131 0 1 127,136 "131";
132 1 0 24,121 "132";
133 2 1 30,63 "133";
134 2 1 22,117 "134";
135 1 1 81,146 "135";
136 1 0 62,96 "136";
137 0 0 38,151 "137";
138 2 0 158,162 "138";
139 1 0 169,185 "139";
140 2 1 73,127 "140";
141 0 0 135,166 "141";
142 1 0 2,58 "142";
143 1 1 147,161 "143";
144 0 1 10,189 "144";
145 1 0 137,165 "145";
146 0 0 59,182 "146";
147 1 0 33,84 "147";
148 0 0 33,69 "148";
149 0 0 48,127 "149";
150 1 0 8,168 "150";
151 0 0 17,128 "151";
152 0 1 1,55 "152";
153 2 0 85,112 "153";
154 1 1 133,181 "154";
155 2 1 15,25 "155";
156 1 0 172,194 "156";
157 2 0 87,166 "157";
158 1 0 25,61 "158";
159 2 0 156,181 "159";
160 1 1 39,173 "160";
161 0 0 85,165 "161";
162 1 0 16,161 "162";
163 1 1 137,139 "163";
164 0 0 110,155 "164";
165 2 1 34,116 "165";
166 0 0 39,160 "166";
167 1 1 36,126 "167";
168 1 0 54,164 "168";
169 0 0 4,193 "169";
170 1 0 113,141 "170";
171 0 0 46,51 "171";
172 0 1 9,149 "172";
173 0 0 4,115 "173";
174 0 0 81,178 "174";
175 1 1 108,185 "175";
176 0 0 62,119 "176";
177 2 1 45,184 "177";
178 1 1 112,186 "178";
179 0 1 31,48 "179";
180 0 1 148,154 "180";
181 0 1 103,138 "181";
182 1 0 95,165 "182";
183 2 1 27,61 "183";
184 1 0 30,34 "184";
185 1 0 27,129 "185";
186 1 1 36,139 "186";
187 0 1 51,173 "187";
188 0 1 8,85 "188";
189 1 0 24,54 "189";
190 0 0 61,89 "190";
191 1 0 120,181 "191";
192 2 1 48,62 "192";
193 0 0 188,192 "193";
194 1 0 35,48 "194";
