parity 124;
0 0 0 72,115 "0";
1 1 1 27,35 "1";
2 1 1 79,117 "2";
3 0 0 35,118 "3";
4 2 0 66,101 "4";
5 2 1 56,75 "5";
6 2 0 23,60 "6";
7 0 1 83,101 "7";
8 1 0 12,47 "8";
9 1 1 70,88 "9";
10 2 0 22,86 "10";
11 0 0 5,14 "11";
12 0 1 8,24 "12";
13 0 0 15,119 "13";
14 1 1 40,70 "14";
15 0 1 24,113 "15";
16 2 0 93,119 "16";
17 2 0 60,72 "17";
18 0 1 65,89 "18";
19 1 1 33,90 "19";
20 1 0 14,69 "20";
21 1 1 4,115 "21";
22 1 1 98,124 "22";
23 0 0 68,116 "23";
24 1 1 35,63 "24";
25 0 1 72,97 "25";
26 0 0 56,95 "26";
27 1 1 61,109 "27";
28 2 1 30,106 "28";
29 1 0 56,90 "29";
30 1 1 49,84 "30";
31 1 0 102,111 "31";
32 0 1 2,59 "32";
33 1 1 52,119 "33";
34 0 0 24,50 "34";
35 2 1 26,92 "35";
36 0 0 119,121 "36";
37 0 0 47,118 "37";
38 0 1 89,111 "38";
39 0 1 41,97 "39";
40 0 0 29,81 "40";
41 0 0 9,46 "41";
42 2 0 65,110 "42";
43 1 0 13,105 "43";
44 0 1 26,84 "44";
45 1 1 20,58 "45";
46 0 0 56,106 "46";
47 2 0 0,33 "47";
48 0 1 96,103 "48";
49 1 0 83,122 "49";
50 0 0 41,68 "50";
51 1 1 12,57 "51";
52 1 0 79,115 "52";
53 0 0 78,98 "53";
54 0 0 35,99 "54";
55 2 0 30,81 "55";
56 1 0 8,22 "56";
57 1 1 71,77 "57";
58 0 0 52,80 "58";
59 1 1 15,56 "59";
60 0 1 16,91 "60";
61 0 1 56,75 "61";
62 1 1 21,105 "62";
63 2 0 28,67 "63";
64 0 0 0,110 "64";
65 0 1 91,120 "65";
66 2 0 5,56 "66";
67 2 1 31,55 "67";
68 0 0 51,107 "68";
69 1 1 107,111 "69";
70 1 1 15,45 "70";
71 1 0 11,105 "71";
72 1 0 33,73 "72";
73 2 0 11,88 "73";
74 0 0 7,105 "74";
75 1 1 54,97 "75";
76 0 0 75,96 "76";
77 2 0 43,110 "77";
78 2 1 87,89 "78";
79 0 1 89,99 "79";
80 0 0 46,51 "80";
81 2 1 1,71 "81";
82 2 1 87,99 "82";
83 1 0 4,116 "83";
84 0 0 58,99 "84";
85 0 1 76,97 "85";
86 2 1 105,109 "86";
87 0 1 96,115 "87";
88 2 1 1,83 "88";
89 1 0 51,77 "89";
90 1 1 32,89 "90";
91 2 1 13,124 "91";
92 0 1 14,80 "92";
93 2 1 57,77 "93";
94 0 1 75,100 "94";
95 0 1 10,87 "95";
96 1 0 17,61 "96";
97 2 1 95,119 "97";
98 1 0 11,20 "98";
99 0 0 66,101 "99";
100 0 0 26,45 "100";
101 1 1 60,79 "101";
102 2 1 38,100 "102";
103 2 1 110,114 "103";
104 2 0 66,96 "104";
105 0 0 18,19 "105";
106 2 0 14,24 "106";
107 2 0 2,81 "107";
108 1 1 113,117 "108";
109 2 0 6,84 "109";
110 0 1 42,62 "110";
111 2 1 44,95 "111";
112 0 1 61,98 "112";
113 2 1 7,102 "113";
114 0 1 25,59 "114";
115 1 1 61,118 "115";
116 0 0 39,45 "116";
117 1 0 65,69 "117";
118 2 1 54,101 "118";
119 1 1 80,83 "119";
120 2 1 91,109 "120";
121 2 0 35,36 "121";
122 1 0 81,89 "122";
123 1 1 3,55 "123";
124 2 1 18,79 "124";
