parity 179;
0 1 0 45,80 "0";
1 0 0 25,158 "1";
2 1 1 5,102 "2";
3 0 1 28,153 "3";
4 2 0 63,78 "4";
5 0 0 43,120 "5";
6 1 0 101,111 "6";
7 2 0 104,117 "7";
8 1 1 26,100 "8";
9 1 0 34,147 "9";
10 0 1 55,139 "10";
11 2 0 87,117 "11";
12 0 0 134,154 "12";
13 0 0 26,139 "13";
14 1 1 173,178 "14";
15 1 1 30,80 "15";
16 0 0 97,179 "16";
17 2 0 125,139 "17";
18 1 1 109,179 "18";
19 0 0 46,106 "19";
20 0 0 28,127 "20";
21 0 0 106,134 "21";
22 0 1 105,170 "22";
23 0 1 1,151 "23";
24 0 1 68,135 "24";
25 1 0 103,105 "25";
26 1 0 77,81 "26";
27 1 0 105,173 "27";
28 0 0 69,129 "28";
29 2 0 71,133 "29";
30 1 1 54,102 "30";
31 0 0 53,104 "31";
32 0 0 34,72 "32";
33 1 1 30,99 "33";
34 1 0 61,171 "34";
35 0 1 121,132 "35";
36 1 0 78,166 "36";
37 1 0 101,136 "37";
38 0 1 97,123 "38";
39 2 1 27,81 "39";
40 1 1 53,172 "40";
41 2 1 53,101 "41";
42 1 1 139,161 "42";
43 2 0 72,91 "43";
44 1 1 141,175 "44";
45 2 1 25,120 "45";
46 0 1 28,35 "46";
47 0 0 99,115 "47";
48 0 0 3,145 "48";
49 1 0 90,91 "49";
50 1 1 75,113 "50";
51 1 1 54,79 "51";
52 0 1 2,97 "52";
53 0 1 73,75 "53";
54 0 1 55,63 "54";
55 2 0 80,153 "55";
56 1 1 51,138 "56";
57 1 0 16,89 "57";
58 2 0 15,141 "58";
59 0 1 76,133 "59";
60 1 0 139,152 "60";
61 1 0 76,153 "61";
62 1 0 20,137 "62";
63 0 0 12,19 "63";
64 1 0 131,136 "64";
65 2 0 102,109 "65";
66 0 0 38,113 "66";
67 2 0 24,34 "67";
68 0 1 108,152 "68";
69 2 0 82,129 "69";
70 1 1 27,30 "70";
71 2 1 74,111 "71";
72 1 1 35,178 "72";
73 1 0 103,170 "73";
74 1 1 111,170 "74";
75 1 1 28,139 "75";
76 0 1 17,59 "76";
77 2 1 64,144 "77";
78 1 1 22,121 "78";
79 2 1 129,133 "79";
80 2 0 7,161 "80";
81 1 0 55,155 "81";
82 1 1 8,13 "82";
83 0 1 100,154 "83";
84 1 0 5,111 "84";
85 2 0 119,167 "85";
86 0 0 48,146 "86";
87 2 0 26,34 "87";
88 1 1 72,169 "88";
89 1 0 63,176 "89";
90 1 0 112,138 "90";
91 0 0 147,176 "91";
92 2 0 25,32 "92";
93 2 0 38,172 "93";
94 2 1 10,152 "94";
95 1 0 40,174 "95";
96 1 0 26,153 "96";
97 0 0 95,142 "97";
98 1 1 57,166 "98";
99 2 1 64,137 "99";
100 1 0 27,69 "100";
101 0 0 62,99 "101";
102 1 1 35,174 "102";
103 2 0 47,122 "103";
104 2 0 17,151 "104";
105 2 1 146,168 "105";
106 1 0 17,22 "106";
107 1 0 10,36 "107";
108 0 0 97,153 "108";
109 2 1 14,34 "109";
110 1 0 108,137 "110";
111 0 1 140,158 "111";
112 2 1 37,78 "112";
113 2 0 4,84 "113";
114 0 1 15,127 "114";
115 0 1 31,171 "115";
116 2 0 64,76 "116";
117 2 0 71,83 "117";
118 2 1 34,39 "118";
119 0 0 2,132 "119";
120 2 0 29,81 "120";
121 1 1 43,128 "121";
122 1 0 42,78 "122";
123 0 1 108,140 "123";
124 2 0 143,165 "124";
125 0 1 101,147 "125";
126 0 1 118,162 "126";
127 2 0 40,138 "127";
128 2 0 1,82 "128";
129 2 1 94,150 "129";
130 2 0 91,167 "130";
131 2 1 21,104 "131";
132 2 1 133,168 "132";
133 2 0 0,29 "133";
134 2 0 109,127 "134";
135 1 0 34,100 "135";
136 0 0 45,59 "136";
137 2 0 43,104 "137";
138 2 0 88,174 "138";
139 0 0 31,157 "139";
140 0 0 42,155 "140";
141 0 0 86,91 "141";
142 0 1 13,71 "142";
143 2 0 31,147 "143";
144 0 0 25,89 "144";
145 2 1 8,59 "145";
146 2 0 9,177 "146";
147 0 0 149,171 "147";
148 1 0 55,117 "148";
149 2 1 61,125 "149";
150 0 0 80,158 "150";
151 2 0 82,101 "151";
152 2 1 5,124 "152";
153 1 1 162,167 "153";
154 2 0 8,103 "154";
155 2 1 88,135 "155";
156 1 1 88,178 "156";
157 2 0 13,74 "157";
158 1 1 15,152 "158";
159 1 1 25,63 "159";
160 1 1 48,86 "160";
161 1 0 49,67 "161";
162 1 0 33,99 "162";
163 0 0 24,79 "163";
164 1 0 100,135 "164";
165 1 1 31,71 "165";
166 0 0 4,46 "166";
167 2 1 80,138 "167";
168 1 0 18,147 "168";
169 0 1 35,40 "169";
170 0 1 47,59 "170";
171 2 1 7,117 "171";
172 2 0 111,173 "172";
173 0 1 20,101 "173";
174 1 0 18,23 "174";
175 1 1 9,170 "175";
176 1 0 16,51 "176";
177 1 0 11,30 "177";
178 0 0 52,144 "178";
179 2 0 87,167 "179";
