parity 99;
0 0 0 17,91 "0";
1 0 0 54,55 "1";
2 2 1 35,58 "2";
3 2 1 26,48 "3";
4 1 1 73,80 "4";
5 0 1 47,64 "5";
6 2 1 31,89 "6";
7 0 1 31,98 "7";
8 0 1 47,99 "8";
9 2 1 44,78 "9";
10 2 1 61,85 "10";
11 0 0 59,80 "11";
12 0 0 21,76 "12";
13 0 1 43,58 "13";
14 1 1 46,90 "14";
15 0 1 4,19 "15";
16 2 1 32,64 "16";
17 0 1 35,90 "17";
18 2 1 51,61 "18";
19 2 1 4,15 "19";
20 2 0 8,68 "20";
21 2 0 16,44 "21";
22 1 1 43,56 "22";
23 2 0 33,57 "23";
24 0 1 31,81 "24";
25 1 1 40,61 "25";
26 1 1 20,27 "26";
27 0 1 25,38 "27";
28 2 1 22,72 "28";
29 1 1 83,85 "29";
30 1 0 12,51 "30";
31 0 1 29,85 "31";
32 2 1 53,64 "32";
33 0 0 45,58 "33";
34 0 0 4,45 "34";
35 0 0 21,65 "35";
36 1 1 54,88 "36";
37 1 0 32,75 "37";
38 2 1 78,93 "38";
39 1 1 33,46 "39";
40 2 1 21,29 "40";
41 1 1 11,34 "41";
42 1 1 38,52 "42";
43 1 1 4,38 "43";
44 2 1 31,51 "44";
45 1 0 31,38 "45";
46 0 0 61,86 "46";
47 0 0 9,99 "47";
48 0 0 0,62 "48";
49 1 0 66,83 "49";
50 0 0 48,77 "50";
51 2 0 60,97 "51";
52 0 1 40,73 "52";
53 1 0 25,38 "53";
54 2 1 15,41 "54";
55 0 0 42,94 "55";
56 1 1 51,87 "56";
57 0 1 22,61 "57";
58 1 1 16,40 "58";
59 0 1 12,77 "59";
60 0 1 1,67 "60";
61 1 0 77,97 "61";
62 1 1 12,44 "62";
63 1 0 3,95 "63";
64 2 1 0,42 "64";
65 2 0 5,41 "65";
66 0 1 59,83 "66";
67 0 0 21,42 "67";
68 2 1 4,93 "68";
69 0 0 20,82 "69";
70 2 0 76,87 "70";
71 1 0 19,55 "71";
72 2 1 79,89 "72";
73 0 0 11,13 "73";
74 1 0 64,90 "74";
75 1 1 1,47 "75";
76 0 1 86,92 "76";
77 1 0 17,93 "77";
78 1 0 8,37 "78";
79 0 0 52,94 "79";
80 1 0 10,38 "80";
81 2 1 23,63 "81";
82 2 0 6,88 "82";
83 2 0 36,74 "83";
84 1 0 25,51 "84";
85 1 0 16,19 "85";
86 0 1 38,62 "86";
87 1 0 54,83 "87";
88 1 0 40,58 "88";
89 0 1 14,45 "89";
90 2 1 44,88 "90";
91 1 0 4,67 "91";
92 1 1 45,63 "92";
93 2 0 23,67 "93";
94 1 1 15,19 "94";
95 2 0 8,40 "95";
96 0 0 7,50 "96";
97 2 1 63,83 "97";
98 2 0 77,92 "98";
99 2 0 34,81 "99";
