parity 99;
0 2 1 50,65 "0";
1 1 1 15,67 "1";
2 0 1 31,44 "2";
3 1 1 2,25 "3";
4 1 0 42,82 "4";
5 2 0 49,58 "5";
6 2 1 21,57 "6";
7 2 0 2,10 "7";
8 2 1 74,86 "8";
9 1 1 35,73 "9";
10 1 0 54,63 "10";
11 1 1 14,27 "11";
12 1 1 37,49 "12";
13 2 1 29,69 "13";
14 2 1 19,98 "14";
15 2 1 57,77 "15";
16 0 1 11,79 "16";
17 0 0 24,25 "17";
18 1 1 21,40 "18";
19 1 1 54,59 "19";
20 2 1 29,69 "20";
21 0 1 96,97 "21";
22 2 0 49,70 "22";
23 0 0 9,50 "23";
24 2 1 16,50 "24";
25 0 0 56,83 "25";
26 1 0 82,88 "26";
27 2 0 19,86 "27";
28 1 0 40,51 "28";
29 2 1 3,49 "29";
30 1 1 26,49 "30";
31 1 0 51,73 "31";
32 1 0 62,85 "32";
33 1 0 11,67 "33";
34 1 1 62,89 "34";
35 2 0 29,78 "35";
36 2 1 5,61 "36";
37 1 0 32,79 "37";
38 0 1 23,26 "38";
39 0 1 26,62 "39";
40 1 0 10,33 "40";
41 0 0 25,76 "41";
42 2 1 11,34 "42";
43 1 0 6,41 "43";
44 0 1 79,90 "44";
45 1 1 15,98 "45";
46 2 0 52,63 "46";
47 1 0 20,36 "47";
48 0 1 6,44 "48";
49 1 1 31,37 "49";
50 1 1 16,41 "50";
51 1 1 13,86 "51";
52 2 1 55,65 "52";
53 0 0 54,95 "53";
54 1 1 24,56 "54";
55 0 0 24,27 "55";
56 2 1 31,70 "56";
57 2 0 46,53 "57";
58 2 0 77,97 "58";
59 0 0 38,46 "59";
60 0 1 44,65 "60";
61 2 1 24,43 "61";
62 0 0 54,82 "62";
63 0 1 2,55 "63";
64 2 0 28,57 "64";
65 0 1 70,79 "65";
66 1 1 48,97 "66";
67 2 1 33,41 "67";
68 2 0 34,88 "68";
69 1 0 10,26 "69";
70 2 0 73,79 "70";
71 2 0 18,21 "71";
72 0 1 39,57 "72";
73 1 1 50,74 "73";
74 1 1 19,90 "74";
75 1 0 27,32 "75";
76 2 1 26,32 "76";
77 0 1 66,70 "77";
78 1 0 8,91 "78";
79 1 0 62,80 "79";
80 1 0 23,30 "80";
81 2 1 77,82 "81";
82 2 0 3,52 "82";
83 1 1 10,98 "83";
84 2 0 40,81 "84";
85 0 1 37,69 "85";
86 0 1 54,56 "86";
87 0 0 8,47 "87";
88 1 0 69,98 "88";
89 0 0 40,66 "89";
90 2 0 4,65 "90";
91 2 0 44,57 "91";
92 2 1 34,56 "92";
93 2 0 12,76 "93";
94 1 0 18,85 "94";
95 1 1 0,54 "95";
96 0 1 12,66 "96";
97 0 1 0,89 "97";
98 1 0 63,85 "98";
99 2 1 54,60 "99";
