parity 114;
0 2 0 9,104 "0";
1 0 1 61,84 "1";
2 0 0 64,108 "2";
3 0 0 46,79 "3";
4 0 0 0,55 "4";
5 1 1 18,71 "5";
6 0 1 24,104 "6";
7 1 0 19,33 "7";
8 1 0 14,43 "8";
9 0 1 7,101 "9";
10 1 0 50,58 "10";
11 1 1 22,94 "11";
12 2 0 73,107 "12";
13 2 1 78,111 "13";
14 1 1 26,84 "14";
15 2 1 7,78 "15";
16 2 0 12,75 "16";
17 2 0 82,107 "17";
18 2 1 104,112 "18";
19 2 0 5,110 "19";
20 1 0 11,61 "20";
21 1 0 12,95 "21";
22 1 0 78,96 "22";
23 0 1 95,99 "23";
24 2 1 16,72 "24";
25 0 0 78,102 "25";
26 1 1 14,64 "26";
27 2 1 57,103 "27";
28 1 0 42,47 "28";
29 2 1 10,86 "29";
30 1 0 5,22 "30";
31 1 1 45,109 "31";
32 1 1 26,84 "32";
33 1 1 18,35 "33";
34 2 0 25,48 "34";
35 2 1 77,100 "35";
36 2 0 55,80 "36";
37 2 0 39,108 "37";
38 2 1 59,68 "38";
39 2 0 44,61 "39";
40 2 1 13,48 "40";
41 2 1 5,7 "41";
42 0 1 29,50 "42";
43 1 1 61,80 "43";
44 2 1 10,93 "44";
45 1 1 69,83 "45";
46 2 0 5,75 "46";
47 2 0 49,85 "47";
48 0 0 22,83 "48";
49 2 0 23,32 "49";
50 0 1 21,71 "50";
51 2 1 35,96 "51";
52 1 1 22,77 "52";
53 0 1 9,94 "53";
54 2 1 24,109 "54";
55 2 1 48,112 "55";
56 2 0 7,87 "56";
57 2 0 12,41 "57";
58 0 0 67,103 "58";
59 0 1 27,103 "59";
60 2 0 21,74 "60";
61 2 0 0,106 "61";
62 0 1 21,99 "62";
63 0 0 48,85 "63";
64 0 1 26,46 "64";
65 1 1 12,89 "65";
66 1 1 4,71 "66";
67 0 1 15,78 "67";
68 2 0 46,62 "68";
69 2 0 36,51 "69";
70 1 1 15,54 "70";
71 2 0 109,111 "71";
72 0 1 4,37 "72";
73 2 0 62,110 "73";
74 1 1 16,96 "74";
75 1 1 91,93 "75";
76 2 1 23,39 "76";
77 1 0 65,68 "77";
78 2 0 53,114 "78";
79 1 0 6,106 "79";
80 1 0 13,69 "80";
81 0 1 30,32 "81";
82 2 1 33,84 "82";
83 0 0 5,68 "83";
84 1 1 9,49 "84";
85 2 1 3,76 "85";
86 0 0 46,83 "86";
87 2 1 54,62 "87";
88 2 0 34,50 "88";
89 0 1 4,112 "89";
90 0 0 10,16 "90";
91 1 0 19,89 "91";
92 2 1 1,110 "92";
93 1 1 90,107 "93";
94 1 1 3,6 "94";
95 0 0 4,46 "95";
96 2 0 13,19 "96";
97 1 1 0,62 "97";
98 2 0 34,56 "98";
99 1 0 22,111 "99";
100 1 0 5,33 "100";
101 0 1 15,60 "101";
102 0 0 89,108 "102";
103 0 1 99,106 "103";
104 0 1 7,77 "104";
105 2 1 39,114 "105";
106 1 1 77,95 "106";
107 0 0 72,89 "107";
108 0 1 26,34 "108";
109 0 0 37,102 "109";
110 1 0 78,99 "110";
111 2 1 40,59 "111";
112 0 0 43,110 "112";
113 1 1 50,78 "113";
114 0 1 17,48 "114";
