parity 154;
0 2 1 46,83 "0";
1 1 0 64,138 "1";
2 1 0 9,130 "2";
3 0 0 143,153 "3";
4 0 0 28,124 "4";
5 2 1 53,91 "5";
6 1 1 2,85 "6";
7 0 1 4,101 "7";
8 0 0 82,123 "8";
9 2 1 73,137 "9";
10 1 1 81,89 "10";
11 1 1 96,99 "11";
12 1 0 75,101 "12";
13 2 1 44,84 "13";
14 0 1 111,126 "14";
15 1 1 9,10 "15";
16 2 1 1,114 "16";
17 2 0 20,27 "17";
18 0 0 40,127 "18";
19 1 0 9,11 "19";
20 2 1 133,139 "20";
21 0 0 90,141 "21";
22 2 0 30,36 "22";
23 1 0 25,31 "23";
24 2 0 15,141 "24";
25 2 0 73,121 "25";
26 1 1 3,84 "26";
27 2 0 31,36 "27";
28 1 0 55,131 "28";
29 1 0 108,154 "29";
30 2 1 86,90 "30";
31 2 1 12,53 "31";
32 1 0 20,94 "32";
33 1 0 65,101 "33";
34 2 0 5,30 "34";
35 0 1 59,111 "35";
36 0 0 55,63 "36";
37 2 1 30,142 "37";
38 1 1 55,128 "38";
39 2 0 90,113 "39";
40 1 0 28,125 "40";
41 2 0 42,91 "41";
42 0 0 49,114 "42";
43 2 0 15,16 "43";
44 0 1 8,128 "44";
45 1 1 53,133 "45";
46 2 0 118,149 "46";
47 1 0 24,145 "47";
48 0 0 52,80 "48";
49 0 1 5,140 "49";
50 0 0 41,99 "50";
51 2 1 96,118 "51";
52 2 0 84,126 "52";
53 2 0 73,80 "53";
54 0 1 67,154 "54";
55 1 1 112,133 "55";
56 2 1 28,30 "56";
57 2 0 16,28 "57";
58 2 1 9,152 "58";
59 2 1 3,49 "59";
60 2 1 88,95 "60";
61 2 0 11,140 "61";
62 1 1 59,150 "62";
63 0 0 68,153 "63";
64 2 0 5,126 "64";
65 2 0 50,94 "65";
66 2 1 41,136 "66";
67 0 1 14,105 "67";
68 0 0 11,12 "68";
69 0 1 77,105 "69";
70 1 1 61,64 "70";
71 1 0 22,33 "71";
72 1 0 52,64 "72";
73 1 1 9,54 "73";
74 0 1 18,100 "74";
75 1 1 44,129 "75";
76 0 1 47,51 "76";
77 0 1 61,94 "77";
78 1 1 13,87 "78";
79 0 1 0,44 "79";
80 0 0 30,94 "80";
81 1 1 24,38 "81";
82 2 0 83,99 "82";
83 2 0 34,50 "83";
84 1 1 30,64 "84";
85 2 1 56,143 "85";
86 0 1 14,138 "86";
87 0 0 19,72 "87";
88 1 0 104,127 "88";
89 1 1 0,48 "89";
90 0 1 67,154 "90";
91 0 1 51,87 "91";
92 1 0 51,89 "92";
93 0 1 102,148 "93";
94 1 0 39,154 "94";
95 2 0 14,31 "95";
96 2 1 66,146 "96";
97 1 0 31,125 "97";
98 0 0 65,96 "98";
99 0 0 24,120 "99";
100 2 0 22,47 "100";
101 2 0 103,126 "101";
102 0 0 70,89 "102";
103 1 1 18,23 "103";
104 0 0 13,54 "104";
105 0 1 23,123 "105";
106 2 1 21,77 "106";
107 0 0 40,117 "107";
108 1 1 14,131 "108";
109 2 0 53,68 "109";
110 0 1 18,40 "110";
111 1 0 98,145 "111";
112 1 1 84,125 "112";
113 1 0 64,149 "113";
114 0 1 32,102 "114";
115 0 0 71,81 "115";
116 0 0 78,153 "116";
117 0 0 97,111 "117";
118 2 1 7,137 "118";
119 2 0 59,105 "119";
120 1 0 1,88 "120";
121 2 0 9,90 "121";
122 0 1 4,27 "122";
123 2 0 3,66 "123";
124 1 0 67,72 "124";
125 2 1 10,73 "125";
126 1 0 32,104 "126";
127 1 1 7,129 "127";
128 2 0 137,147 "128";
129 2 1 47,74 "129";
130 0 0 31,127 "130";
131 1 1 100,137 "131";
132 2 1 57,103 "132";
133 0 1 71,132 "133";
134 0 1 21,150 "134";
135 0 1 78,146 "135";
136 2 1 39,62 "136";
137 0 0 85,109 "137";
138 0 1 1,46 "138";
139 1 0 11,55 "139";
140 0 1 54,69 "140";
141 2 0 46,142 "141";
142 0 1 8,90 "142";
143 2 0 12,150 "143";
144 0 0 74,133 "144";
145 0 1 6,151 "145";
146 1 0 72,135 "146";
147 1 0 22,86 "147";
148 0 1 21,130 "148";
149 0 1 77,130 "149";
150 2 1 72,129 "150";
151 0 0 64,137 "151";
152 0 1 59,102 "152";
153 2 0 30,53 "153";
154 1 1 77,128 "154";
