parity 124;
0 0 1 39,74 "0";
1 0 1 27,88 "1";
2 2 0 43,54 "2";
3 2 1 41,103 "3";
4 1 0 33,49 "4";
5 1 1 10,67 "5";
6 2 0 10,76 "6";
7 1 1 42,54 "7";
8 1 0 63,98 "8";
9 1 1 69,98 "9";
10 2 1 69,93 "10";
11 1 1 64,110 "11";
12 1 0 53,120 "12";
13 0 0 22,106 "13";
14 1 0 20,104 "14";
15 2 1 36,90 "15";
16 1 0 17,79 "16";
17 2 0 20,81 "17";
18 0 0 26,55 "18";
19 1 0 36,119 "19";
20 1 1 83,89 "20";
21 0 1 3,18 "21";
22 2 1 76,81 "22";
23 0 1 58,76 "23";
24 0 1 59,91 "24";
25 1 0 41,99 "25";
26 0 1 48,50 "26";
27 2 0 24,56 "27";
28 1 1 3,96 "28";
29 1 0 50,112 "29";
30 0 1 12,113 "30";
31 2 0 4,46 "31";
32 0 1 11,93 "32";
33 2 0 13,105 "33";
34 2 0 38,58 "34";
35 0 1 15,95 "35";
36 2 0 46,111 "36";
37 2 1 69,93 "37";
38 1 0 69,107 "38";
39 2 0 68,89 "39";
40 1 1 3,82 "40";
41 2 0 42,67 "41";
42 1 1 59,75 "42";
43 1 0 30,81 "43";
44 1 0 8,124 "44";
45 1 0 1,96 "45";
46 1 1 96,111 "46";
47 0 0 48,88 "47";
48 0 1 25,111 "48";
49 0 0 12,95 "49";
50 2 1 26,84 "50";
51 2 1 98,123 "51";
52 2 0 2,53 "52";
53 0 0 11,122 "53";
54 0 1 16,106 "54";
55 0 1 102,121 "55";
56 2 1 43,59 "56";
57 2 0 53,62 "57";
58 0 1 48,66 "58";
59 0 1 52,122 "59";
60 0 1 19,29 "60";
61 0 0 22,72 "61";
62 1 0 31,108 "62";
63 1 1 71,113 "63";
64 1 0 17,62 "64";
65 1 1 112,118 "65";
66 1 0 79,82 "66";
67 1 0 108,115 "67";
68 1 0 36,63 "68";
69 1 1 52,80 "69";
70 2 1 14,82 "70";
71 2 0 67,101 "71";
72 1 1 13,61 "72";
73 1 1 99,117 "73";
74 1 0 10,48 "74";
75 1 1 73,98 "75";
76 0 1 33,66 "76";
77 2 0 38,109 "77";
78 2 1 77,88 "78";
79 1 1 28,50 "79";
80 2 1 44,87 "80";
81 0 0 0,71 "81";
82 2 1 41,60 "82";
83 1 0 47,59 "83";
84 0 0 52,66 "84";
85 0 0 9,60 "85";
86 0 1 88,119 "86";
87 2 1 33,110 "87";
88 2 0 43,114 "88";
89 1 0 10,68 "89";
90 0 0 71,95 "90";
91 1 0 54,74 "91";
92 1 0 103,119 "92";
93 2 1 26,60 "93";
94 1 0 7,58 "94";
95 0 0 50,80 "95";
96 2 1 8,91 "96";
97 0 0 9,28 "97";
98 1 0 39,96 "98";
99 2 1 11,63 "99";
100 1 0 27,45 "100";
101 2 0 91,105 "101";
102 2 1 62,74 "102";
103 2 1 3,71 "103";
104 2 1 25,121 "104";
105 1 1 18,100 "105";
106 1 0 83,116 "106";
107 2 1 18,98 "107";
108 2 0 100,106 "108";
109 2 1 35,43 "109";
110 0 1 18,122 "110";
111 2 0 3,13 "111";
112 1 0 22,95 "112";
113 1 0 64,121 "113";
114 2 1 4,69 "114";
115 2 0 15,21 "115";
116 2 0 74,99 "116";
117 1 0 6,56 "117";
118 1 1 40,70 "118";
119 2 1 1,54 "119";
120 1 1 26,47 "120";
121 1 1 33,57 "121";
122 0 1 2,78 "122";
123 2 1 35,61 "123";
124 0 1 45,66 "124";
