parity 159;
0 1 0 37,82 "0";
1 0 1 49,145 "1";
2 2 1 69,77 "2";
3 0 0 2,112 "3";
4 1 0 100,117 "4";
5 0 1 7,68 "5";
6 2 0 46,119 "6";
7 0 1 129,145 "7";
8 2 0 50,67 "8";
9 1 0 79,150 "9";
10 1 1 24,110 "10";
11 0 0 35,106 "11";
12 0 0 31,108 "12";
13 1 0 0,40 "13";
14 1 1 50,109 "14";
15 2 0 13,55 "15";
16 2 1 38,49 "16";
17 1 0 45,65 "17";
18 2 1 40,124 "18";
19 1 0 10,14 "19";
20 0 1 33,77 "20";
21 0 0 70,152 "21";
22 1 1 82,100 "22";
23 1 1 22,118 "23";
24 0 1 22,110 "24";
25 2 0 66,113 "25";
26 0 1 86,102 "26";
27 0 0 12,31 "27";
28 0 1 3,60 "28";
29 2 1 95,105 "29";
30 2 0 124,143 "30";
31 1 0 28,141 "31";
32 1 1 11,96 "32";
33 0 0 42,87 "33";
34 2 0 61,82 "34";
35 0 0 103,152 "35";
36 0 1 101,138 "36";
37 2 1 14,89 "37";
38 2 1 72,75 "38";
39 1 0 41,90 "39";
40 1 1 0,6 "40";
41 2 0 19,87 "41";
42 0 0 26,130 "42";
43 1 1 99,136 "43";
44 2 1 94,116 "44";
45 1 0 69,153 "45";
46 1 1 6,152 "46";
47 2 0 7,157 "47";
48 2 1 40,93 "48";
49 1 1 47,142 "49";
50 1 0 65,131 "50";
51 0 1 39,106 "51";
52 2 0 39,43 "52";
53 1 1 43,85 "53";
54 2 1 73,139 "54";
55 1 0 29,45 "55";
56 2 1 54,134 "56";
57 0 1 31,93 "57";
58 2 1 131,147 "58";
59 2 0 31,48 "59";
60 1 0 64,121 "60";
61 1 0 75,108 "61";
62 2 1 107,110 "62";
63 0 1 131,137 "63";
64 2 0 3,102 "64";
65 2 0 26,87 "65";
66 0 1 55,97 "66";
67 2 1 89,156 "67";
68 0 1 77,89 "68";
69 2 1 71,145 "69";
70 1 1 10,133 "70";
71 2 0 2,154 "71";
72 0 1 13,44 "72";
73 2 1 36,148 "73";
74 0 0 24,49 "74";
75 2 0 95,136 "75";
76 0 1 87,144 "76";
77 0 1 57,59 "77";
78 2 0 9,24 "78";
79 1 1 75,81 "79";
80 2 1 28,96 "80";
81 0 1 55,64 "81";
82 1 0 28,148 "82";
83 0 0 21,50 "83";
84 0 0 59,123 "84";
85 1 1 28,76 "85";
86 0 0 28,124 "86";
87 1 0 40,155 "87";
88 1 1 45,135 "88";
89 0 1 30,55 "89";
90 0 0 36,146 "90";
91 0 0 70,85 "91";
92 0 1 21,84 "92";
93 1 1 16,143 "93";
94 2 1 24,100 "94";
95 1 0 61,136 "95";
96 1 1 40,113 "96";
97 0 0 48,132 "97";
98 1 1 54,124 "98";
99 1 1 55,136 "99";
100 1 1 76,104 "100";
101 0 1 23,122 "101";
102 1 1 58,145 "102";
103 0 1 3,25 "103";
104 2 1 70,79 "104";
105 0 1 27,130 "105";
106 1 0 77,113 "106";
107 0 1 135,141 "107";
108 2 0 33,102 "108";
109 0 0 32,95 "109";
110 1 1 2,59 "110";
111 0 0 104,154 "111";
112 0 0 114,147 "112";
113 1 1 28,40 "113";
114 0 0 52,140 "114";
115 0 1 32,51 "115";
116 0 1 33,66 "116";
117 0 0 5,139 "117";
118 0 0 37,158 "118";
119 1 1 9,49 "119";
120 0 0 74,151 "120";
121 2 1 11,35 "121";
122 1 1 59,153 "122";
123 1 1 72,135 "123";
124 1 0 37,67 "124";
125 2 1 83,101 "125";
126 0 1 41,150 "126";
127 1 1 44,80 "127";
128 2 1 30,105 "128";
129 1 0 12,47 "129";
130 0 0 51,76 "130";
131 2 0 7,106 "131";
132 0 0 77,131 "132";
133 2 1 139,159 "133";
134 0 1 54,103 "134";
135 1 0 6,32 "135";
136 1 0 47,100 "136";
137 2 0 30,156 "137";
138 2 1 63,70 "138";
139 1 1 103,156 "139";
140 0 0 14,79 "140";
141 0 1 15,82 "141";
142 2 1 57,154 "142";
143 2 0 2,89 "143";
144 1 0 43,98 "144";
145 0 0 83,99 "145";
146 0 0 1,58 "146";
147 1 1 67,115 "147";
148 1 0 1,93 "148";
149 1 1 1,106 "149";
150 0 0 115,149 "150";
151 0 0 45,89 "151";
152 1 0 82,100 "152";
153 0 1 9,65 "153";
154 2 1 94,99 "154";
155 0 1 75,151 "155";
156 2 0 55,57 "156";
157 0 1 70,94 "157";
158 1 1 55,109 "158";
159 1 1 60,66 "159";
