parity 164;
0 1 0 28,124 "0";
1 0 0 88,151 "1";
2 1 0 0,37 "2";
3 2 1 109,128 "3";
4 2 1 5,108 "4";
5 2 0 23,132 "5";
6 2 0 9,43 "6";
7 2 1 6,147 "7";
8 2 1 23,96 "8";
9 2 1 3,10 "9";
10 2 0 138,140 "10";
11 0 1 64,121 "11";
12 0 1 10,72 "12";
13 1 0 6,153 "13";
14 0 0 63,125 "14";
15 2 0 115,144 "15";
16 0 0 43,81 "16";
17 2 0 105,107 "17";
18 2 1 7,132 "18";
19 1 1 83,145 "19";
20 1 1 37,42 "20";
21 1 1 118,148 "21";
22 1 0 117,163 "22";
23 2 1 12,160 "23";
24 1 1 65,153 "24";
25 2 0 63,80 "25";
26 1 0 91,152 "26";
27 0 1 63,155 "27";
28 0 1 23,34 "28";
29 1 0 56,127 "29";
30 2 1 122,148 "30";
31 2 1 33,104 "31";
32 1 0 19,54 "32";
33 1 0 110,128 "33";
34 2 1 10,11 "34";
35 1 0 44,60 "35";
36 1 0 62,161 "36";
37 2 0 100,159 "37";
38 0 0 90,115 "38";
39 1 0 28,143 "39";
40 0 0 65,112 "40";
41 0 1 34,156 "41";
42 2 1 74,134 "42";
43 2 0 32,95 "43";
44 0 0 77,162 "44";
45 0 0 38,91 "45";
46 0 1 71,84 "46";
47 2 0 77,97 "47";
48 2 0 82,128 "48";
49 1 0 70,123 "49";
50 0 1 76,140 "50";
51 0 1 36,163 "51";
52 0 1 36,87 "52";
53 0 1 125,155 "53";
54 2 0 11,25 "54";
55 0 0 121,134 "55";
56 1 1 68,90 "56";
57 0 1 81,146 "57";
58 1 0 127,157 "58";
59 0 0 117,148 "59";
60 2 0 62,122 "60";
61 0 0 55,84 "61";
62 2 0 104,105 "62";
63 0 1 17,104 "63";
64 1 1 28,63 "64";
65 0 0 140,159 "65";
66 2 1 93,158 "66";
67 2 1 15,145 "67";
68 1 0 142,160 "68";
69 0 0 72,96 "69";
70 2 0 66,121 "70";
71 2 1 72,125 "71";
72 1 0 11,30 "72";
73 2 0 94,139 "73";
74 0 1 9,160 "74";
75 1 1 130,135 "75";
76 2 1 60,61 "76";
77 1 0 94,118 "77";
78 0 1 53,149 "78";
79 2 1 97,109 "79";
80 2 0 69,79 "80";
81 2 1 27,87 "81";
82 1 1 132,158 "82";
83 0 0 79,140 "83";
84 1 1 147,164 "84";
85 1 1 13,67 "85";
86 2 1 14,147 "86";
87 1 0 62,63 "87";
88 1 1 42,85 "88";
89 1 0 113,124 "89";
90 0 0 102,108 "90";
91 2 0 92,110 "91";
92 0 1 7,43 "92";
93 2 1 5,57 "93";
94 0 0 122,130 "94";
95 1 1 58,71 "95";
96 1 1 91,144 "96";
97 2 0 27,124 "97";
98 2 1 69,114 "98";
99 2 1 29,117 "99";
100 0 1 62,158 "100";
101 1 0 1,58 "101";
102 1 1 16,159 "102";
103 1 1 69,108 "103";
104 0 1 102,119 "104";
105 2 0 126,151 "105";
106 2 1 38,67 "106";
107 1 0 11,140 "107";
108 1 0 114,158 "108";
109 0 0 47,152 "109";
110 2 1 54,112 "110";
111 2 1 48,51 "111";
112 2 0 15,43 "112";
113 2 0 69,108 "113";
114 2 1 62,108 "114";
115 1 1 77,141 "115";
116 1 1 47,92 "116";
117 1 0 88,94 "117";
118 0 0 26,55 "118";
119 0 1 19,146 "119";
120 2 1 25,95 "120";
121 2 0 19,107 "121";
122 2 1 107,115 "122";
123 1 0 110,121 "123";
124 2 1 106,163 "124";
125 1 0 18,82 "125";
126 2 0 1,17 "126";
127 2 0 41,141 "127";
128 2 1 27,33 "128";
129 0 1 44,122 "129";
130 0 0 79,101 "130";
131 2 1 104,152 "131";
132 0 1 40,123 "132";
133 2 1 26,91 "133";
134 0 0 128,139 "134";
135 1 0 17,84 "135";
136 1 0 9,98 "136";
137 2 1 46,106 "137";
138 2 0 56,97 "138";
139 0 1 33,70 "139";
140 0 1 51,62 "140";
141 1 0 96,160 "141";
142 1 1 79,161 "142";
143 2 1 32,145 "143";
144 2 0 23,40 "144";
145 1 1 43,78 "145";
146 0 0 43,113 "146";
147 2 1 30,37 "147";
148 0 1 141,161 "148";
149 0 0 88,90 "149";
150 0 0 72,138 "150";
151 2 1 69,114 "151";
152 2 0 107,134 "152";
153 2 1 7,104 "153";
154 0 1 75,122 "154";
155 2 1 112,128 "155";
156 0 1 17,81 "156";
157 2 1 51,88 "157";
158 1 1 109,139 "158";
159 1 0 99,163 "159";
160 0 0 49,139 "160";
161 2 1 36,84 "161";
162 1 0 30,123 "162";
163 0 0 71,159 "163";
164 0 1 116,125 "164";
