parity 159;
0 1 1 117,155 "0";
1 0 0 3,57 "1";
2 2 0 56,147 "2";
3 0 0 66,155 "3";
4 0 1 103,125 "4";
5 1 0 14,103 "5";
6 0 0 3,17 "6";
7 1 1 1,121 "7";
8 2 0 17,40 "8";
9 0 1 0,114 "9";
10 1 1 12,133 "10";
11 0 0 21,79 "11";
12 0 1 57,60 "12";
13 2 1 4,143 "13";
14 1 0 34,65 "14";
15 1 1 78,98 "15";
16 1 1 29,76 "16";
17 1 1 67,143 "17";
18 1 1 17,54 "18";
19 1 0 14,159 "19";
20 2 0 64,146 "20";
21 1 0 106,109 "21";
22 2 0 36,107 "22";
23 2 0 73,90 "23";
24 0 0 57,117 "24";
25 2 1 32,155 "25";
26 1 0 64,93 "26";
27 1 0 21,85 "27";
28 1 0 18,38 "28";
29 0 1 54,158 "29";
30 2 0 63,136 "30";
31 2 1 43,89 "31";
32 2 1 135,148 "32";
33 1 1 16,138 "33";
34 2 0 57,111 "34";
35 0 1 49,56 "35";
36 1 1 105,131 "36";
37 1 0 26,100 "37";
38 2 0 77,157 "38";
39 1 0 48,142 "39";
40 1 1 3,5 "40";
41 1 0 32,112 "41";
42 1 0 58,148 "42";
43 1 1 14,102 "43";
44 0 0 55,100 "44";
45 0 0 52,91 "45";
46 1 1 58,80 "46";
47 2 1 99,111 "47";
48 1 0 16,157 "48";
49 1 0 13,46 "49";
50 2 0 28,124 "50";
51 0 0 83,95 "51";
52 0 1 30,50 "52";
53 2 1 83,88 "53";
54 0 0 99,138 "54";
55 0 1 68,110 "55";
56 0 0 15,96 "56";
57 2 0 17,89 "57";
58 1 1 0,127 "58";
59 0 0 80,132 "59";
60 1 0 92,114 "60";
61 1 1 100,138 "61";
62 1 1 34,137 "62";
63 0 0 49,155 "63";
64 1 1 1,70 "64";
65 2 1 56,69 "65";
66 2 0 128,143 "66";
67 0 0 18,63 "67";
68 1 1 70,115 "68";
69 0 0 49,143 "69";
70 0 1 12,97 "70";
71 0 0 70,108 "71";
72 2 0 67,137 "72";
73 1 1 23,155 "73";
74 2 1 109,155 "74";
75 0 0 55,144 "75";
76 1 0 68,95 "76";
77 0 0 8,40 "77";
78 0 1 3,40 "78";
79 1 0 40,120 "79";
80 0 0 63,152 "80";
81 2 1 7,152 "81";
82 1 0 94,149 "82";
83 2 1 71,76 "83";
84 0 0 30,106 "84";
85 1 1 16,48 "85";
86 2 0 47,115 "86";
87 0 0 23,30 "87";
88 1 1 80,95 "88";
89 0 0 30,59 "89";
90 0 0 50,71 "90";
91 2 0 39,149 "91";
92 1 0 53,156 "92";
93 1 1 18,87 "93";
94 1 1 9,11 "94";
95 0 0 130,136 "95";
96 2 1 14,155 "96";
97 2 1 118,144 "97";
98 0 1 19,145 "98";
99 0 1 8,154 "99";
100 2 0 67,69 "100";
101 2 0 49,149 "101";
102 0 0 4,142 "102";
103 0 0 3,13 "103";
104 0 0 3,49 "104";
105 2 1 4,96 "105";
106 2 1 74,152 "106";
107 0 0 63,95 "107";
108 2 1 122,148 "108";
109 0 1 126,130 "109";
110 2 0 4,64 "110";
111 1 0 4,26 "111";
112 2 0 63,69 "112";
113 0 1 61,77 "113";
114 2 0 112,135 "114";
115 1 0 76,101 "115";
116 2 1 15,95 "116";
117 0 1 17,39 "117";
118 0 1 132,145 "118";
119 2 1 85,157 "119";
120 1 0 61,83 "120";
121 2 0 86,105 "121";
122 1 1 46,60 "122";
123 2 1 49,133 "123";
124 2 0 9,72 "124";
125 1 1 0,61 "125";
126 1 0 138,144 "126";
127 1 1 17,102 "127";
128 0 1 24,103 "128";
129 0 0 52,103 "129";
130 1 0 16,133 "130";
131 2 0 29,31 "131";
132 1 1 18,89 "132";
133 1 0 11,53 "133";
134 0 1 76,100 "134";
135 2 0 53,60 "135";
136 2 1 32,34 "136";
137 0 0 31,115 "137";
138 1 1 109,120 "138";
139 1 0 60,77 "139";
140 1 1 113,129 "140";
141 0 1 17,29 "141";
142 2 1 62,127 "142";
143 2 1 51,68 "143";
144 0 1 120,149 "144";
145 2 1 1,34 "145";
146 1 0 26,121 "146";
147 2 0 9,94 "147";
148 1 0 43,83 "148";
149 0 0 12,152 "149";
150 2 0 65,81 "150";
151 0 0 87,110 "151";
152 2 1 43,121 "152";
153 1 0 156,157 "153";
154 0 1 58,114 "154";
155 0 1 60,136 "155";
156 0 0 4,82 "156";
157 1 1 49,150 "157";
158 0 1 129,134 "158";
159 2 1 79,132 "159";
