parity 164;
0 1 0 11,102 "0";
1 2 1 67,122 "1";
2 1 0 107,124 "2";
3 2 1 23,120 "3";
4 1 1 9,140 "4";
5 1 1 41,137 "5";
6 0 0 58,75 "6";
7 1 1 14,88 "7";
8 0 1 84,125 "8";
9 2 1 100,133 "9";
10 2 1 32,111 "10";
11 0 0 71,122 "11";
12 1 0 27,141 "12";
13 1 1 95,141 "13";
14 1 1 11,107 "14";
15 2 1 18,84 "15";
16 1 1 17,126 "16";
17 1 0 32,129 "17";
18 2 1 20,89 "18";
19 1 1 27,101 "19";
20 1 0 118,139 "20";
21 0 0 49,76 "21";
22 0 1 112,141 "22";
23 2 1 7,118 "23";
24 1 0 114,150 "24";
25 1 1 6,108 "25";
26 1 0 4,58 "26";
27 1 0 36,42 "27";
28 0 1 58,80 "28";
29 1 0 15,125 "29";
30 2 1 60,96 "30";
31 2 0 36,100 "31";
32 0 1 27,71 "32";
33 1 0 77,153 "33";
34 1 0 58,66 "34";
35 2 0 74,164 "35";
36 1 1 38,149 "36";
37 1 1 92,151 "37";
38 2 1 80,147 "38";
39 1 1 41,131 "39";
40 0 0 54,74 "40";
41 2 1 26,34 "41";
42 2 0 62,84 "42";
43 2 1 107,153 "43";
44 1 0 109,115 "44";
45 1 1 80,149 "45";
46 0 1 80,103 "46";
47 0 0 64,77 "47";
48 1 1 109,129 "48";
49 2 0 22,58 "49";
50 2 1 64,81 "50";
51 2 1 31,33 "51";
52 2 1 113,137 "52";
53 2 0 123,159 "53";
54 0 1 72,76 "54";
55 0 0 103,141 "55";
56 2 1 55,144 "56";
57 0 0 63,135 "57";
58 0 0 10,98 "58";
59 2 0 62,92 "59";
60 0 0 10,73 "60";
61 0 0 109,158 "61";
62 2 1 87,138 "62";
63 2 0 112,151 "63";
64 0 1 66,68 "64";
65 1 0 73,163 "65";
66 2 1 41,126 "66";
67 2 1 88,98 "67";
68 0 0 82,139 "68";
69 1 1 35,123 "69";
70 2 0 83,129 "70";
71 0 1 44,145 "71";
72 0 0 34,58 "72";
73 0 0 16,159 "73";
74 1 1 17,100 "74";
75 1 1 76,148 "75";
76 2 0 55,68 "76";
77 2 1 5,92 "77";
78 0 0 120,130 "78";
79 0 1 98,102 "79";
80 0 1 69,115 "80";
81 1 0 86,140 "81";
82 1 1 22,142 "82";
83 2 1 53,101 "83";
84 2 0 98,101 "84";
85 0 0 35,76 "85";
86 2 1 95,146 "86";
87 1 1 30,38 "87";
88 0 1 146,159 "88";
89 1 1 125,149 "89";
90 2 0 33,123 "90";
91 1 0 10,26 "91";
92 1 0 16,125 "92";
93 1 1 34,36 "93";
94 2 1 68,136 "94";
95 2 0 58,151 "95";
96 1 0 73,158 "96";
97 0 0 90,131 "97";
98 0 0 129,144 "98";
99 0 1 85,157 "99";
100 1 0 108,120 "100";
101 0 1 158,164 "101";
102 2 1 89,99 "102";
103 2 1 81,111 "103";
104 2 1 13,142 "104";
105 1 1 0,155 "105";
106 2 1 15,142 "106";
107 1 1 97,157 "107";
108 1 0 55,164 "108";
109 0 1 12,50 "109";
110 1 1 103,134 "110";
111 2 1 56,94 "111";
112 2 1 77,149 "112";
113 0 1 7,106 "113";
114 0 0 14,56 "114";
115 2 0 0,22 "115";
116 0 1 68,130 "116";
117 0 1 1,9 "117";
118 2 1 44,55 "118";
119 1 1 30,137 "119";
120 0 0 38,76 "120";
121 1 1 82,130 "121";
122 1 0 58,80 "122";
123 2 0 124,151 "123";
124 0 0 36,76 "124";
125 1 1 85,152 "125";
126 0 0 50,67 "126";
127 2 0 15,126 "127";
128 2 1 3,63 "128";
129 1 0 30,53 "129";
130 0 0 31,48 "130";
131 0 1 25,85 "131";
132 0 0 31,163 "132";
133 0 0 13,74 "133";
134 1 0 58,127 "134";
135 2 0 10,89 "135";
136 2 0 19,117 "136";
137 2 1 109,121 "137";
138 2 1 5,124 "138";
139 2 1 75,136 "139";
140 2 1 86,89 "140";
141 1 0 57,107 "141";
142 1 1 44,102 "142";
143 1 1 84,127 "143";
144 2 0 18,54 "144";
145 1 1 73,100 "145";
146 1 1 99,151 "146";
147 0 0 34,60 "147";
148 2 0 47,77 "148";
149 0 0 44,103 "149";
150 1 1 68,108 "150";
151 1 0 101,164 "151";
152 0 1 83,132 "152";
153 0 0 78,113 "153";
154 2 1 14,65 "154";
155 1 1 63,157 "155";
156 0 0 153,157 "156";
157 0 1 86,88 "157";
158 1 1 117,130 "158";
159 0 0 91,161 "159";
160 1 0 97,109 "160";
161 0 1 21,107 "161";
162 2 1 63,153 "162";
163 0 0 54,127 "163";
164 1 1 19,129 "164";
