parity 109;
0 0 1 47,64 "0";
1 0 1 44,48 "1";
2 1 1 18,99 "2";
3 1 1 30,31 "3";
4 1 0 37,103 "4";
5 2 1 32,105 "5";
6 0 1 37,38 "6";
7 1 1 51,64 "7";
8 1 0 20,24 "8";
9 2 1 14,79 "9";
10 1 1 49,77 "10";
11 0 0 38,59 "11";
12 0 1 91,97 "12";
13 1 1 57,77 "13";
14 1 1 57,59 "14";
15 2 1 37,72 "15";
16 0 0 88,92 "16";
17 1 0 10,75 "17";
18 2 1 58,109 "18";
19 0 1 69,80 "19";
20 0 1 16,72 "20";
21 2 1 3,72 "21";
22 1 1 40,74 "22";
23 2 0 91,102 "23";
24 1 0 50,76 "24";
25 0 1 16,107 "25";
26 1 1 1,88 "26";
27 1 1 58,91 "27";
28 1 1 38,53 "28";
29 0 1 21,49 "29";
30 2 1 19,105 "30";
31 1 1 36,69 "31";
32 0 1 12,99 "32";
33 1 0 28,66 "33";
34 0 1 5,53 "34";
35 0 1 12,97 "35";
36 1 0 11,57 "36";
37 2 0 21,106 "37";
38 1 1 33,48 "38";
39 1 1 1,3 "39";
40 2 0 21,54 "40";
41 0 0 27,40 "41";
42 2 0 22,92 "42";
43 2 0 13,17 "43";
44 0 0 62,90 "44";
45 1 0 62,105 "45";
46 2 1 16,94 "46";
47 0 1 38,45 "47";
48 1 0 3,88 "48";
49 1 1 29,69 "49";
50 1 0 30,99 "50";
51 1 1 30,48 "51";
52 1 0 0,24 "52";
53 0 0 75,76 "53";
54 1 1 5,104 "54";
55 0 1 63,100 "55";
56 0 1 83,101 "56";
57 2 0 16,55 "57";
58 0 0 45,47 "58";
59 1 0 47,87 "59";
60 0 1 72,82 "60";
61 2 0 13,60 "61";
62 2 0 29,86 "62";
63 0 0 36,48 "63";
64 0 0 19,91 "64";
65 1 0 49,74 "65";
66 0 1 35,62 "66";
67 0 0 12,96 "67";
68 2 1 30,77 "68";
69 0 1 85,92 "69";
70 1 1 73,76 "70";
71 2 0 44,95 "71";
72 2 1 92,96 "72";
73 1 0 6,16 "73";
74 0 0 22,94 "74";
75 1 0 18,105 "75";
76 0 0 21,61 "76";
77 0 1 54,64 "77";
78 0 0 41,105 "78";
79 2 0 22,45 "79";
80 2 1 69,75 "80";
81 0 0 101,107 "81";
82 0 1 4,44 "82";
83 0 1 49,104 "83";
84 1 1 44,65 "84";
85 0 0 5,45 "85";
86 1 0 19,73 "86";
87 2 0 18,61 "87";
88 1 1 73,99 "88";
89 1 1 68,99 "89";
90 2 0 83,98 "90";
91 2 1 87,103 "91";
92 1 0 10,12 "92";
93 1 1 31,65 "93";
94 2 0 22,23 "94";
95 2 0 24,98 "95";
96 0 0 19,81 "96";
97 1 1 4,66 "97";
98 0 1 36,87 "98";
99 0 1 20,100 "99";
100 2 1 19,92 "100";
101 0 0 73,85 "101";
102 0 0 67,96 "102";
103 2 1 23,79 "103";
104 1 1 11,43 "104";
105 1 0 20,94 "105";
106 0 1 7,45 "106";
107 0 0 2,101 "107";
108 2 0 60,75 "108";
109 0 0 14,101 "109";
