parity 179;
0 1 0 59,125 "0";
1 1 1 66,139 "1";
2 0 0 34,93 "2";
3 0 0 42,173 "3";
4 1 0 149,176 "4";
5 2 1 144,166 "5";
6 1 1 156,160 "6";
7 0 1 80,135 "7";
8 2 1 41,129 "8";
9 1 1 68,119 "9";
10 1 0 38,106 "10";
11 1 0 10,23 "11";
12 2 1 87,116 "12";
13 0 1 35,143 "13";
14 1 0 43,159 "14";
15 2 1 31,39 "15";
16 2 1 24,32 "16";
17 0 1 1,80 "17";
18 2 1 142,152 "18";
19 0 1 3,101 "19";
20 1 1 18,132 "20";
21 1 1 27,58 "21";
22 2 1 29,142 "22";
23 2 0 14,32 "23";
24 1 0 6,86 "24";
25 2 1 41,143 "25";
26 1 1 90,133 "26";
27 0 1 48,151 "27";
28 1 1 67,131 "28";
29 2 1 94,100 "29";
30 2 1 9,12 "30";
31 1 0 69,160 "31";
32 1 0 13,111 "32";
33 2 0 110,145 "33";
34 0 1 51,82 "34";
35 1 1 26,121 "35";
36 2 0 46,76 "36";
37 1 1 109,159 "37";
38 1 0 102,164 "38";
39 0 0 95,126 "39";
40 2 1 144,178 "40";
41 1 1 51,154 "41";
42 1 0 25,175 "42";
43 0 1 4,40 "43";
44 2 0 32,157 "44";
45 2 1 96,128 "45";
46 2 0 24,47 "46";
47 0 0 134,150 "47";
48 0 0 75,142 "48";
49 0 1 5,168 "49";
50 0 0 72,144 "50";
51 2 1 93,162 "51";
52 0 1 48,97 "52";
53 2 0 20,160 "53";
54 0 1 1,21 "54";
55 1 0 37,142 "55";
56 2 0 12,162 "56";
57 1 0 26,118 "57";
58 1 1 18,120 "58";
59 1 0 16,132 "59";
60 2 0 8,78 "60";
61 0 1 85,135 "61";
62 1 1 143,169 "62";
63 0 1 43,44 "63";
64 2 0 99,148 "64";
65 2 1 47,54 "65";
66 0 0 35,170 "66";
67 0 1 97,123 "67";
68 0 0 53,107 "68";
69 2 0 24,163 "69";
70 2 0 152,164 "70";
71 2 1 100,157 "71";
72 1 0 124,164 "72";
73 2 1 86,108 "73";
74 2 0 92,98 "74";
75 2 1 13,45 "75";
76 2 1 127,155 "76";
77 2 1 105,136 "77";
78 1 0 2,136 "78";
79 0 1 33,154 "79";
80 1 0 34,75 "80";
81 2 0 167,177 "81";
82 1 1 75,132 "82";
83 0 0 49,73 "83";
84 1 1 41,43 "84";
85 0 1 99,172 "85";
86 2 1 0,29 "86";
87 0 0 93,116 "87";
88 0 1 132,158 "88";
89 1 1 19,75 "89";
90 1 0 113,177 "90";
91 0 0 95,168 "91";
92 2 0 25,79 "92";
93 0 1 54,146 "93";
94 2 1 27,129 "94";
95 1 1 36,162 "95";
96 2 0 25,106 "96";
97 0 1 9,168 "97";
98 1 1 14,82 "98";
99 0 1 7,17 "99";
100 1 0 23,75 "100";
101 1 0 33,61 "101";
102 0 0 120,140 "102";
103 1 0 48,136 "103";
104 1 1 75,149 "104";
105 2 0 65,160 "105";
106 0 0 56,148 "106";
107 1 1 63,87 "107";
108 0 0 23,128 "108";
109 1 1 123,164 "109";
110 0 0 4,160 "110";
111 0 1 3,86 "111";
112 1 0 1,26 "112";
113 2 0 77,105 "113";
114 0 0 158,179 "114";
115 1 1 62,92 "115";
116 1 0 45,136 "116";
117 2 1 63,179 "117";
118 1 0 13,112 "118";
119 2 0 25,166 "119";
120 2 0 99,163 "120";
121 2 1 14,67 "121";
122 1 0 82,139 "122";
123 0 1 28,101 "123";
124 0 1 117,141 "124";
125 0 1 11,145 "125";
126 1 0 28,113 "126";
127 2 0 43,161 "127";
128 1 0 90,147 "128";
129 1 0 1,62 "129";
130 1 1 86,159 "130";
131 0 1 94,154 "131";
132 1 1 16,115 "132";
133 1 1 43,103 "133";
134 2 0 18,113 "134";
135 2 0 40,51 "135";
136 0 1 44,134 "136";
137 1 0 9,87 "137";
138 1 0 77,96 "138";
139 1 0 25,111 "139";
140 2 0 79,89 "140";
141 0 1 136,152 "141";
142 1 1 28,50 "142";
143 0 1 9,26 "143";
144 2 0 1,94 "144";
145 2 0 83,138 "145";
146 0 1 14,129 "146";
147 2 1 16,74 "147";
148 1 1 63,115 "148";
149 2 1 26,90 "149";
150 1 1 25,144 "150";
151 0 1 69,85 "151";
152 0 1 50,73 "152";
153 1 1 44,98 "153";
154 0 1 10,124 "154";
155 0 0 12,144 "155";
156 2 1 102,173 "156";
157 0 1 117,120 "157";
158 0 1 119,168 "158";
159 1 1 4,134 "159";
160 0 1 16,150 "160";
161 1 1 90,160 "161";
162 0 1 77,126 "162";
163 2 0 11,82 "163";
164 1 1 27,165 "164";
165 2 0 14,70 "165";
166 0 1 28,129 "166";
167 0 1 5,80 "167";
168 1 0 14,167 "168";
169 2 0 4,70 "169";
170 2 0 117,161 "170";
171 2 1 57,141 "171";
172 0 1 140,161 "172";
173 1 0 156,175 "173";
174 1 0 25,60 "174";
175 2 0 67,168 "175";
176 1 0 0,54 "176";
177 1 1 85,90 "177";
178 1 1 87,127 "178";
179 2 0 104,162 "179";
