parity 179;
0 1 1 82,111 "0";
1 1 0 33,104 "1";
2 1 1 123,143 "2";
3 2 0 68,107 "3";
4 0 0 58,172 "4";
5 0 1 50,141 "5";
6 2 1 115,173 "6";
7 1 1 10,54 "7";
8 0 0 16,171 "8";
9 1 0 32,46 "9";
10 0 0 26,61 "10";
11 1 0 81,102 "11";
12 1 1 54,148 "12";
13 0 0 16,146 "13";
14 0 1 71,160 "14";
15 0 0 124,166 "15";
16 0 0 59,122 "16";
17 0 1 15,179 "17";
18 2 1 63,78 "18";
19 1 1 160,163 "19";
20 2 0 12,38 "20";
21 2 1 11,117 "21";
22 1 0 109,140 "22";
23 0 0 11,69 "23";
24 2 0 13,179 "24";
25 2 0 64,112 "25";
26 2 0 115,137 "26";
27 1 1 15,59 "27";
28 0 1 30,125 "28";
29 0 0 40,75 "29";
30 0 0 81,169 "30";
31 0 1 69,145 "31";
32 2 0 11,127 "32";
33 1 1 12,77 "33";
34 2 1 97,116 "34";
35 0 1 23,154 "35";
36 1 0 53,148 "36";
37 1 0 22,44 "37";
38 2 0 11,170 "38";
39 2 0 58,102 "39";
40 0 0 110,162 "40";
41 1 0 25,149 "41";
42 2 1 36,122 "42";
43 2 0 80,91 "43";
44 0 1 8,124 "44";
45 2 0 18,82 "45";
46 1 0 7,136 "46";
47 1 1 122,139 "47";
48 2 0 65,74 "48";
49 2 1 51,71 "49";
50 2 0 1,151 "50";
51 2 0 3,113 "51";
52 0 0 133,142 "52";
53 1 0 96,98 "53";
54 0 0 84,92 "54";
55 0 0 59,174 "55";
56 2 1 74,91 "56";
57 2 1 90,139 "57";
58 1 1 5,163 "58";
59 1 1 161,170 "59";
60 0 0 111,161 "60";
61 0 0 31,97 "61";
62 2 1 67,108 "62";
63 2 1 43,177 "63";
64 1 1 0,127 "64";
65 0 0 24,75 "65";
66 1 1 43,170 "66";
67 0 0 37,122 "67";
68 0 1 18,127 "68";
69 1 0 2,5 "69";
70 0 1 29,114 "70";
71 0 1 106,149 "71";
72 2 0 56,140 "72";
73 2 1 100,145 "73";
74 2 0 61,152 "74";
75 1 1 4,86 "75";
76 2 1 7,174 "76";
77 0 0 60,139 "77";
78 0 0 168,178 "78";
79 2 0 4,47 "79";
80 2 1 74,90 "80";
81 0 1 114,177 "81";
82 1 0 100,156 "82";
83 2 1 106,122 "83";
84 2 1 113,134 "84";
85 0 0 65,90 "85";
86 0 1 14,46 "86";
87 0 0 19,106 "87";
88 0 1 23,36 "88";
89 1 0 104,170 "89";
90 1 0 80,154 "90";
91 2 0 84,171 "91";
92 1 1 93,160 "92";
93 0 0 40,173 "93";
94 2 0 61,145 "94";
95 1 0 66,124 "95";
96 1 0 95,141 "96";
97 0 1 5,142 "97";
98 1 0 5,19 "98";
99 0 1 27,29 "99";
100 2 1 83,87 "100";
101 0 0 141,148 "101";
102 0 1 1,85 "102";
103 0 0 42,154 "103";
104 1 0 6,46 "104";
105 0 0 81,93 "105";
106 2 0 114,129 "106";
107 1 0 101,122 "107";
108 0 0 9,90 "108";
109 1 0 12,93 "109";
110 1 0 98,136 "110";
111 2 1 13,90 "111";
112 2 1 81,107 "112";
113 0 0 61,123 "113";
114 0 1 51,159 "114";
115 1 0 57,127 "115";
116 1 0 112,130 "116";
117 1 1 141,153 "117";
118 2 1 52,131 "118";
119 1 1 72,149 "119";
120 2 1 22,173 "120";
121 2 1 23,82 "121";
122 0 1 39,99 "122";
123 0 1 28,156 "123";
124 1 1 0,96 "124";
125 1 1 20,153 "125";
126 1 1 1,107 "126";
127 2 1 57,168 "127";
128 2 0 20,61 "128";
129 1 1 47,159 "129";
130 0 0 173,175 "130";
131 2 1 10,146 "131";
132 2 0 68,110 "132";
133 1 0 77,128 "133";
134 0 1 76,176 "134";
135 1 0 35,144 "135";
136 0 1 11,16 "136";
137 2 1 11,31 "137";
138 1 0 46,126 "138";
139 2 1 59,147 "139";
140 2 1 18,157 "140";
141 2 0 29,97 "141";
142 1 0 156,171 "142";
143 1 1 72,140 "143";
144 0 1 95,118 "144";
145 2 0 57,142 "145";
146 1 1 81,162 "146";
147 2 0 109,112 "147";
148 0 0 88,103 "148";
149 2 1 48,120 "149";
150 1 0 103,178 "150";
151 0 0 1,135 "151";
152 2 0 32,61 "152";
153 2 1 8,63 "153";
154 2 1 149,155 "154";
155 0 0 23,66 "155";
156 0 0 22,67 "156";
157 2 1 83,129 "157";
158 1 0 93,155 "158";
159 2 0 55,87 "159";
160 1 0 4,17 "160";
161 2 1 21,178 "161";
162 0 0 43,157 "162";
163 0 1 0,83 "163";
164 1 0 23,163 "164";
165 0 1 126,151 "165";
166 0 0 63,171 "166";
167 2 1 64,78 "167";
168 2 1 105,127 "168";
169 2 0 93,129 "169";
170 2 0 25,110 "170";
171 0 0 162,167 "171";
172 1 0 6,168 "172";
173 1 0 37,56 "173";
174 1 1 9,49 "174";
175 0 1 6,113 "175";
176 2 0 151,171 "176";
177 0 0 47,154 "177";
178 2 1 2,54 "178";
179 1 0 163,169 "179";
