parity 194;
0 2 0 8,145 "0";
1 1 0 54,86 "1";
2 0 0 143,170 "2";
3 2 1 140,155 "3";
4 2 0 41,75 "4";
5 0 1 21,107 "5";
6 0 0 82,86 "6";
7 1 1 45,74 "7";
8 2 1 4,28 "8";
9 2 1 105,165 "9";
10 0 1 108,167 "10";
11 0 1 28,168 "11";
12 1 0 9,139 "12";
13 2 0 164,187 "13";
14 2 0 131,155 "14";
15 2 0 44,100 "15";
16 2 0 27,187 "16";
17 2 1 28,43 "17";
18 0 1 82,186 "18";
19 2 0 88,164 "19";
20 2 1 38,171 "20";
21 2 0 1,45 "21";
22 0 0 54,143 "22";
23 2 0 136,153 "23";
24 0 1 99,151 "24";
25 1 0 53,192 "25";
26 1 1 48,187 "26";
27 2 1 173,188 "27";
28 1 0 166,170 "28";
29 2 0 19,24 "29";
30 1 0 68,99 "30";
31 2 0 27,64 "31";
32 1 1 4,65 "32";
33 1 0 5,58 "33";
34 2 1 97,159 "34";
35 1 1 153,170 "35";
36 2 1 95,160 "36";
37 2 0 19,161 "37";
38 2 0 31,165 "38";
39 1 0 4,72 "39";
40 2 1 154,180 "40";
41 1 0 186,194 "41";
42 2 1 0,173 "42";
43 1 1 29,149 "43";
44 1 1 7,10 "44";
45 0 1 140,168 "45";
46 1 0 76,128 "46";
47 1 1 87,188 "47";
48 0 0 59,192 "48";
49 1 0 118,180 "49";
50 0 1 11,141 "50";
51 2 1 16,128 "51";
52 2 0 75,111 "52";
53 0 0 45,188 "53";
54 0 0 61,158 "54";
55 1 1 185,189 "55";
56 1 1 59,178 "56";
57 0 1 67,117 "57";
58 2 1 131,170 "58";
59 0 0 15,184 "59";
60 0 1 53,119 "60";
61 2 0 2,191 "61";
62 2 1 83,121 "62";
63 2 0 114,178 "63";
64 2 0 8,125 "64";
65 0 0 49,159 "65";
66 1 1 112,172 "66";
67 2 0 8,55 "67";
68 2 0 41,81 "68";
69 0 1 79,126 "69";
70 0 1 4,24 "70";
71 2 1 85,185 "71";
72 1 1 11,147 "72";
73 2 1 91,107 "73";
74 1 1 151,167 "74";
75 0 0 44,176 "75";
76 1 0 26,184 "76";
77 2 1 2,149 "77";
78 2 0 65,169 "78";
79 0 0 120,130 "79";
80 2 0 82,114 "80";
81 1 1 67,161 "81";
82 0 1 44,174 "82";
83 0 1 62,101 "83";
84 0 0 37,107 "84";
85 0 1 101,124 "85";
86 0 0 94,168 "86";
87 1 1 153,187 "87";
88 1 1 19,52 "88";
89 2 1 128,179 "89";
90 1 1 4,112 "90";
91 2 1 10,95 "91";
92 2 1 13,180 "92";
93 1 0 132,144 "93";
94 0 0 12,125 "94";
95 2 0 135,189 "95";
96 1 1 120,185 "96";
97 0 0 65,161 "97";
98 0 0 24,172 "98";
99 2 1 123,136 "99";
100 0 0 95,114 "100";
101 1 1 60,113 "101";
102 2 0 103,137 "102";
103 0 0 43,52 "103";
104 0 0 90,157 "104";
105 1 0 52,112 "105";
106 1 0 0,63 "106";
107 2 1 50,122 "107";
108 2 1 101,139 "108";
109 2 0 179,188 "109";
110 1 1 31,150 "110";
111 1 1 29,45 "111";
112 0 1 59,113 "112";
113 1 1 2,67 "113";
114 0 0 56,163 "114";
115 1 0 141,185 "115";
116 0 0 7,64 "116";
117 0 0 106,132 "117";
118 0 1 96,110 "118";
119 2 0 130,142 "119";
120 2 1 49,191 "120";
121 1 0 100,189 "121";
122 2 0 65,114 "122";
123 1 0 21,112 "123";
124 2 0 98,182 "124";
125 0 0 25,71 "125";
126 0 0 1,110 "126";
127 0 1 66,81 "127";
128 0 1 177,194 "128";
129 0 1 0,93 "129";
130 2 1 6,101 "130";
131 0 0 74,81 "131";
132 2 1 139,190 "132";
133 1 1 52,105 "133";
134 0 1 171,188 "134";
135 0 1 30,165 "135";
136 2 0 76,175 "136";
137 0 1 61,191 "137";
138 1 1 42,193 "138";
139 2 0 51,173 "139";
140 1 1 127,188 "140";
141 1 0 99,131 "141";
142 2 0 54,148 "142";
143 0 0 56,147 "143";
144 0 1 147,166 "144";
145 1 1 137,150 "145";
146 2 0 97,102 "146";
147 0 1 16,150 "147";
148 1 1 48,116 "148";
149 2 0 39,117 "149";
150 2 0 22,193 "150";
151 1 0 82,131 "151";
152 0 1 11,21 "152";
153 1 0 43,103 "153";
154 2 0 104,172 "154";
155 2 0 26,187 "155";
156 2 1 57,147 "156";
157 0 1 128,181 "157";
158 1 0 85,142 "158";
159 2 0 10,192 "159";
160 1 1 93,103 "160";
161 2 1 2,49 "161";
162 0 0 54,189 "162";
163 1 1 139,180 "163";
164 0 0 100,129 "164";
165 1 0 114,117 "165";
166 2 0 67,173 "166";
167 2 0 66,122 "167";
168 2 1 13,123 "168";
169 1 1 99,175 "169";
170 1 0 70,172 "170";
171 2 1 16,46 "171";
172 1 0 70,194 "172";
173 2 0 8,34 "173";
174 0 0 41,80 "174";
175 0 0 81,95 "175";
176 0 0 64,102 "176";
177 2 1 43,113 "177";
178 0 0 53,193 "178";
179 2 1 21,64 "179";
180 2 1 150,152 "180";
181 2 1 17,138 "181";
182 2 1 90,163 "182";
183 2 0 42,177 "183";
184 0 0 45,87 "184";
185 0 1 77,122 "185";
186 2 0 38,114 "186";
187 1 0 44,82 "187";
188 2 0 54,133 "188";
189 1 0 143,148 "189";
190 2 0 39,154 "190";
191 0 1 52,147 "191";
192 0 0 14,31 "192";
193 1 0 46,108 "193";
194 1 1 34,148 "194";
