parity 154;
0 0 0 13,35 "0";
1 1 1 96,154 "1";
2 0 0 44,77 "2";
3 0 0 49,139 "3";
4 0 1 82,116 "4";
5 1 0 63,74 "5";
6 1 1 72,91 "6";
7 2 1 25,146 "7";
8 0 0 84,113 "8";
9 0 0 100,136 "9";
10 1 0 6,70 "10";
11 1 0 85,151 "11";
12 2 0 91,122 "12";
13 1 0 84,101 "13";
14 2 1 6,145 "14";
15 2 0 28,62 "15";
16 0 1 53,132 "16";
17 1 1 54,69 "17";
18 1 0 82,133 "18";
19 1 1 3,14 "19";
20 2 0 32,126 "20";
21 0 1 2,52 "21";
22 1 1 73,122 "22";
23 1 0 20,82 "23";
24 2 1 13,55 "24";
25 0 0 9,65 "25";
26 2 0 98,149 "26";
27 1 1 21,118 "27";
28 1 0 92,125 "28";
29 0 0 8,62 "29";
30 2 0 67,107 "30";
31 2 0 35,88 "31";
32 2 0 100,143 "32";
33 0 0 62,95 "33";
34 1 1 61,113 "34";
35 2 0 9,91 "35";
36 1 1 115,149 "36";
37 2 1 16,134 "37";
38 2 1 23,42 "38";
39 0 0 102,122 "39";
40 1 0 41,70 "40";
41 1 1 2,132 "41";
42 1 0 81,119 "42";
43 2 0 14,133 "43";
44 0 0 117,141 "44";
45 0 0 68,150 "45";
46 1 1 50,64 "46";
47 2 1 2,28 "47";
48 1 0 68,98 "48";
49 0 0 18,142 "49";
50 0 0 80,108 "50";
51 2 0 53,73 "51";
52 1 0 0,87 "52";
53 2 0 56,107 "53";
54 0 0 82,126 "54";
55 0 1 25,40 "55";
56 1 1 5,76 "56";
57 0 1 37,147 "57";
58 2 1 43,114 "58";
59 2 1 29,139 "59";
60 1 1 29,144 "60";
61 2 0 46,133 "61";
62 0 1 12,55 "62";
63 2 1 82,147 "63";
64 0 0 93,100 "64";
65 0 0 76,112 "65";
66 2 0 4,134 "66";
67 1 0 56,89 "67";
68 1 1 92,107 "68";
69 1 1 40,152 "69";
70 1 1 51,78 "70";
71 1 1 0,138 "71";
72 1 0 76,112 "72";
73 0 1 100,141 "73";
74 0 0 33,96 "74";
75 1 0 31,144 "75";
76 1 1 8,11 "76";
77 0 0 134,142 "77";
78 2 0 58,133 "78";
79 1 0 57,78 "79";
80 0 0 70,91 "80";
81 0 0 1,24 "81";
82 1 1 10,52 "82";
83 0 0 26,136 "83";
84 1 1 94,130 "84";
85 0 1 26,51 "85";
86 1 1 118,122 "86";
87 0 0 121,147 "87";
88 2 1 128,154 "88";
89 2 0 48,94 "89";
90 2 0 138,143 "90";
91 0 1 0,57 "91";
92 2 1 119,135 "92";
93 1 1 67,92 "93";
94 0 1 25,79 "94";
95 0 1 32,137 "95";
96 0 0 3,11 "96";
97 0 1 14,122 "97";
98 2 0 30,102 "98";
99 1 1 41,131 "99";
100 2 0 63,128 "100";
101 2 1 59,95 "101";
102 2 0 99,150 "102";
103 2 0 133,154 "103";
104 2 1 57,96 "104";
105 0 1 90,140 "105";
106 0 0 58,96 "106";
107 1 0 40,43 "107";
108 0 1 2,74 "108";
109 1 0 35,74 "109";
110 1 0 94,138 "110";
111 1 1 47,55 "111";
112 2 1 0,119 "112";
113 1 1 78,128 "113";
114 0 0 13,53 "114";
115 2 0 131,150 "115";
116 2 0 14,32 "116";
117 2 1 131,151 "117";
118 1 1 41,131 "118";
119 0 0 80,127 "119";
120 2 1 102,139 "120";
121 1 0 67,113 "121";
122 1 0 115,152 "122";
123 0 1 2,95 "123";
124 2 1 14,145 "124";
125 1 0 56,114 "125";
126 0 1 15,32 "126";
127 2 0 102,145 "127";
128 2 0 47,66 "128";
129 1 0 132,150 "129";
130 1 0 70,92 "130";
131 1 0 65,130 "131";
132 1 0 46,99 "132";
133 1 0 17,100 "133";
134 2 1 6,66 "134";
135 1 1 10,99 "135";
136 0 0 17,52 "136";
137 2 1 80,152 "137";
138 1 1 36,71 "138";
139 0 1 0,64 "139";
140 0 1 15,133 "140";
141 2 0 16,77 "141";
142 1 1 59,148 "142";
143 0 1 95,131 "143";
144 0 1 105,110 "144";
145 2 0 5,75 "145";
146 1 0 113,139 "146";
147 2 1 63,128 "147";
148 1 0 23,140 "148";
149 0 0 13,124 "149";
150 0 0 92,110 "150";
151 2 0 88,143 "151";
152 0 0 22,91 "152";
153 0 1 100,146 "153";
154 0 1 54,118 "154";
