parity 149;
0 0 1 85,140 "0";
1 0 0 29,37 "1";
2 2 0 7,24 "2";
3 2 0 78,90 "3";
4 0 0 23,90 "4";
5 2 1 34,126 "5";
6 1 0 18,39 "6";
7 1 1 5,102 "7";
8 1 1 28,85 "8";
9 2 0 72,74 "9";
10 1 0 9,18 "10";
11 0 1 24,71 "11";
12 1 1 58,67 "12";
13 0 0 58,129 "13";
14 0 1 8,117 "14";
15 2 1 12,102 "15";
16 2 0 49,94 "16";
17 2 1 141,142 "17";
18 0 0 9,30 "18";
19 2 0 93,102 "19";
20 0 1 80,100 "20";
21 0 0 75,111 "21";
22 2 1 88,119 "22";
23 2 1 57,59 "23";
24 1 1 7,91 "24";
25 2 1 47,69 "25";
26 2 0 65,112 "26";
27 0 1 28,120 "27";
28 2 0 23,33 "28";
29 0 1 17,144 "29";
30 2 1 34,61 "30";
31 0 0 78,80 "31";
32 0 0 82,127 "32";
33 2 1 94,98 "33";
34 1 0 32,83 "34";
35 1 0 0,2 "35";
36 0 0 69,80 "36";
37 2 1 45,142 "37";
38 0 0 52,82 "38";
39 2 0 31,78 "39";
40 1 1 51,149 "40";
41 2 0 100,135 "41";
42 1 0 92,147 "42";
43 0 0 42,123 "43";
44 1 0 28,50 "44";
45 1 0 12,65 "45";
46 2 0 101,103 "46";
47 1 1 113,131 "47";
48 0 0 76,85 "48";
49 1 1 45,74 "49";
50 0 0 125,134 "50";
51 1 0 14,103 "51";
52 2 0 41,88 "52";
53 1 1 96,111 "53";
54 1 1 48,129 "54";
55 2 1 52,90 "55";
56 1 0 6,48 "56";
57 1 0 53,86 "57";
58 1 1 22,74 "58";
59 1 1 81,132 "59";
60 0 1 24,71 "60";
61 0 0 65,78 "61";
62 2 1 2,21 "62";
63 1 1 1,23 "63";
64 1 1 33,82 "64";
65 2 1 113,130 "65";
66 1 1 91,123 "66";
67 2 0 65,77 "67";
68 2 0 7,112 "68";
69 1 1 23,63 "69";
70 1 0 14,143 "70";
71 0 1 41,138 "71";
72 2 1 91,108 "72";
73 1 0 35,87 "73";
74 0 0 44,86 "74";
75 1 0 47,110 "75";
76 0 1 73,137 "76";
77 0 1 14,119 "77";
78 2 0 17,110 "78";
79 2 1 143,146 "79";
80 0 1 8,20 "80";
81 0 1 74,97 "81";
82 1 0 59,125 "82";
83 0 1 27,76 "83";
84 1 1 19,147 "84";
85 1 0 80,117 "85";
86 2 1 55,62 "86";
87 0 1 6,21 "87";
88 2 0 6,26 "88";
89 0 1 44,88 "89";
90 2 0 13,80 "90";
91 1 1 49,87 "91";
92 0 0 2,88 "92";
93 0 0 57,82 "93";
94 0 0 11,34 "94";
95 1 1 36,133 "95";
96 0 1 112,145 "96";
97 2 1 56,76 "97";
98 2 0 22,122 "98";
99 2 1 26,83 "99";
100 0 0 7,50 "100";
101 1 0 81,97 "101";
102 0 0 50,82 "102";
103 2 0 14,36 "103";
104 2 0 53,109 "104";
105 0 0 37,60 "105";
106 1 0 37,136 "106";
107 2 1 44,134 "107";
108 1 0 65,107 "108";
109 0 0 9,26 "109";
110 2 0 34,143 "110";
111 1 1 0,146 "111";
112 1 1 82,142 "112";
113 1 0 17,94 "113";
114 2 0 31,72 "114";
115 1 1 78,103 "115";
116 1 1 42,94 "116";
117 2 0 70,139 "117";
118 2 1 23,138 "118";
119 2 1 3,32 "119";
120 0 1 32,50 "120";
121 1 0 94,96 "121";
122 1 0 38,51 "122";
123 1 0 4,121 "123";
124 1 0 40,99 "124";
125 2 1 42,63 "125";
126 1 1 79,129 "126";
127 0 0 88,141 "127";
128 1 0 39,149 "128";
129 2 1 6,61 "129";
130 2 1 53,81 "130";
131 2 1 17,75 "131";
132 2 1 26,123 "132";
133 0 1 71,127 "133";
134 2 1 3,95 "134";
135 0 0 46,127 "135";
136 0 0 124,144 "136";
137 1 1 96,106 "137";
138 1 0 65,111 "138";
139 0 0 60,63 "139";
140 1 0 6,102 "140";
141 1 1 31,69 "141";
142 1 1 2,136 "142";
143 2 1 70,132 "143";
144 2 0 40,139 "144";
145 2 1 63,116 "145";
146 0 0 37,100 "146";
147 2 1 14,84 "147";
148 2 1 59,84 "148";
149 2 1 135,136 "149";
