parity 144;
0 0 0 28,86 "0";
1 2 0 60,137 "1";
2 2 1 35,54 "2";
3 1 0 0,141 "3";
4 2 1 14,18 "4";
5 0 0 55,88 "5";
6 0 0 9,11 "6";
7 2 0 74,130 "7";
8 1 0 122,133 "8";
9 0 0 40,136 "9";
10 0 0 80,88 "10";
11 0 0 84,140 "11";
12 2 0 25,69 "12";
13 0 0 108,140 "13";
14 2 1 80,111 "14";
15 1 1 4,33 "15";
16 1 0 2,19 "16";
17 2 1 38,94 "17";
18 1 1 9,117 "18";
19 0 0 115,142 "19";
20 2 0 49,120 "20";
21 1 1 13,112 "21";
22 1 0 89,142 "22";
23 2 1 70,94 "23";
24 1 1 23,69 "24";
25 0 1 8,96 "25";
26 1 1 53,109 "26";
27 0 0 18,41 "27";
28 2 1 38,54 "28";
29 2 0 65,68 "29";
30 1 0 116,139 "30";
31 1 1 97,116 "31";
32 0 1 30,76 "32";
33 1 0 6,25 "33";
34 0 0 1,74 "34";
35 0 0 114,121 "35";
36 2 0 67,107 "36";
37 2 0 32,138 "37";
38 1 0 36,122 "38";
39 0 0 31,139 "39";
40 1 1 53,128 "40";
41 2 1 61,97 "41";
42 0 0 4,78 "42";
43 2 0 4,96 "43";
44 1 1 83,134 "44";
45 0 0 61,140 "45";
46 0 0 28,56 "46";
47 0 1 46,128 "47";
48 1 1 116,130 "48";
49 1 1 28,138 "49";
50 0 0 29,115 "50";
51 2 1 43,134 "51";
52 1 0 6,116 "52";
53 0 0 111,133 "53";
54 2 0 23,68 "54";
55 0 0 115,127 "55";
56 0 1 24,69 "56";
57 0 0 5,140 "57";
58 0 0 19,87 "58";
59 1 0 71,106 "59";
60 1 1 39,111 "60";
61 1 1 85,105 "61";
62 1 1 4,112 "62";
63 0 1 1,48 "63";
64 0 0 105,131 "64";
65 2 1 125,136 "65";
66 1 0 92,128 "66";
67 0 0 24,117 "67";
68 2 1 9,25 "68";
69 1 0 121,132 "69";
70 1 0 35,66 "70";
71 2 0 30,79 "71";
72 0 0 55,111 "72";
73 0 0 117,124 "73";
74 1 1 13,39 "74";
75 0 0 105,142 "75";
76 2 1 10,17 "76";
77 2 0 25,138 "77";
78 0 0 69,93 "78";
79 0 1 9,127 "79";
80 2 0 15,111 "80";
81 2 1 41,51 "81";
82 0 1 40,85 "82";
83 1 1 48,62 "83";
84 2 1 70,140 "84";
85 1 0 10,80 "85";
86 0 1 51,59 "86";
87 2 1 45,139 "87";
88 2 1 32,98 "88";
89 0 0 33,132 "89";
90 0 1 49,122 "90";
91 1 0 95,101 "91";
92 0 1 43,103 "92";
93 1 1 12,35 "93";
94 2 0 57,81 "94";
95 1 1 79,92 "95";
96 0 0 59,122 "96";
97 0 1 14,15 "97";
98 2 1 88,124 "98";
99 0 1 109,134 "99";
100 0 1 32,77 "100";
101 0 1 21,57 "101";
102 0 1 59,103 "102";
103 2 0 89,117 "103";
104 1 1 1,54 "104";
105 2 0 57,80 "105";
106 0 1 10,13 "106";
107 1 0 44,81 "107";
108 1 1 87,117 "108";
109 0 0 22,36 "109";
110 2 0 6,26 "110";
111 2 0 99,113 "111";
112 2 1 54,86 "112";
113 0 0 57,104 "113";
114 2 1 47,60 "114";
115 2 1 24,63 "115";
116 0 1 48,71 "116";
117 0 1 79,125 "117";
118 1 1 10,139 "118";
119 1 0 29,124 "119";
120 1 0 73,82 "120";
121 0 1 56,99 "121";
122 0 0 4,56 "122";
123 2 0 72,135 "123";
124 1 1 17,86 "124";
125 0 0 26,141 "125";
126 1 1 58,98 "126";
127 1 0 25,100 "127";
128 2 1 1,24 "128";
129 2 1 7,83 "129";
130 2 0 28,35 "130";
131 0 1 4,78 "131";
132 0 1 79,115 "132";
133 0 1 35,92 "133";
134 0 0 121,136 "134";
135 1 0 13,81 "135";
136 0 0 42,55 "136";
137 2 0 7,102 "137";
138 0 1 92,137 "138";
139 1 0 58,75 "139";
140 1 1 60,109 "140";
141 1 0 34,48 "141";
142 1 1 119,125 "142";
143 2 0 109,136 "143";
144 1 0 84,101 "144";
