parity 149;
0 0 1 37,87 "0";
1 1 1 73,108 "1";
2 0 1 64,134 "2";
3 0 0 79,134 "3";
4 2 0 117,130 "4";
5 2 0 42,133 "5";
6 0 1 71,104 "6";
7 1 0 2,103 "7";
8 0 0 14,19 "8";
9 1 0 18,110 "9";
10 0 0 13,50 "10";
11 0 0 21,74 "11";
12 1 1 21,144 "12";
13 2 0 103,136 "13";
14 2 1 102,106 "14";
15 1 1 5,90 "15";
16 1 0 5,141 "16";
17 0 1 127,138 "17";
18 1 0 81,123 "18";
19 0 0 31,69 "19";
20 1 1 122,143 "20";
21 0 0 5,103 "21";
22 2 1 112,129 "22";
23 1 1 43,132 "23";
24 2 1 18,78 "24";
25 0 0 132,144 "25";
26 0 0 39,83 "26";
27 1 1 87,108 "27";
28 0 0 106,120 "28";
29 1 0 15,130 "29";
30 1 0 87,97 "30";
31 2 0 91,117 "31";
32 0 1 0,45 "32";
33 0 1 6,51 "33";
34 0 0 3,54 "34";
35 1 0 13,100 "35";
36 0 1 3,22 "36";
37 0 1 98,125 "37";
38 2 0 107,142 "38";
39 0 1 64,129 "39";
40 2 0 61,120 "40";
41 2 0 16,110 "41";
42 1 1 10,120 "42";
43 0 0 111,142 "43";
44 2 1 41,75 "44";
45 2 1 31,105 "45";
46 1 0 91,112 "46";
47 0 1 37,107 "47";
48 2 1 99,135 "48";
49 1 0 20,44 "49";
50 0 0 106,138 "50";
51 1 1 68,75 "51";
52 0 0 2,99 "52";
53 0 0 27,63 "53";
54 0 1 42,61 "54";
55 2 1 3,37 "55";
56 1 1 114,138 "56";
57 0 1 29,44 "57";
58 1 1 76,88 "58";
59 2 0 46,58 "59";
60 0 0 31,85 "60";
61 2 0 68,93 "61";
62 1 1 72,140 "62";
63 0 1 45,78 "63";
64 2 0 22,55 "64";
65 0 1 51,139 "65";
66 1 0 19,73 "66";
67 0 0 7,76 "67";
68 1 1 36,102 "68";
69 0 0 14,127 "69";
70 1 0 25,69 "70";
71 1 1 14,21 "71";
72 0 1 111,119 "72";
73 0 0 64,125 "73";
74 1 1 33,114 "74";
75 0 0 8,133 "75";
76 2 1 15,78 "76";
77 0 0 37,108 "77";
78 2 0 2,126 "78";
79 2 1 27,137 "79";
80 0 1 11,79 "80";
81 0 1 37,77 "81";
82 0 1 35,64 "82";
83 1 0 68,147 "83";
84 1 0 66,81 "84";
85 1 0 20,56 "85";
86 0 0 25,144 "86";
87 0 1 46,66 "87";
88 0 1 52,144 "88";
89 0 0 19,123 "89";
90 1 1 57,109 "90";
91 0 1 105,135 "91";
92 2 1 43,54 "92";
93 2 0 33,119 "93";
94 2 0 14,109 "94";
95 0 1 37,60 "95";
96 2 1 29,117 "96";
97 0 1 50,147 "97";
98 2 0 7,110 "98";
99 1 0 21,144 "99";
100 0 0 32,35 "100";
101 0 0 18,145 "101";
102 0 0 20,101 "102";
103 2 1 2,115 "103";
104 2 0 90,142 "104";
105 0 1 41,110 "105";
106 2 1 23,111 "106";
107 1 1 101,126 "107";
108 2 1 12,23 "108";
109 2 0 25,139 "109";
110 2 0 41,64 "110";
111 0 0 73,148 "111";
112 2 1 7,80 "112";
113 2 0 5,24 "113";
114 1 1 14,148 "114";
115 2 1 51,131 "115";
116 1 0 1,63 "116";
117 1 0 21,85 "117";
118 0 0 132,149 "118";
119 1 0 45,126 "119";
120 2 0 121,125 "120";
121 2 1 51,115 "121";
122 1 1 60,137 "122";
123 1 0 15,64 "123";
124 2 1 102,105 "124";
125 1 0 25,91 "125";
126 2 0 43,54 "126";
127 1 0 45,53 "127";
128 0 1 33,41 "128";
129 0 1 136,148 "129";
130 1 0 3,100 "130";
131 2 0 0,8 "131";
132 0 0 64,110 "132";
133 1 1 47,134 "133";
134 1 1 7,111 "134";
135 0 1 9,92 "135";
136 1 1 93,99 "136";
137 0 0 60,138 "137";
138 2 1 70,117 "138";
139 0 1 32,96 "139";
140 0 0 24,61 "140";
141 0 1 60,109 "141";
142 1 1 98,123 "142";
143 1 0 55,98 "143";
144 0 1 6,32 "144";
145 0 1 70,103 "145";
146 0 1 67,111 "146";
147 0 1 64,106 "147";
148 0 0 71,135 "148";
149 1 0 21,124 "149";
