parity 144;
0 1 1 74,100 "0";
1 1 0 133,144 "1";
2 0 1 13,22 "2";
3 2 0 49,137 "3";
4 1 1 19,51 "4";
5 0 1 46,109 "5";
6 1 1 29,79 "6";
7 0 1 37,88 "7";
8 1 0 68,103 "8";
9 1 0 38,79 "9";
10 0 1 65,126 "10";
11 1 1 107,109 "11";
12 2 1 18,123 "12";
13 0 0 45,141 "13";
14 1 0 48,125 "14";
15 2 1 7,57 "15";
16 2 0 17,84 "16";
17 2 1 42,88 "17";
18 2 1 53,94 "18";
19 0 1 10,99 "19";
20 0 0 6,47 "20";
21 2 0 67,133 "21";
22 2 1 42,47 "22";
23 0 1 7,93 "23";
24 1 0 94,138 "24";
25 2 1 46,76 "25";
26 1 0 19,51 "26";
27 0 1 1,84 "27";
28 0 1 71,96 "28";
29 2 1 60,127 "29";
30 2 1 36,48 "30";
31 2 0 47,121 "31";
32 2 1 112,140 "32";
33 1 0 24,48 "33";
34 0 1 30,35 "34";
35 2 0 119,135 "35";
36 1 0 92,101 "36";
37 1 1 96,104 "37";
38 1 1 39,115 "38";
39 1 1 95,118 "39";
40 2 0 92,94 "40";
41 2 1 13,128 "41";
42 2 1 64,117 "42";
43 0 1 98,126 "43";
44 1 1 4,100 "44";
45 0 1 61,136 "45";
46 1 0 55,67 "46";
47 2 1 0,76 "47";
48 2 0 56,68 "48";
49 2 1 7,116 "49";
50 1 1 49,132 "50";
51 0 0 9,140 "51";
52 0 0 9,80 "52";
53 1 1 63,65 "53";
54 2 1 20,55 "54";
55 2 1 67,108 "55";
56 0 1 69,123 "56";
57 1 1 0,50 "57";
58 0 0 72,92 "58";
59 1 1 25,119 "59";
60 2 1 61,130 "60";
61 1 0 26,105 "61";
62 0 0 66,94 "62";
63 1 0 28,68 "63";
64 1 1 9,143 "64";
65 0 1 33,95 "65";
66 1 1 6,93 "66";
67 1 1 52,137 "67";
68 1 0 87,143 "68";
69 2 0 42,101 "69";
70 0 1 73,128 "70";
71 2 0 11,143 "71";
72 2 1 54,111 "72";
73 0 1 97,107 "73";
74 0 1 9,132 "74";
75 0 0 28,105 "75";
76 0 1 19,107 "76";
77 2 0 74,104 "77";
78 2 0 46,108 "78";
79 1 0 83,100 "79";
80 0 0 74,126 "80";
81 2 1 4,75 "81";
82 2 0 17,123 "82";
83 1 1 28,108 "83";
84 1 1 56,126 "84";
85 1 0 108,133 "85";
86 0 0 9,143 "86";
87 1 0 76,99 "87";
88 0 0 75,81 "88";
89 0 0 0,142 "89";
90 1 1 51,120 "90";
91 2 0 50,76 "91";
92 2 0 15,61 "92";
93 1 0 75,95 "93";
94 1 1 104,139 "94";
95 1 0 56,99 "95";
96 0 0 12,83 "96";
97 1 1 41,85 "97";
98 2 1 30,102 "98";
99 2 0 0,98 "99";
100 1 0 105,136 "100";
101 2 1 5,48 "101";
102 0 1 34,63 "102";
103 1 0 71,90 "103";
104 2 1 112,122 "104";
105 0 1 57,70 "105";
106 2 0 5,35 "106";
107 0 1 57,119 "107";
108 1 1 35,120 "108";
109 1 1 1,29 "109";
110 0 0 25,109 "110";
111 0 0 60,95 "111";
112 1 1 2,28 "112";
113 2 1 65,121 "113";
114 2 1 125,137 "114";
115 1 1 6,113 "115";
116 0 0 70,101 "116";
117 2 1 99,123 "117";
118 0 0 47,108 "118";
119 2 0 28,30 "119";
120 1 1 8,23 "120";
121 1 0 100,103 "121";
122 2 1 5,137 "122";
123 0 1 5,70 "123";
124 2 1 23,42 "124";
125 0 0 6,143 "125";
126 1 1 60,136 "126";
127 0 0 27,98 "127";
128 0 0 79,86 "128";
129 1 0 29,34 "129";
130 0 0 69,106 "130";
131 1 0 14,108 "131";
132 1 1 7,134 "132";
133 0 0 57,91 "133";
134 1 0 76,79 "134";
135 2 0 3,41 "135";
136 0 0 91,116 "136";
137 0 1 28,87 "137";
138 1 1 10,17 "138";
139 0 0 15,125 "139";
140 0 1 109,139 "140";
141 2 1 60,130 "141";
142 2 1 83,118 "142";
143 2 0 14,36 "143";
144 0 1 16,101 "144";
