parity 179;
0 1 0 33,125 "0";
1 0 0 75,154 "1";
2 1 0 15,34 "2";
3 1 0 59,141 "3";
4 2 1 91,137 "4";
5 0 0 19,162 "5";
6 0 0 54,115 "6";
7 2 1 57,67 "7";
8 1 1 21,25 "8";
9 1 0 106,115 "9";
10 2 1 95,149 "10";
11 0 0 28,85 "11";
12 1 1 71,89 "12";
13 1 1 10,77 "13";
14 2 1 8,83 "14";
15 2 0 63,112 "15";
16 0 0 4,89 "16";
17 2 1 57,60 "17";
18 1 0 0,137 "18";
19 1 1 16,100 "19";
20 0 1 108,123 "20";
21 0 1 27,164 "21";
22 2 1 32,52 "22";
23 1 1 132,145 "23";
24 0 0 105,112 "24";
25 1 1 98,165 "25";
26 1 1 170,171 "26";
27 1 0 72,90 "27";
28 0 0 79,110 "28";
29 2 1 89,96 "29";
30 1 1 22,25 "30";
31 0 0 107,171 "31";
32 1 0 17,50 "32";
33 1 0 120,168 "33";
34 0 1 144,155 "34";
35 0 0 26,32 "35";
36 1 1 120,144 "36";
37 2 1 92,162 "37";
38 2 1 42,163 "38";
39 1 1 18,29 "39";
40 1 0 74,165 "40";
41 2 1 130,157 "41";
42 0 1 24,172 "42";
43 1 0 109,115 "43";
44 2 1 24,52 "44";
45 0 1 98,173 "45";
46 0 1 21,148 "46";
47 2 0 71,75 "47";
48 0 1 100,108 "48";
49 1 1 105,156 "49";
50 2 1 65,70 "50";
51 0 1 41,84 "51";
52 2 0 66,125 "52";
53 0 1 92,167 "53";
54 1 0 64,131 "54";
55 1 1 129,159 "55";
56 0 1 87,159 "56";
57 0 1 44,64 "57";
58 2 1 3,59 "58";
59 0 0 70,121 "59";
60 1 0 58,141 "60";
61 1 1 74,149 "61";
62 0 0 91,164 "62";
63 2 0 90,135 "63";
64 0 0 152,170 "64";
65 2 1 23,122 "65";
66 2 0 29,110 "66";
67 0 0 52,81 "67";
68 2 1 107,148 "68";
69 1 0 3,114 "69";
70 0 0 4,94 "70";
71 2 0 152,164 "71";
72 2 1 169,178 "72";
73 2 0 117,171 "73";
74 0 0 0,119 "74";
75 0 0 76,173 "75";
76 0 1 101,126 "76";
77 1 0 65,83 "77";
78 0 0 42,102 "78";
79 1 0 85,88 "79";
80 2 1 95,114 "80";
81 2 1 8,91 "81";
82 1 0 6,175 "82";
83 0 0 7,165 "83";
84 0 0 92,116 "84";
85 1 0 25,86 "85";
86 2 0 9,161 "86";
87 2 0 102,134 "87";
88 1 0 120,178 "88";
89 2 1 49,109 "89";
90 1 1 2,122 "90";
91 2 0 18,72 "91";
92 1 0 59,172 "92";
93 1 0 26,30 "93";
94 0 0 105,174 "94";
95 1 1 20,48 "95";
96 1 0 19,129 "96";
97 2 0 2,165 "97";
98 1 0 13,138 "98";
99 2 1 24,85 "99";
100 0 1 29,44 "100";
101 0 1 89,132 "101";
102 0 1 138,168 "102";
103 2 0 77,157 "103";
104 2 1 30,88 "104";
105 1 0 89,112 "105";
106 2 0 73,151 "106";
107 0 1 57,80 "107";
108 2 1 111,170 "108";
109 1 1 12,174 "109";
110 2 0 155,158 "110";
111 2 1 54,105 "111";
112 1 0 32,164 "112";
113 1 0 117,155 "113";
114 2 0 75,88 "114";
115 2 1 35,82 "115";
116 0 0 10,59 "116";
117 0 0 75,166 "117";
118 1 1 33,68 "118";
119 0 1 27,66 "119";
120 0 0 9,97 "120";
121 0 1 11,47 "121";
122 0 1 34,117 "122";
123 1 1 70,96 "123";
124 0 1 5,109 "124";
125 0 1 36,88 "125";
126 1 0 99,115 "126";
127 1 1 38,57 "127";
128 0 0 91,114 "128";
129 2 1 50,141 "129";
130 0 0 95,175 "130";
131 1 0 96,146 "131";
132 2 0 56,126 "132";
133 0 1 17,73 "133";
134 2 0 62,84 "134";
135 1 1 5,67 "135";
136 1 0 123,132 "136";
137 0 0 112,167 "137";
138 2 0 26,113 "138";
139 2 0 52,91 "139";
140 0 0 54,113 "140";
141 2 0 100,128 "141";
142 0 1 41,94 "142";
143 1 1 31,161 "143";
144 1 1 24,99 "144";
145 1 0 7,96 "145";
146 2 1 107,121 "146";
147 0 0 2,72 "147";
148 0 1 80,101 "148";
149 1 1 65,125 "149";
150 2 0 76,157 "150";
151 2 1 4,42 "151";
152 1 0 29,93 "152";
153 0 1 11,35 "153";
154 1 1 22,82 "154";
155 2 0 71,145 "155";
156 2 0 0,73 "156";
157 2 0 124,170 "157";
158 1 1 16,148 "158";
159 0 1 13,77 "159";
160 2 0 9,45 "160";
161 0 0 69,156 "161";
162 2 1 34,142 "162";
163 2 0 19,94 "163";
164 2 1 3,119 "164";
165 2 0 58,80 "165";
166 2 1 10,37 "166";
167 2 1 149,153 "167";
168 1 1 80,124 "168";
169 0 0 31,54 "169";
170 0 0 131,134 "170";
171 2 1 18,68 "171";
172 2 0 61,106 "172";
173 0 0 115,170 "173";
174 2 0 20,65 "174";
175 2 0 76,157 "175";
176 1 1 134,166 "176";
177 1 0 28,83 "177";
178 0 0 132,175 "178";
179 2 0 71,89 "179";
