parity 149;
0 1 0 66,79 "0";
1 2 0 133,148 "1";
2 1 0 77,82 "2";
3 2 1 48,76 "3";
4 1 1 0,17 "4";
5 2 1 3,45 "5";
6 2 1 20,55 "6";
7 2 0 3,25 "7";
8 0 1 29,104 "8";
9 2 1 70,112 "9";
10 0 1 19,106 "10";
11 2 1 35,62 "11";
12 1 1 38,85 "12";
13 0 1 104,148 "13";
14 0 1 76,110 "14";
15 2 1 5,86 "15";
16 0 1 60,91 "16";
17 2 1 5,109 "17";
18 2 1 87,142 "18";
19 2 0 53,76 "19";
20 0 0 71,130 "20";
21 1 1 24,115 "21";
22 1 0 102,114 "22";
23 2 0 33,98 "23";
24 2 1 8,49 "24";
25 0 1 1,109 "25";
26 2 1 16,38 "26";
27 2 0 12,126 "27";
28 2 0 118,119 "28";
29 0 1 71,93 "29";
30 0 1 12,127 "30";
31 1 1 79,131 "31";
32 0 1 31,61 "32";
33 1 0 66,68 "33";
34 1 1 0,18 "34";
35 1 1 80,92 "35";
36 0 1 45,80 "36";
37 0 0 47,134 "37";
38 2 1 7,148 "38";
39 0 1 35,49 "39";
40 2 0 19,72 "40";
41 2 1 92,117 "41";
42 0 1 96,127 "42";
43 0 1 39,145 "43";
44 2 1 3,16 "44";
45 1 0 65,70 "45";
46 2 1 60,111 "46";
47 2 0 41,147 "47";
48 2 1 32,143 "48";
49 1 0 85,148 "49";
50 2 0 38,60 "50";
51 1 0 39,92 "51";
52 0 0 2,104 "52";
53 2 0 18,130 "53";
54 2 0 101,129 "54";
55 2 1 91,101 "55";
56 2 0 2,76 "56";
57 2 1 55,102 "57";
58 0 0 41,101 "58";
59 2 1 74,138 "59";
60 0 1 1,100 "60";
61 2 1 98,130 "61";
62 1 0 44,114 "62";
63 1 0 57,101 "63";
64 0 1 59,119 "64";
65 2 1 116,145 "65";
66 0 1 52,95 "66";
67 1 0 23,91 "67";
68 1 1 16,22 "68";
69 2 1 2,100 "69";
70 2 0 20,43 "70";
71 2 0 37,46 "71";
72 0 1 56,75 "72";
73 1 1 48,135 "73";
74 0 0 21,31 "74";
75 1 1 32,111 "75";
76 2 1 88,141 "76";
77 2 0 41,126 "77";
78 2 1 80,92 "78";
79 2 0 38,65 "79";
80 1 1 23,127 "80";
81 2 1 22,27 "81";
82 0 1 36,134 "82";
83 2 0 1,79 "83";
84 2 0 75,120 "84";
85 1 0 68,131 "85";
86 2 0 31,39 "86";
87 2 1 7,111 "87";
88 1 0 25,61 "88";
89 0 0 73,111 "89";
90 0 1 34,108 "90";
91 2 1 105,133 "91";
92 2 1 57,64 "92";
93 2 0 43,148 "93";
94 2 1 61,114 "94";
95 0 1 0,52 "95";
96 2 0 85,128 "96";
97 2 0 41,123 "97";
98 0 0 91,126 "98";
99 1 1 101,125 "99";
100 0 1 73,121 "100";
101 0 1 16,38 "101";
102 2 1 41,75 "102";
103 1 0 95,99 "103";
104 1 0 86,105 "104";
105 0 0 13,79 "105";
106 1 0 42,72 "106";
107 2 1 94,137 "107";
108 0 1 46,48 "108";
109 2 0 23,128 "109";
110 0 1 30,125 "110";
111 1 0 3,100 "111";
112 1 0 31,114 "112";
113 2 1 28,131 "113";
114 0 1 79,97 "114";
115 2 1 64,110 "115";
116 2 0 52,89 "116";
117 2 1 22,48 "117";
118 1 0 58,122 "118";
119 0 1 39,130 "119";
120 0 0 54,141 "120";
121 2 1 30,141 "121";
122 2 0 7,106 "122";
123 2 0 74,79 "123";
124 0 1 0,59 "124";
125 1 1 87,102 "125";
126 0 1 7,112 "126";
127 2 1 70,104 "127";
128 1 0 24,129 "128";
129 2 0 119,134 "129";
130 0 1 38,79 "130";
131 2 1 7,134 "131";
132 0 0 20,103 "132";
133 0 0 28,111 "133";
134 0 1 97,103 "134";
135 2 1 41,72 "135";
136 1 1 102,118 "136";
137 1 0 39,141 "137";
138 0 1 32,91 "138";
139 1 0 7,76 "139";
140 0 0 79,82 "140";
141 0 0 31,62 "141";
142 2 0 61,82 "142";
143 0 1 98,142 "143";
144 2 0 135,143 "144";
145 0 0 86,130 "145";
146 2 0 2,110 "146";
147 1 0 82,131 "147";
148 2 1 24,50 "148";
149 0 0 40,137 "149";
