parity 134;
0 2 1 58,69 "0";
1 2 1 44,124 "1";
2 0 0 30,55 "2";
3 1 1 80,101 "3";
4 0 1 13,36 "4";
5 0 0 27,125 "5";
6 1 1 102,112 "6";
7 1 1 40,74 "7";
8 0 1 76,129 "8";
9 2 0 2,28 "9";
10 1 1 64,133 "10";
11 2 1 82,95 "11";
12 1 0 35,128 "12";
13 0 1 71,130 "13";
14 2 0 40,50 "14";
15 0 0 14,40 "15";
16 2 1 54,117 "16";
17 0 1 40,78 "17";
18 2 1 65,75 "18";
19 0 0 40,93 "19";
20 2 0 42,68 "20";
21 2 1 40,43 "21";
22 2 1 93,104 "22";
23 0 0 33,63 "23";
24 2 1 27,61 "24";
25 2 1 106,116 "25";
26 1 0 80,133 "26";
27 0 1 64,123 "27";
28 0 1 36,38 "28";
29 2 0 1,55 "29";
30 0 0 72,119 "30";
31 0 1 41,107 "31";
32 2 0 12,39 "32";
33 1 1 50,61 "33";
34 2 0 38,70 "34";
35 0 0 6,80 "35";
36 1 0 53,88 "36";
37 2 1 32,105 "37";
38 2 1 53,126 "38";
39 0 1 38,113 "39";
40 2 0 66,101 "40";
41 2 0 34,91 "41";
42 1 0 75,128 "42";
43 1 1 45,129 "43";
44 1 1 2,79 "44";
45 2 1 0,53 "45";
46 1 0 78,107 "46";
47 1 1 86,115 "47";
48 1 1 54,73 "48";
49 2 1 46,108 "49";
50 0 1 44,115 "50";
51 0 0 19,118 "51";
52 2 0 33,101 "52";
53 1 0 100,107 "53";
54 0 0 96,99 "54";
55 1 0 12,51 "55";
56 2 1 44,99 "56";
57 2 1 18,127 "57";
58 1 1 25,81 "58";
59 1 1 45,66 "59";
60 0 0 35,36 "60";
61 2 1 79,127 "61";
62 2 1 81,109 "62";
63 0 1 52,92 "63";
64 1 1 125,132 "64";
65 1 0 4,37 "65";
66 2 0 113,125 "66";
67 0 1 4,124 "67";
68 0 0 126,131 "68";
69 2 1 36,40 "69";
70 2 0 55,73 "70";
71 0 0 39,45 "71";
72 1 1 11,117 "72";
73 1 0 9,86 "73";
74 2 0 37,49 "74";
75 0 1 63,102 "75";
76 0 0 108,114 "76";
77 1 0 23,121 "77";
78 1 0 27,52 "78";
79 1 0 28,122 "79";
80 1 1 71,74 "80";
81 1 0 22,134 "81";
82 1 0 45,71 "82";
83 0 1 7,130 "83";
84 0 0 29,76 "84";
85 1 0 32,36 "85";
86 1 0 1,132 "86";
87 1 0 40,108 "87";
88 0 1 121,131 "88";
89 1 0 34,92 "89";
90 1 1 5,132 "90";
91 2 0 106,125 "91";
92 2 1 46,59 "92";
93 2 1 69,86 "93";
94 2 0 52,126 "94";
95 1 1 98,121 "95";
96 0 0 40,74 "96";
97 2 0 6,19 "97";
98 1 0 31,133 "98";
99 0 0 56,92 "99";
100 2 1 88,115 "100";
101 0 0 91,95 "101";
102 0 0 45,90 "102";
103 0 0 26,80 "103";
104 0 0 0,112 "104";
105 0 0 47,111 "105";
106 0 1 76,102 "106";
107 1 1 25,126 "107";
108 2 1 107,130 "108";
109 2 0 13,58 "109";
110 2 0 83,113 "110";
111 0 0 27,123 "111";
112 0 1 37,75 "112";
113 2 0 8,64 "113";
114 2 0 101,116 "114";
115 2 0 4,18 "115";
116 0 0 50,88 "116";
117 2 0 86,90 "117";
118 1 0 47,100 "118";
119 2 0 9,63 "119";
120 1 0 65,127 "120";
121 2 1 69,88 "121";
122 1 1 104,125 "122";
123 2 0 17,106 "123";
124 2 1 4,84 "124";
125 2 0 30,36 "125";
126 2 1 9,105 "126";
127 0 0 6,24 "127";
128 2 0 14,80 "128";
129 1 0 55,99 "129";
130 2 1 92,95 "130";
131 2 1 49,128 "131";
132 2 0 58,85 "132";
133 2 1 4,30 "133";
134 0 1 31,129 "134";
