parity 114;
0 1 1 7,34 "0";
1 0 0 79,95 "1";
2 2 1 71,83 "2";
3 0 0 9,108 "3";
4 1 1 6,13 "4";
5 0 1 71,111 "5";
6 0 0 13,112 "6";
7 1 0 34,105 "7";
8 1 0 18,24 "8";
9 2 0 51,66 "9";
10 2 0 60,87 "10";
11 1 1 37,100 "11";
12 2 0 32,92 "12";
13 1 1 92,112 "13";
14 2 0 26,28 "14";
15 2 1 12,77 "15";
16 0 0 80,83 "16";
17 0 1 30,94 "17";
18 0 0 17,28 "18";
19 1 0 0,71 "19";
20 2 1 70,74 "20";
21 0 0 5,69 "21";
22 0 0 49,62 "22";
23 0 1 53,71 "23";
24 2 1 23,61 "24";
25 2 1 76,92 "25";
26 2 0 28,97 "26";
27 1 0 48,88 "27";
28 2 1 21,79 "28";
29 2 0 70,104 "29";
30 2 1 60,66 "30";
31 1 0 35,93 "31";
32 0 0 46,71 "32";
33 1 1 16,109 "33";
34 1 0 66,92 "34";
35 0 1 12,78 "35";
36 2 1 38,70 "36";
37 1 1 5,87 "37";
38 0 1 12,40 "38";
39 1 1 73,91 "39";
40 2 1 17,95 "40";
41 1 1 18,21 "41";
42 1 0 79,104 "42";
43 0 0 17,35 "43";
44 1 0 6,24 "44";
45 1 1 50,53 "45";
46 2 1 98,103 "46";
47 2 1 54,100 "47";
48 0 0 11,85 "48";
49 0 1 15,70 "49";
50 1 1 43,114 "50";
51 0 1 65,70 "51";
52 0 1 2,26 "52";
53 0 1 56,85 "53";
54 2 1 24,67 "54";
55 1 1 21,100 "55";
56 2 0 25,90 "56";
57 2 1 5,53 "57";
58 0 1 26,80 "58";
59 0 1 21,91 "59";
60 1 0 8,17 "60";
61 0 1 98,102 "61";
62 0 1 86,103 "62";
63 0 1 3,98 "63";
64 0 1 11,111 "64";
65 2 1 0,6 "65";
66 0 1 25,55 "66";
67 0 0 72,102 "67";
68 2 0 35,41 "68";
69 0 1 57,63 "69";
70 0 1 27,29 "70";
71 2 1 21,29 "71";
72 1 0 22,35 "72";
73 2 1 10,74 "73";
74 1 0 34,94 "74";
75 1 0 51,59 "75";
76 1 0 23,94 "76";
77 1 1 45,54 "77";
78 2 0 20,95 "78";
79 2 0 46,109 "79";
80 2 0 32,92 "80";
81 2 1 57,76 "81";
82 1 1 0,64 "82";
83 1 1 79,108 "83";
84 0 1 78,90 "84";
85 2 1 28,108 "85";
86 2 1 35,43 "86";
87 1 0 80,90 "87";
88 2 1 3,7 "88";
89 2 0 86,87 "89";
90 2 1 11,33 "90";
91 1 0 19,26 "91";
92 2 1 4,47 "92";
93 0 0 20,85 "93";
94 1 0 28,82 "94";
95 1 0 55,62 "95";
96 2 0 38,57 "96";
97 1 1 50,105 "97";
98 0 1 13,42 "98";
99 1 0 11,20 "99";
100 1 0 92,112 "100";
101 2 0 62,85 "101";
102 0 1 29,60 "102";
103 2 0 47,105 "103";
104 1 0 12,71 "104";
105 2 0 57,93 "105";
106 2 0 40,98 "106";
107 0 0 27,104 "107";
108 0 0 75,86 "108";
109 2 1 56,104 "109";
110 1 0 49,86 "110";
111 2 0 54,90 "111";
112 1 0 46,69 "112";
113 1 0 49,78 "113";
114 2 1 75,103 "114";
