parity 99;
0 2 0 2,42 "0";
1 0 1 48,79 "1";
2 0 0 51,81 "2";
3 2 0 61,78 "3";
4 2 1 20,65 "4";
5 2 0 56,91 "5";
6 0 1 21,29 "6";
7 0 0 64,68 "7";
8 2 1 50,73 "8";
9 1 0 30,50 "9";
10 0 1 25,95 "10";
11 2 1 73,92 "11";
12 0 1 6,42 "12";
13 0 0 23,86 "13";
14 0 1 2,29 "14";
15 2 1 25,72 "15";
16 1 1 55,81 "16";
17 2 1 77,94 "17";
18 0 0 7,9 "18";
19 0 1 25,37 "19";
20 0 1 14,30 "20";
21 1 1 19,96 "21";
22 0 0 47,75 "22";
23 2 1 61,87 "23";
24 2 0 4,8 "24";
25 0 0 30,86 "25";
26 0 1 43,86 "26";
27 2 0 54,87 "27";
28 2 1 46,92 "28";
29 1 0 72,75 "29";
30 1 0 17,52 "30";
31 2 0 14,58 "31";
32 0 1 40,73 "32";
33 2 1 11,29 "33";
34 0 0 30,87 "34";
35 1 1 59,69 "35";
36 0 1 1,81 "36";
37 2 1 20,97 "37";
38 0 1 26,34 "38";
39 2 0 74,76 "39";
40 2 0 0,60 "40";
41 2 0 63,83 "41";
42 2 1 92,96 "42";
43 0 1 36,63 "43";
44 0 1 11,46 "44";
45 0 1 5,7 "45";
46 1 1 37,60 "46";
47 2 1 40,94 "47";
48 2 0 92,94 "48";
49 1 1 88,96 "49";
50 2 0 8,86 "50";
51 1 0 64,81 "51";
52 0 0 78,82 "52";
53 1 1 36,87 "53";
54 0 1 1,8 "54";
55 1 0 18,61 "55";
56 0 1 8,92 "56";
57 1 0 17,34 "57";
58 1 0 22,67 "58";
59 0 1 30,90 "59";
60 2 0 67,88 "60";
61 0 0 15,46 "61";
62 2 0 49,67 "62";
63 0 1 12,59 "63";
64 2 1 15,53 "64";
65 2 1 50,75 "65";
66 2 0 6,32 "66";
67 1 0 7,78 "67";
68 2 1 60,70 "68";
69 0 0 42,82 "69";
70 2 1 23,86 "70";
71 0 1 82,96 "71";
72 0 0 54,76 "72";
73 1 1 27,46 "73";
74 2 1 58,93 "74";
75 2 1 30,73 "75";
76 0 0 37,71 "76";
77 0 0 59,89 "77";
78 1 0 4,83 "78";
79 1 0 42,85 "79";
80 1 0 73,99 "80";
81 1 1 53,93 "81";
82 1 0 44,71 "82";
83 2 1 15,77 "83";
84 1 0 31,94 "84";
85 1 0 2,82 "85";
86 0 0 49,72 "86";
87 1 1 30,94 "87";
88 2 0 37,70 "88";
89 2 1 59,86 "89";
90 2 1 70,78 "90";
91 0 0 28,35 "91";
92 1 0 74,81 "92";
93 2 0 38,39 "93";
94 1 0 58,63 "94";
95 1 1 18,53 "95";
96 0 1 50,69 "96";
97 2 0 28,78 "97";
98 0 1 0,7 "98";
99 0 0 45,54 "99";
