parity 139;
0 0 0 9,97 "0";
1 1 1 38,60 "1";
2 1 1 10,29 "2";
3 2 1 14,72 "3";
4 1 0 18,47 "4";
5 1 1 29,90 "5";
6 2 0 42,45 "6";
7 1 1 30,138 "7";
8 1 0 36,38 "8";
9 0 0 126,134 "9";
10 2 1 75,126 "10";
11 2 0 66,76 "11";
12 0 0 85,100 "12";
13 1 0 28,56 "13";
14 1 0 28,108 "14";
15 2 0 32,34 "15";
16 0 1 83,124 "16";
17 2 1 119,139 "17";
18 1 1 114,134 "18";
19 0 1 90,111 "19";
20 0 0 42,79 "20";
21 0 1 17,112 "21";
22 0 0 30,133 "22";
23 1 1 79,102 "23";
24 0 1 21,33 "24";
25 2 1 56,79 "25";
26 0 1 116,131 "26";
27 2 0 104,116 "27";
28 1 0 78,132 "28";
29 0 1 96,138 "29";
30 0 0 22,35 "30";
31 2 1 73,98 "31";
32 0 0 14,60 "32";
33 0 0 14,93 "33";
34 0 1 38,100 "34";
35 1 0 40,43 "35";
36 1 1 131,136 "36";
37 0 1 55,65 "37";
38 1 0 24,56 "38";
39 2 0 57,85 "39";
40 0 0 46,77 "40";
41 2 1 84,108 "41";
42 2 1 92,114 "42";
43 0 1 11,90 "43";
44 2 0 38,115 "44";
45 1 0 94,133 "45";
46 0 1 67,86 "46";
47 1 0 55,100 "47";
48 0 1 36,87 "48";
49 0 0 35,67 "49";
50 0 0 59,94 "50";
51 1 1 69,123 "51";
52 1 1 31,110 "52";
53 1 1 48,129 "53";
54 0 1 35,139 "54";
55 1 1 94,124 "55";
56 1 0 52,69 "56";
57 2 1 4,69 "57";
58 2 1 74,90 "58";
59 2 1 25,130 "59";
60 1 1 85,91 "60";
61 0 1 63,138 "61";
62 2 0 100,122 "62";
63 1 0 35,131 "63";
64 0 1 119,123 "64";
65 0 0 29,46 "65";
66 1 1 44,128 "66";
67 0 0 86,104 "67";
68 1 1 28,38 "68";
69 0 0 33,81 "69";
70 1 0 25,59 "70";
71 0 0 86,115 "71";
72 0 1 70,81 "72";
73 1 1 64,106 "73";
74 1 0 93,130 "74";
75 1 0 16,82 "75";
76 0 1 124,138 "76";
77 1 0 11,67 "77";
78 0 0 46,59 "78";
79 1 1 109,114 "79";
80 1 0 67,91 "80";
81 1 0 94,107 "81";
82 0 1 29,133 "82";
83 1 0 38,138 "83";
84 2 1 24,69 "84";
85 0 0 62,110 "85";
86 1 1 92,105 "86";
87 1 0 23,100 "87";
88 1 1 16,41 "88";
89 1 0 74,85 "89";
90 1 1 42,86 "90";
91 2 0 59,77 "91";
92 2 1 58,124 "92";
93 0 1 16,95 "93";
94 2 0 34,113 "94";
95 0 1 50,120 "95";
96 1 0 29,48 "96";
97 2 0 23,42 "97";
98 2 0 82,88 "98";
99 0 1 15,45 "99";
100 0 0 57,85 "100";
101 1 1 39,114 "101";
102 2 1 107,112 "102";
103 1 0 80,102 "103";
104 0 1 9,125 "104";
105 0 1 51,79 "105";
106 1 0 14,65 "106";
107 2 0 54,89 "107";
108 1 0 33,83 "108";
109 2 1 1,45 "109";
110 0 0 24,124 "110";
111 1 0 85,130 "111";
112 0 1 1,128 "112";
113 1 1 42,44 "113";
114 1 1 6,46 "114";
115 1 1 5,126 "115";
116 1 1 62,126 "116";
117 2 0 31,63 "117";
118 2 0 18,90 "118";
119 2 0 34,77 "119";
120 1 0 70,109 "120";
121 1 0 15,50 "121";
122 1 0 57,115 "122";
123 1 0 44,71 "123";
124 2 0 80,99 "124";
125 0 1 36,100 "125";
126 2 1 7,115 "126";
127 2 0 12,98 "127";
128 2 0 23,109 "128";
129 2 0 15,70 "129";
130 1 0 39,57 "130";
131 0 1 85,107 "131";
132 0 0 76,129 "132";
133 2 1 8,132 "133";
134 2 0 89,94 "134";
135 1 1 11,91 "135";
136 1 1 0,99 "136";
137 2 1 61,68 "137";
138 0 0 31,108 "138";
139 1 0 27,102 "139";
