parity 169;
0 0 1 10,113 "0";
1 2 1 14,132 "1";
2 1 0 81,82 "2";
3 0 0 4,56 "3";
4 1 1 14,100 "4";
5 0 1 72,146 "5";
6 1 1 15,134 "6";
7 2 1 96,128 "7";
8 0 1 1,38 "8";
9 2 1 63,102 "9";
10 2 0 76,137 "10";
11 2 1 15,17 "11";
12 1 1 82,149 "12";
13 0 1 98,144 "13";
14 0 0 56,83 "14";
15 2 1 31,54 "15";
16 0 0 40,113 "16";
17 2 1 30,135 "17";
18 1 0 10,101 "18";
19 1 1 70,157 "19";
20 0 0 46,145 "20";
21 2 0 35,129 "21";
22 1 0 147,159 "22";
23 1 0 47,141 "23";
24 2 1 9,121 "24";
25 0 1 48,148 "25";
26 0 0 11,66 "26";
27 0 1 37,147 "27";
28 1 0 112,137 "28";
29 2 0 84,151 "29";
30 0 0 0,21 "30";
31 1 0 22,109 "31";
32 1 1 121,129 "32";
33 1 1 24,26 "33";
34 2 1 50,119 "34";
35 2 0 93,162 "35";
36 2 1 101,148 "36";
37 2 0 40,56 "37";
38 1 0 33,49 "38";
39 1 1 34,137 "39";
40 2 1 59,136 "40";
41 0 0 12,62 "41";
42 1 0 8,60 "42";
43 0 1 103,152 "43";
44 1 0 8,37 "44";
45 2 0 68,153 "45";
46 1 0 25,88 "46";
47 2 1 143,158 "47";
48 2 0 63,119 "48";
49 1 0 15,68 "49";
50 0 1 3,146 "50";
51 2 0 33,161 "51";
52 2 0 37,78 "52";
53 1 0 46,87 "53";
54 0 1 51,120 "54";
55 1 1 10,167 "55";
56 1 1 64,135 "56";
57 2 1 22,79 "57";
58 2 0 117,156 "58";
59 0 0 51,149 "59";
60 1 1 70,157 "60";
61 2 1 21,106 "61";
62 2 1 103,137 "62";
63 1 1 59,96 "63";
64 0 0 75,100 "64";
65 0 0 0,39 "65";
66 0 0 30,167 "66";
67 1 1 85,119 "67";
68 1 1 17,150 "68";
69 2 1 81,139 "69";
70 2 0 17,159 "70";
71 2 1 5,152 "71";
72 0 0 100,136 "72";
73 0 1 51,70 "73";
74 1 1 12,72 "74";
75 1 0 67,156 "75";
76 2 1 102,161 "76";
77 1 1 84,129 "77";
78 0 1 120,169 "78";
79 2 0 136,155 "79";
80 0 1 50,89 "80";
81 2 1 22,80 "81";
82 1 0 107,110 "82";
83 2 1 29,168 "83";
84 0 0 23,156 "84";
85 1 0 33,149 "85";
86 1 1 105,119 "86";
87 1 0 13,94 "87";
88 1 1 19,129 "88";
89 1 0 1,119 "89";
90 1 0 8,141 "90";
91 1 0 56,84 "91";
92 1 0 15,54 "92";
93 1 1 2,31 "93";
94 2 0 48,91 "94";
95 1 1 153,157 "95";
96 1 0 119,157 "96";
97 1 1 69,138 "97";
98 2 1 2,137 "98";
99 2 1 41,131 "99";
100 0 0 101,145 "100";
101 1 1 15,97 "101";
102 0 0 148,149 "102";
103 0 0 24,85 "103";
104 0 1 86,167 "104";
105 2 1 25,99 "105";
106 2 0 23,59 "106";
107 2 0 69,112 "107";
108 1 0 95,117 "108";
109 1 1 26,148 "109";
110 2 0 43,153 "110";
111 1 1 9,136 "111";
112 1 0 34,156 "112";
113 2 1 48,90 "113";
114 1 1 11,95 "114";
115 1 1 79,95 "115";
116 0 0 68,98 "116";
117 1 1 54,159 "117";
118 2 0 1,104 "118";
119 1 1 99,109 "119";
120 0 0 56,69 "120";
121 0 1 13,98 "121";
122 2 1 42,143 "122";
123 1 1 40,70 "123";
124 1 0 57,91 "124";
125 1 0 55,167 "125";
126 1 1 83,89 "126";
127 2 1 53,167 "127";
128 2 1 9,67 "128";
129 2 0 8,109 "129";
130 1 1 157,165 "130";
131 2 1 53,165 "131";
132 2 0 8,102 "132";
133 2 0 42,96 "133";
134 1 1 19,155 "134";
135 0 0 92,99 "135";
136 0 0 20,51 "136";
137 1 0 14,117 "137";
138 0 0 5,6 "138";
139 2 0 108,141 "139";
140 1 1 14,128 "140";
141 1 1 7,17 "141";
142 0 1 73,156 "142";
143 0 0 124,155 "143";
144 0 1 36,90 "144";
145 2 1 71,125 "145";
146 2 1 48,85 "146";
147 0 0 52,58 "147";
148 0 1 0,75 "148";
149 0 1 34,66 "149";
150 1 0 83,134 "150";
151 0 1 89,135 "151";
152 1 1 96,101 "152";
153 2 0 61,168 "153";
154 1 0 59,167 "154";
155 0 0 70,164 "155";
156 1 0 143,146 "156";
157 2 1 41,138 "157";
158 1 0 77,154 "158";
159 1 0 102,140 "159";
160 2 0 47,168 "160";
161 2 0 63,164 "161";
162 2 0 85,112 "162";
163 0 0 51,78 "163";
164 0 1 56,139 "164";
165 1 0 134,147 "165";
166 2 0 117,158 "166";
167 2 1 50,138 "167";
168 1 0 44,159 "168";
169 2 1 51,141 "169";
