parity 164;
0 2 1 20,86 "0";
1 0 0 111,157 "1";
2 0 0 5,79 "2";
3 2 1 56,101 "3";
4 2 1 67,150 "4";
5 1 0 61,138 "5";
6 0 1 23,160 "6";
7 2 1 93,153 "7";
8 1 1 56,60 "8";
9 2 0 10,33 "9";
10 1 1 4,152 "10";
11 2 0 120,157 "11";
12 0 0 108,109 "12";
13 0 0 68,98 "13";
14 0 1 5,156 "14";
15 1 0 115,156 "15";
16 1 1 31,66 "16";
17 1 0 115,154 "17";
18 0 1 96,146 "18";
19 0 1 101,146 "19";
20 1 0 11,15 "20";
21 2 1 79,103 "21";
22 1 1 3,162 "22";
23 2 1 53,98 "23";
24 1 0 53,86 "24";
25 2 0 111,153 "25";
26 1 1 44,142 "26";
27 2 0 29,144 "27";
28 0 1 29,119 "28";
29 1 0 46,124 "29";
30 2 0 94,161 "30";
31 1 0 141,157 "31";
32 0 0 120,134 "32";
33 0 0 25,60 "33";
34 1 1 125,158 "34";
35 2 1 8,74 "35";
36 2 1 41,69 "36";
37 2 1 50,134 "37";
38 0 0 4,88 "38";
39 2 0 67,152 "39";
40 1 0 75,92 "40";
41 0 0 78,144 "41";
42 0 1 19,92 "42";
43 1 1 5,59 "43";
44 2 1 4,144 "44";
45 0 1 2,11 "45";
46 0 0 122,148 "46";
47 1 1 90,119 "47";
48 2 1 60,100 "48";
49 1 1 111,120 "49";
50 2 0 53,106 "50";
51 2 0 101,163 "51";
52 0 0 63,102 "52";
53 2 1 49,110 "53";
54 2 0 55,105 "54";
55 1 0 21,116 "55";
56 0 1 29,48 "56";
57 2 1 110,121 "57";
58 2 1 1,17 "58";
59 2 1 84,94 "59";
60 0 0 148,158 "60";
61 2 1 89,102 "61";
62 1 0 68,124 "62";
63 1 0 46,77 "63";
64 0 1 14,86 "64";
65 0 1 7,115 "65";
66 2 0 17,84 "66";
67 0 1 42,94 "67";
68 1 0 23,28 "68";
69 1 0 66,95 "69";
70 1 0 48,99 "70";
71 2 1 73,163 "71";
72 2 0 42,119 "72";
73 1 0 77,141 "73";
74 2 0 73,75 "74";
75 1 0 14,98 "75";
76 2 1 55,62 "76";
77 0 1 55,115 "77";
78 2 0 66,136 "78";
79 1 0 33,75 "79";
80 1 0 79,116 "80";
81 2 0 30,114 "81";
82 0 1 101,135 "82";
83 0 1 36,68 "83";
84 0 1 42,156 "84";
85 1 0 22,82 "85";
86 0 1 42,95 "86";
87 2 1 85,144 "87";
88 1 1 151,157 "88";
89 1 1 86,147 "89";
90 0 0 65,106 "90";
91 2 0 112,121 "91";
92 0 1 47,72 "92";
93 1 0 21,31 "93";
94 2 1 54,110 "94";
95 2 0 129,140 "95";
96 1 1 22,100 "96";
97 1 1 49,107 "97";
98 1 1 25,86 "98";
99 0 0 17,153 "99";
100 1 1 58,66 "100";
101 0 1 15,161 "101";
102 0 1 46,154 "102";
103 2 1 59,154 "103";
104 2 1 84,117 "104";
105 1 0 46,136 "105";
106 0 0 96,163 "106";
107 1 0 147,158 "107";
108 2 0 3,39 "108";
109 1 0 78,85 "109";
110 2 0 47,150 "110";
111 0 1 31,37 "111";
112 0 0 86,161 "112";
113 1 1 29,60 "113";
114 0 1 79,132 "114";
115 0 1 5,51 "115";
116 1 1 31,128 "116";
117 2 1 5,30 "117";
118 1 1 153,156 "118";
119 2 0 72,137 "119";
120 2 1 135,140 "120";
121 0 1 21,98 "121";
122 1 0 103,139 "122";
123 2 1 65,92 "123";
124 1 1 10,160 "124";
125 2 0 102,126 "125";
126 0 1 46,115 "126";
127 0 1 52,68 "127";
128 0 1 133,134 "128";
129 1 0 12,30 "129";
130 1 1 56,83 "130";
131 0 0 99,160 "131";
132 1 0 110,145 "132";
133 2 0 34,42 "133";
134 1 0 60,162 "134";
135 2 0 7,110 "135";
136 2 1 60,134 "136";
137 0 0 72,85 "137";
138 0 1 19,139 "138";
139 2 0 59,143 "139";
140 0 1 16,27 "140";
141 0 1 3,30 "141";
142 1 1 84,135 "142";
143 1 1 52,127 "143";
144 0 1 35,121 "144";
145 0 0 94,139 "145";
146 2 0 131,163 "146";
147 1 0 53,164 "147";
148 0 0 5,57 "148";
149 2 1 100,154 "149";
150 2 0 97,99 "150";
151 2 1 1,152 "151";
152 0 1 68,135 "152";
153 1 0 141,164 "153";
154 2 0 47,109 "154";
155 2 0 24,164 "155";
156 0 1 28,119 "156";
157 1 1 69,149 "157";
158 2 1 42,123 "158";
159 0 1 121,150 "159";
160 1 0 16,123 "160";
161 2 0 13,73 "161";
162 0 0 68,95 "162";
163 0 1 40,62 "163";
164 2 1 110,122 "164";
