parity 164;
0 2 0 8,151 "0";
1 0 0 11,130 "1";
2 0 0 9,74 "2";
3 0 0 24,126 "3";
4 2 0 69,156 "4";
5 2 1 32,42 "5";
6 1 1 86,159 "6";
7 2 0 21,66 "7";
8 0 0 25,144 "8";
9 1 0 71,136 "9";
10 2 1 93,113 "10";
11 1 0 27,157 "11";
12 1 1 62,97 "12";
13 1 0 68,78 "13";
14 0 0 79,80 "14";
15 2 0 40,82 "15";
16 0 0 84,134 "16";
17 1 1 14,22 "17";
18 2 0 76,127 "18";
19 1 0 56,102 "19";
20 1 1 71,150 "20";
21 2 1 3,63 "21";
22 0 0 51,154 "22";
23 1 1 110,143 "23";
24 2 1 0,144 "24";
25 1 1 134,162 "25";
26 0 1 110,146 "26";
27 0 0 5,31 "27";
28 1 0 36,149 "28";
29 0 0 79,81 "29";
30 0 0 52,102 "30";
31 1 0 113,122 "31";
32 2 0 49,124 "32";
33 1 1 79,81 "33";
34 2 1 66,146 "34";
35 0 0 59,90 "35";
36 2 0 21,50 "36";
37 1 0 3,34 "37";
38 0 1 28,49 "38";
39 0 1 63,115 "39";
40 1 0 75,145 "40";
41 1 0 0,163 "41";
42 0 0 5,117 "42";
43 2 1 46,127 "43";
44 1 1 62,103 "44";
45 1 1 70,106 "45";
46 1 1 75,109 "46";
47 2 0 111,159 "47";
48 2 0 76,125 "48";
49 0 1 74,83 "49";
50 0 1 45,125 "50";
51 1 1 48,86 "51";
52 2 0 7,50 "52";
53 1 0 6,92 "53";
54 0 1 12,99 "54";
55 0 0 108,159 "55";
56 1 1 86,116 "56";
57 0 0 66,132 "57";
58 1 0 1,93 "58";
59 0 0 32,131 "59";
60 2 0 20,147 "60";
61 0 1 68,90 "61";
62 1 1 6,23 "62";
63 0 0 115,119 "63";
64 0 0 18,152 "64";
65 1 0 19,42 "65";
66 1 0 14,86 "66";
67 0 1 14,143 "67";
68 2 1 153,157 "68";
69 0 0 94,115 "69";
70 2 0 92,131 "70";
71 2 0 137,163 "71";
72 2 0 29,128 "72";
73 2 1 116,124 "73";
74 0 1 51,83 "74";
75 0 0 107,147 "75";
76 0 0 74,125 "76";
77 1 0 22,152 "77";
78 1 1 31,44 "78";
79 1 0 80,101 "79";
80 0 0 145,156 "80";
81 1 0 58,74 "81";
82 1 0 72,156 "82";
83 2 1 121,150 "83";
84 2 1 112,130 "84";
85 0 0 17,42 "85";
86 0 0 57,73 "86";
87 0 0 18,150 "87";
88 0 0 91,143 "88";
89 0 1 0,136 "89";
90 0 1 2,23 "90";
91 0 0 43,162 "91";
92 2 1 64,107 "92";
93 0 1 57,141 "93";
94 2 1 50,55 "94";
95 0 0 100,113 "95";
96 1 0 14,92 "96";
97 0 0 116,118 "97";
98 0 1 74,83 "98";
99 1 0 92,164 "99";
100 2 1 54,122 "100";
101 2 0 114,124 "101";
102 0 0 85,89 "102";
103 1 1 33,35 "103";
104 2 1 132,162 "104";
105 0 0 49,134 "105";
106 1 0 31,39 "106";
107 0 0 64,113 "107";
108 1 0 12,99 "108";
109 1 1 4,92 "109";
110 0 0 41,65 "110";
111 2 1 32,163 "111";
112 2 1 127,128 "112";
113 1 0 153,164 "113";
114 0 0 18,107 "114";
115 0 0 12,137 "115";
116 1 1 65,140 "116";
117 0 0 63,123 "117";
118 0 1 18,75 "118";
119 2 0 150,157 "119";
120 2 0 84,141 "120";
121 1 1 51,97 "121";
122 0 1 53,138 "122";
123 2 1 31,85 "123";
124 2 1 7,111 "124";
125 2 1 98,147 "125";
126 2 0 17,87 "126";
127 2 0 133,138 "127";
128 1 0 45,92 "128";
129 2 1 4,106 "129";
130 0 0 71,139 "130";
131 2 1 59,67 "131";
132 0 1 42,69 "132";
133 2 1 80,91 "133";
134 2 1 38,130 "134";
135 2 0 150,157 "135";
136 1 0 3,48 "136";
137 2 1 46,147 "137";
138 2 0 0,16 "138";
139 1 1 18,66 "139";
140 2 0 118,134 "140";
141 1 0 38,149 "141";
142 2 1 44,85 "142";
143 0 0 89,133 "143";
144 0 1 80,163 "144";
145 2 0 6,57 "145";
146 2 0 35,120 "146";
147 2 1 6,158 "147";
148 0 1 41,93 "148";
149 1 0 99,148 "149";
150 0 1 133,156 "150";
151 0 0 0,12 "151";
152 1 1 48,74 "152";
153 1 0 36,38 "153";
154 2 1 97,158 "154";
155 1 0 67,156 "155";
156 0 0 110,115 "156";
157 0 0 94,121 "157";
158 1 0 32,55 "158";
159 2 0 52,140 "159";
160 1 0 45,57 "160";
161 1 1 58,162 "161";
162 1 0 96,111 "162";
163 2 0 5,70 "163";
164 2 0 44,132 "164";
