parity 159;
0 2 0 75,100 "0";
1 0 0 111,124 "1";
2 0 0 66,82 "2";
3 2 0 103,109 "3";
4 0 0 21,49 "4";
5 0 0 20,91 "5";
6 2 1 119,131 "6";
7 2 0 18,139 "7";
8 0 0 82,152 "8";
9 0 0 53,108 "9";
10 1 0 5,9 "10";
11 1 1 94,139 "11";
12 0 1 83,125 "12";
13 2 1 81,99 "13";
14 0 1 56,96 "14";
15 0 0 45,101 "15";
16 1 0 95,114 "16";
17 0 0 10,58 "17";
18 1 0 66,104 "18";
19 2 1 92,111 "19";
20 0 0 110,151 "20";
21 1 1 53,144 "21";
22 0 1 106,155 "22";
23 2 1 41,139 "23";
24 2 1 73,112 "24";
25 1 0 1,135 "25";
26 1 1 39,150 "26";
27 0 0 79,122 "27";
28 2 1 3,24 "28";
29 2 0 30,140 "29";
30 2 1 23,150 "30";
31 0 1 48,112 "31";
32 1 1 149,156 "32";
33 2 1 5,65 "33";
34 0 0 11,130 "34";
35 2 0 1,40 "35";
36 0 1 25,125 "36";
37 0 1 8,87 "37";
38 2 0 22,88 "38";
39 2 0 27,116 "39";
40 2 1 144,159 "40";
41 0 1 85,132 "41";
42 2 0 122,137 "42";
43 1 0 4,158 "43";
44 2 1 98,111 "44";
45 0 0 76,146 "45";
46 2 1 94,131 "46";
47 2 1 149,157 "47";
48 2 0 131,156 "48";
49 2 0 58,134 "49";
50 1 1 66,131 "50";
51 0 1 22,81 "51";
52 0 0 13,112 "52";
53 2 1 13,75 "53";
54 2 0 77,108 "54";
55 2 1 131,156 "55";
56 1 1 116,123 "56";
57 1 1 36,51 "57";
58 0 0 55,90 "58";
59 2 1 116,139 "59";
60 1 0 81,120 "60";
61 2 1 140,145 "61";
62 1 0 83,93 "62";
63 2 0 49,93 "63";
64 1 0 110,113 "64";
65 0 1 55,137 "65";
66 2 1 19,116 "66";
67 0 0 16,45 "67";
68 1 0 42,82 "68";
69 1 1 81,96 "69";
70 0 0 58,69 "70";
71 1 1 11,58 "71";
72 1 1 22,112 "72";
73 0 0 55,128 "73";
74 2 0 24,40 "74";
75 2 0 24,32 "75";
76 0 1 107,115 "76";
77 0 0 73,110 "77";
78 2 0 7,15 "78";
79 2 1 140,156 "79";
80 2 0 39,120 "80";
81 0 1 39,94 "81";
82 2 0 5,55 "82";
83 1 0 8,116 "83";
84 1 0 62,146 "84";
85 2 0 20,146 "85";
86 0 0 18,140 "86";
87 0 1 19,102 "87";
88 2 1 128,148 "88";
89 2 0 26,130 "89";
90 0 1 93,142 "90";
91 2 0 48,53 "91";
92 1 1 6,73 "92";
93 0 0 13,132 "93";
94 1 1 55,104 "94";
95 0 0 29,37 "95";
96 1 0 60,115 "96";
97 1 0 53,67 "97";
98 1 1 89,108 "98";
99 0 1 27,89 "99";
100 0 0 25,146 "100";
101 0 1 118,151 "101";
102 2 0 7,159 "102";
103 2 1 112,127 "103";
104 0 0 9,21 "104";
105 1 1 77,131 "105";
106 1 1 32,130 "106";
107 2 1 51,71 "107";
108 2 1 65,117 "108";
109 1 0 7,119 "109";
110 2 0 85,109 "110";
111 0 1 50,136 "111";
112 0 1 78,151 "112";
113 2 1 17,26 "113";
114 0 0 30,109 "114";
115 0 1 74,137 "115";
116 0 1 56,99 "116";
117 2 1 0,105 "117";
118 0 0 24,78 "118";
119 0 0 30,89 "119";
120 0 0 48,64 "120";
121 0 0 84,86 "121";
122 1 1 149,151 "122";
123 1 1 71,98 "123";
124 1 0 1,50 "124";
125 1 0 92,119 "125";
126 0 0 63,123 "126";
127 2 0 88,94 "127";
128 1 1 13,44 "128";
129 2 1 43,150 "129";
130 2 1 21,32 "130";
131 0 0 5,157 "131";
132 1 0 96,104 "132";
133 1 1 31,96 "133";
134 2 0 9,111 "134";
135 1 0 8,93 "135";
136 2 1 50,88 "136";
137 2 1 127,133 "137";
138 1 0 64,141 "138";
139 0 0 75,140 "139";
140 2 1 9,106 "140";
141 2 1 75,147 "141";
142 2 1 59,155 "142";
143 0 1 34,71 "143";
144 1 0 43,65 "144";
145 1 0 27,103 "145";
146 2 1 26,50 "146";
147 0 0 67,111 "147";
148 1 0 81,135 "148";
149 2 0 15,63 "149";
150 2 1 44,152 "150";
151 0 0 28,50 "151";
152 0 0 13,24 "152";
153 0 1 10,63 "153";
154 1 1 23,100 "154";
155 1 1 75,106 "155";
156 2 0 19,136 "156";
157 1 0 77,136 "157";
158 0 1 133,152 "158";
159 0 0 38,132 "159";
