parity 144;
0 0 0 23,85 "0";
1 0 0 0,107 "1";
2 1 1 66,96 "2";
3 1 0 47,131 "3";
4 0 0 107,109 "4";
5 0 0 28,29 "5";
6 1 0 110,117 "6";
7 1 0 15,51 "7";
8 0 0 3,17 "8";
9 0 1 7,15 "9";
10 2 0 130,144 "10";
11 2 1 28,112 "11";
12 1 0 62,99 "12";
13 0 1 68,95 "13";
14 0 0 123,134 "14";
15 2 1 115,119 "15";
16 0 1 27,94 "16";
17 0 1 71,132 "17";
18 2 1 111,119 "18";
19 1 0 41,98 "19";
20 1 0 93,125 "20";
21 0 1 92,117 "21";
22 1 0 9,49 "22";
23 1 0 12,144 "23";
24 1 1 30,57 "24";
25 0 0 17,68 "25";
26 0 1 52,115 "26";
27 2 0 80,131 "27";
28 2 1 97,141 "28";
29 2 1 98,130 "29";
30 0 1 8,79 "30";
31 0 0 35,131 "31";
32 2 0 50,84 "32";
33 1 1 84,116 "33";
34 2 0 109,144 "34";
35 0 1 14,120 "35";
36 0 0 83,102 "36";
37 0 1 25,72 "37";
38 2 0 35,70 "38";
39 1 1 42,69 "39";
40 1 1 85,125 "40";
41 2 0 107,128 "41";
42 0 1 13,136 "42";
43 2 0 120,142 "43";
44 0 0 6,32 "44";
45 2 1 6,15 "45";
46 1 1 34,127 "46";
47 2 0 45,102 "47";
48 1 0 26,121 "48";
49 1 0 54,98 "49";
50 1 0 38,88 "50";
51 1 0 38,100 "51";
52 0 0 17,23 "52";
53 1 0 52,81 "53";
54 1 0 30,85 "54";
55 0 0 48,104 "55";
56 2 1 19,45 "56";
57 0 0 20,71 "57";
58 0 0 20,69 "58";
59 2 0 58,80 "59";
60 1 0 54,85 "60";
61 0 0 28,136 "61";
62 1 1 13,119 "62";
63 2 0 26,76 "63";
64 2 0 61,101 "64";
65 1 1 42,143 "65";
66 1 0 1,63 "66";
67 1 1 60,137 "67";
68 0 1 21,121 "68";
69 2 0 94,132 "69";
70 0 1 128,134 "70";
71 2 0 114,138 "71";
72 0 0 53,106 "72";
73 0 0 23,99 "73";
74 0 1 50,88 "74";
75 0 0 48,88 "75";
76 2 1 75,120 "76";
77 0 0 126,127 "77";
78 0 1 21,99 "78";
79 2 1 44,69 "79";
80 1 0 36,64 "80";
81 1 1 22,33 "81";
82 0 0 5,34 "82";
83 2 0 23,46 "83";
84 2 0 2,52 "84";
85 1 0 107,112 "85";
86 0 1 36,139 "86";
87 1 0 50,142 "87";
88 1 1 90,120 "88";
89 1 0 49,55 "89";
90 0 1 34,37 "90";
91 2 0 13,136 "91";
92 1 0 56,78 "92";
93 1 1 36,84 "93";
94 0 1 105,114 "94";
95 0 1 88,132 "95";
96 1 1 95,132 "96";
97 1 0 65,140 "97";
98 1 1 74,81 "98";
99 1 0 11,120 "99";
100 2 0 3,55 "100";
101 1 1 21,132 "101";
102 1 0 25,75 "102";
103 0 0 47,123 "103";
104 1 1 20,114 "104";
105 1 0 10,88 "105";
106 1 0 35,132 "106";
107 0 0 83,119 "107";
108 0 0 8,92 "108";
109 1 1 79,111 "109";
110 1 1 65,125 "110";
111 2 0 13,27 "111";
112 1 1 25,57 "112";
113 2 0 14,108 "113";
114 2 1 46,58 "114";
115 0 1 87,103 "115";
116 2 0 43,142 "116";
117 0 0 13,130 "117";
118 1 1 68,144 "118";
119 2 1 3,104 "119";
120 1 1 12,14 "120";
121 1 0 44,71 "121";
122 1 0 5,45 "122";
123 0 1 29,31 "123";
124 2 1 4,71 "124";
125 0 0 12,61 "125";
126 2 0 51,101 "126";
127 1 1 41,117 "127";
128 2 0 6,48 "128";
129 0 1 4,18 "129";
130 1 0 75,96 "130";
131 0 0 24,122 "131";
132 0 0 109,133 "132";
133 0 1 17,40 "133";
134 0 1 76,136 "134";
135 1 0 74,133 "135";
136 0 1 87,124 "136";
137 1 1 48,67 "137";
138 2 0 17,26 "138";
139 1 1 33,72 "139";
140 2 1 8,124 "140";
141 1 0 84,102 "141";
142 2 1 71,100 "142";
143 2 0 2,104 "143";
144 0 1 30,125 "144";
