parity 169;
0 2 0 7,14 "0";
1 0 0 12,113 "1";
2 1 0 10,127 "2";
3 2 1 37,46 "3";
4 0 0 100,103 "4";
5 2 1 82,169 "5";
6 0 0 10,85 "6";
7 1 1 49,139 "7";
8 1 0 74,151 "8";
9 2 0 25,123 "9";
10 1 0 11,159 "10";
11 1 1 12,28 "11";
12 0 1 36,96 "12";
13 0 0 31,82 "13";
14 2 0 73,111 "14";
15 0 0 55,70 "15";
16 1 0 26,29 "16";
17 1 1 28,37 "17";
18 1 1 84,137 "18";
19 2 0 58,167 "19";
20 2 1 22,34 "20";
21 1 0 86,163 "21";
22 1 0 130,142 "22";
23 2 0 58,160 "23";
24 2 1 158,167 "24";
25 0 1 103,154 "25";
26 1 0 76,104 "26";
27 1 1 49,152 "27";
28 1 1 101,104 "28";
29 0 0 74,130 "29";
30 1 1 155,169 "30";
31 2 1 86,122 "31";
32 0 1 42,97 "32";
33 0 0 59,79 "33";
34 2 0 133,161 "34";
35 0 0 125,127 "35";
36 1 1 13,39 "36";
37 1 0 49,98 "37";
38 1 0 25,124 "38";
39 0 1 9,129 "39";
40 1 1 69,143 "40";
41 0 0 44,48 "41";
42 1 0 76,135 "42";
43 2 1 21,145 "43";
44 0 1 12,95 "44";
45 2 1 55,83 "45";
46 1 1 67,131 "46";
47 0 1 81,118 "47";
48 2 1 3,19 "48";
49 0 1 46,64 "49";
50 0 1 38,169 "50";
51 2 1 22,160 "51";
52 2 1 45,114 "52";
53 2 0 82,111 "53";
54 1 0 74,163 "54";
55 0 1 10,132 "55";
56 2 1 53,147 "56";
57 2 1 60,89 "57";
58 2 1 62,118 "58";
59 1 0 48,117 "59";
60 1 0 55,90 "60";
61 1 1 0,118 "61";
62 1 0 74,137 "62";
63 0 0 3,96 "63";
64 0 1 134,164 "64";
65 0 0 44,92 "65";
66 0 0 43,100 "66";
67 0 1 94,107 "67";
68 1 0 97,156 "68";
69 0 0 121,157 "69";
70 1 1 97,148 "70";
71 2 0 72,83 "71";
72 2 1 93,149 "72";
73 0 1 92,166 "73";
74 0 0 13,95 "74";
75 0 0 21,40 "75";
76 2 0 84,142 "76";
77 2 1 1,113 "77";
78 2 0 134,153 "78";
79 0 0 35,125 "79";
80 1 1 37,106 "80";
81 0 0 3,123 "81";
82 2 0 114,166 "82";
83 0 0 66,92 "83";
84 1 0 83,124 "84";
85 1 1 32,65 "85";
86 0 0 58,91 "86";
87 1 1 6,145 "87";
88 0 1 8,51 "88";
89 2 0 6,137 "89";
90 2 1 62,78 "90";
91 1 1 82,138 "91";
92 0 0 87,148 "92";
93 2 1 107,142 "93";
94 2 0 99,142 "94";
95 2 1 86,90 "95";
96 0 0 86,128 "96";
97 1 0 137,142 "97";
98 0 1 146,168 "98";
99 1 1 22,111 "99";
100 1 0 103,109 "100";
101 1 0 104,165 "101";
102 1 1 71,160 "102";
103 1 0 100,116 "103";
104 1 1 33,84 "104";
105 2 0 39,106 "105";
106 1 0 23,65 "106";
107 1 1 2,62 "107";
108 2 0 94,149 "108";
109 1 1 34,94 "109";
110 2 0 13,56 "110";
111 0 1 43,143 "111";
112 2 1 1,165 "112";
113 1 0 161,168 "113";
114 0 1 57,146 "114";
115 0 1 86,113 "115";
116 0 1 68,158 "116";
117 0 1 51,101 "117";
118 0 0 62,131 "118";
119 0 0 79,82 "119";
120 2 1 27,53 "120";
121 2 0 53,78 "121";
122 2 1 47,70 "122";
123 1 1 142,152 "123";
124 1 0 57,129 "124";
125 0 0 120,161 "125";
126 0 0 60,166 "126";
127 1 0 41,93 "127";
128 1 0 1,117 "128";
129 2 0 123,141 "129";
130 0 1 40,144 "130";
131 0 0 63,149 "131";
132 1 0 15,139 "132";
133 0 0 107,141 "133";
134 1 0 98,103 "134";
135 1 1 116,130 "135";
136 2 0 118,134 "136";
137 1 1 135,165 "137";
138 1 1 100,162 "138";
139 0 1 108,113 "139";
140 2 0 73,89 "140";
141 0 1 1,27 "141";
142 1 1 33,52 "142";
143 0 1 40,124 "143";
144 0 0 7,94 "144";
145 2 0 147,164 "145";
146 2 0 24,37 "146";
147 0 1 71,96 "147";
148 2 0 89,152 "148";
149 1 1 73,116 "149";
150 1 0 51,138 "150";
151 2 0 3,166 "151";
152 0 1 59,130 "152";
153 0 0 40,135 "153";
154 1 1 129,133 "154";
155 0 1 80,138 "155";
156 0 1 74,134 "156";
157 1 1 49,137 "157";
158 0 0 34,155 "158";
159 2 0 54,117 "159";
160 1 0 15,109 "160";
161 1 0 106,143 "161";
162 0 1 13,151 "162";
163 0 1 10,18 "163";
164 1 0 74,75 "164";
165 1 1 14,120 "165";
166 2 0 20,55 "166";
167 1 1 43,129 "167";
168 0 0 54,66 "168";
169 1 0 3,6 "169";
