parity 194;
0 2 1 31,105 "0";
1 2 0 23,81 "1";
2 2 0 11,189 "2";
3 2 1 80,183 "3";
4 2 0 123,140 "4";
5 0 1 84,115 "5";
6 1 0 59,66 "6";
7 2 0 57,99 "7";
8 2 0 14,36 "8";
9 0 1 11,130 "9";
10 1 1 59,140 "10";
11 2 1 88,191 "11";
12 2 0 117,139 "12";
13 0 1 108,170 "13";
14 0 1 23,43 "14";
15 2 0 83,107 "15";
16 2 1 29,101 "16";
17 1 1 50,120 "17";
18 2 0 167,184 "18";
19 0 1 15,156 "19";
20 1 1 13,171 "20";
21 1 1 114,181 "21";
22 2 1 96,177 "22";
23 2 0 65,140 "23";
24 0 0 70,185 "24";
25 2 0 10,96 "25";
26 2 1 119,144 "26";
27 0 0 5,182 "27";
28 1 1 42,102 "28";
29 0 1 11,39 "29";
30 1 0 15,119 "30";
31 2 1 44,133 "31";
32 0 1 29,37 "32";
33 0 1 101,135 "33";
34 2 1 79,181 "34";
35 1 1 10,55 "35";
36 0 0 25,116 "36";
37 1 1 29,31 "37";
38 1 0 61,184 "38";
39 0 0 41,84 "39";
40 0 0 25,90 "40";
41 1 0 109,129 "41";
42 1 1 129,132 "42";
43 1 1 66,142 "43";
44 1 0 8,135 "44";
45 0 1 41,185 "45";
46 1 0 79,121 "46";
47 1 1 100,108 "47";
48 2 0 131,177 "48";
49 0 1 123,131 "49";
50 1 1 21,145 "50";
51 2 1 38,53 "51";
52 1 1 26,110 "52";
53 2 1 9,35 "53";
54 0 0 20,65 "54";
55 1 0 63,105 "55";
56 0 1 68,186 "56";
57 2 0 50,118 "57";
58 1 1 21,149 "58";
59 0 1 165,168 "59";
60 0 0 17,167 "60";
61 1 0 98,110 "61";
62 2 0 87,120 "62";
63 0 1 66,78 "63";
64 1 0 113,158 "64";
65 2 1 102,161 "65";
66 2 1 49,53 "66";
67 1 1 73,102 "67";
68 0 0 154,177 "68";
69 1 0 77,88 "69";
70 1 0 46,85 "70";
71 0 1 46,95 "71";
72 0 0 134,148 "72";
73 2 0 61,193 "73";
74 2 1 36,106 "74";
75 1 0 12,68 "75";
76 1 0 111,180 "76";
77 0 1 146,165 "77";
78 2 1 12,56 "78";
79 2 1 16,140 "79";
80 1 1 126,165 "80";
81 2 1 151,183 "81";
82 1 0 97,158 "82";
83 0 0 90,150 "83";
84 0 0 26,74 "84";
85 0 1 48,176 "85";
86 1 0 33,112 "86";
87 1 1 140,178 "87";
88 1 0 48,153 "88";
89 0 0 27,162 "89";
90 2 1 89,150 "90";
91 0 0 146,186 "91";
92 2 0 44,158 "92";
93 1 1 86,114 "93";
94 0 0 30,48 "94";
95 0 1 26,97 "95";
96 0 1 13,104 "96";
97 1 1 62,99 "97";
98 1 1 24,185 "98";
99 1 0 2,136 "99";
100 1 0 124,165 "100";
101 0 1 37,159 "101";
102 1 1 4,188 "102";
103 0 1 60,86 "103";
104 0 0 110,114 "104";
105 2 0 22,153 "105";
106 1 0 30,151 "106";
107 0 1 78,114 "107";
108 1 1 28,50 "108";
109 0 1 48,152 "109";
110 2 0 18,27 "110";
111 0 1 35,123 "111";
112 0 0 45,189 "112";
113 0 0 72,83 "113";
114 0 0 82,117 "114";
115 0 1 39,121 "115";
116 2 1 40,158 "116";
117 0 0 76,186 "117";
118 1 0 158,162 "118";
119 2 1 73,113 "119";
120 1 0 111,165 "120";
121 2 1 118,192 "121";
122 0 1 57,183 "122";
123 2 1 70,157 "123";
124 2 0 22,149 "124";
125 1 1 1,137 "125";
126 1 1 151,157 "126";
127 2 0 10,167 "127";
128 2 1 160,174 "128";
129 1 1 92,148 "129";
130 0 1 27,92 "130";
131 1 1 26,79 "131";
132 1 1 69,81 "132";
133 2 1 29,97 "133";
134 0 0 9,13 "134";
135 0 1 36,143 "135";
136 2 0 65,161 "136";
137 2 0 150,152 "137";
138 1 1 79,103 "138";
139 2 1 13,49 "139";
140 0 0 74,105 "140";
141 2 0 63,192 "141";
142 2 0 44,146 "142";
143 1 1 37,109 "143";
144 2 1 104,134 "144";
145 1 0 3,23 "145";
146 0 1 7,23 "146";
147 1 0 62,175 "147";
148 0 1 73,164 "148";
149 0 1 188,193 "149";
150 1 1 173,183 "150";
151 2 0 20,81 "151";
152 0 1 43,126 "152";
153 1 1 114,192 "153";
154 1 0 26,174 "154";
155 1 0 93,103 "155";
156 1 0 1,182 "156";
157 0 1 42,190 "157";
158 1 1 111,162 "158";
159 0 1 119,189 "159";
160 2 1 79,188 "160";
161 0 0 77,82 "161";
162 0 0 40,129 "162";
163 1 0 38,164 "163";
164 0 1 19,82 "164";
165 0 1 59,72 "165";
166 1 1 33,183 "166";
167 1 1 60,79 "167";
168 1 1 143,194 "168";
169 1 1 11,130 "169";
170 1 0 137,181 "170";
171 0 0 14,53 "171";
172 1 1 114,170 "172";
173 0 1 36,74 "173";
174 0 1 9,11 "174";
175 2 1 92,124 "175";
176 2 1 110,183 "176";
177 1 0 53,169 "177";
178 2 0 54,96 "178";
179 1 1 163,181 "179";
180 2 1 40,112 "180";
181 1 0 109,114 "181";
182 2 1 12,136 "182";
183 2 0 84,141 "183";
184 1 1 148,169 "184";
185 1 0 112,147 "185";
186 2 0 111,133 "186";
187 1 1 95,102 "187";
188 0 1 153,184 "188";
189 0 1 73,112 "189";
190 1 0 69,108 "190";
191 0 0 3,107 "191";
192 2 1 0,77 "192";
193 2 1 10,67 "193";
194 2 0 112,131 "194";
