parity 139;
0 2 0 65,109 "0";
1 0 0 31,39 "1";
2 0 0 40,94 "2";
3 0 1 16,108 "3";
4 2 1 96,120 "4";
5 0 0 116,123 "5";
6 2 1 36,87 "6";
7 0 0 45,93 "7";
8 1 1 68,114 "8";
9 2 1 56,95 "9";
10 2 0 50,100 "10";
11 2 1 30,63 "11";
12 2 1 49,137 "12";
13 1 1 97,105 "13";
14 2 0 81,133 "14";
15 1 0 51,88 "15";
16 0 1 13,103 "16";
17 0 0 65,78 "17";
18 0 1 1,23 "18";
19 2 0 26,100 "19";
20 2 1 49,81 "20";
21 2 0 26,137 "21";
22 0 0 75,81 "22";
23 1 1 73,75 "23";
24 2 0 43,106 "24";
25 1 1 41,79 "25";
26 1 0 11,39 "26";
27 2 0 8,128 "27";
28 2 0 5,69 "28";
29 2 0 94,120 "29";
30 0 0 88,134 "30";
31 1 1 55,127 "31";
32 1 1 33,36 "32";
33 0 0 83,105 "33";
34 1 0 2,6 "34";
35 0 1 105,139 "35";
36 2 0 55,113 "36";
37 1 1 14,67 "37";
38 2 0 41,106 "38";
39 2 0 72,110 "39";
40 1 0 99,117 "40";
41 0 0 75,88 "41";
42 1 1 54,100 "42";
43 0 0 49,125 "43";
44 2 0 49,112 "44";
45 2 0 94,109 "45";
46 0 1 13,83 "46";
47 1 0 10,75 "47";
48 1 1 0,36 "48";
49 1 0 45,97 "49";
50 0 0 64,82 "50";
51 0 1 37,89 "51";
52 1 1 69,121 "52";
53 2 1 54,58 "53";
54 2 0 41,105 "54";
55 2 1 25,60 "55";
56 2 0 18,95 "56";
57 2 0 67,120 "57";
58 0 1 79,123 "58";
59 1 0 56,102 "59";
60 2 1 76,88 "60";
61 0 1 20,33 "61";
62 0 1 63,96 "62";
63 2 1 47,122 "63";
64 1 1 53,57 "64";
65 0 0 66,101 "65";
66 0 1 31,122 "66";
67 2 0 12,72 "67";
68 1 0 75,130 "68";
69 2 0 81,129 "69";
70 0 0 6,131 "70";
71 2 0 3,68 "71";
72 1 1 37,73 "72";
73 1 1 42,76 "73";
74 2 1 57,107 "74";
75 2 1 16,46 "75";
76 0 1 92,109 "76";
77 0 0 95,125 "77";
78 2 1 26,109 "78";
79 0 0 97,138 "79";
80 0 1 46,68 "80";
81 1 1 27,84 "81";
82 0 1 36,75 "82";
83 0 0 27,78 "83";
84 2 0 9,102 "84";
85 0 1 35,83 "85";
86 2 0 55,93 "86";
87 0 0 15,36 "87";
88 0 0 63,80 "88";
89 2 0 37,47 "89";
90 1 0 7,31 "90";
91 1 0 11,54 "91";
92 2 0 96,104 "92";
93 1 0 45,72 "93";
94 2 1 73,91 "94";
95 1 0 19,136 "95";
96 1 0 65,80 "96";
97 1 1 26,96 "97";
98 0 0 12,66 "98";
99 1 1 125,129 "99";
100 2 0 1,53 "100";
101 2 1 3,103 "101";
102 2 1 111,112 "102";
103 2 0 79,119 "103";
104 1 0 85,138 "104";
105 1 1 73,100 "105";
106 0 1 11,92 "106";
107 2 1 48,122 "107";
108 2 1 109,138 "108";
109 1 1 105,131 "109";
110 0 1 91,97 "110";
111 0 1 94,131 "111";
112 0 0 34,102 "112";
113 2 1 42,93 "113";
114 1 0 49,109 "114";
115 2 1 94,125 "115";
116 1 0 57,118 "116";
117 2 1 82,87 "117";
118 1 1 11,105 "118";
119 2 1 60,138 "119";
120 0 0 4,100 "120";
121 0 0 3,48 "121";
122 1 0 72,77 "122";
123 2 0 120,132 "123";
124 1 0 34,59 "124";
125 1 0 67,90 "125";
126 2 0 35,129 "126";
127 1 1 55,81 "127";
128 0 1 36,41 "128";
129 0 1 3,7 "129";
130 0 1 64,95 "130";
131 2 1 16,51 "131";
132 1 1 67,103 "132";
133 1 0 9,56 "133";
134 0 0 18,122 "134";
135 2 1 8,85 "135";
136 1 0 13,137 "136";
137 1 0 25,122 "137";
138 1 1 29,54 "138";
139 2 0 21,96 "139";
