parity 164;
0 2 1 5,14 "0";
1 1 0 78,123 "1";
2 1 1 64,144 "2";
3 0 0 5,148 "3";
4 1 0 48,150 "4";
5 2 0 114,115 "5";
6 1 0 88,153 "6";
7 1 0 51,85 "7";
8 0 1 127,155 "8";
9 2 1 95,134 "9";
10 2 1 34,105 "10";
11 1 1 96,119 "11";
12 2 1 1,150 "12";
13 0 1 62,64 "13";
14 2 1 10,134 "14";
15 0 1 71,81 "15";
16 1 1 54,153 "16";
17 2 0 59,97 "17";
18 0 1 36,82 "18";
19 2 1 25,71 "19";
20 1 1 90,144 "20";
21 2 1 77,105 "21";
22 0 0 81,139 "22";
23 2 1 17,73 "23";
24 2 1 61,119 "24";
25 0 0 38,40 "25";
26 2 0 82,145 "26";
27 2 0 105,126 "27";
28 1 0 11,34 "28";
29 2 1 27,84 "29";
30 0 0 60,161 "30";
31 1 1 16,46 "31";
32 1 0 50,161 "32";
33 0 1 42,115 "33";
34 2 0 83,135 "34";
35 0 0 37,69 "35";
36 0 1 1,10 "36";
37 0 1 59,164 "37";
38 1 1 154,163 "38";
39 0 1 101,122 "39";
40 1 0 90,137 "40";
41 2 0 85,128 "41";
42 0 0 87,157 "42";
43 2 0 55,150 "43";
44 1 1 14,99 "44";
45 2 0 91,159 "45";
46 1 0 29,102 "46";
47 1 1 32,95 "47";
48 2 0 61,77 "48";
49 2 1 83,115 "49";
50 2 1 55,153 "50";
51 1 1 63,83 "51";
52 0 0 131,150 "52";
53 2 0 74,164 "53";
54 2 0 88,106 "54";
55 0 0 72,149 "55";
56 0 1 126,147 "56";
57 1 0 18,142 "57";
58 2 0 79,115 "58";
59 2 1 76,135 "59";
60 0 1 37,45 "60";
61 0 1 12,39 "61";
62 0 1 12,164 "62";
63 1 0 83,158 "63";
64 0 1 88,98 "64";
65 0 0 16,17 "65";
66 2 1 116,123 "66";
67 0 0 92,134 "67";
68 0 1 30,161 "68";
69 1 0 46,80 "69";
70 2 1 20,42 "70";
71 2 0 28,54 "71";
72 1 1 13,161 "72";
73 0 1 9,92 "73";
74 1 1 79,91 "74";
75 1 0 138,142 "75";
76 0 1 11,73 "76";
77 0 0 5,147 "77";
78 2 0 28,147 "78";
79 1 0 24,40 "79";
80 2 0 136,160 "80";
81 1 1 17,155 "81";
82 2 0 58,102 "82";
83 1 0 124,143 "83";
84 1 0 56,95 "84";
85 1 1 65,104 "85";
86 0 1 53,137 "86";
87 1 0 3,117 "87";
88 1 0 63,103 "88";
89 2 0 13,107 "89";
90 2 1 70,79 "90";
91 0 1 12,48 "91";
92 0 1 18,68 "92";
93 2 1 27,39 "93";
94 1 0 79,146 "94";
95 1 0 107,155 "95";
96 2 1 131,157 "96";
97 0 0 19,24 "97";
98 1 0 70,71 "98";
99 1 0 102,114 "99";
100 1 1 61,152 "100";
101 2 0 23,36 "101";
102 0 0 96,144 "102";
103 0 1 40,42 "103";
104 2 0 72,151 "104";
105 2 1 28,153 "105";
106 2 0 77,94 "106";
107 1 0 154,156 "107";
108 0 1 16,117 "108";
109 0 0 85,94 "109";
110 2 1 52,63 "110";
111 1 0 24,141 "111";
112 2 0 53,88 "112";
113 1 0 17,109 "113";
114 2 1 32,50 "114";
115 1 1 2,130 "115";
116 2 0 55,69 "116";
117 1 1 69,139 "117";
118 1 1 43,98 "118";
119 2 0 80,108 "119";
120 1 1 109,122 "120";
121 0 1 2,89 "121";
122 2 1 50,68 "122";
123 0 0 61,158 "123";
124 1 1 42,139 "124";
125 2 1 30,88 "125";
126 1 1 73,98 "126";
127 1 0 124,145 "127";
128 1 0 81,95 "128";
129 1 1 36,117 "129";
130 1 1 53,82 "130";
131 0 1 17,141 "131";
132 2 1 50,52 "132";
133 2 1 28,158 "133";
134 1 0 4,144 "134";
135 0 0 144,160 "135";
136 0 0 18,142 "136";
137 2 0 89,146 "137";
138 2 0 4,7 "138";
139 1 1 53,63 "139";
140 2 1 15,83 "140";
141 2 1 36,92 "141";
142 1 1 158,160 "142";
143 2 1 31,117 "143";
144 2 0 32,48 "144";
145 1 0 5,33 "145";
146 1 0 52,76 "146";
147 1 0 65,69 "147";
148 1 0 84,124 "148";
149 1 0 62,123 "149";
150 1 1 58,110 "150";
151 2 1 152,160 "151";
152 2 1 42,112 "152";
153 0 0 34,59 "153";
154 1 0 30,130 "154";
155 1 0 21,95 "155";
156 1 1 65,80 "156";
157 2 1 15,163 "157";
158 0 0 63,86 "158";
159 2 1 47,143 "159";
160 0 0 133,153 "160";
161 1 1 105,142 "161";
162 2 1 49,105 "162";
163 1 1 109,137 "163";
164 1 0 72,135 "164";
