parity 159;
0 0 0 31,59 "0";
1 2 0 35,102 "1";
2 2 1 48,58 "2";
3 1 0 37,143 "3";
4 2 0 127,151 "4";
5 0 0 130,137 "5";
6 2 1 22,130 "6";
7 1 1 18,138 "7";
8 0 1 94,138 "8";
9 1 1 123,124 "9";
10 1 0 36,71 "10";
11 1 1 135,148 "11";
12 0 0 3,132 "12";
13 1 0 132,134 "13";
14 2 1 68,92 "14";
15 0 0 39,78 "15";
16 0 1 74,154 "16";
17 0 1 9,118 "17";
18 0 0 35,149 "18";
19 2 0 15,32 "19";
20 2 0 0,3 "20";
21 2 0 112,139 "21";
22 0 1 89,157 "22";
23 1 0 12,110 "23";
24 1 1 7,21 "24";
25 1 0 12,99 "25";
26 1 0 114,146 "26";
27 1 0 36,133 "27";
28 2 0 119,154 "28";
29 1 0 18,47 "29";
30 1 1 33,143 "30";
31 2 1 14,66 "31";
32 2 0 14,145 "32";
33 1 0 132,140 "33";
34 1 0 79,94 "34";
35 2 0 92,133 "35";
36 1 1 40,79 "36";
37 0 0 51,114 "37";
38 1 0 64,118 "38";
39 2 0 74,82 "39";
40 1 0 47,139 "40";
41 0 0 1,76 "41";
42 1 0 1,100 "42";
43 2 0 127,148 "43";
44 1 0 43,147 "44";
45 2 1 0,37 "45";
46 1 1 35,127 "46";
47 2 1 79,95 "47";
48 0 1 98,150 "48";
49 1 0 55,106 "49";
50 2 1 61,150 "50";
51 2 0 113,123 "51";
52 0 1 58,137 "52";
53 2 0 95,96 "53";
54 1 0 13,94 "54";
55 2 0 45,89 "55";
56 1 1 14,98 "56";
57 0 0 80,88 "57";
58 0 0 3,21 "58";
59 2 1 65,86 "59";
60 1 1 91,146 "60";
61 0 0 73,149 "61";
62 2 0 105,137 "62";
63 1 0 67,145 "63";
64 0 1 9,63 "64";
65 0 0 12,79 "65";
66 1 0 136,148 "66";
67 1 0 10,103 "67";
68 0 1 77,133 "68";
69 2 1 17,83 "69";
70 0 1 41,117 "70";
71 2 0 115,158 "71";
72 0 1 50,85 "72";
73 0 0 26,59 "73";
74 0 1 9,57 "74";
75 0 0 20,145 "75";
76 2 1 34,112 "76";
77 0 0 39,150 "77";
78 1 1 60,152 "78";
79 0 1 115,139 "79";
80 2 0 0,22 "80";
81 1 0 61,134 "81";
82 1 0 44,57 "82";
83 0 0 19,22 "83";
84 1 0 18,43 "84";
85 0 0 37,72 "85";
86 1 1 136,145 "86";
87 0 0 96,116 "87";
88 0 0 62,84 "88";
89 2 0 27,77 "89";
90 1 1 21,71 "90";
91 0 1 58,114 "91";
92 1 1 7,39 "92";
93 1 0 100,141 "93";
94 2 1 31,147 "94";
95 1 1 42,60 "95";
96 2 1 142,153 "96";
97 0 1 25,99 "97";
98 2 0 69,124 "98";
99 2 1 12,132 "99";
100 0 1 14,98 "100";
101 2 1 28,61 "101";
102 0 0 51,54 "102";
103 1 0 11,118 "103";
104 0 1 7,12 "104";
105 1 1 110,143 "105";
106 2 1 69,141 "106";
107 0 1 123,151 "107";
108 2 0 98,120 "108";
109 0 1 27,51 "109";
110 0 0 19,34 "110";
111 2 0 46,157 "111";
112 0 0 97,158 "112";
113 0 1 18,123 "113";
114 2 0 123,131 "114";
115 0 0 15,62 "115";
116 1 0 143,148 "116";
117 0 0 27,71 "117";
118 2 0 144,149 "118";
119 1 1 116,139 "119";
120 0 0 97,150 "120";
121 0 1 34,68 "121";
122 1 0 91,118 "122";
123 0 1 9,78 "123";
124 1 0 106,107 "124";
125 1 0 20,57 "125";
126 1 1 51,83 "126";
127 2 0 36,52 "127";
128 0 1 71,93 "128";
129 2 1 14,101 "129";
130 1 1 12,21 "130";
131 0 0 86,118 "131";
132 0 0 64,153 "132";
133 0 1 78,128 "133";
134 1 1 28,98 "134";
135 1 0 69,156 "135";
136 0 0 24,65 "136";
137 1 0 16,86 "137";
138 1 0 18,45 "138";
139 0 0 12,107 "139";
140 0 1 48,112 "140";
141 2 1 29,110 "141";
142 2 0 129,145 "142";
143 1 1 80,90 "143";
144 2 1 73,94 "144";
145 2 1 113,135 "145";
146 2 1 44,116 "146";
147 2 1 75,82 "147";
148 2 1 18,109 "148";
149 2 0 81,144 "149";
150 0 1 33,106 "150";
151 0 1 14,40 "151";
152 1 1 61,145 "152";
153 1 1 110,154 "153";
154 0 1 65,137 "154";
155 2 0 26,53 "155";
156 1 0 29,140 "156";
157 2 1 40,84 "157";
158 2 1 105,143 "158";
159 1 1 128,152 "159";
