parity 119;
0 1 0 35,100 "0";
1 2 1 50,98 "1";
2 0 1 3,53 "2";
3 2 0 39,48 "3";
4 2 0 1,21 "4";
5 2 0 20,23 "5";
6 1 1 49,76 "6";
7 2 0 44,109 "7";
8 0 1 26,85 "8";
9 0 1 113,119 "9";
10 0 0 11,113 "10";
11 1 1 33,119 "11";
12 0 1 97,101 "12";
13 1 0 16,44 "13";
14 2 1 3,46 "14";
15 1 0 0,118 "15";
16 2 0 17,46 "16";
17 0 0 90,110 "17";
18 2 1 24,57 "18";
19 2 1 41,78 "19";
20 1 0 9,40 "20";
21 2 0 10,108 "21";
22 2 1 8,45 "22";
23 2 1 73,106 "23";
24 1 1 3,99 "24";
25 0 1 82,104 "25";
26 2 0 11,61 "26";
27 0 0 4,52 "27";
28 1 1 50,118 "28";
29 1 1 11,100 "29";
30 2 0 15,47 "30";
31 2 1 22,32 "31";
32 0 1 21,71 "32";
33 1 1 34,97 "33";
34 1 1 3,60 "34";
35 1 0 53,81 "35";
36 0 0 93,98 "36";
37 2 0 44,97 "37";
38 2 1 27,29 "38";
39 1 0 33,110 "39";
40 2 0 70,76 "40";
41 1 1 98,99 "41";
42 2 1 74,118 "42";
43 0 0 49,115 "43";
44 0 0 7,116 "44";
45 1 0 49,115 "45";
46 1 1 30,36 "46";
47 0 1 56,79 "47";
48 1 0 76,118 "48";
49 2 1 22,72 "49";
50 0 1 29,59 "50";
51 1 1 1,68 "51";
52 1 0 9,57 "52";
53 1 0 25,57 "53";
54 0 0 5,56 "54";
55 1 0 56,81 "55";
56 1 1 52,76 "56";
57 1 0 103,105 "57";
58 2 0 3,15 "58";
59 1 1 25,91 "59";
60 0 0 79,111 "60";
61 2 0 17,86 "61";
62 1 1 78,92 "62";
63 0 1 112,119 "63";
64 0 0 54,59 "64";
65 0 1 66,96 "65";
66 1 0 3,72 "66";
67 1 1 20,73 "67";
68 2 1 15,77 "68";
69 0 1 13,79 "69";
70 2 1 80,108 "70";
71 0 0 27,115 "71";
72 2 0 70,91 "72";
73 2 0 36,99 "73";
74 2 0 10,66 "74";
75 1 1 17,113 "75";
76 1 0 10,86 "76";
77 0 1 67,116 "77";
78 2 0 23,56 "78";
79 2 0 114,115 "79";
80 1 1 25,82 "80";
81 1 0 29,75 "81";
82 2 0 39,40 "82";
83 2 1 80,87 "83";
84 0 1 34,64 "84";
85 2 1 1,8 "85";
86 2 1 7,43 "86";
87 2 0 72,115 "87";
88 1 0 63,110 "88";
89 0 1 54,107 "89";
90 2 0 8,61 "90";
91 0 0 21,82 "91";
92 1 0 70,84 "92";
93 2 1 35,113 "93";
94 2 1 32,37 "94";
95 0 0 55,91 "95";
96 2 1 15,47 "96";
97 1 0 63,106 "97";
98 1 1 51,66 "98";
99 1 1 15,26 "99";
100 1 1 23,30 "100";
101 1 0 103,117 "101";
102 2 1 11,71 "102";
103 1 1 69,112 "103";
104 1 0 8,47 "104";
105 0 0 13,50 "105";
106 0 1 1,89 "106";
107 2 0 12,119 "107";
108 2 1 17,36 "108";
109 1 0 29,60 "109";
110 1 1 18,34 "110";
111 2 0 34,37 "111";
112 0 1 85,91 "112";
113 2 0 23,52 "113";
114 0 0 19,107 "114";
115 2 1 45,76 "115";
116 1 1 49,68 "116";
117 2 1 35,86 "117";
118 1 1 58,92 "118";
119 0 0 51,71 "119";
