parity 174;
0 1 0 77,86 "0";
1 1 0 26,146 "1";
2 1 1 59,116 "2";
3 1 1 76,125 "3";
4 1 0 25,135 "4";
5 2 0 88,133 "5";
6 2 1 111,170 "6";
7 0 1 9,103 "7";
8 1 1 22,75 "8";
9 0 0 31,150 "9";
10 0 1 48,160 "10";
11 0 0 63,149 "11";
12 2 1 58,95 "12";
13 0 1 62,124 "13";
14 0 1 25,146 "14";
15 2 1 85,89 "15";
16 1 0 5,75 "16";
17 2 0 34,109 "17";
18 1 1 141,172 "18";
19 2 0 128,136 "19";
20 0 0 31,173 "20";
21 0 0 73,94 "21";
22 2 0 48,137 "22";
23 1 1 127,166 "23";
24 0 0 66,75 "24";
25 2 0 75,137 "25";
26 2 1 59,120 "26";
27 0 1 17,75 "27";
28 0 1 48,146 "28";
29 2 0 100,156 "29";
30 1 1 10,26 "30";
31 1 1 69,167 "31";
32 0 0 36,168 "32";
33 1 1 41,117 "33";
34 2 1 14,130 "34";
35 2 1 47,121 "35";
36 1 0 100,139 "36";
37 0 1 94,128 "37";
38 0 1 109,111 "38";
39 2 1 58,64 "39";
40 1 0 14,56 "40";
41 0 0 130,151 "41";
42 2 1 126,131 "42";
43 2 1 87,171 "43";
44 1 0 106,151 "44";
45 2 0 32,49 "45";
46 2 0 61,149 "46";
47 0 0 52,154 "47";
48 2 1 55,125 "48";
49 2 0 81,87 "49";
50 1 0 142,145 "50";
51 0 0 40,64 "51";
52 0 0 70,81 "52";
53 0 1 109,159 "53";
54 2 1 12,124 "54";
55 2 0 37,46 "55";
56 1 1 13,16 "56";
57 0 1 26,78 "57";
58 0 1 121,147 "58";
59 0 1 38,41 "59";
60 0 0 29,99 "60";
61 0 0 15,82 "61";
62 1 1 76,113 "62";
63 2 1 106,133 "63";
64 1 0 56,115 "64";
65 1 1 52,97 "65";
66 0 1 135,155 "66";
67 1 1 96,103 "67";
68 0 1 130,165 "68";
69 0 1 57,80 "69";
70 0 0 69,153 "70";
71 2 1 101,138 "71";
72 0 1 145,155 "72";
73 1 1 11,154 "73";
74 1 1 37,119 "74";
75 1 1 61,115 "75";
76 1 1 98,156 "76";
77 0 0 58,74 "77";
78 0 1 51,167 "78";
79 0 1 53,152 "79";
80 0 1 39,173 "80";
81 0 0 15,154 "81";
82 1 1 48,58 "82";
83 2 1 5,93 "83";
84 0 0 57,122 "84";
85 0 1 64,92 "85";
86 1 1 60,130 "86";
87 1 1 76,120 "87";
88 2 0 122,140 "88";
89 0 1 5,120 "89";
90 1 1 14,35 "90";
91 2 1 62,109 "91";
92 1 0 75,82 "92";
93 0 1 2,88 "93";
94 1 1 49,121 "94";
95 1 0 1,103 "95";
96 1 0 8,106 "96";
97 2 0 62,118 "97";
98 1 0 59,159 "98";
99 1 1 11,142 "99";
100 1 1 5,169 "100";
101 1 0 11,154 "101";
102 2 1 46,77 "102";
103 1 1 69,169 "103";
104 1 0 37,67 "104";
105 0 0 86,134 "105";
106 1 0 82,131 "106";
107 1 0 59,169 "107";
108 2 1 43,116 "108";
109 1 1 20,30 "109";
110 0 1 74,78 "110";
111 0 0 33,103 "111";
112 2 0 92,118 "112";
113 1 0 40,158 "113";
114 0 1 37,54 "114";
115 0 1 5,34 "115";
116 2 0 12,138 "116";
117 2 1 86,116 "117";
118 2 1 45,129 "118";
119 0 0 19,98 "119";
120 2 0 58,123 "120";
121 0 1 58,133 "121";
122 2 1 114,121 "122";
123 0 0 5,161 "123";
124 2 1 61,98 "124";
125 2 0 32,139 "125";
126 1 1 84,156 "126";
127 2 0 94,100 "127";
128 2 0 30,63 "128";
129 2 1 48,90 "129";
130 0 1 39,172 "130";
131 1 1 45,173 "131";
132 0 1 118,140 "132";
133 0 0 16,114 "133";
134 2 1 35,166 "134";
135 0 1 109,151 "135";
136 0 0 32,72 "136";
137 1 1 2,105 "137";
138 2 0 35,80 "138";
139 1 1 2,158 "139";
140 1 1 56,97 "140";
141 0 1 109,123 "141";
142 2 0 6,86 "142";
143 2 0 49,152 "143";
144 0 0 57,96 "144";
145 1 1 18,126 "145";
146 2 0 8,126 "146";
147 2 1 10,158 "147";
148 0 1 44,64 "148";
149 1 0 12,142 "149";
150 0 1 35,149 "150";
151 0 1 66,159 "151";
152 1 1 74,109 "152";
153 0 0 16,78 "153";
154 2 0 69,139 "154";
155 0 0 39,169 "155";
156 1 1 34,168 "156";
157 0 0 50,130 "157";
158 1 1 37,68 "158";
159 1 0 19,117 "159";
160 1 1 93,151 "160";
161 1 1 29,84 "161";
162 0 1 10,19 "162";
163 0 1 6,124 "163";
164 2 1 29,158 "164";
165 2 1 4,89 "165";
166 2 0 112,133 "166";
167 2 1 76,135 "167";
168 2 0 36,118 "168";
169 1 0 1,18 "169";
170 1 1 61,101 "170";
171 1 0 130,170 "171";
172 1 1 21,142 "172";
173 0 1 152,169 "173";
174 0 0 104,124 "174";
