parity 109;
0 0 1 6,11 "0";
1 0 1 98,101 "1";
2 1 1 73,76 "2";
3 0 1 28,30 "3";
4 1 0 56,65 "4";
5 2 0 50,70 "5";
6 0 1 16,101 "6";
7 0 1 34,101 "7";
8 0 0 44,90 "8";
9 2 0 74,96 "9";
10 1 1 6,51 "10";
11 0 1 41,68 "11";
12 1 0 26,100 "12";
13 1 0 65,67 "13";
14 0 0 7,60 "14";
15 0 1 58,101 "15";
16 2 0 9,38 "16";
17 1 1 22,57 "17";
18 0 1 67,79 "18";
19 0 1 7,98 "19";
20 1 1 24,30 "20";
21 0 0 102,107 "21";
22 1 0 19,104 "22";
23 2 1 11,63 "23";
24 1 0 43,100 "24";
25 0 1 3,57 "25";
26 1 0 86,92 "26";
27 2 1 10,45 "27";
28 1 1 30,84 "28";
29 2 0 27,99 "29";
30 0 1 90,107 "30";
31 2 0 87,103 "31";
32 0 1 20,89 "32";
33 2 0 8,39 "33";
34 0 1 24,42 "34";
35 1 1 40,102 "35";
36 1 0 22,102 "36";
37 2 0 9,88 "37";
38 0 0 39,83 "38";
39 1 0 75,92 "39";
40 1 0 52,75 "40";
41 2 0 56,99 "41";
42 2 0 8,17 "42";
43 2 1 59,98 "43";
44 2 0 18,98 "44";
45 2 1 14,74 "45";
46 2 0 1,5 "46";
47 1 1 48,98 "47";
48 1 0 65,104 "48";
49 2 0 19,98 "49";
50 0 0 10,80 "50";
51 2 0 23,98 "51";
52 1 0 93,108 "52";
53 2 1 91,106 "53";
54 1 1 61,64 "54";
55 1 0 21,38 "55";
56 2 1 24,50 "56";
57 2 1 35,102 "57";
58 1 1 3,40 "58";
59 2 0 85,89 "59";
60 1 0 58,67 "60";
61 1 1 7,101 "61";
62 2 0 19,74 "62";
63 2 0 33,53 "63";
64 1 0 7,84 "64";
65 0 1 39,55 "65";
66 0 0 75,104 "66";
67 0 0 31,109 "67";
68 1 1 0,20 "68";
69 1 0 35,93 "69";
70 0 1 16,67 "70";
71 1 1 4,8 "71";
72 0 1 74,76 "72";
73 2 1 29,81 "73";
74 1 1 33,60 "74";
75 2 1 50,62 "75";
76 2 1 55,72 "76";
77 2 0 9,13 "77";
78 0 1 79,107 "78";
79 0 0 48,71 "79";
80 2 1 50,99 "80";
81 1 1 19,54 "81";
82 2 0 81,85 "82";
83 2 0 27,87 "83";
84 2 0 49,74 "84";
85 2 1 19,105 "85";
86 2 1 39,97 "86";
87 0 0 8,15 "87";
88 1 1 33,100 "88";
89 0 0 32,42 "89";
90 2 1 21,35 "90";
91 2 0 69,98 "91";
92 0 0 14,109 "92";
93 0 0 98,104 "93";
94 2 0 18,22 "94";
95 2 0 64,100 "95";
96 0 0 26,38 "96";
97 0 0 1,36 "97";
98 1 0 7,80 "98";
99 2 0 76,93 "99";
100 1 0 1,54 "100";
101 0 1 76,86 "101";
102 2 1 64,105 "102";
103 2 1 23,69 "103";
104 2 1 49,69 "104";
105 0 0 13,95 "105";
106 1 1 34,109 "106";
107 0 1 5,74 "107";
108 2 1 13,109 "108";
109 2 1 83,88 "109";
