parity 129;
0 0 0 56,71 "0";
1 1 1 36,70 "1";
2 1 1 15,102 "2";
3 2 0 37,88 "3";
4 2 1 63,81 "4";
5 0 0 27,95 "5";
6 2 1 23,74 "6";
7 1 0 87,92 "7";
8 1 0 40,89 "8";
9 1 0 73,86 "9";
10 2 1 46,90 "10";
11 0 0 35,106 "11";
12 0 1 32,59 "12";
13 0 1 59,89 "13";
14 1 1 75,125 "14";
15 2 1 24,68 "15";
16 0 0 46,73 "16";
17 0 1 49,75 "17";
18 2 1 110,123 "18";
19 0 0 27,128 "19";
20 1 1 31,33 "20";
21 0 0 27,67 "21";
22 0 1 36,81 "22";
23 1 1 2,22 "23";
24 2 0 40,91 "24";
25 2 1 21,66 "25";
26 0 1 55,122 "26";
27 0 0 8,73 "27";
28 0 0 18,85 "28";
29 0 1 14,50 "29";
30 2 1 16,89 "30";
31 1 0 95,100 "31";
32 2 0 18,97 "32";
33 2 1 22,95 "33";
34 2 0 20,119 "34";
35 0 0 2,89 "35";
36 1 0 29,39 "36";
37 0 1 13,25 "37";
38 0 0 78,105 "38";
39 0 0 49,108 "39";
40 2 1 3,119 "40";
41 2 0 90,108 "41";
42 0 1 89,125 "42";
43 2 0 5,32 "43";
44 2 0 9,101 "44";
45 1 0 44,128 "45";
46 2 1 77,92 "46";
47 0 1 15,22 "47";
48 1 0 49,114 "48";
49 2 1 8,110 "49";
50 0 1 58,97 "50";
51 1 1 47,74 "51";
52 1 0 51,99 "52";
53 0 0 16,28 "53";
54 2 0 64,81 "54";
55 0 0 108,115 "55";
56 2 1 5,95 "56";
57 0 0 20,125 "57";
58 2 0 113,116 "58";
59 1 0 11,37 "59";
60 0 0 24,44 "60";
61 2 0 36,43 "61";
62 0 0 52,79 "62";
63 1 0 21,47 "63";
64 0 0 2,119 "64";
65 1 1 28,117 "65";
66 0 1 3,57 "66";
67 1 1 1,72 "67";
68 1 0 30,99 "68";
69 2 0 5,99 "69";
70 2 0 0,43 "70";
71 0 1 72,107 "71";
72 0 1 99,125 "72";
73 2 1 24,124 "73";
74 1 1 18,78 "74";
75 2 1 100,107 "75";
76 0 1 29,92 "76";
77 0 0 52,110 "77";
78 0 1 69,126 "78";
79 1 0 75,123 "79";
80 0 0 23,124 "80";
81 1 1 97,107 "81";
82 1 0 33,125 "82";
83 2 1 22,23 "83";
84 2 1 63,73 "84";
85 0 0 15,24 "85";
86 0 0 36,95 "86";
87 2 0 108,127 "87";
88 2 1 104,107 "88";
89 0 1 18,92 "89";
90 0 1 65,127 "90";
91 1 1 38,89 "91";
92 0 0 13,103 "92";
93 0 1 12,48 "93";
94 0 0 44,129 "94";
95 1 1 25,126 "95";
96 1 1 10,21 "96";
97 1 0 53,54 "97";
98 0 1 59,100 "98";
99 0 1 22,40 "99";
100 0 0 62,65 "100";
101 2 0 61,77 "101";
102 1 1 2,49 "102";
103 1 1 66,85 "103";
104 2 1 71,96 "104";
105 0 0 11,39 "105";
106 0 1 60,90 "106";
107 2 0 34,97 "107";
108 1 0 55,66 "108";
109 0 1 54,119 "109";
110 1 0 85,119 "110";
111 2 0 15,74 "111";
112 0 1 77,123 "112";
113 1 1 82,103 "113";
114 0 0 3,91 "114";
115 1 1 38,61 "115";
116 0 1 39,125 "116";
117 0 0 29,105 "117";
118 2 1 2,46 "118";
119 2 0 29,109 "119";
120 1 0 16,94 "120";
121 2 0 27,111 "121";
122 2 1 20,113 "122";
123 2 1 22,120 "123";
124 0 0 8,85 "124";
125 1 1 98,112 "125";
126 2 1 25,93 "126";
127 1 0 36,106 "127";
128 2 0 118,125 "128";
129 0 1 28,37 "129";
