parity 194;
0 1 1 92,162 "0";
1 1 0 2,60 "1";
2 2 0 135,148 "2";
3 1 1 23,155 "3";
4 2 1 108,143 "4";
5 1 0 167,179 "5";
6 0 1 22,41 "6";
7 0 1 79,140 "7";
8 0 0 11,157 "8";
9 1 1 23,86 "9";
10 1 1 44,62 "10";
11 2 1 48,146 "11";
12 2 1 80,130 "12";
13 0 0 40,187 "13";
14 0 1 91,152 "14";
15 2 0 33,91 "15";
16 2 0 6,121 "16";
17 1 0 60,159 "17";
18 1 1 30,75 "18";
19 0 1 23,137 "19";
20 2 0 68,114 "20";
21 0 0 74,107 "21";
22 2 0 57,72 "22";
23 1 1 16,95 "23";
24 1 1 21,35 "24";
25 0 1 93,138 "25";
26 0 1 88,101 "26";
27 0 1 80,182 "27";
28 0 1 116,122 "28";
29 1 1 55,141 "29";
30 2 1 55,57 "30";
31 2 0 28,188 "31";
32 2 0 92,167 "32";
33 0 1 58,59 "33";
34 2 1 110,137 "34";
35 0 1 49,54 "35";
36 0 0 123,148 "36";
37 0 0 66,186 "37";
38 2 1 55,145 "38";
39 1 0 171,174 "39";
40 2 1 53,83 "40";
41 0 0 108,164 "41";
42 2 0 124,157 "42";
43 0 0 74,158 "43";
44 1 0 85,152 "44";
45 1 0 87,163 "45";
46 2 1 74,181 "46";
47 2 0 3,117 "47";
48 1 1 0,95 "48";
49 0 0 121,191 "49";
50 0 0 103,163 "50";
51 2 0 49,162 "51";
52 1 0 67,184 "52";
53 1 0 50,128 "53";
54 2 1 29,146 "54";
55 1 1 11,133 "55";
56 0 0 27,193 "56";
57 0 0 2,41 "57";
58 0 1 105,125 "58";
59 2 1 23,163 "59";
60 0 1 141,170 "60";
61 0 0 13,180 "61";
62 0 0 47,56 "62";
63 2 1 34,42 "63";
64 1 0 56,67 "64";
65 1 1 71,192 "65";
66 1 1 70,154 "66";
67 1 0 12,150 "67";
68 1 1 37,70 "68";
69 1 0 112,140 "69";
70 1 0 61,78 "70";
71 1 1 120,185 "71";
72 2 1 55,91 "72";
73 1 0 160,170 "73";
74 2 1 79,80 "74";
75 1 0 84,169 "75";
76 2 1 73,135 "76";
77 2 1 51,73 "77";
78 1 0 102,110 "78";
79 1 0 7,113 "79";
80 2 1 20,164 "80";
81 2 1 106,146 "81";
82 1 1 124,183 "82";
83 1 0 101,146 "83";
84 1 0 83,120 "84";
85 1 1 163,179 "85";
86 2 1 27,162 "86";
87 0 1 142,153 "87";
88 2 0 39,125 "88";
89 1 0 25,178 "89";
90 1 1 99,162 "90";
91 2 0 114,148 "91";
92 2 0 115,146 "92";
93 2 0 24,45 "93";
94 0 1 3,181 "94";
95 1 1 25,40 "95";
96 2 0 49,131 "96";
97 2 0 80,182 "97";
98 1 0 72,126 "98";
99 2 0 9,64 "99";
100 0 0 11,186 "100";
101 2 0 27,125 "101";
102 1 0 67,170 "102";
103 2 1 70,133 "103";
104 1 1 70,143 "104";
105 0 0 12,140 "105";
106 2 1 3,119 "106";
107 2 0 2,158 "107";
108 2 1 14,122 "108";
109 1 0 142,144 "109";
110 1 0 92,107 "110";
111 2 1 123,126 "111";
112 0 0 20,66 "112";
113 2 0 69,172 "113";
114 1 0 146,187 "114";
115 1 1 67,90 "115";
116 2 0 77,112 "116";
117 2 0 3,129 "117";
118 1 1 1,88 "118";
119 1 1 136,164 "119";
120 1 0 97,108 "120";
121 2 1 118,175 "121";
122 1 1 40,96 "122";
123 0 1 120,191 "123";
124 2 1 10,38 "124";
125 1 0 60,163 "125";
126 2 0 52,188 "126";
127 2 1 2,165 "127";
128 0 0 2,143 "128";
129 2 1 25,122 "129";
130 0 0 170,174 "130";
131 0 0 75,94 "131";
132 1 0 5,48 "132";
133 1 1 10,16 "133";
134 2 1 110,155 "134";
135 0 1 62,81 "135";
136 1 1 9,124 "136";
137 1 0 59,83 "137";
138 1 0 22,117 "138";
139 1 0 3,185 "139";
140 2 0 81,98 "140";
141 1 1 12,33 "141";
142 2 0 5,84 "142";
143 0 0 60,142 "143";
144 0 1 45,100 "144";
145 2 0 12,114 "145";
146 1 0 132,177 "146";
147 0 0 21,184 "147";
148 0 1 142,185 "148";
149 2 0 164,190 "149";
150 1 1 32,36 "150";
151 2 0 25,94 "151";
152 0 1 14,170 "152";
153 2 1 50,162 "153";
154 0 1 23,97 "154";
155 2 1 51,68 "155";
156 0 0 60,119 "156";
157 1 0 84,159 "157";
158 2 0 163,187 "158";
159 1 1 105,167 "159";
160 1 1 39,54 "160";
161 1 0 86,129 "161";
162 0 1 3,127 "162";
163 0 1 71,118 "163";
164 1 0 125,134 "164";
165 0 1 128,130 "165";
166 2 0 120,152 "166";
167 0 0 53,145 "167";
168 2 1 100,134 "168";
169 2 0 86,133 "169";
170 2 0 97,106 "170";
171 0 0 141,151 "171";
172 2 1 44,187 "172";
173 2 1 50,67 "173";
174 0 0 108,172 "174";
175 0 1 37,176 "175";
176 1 0 32,84 "176";
177 1 0 50,92 "177";
178 2 0 18,160 "178";
179 2 0 6,15 "179";
180 0 1 63,168 "180";
181 2 1 59,114 "181";
182 2 1 4,169 "182";
183 1 0 39,109 "183";
184 2 1 136,183 "184";
185 2 0 182,187 "185";
186 2 0 100,133 "186";
187 1 0 118,121 "187";
188 0 0 20,26 "188";
189 2 1 57,72 "189";
190 1 0 115,132 "190";
191 0 1 129,166 "191";
192 2 0 133,193 "192";
193 1 0 97,177 "193";
194 1 0 25,102 "194";
