parity 129;
0 1 1 2,23 "0";
1 0 0 24,42 "1";
2 2 0 47,116 "2";
3 1 1 15,37 "3";
4 1 0 44,48 "4";
5 0 0 11,93 "5";
6 2 1 87,101 "6";
7 2 1 39,83 "7";
8 0 0 76,92 "8";
9 2 0 34,77 "9";
10 2 1 25,37 "10";
11 0 0 12,47 "11";
12 2 1 79,111 "12";
13 0 0 98,129 "13";
14 1 0 8,106 "14";
15 1 1 80,95 "15";
16 0 1 88,117 "16";
17 2 0 16,88 "17";
18 0 0 81,118 "18";
19 1 1 11,46 "19";
20 1 0 5,85 "20";
21 2 0 0,83 "21";
22 2 1 71,100 "22";
23 0 1 27,69 "23";
24 0 0 80,103 "24";
25 0 0 0,117 "25";
26 2 0 84,86 "26";
27 1 1 69,127 "27";
28 1 0 65,88 "28";
29 2 1 14,67 "29";
30 2 0 17,35 "30";
31 2 1 26,85 "31";
32 0 0 31,85 "32";
33 0 1 10,97 "33";
34 0 1 3,69 "34";
35 1 0 16,125 "35";
36 2 1 20,129 "36";
37 1 1 50,112 "37";
38 2 0 76,101 "38";
39 1 1 20,98 "39";
40 2 0 57,83 "40";
41 1 0 12,77 "41";
42 1 1 21,84 "42";
43 2 0 4,9 "43";
44 0 0 42,81 "44";
45 1 1 23,85 "45";
46 2 1 32,74 "46";
47 1 1 92,97 "47";
48 1 1 3,96 "48";
49 1 0 96,109 "49";
50 1 1 47,71 "50";
51 0 1 29,37 "51";
52 0 0 44,126 "52";
53 2 0 1,46 "53";
54 0 1 32,100 "54";
55 1 1 9,126 "55";
56 2 0 39,94 "56";
57 1 1 36,103 "57";
58 2 1 74,93 "58";
59 1 0 4,70 "59";
60 1 0 11,105 "60";
61 0 0 43,92 "61";
62 2 1 71,77 "62";
63 2 1 10,82 "63";
64 1 1 74,120 "64";
65 0 1 38,78 "65";
66 1 0 4,114 "66";
67 1 1 54,112 "67";
68 1 0 43,93 "68";
69 0 1 40,103 "69";
70 0 0 78,102 "70";
71 0 0 88,91 "71";
72 1 0 47,58 "72";
73 1 1 12,58 "73";
74 0 0 43,55 "74";
75 2 0 7,31 "75";
76 0 0 10,22 "76";
77 0 1 6,74 "77";
78 2 0 4,113 "78";
79 1 1 55,125 "79";
80 1 0 27,98 "80";
81 0 0 27,86 "81";
82 0 0 16,110 "82";
83 0 1 35,54 "83";
84 0 0 61,77 "84";
85 0 1 38,77 "85";
86 0 1 0,128 "86";
87 1 0 37,80 "87";
88 0 1 90,115 "88";
89 0 1 18,60 "89";
90 1 0 3,98 "90";
91 0 0 73,105 "91";
92 1 0 84,126 "92";
93 2 1 18,60 "93";
94 1 0 38,63 "94";
95 0 0 48,122 "95";
96 2 0 6,113 "96";
97 0 0 40,72 "97";
98 0 0 7,34 "98";
99 1 0 95,109 "99";
100 0 1 3,81 "100";
101 2 0 51,114 "101";
102 1 0 4,87 "102";
103 2 1 9,126 "103";
104 1 0 28,67 "104";
105 0 1 5,76 "105";
106 2 0 54,125 "106";
107 1 1 46,120 "107";
108 1 0 40,76 "108";
109 1 0 7,43 "109";
110 2 0 7,17 "110";
111 1 0 27,75 "111";
112 1 1 54,106 "112";
113 0 0 4,12 "113";
114 1 0 36,87 "114";
115 1 0 73,111 "115";
116 1 0 21,115 "116";
117 1 1 48,70 "117";
118 1 0 44,84 "118";
119 2 0 79,87 "119";
120 0 0 0,18 "120";
121 2 1 74,118 "121";
122 2 1 13,70 "122";
123 2 0 25,95 "123";
124 2 0 67,88 "124";
125 1 0 71,116 "125";
126 2 0 90,124 "126";
127 2 1 49,96 "127";
128 0 0 10,109 "128";
129 2 1 10,107 "129";
