parity 139;
0 2 1 6,117 "0";
1 2 1 12,126 "1";
2 1 0 20,128 "2";
3 1 0 23,138 "3";
4 2 1 81,91 "4";
5 2 0 24,54 "5";
6 2 1 39,100 "6";
7 1 1 0,103 "7";
8 2 1 32,101 "8";
9 0 1 5,18 "9";
10 0 1 33,109 "10";
11 2 0 47,59 "11";
12 2 1 25,106 "12";
13 1 0 50,91 "13";
14 0 1 1,119 "14";
15 0 0 106,112 "15";
16 0 0 12,103 "16";
17 1 0 27,59 "17";
18 2 1 78,106 "18";
19 1 0 81,112 "19";
20 0 0 6,138 "20";
21 2 0 4,91 "21";
22 1 0 41,47 "22";
23 1 1 75,103 "23";
24 0 0 31,50 "24";
25 1 1 51,91 "25";
26 0 0 73,125 "26";
27 1 0 66,103 "27";
28 0 0 72,98 "28";
29 1 0 61,90 "29";
30 1 0 75,132 "30";
31 1 1 20,78 "31";
32 1 1 8,98 "32";
33 2 1 56,107 "33";
34 1 0 33,61 "34";
35 1 0 37,138 "35";
36 1 1 46,51 "36";
37 2 0 25,137 "37";
38 1 0 75,131 "38";
39 0 1 8,53 "39";
40 1 1 94,138 "40";
41 1 0 49,51 "41";
42 1 0 100,127 "42";
43 0 0 34,95 "43";
44 1 0 62,81 "44";
45 2 0 60,112 "45";
46 0 1 16,69 "46";
47 2 1 95,98 "47";
48 1 1 116,126 "48";
49 2 1 25,31 "49";
50 0 0 66,109 "50";
51 0 1 34,112 "51";
52 0 0 36,117 "52";
53 0 0 47,105 "53";
54 2 0 64,72 "54";
55 2 1 54,93 "55";
56 2 1 58,72 "56";
57 1 1 21,128 "57";
58 1 0 119,132 "58";
59 1 0 33,67 "59";
60 1 1 11,90 "60";
61 0 1 23,51 "61";
62 1 0 63,106 "62";
63 0 0 18,69 "63";
64 0 0 104,120 "64";
65 1 1 17,45 "65";
66 0 1 23,124 "66";
67 2 0 110,129 "67";
68 1 1 71,89 "68";
69 2 0 59,125 "69";
70 1 1 13,31 "70";
71 2 0 92,134 "71";
72 1 1 32,47 "72";
73 0 1 50,97 "73";
74 2 0 41,107 "74";
75 2 1 3,90 "75";
76 1 0 47,120 "76";
77 0 1 66,76 "77";
78 1 0 41,47 "78";
79 2 0 2,112 "79";
80 0 1 52,102 "80";
81 0 1 36,94 "81";
82 1 1 56,134 "82";
83 1 0 29,134 "83";
84 2 0 23,127 "84";
85 1 0 77,105 "85";
86 2 1 22,88 "86";
87 1 0 21,138 "87";
88 1 1 13,105 "88";
89 2 0 70,132 "89";
90 2 1 9,51 "90";
91 0 0 8,66 "91";
92 0 1 86,124 "92";
93 2 0 99,132 "93";
94 1 1 78,119 "94";
95 1 0 35,38 "95";
96 2 1 9,138 "96";
97 2 0 9,31 "97";
98 2 0 44,129 "98";
99 1 1 102,133 "99";
100 0 1 28,31 "100";
101 2 0 34,47 "101";
102 0 1 11,84 "102";
103 0 1 13,126 "103";
104 2 1 36,117 "104";
105 2 0 2,81 "105";
106 0 0 24,84 "106";
107 2 1 37,44 "107";
108 2 1 41,120 "108";
109 0 1 107,135 "109";
110 2 1 64,109 "110";
111 0 1 32,100 "111";
112 0 1 90,111 "112";
113 0 0 16,122 "113";
114 2 0 13,35 "114";
115 2 0 25,134 "115";
116 2 0 6,44 "116";
117 0 0 14,45 "117";
118 0 1 35,70 "118";
119 1 1 8,78 "119";
120 0 0 29,114 "120";
121 0 0 5,103 "121";
122 0 1 62,76 "122";
123 2 1 1,105 "123";
124 1 1 71,90 "124";
125 1 1 28,42 "125";
126 0 1 0,123 "126";
127 0 0 14,32 "127";
128 0 1 124,127 "128";
129 0 1 39,57 "129";
130 0 0 28,85 "130";
131 0 1 11,58 "131";
132 2 0 40,87 "132";
133 2 0 109,112 "133";
134 0 1 90,96 "134";
135 2 1 108,111 "135";
136 2 1 7,135 "136";
137 0 0 31,129 "137";
138 0 0 91,125 "138";
139 0 0 32,100 "139";
