parity 164;
0 2 1 103,105 "0";
1 0 0 74,153 "1";
2 2 0 66,96 "2";
3 2 0 65,94 "3";
4 0 1 10,42 "4";
5 2 1 69,110 "5";
6 2 0 87,161 "6";
7 0 1 101,156 "7";
8 2 1 137,143 "8";
9 0 0 4,7 "9";
10 1 1 132,158 "10";
11 0 0 118,148 "11";
12 0 0 4,46 "12";
13 2 0 141,157 "13";
14 0 1 41,73 "14";
15 2 1 20,159 "15";
16 2 0 102,128 "16";
17 0 1 41,137 "17";
18 0 1 146,160 "18";
19 2 1 54,110 "19";
20 1 1 77,79 "20";
21 2 1 73,127 "21";
22 0 0 41,111 "22";
23 0 1 76,156 "23";
24 0 0 123,124 "24";
25 1 1 69,109 "25";
26 0 1 96,138 "26";
27 1 0 10,28 "27";
28 2 1 60,82 "28";
29 1 1 54,72 "29";
30 1 1 43,131 "30";
31 0 0 98,161 "31";
32 1 0 74,145 "32";
33 2 0 80,137 "33";
34 2 0 51,122 "34";
35 0 0 12,54 "35";
36 0 0 9,91 "36";
37 2 1 29,58 "37";
38 1 0 96,155 "38";
39 1 1 46,136 "39";
40 0 1 2,138 "40";
41 2 0 4,96 "41";
42 1 0 86,101 "42";
43 0 0 68,131 "43";
44 0 0 42,163 "44";
45 1 0 10,97 "45";
46 1 1 103,125 "46";
47 1 0 5,14 "47";
48 0 1 94,105 "48";
49 1 1 32,43 "49";
50 0 1 63,134 "50";
51 0 1 62,152 "51";
52 0 0 8,57 "52";
53 1 0 66,146 "53";
54 0 0 1,35 "54";
55 2 1 42,86 "55";
56 1 1 152,159 "56";
57 2 0 21,153 "57";
58 0 1 41,70 "58";
59 1 0 60,149 "59";
60 2 1 2,9 "60";
61 0 1 11,140 "61";
62 0 1 139,153 "62";
63 1 0 35,136 "63";
64 0 1 78,108 "64";
65 2 0 18,156 "65";
66 0 1 36,88 "66";
67 0 0 82,134 "67";
68 0 1 70,149 "68";
69 0 1 79,126 "69";
70 2 1 25,138 "70";
71 2 0 96,139 "71";
72 1 1 22,128 "72";
73 1 1 31,107 "73";
74 2 0 40,107 "74";
75 0 0 42,115 "75";
76 1 1 18,21 "76";
77 2 0 90,158 "77";
78 0 1 70,95 "78";
79 1 0 61,65 "79";
80 1 1 77,160 "80";
81 1 0 87,107 "81";
82 2 1 61,159 "82";
83 0 1 86,88 "83";
84 2 1 82,101 "84";
85 2 1 83,103 "85";
86 0 1 77,96 "86";
87 2 0 71,125 "87";
88 1 0 29,31 "88";
89 2 0 9,132 "89";
90 2 1 138,148 "90";
91 0 0 78,112 "91";
92 1 1 0,134 "92";
93 2 1 40,115 "93";
94 0 1 117,129 "94";
95 2 0 1,110 "95";
96 0 1 50,114 "96";
97 0 0 41,119 "97";
98 1 0 67,135 "98";
99 0 0 143,144 "99";
100 1 0 94,159 "100";
101 2 1 49,124 "101";
102 2 1 27,152 "102";
103 1 1 84,93 "103";
104 1 0 10,90 "104";
105 2 1 70,84 "105";
106 2 0 5,78 "106";
107 1 0 74,118 "107";
108 1 1 3,143 "108";
109 2 1 132,153 "109";
110 0 0 68,159 "110";
111 2 0 94,154 "111";
112 1 0 128,138 "112";
113 1 0 103,145 "113";
114 0 1 45,159 "114";
115 0 0 61,143 "115";
116 0 0 39,114 "116";
117 1 1 8,75 "117";
118 0 0 47,60 "118";
119 0 0 10,107 "119";
120 0 0 73,147 "120";
121 2 0 20,105 "121";
122 2 1 102,121 "122";
123 2 0 13,129 "123";
124 2 1 14,18 "124";
125 1 1 39,56 "125";
126 0 1 51,61 "126";
127 1 1 59,104 "127";
128 0 1 67,130 "128";
129 1 1 28,151 "129";
130 1 1 98,146 "130";
131 0 1 69,161 "131";
132 2 1 26,141 "132";
133 1 1 17,164 "133";
134 0 0 55,66 "134";
135 0 0 33,43 "135";
136 0 1 9,12 "136";
137 0 1 81,96 "137";
138 0 1 57,86 "138";
139 0 1 76,103 "139";
140 0 0 25,52 "140";
141 0 0 131,138 "141";
142 0 1 5,164 "142";
143 2 1 57,104 "143";
144 2 1 65,75 "144";
145 0 1 131,139 "145";
146 0 1 20,43 "146";
147 0 1 97,150 "147";
148 1 1 94,108 "148";
149 0 1 0,158 "149";
150 0 1 60,143 "150";
151 0 1 1,117 "151";
152 0 1 131,153 "152";
153 2 1 84,103 "153";
154 1 1 15,140 "154";
155 1 0 67,99 "155";
156 1 1 28,155 "156";
157 1 1 36,160 "157";
158 0 0 74,92 "158";
159 1 0 15,39 "159";
160 2 1 15,60 "160";
161 1 1 52,128 "161";
162 2 0 48,156 "162";
163 1 1 27,164 "163";
164 1 1 133,152 "164";
