parity 134;
0 0 0 20,61 "0";
1 2 0 11,67 "1";
2 2 0 82,96 "2";
3 1 1 16,78 "3";
4 1 0 22,91 "4";
5 0 0 98,116 "5";
6 0 1 38,55 "6";
7 0 1 17,128 "7";
8 2 1 37,72 "8";
9 2 1 2,5 "9";
10 0 1 26,28 "10";
11 2 0 0,29 "11";
12 2 0 13,133 "12";
13 1 0 105,126 "13";
14 2 0 13,83 "14";
15 1 1 108,122 "15";
16 1 1 17,130 "16";
17 1 0 25,66 "17";
18 2 1 19,92 "18";
19 1 1 35,65 "19";
20 2 1 111,130 "20";
21 0 1 26,29 "21";
22 1 1 23,133 "22";
23 1 1 64,107 "23";
24 1 0 59,83 "24";
25 1 0 103,105 "25";
26 1 0 9,41 "26";
27 2 0 3,70 "27";
28 2 0 71,91 "28";
29 1 1 14,125 "29";
30 1 0 18,121 "30";
31 0 1 80,103 "31";
32 0 0 67,94 "32";
33 2 1 25,85 "33";
34 2 1 0,40 "34";
35 0 1 36,124 "35";
36 2 0 15,33 "36";
37 1 0 103,112 "37";
38 1 1 27,114 "38";
39 2 1 4,41 "39";
40 2 0 28,91 "40";
41 0 0 21,47 "41";
42 1 0 5,9 "42";
43 1 0 63,99 "43";
44 1 0 1,32 "44";
45 2 0 4,94 "45";
46 1 1 61,80 "46";
47 1 1 61,90 "47";
48 2 0 88,120 "48";
49 1 1 85,126 "49";
50 2 1 68,118 "50";
51 1 1 14,68 "51";
52 1 0 57,110 "52";
53 2 0 23,95 "53";
54 1 0 16,117 "54";
55 1 0 71,117 "55";
56 0 0 14,86 "56";
57 1 1 38,68 "57";
58 2 0 10,61 "58";
59 2 1 35,105 "59";
60 1 1 107,125 "60";
61 2 0 4,20 "61";
62 0 0 20,127 "62";
63 0 0 17,42 "63";
64 1 1 19,70 "64";
65 0 1 13,91 "65";
66 2 0 16,107 "66";
67 1 1 60,129 "67";
68 0 1 58,102 "68";
69 2 1 54,59 "69";
70 2 1 79,105 "70";
71 2 0 90,114 "71";
72 0 0 20,25 "72";
73 1 0 11,121 "73";
74 2 1 35,46 "74";
75 2 1 105,132 "75";
76 2 0 85,93 "76";
77 0 1 47,113 "77";
78 1 0 110,113 "78";
79 1 0 95,98 "79";
80 2 0 100,130 "80";
81 0 0 33,102 "81";
82 0 0 40,134 "82";
83 0 1 1,96 "83";
84 0 1 1,97 "84";
85 0 1 23,99 "85";
86 2 0 15,128 "86";
87 2 0 49,126 "87";
88 0 1 111,121 "88";
89 1 1 70,114 "89";
90 2 1 18,99 "90";
91 0 0 90,99 "91";
92 2 0 9,105 "92";
93 0 0 83,118 "93";
94 2 1 59,109 "94";
95 0 1 32,83 "95";
96 1 0 68,115 "96";
97 1 0 2,91 "97";
98 1 1 0,123 "98";
99 2 0 60,119 "99";
100 2 0 21,39 "100";
101 2 0 68,74 "101";
102 1 1 64,71 "102";
103 0 1 38,110 "103";
104 1 0 67,118 "104";
105 0 1 61,92 "105";
106 1 1 80,102 "106";
107 1 0 3,74 "107";
108 0 0 38,49 "108";
109 2 0 48,97 "109";
110 0 0 21,29 "110";
111 0 1 20,128 "111";
112 1 0 41,58 "112";
113 0 0 26,38 "113";
114 1 0 34,77 "114";
115 0 0 58,72 "115";
116 1 0 13,122 "116";
117 2 1 20,129 "117";
118 1 1 60,101 "118";
119 2 1 71,75 "119";
120 2 0 24,44 "120";
121 1 0 15,93 "121";
122 2 0 55,114 "122";
123 0 1 27,89 "123";
124 1 1 4,14 "124";
125 0 0 14,118 "125";
126 1 1 101,102 "126";
127 0 1 28,48 "127";
128 1 0 49,134 "128";
129 0 0 87,89 "129";
130 0 0 7,115 "130";
131 2 0 8,76 "131";
132 0 0 3,61 "132";
133 1 0 29,55 "133";
134 2 1 62,115 "134";
