parity 144;
0 2 0 80,104 "0";
1 2 1 38,136 "1";
2 0 0 9,15 "2";
3 2 1 77,129 "3";
4 1 1 82,90 "4";
5 0 0 46,82 "5";
6 2 1 1,27 "6";
7 2 0 6,56 "7";
8 2 1 16,38 "8";
9 2 0 134,138 "9";
10 2 0 37,71 "10";
11 2 1 45,137 "11";
12 2 0 39,135 "12";
13 2 1 15,70 "13";
14 1 0 30,102 "14";
15 0 0 59,71 "15";
16 2 1 105,118 "16";
17 2 1 29,59 "17";
18 1 0 45,65 "18";
19 0 1 72,89 "19";
20 0 0 3,21 "20";
21 1 0 51,129 "21";
22 0 1 109,122 "22";
23 2 0 67,137 "23";
24 1 0 60,79 "24";
25 1 1 9,46 "25";
26 2 1 61,70 "26";
27 2 0 21,144 "27";
28 0 0 35,124 "28";
29 2 0 24,45 "29";
30 1 0 26,132 "30";
31 1 0 28,114 "31";
32 2 0 41,96 "32";
33 1 1 43,119 "33";
34 2 1 33,73 "34";
35 0 0 109,110 "35";
36 2 0 71,103 "36";
37 1 0 17,118 "37";
38 2 1 82,117 "38";
39 0 0 14,66 "39";
40 0 0 96,135 "40";
41 1 0 32,97 "41";
42 0 1 70,119 "42";
43 1 0 3,14 "43";
44 2 1 46,79 "44";
45 1 0 35,60 "45";
46 2 0 35,88 "46";
47 1 0 30,92 "47";
48 1 1 59,76 "48";
49 1 0 85,93 "49";
50 0 1 100,111 "50";
51 0 1 44,143 "51";
52 2 1 129,132 "52";
53 0 1 4,76 "53";
54 0 1 66,73 "54";
55 1 0 13,54 "55";
56 2 0 75,136 "56";
57 1 0 118,120 "57";
58 2 1 55,77 "58";
59 2 0 5,119 "59";
60 0 1 6,49 "60";
61 0 1 7,105 "61";
62 0 1 28,74 "62";
63 2 1 25,94 "63";
64 1 0 47,119 "64";
65 2 0 33,69 "65";
66 0 0 61,87 "66";
67 2 0 47,84 "67";
68 0 1 3,61 "68";
69 0 1 47,90 "69";
70 2 1 62,124 "70";
71 0 0 16,75 "71";
72 1 0 93,106 "72";
73 0 0 30,109 "73";
74 0 0 9,43 "74";
75 1 1 95,144 "75";
76 0 0 84,106 "76";
77 1 0 65,137 "77";
78 2 1 31,77 "78";
79 2 0 33,71 "79";
80 2 0 82,120 "80";
81 1 1 110,120 "81";
82 2 0 22,121 "82";
83 1 1 85,138 "83";
84 0 1 40,97 "84";
85 2 1 75,80 "85";
86 1 0 20,65 "86";
87 2 0 9,47 "87";
88 2 0 41,136 "88";
89 1 1 12,22 "89";
90 0 0 88,130 "90";
91 2 1 50,104 "91";
92 0 1 30,117 "92";
93 1 0 19,105 "93";
94 0 1 63,144 "94";
95 0 0 49,130 "95";
96 1 0 12,119 "96";
97 2 0 81,124 "97";
98 2 1 18,45 "98";
99 2 0 22,134 "99";
100 2 0 11,75 "100";
101 1 1 102,116 "101";
102 0 0 24,122 "102";
103 0 0 93,100 "103";
104 1 1 51,118 "104";
105 1 1 73,77 "105";
106 0 1 120,125 "106";
107 2 0 115,137 "107";
108 0 1 87,131 "108";
109 1 1 46,100 "109";
110 0 0 80,106 "110";
111 2 0 78,88 "111";
112 0 1 65,76 "112";
113 0 0 4,68 "113";
114 1 0 68,86 "114";
115 0 1 17,98 "115";
116 2 1 10,62 "116";
117 0 0 58,89 "117";
118 0 1 46,116 "118";
119 2 0 11,101 "119";
120 2 0 24,81 "120";
121 2 0 65,111 "121";
122 1 0 5,94 "122";
123 2 1 10,36 "123";
124 2 1 90,120 "124";
125 0 1 42,80 "125";
126 2 1 22,53 "126";
127 1 0 63,90 "127";
128 2 1 8,12 "128";
129 2 1 69,107 "129";
130 0 1 90,102 "130";
131 0 0 0,104 "131";
132 2 1 19,75 "132";
133 2 0 82,124 "133";
134 1 1 9,15 "134";
135 1 1 72,83 "135";
136 2 0 97,121 "136";
137 2 0 10,92 "137";
138 1 0 37,126 "138";
139 0 1 80,132 "139";
140 0 1 83,100 "140";
141 0 1 14,19 "141";
142 1 1 16,46 "142";
143 1 0 98,132 "143";
144 0 1 40,120 "144";
