parity 149;
0 2 0 59,76 "0";
1 2 1 38,99 "1";
2 1 0 35,112 "2";
3 0 1 85,135 "3";
4 0 0 86,142 "4";
5 1 1 11,93 "5";
6 1 1 120,131 "6";
7 1 1 88,116 "7";
8 1 1 21,66 "8";
9 0 0 2,56 "9";
10 0 1 12,99 "10";
11 0 0 1,82 "11";
12 1 0 94,110 "12";
13 1 0 102,123 "13";
14 0 1 73,106 "14";
15 2 0 87,96 "15";
16 2 0 22,61 "16";
17 0 0 4,63 "17";
18 2 1 3,12 "18";
19 2 0 17,26 "19";
20 2 0 68,80 "20";
21 0 1 39,99 "21";
22 2 1 117,124 "22";
23 0 1 48,114 "23";
24 2 1 108,126 "24";
25 1 0 13,82 "25";
26 0 0 13,44 "26";
27 2 1 98,144 "27";
28 1 0 30,58 "28";
29 2 1 10,31 "29";
30 0 0 16,78 "30";
31 0 0 44,118 "31";
32 0 0 54,141 "32";
33 1 0 70,118 "33";
34 0 0 64,122 "34";
35 0 1 12,107 "35";
36 2 0 55,98 "36";
37 2 1 82,92 "37";
38 1 0 103,140 "38";
39 1 0 51,75 "39";
40 2 1 74,144 "40";
41 2 1 89,129 "41";
42 1 0 50,90 "42";
43 2 1 33,63 "43";
44 2 0 59,93 "44";
45 0 0 46,77 "45";
46 2 0 52,139 "46";
47 0 0 27,73 "47";
48 1 0 21,89 "48";
49 1 1 70,117 "49";
50 2 0 78,95 "50";
51 1 0 101,134 "51";
52 1 0 45,79 "52";
53 1 1 96,122 "53";
54 0 0 39,122 "54";
55 0 1 63,81 "55";
56 1 1 75,114 "56";
57 1 0 35,60 "57";
58 2 1 56,74 "58";
59 1 0 58,70 "59";
60 0 1 0,108 "60";
61 2 1 7,96 "61";
62 0 0 18,66 "62";
63 0 1 52,137 "63";
64 2 1 108,130 "64";
65 1 0 37,132 "65";
66 1 1 2,32 "66";
67 0 0 56,122 "67";
68 2 0 5,25 "68";
69 2 0 112,126 "69";
70 0 0 25,28 "70";
71 1 1 96,101 "71";
72 0 0 110,127 "72";
73 0 0 40,74 "73";
74 2 0 5,113 "74";
75 1 1 35,93 "75";
76 0 1 7,10 "76";
77 1 0 8,132 "77";
78 2 1 98,107 "78";
79 2 0 45,65 "79";
80 2 1 69,83 "80";
81 0 1 14,37 "81";
82 2 0 56,74 "82";
83 0 0 96,119 "83";
84 2 1 14,131 "84";
85 2 1 27,117 "85";
86 1 0 12,99 "86";
87 0 1 43,74 "87";
88 0 0 16,56 "88";
89 2 0 94,146 "89";
90 1 1 11,135 "90";
91 1 0 0,144 "91";
92 2 1 63,113 "92";
93 0 1 82,131 "93";
94 2 1 106,135 "94";
95 0 1 74,80 "95";
96 0 0 92,114 "96";
97 0 0 107,126 "97";
98 2 0 23,59 "98";
99 2 1 25,139 "99";
100 2 1 53,94 "100";
101 0 1 90,103 "101";
102 0 0 32,93 "102";
103 2 1 27,88 "103";
104 0 1 83,106 "104";
105 0 0 111,143 "105";
106 0 0 92,121 "106";
107 0 0 2,18 "107";
108 1 0 16,140 "108";
109 0 1 85,132 "109";
110 2 1 72,115 "110";
111 1 1 46,95 "111";
112 1 0 126,136 "112";
113 2 1 46,85 "113";
114 2 1 41,56 "114";
115 2 0 86,146 "115";
116 0 0 27,90 "116";
117 1 0 25,66 "117";
118 2 0 137,144 "118";
119 2 0 6,75 "119";
120 0 0 127,149 "120";
121 0 1 68,75 "121";
122 0 0 87,141 "122";
123 1 1 11,126 "123";
124 2 1 34,97 "124";
125 2 1 61,129 "125";
126 1 0 27,86 "126";
127 0 0 101,129 "127";
128 2 1 33,57 "128";
129 0 1 53,119 "129";
130 0 0 22,38 "130";
131 2 1 42,106 "131";
132 2 0 15,48 "132";
133 2 1 17,19 "133";
134 0 1 6,45 "134";
135 1 1 82,88 "135";
136 0 1 5,51 "136";
137 2 1 79,125 "137";
138 2 1 68,84 "138";
139 2 1 25,131 "139";
140 1 1 76,91 "140";
141 2 1 56,136 "141";
142 2 1 62,101 "142";
143 2 1 23,138 "143";
144 1 1 53,136 "144";
145 2 0 101,127 "145";
146 2 1 29,33 "146";
147 0 1 37,127 "147";
148 1 1 31,147 "148";
149 2 0 19,58 "149";
