parity 114;
0 0 0 8,38 "0";
1 0 0 13,52 "1";
2 1 1 34,109 "2";
3 2 1 61,71 "3";
4 0 1 7,31 "4";
5 0 1 0,7 "5";
6 1 1 84,98 "6";
7 2 1 40,70 "7";
8 2 1 78,95 "8";
9 1 1 41,66 "9";
10 0 1 21,82 "10";
11 0 0 10,43 "11";
12 0 1 91,110 "12";
13 0 1 74,103 "13";
14 0 0 41,58 "14";
15 0 1 33,91 "15";
16 2 0 81,89 "16";
17 1 1 34,91 "17";
18 0 0 6,17 "18";
19 0 0 26,39 "19";
20 0 1 46,94 "20";
21 1 0 49,53 "21";
22 0 0 11,51 "22";
23 2 0 25,66 "23";
24 2 1 68,105 "24";
25 0 1 7,63 "25";
26 0 1 21,75 "26";
27 2 1 18,78 "27";
28 1 0 21,114 "28";
29 1 1 47,78 "29";
30 0 0 101,106 "30";
31 0 1 100,110 "31";
32 2 1 4,60 "32";
33 0 1 30,89 "33";
34 1 1 20,24 "34";
35 0 0 12,38 "35";
36 1 0 49,113 "36";
37 2 1 12,80 "37";
38 0 1 6,74 "38";
39 1 0 7,53 "39";
40 2 0 44,94 "40";
41 1 0 55,114 "41";
42 1 0 47,95 "42";
43 0 0 24,84 "43";
44 0 1 9,91 "44";
45 2 1 26,96 "45";
46 1 0 76,111 "46";
47 2 1 103,106 "47";
48 2 0 24,60 "48";
49 1 0 2,98 "49";
50 2 1 18,58 "50";
51 1 1 74,89 "51";
52 1 1 90,106 "52";
53 0 1 32,86 "53";
54 0 0 82,104 "54";
55 2 0 37,93 "55";
56 0 1 44,79 "56";
57 0 1 2,46 "57";
58 0 1 47,80 "58";
59 2 0 16,88 "59";
60 1 0 61,110 "60";
61 2 1 29,95 "61";
62 1 1 33,59 "62";
63 1 1 35,104 "63";
64 2 0 14,41 "64";
65 0 0 1,92 "65";
66 1 0 35,84 "66";
67 1 0 68,71 "67";
68 0 0 84,101 "68";
69 2 1 79,111 "69";
70 2 0 13,78 "70";
71 0 1 37,114 "71";
72 0 0 15,39 "72";
73 1 0 7,98 "73";
74 2 1 28,73 "74";
75 0 1 3,94 "75";
76 0 0 73,112 "76";
77 2 1 40,83 "77";
78 2 0 24,109 "78";
79 0 1 67,104 "79";
80 0 0 20,89 "80";
81 2 1 12,37 "81";
82 1 0 34,62 "82";
83 1 1 51,111 "83";
84 2 0 3,60 "84";
85 0 1 26,51 "85";
86 2 0 40,67 "86";
87 0 0 110,114 "87";
88 1 0 25,63 "88";
89 0 1 39,105 "89";
90 0 1 48,112 "90";
91 0 1 54,71 "91";
92 2 1 23,53 "92";
93 2 0 29,103 "93";
94 2 1 0,77 "94";
95 2 1 25,43 "95";
96 2 0 3,20 "96";
97 0 1 3,72 "97";
98 1 0 19,47 "98";
99 1 1 13,79 "99";
100 1 0 57,67 "100";
101 2 0 69,99 "101";
102 2 0 28,74 "102";
103 0 1 10,54 "103";
104 0 0 40,76 "104";
105 1 0 15,75 "105";
106 2 0 51,96 "106";
107 1 0 0,38 "107";
108 0 1 31,60 "108";
109 2 0 68,96 "109";
110 0 0 49,80 "110";
111 2 1 77,90 "111";
112 0 0 7,27 "112";
113 0 0 79,111 "113";
114 1 0 65,113 "114";
