parity 154;
0 2 0 3,100 "0";
1 1 1 31,66 "1";
2 0 0 94,142 "2";
3 1 0 17,53 "3";
4 1 0 89,103 "4";
5 0 1 79,152 "5";
6 1 0 25,78 "6";
7 0 0 52,83 "7";
8 1 1 18,86 "8";
9 0 0 39,136 "9";
10 0 0 98,118 "10";
11 2 0 89,100 "11";
12 2 1 55,138 "12";
13 0 0 22,74 "13";
14 0 0 69,143 "14";
15 2 0 5,109 "15";
16 1 0 5,24 "16";
17 2 1 22,104 "17";
18 1 1 31,36 "18";
19 2 1 38,94 "19";
20 0 0 10,117 "20";
21 0 0 71,107 "21";
22 0 1 39,95 "22";
23 2 1 3,140 "23";
24 2 0 22,142 "24";
25 1 1 42,122 "25";
26 1 1 15,70 "26";
27 1 0 64,99 "27";
28 1 0 51,150 "28";
29 1 0 43,110 "29";
30 0 0 66,116 "30";
31 2 1 3,84 "31";
32 1 1 9,76 "32";
33 2 0 95,128 "33";
34 2 0 119,144 "34";
35 0 1 29,59 "35";
36 1 1 35,108 "36";
37 2 0 108,150 "37";
38 1 0 8,69 "38";
39 1 1 90,96 "39";
40 1 0 9,30 "40";
41 1 1 18,123 "41";
42 2 0 51,55 "42";
43 2 1 5,68 "43";
44 2 1 40,52 "44";
45 2 1 19,88 "45";
46 2 0 59,149 "46";
47 0 0 10,88 "47";
48 1 0 81,95 "48";
49 2 0 2,76 "49";
50 1 0 17,77 "50";
51 0 0 58,97 "51";
52 2 1 97,103 "52";
53 2 1 84,141 "53";
54 1 0 55,87 "54";
55 1 1 42,73 "55";
56 2 0 36,72 "56";
57 1 1 5,52 "57";
58 2 0 42,117 "58";
59 1 0 23,111 "59";
60 0 1 18,66 "60";
61 2 1 83,105 "61";
62 1 0 7,103 "62";
63 1 0 82,108 "63";
64 0 1 37,60 "64";
65 1 0 41,132 "65";
66 1 1 124,151 "66";
67 2 1 76,153 "67";
68 2 1 50,59 "68";
69 1 1 119,125 "69";
70 0 0 83,131 "70";
71 2 1 8,107 "71";
72 0 1 124,143 "72";
73 0 1 35,83 "73";
74 2 0 49,94 "74";
75 0 1 2,36 "75";
76 1 0 62,108 "76";
77 0 0 4,122 "77";
78 1 0 116,136 "78";
79 2 0 46,76 "79";
80 0 1 109,110 "80";
81 2 1 53,71 "81";
82 2 1 104,135 "82";
83 1 1 108,110 "83";
84 2 0 149,152 "84";
85 1 1 12,140 "85";
86 0 1 111,127 "86";
87 0 0 36,114 "87";
88 0 0 57,139 "88";
89 2 1 2,25 "89";
90 1 1 15,71 "90";
91 2 1 120,122 "91";
92 0 0 25,117 "92";
93 0 1 0,76 "93";
94 2 0 12,81 "94";
95 1 1 31,89 "95";
96 2 1 89,139 "96";
97 0 1 12,127 "97";
98 0 0 70,75 "98";
99 0 1 73,137 "99";
100 2 1 32,106 "100";
101 0 0 46,103 "101";
102 1 0 36,41 "102";
103 1 1 86,124 "103";
104 2 1 81,147 "104";
105 0 1 83,152 "105";
106 2 0 1,122 "106";
107 1 0 136,148 "107";
108 1 1 48,54 "108";
109 2 0 26,134 "109";
110 2 1 1,18 "110";
111 0 1 37,142 "111";
112 0 1 9,39 "112";
113 2 0 123,125 "113";
114 2 0 75,153 "114";
115 0 1 64,108 "115";
116 1 0 36,73 "116";
117 1 0 43,139 "117";
118 2 0 80,144 "118";
119 2 1 3,108 "119";
120 2 1 57,132 "120";
121 1 1 1,133 "121";
122 1 1 81,110 "122";
123 1 0 22,52 "123";
124 2 1 111,132 "124";
125 1 1 10,79 "125";
126 1 0 11,70 "126";
127 2 1 14,51 "127";
128 0 0 31,125 "128";
129 0 1 67,133 "129";
130 1 0 84,154 "130";
131 0 0 41,77 "131";
132 2 1 6,59 "132";
133 0 0 3,7 "133";
134 0 0 53,121 "134";
135 2 0 25,65 "135";
136 0 1 13,54 "136";
137 2 0 12,143 "137";
138 0 0 8,66 "138";
139 0 0 12,64 "139";
140 2 1 34,124 "140";
141 1 1 126,150 "141";
142 0 1 65,117 "142";
143 2 1 18,97 "143";
144 2 0 7,123 "144";
145 1 1 65,78 "145";
146 1 0 72,150 "146";
147 1 0 75,132 "147";
148 2 0 104,138 "148";
149 2 1 40,57 "149";
150 1 0 67,122 "150";
151 0 1 25,112 "151";
152 1 0 3,89 "152";
153 1 0 43,136 "153";
154 0 1 2,127 "154";
