parity 154;
0 2 0 57,82 "0";
1 1 0 94,137 "1";
2 0 0 44,137 "2";
3 0 1 18,61 "3";
4 1 0 83,137 "4";
5 2 0 64,148 "5";
6 0 1 19,109 "6";
7 2 0 98,117 "7";
8 0 0 30,62 "8";
9 2 1 36,116 "9";
10 2 1 18,74 "10";
11 0 0 55,140 "11";
12 1 1 26,99 "12";
13 0 0 77,83 "13";
14 1 0 25,106 "14";
15 2 0 44,65 "15";
16 0 0 58,73 "16";
17 2 1 73,153 "17";
18 0 0 60,75 "18";
19 0 1 132,143 "19";
20 0 1 82,141 "20";
21 1 1 81,117 "21";
22 0 0 43,133 "22";
23 2 1 24,87 "23";
24 1 0 86,152 "24";
25 2 1 2,53 "25";
26 0 0 94,126 "26";
27 0 0 80,124 "27";
28 1 1 76,141 "28";
29 0 0 70,82 "29";
30 1 0 137,140 "30";
31 0 1 0,39 "31";
32 2 0 89,111 "32";
33 1 1 122,143 "33";
34 1 0 35,49 "34";
35 1 1 1,44 "35";
36 1 0 69,140 "36";
37 2 0 15,126 "37";
38 1 0 1,59 "38";
39 0 0 97,129 "39";
40 1 1 48,129 "40";
41 1 0 117,123 "41";
42 1 0 9,107 "42";
43 0 1 46,126 "43";
44 1 1 56,60 "44";
45 2 1 113,132 "45";
46 2 0 21,139 "46";
47 1 1 42,103 "47";
48 0 1 12,71 "48";
49 2 0 38,94 "49";
50 1 0 119,143 "50";
51 2 0 22,120 "51";
52 1 1 133,139 "52";
53 0 1 15,55 "53";
54 0 0 73,108 "54";
55 0 1 72,88 "55";
56 2 1 119,142 "56";
57 1 0 103,131 "57";
58 0 0 0,112 "58";
59 1 0 85,150 "59";
60 2 0 100,146 "60";
61 2 0 36,110 "61";
62 0 1 9,59 "62";
63 2 0 30,50 "63";
64 0 0 52,144 "64";
65 1 0 9,69 "65";
66 2 0 32,110 "66";
67 2 1 9,98 "67";
68 0 0 7,10 "68";
69 1 1 133,142 "69";
70 1 0 69,74 "70";
71 2 1 0,35 "71";
72 1 0 81,92 "72";
73 0 1 41,84 "73";
74 2 0 58,111 "74";
75 1 1 55,58 "75";
76 0 0 72,153 "76";
77 1 1 30,67 "77";
78 2 1 35,114 "78";
79 1 0 25,78 "79";
80 0 0 32,58 "80";
81 2 0 113,129 "81";
82 1 1 36,89 "82";
83 0 0 48,112 "83";
84 0 1 0,17 "84";
85 1 0 42,137 "85";
86 0 1 59,116 "86";
87 2 0 31,136 "87";
88 1 1 38,97 "88";
89 2 0 83,133 "89";
90 2 1 41,142 "90";
91 0 1 10,19 "91";
92 2 1 33,76 "92";
93 1 0 34,69 "93";
94 1 0 83,143 "94";
95 0 0 14,133 "95";
96 2 1 123,141 "96";
97 0 0 68,77 "97";
98 2 0 10,108 "98";
99 0 1 72,148 "99";
100 0 1 13,26 "100";
101 0 1 77,146 "101";
102 1 1 4,151 "102";
103 2 0 33,46 "103";
104 0 1 14,112 "104";
105 1 0 47,136 "105";
106 0 0 76,93 "106";
107 1 0 46,97 "107";
108 2 0 8,116 "108";
109 2 1 34,76 "109";
110 0 0 112,120 "110";
111 1 1 150,152 "111";
112 2 1 67,105 "112";
113 1 1 17,93 "113";
114 2 0 6,146 "114";
115 2 1 42,49 "115";
116 2 0 19,29 "116";
117 1 1 89,108 "117";
118 2 0 8,87 "118";
119 2 0 41,115 "119";
120 2 1 66,135 "120";
121 0 0 7,27 "121";
122 2 0 15,63 "122";
123 0 0 20,111 "123";
124 2 0 3,37 "124";
125 2 0 47,57 "125";
126 1 1 33,118 "126";
127 2 1 10,145 "127";
128 0 1 87,122 "128";
129 1 0 106,139 "129";
130 2 1 37,118 "130";
131 0 0 20,123 "131";
132 0 1 40,102 "132";
133 2 0 114,130 "133";
134 2 1 78,95 "134";
135 2 0 20,91 "135";
136 2 1 20,115 "136";
137 0 0 97,139 "137";
138 2 1 91,124 "138";
139 0 0 49,64 "139";
140 0 0 28,137 "140";
141 1 0 54,69 "141";
142 2 1 83,110 "142";
143 1 0 20,74 "143";
144 1 0 4,85 "144";
145 2 1 113,128 "145";
146 1 1 43,49 "146";
147 1 0 24,67 "147";
148 2 0 27,94 "148";
149 1 1 47,64 "149";
150 1 0 3,137 "150";
151 0 0 96,134 "151";
152 0 0 90,98 "152";
153 1 0 72,86 "153";
154 0 1 36,83 "154";
