parity 179;
0 0 1 94,164 "0";
1 2 0 40,142 "1";
2 1 0 62,87 "2";
3 1 1 70,115 "3";
4 2 1 48,128 "4";
5 0 0 50,65 "5";
6 0 1 17,153 "6";
7 1 1 39,57 "7";
8 2 1 28,136 "8";
9 0 0 22,67 "9";
10 0 1 90,158 "10";
11 0 0 65,87 "11";
12 2 1 56,74 "12";
13 0 1 46,135 "13";
14 0 0 126,171 "14";
15 1 0 83,114 "15";
16 2 0 75,148 "16";
17 2 1 59,113 "17";
18 2 0 14,129 "18";
19 1 0 42,84 "19";
20 1 1 147,161 "20";
21 1 1 61,166 "21";
22 0 0 33,158 "22";
23 1 1 47,90 "23";
24 1 0 60,159 "24";
25 0 0 133,149 "25";
26 0 0 15,41 "26";
27 2 0 18,62 "27";
28 1 1 133,138 "28";
29 1 0 81,97 "29";
30 1 1 62,145 "30";
31 2 1 38,126 "31";
32 1 0 21,82 "32";
33 2 0 46,152 "33";
34 0 1 43,134 "34";
35 1 1 62,159 "35";
36 2 1 19,68 "36";
37 0 1 21,141 "37";
38 0 1 52,142 "38";
39 0 1 3,9 "39";
40 0 0 50,103 "40";
41 1 0 20,142 "41";
42 0 0 11,26 "42";
43 2 1 5,44 "43";
44 0 0 23,174 "44";
45 0 0 151,170 "45";
46 2 0 39,86 "46";
47 1 1 23,40 "47";
48 1 0 119,152 "48";
49 1 1 68,114 "49";
50 1 0 0,99 "50";
51 1 0 35,141 "51";
52 1 0 102,148 "52";
53 1 1 48,52 "53";
54 1 1 24,84 "54";
55 2 1 58,96 "55";
56 0 1 151,175 "56";
57 2 1 120,132 "57";
58 2 0 108,111 "58";
59 2 0 73,125 "59";
60 2 1 92,97 "60";
61 0 1 10,14 "61";
62 2 0 56,81 "62";
63 1 1 45,54 "63";
64 1 0 22,159 "64";
65 0 0 155,173 "65";
66 2 0 99,154 "66";
67 0 0 70,84 "67";
68 2 1 121,123 "68";
69 2 1 127,154 "69";
70 1 1 88,147 "70";
71 2 1 34,86 "71";
72 1 1 23,113 "72";
73 2 0 126,170 "73";
74 1 1 42,98 "74";
75 2 0 78,107 "75";
76 0 1 29,165 "76";
77 2 0 109,140 "77";
78 1 1 105,107 "78";
79 1 0 108,112 "79";
80 0 1 90,118 "80";
81 1 0 27,45 "81";
82 2 0 4,36 "82";
83 0 1 110,173 "83";
84 0 1 139,153 "84";
85 1 1 25,143 "85";
86 2 0 16,128 "86";
87 2 1 12,129 "87";
88 0 1 34,145 "88";
89 1 0 94,138 "89";
90 2 1 138,172 "90";
91 1 0 9,80 "91";
92 2 0 93,152 "92";
93 0 0 145,164 "93";
94 1 1 56,59 "94";
95 0 1 66,116 "95";
96 2 1 30,85 "96";
97 2 1 113,127 "97";
98 2 1 51,85 "98";
99 2 1 0,61 "99";
100 1 0 12,15 "100";
101 1 1 67,108 "101";
102 1 0 31,107 "102";
103 1 1 127,175 "103";
104 1 0 47,137 "104";
105 0 1 24,120 "105";
106 0 1 65,79 "106";
107 2 1 111,153 "107";
108 0 0 52,151 "108";
109 2 1 79,95 "109";
110 1 0 17,48 "110";
111 1 0 139,177 "111";
112 0 1 43,94 "112";
113 0 1 142,176 "113";
114 1 1 83,98 "114";
115 1 1 51,55 "115";
116 2 0 18,137 "116";
117 0 1 74,177 "117";
118 2 0 116,134 "118";
119 0 1 48,155 "119";
120 2 0 138,164 "120";
121 0 1 23,71 "121";
122 2 1 9,79 "122";
123 1 0 140,169 "123";
124 0 1 13,18 "124";
125 0 1 81,174 "125";
126 1 1 10,57 "126";
127 1 1 128,154 "127";
128 0 1 6,73 "128";
129 2 1 82,179 "129";
130 2 0 58,163 "130";
131 0 0 5,167 "131";
132 2 1 79,93 "132";
133 0 0 52,163 "133";
134 2 0 30,62 "134";
135 0 0 99,123 "135";
136 1 0 94,154 "136";
137 0 0 15,161 "137";
138 0 0 47,143 "138";
139 1 1 89,110 "139";
140 2 0 29,76 "140";
141 1 1 55,106 "141";
142 0 0 3,33 "142";
143 2 0 72,162 "143";
144 2 1 21,125 "144";
145 1 1 131,172 "145";
146 1 1 12,97 "146";
147 0 1 83,130 "147";
148 1 1 147,160 "148";
149 2 0 35,98 "149";
150 0 0 35,130 "150";
151 1 0 24,83 "151";
152 1 1 6,118 "152";
153 1 1 68,87 "153";
154 1 1 54,63 "154";
155 1 0 40,43 "155";
156 1 0 32,44 "156";
157 1 1 107,121 "157";
158 1 0 83,136 "158";
159 0 1 31,138 "159";
160 0 0 61,90 "160";
161 1 0 72,179 "161";
162 0 1 91,115 "162";
163 1 1 70,147 "163";
164 1 0 86,171 "164";
165 0 0 77,94 "165";
166 2 1 8,102 "166";
167 0 1 37,39 "167";
168 0 1 33,102 "168";
169 1 0 27,174 "169";
170 0 0 45,83 "170";
171 1 1 88,151 "171";
172 0 1 63,108 "172";
173 1 0 73,75 "173";
174 0 0 129,170 "174";
175 2 1 60,86 "175";
176 1 1 62,177 "176";
177 0 1 73,77 "177";
178 1 0 28,101 "178";
179 1 1 28,107 "179";
