parity 154;
0 0 0 37,40 "0";
1 2 1 73,76 "1";
2 2 1 56,94 "2";
3 2 1 117,139 "3";
4 0 1 27,121 "4";
5 1 0 115,139 "5";
6 0 1 25,30 "6";
7 0 1 23,113 "7";
8 0 1 42,60 "8";
9 2 0 10,131 "9";
10 0 0 14,121 "10";
11 1 1 23,113 "11";
12 2 1 20,102 "12";
13 0 0 63,141 "13";
14 1 1 26,88 "14";
15 2 0 2,76 "15";
16 1 0 10,18 "16";
17 1 1 56,73 "17";
18 1 0 42,143 "18";
19 1 1 12,122 "19";
20 0 0 32,46 "20";
21 0 0 47,89 "21";
22 1 1 51,123 "22";
23 2 1 2,89 "23";
24 1 0 10,129 "24";
25 1 1 94,128 "25";
26 2 1 111,137 "26";
27 2 0 119,153 "27";
28 0 0 34,59 "28";
29 0 1 31,66 "29";
30 1 0 111,132 "30";
31 2 1 113,126 "31";
32 2 0 45,75 "32";
33 0 1 22,31 "33";
34 1 0 51,126 "34";
35 0 1 61,95 "35";
36 1 0 19,56 "36";
37 2 0 9,31 "37";
38 2 1 16,73 "38";
39 1 0 12,89 "39";
40 2 0 51,64 "40";
41 1 1 127,146 "41";
42 0 0 5,116 "42";
43 0 0 54,90 "43";
44 1 0 38,83 "44";
45 0 0 17,74 "45";
46 2 1 1,3 "46";
47 0 0 10,98 "47";
48 2 0 39,126 "48";
49 2 1 63,97 "49";
50 2 1 105,145 "50";
51 0 0 3,71 "51";
52 0 0 114,129 "52";
53 2 1 65,148 "53";
54 1 1 28,44 "54";
55 0 1 18,37 "55";
56 0 1 4,153 "56";
57 2 1 7,37 "57";
58 1 0 60,64 "58";
59 0 1 44,126 "59";
60 0 0 56,140 "60";
61 2 1 99,124 "61";
62 0 0 2,8 "62";
63 2 0 10,139 "63";
64 1 0 55,107 "64";
65 1 1 4,9 "65";
66 1 0 89,94 "66";
67 0 1 52,98 "67";
68 2 1 99,142 "68";
69 0 1 43,141 "69";
70 2 0 29,78 "70";
71 1 0 79,83 "71";
72 1 1 83,148 "72";
73 1 1 0,60 "73";
74 1 1 87,102 "74";
75 1 1 73,132 "75";
76 1 1 37,66 "76";
77 0 1 110,119 "77";
78 2 0 115,133 "78";
79 1 0 34,101 "79";
80 0 1 117,145 "80";
81 2 0 61,87 "81";
82 0 1 10,80 "82";
83 0 1 111,144 "83";
84 1 1 20,38 "84";
85 2 1 32,50 "85";
86 2 1 94,101 "86";
87 2 0 34,86 "87";
88 2 1 55,121 "88";
89 1 0 49,105 "89";
90 0 1 52,55 "90";
91 1 1 2,130 "91";
92 1 1 112,122 "92";
93 2 1 11,147 "93";
94 2 0 76,128 "94";
95 0 1 56,87 "95";
96 1 1 20,46 "96";
97 1 0 90,96 "97";
98 2 0 7,147 "98";
99 2 1 106,138 "99";
100 0 0 12,51 "100";
101 2 1 72,112 "101";
102 1 1 29,111 "102";
103 1 1 86,148 "103";
104 1 1 108,123 "104";
105 0 1 28,116 "105";
106 1 0 72,139 "106";
107 1 0 75,93 "107";
108 0 0 60,89 "108";
109 0 0 3,15 "109";
110 0 0 104,145 "110";
111 1 1 62,102 "111";
112 0 1 30,154 "112";
113 2 1 31,90 "113";
114 0 1 81,111 "114";
115 1 0 110,152 "115";
116 0 0 33,108 "116";
117 0 0 28,110 "117";
118 1 1 48,92 "118";
119 0 0 97,151 "119";
120 2 0 60,101 "120";
121 2 0 15,38 "121";
122 0 1 31,138 "122";
123 0 1 110,149 "123";
124 0 0 79,148 "124";
125 1 1 13,115 "125";
126 2 0 81,148 "126";
127 0 1 47,59 "127";
128 0 0 92,140 "128";
129 2 1 5,49 "129";
130 0 1 78,137 "130";
131 1 1 73,106 "131";
132 0 1 54,119 "132";
133 0 0 14,125 "133";
134 1 1 34,133 "134";
135 2 1 20,116 "135";
136 0 1 96,122 "136";
137 2 0 74,99 "137";
138 0 0 48,71 "138";
139 1 0 63,104 "139";
140 1 1 18,98 "140";
141 0 0 40,151 "141";
142 1 0 48,131 "142";
143 2 0 8,129 "143";
144 0 1 30,85 "144";
145 1 0 18,123 "145";
146 1 1 12,118 "146";
147 1 1 28,77 "147";
148 1 0 66,83 "148";
149 1 0 56,71 "149";
150 2 1 29,94 "150";
151 2 0 98,141 "151";
152 2 0 52,81 "152";
153 1 1 51,54 "153";
154 0 0 41,44 "154";
