parity 159;
0 1 1 82,109 "0";
1 0 0 69,125 "1";
2 2 1 18,118 "2";
3 1 0 22,100 "3";
4 2 0 66,123 "4";
5 0 0 1,76 "5";
6 1 0 57,75 "6";
7 2 0 105,123 "7";
8 0 0 39,115 "8";
9 0 1 41,139 "9";
10 1 1 50,64 "10";
11 0 0 104,152 "11";
12 0 1 63,74 "12";
13 0 0 51,71 "13";
14 1 0 45,136 "14";
15 1 0 101,122 "15";
16 1 1 2,12 "16";
17 2 1 66,99 "17";
18 0 0 61,133 "18";
19 2 1 37,93 "19";
20 0 1 79,86 "20";
21 2 1 11,56 "21";
22 1 1 54,61 "22";
23 2 0 11,100 "23";
24 2 1 100,131 "24";
25 0 0 15,125 "25";
26 2 0 8,21 "26";
27 2 0 66,70 "27";
28 1 0 73,75 "28";
29 0 1 19,63 "29";
30 1 0 7,137 "30";
31 1 0 17,157 "31";
32 0 1 82,127 "32";
33 0 0 89,123 "33";
34 0 0 11,33 "34";
35 0 0 91,140 "35";
36 0 1 22,70 "36";
37 2 1 38,39 "37";
38 1 1 23,148 "38";
39 2 1 2,51 "39";
40 0 1 30,96 "40";
41 1 0 12,16 "41";
42 0 0 66,122 "42";
43 0 0 4,108 "43";
44 2 0 56,94 "44";
45 2 0 82,89 "45";
46 0 0 75,127 "46";
47 0 0 138,142 "47";
48 0 0 0,107 "48";
49 1 1 42,67 "49";
50 0 1 58,107 "50";
51 2 0 61,67 "51";
52 2 0 8,90 "52";
53 2 0 151,153 "53";
54 1 1 7,112 "54";
55 1 0 70,159 "55";
56 1 1 28,83 "56";
57 1 1 11,84 "57";
58 1 0 134,150 "58";
59 2 0 99,146 "59";
60 1 1 49,108 "60";
61 1 0 127,135 "61";
62 2 0 57,148 "62";
63 2 0 100,149 "63";
64 1 0 34,127 "64";
65 0 1 97,114 "65";
66 1 1 53,100 "66";
67 1 1 3,81 "67";
68 1 1 31,141 "68";
69 2 1 86,109 "69";
70 0 1 7,134 "70";
71 1 1 30,111 "71";
72 2 1 14,115 "72";
73 0 1 15,130 "73";
74 1 1 47,132 "74";
75 2 1 14,23 "75";
76 2 1 51,80 "76";
77 2 0 84,148 "77";
78 1 1 106,118 "78";
79 0 0 107,111 "79";
80 2 1 59,134 "80";
81 1 1 95,105 "81";
82 0 0 29,66 "82";
83 0 0 2,68 "83";
84 2 1 101,122 "84";
85 2 0 5,27 "85";
86 0 1 42,82 "86";
87 1 1 24,104 "87";
88 1 1 97,158 "88";
89 0 1 132,152 "89";
90 1 0 43,159 "90";
91 1 1 93,139 "91";
92 2 0 84,109 "92";
93 0 0 0,2 "93";
94 0 0 0,158 "94";
95 0 0 38,61 "95";
96 1 1 69,113 "96";
97 0 0 83,123 "97";
98 1 1 32,159 "98";
99 1 0 96,153 "99";
100 1 1 126,131 "100";
101 1 0 68,145 "101";
102 0 0 38,134 "102";
103 0 1 9,23 "103";
104 0 1 140,157 "104";
105 1 0 99,149 "105";
106 2 1 27,48 "106";
107 2 0 85,120 "107";
108 2 0 95,158 "108";
109 0 0 21,41 "109";
110 2 1 41,75 "110";
111 0 0 66,126 "111";
112 0 1 32,143 "112";
113 1 1 41,105 "113";
114 1 0 7,35 "114";
115 1 0 21,60 "115";
116 0 1 15,49 "116";
117 2 1 106,153 "117";
118 1 0 16,95 "118";
119 0 0 125,138 "119";
120 0 1 3,47 "120";
121 2 0 95,101 "121";
122 1 1 114,156 "122";
123 2 0 11,87 "123";
124 2 1 40,96 "124";
125 2 0 79,144 "125";
126 1 1 16,68 "126";
127 1 1 58,120 "127";
128 0 1 47,149 "128";
129 1 0 36,135 "129";
130 0 0 73,108 "130";
131 1 0 23,94 "131";
132 0 1 64,157 "132";
133 1 1 1,76 "133";
134 2 1 80,135 "134";
135 0 0 31,77 "135";
136 2 1 28,46 "136";
137 1 0 90,154 "137";
138 1 1 55,144 "138";
139 1 0 23,97 "139";
140 0 1 55,121 "140";
141 0 0 52,83 "141";
142 2 0 138,149 "142";
143 2 1 51,59 "143";
144 2 0 59,62 "144";
145 0 1 104,122 "145";
146 0 1 4,145 "146";
147 0 1 110,133 "147";
148 0 0 27,48 "148";
149 1 1 54,100 "149";
150 0 1 58,159 "150";
151 1 1 65,125 "151";
152 0 0 4,33 "152";
153 1 0 111,113 "153";
154 1 0 31,54 "154";
155 0 0 13,107 "155";
156 2 0 0,111 "156";
157 2 1 51,128 "157";
158 2 1 81,91 "158";
159 1 0 46,139 "159";
