parity 139;
0 2 0 18,122 "0";
1 0 0 22,69 "1";
2 1 0 32,69 "2";
3 1 0 32,42 "3";
4 2 1 104,126 "4";
5 2 0 29,37 "5";
6 0 0 14,85 "6";
7 2 0 31,119 "7";
8 2 0 45,119 "8";
9 1 0 5,66 "9";
10 2 1 4,72 "10";
11 0 0 5,19 "11";
12 1 1 55,104 "12";
13 0 0 47,115 "13";
14 2 1 96,110 "14";
15 2 1 10,110 "15";
16 0 0 60,100 "16";
17 0 1 76,90 "17";
18 2 0 62,134 "18";
19 1 0 93,124 "19";
20 2 1 55,66 "20";
21 1 1 11,36 "21";
22 1 0 46,98 "22";
23 1 1 91,131 "23";
24 1 0 2,129 "24";
25 1 1 11,81 "25";
26 0 1 35,107 "26";
27 2 0 28,111 "27";
28 0 1 15,111 "28";
29 2 1 90,106 "29";
30 2 1 90,116 "30";
31 1 0 47,67 "31";
32 0 1 1,9 "32";
33 0 1 57,125 "33";
34 0 0 41,122 "34";
35 2 0 8,100 "35";
36 0 1 30,70 "36";
37 2 0 60,102 "37";
38 1 1 102,139 "38";
39 1 0 47,73 "39";
40 1 1 6,114 "40";
41 0 1 50,124 "41";
42 0 0 105,135 "42";
43 0 1 61,65 "43";
44 2 0 29,88 "44";
45 2 1 28,57 "45";
46 0 0 41,74 "46";
47 0 1 44,101 "47";
48 1 1 45,68 "48";
49 0 1 79,84 "49";
50 0 0 121,134 "50";
51 2 1 62,77 "51";
52 0 1 37,46 "52";
53 0 1 60,132 "53";
54 1 1 85,127 "54";
55 0 0 46,131 "55";
56 2 1 22,28 "56";
57 1 1 9,74 "57";
58 0 0 124,138 "58";
59 2 0 58,122 "59";
60 2 0 48,111 "60";
61 2 0 112,113 "61";
62 0 1 23,110 "62";
63 2 0 9,119 "63";
64 2 1 65,109 "64";
65 1 1 5,129 "65";
66 0 0 31,38 "66";
67 0 0 15,101 "67";
68 2 1 32,114 "68";
69 0 1 23,28 "69";
70 1 0 47,95 "70";
71 1 1 43,54 "71";
72 0 1 4,5 "72";
73 0 0 69,89 "73";
74 2 0 23,93 "74";
75 1 0 40,89 "75";
76 2 0 83,99 "76";
77 0 1 67,82 "77";
78 1 0 39,81 "78";
79 0 0 1,42 "79";
80 0 0 40,51 "80";
81 2 1 71,109 "81";
82 2 1 12,114 "82";
83 1 1 87,93 "83";
84 0 1 30,104 "84";
85 2 1 14,127 "85";
86 0 0 9,125 "86";
87 0 1 35,111 "87";
88 1 1 16,75 "88";
89 1 1 126,137 "89";
90 2 0 24,125 "90";
91 0 0 15,58 "91";
92 1 0 78,94 "92";
93 1 0 3,110 "93";
94 1 1 87,129 "94";
95 0 0 8,28 "95";
96 1 0 38,81 "96";
97 1 1 24,83 "97";
98 2 1 95,115 "98";
99 1 0 4,45 "99";
100 0 0 68,95 "100";
101 0 1 52,133 "101";
102 0 0 85,139 "102";
103 1 0 39,57 "103";
104 1 1 80,99 "104";
105 0 1 13,26 "105";
106 1 0 50,96 "106";
107 0 1 59,91 "107";
108 0 0 10,131 "108";
109 1 1 1,15 "109";
110 2 0 6,74 "110";
111 0 1 1,45 "111";
112 1 0 63,113 "112";
113 2 0 78,129 "113";
114 1 1 24,87 "114";
115 0 1 82,100 "115";
116 1 1 53,87 "116";
117 0 1 21,54 "117";
118 0 0 83,99 "118";
119 1 0 0,108 "119";
120 2 1 38,97 "120";
121 2 1 7,89 "121";
122 0 1 54,76 "122";
123 0 1 84,138 "123";
124 1 1 22,39 "124";
125 1 1 55,100 "125";
126 0 1 23,78 "126";
127 1 1 67,94 "127";
128 1 1 16,97 "128";
129 0 0 49,116 "129";
130 0 0 42,55 "130";
131 0 0 74,139 "131";
132 1 0 131,136 "132";
133 1 0 66,122 "133";
134 2 1 14,125 "134";
135 1 0 15,112 "135";
136 0 1 15,110 "136";
137 1 0 13,14 "137";
138 1 0 61,110 "138";
139 1 0 4,25 "139";
