parity 184;
0 1 0 36,81 "0";
1 2 0 36,101 "1";
2 1 1 15,71 "2";
3 1 1 83,136 "3";
4 2 0 74,84 "4";
5 1 0 57,113 "5";
6 1 0 29,61 "6";
7 0 0 61,176 "7";
8 0 1 67,88 "8";
9 1 0 148,171 "9";
10 2 0 90,103 "10";
11 1 1 56,71 "11";
12 0 1 117,160 "12";
13 1 1 5,96 "13";
14 1 1 48,65 "14";
15 2 1 56,61 "15";
16 0 1 25,70 "16";
17 0 1 4,85 "17";
18 1 1 56,156 "18";
19 2 1 125,162 "19";
20 0 1 28,134 "20";
21 1 1 36,93 "21";
22 0 1 128,139 "22";
23 1 1 42,138 "23";
24 2 1 39,56 "24";
25 2 1 38,173 "25";
26 1 0 8,149 "26";
27 0 1 116,179 "27";
28 2 0 27,164 "28";
29 1 1 8,84 "29";
30 2 0 70,95 "30";
31 2 0 65,88 "31";
32 0 1 62,108 "32";
33 2 0 132,153 "33";
34 1 0 20,52 "34";
35 2 0 26,122 "35";
36 1 1 58,122 "36";
37 1 1 71,158 "37";
38 1 0 163,171 "38";
39 0 0 43,59 "39";
40 0 1 59,78 "40";
41 1 0 120,153 "41";
42 1 1 14,65 "42";
43 1 1 132,169 "43";
44 0 1 7,119 "44";
45 2 0 63,90 "45";
46 0 1 76,127 "46";
47 0 0 26,89 "47";
48 2 0 68,172 "48";
49 1 1 2,148 "49";
50 1 1 122,128 "50";
51 1 0 25,146 "51";
52 1 0 48,63 "52";
53 1 0 90,114 "53";
54 2 0 8,16 "54";
55 1 1 153,183 "55";
56 0 0 54,64 "56";
57 0 1 36,160 "57";
58 1 1 136,151 "58";
59 2 1 98,101 "59";
60 1 1 33,181 "60";
61 1 0 18,159 "61";
62 2 1 19,81 "62";
63 1 1 85,100 "63";
64 1 1 22,119 "64";
65 1 1 35,176 "65";
66 2 1 130,179 "66";
67 1 1 143,183 "67";
68 1 0 66,119 "68";
69 2 1 23,100 "69";
70 1 0 0,124 "70";
71 0 0 68,182 "71";
72 0 1 104,173 "72";
73 0 0 98,141 "73";
74 1 1 0,166 "74";
75 1 1 64,142 "75";
76 2 1 68,115 "76";
77 2 1 29,176 "77";
78 2 0 125,132 "78";
79 0 1 94,173 "79";
80 1 0 99,100 "80";
81 1 0 102,128 "81";
82 1 1 15,134 "82";
83 1 1 11,119 "83";
84 2 0 76,81 "84";
85 2 1 31,58 "85";
86 2 1 118,165 "86";
87 0 1 6,95 "87";
88 1 1 2,105 "88";
89 2 1 64,141 "89";
90 2 1 170,180 "90";
91 1 0 24,157 "91";
92 1 1 107,143 "92";
93 2 1 83,101 "93";
94 2 1 40,178 "94";
95 2 0 23,100 "95";
96 2 0 26,99 "96";
97 0 1 20,107 "97";
98 2 1 11,115 "98";
99 1 1 34,165 "99";
100 1 0 17,168 "100";
101 2 1 71,149 "101";
102 1 1 69,176 "102";
103 2 1 48,91 "103";
104 0 1 94,116 "104";
105 2 1 39,90 "105";
106 0 0 10,117 "106";
107 1 0 39,53 "107";
108 2 1 11,179 "108";
109 0 0 18,41 "109";
110 0 0 94,149 "110";
111 1 1 22,30 "111";
112 2 0 81,115 "112";
113 0 0 108,134 "113";
114 0 1 61,148 "114";
115 1 0 13,176 "115";
116 2 1 53,128 "116";
117 0 0 145,155 "117";
118 0 1 44,129 "118";
119 2 0 22,49 "119";
120 2 1 63,165 "120";
121 2 1 61,171 "121";
122 1 0 27,104 "122";
123 0 0 113,164 "123";
124 1 0 70,115 "124";
125 0 0 11,37 "125";
126 1 1 54,73 "126";
127 1 1 75,178 "127";
128 1 1 126,173 "128";
129 1 0 23,33 "129";
130 0 1 92,151 "130";
131 2 1 16,50 "131";
132 0 0 58,121 "132";
133 2 0 102,117 "133";
134 0 1 54,165 "134";
135 0 1 25,75 "135";
136 2 0 39,157 "136";
137 2 1 96,167 "137";
138 0 1 113,139 "138";
139 1 0 59,176 "139";
140 2 1 139,147 "140";
141 0 1 45,172 "141";
142 1 0 29,173 "142";
143 1 0 39,156 "143";
144 1 1 29,119 "144";
145 0 0 140,156 "145";
146 0 0 155,172 "146";
147 0 1 19,27 "147";
148 0 1 6,74 "148";
149 2 0 31,67 "149";
150 2 0 38,152 "150";
151 2 0 159,184 "151";
152 0 0 16,102 "152";
153 1 1 58,70 "153";
154 1 1 39,172 "154";
155 1 0 1,141 "155";
156 1 1 55,72 "156";
157 0 0 133,171 "157";
158 1 0 125,128 "158";
159 2 1 10,132 "159";
160 1 0 7,81 "160";
161 1 1 107,170 "161";
162 1 0 83,93 "162";
163 2 1 28,168 "163";
164 2 0 5,12 "164";
165 1 1 49,149 "165";
166 0 0 8,123 "166";
167 2 1 33,57 "167";
168 1 1 112,132 "168";
169 0 0 111,174 "169";
170 1 0 101,137 "170";
171 2 1 45,158 "171";
172 2 1 46,81 "172";
173 2 1 47,126 "173";
174 0 0 12,141 "174";
175 0 1 13,123 "175";
176 2 0 11,151 "176";
177 2 0 44,152 "177";
178 2 1 15,133 "178";
179 1 1 48,58 "179";
180 0 0 1,166 "180";
181 1 0 149,164 "181";
182 0 1 85,119 "182";
183 2 0 76,150 "183";
184 0 1 74,160 "184";
