parity 144;
0 1 0 131,138 "0";
1 0 1 21,59 "1";
2 1 1 60,72 "2";
3 2 1 124,136 "3";
4 1 1 3,52 "4";
5 0 1 61,89 "5";
6 2 1 80,136 "6";
7 2 1 120,143 "7";
8 2 1 70,139 "8";
9 2 0 12,103 "9";
10 2 1 104,122 "10";
11 0 1 42,55 "11";
12 0 1 11,30 "12";
13 0 0 51,70 "13";
14 0 0 38,132 "14";
15 2 1 34,106 "15";
16 0 1 53,114 "16";
17 2 1 105,134 "17";
18 0 1 4,132 "18";
19 1 1 45,140 "19";
20 1 1 80,131 "20";
21 0 0 89,126 "21";
22 2 1 10,121 "22";
23 0 0 73,105 "23";
24 0 0 56,98 "24";
25 0 1 33,98 "25";
26 1 0 29,76 "26";
27 0 1 30,130 "27";
28 1 1 92,98 "28";
29 2 0 3,66 "29";
30 0 0 77,130 "30";
31 1 1 39,84 "31";
32 1 0 12,57 "32";
33 2 1 27,118 "33";
34 1 1 49,53 "34";
35 1 0 47,134 "35";
36 2 1 55,110 "36";
37 0 1 51,56 "37";
38 0 0 11,142 "38";
39 0 1 58,131 "39";
40 0 1 84,114 "40";
41 1 0 92,107 "41";
42 1 0 125,132 "42";
43 1 0 47,107 "43";
44 1 0 38,81 "44";
45 0 1 25,77 "45";
46 2 1 111,131 "46";
47 2 0 12,45 "47";
48 1 1 41,110 "48";
49 2 1 27,32 "49";
50 1 0 82,126 "50";
51 2 1 32,139 "51";
52 0 1 67,74 "52";
53 2 0 19,138 "53";
54 1 1 59,124 "54";
55 2 1 53,101 "55";
56 0 0 57,108 "56";
57 2 0 25,113 "57";
58 2 0 29,112 "58";
59 2 0 48,102 "59";
60 0 1 10,70 "60";
61 2 0 81,87 "61";
62 0 0 77,119 "62";
63 0 1 36,99 "63";
64 0 0 10,23 "64";
65 2 1 15,119 "65";
66 0 1 122,124 "66";
67 1 0 18,49 "67";
68 1 1 86,98 "68";
69 1 1 3,132 "69";
70 2 0 71,108 "70";
71 0 0 128,137 "71";
72 2 0 37,48 "72";
73 0 1 16,84 "73";
74 1 0 38,56 "74";
75 1 0 128,142 "75";
76 1 0 96,111 "76";
77 2 0 23,103 "77";
78 2 1 73,114 "78";
79 1 0 28,91 "79";
80 0 0 24,59 "80";
81 1 1 42,111 "81";
82 0 0 42,68 "82";
83 2 1 58,63 "83";
84 1 0 18,52 "84";
85 0 1 20,67 "85";
86 0 0 9,94 "86";
87 0 0 41,64 "87";
88 2 1 0,25 "88";
89 0 1 95,125 "89";
90 2 1 89,97 "90";
91 2 0 65,67 "91";
92 2 1 9,136 "92";
93 1 1 94,110 "93";
94 1 1 14,71 "94";
95 0 0 67,135 "95";
96 2 1 0,112 "96";
97 1 1 44,63 "97";
98 1 1 10,73 "98";
99 0 1 81,113 "99";
100 0 1 86,139 "100";
101 0 0 19,110 "101";
102 1 0 21,126 "102";
103 1 0 35,78 "103";
104 2 0 107,123 "104";
105 0 1 38,92 "105";
106 1 1 30,65 "106";
107 2 1 109,132 "107";
108 2 1 1,44 "108";
109 2 0 108,139 "109";
110 0 1 50,60 "110";
111 2 1 73,114 "111";
112 1 0 49,109 "112";
113 1 1 8,97 "113";
114 2 1 24,112 "114";
115 1 1 71,79 "115";
116 2 0 88,93 "116";
117 1 0 33,40 "117";
118 0 0 61,126 "118";
119 1 0 39,141 "119";
120 0 0 14,106 "120";
121 2 1 24,127 "121";
122 2 0 10,116 "122";
123 0 0 29,77 "123";
124 0 1 88,121 "124";
125 2 1 34,52 "125";
126 0 1 18,74 "126";
127 2 0 4,101 "127";
128 0 0 82,138 "128";
129 2 0 78,100 "129";
130 1 1 72,143 "130";
131 0 1 19,128 "131";
132 2 0 14,133 "132";
133 0 0 14,58 "133";
134 1 1 15,80 "134";
135 0 1 75,77 "135";
136 0 0 9,50 "136";
137 0 1 80,81 "137";
138 1 1 84,103 "138";
139 2 1 38,65 "139";
140 2 0 14,134 "140";
141 1 1 92,136 "141";
142 0 1 18,137 "142";
143 0 0 68,75 "143";
144 2 1 39,87 "144";
