parity 184;
0 2 1 88,182 "0";
1 2 1 10,104 "1";
2 1 0 36,132 "2";
3 2 0 99,161 "3";
4 1 1 44,143 "4";
5 2 0 77,135 "5";
6 2 0 39,180 "6";
7 0 0 9,88 "7";
8 0 0 2,151 "8";
9 2 1 25,148 "9";
10 2 0 71,113 "10";
11 2 0 6,132 "11";
12 1 1 4,176 "12";
13 0 0 18,57 "13";
14 0 1 4,160 "14";
15 2 1 69,100 "15";
16 1 0 4,151 "16";
17 0 0 45,109 "17";
18 0 1 78,97 "18";
19 2 0 43,121 "19";
20 1 1 62,133 "20";
21 2 1 10,170 "21";
22 0 1 97,159 "22";
23 0 1 112,115 "23";
24 0 0 113,159 "24";
25 2 0 109,170 "25";
26 1 1 1,17 "26";
27 2 0 14,131 "27";
28 2 0 81,145 "28";
29 1 1 70,164 "29";
30 2 0 94,125 "30";
31 1 1 10,48 "31";
32 0 1 49,56 "32";
33 0 1 105,166 "33";
34 2 1 55,135 "34";
35 0 0 151,155 "35";
36 2 0 49,179 "36";
37 2 0 89,136 "37";
38 0 0 129,132 "38";
39 2 1 62,135 "39";
40 1 1 80,125 "40";
41 0 0 123,146 "41";
42 1 0 40,75 "42";
43 2 1 75,184 "43";
44 0 0 50,76 "44";
45 0 1 10,147 "45";
46 2 1 11,51 "46";
47 1 1 72,146 "47";
48 0 1 36,163 "48";
49 1 1 6,22 "49";
50 0 0 29,137 "50";
51 2 0 12,34 "51";
52 2 0 134,183 "52";
53 0 1 64,84 "53";
54 1 1 35,36 "54";
55 2 1 56,94 "55";
56 1 1 103,176 "56";
57 2 0 10,146 "57";
58 1 0 70,78 "58";
59 0 1 123,178 "59";
60 1 0 84,120 "60";
61 0 0 107,140 "61";
62 2 0 1,178 "62";
63 1 1 22,73 "63";
64 1 0 103,141 "64";
65 2 1 22,92 "65";
66 2 0 17,56 "66";
67 0 1 8,127 "67";
68 2 0 113,147 "68";
69 0 1 19,149 "69";
70 2 0 8,105 "70";
71 2 1 121,142 "71";
72 1 0 162,170 "72";
73 0 0 116,120 "73";
74 1 0 135,164 "74";
75 1 0 154,167 "75";
76 0 0 99,137 "76";
77 1 1 138,180 "77";
78 1 0 121,178 "78";
79 0 1 135,141 "79";
80 2 0 40,183 "80";
81 2 1 13,74 "81";
82 1 1 19,156 "82";
83 0 1 17,36 "83";
84 1 1 87,119 "84";
85 2 1 5,87 "85";
86 0 0 22,118 "86";
87 2 1 39,175 "87";
88 2 0 150,158 "88";
89 0 0 25,73 "89";
90 0 1 105,168 "90";
91 2 1 3,64 "91";
92 0 0 6,136 "92";
93 1 0 10,76 "93";
94 0 1 1,93 "94";
95 2 0 143,155 "95";
96 0 0 68,149 "96";
97 1 1 85,96 "97";
98 0 0 3,130 "98";
99 1 1 35,112 "99";
100 2 1 127,166 "100";
101 0 0 74,93 "101";
102 1 1 29,117 "102";
103 0 0 0,165 "103";
104 0 1 17,50 "104";
105 0 1 36,127 "105";
106 0 0 17,149 "106";
107 1 1 39,68 "107";
108 1 1 46,80 "108";
109 2 0 60,66 "109";
110 0 1 160,173 "110";
111 2 1 61,170 "111";
112 1 1 91,94 "112";
113 2 1 96,129 "113";
114 2 0 26,170 "114";
115 2 1 77,174 "115";
116 1 0 37,87 "116";
117 1 0 25,122 "117";
118 1 1 11,52 "118";
119 0 1 50,86 "119";
120 2 1 1,51 "120";
121 1 1 149,171 "121";
122 0 1 22,163 "122";
123 2 0 90,109 "123";
124 2 0 26,145 "124";
125 0 0 138,140 "125";
126 0 1 82,142 "126";
127 1 1 82,136 "127";
128 2 0 65,91 "128";
129 1 0 33,120 "129";
130 0 0 45,164 "130";
131 0 1 66,82 "131";
132 1 0 46,110 "132";
133 1 0 104,171 "133";
134 1 0 17,60 "134";
135 2 0 59,182 "135";
136 0 0 5,181 "136";
137 0 0 54,101 "137";
138 0 0 61,182 "138";
139 0 0 51,72 "139";
140 0 1 15,150 "140";
141 1 0 36,43 "141";
142 0 1 71,93 "142";
143 0 0 13,165 "143";
144 2 0 156,167 "144";
145 1 1 9,61 "145";
146 1 1 40,87 "146";
147 1 0 32,73 "147";
148 2 1 9,151 "148";
149 2 1 72,109 "149";
150 0 1 85,164 "150";
151 1 1 1,76 "151";
152 2 1 71,145 "152";
153 0 0 12,23 "153";
154 1 0 8,160 "154";
155 1 0 51,153 "155";
156 0 0 50,173 "156";
157 0 0 0,88 "157";
158 1 1 103,135 "158";
159 2 1 21,125 "159";
160 1 0 109,113 "160";
161 2 1 92,137 "161";
162 2 0 4,30 "162";
163 2 1 52,145 "163";
164 2 1 53,157 "164";
165 2 0 11,98 "165";
166 1 0 81,139 "166";
167 1 1 60,81 "167";
168 1 1 134,180 "168";
169 0 1 31,35 "169";
170 2 1 74,172 "170";
171 2 0 23,167 "171";
172 2 1 153,173 "172";
173 2 0 64,68 "173";
174 0 0 22,96 "174";
175 1 1 66,88 "175";
176 0 0 8,183 "176";
177 1 0 109,127 "177";
178 0 1 58,131 "178";
179 0 0 62,97 "179";
180 1 0 0,119 "180";
181 0 1 40,163 "181";
182 1 0 90,94 "182";
183 1 0 21,80 "183";
184 0 1 1,37 "184";
