parity 174;
0 1 1 85,149 "0";
1 1 1 17,35 "1";
2 0 0 36,47 "2";
3 0 1 158,172 "3";
4 0 1 142,154 "4";
5 1 0 68,71 "5";
6 0 0 96,126 "6";
7 1 0 29,105 "7";
8 0 1 19,72 "8";
9 1 0 53,93 "9";
10 0 0 38,78 "10";
11 0 0 93,129 "11";
12 0 0 26,142 "12";
13 2 1 40,109 "13";
14 2 0 2,129 "14";
15 0 1 32,162 "15";
16 0 1 83,157 "16";
17 0 0 14,94 "17";
18 0 1 61,130 "18";
19 0 1 45,155 "19";
20 1 1 8,47 "20";
21 2 0 40,65 "21";
22 0 0 93,111 "22";
23 1 0 36,114 "23";
24 0 0 68,101 "24";
25 1 0 22,171 "25";
26 1 0 15,161 "26";
27 0 1 32,123 "27";
28 1 1 83,139 "28";
29 1 1 44,96 "29";
30 2 0 48,60 "30";
31 2 0 42,84 "31";
32 0 1 25,60 "32";
33 2 1 117,143 "33";
34 2 0 61,150 "34";
35 0 1 114,171 "35";
36 1 0 57,113 "36";
37 2 1 20,99 "37";
38 1 0 6,143 "38";
39 1 1 26,116 "39";
40 2 1 46,105 "40";
41 1 1 69,162 "41";
42 1 1 44,130 "42";
43 1 1 46,161 "43";
44 1 1 16,86 "44";
45 2 1 66,153 "45";
46 2 1 17,128 "46";
47 2 1 2,126 "47";
48 2 0 30,142 "48";
49 0 1 142,167 "49";
50 0 0 42,99 "50";
51 0 0 16,59 "51";
52 2 0 103,115 "52";
53 0 0 16,132 "53";
54 0 1 51,130 "54";
55 1 0 52,110 "55";
56 1 0 163,167 "56";
57 0 0 12,34 "57";
58 0 1 31,54 "58";
59 1 1 130,134 "59";
60 0 1 29,98 "60";
61 0 0 19,128 "61";
62 2 1 10,26 "62";
63 2 1 102,148 "63";
64 2 0 105,163 "64";
65 1 1 3,8 "65";
66 1 1 7,58 "66";
67 2 0 58,159 "67";
68 0 0 20,44 "68";
69 2 1 2,79 "69";
70 1 1 39,127 "70";
71 2 0 70,77 "71";
72 0 0 87,111 "72";
73 2 0 84,148 "73";
74 1 1 122,132 "74";
75 2 0 65,132 "75";
76 1 1 52,110 "76";
77 1 1 128,134 "77";
78 2 1 65,71 "78";
79 0 1 129,167 "79";
80 0 0 96,110 "80";
81 0 0 114,171 "81";
82 1 1 104,141 "82";
83 2 0 68,88 "83";
84 0 0 125,158 "84";
85 0 1 52,81 "85";
86 0 1 161,170 "86";
87 1 1 24,26 "87";
88 0 1 13,95 "88";
89 0 1 15,134 "89";
90 1 0 125,150 "90";
91 2 0 73,166 "91";
92 0 1 23,142 "92";
93 1 1 82,106 "93";
94 0 0 11,82 "94";
95 2 1 140,159 "95";
96 1 1 49,154 "96";
97 0 1 36,129 "97";
98 1 1 23,103 "98";
99 2 0 2,23 "99";
100 1 1 144,174 "100";
101 1 0 53,134 "101";
102 0 0 40,79 "102";
103 2 0 94,155 "103";
104 0 1 32,84 "104";
105 1 1 103,107 "105";
106 0 0 65,116 "106";
107 1 1 32,93 "107";
108 0 0 61,116 "108";
109 1 0 3,89 "109";
110 0 0 11,62 "110";
111 1 1 51,72 "111";
112 1 0 24,33 "112";
113 1 1 122,134 "113";
114 1 0 92,157 "114";
115 0 0 121,130 "115";
116 2 0 90,163 "116";
117 2 0 109,163 "117";
118 0 0 40,100 "118";
119 0 1 38,155 "119";
120 2 1 58,72 "120";
121 1 0 16,62 "121";
122 0 0 39,150 "122";
123 0 0 130,135 "123";
124 0 1 58,169 "124";
125 0 1 111,170 "125";
126 2 0 139,156 "126";
127 1 1 36,153 "127";
128 1 1 69,113 "128";
129 2 1 40,171 "129";
130 2 0 32,99 "130";
131 2 0 24,67 "131";
132 0 0 112,131 "132";
133 1 0 40,76 "133";
134 0 1 29,94 "134";
135 1 0 74,94 "135";
136 0 1 12,166 "136";
137 2 0 5,59 "137";
138 1 0 65,91 "138";
139 1 0 53,154 "139";
140 2 1 65,131 "140";
141 0 0 51,102 "141";
142 2 1 33,137 "142";
143 1 1 145,166 "143";
144 0 1 116,139 "144";
145 1 1 58,91 "145";
146 2 0 31,67 "146";
147 1 0 63,154 "147";
148 1 0 139,142 "148";
149 1 1 50,62 "149";
150 1 0 35,94 "150";
151 1 0 70,132 "151";
152 1 1 168,171 "152";
153 1 0 12,163 "153";
154 1 1 130,134 "154";
155 1 0 125,143 "155";
156 1 0 69,108 "156";
157 0 1 77,110 "157";
158 1 1 35,107 "158";
159 1 0 118,130 "159";
160 2 1 88,172 "160";
161 2 0 45,74 "161";
162 0 1 61,66 "162";
163 2 0 84,104 "163";
164 2 1 18,95 "164";
165 0 0 51,73 "165";
166 2 1 30,58 "166";
167 0 1 87,119 "167";
168 1 1 138,165 "168";
169 1 0 119,165 "169";
170 0 0 112,148 "170";
171 2 1 45,111 "171";
172 2 1 19,52 "172";
173 2 1 99,153 "173";
174 0 0 56,71 "174";
