parity 174;
0 2 0 127,144 "0";
1 1 1 35,81 "1";
2 0 1 75,112 "2";
3 1 1 37,101 "3";
4 0 0 11,94 "4";
5 0 1 104,128 "5";
6 0 1 19,31 "6";
7 0 1 91,145 "7";
8 2 0 81,166 "8";
9 2 0 111,128 "9";
10 1 1 52,100 "10";
11 0 0 10,97 "11";
12 2 1 53,68 "12";
13 0 0 78,166 "13";
14 2 0 93,134 "14";
15 0 0 30,162 "15";
16 1 0 29,102 "16";
17 0 1 15,107 "17";
18 1 1 12,147 "18";
19 2 1 12,46 "19";
20 2 1 61,63 "20";
21 0 1 14,56 "21";
22 0 1 117,173 "22";
23 1 0 8,135 "23";
24 1 0 113,141 "24";
25 0 1 20,106 "25";
26 1 0 17,67 "26";
27 1 0 59,100 "27";
28 1 0 70,109 "28";
29 0 0 20,83 "29";
30 2 1 10,77 "30";
31 1 0 58,141 "31";
32 0 1 31,162 "32";
33 2 1 73,151 "33";
34 2 0 29,75 "34";
35 0 0 71,171 "35";
36 0 1 149,157 "36";
37 2 0 31,77 "37";
38 0 1 46,135 "38";
39 0 1 84,140 "39";
40 0 0 70,116 "40";
41 0 1 6,82 "41";
42 2 0 32,123 "42";
43 2 1 83,168 "43";
44 0 0 32,110 "44";
45 2 0 121,145 "45";
46 1 0 111,155 "46";
47 1 0 83,163 "47";
48 0 0 129,151 "48";
49 0 1 8,15 "49";
50 2 0 5,19 "50";
51 2 1 16,80 "51";
52 0 1 36,145 "52";
53 1 1 36,92 "53";
54 2 1 59,94 "54";
55 1 0 40,100 "55";
56 1 1 66,126 "56";
57 0 1 136,166 "57";
58 0 1 56,133 "58";
59 0 0 132,166 "59";
60 1 0 107,120 "60";
61 1 1 86,94 "61";
62 1 1 16,58 "62";
63 1 1 4,149 "63";
64 1 1 21,124 "64";
65 1 1 76,167 "65";
66 2 1 135,138 "66";
67 2 1 12,30 "67";
68 1 1 7,67 "68";
69 1 1 14,113 "69";
70 1 1 12,135 "70";
71 0 0 8,153 "71";
72 1 1 31,66 "72";
73 1 0 62,71 "73";
74 1 0 40,64 "74";
75 0 0 10,138 "75";
76 1 1 23,127 "76";
77 2 1 49,90 "77";
78 0 1 77,153 "78";
79 1 1 6,54 "79";
80 2 0 1,163 "80";
81 1 1 118,173 "81";
82 2 0 31,86 "82";
83 2 1 80,111 "83";
84 1 1 40,57 "84";
85 0 1 46,157 "85";
86 1 0 101,156 "86";
87 1 0 45,124 "87";
88 1 1 85,174 "88";
89 2 0 13,73 "89";
90 0 1 7,111 "90";
91 1 1 24,134 "91";
92 0 0 9,130 "92";
93 1 1 99,131 "93";
94 1 1 99,167 "94";
95 1 1 88,174 "95";
96 1 0 53,154 "96";
97 0 0 101,142 "97";
98 0 1 30,54 "98";
99 0 0 37,74 "99";
100 1 0 16,88 "100";
101 1 1 49,85 "101";
102 0 0 87,133 "102";
103 2 1 95,136 "103";
104 0 0 9,10 "104";
105 1 0 5,88 "105";
106 1 1 80,96 "106";
107 0 1 29,103 "107";
108 1 1 58,106 "108";
109 2 0 80,142 "109";
110 2 0 42,83 "110";
111 0 0 1,10 "111";
112 1 0 6,159 "112";
113 2 0 117,146 "113";
114 0 1 3,164 "114";
115 1 1 89,138 "115";
116 0 1 47,67 "116";
117 1 0 89,127 "117";
118 2 0 62,64 "118";
119 1 1 29,107 "119";
120 2 0 12,131 "120";
121 0 1 21,167 "121";
122 2 1 67,131 "122";
123 0 0 132,167 "123";
124 2 0 156,170 "124";
125 0 0 109,174 "125";
126 1 0 101,144 "126";
127 1 1 15,138 "127";
128 1 1 21,115 "128";
129 0 0 30,99 "129";
130 2 1 0,81 "130";
131 0 1 60,129 "131";
132 2 0 6,165 "132";
133 2 0 6,168 "133";
134 2 1 48,72 "134";
135 0 1 80,122 "135";
136 2 1 16,72 "136";
137 2 0 42,139 "137";
138 0 0 21,121 "138";
139 1 0 14,91 "139";
140 2 1 101,141 "140";
141 0 1 97,137 "141";
142 0 0 2,6 "142";
143 1 1 32,141 "143";
144 2 0 88,103 "144";
145 0 0 26,139 "145";
146 0 1 14,23 "146";
147 0 1 128,132 "147";
148 2 1 118,157 "148";
149 0 1 137,171 "149";
150 1 1 17,79 "150";
151 1 0 47,104 "151";
152 0 1 28,112 "152";
153 2 0 133,145 "153";
154 0 1 62,165 "154";
155 1 0 98,163 "155";
156 1 1 16,132 "156";
157 0 1 45,123 "157";
158 0 0 132,136 "158";
159 2 1 89,109 "159";
160 0 0 2,44 "160";
161 2 1 24,67 "161";
162 2 0 119,168 "162";
163 1 1 26,37 "163";
164 1 0 71,121 "164";
165 0 1 84,99 "165";
166 0 0 104,142 "166";
167 0 0 125,156 "167";
168 1 1 14,85 "168";
169 0 1 93,159 "169";
170 1 0 36,37 "170";
171 0 1 86,145 "171";
172 0 1 146,173 "172";
173 1 0 71,118 "173";
174 2 0 42,121 "174";
