parity 174;
0 0 0 21,84 "0";
1 1 0 30,88 "1";
2 1 0 0,78 "2";
3 1 0 94,151 "3";
4 1 1 48,164 "4";
5 0 1 73,132 "5";
6 2 0 88,162 "6";
7 2 1 151,162 "7";
8 0 0 70,122 "8";
9 0 1 3,84 "9";
10 0 0 59,168 "10";
11 2 1 98,132 "11";
12 1 0 50,134 "12";
13 0 0 127,173 "13";
14 1 1 97,166 "14";
15 2 1 92,143 "15";
16 1 1 94,166 "16";
17 2 1 11,72 "17";
18 2 0 120,164 "18";
19 1 1 18,69 "19";
20 2 0 50,72 "20";
21 0 1 85,91 "21";
22 1 0 1,52 "22";
23 1 0 0,121 "23";
24 1 1 92,117 "24";
25 2 0 91,156 "25";
26 2 0 18,40 "26";
27 0 0 4,82 "27";
28 1 1 137,163 "28";
29 1 1 63,121 "29";
30 0 1 111,136 "30";
31 0 0 30,157 "31";
32 2 1 9,80 "32";
33 1 0 55,114 "33";
34 2 0 59,68 "34";
35 0 1 154,161 "35";
36 0 0 3,78 "36";
37 1 1 170,174 "37";
38 0 1 66,168 "38";
39 2 1 101,155 "39";
40 0 0 139,163 "40";
41 2 1 35,98 "41";
42 0 1 77,108 "42";
43 2 1 25,79 "43";
44 1 0 23,86 "44";
45 1 0 14,50 "45";
46 1 0 42,120 "46";
47 0 1 38,120 "47";
48 1 1 73,153 "48";
49 1 0 91,168 "49";
50 1 1 6,162 "50";
51 1 0 36,98 "51";
52 0 0 7,140 "52";
53 0 1 27,83 "53";
54 1 1 31,119 "54";
55 1 0 16,82 "55";
56 2 0 20,66 "56";
57 1 0 41,102 "57";
58 0 0 21,130 "58";
59 0 0 130,132 "59";
60 1 1 34,116 "60";
61 1 1 68,104 "61";
62 2 1 37,78 "62";
63 0 0 60,67 "63";
64 1 0 52,133 "64";
65 0 0 105,139 "65";
66 2 0 131,135 "66";
67 1 0 99,143 "67";
68 0 0 79,157 "68";
69 1 0 1,83 "69";
70 1 0 8,103 "70";
71 2 0 65,116 "71";
72 2 0 27,172 "72";
73 1 1 33,45 "73";
74 2 1 20,24 "74";
75 1 0 55,134 "75";
76 2 0 41,93 "76";
77 2 0 20,173 "77";
78 1 1 11,72 "78";
79 0 1 60,89 "79";
80 2 0 18,78 "80";
81 2 0 39,77 "81";
82 2 1 8,44 "82";
83 2 0 23,135 "83";
84 0 1 16,32 "84";
85 0 0 21,60 "85";
86 0 1 2,152 "86";
87 0 0 9,119 "87";
88 0 0 17,55 "88";
89 0 1 31,135 "89";
90 1 0 2,105 "90";
91 1 0 74,150 "91";
92 2 1 17,143 "92";
93 0 1 1,168 "93";
94 0 0 53,170 "94";
95 0 1 165,173 "95";
96 0 1 13,38 "96";
97 0 1 5,103 "97";
98 1 0 61,84 "98";
99 0 0 52,169 "99";
100 2 1 2,8 "100";
101 2 0 12,78 "101";
102 1 1 12,64 "102";
103 1 0 156,173 "103";
104 0 1 76,130 "104";
105 1 1 106,137 "105";
106 1 0 108,173 "106";
107 0 1 31,50 "107";
108 1 0 26,115 "108";
109 0 0 43,148 "109";
110 0 1 98,113 "110";
111 0 1 52,139 "111";
112 2 0 11,42 "112";
113 1 0 94,163 "113";
114 1 0 0,62 "114";
115 2 1 24,50 "115";
116 0 0 43,143 "116";
117 0 1 26,144 "117";
118 0 0 26,67 "118";
119 1 0 8,78 "119";
120 0 1 80,100 "120";
121 0 1 98,146 "121";
122 1 0 48,82 "122";
123 0 0 101,131 "123";
124 1 1 6,97 "124";
125 2 0 8,26 "125";
126 0 1 10,125 "126";
127 0 1 10,165 "127";
128 2 0 50,98 "128";
129 2 1 102,169 "129";
130 2 1 47,60 "130";
131 1 0 38,82 "131";
132 2 1 65,109 "132";
133 0 1 67,135 "133";
134 2 1 29,75 "134";
135 2 0 25,119 "135";
136 1 0 28,32 "136";
137 1 1 145,164 "137";
138 1 0 31,132 "138";
139 0 0 10,92 "139";
140 2 0 68,139 "140";
141 2 0 61,155 "141";
142 2 1 61,110 "142";
143 0 1 75,80 "143";
144 1 1 25,81 "144";
145 1 1 23,121 "145";
146 2 0 128,140 "146";
147 0 1 60,69 "147";
148 2 0 50,124 "148";
149 2 1 106,150 "149";
150 2 1 66,103 "150";
151 1 1 89,92 "151";
152 0 0 107,109 "152";
153 0 1 145,169 "153";
154 0 0 5,174 "154";
155 1 0 0,92 "155";
156 0 1 49,141 "156";
157 2 0 31,122 "157";
158 2 0 2,30 "158";
159 1 0 20,116 "159";
160 0 1 76,106 "160";
161 1 1 115,134 "161";
162 1 0 34,49 "162";
163 2 1 32,149 "163";
164 1 1 120,151 "164";
165 1 1 76,121 "165";
166 1 1 26,53 "166";
167 1 1 111,141 "167";
168 0 0 64,80 "168";
169 1 0 17,127 "169";
170 0 0 14,141 "170";
171 0 0 122,158 "171";
172 1 0 135,160 "172";
173 0 0 33,146 "173";
174 2 1 72,158 "174";
