parity 189;
0 2 0 156,169 "0";
1 2 0 113,136 "1";
2 2 1 82,145 "2";
3 1 0 25,165 "3";
4 2 0 94,129 "4";
5 0 1 24,162 "5";
6 0 0 36,111 "6";
7 1 0 4,153 "7";
8 1 1 4,104 "8";
9 2 0 81,88 "9";
10 2 1 63,82 "10";
11 1 1 12,144 "11";
12 0 1 148,168 "12";
13 0 1 105,186 "13";
14 2 0 29,107 "14";
15 0 0 9,53 "15";
16 1 1 104,125 "16";
17 0 1 48,65 "17";
18 2 1 43,70 "18";
19 0 1 85,160 "19";
20 0 0 180,187 "20";
21 0 0 80,133 "21";
22 2 0 96,136 "22";
23 1 0 67,174 "23";
24 2 1 154,174 "24";
25 2 0 70,174 "25";
26 1 1 43,118 "26";
27 0 0 55,171 "27";
28 1 1 0,32 "28";
29 1 1 26,124 "29";
30 0 1 9,125 "30";
31 2 0 127,165 "31";
32 2 0 60,119 "32";
33 1 0 16,117 "33";
34 1 0 0,128 "34";
35 1 1 5,108 "35";
36 0 1 143,183 "36";
37 2 1 66,79 "37";
38 1 1 86,173 "38";
39 2 0 43,48 "39";
40 1 1 26,133 "40";
41 0 1 129,173 "41";
42 2 1 14,82 "42";
43 0 1 122,186 "43";
44 2 1 73,135 "44";
45 0 0 52,170 "45";
46 0 1 110,144 "46";
47 2 1 36,179 "47";
48 2 1 104,153 "48";
49 2 1 26,166 "49";
50 2 0 52,187 "50";
51 2 1 136,139 "51";
52 1 0 83,138 "52";
53 1 1 46,71 "53";
54 1 0 97,161 "54";
55 1 1 37,100 "55";
56 2 1 32,167 "56";
57 1 0 56,79 "57";
58 2 1 135,174 "58";
59 1 0 9,169 "59";
60 2 0 133,187 "60";
61 2 0 89,180 "61";
62 2 0 132,171 "62";
63 2 0 9,32 "63";
64 2 1 63,77 "64";
65 0 1 134,140 "65";
66 0 1 19,97 "66";
67 2 1 27,176 "67";
68 1 1 11,60 "68";
69 1 0 53,175 "69";
70 2 1 73,176 "70";
71 2 0 78,174 "71";
72 0 1 168,184 "72";
73 0 1 11,28 "73";
74 2 1 103,129 "74";
75 0 0 60,102 "75";
76 0 1 153,186 "76";
77 1 0 0,81 "77";
78 1 0 21,147 "78";
79 1 0 131,178 "79";
80 1 0 48,53 "80";
81 1 1 44,71 "81";
82 2 0 102,159 "82";
83 2 0 87,169 "83";
84 2 0 173,182 "84";
85 1 1 79,92 "85";
86 2 0 93,170 "86";
87 1 1 66,108 "87";
88 1 1 109,130 "88";
89 0 1 64,169 "89";
90 1 0 131,184 "90";
91 1 0 44,133 "91";
92 1 1 8,85 "92";
93 2 0 79,175 "93";
94 0 0 108,150 "94";
95 0 1 48,169 "95";
96 1 1 27,93 "96";
97 0 1 24,82 "97";
98 2 1 22,173 "98";
99 2 0 21,155 "99";
100 0 0 111,189 "100";
101 1 0 51,163 "101";
102 0 0 29,160 "102";
103 2 1 89,91 "103";
104 2 0 62,137 "104";
105 1 1 129,176 "105";
106 2 0 30,179 "106";
107 1 0 15,116 "107";
108 1 1 20,115 "108";
109 2 0 113,125 "109";
110 0 0 100,141 "110";
111 2 0 58,175 "111";
112 1 0 55,152 "112";
113 0 1 31,146 "113";
114 2 0 61,110 "114";
115 0 0 20,58 "115";
116 2 1 41,141 "116";
117 1 1 39,89 "117";
118 1 0 50,71 "118";
119 2 1 97,146 "119";
120 2 1 42,175 "120";
121 2 1 26,182 "121";
122 1 1 31,87 "122";
123 0 0 1,93 "123";
124 2 1 6,52 "124";
125 1 0 78,90 "125";
126 1 1 78,100 "126";
127 1 1 24,38 "127";
128 0 1 55,120 "128";
129 2 1 34,52 "129";
130 0 1 7,57 "130";
131 0 1 30,136 "131";
132 0 0 61,131 "132";
133 1 0 110,130 "133";
134 0 1 36,117 "134";
135 1 1 114,118 "135";
136 2 1 6,132 "136";
137 1 1 1,155 "137";
138 2 1 46,160 "138";
139 0 1 120,186 "139";
140 1 1 130,135 "140";
141 2 0 96,183 "141";
142 2 1 29,78 "142";
143 0 1 95,122 "143";
144 0 0 28,101 "144";
145 2 1 173,184 "145";
146 0 1 123,126 "146";
147 1 0 163,164 "147";
148 2 0 30,83 "148";
149 2 0 91,158 "149";
150 2 1 92,157 "150";
151 0 1 39,125 "151";
152 1 1 118,138 "152";
153 1 1 100,112 "153";
154 0 1 178,187 "154";
155 0 1 56,68 "155";
156 0 1 19,140 "156";
157 1 1 163,173 "157";
158 2 0 79,112 "158";
159 1 1 2,75 "159";
160 2 1 16,149 "160";
161 2 1 19,160 "161";
162 2 0 11,16 "162";
163 2 1 9,162 "163";
164 0 0 2,41 "164";
165 1 1 106,124 "165";
166 1 1 26,73 "166";
167 1 0 30,114 "167";
168 2 0 45,59 "168";
169 2 1 55,182 "169";
170 2 1 42,188 "170";
171 1 0 66,104 "171";
172 2 1 41,58 "172";
173 0 0 69,129 "173";
174 1 0 69,92 "174";
175 0 0 57,123 "175";
176 2 1 49,183 "176";
177 2 1 23,176 "177";
178 1 1 131,142 "178";
179 2 0 145,175 "179";
180 2 0 61,72 "180";
181 1 0 36,179 "181";
182 0 1 115,177 "182";
183 1 0 80,102 "183";
184 1 1 46,142 "184";
185 0 0 70,109 "185";
186 2 1 78,129 "186";
187 2 1 126,172 "187";
188 0 0 17,36 "188";
189 1 1 44,151 "189";
