parity 189;
0 2 0 89,149 "0";
1 1 0 31,95 "1";
2 1 1 47,140 "2";
3 0 1 184,188 "3";
4 2 1 112,159 "4";
5 0 1 141,143 "5";
6 2 1 69,153 "6";
7 0 1 34,146 "7";
8 2 0 47,148 "8";
9 0 0 14,174 "9";
10 0 1 14,23 "10";
11 2 1 96,102 "11";
12 2 1 48,163 "12";
13 1 1 87,141 "13";
14 2 1 142,162 "14";
15 1 0 142,169 "15";
16 0 0 27,120 "16";
17 2 1 2,120 "17";
18 2 0 64,111 "18";
19 1 1 133,139 "19";
20 2 1 24,175 "20";
21 0 0 0,51 "21";
22 1 1 31,89 "22";
23 2 1 36,175 "23";
24 1 0 59,122 "24";
25 1 1 84,152 "25";
26 2 1 136,166 "26";
27 0 0 129,137 "27";
28 0 1 17,44 "28";
29 1 1 42,110 "29";
30 0 1 63,88 "30";
31 2 1 52,130 "31";
32 1 0 7,130 "32";
33 1 0 14,31 "33";
34 1 0 78,86 "34";
35 2 0 115,163 "35";
36 2 1 49,98 "36";
37 2 1 88,131 "37";
38 2 1 58,77 "38";
39 1 1 82,93 "39";
40 1 0 65,153 "40";
41 2 0 49,78 "41";
42 0 1 36,51 "42";
43 0 1 137,176 "43";
44 0 1 80,89 "44";
45 2 1 30,127 "45";
46 1 0 67,186 "46";
47 1 1 2,186 "47";
48 0 1 8,120 "48";
49 1 1 101,123 "49";
50 0 0 95,172 "50";
51 2 0 1,175 "51";
52 0 0 78,116 "52";
53 1 1 38,85 "53";
54 0 1 127,153 "54";
55 0 0 43,61 "55";
56 1 1 86,186 "56";
57 0 1 170,171 "57";
58 1 1 71,135 "58";
59 1 1 92,142 "59";
60 2 1 85,179 "60";
61 0 1 86,106 "61";
62 0 0 87,118 "62";
63 1 1 67,97 "63";
64 0 0 54,170 "64";
65 1 0 79,97 "65";
66 2 0 31,49 "66";
67 2 0 29,102 "67";
68 1 1 54,159 "68";
69 1 0 72,86 "69";
70 0 1 17,77 "70";
71 1 1 51,138 "71";
72 0 1 10,178 "72";
73 2 0 176,179 "73";
74 1 0 21,143 "74";
75 1 1 33,126 "75";
76 1 1 25,97 "76";
77 0 1 155,186 "77";
78 1 0 68,112 "78";
79 1 0 18,112 "79";
80 0 1 24,145 "80";
81 0 1 50,177 "81";
82 1 0 123,148 "82";
83 0 1 143,154 "83";
84 2 0 20,56 "84";
85 1 0 132,170 "85";
86 0 1 48,80 "86";
87 0 1 72,148 "87";
88 0 1 179,184 "88";
89 2 0 37,75 "89";
90 2 1 38,114 "90";
91 1 0 64,148 "91";
92 1 0 40,160 "92";
93 0 0 53,166 "93";
94 0 1 1,9 "94";
95 1 0 78,154 "95";
96 1 0 55,65 "96";
97 2 1 37,177 "97";
98 2 1 94,114 "98";
99 0 1 18,44 "99";
100 0 0 136,145 "100";
101 0 1 117,170 "101";
102 1 1 40,130 "102";
103 1 1 17,73 "103";
104 1 0 1,71 "104";
105 1 0 26,114 "105";
106 0 1 82,109 "106";
107 2 0 35,81 "107";
108 2 1 77,130 "108";
109 1 0 56,97 "109";
110 2 1 104,150 "110";
111 2 0 120,178 "111";
112 2 0 70,152 "112";
113 1 0 18,81 "113";
114 2 0 47,147 "114";
115 0 0 0,39 "115";
116 1 0 44,176 "116";
117 1 0 41,157 "117";
118 0 0 57,129 "118";
119 1 1 134,157 "119";
120 2 1 146,165 "120";
121 2 1 37,105 "121";
122 0 0 15,165 "122";
123 0 1 94,112 "123";
124 0 1 60,80 "124";
125 2 1 133,152 "125";
126 2 1 55,81 "126";
127 1 0 40,84 "127";
128 1 1 109,172 "128";
129 1 1 58,153 "129";
130 2 0 27,127 "130";
131 2 1 25,108 "131";
132 2 0 65,186 "132";
133 0 1 75,129 "133";
134 2 1 32,170 "134";
135 0 0 62,139 "135";
136 0 0 88,179 "136";
137 0 0 25,81 "137";
138 1 0 20,48 "138";
139 1 0 21,172 "139";
140 1 1 3,142 "140";
141 2 1 150,151 "141";
142 1 1 96,181 "142";
143 1 0 21,98 "143";
144 2 1 122,123 "144";
145 1 1 113,124 "145";
146 0 1 144,151 "146";
147 0 1 109,120 "147";
148 0 0 71,107 "148";
149 2 1 31,118 "149";
150 0 0 30,105 "150";
151 2 0 3,188 "151";
152 1 0 79,106 "152";
153 1 0 24,88 "153";
154 2 1 29,189 "154";
155 1 0 15,154 "155";
156 0 1 15,142 "156";
157 1 1 24,115 "157";
158 2 0 0,168 "158";
159 1 1 114,156 "159";
160 1 0 87,147 "160";
161 1 1 119,171 "161";
162 1 1 41,140 "162";
163 1 0 31,62 "163";
164 0 0 19,126 "164";
165 1 0 8,114 "165";
166 2 0 94,113 "166";
167 2 0 185,186 "167";
168 2 0 41,66 "168";
169 0 1 16,62 "169";
170 1 0 29,176 "170";
171 0 1 23,27 "171";
172 1 1 16,26 "172";
173 1 1 7,36 "173";
174 0 1 72,170 "174";
175 2 1 13,172 "175";
176 0 0 14,172 "176";
177 0 0 127,136 "177";
178 1 1 72,166 "178";
179 2 1 61,161 "179";
180 1 1 24,103 "180";
181 0 1 26,30 "181";
182 0 1 47,70 "182";
183 0 0 24,82 "183";
184 0 1 33,173 "184";
185 1 1 5,180 "185";
186 0 1 37,95 "186";
187 1 1 40,111 "187";
188 0 1 33,55 "188";
189 0 1 70,154 "189";
