parity 114;
0 0 0 53,57 "0";
1 2 1 25,65 "1";
2 0 1 77,94 "2";
3 0 0 10,15 "3";
4 1 0 63,82 "4";
5 2 1 11,46 "5";
6 1 1 62,77 "6";
7 1 0 26,60 "7";
8 0 1 17,85 "8";
9 2 0 52,62 "9";
10 2 0 1,53 "10";
11 2 1 88,94 "11";
12 1 1 13,83 "12";
13 0 0 0,67 "13";
14 1 1 10,98 "14";
15 1 1 5,61 "15";
16 0 0 3,63 "16";
17 0 1 7,47 "17";
18 0 1 41,68 "18";
19 0 0 71,79 "19";
20 0 1 62,103 "20";
21 1 0 61,69 "21";
22 1 1 49,93 "22";
23 1 1 85,100 "23";
24 1 0 37,77 "24";
25 1 0 50,90 "25";
26 2 1 76,104 "26";
27 1 0 1,16 "27";
28 0 1 17,91 "28";
29 0 1 52,82 "29";
30 0 0 40,88 "30";
31 2 1 10,34 "31";
32 0 0 1,19 "32";
33 0 1 59,90 "33";
34 1 0 47,103 "34";
35 2 0 3,60 "35";
36 1 1 22,102 "36";
37 1 0 98,110 "37";
38 1 0 12,28 "38";
39 2 0 30,84 "39";
40 2 0 77,95 "40";
41 0 1 78,95 "41";
42 2 0 19,50 "42";
43 0 1 2,8 "43";
44 2 1 2,78 "44";
45 2 1 71,92 "45";
46 1 0 26,77 "46";
47 0 0 96,109 "47";
48 0 0 39,67 "48";
49 2 1 1,20 "49";
50 0 1 12,104 "50";
51 2 1 49,72 "51";
52 1 0 6,111 "52";
53 1 0 9,107 "53";
54 0 1 52,69 "54";
55 1 0 101,114 "55";
56 2 1 44,84 "56";
57 2 0 5,12 "57";
58 2 1 24,89 "58";
59 2 0 24,32 "59";
60 0 1 61,69 "60";
61 2 1 84,91 "61";
62 2 1 31,112 "62";
63 0 1 7,39 "63";
64 1 0 29,111 "64";
65 0 1 80,89 "65";
66 1 0 3,60 "66";
67 2 0 48,74 "67";
68 0 0 23,39 "68";
69 2 0 6,9 "69";
70 1 0 27,75 "70";
71 2 1 33,83 "71";
72 1 0 93,99 "72";
73 0 1 69,75 "73";
74 1 0 26,71 "74";
75 0 1 35,84 "75";
76 2 0 0,48 "76";
77 0 0 23,106 "77";
78 0 1 16,29 "78";
79 1 0 58,113 "79";
80 0 0 78,79 "80";
81 1 0 70,111 "81";
82 1 0 29,58 "82";
83 0 1 60,80 "83";
84 0 0 43,82 "84";
85 0 0 34,86 "85";
86 0 0 18,111 "86";
87 0 0 0,44 "87";
88 2 0 51,81 "88";
89 2 1 74,90 "89";
90 2 0 37,63 "90";
91 2 0 107,110 "91";
92 1 1 10,15 "92";
93 0 0 31,69 "93";
94 2 1 13,97 "94";
95 1 1 42,55 "95";
96 2 0 10,30 "96";
97 0 0 99,114 "97";
98 2 0 14,62 "98";
99 1 1 83,109 "99";
100 0 1 35,71 "100";
101 0 0 26,92 "101";
102 2 0 5,81 "102";
103 0 1 5,58 "103";
104 1 1 16,25 "104";
105 2 1 60,97 "105";
106 0 0 77,108 "106";
107 0 1 51,104 "107";
108 2 0 65,78 "108";
109 2 1 67,106 "109";
110 1 1 14,68 "110";
111 2 0 11,14 "111";
112 0 0 58,81 "112";
113 2 1 74,105 "113";
114 1 0 78,93 "114";
