parity 149;
0 0 0 8,18 "0";
1 2 0 40,100 "1";
2 0 0 23,56 "2";
3 2 1 34,52 "3";
4 1 0 63,140 "4";
5 0 1 98,133 "5";
6 1 1 12,25 "6";
7 2 0 50,89 "7";
8 2 1 30,134 "8";
9 2 1 0,93 "9";
10 0 0 46,95 "10";
11 2 1 2,67 "11";
12 1 1 15,121 "12";
13 1 1 23,25 "13";
14 0 0 35,53 "14";
15 0 0 82,85 "15";
16 1 0 86,130 "16";
17 0 0 19,115 "17";
18 2 0 39,60 "18";
19 0 0 3,131 "19";
20 1 1 52,104 "20";
21 0 1 75,130 "21";
22 0 1 2,24 "22";
23 2 0 33,126 "23";
24 1 1 16,63 "24";
25 2 1 15,34 "25";
26 0 1 36,102 "26";
27 1 0 6,17 "27";
28 2 0 74,89 "28";
29 0 0 8,136 "29";
30 2 1 32,121 "30";
31 2 0 18,85 "31";
32 2 0 70,82 "32";
33 1 1 18,89 "33";
34 0 1 58,97 "34";
35 0 1 21,36 "35";
36 0 0 107,148 "36";
37 2 0 1,6 "37";
38 0 0 49,77 "38";
39 2 0 26,91 "39";
40 1 1 33,68 "40";
41 1 0 104,107 "41";
42 1 0 25,43 "42";
43 1 1 33,51 "43";
44 1 0 67,122 "44";
45 1 1 114,148 "45";
46 1 0 55,89 "46";
47 1 1 9,103 "47";
48 1 1 55,132 "48";
49 0 1 57,78 "49";
50 2 0 131,148 "50";
51 0 1 107,148 "51";
52 2 1 69,113 "52";
53 2 1 2,102 "53";
54 1 1 88,121 "54";
55 0 0 75,117 "55";
56 0 1 81,100 "56";
57 1 0 45,136 "57";
58 1 0 43,123 "58";
59 2 1 44,84 "59";
60 1 0 36,149 "60";
61 2 0 63,67 "61";
62 2 1 48,81 "62";
63 1 0 77,99 "63";
64 2 0 99,147 "64";
65 0 1 25,133 "65";
66 0 1 62,77 "66";
67 1 0 59,96 "67";
68 2 0 70,78 "68";
69 2 1 1,29 "69";
70 1 0 46,134 "70";
71 2 1 24,121 "71";
72 2 0 0,94 "72";
73 2 1 18,60 "73";
74 0 0 53,120 "74";
75 2 1 25,73 "75";
76 2 1 130,149 "76";
77 1 1 14,135 "77";
78 1 0 11,96 "78";
79 0 1 41,47 "79";
80 1 1 54,63 "80";
81 1 1 8,125 "81";
82 1 0 41,125 "82";
83 1 1 85,108 "83";
84 1 1 70,88 "84";
85 1 0 11,25 "85";
86 2 1 39,90 "86";
87 0 1 33,106 "87";
88 0 0 26,93 "88";
89 2 0 14,31 "89";
90 2 1 15,134 "90";
91 1 0 53,79 "91";
92 0 0 32,98 "92";
93 0 0 6,9 "93";
94 2 1 49,60 "94";
95 2 1 36,87 "95";
96 2 0 127,140 "96";
97 2 1 92,114 "97";
98 1 1 26,89 "98";
99 1 0 43,134 "99";
100 2 1 41,54 "100";
101 0 1 70,90 "101";
102 2 0 20,148 "102";
103 0 0 12,126 "103";
104 0 0 34,73 "104";
105 0 1 44,126 "105";
106 2 0 77,90 "106";
107 0 0 19,28 "107";
108 2 1 42,65 "108";
109 2 1 16,48 "109";
110 1 0 14,57 "110";
111 1 1 17,109 "111";
112 0 0 21,100 "112";
113 0 1 16,149 "113";
114 2 0 76,85 "114";
115 0 0 81,82 "115";
116 2 1 8,11 "116";
117 1 1 1,19 "117";
118 2 1 19,41 "118";
119 0 0 58,66 "119";
120 2 1 5,101 "120";
121 1 1 78,139 "121";
122 1 1 51,127 "122";
123 1 1 1,70 "123";
124 1 1 62,119 "124";
125 0 0 86,94 "125";
126 0 0 38,46 "126";
127 2 0 88,109 "127";
128 2 0 4,29 "128";
129 2 0 36,143 "129";
130 2 0 32,121 "130";
131 2 0 38,148 "131";
132 2 1 34,129 "132";
133 0 1 37,45 "133";
134 0 1 43,98 "134";
135 2 0 6,52 "135";
136 2 0 125,126 "136";
137 1 0 27,37 "137";
138 0 0 20,29 "138";
139 1 1 6,49 "139";
140 0 1 29,137 "140";
141 2 0 40,124 "141";
142 1 1 77,116 "142";
143 0 1 5,14 "143";
144 1 1 65,112 "144";
145 0 1 61,104 "145";
146 2 0 35,136 "146";
147 2 1 73,118 "147";
148 1 1 63,114 "148";
149 0 1 25,131 "149";
