parity 124;
0 0 0 24,36 "0";
1 1 1 74,121 "1";
2 2 0 4,16 "2";
3 0 1 16,41 "3";
4 2 1 113,120 "4";
5 0 1 17,25 "5";
6 0 0 52,69 "6";
7 1 0 10,116 "7";
8 1 1 71,121 "8";
9 0 0 2,18 "9";
10 2 0 30,46 "10";
11 0 1 40,77 "11";
12 1 1 101,111 "12";
13 2 1 89,122 "13";
14 1 1 102,111 "14";
15 0 0 83,122 "15";
16 2 1 63,69 "16";
17 1 0 34,88 "17";
18 0 0 50,120 "18";
19 1 1 8,118 "19";
20 0 1 18,119 "20";
21 0 1 20,113 "21";
22 2 1 45,63 "22";
23 0 0 10,73 "23";
24 0 0 14,100 "24";
25 0 1 48,119 "25";
26 2 1 78,100 "26";
27 1 0 48,90 "27";
28 1 1 7,54 "28";
29 1 0 26,48 "29";
30 1 1 52,53 "30";
31 1 1 1,58 "31";
32 1 1 66,82 "32";
33 2 1 26,71 "33";
34 2 0 22,85 "34";
35 1 0 61,64 "35";
36 1 1 5,59 "36";
37 0 0 31,69 "37";
38 1 0 54,89 "38";
39 0 0 6,37 "39";
40 1 1 86,111 "40";
41 0 0 68,75 "41";
42 1 1 59,124 "42";
43 2 1 20,94 "43";
44 1 0 25,40 "44";
45 0 0 11,113 "45";
46 0 0 22,47 "46";
47 1 0 65,74 "47";
48 2 1 30,80 "48";
49 2 0 54,109 "49";
50 1 0 62,102 "50";
51 2 0 38,122 "51";
52 0 0 51,120 "52";
53 1 0 70,84 "53";
54 2 0 7,113 "54";
55 1 1 44,53 "55";
56 0 1 89,93 "56";
57 1 0 61,104 "57";
58 0 0 74,85 "58";
59 0 1 60,117 "59";
60 2 0 55,120 "60";
61 1 1 52,107 "61";
62 2 1 14,49 "62";
63 2 1 8,58 "63";
64 0 0 32,117 "64";
65 1 1 82,124 "65";
66 2 1 2,48 "66";
67 1 1 89,102 "67";
68 0 1 34,58 "68";
69 0 0 45,52 "69";
70 0 0 48,93 "70";
71 1 0 13,102 "71";
72 2 0 24,68 "72";
73 2 0 72,98 "73";
74 0 0 47,116 "74";
75 1 0 85,122 "75";
76 2 1 7,106 "76";
77 1 1 24,104 "77";
78 0 1 52,86 "78";
79 2 0 66,109 "79";
80 1 0 33,59 "80";
81 2 1 1,13 "81";
82 0 0 31,78 "82";
83 0 1 46,56 "83";
84 2 1 25,42 "84";
85 1 1 58,91 "85";
86 1 1 30,78 "86";
87 0 0 8,37 "87";
88 0 0 26,56 "88";
89 1 1 16,110 "89";
90 1 1 82,109 "90";
91 2 1 17,25 "91";
92 0 1 89,117 "92";
93 2 1 60,74 "93";
94 0 0 29,33 "94";
95 0 0 7,94 "95";
96 2 0 17,66 "96";
97 2 1 7,94 "97";
98 1 0 0,117 "98";
99 2 0 25,76 "99";
100 2 0 5,53 "100";
101 1 1 74,107 "101";
102 2 1 1,90 "102";
103 0 1 59,84 "103";
104 0 1 65,121 "104";
105 0 1 57,98 "105";
106 2 1 28,107 "106";
107 2 0 82,111 "107";
108 1 0 91,98 "108";
109 2 0 83,114 "109";
110 0 0 31,121 "110";
111 2 0 36,103 "111";
112 0 1 21,103 "112";
113 2 1 4,76 "113";
114 1 1 66,118 "114";
115 0 0 14,79 "115";
116 0 1 13,103 "116";
117 0 1 2,19 "117";
118 1 1 63,100 "118";
119 1 0 55,90 "119";
120 0 1 100,110 "120";
121 2 1 102,110 "121";
122 0 1 16,82 "122";
123 1 1 44,65 "123";
124 1 0 11,81 "124";
