parity 169;
0 0 1 2,46 "0";
1 0 0 14,158 "1";
2 2 1 63,116 "2";
3 0 0 40,110 "3";
4 0 0 75,85 "4";
5 1 0 60,155 "5";
6 0 0 54,125 "6";
7 0 1 60,85 "7";
8 0 0 82,95 "8";
9 0 1 98,145 "9";
10 0 0 37,92 "10";
11 0 0 61,145 "11";
12 0 1 0,49 "12";
13 1 0 79,83 "13";
14 1 1 22,70 "14";
15 2 1 61,109 "15";
16 2 0 76,165 "16";
17 1 0 29,114 "17";
18 0 0 123,165 "18";
19 2 1 3,127 "19";
20 0 0 44,131 "20";
21 0 1 43,98 "21";
22 0 1 63,161 "22";
23 2 1 96,168 "23";
24 2 1 36,163 "24";
25 2 0 83,129 "25";
26 2 0 69,85 "26";
27 1 0 54,138 "27";
28 2 1 79,92 "28";
29 1 1 47,99 "29";
30 2 0 101,112 "30";
31 2 0 107,145 "31";
32 1 1 16,117 "32";
33 2 0 101,129 "33";
34 1 1 85,111 "34";
35 2 0 82,89 "35";
36 2 0 24,162 "36";
37 0 0 109,149 "37";
38 0 1 70,161 "38";
39 1 0 3,128 "39";
40 1 0 13,54 "40";
41 0 1 19,87 "41";
42 2 0 99,108 "42";
43 2 0 13,57 "43";
44 2 1 56,120 "44";
45 0 1 113,124 "45";
46 0 1 70,78 "46";
47 2 1 45,64 "47";
48 1 0 86,124 "48";
49 1 0 83,114 "49";
50 0 0 13,81 "50";
51 1 0 5,73 "51";
52 1 0 24,32 "52";
53 2 1 140,162 "53";
54 2 1 3,115 "54";
55 1 1 58,168 "55";
56 2 0 42,129 "56";
57 1 0 75,145 "57";
58 1 0 70,105 "58";
59 2 0 13,57 "59";
60 0 1 21,62 "60";
61 1 0 6,100 "61";
62 0 1 110,115 "62";
63 0 0 6,35 "63";
64 0 0 90,97 "64";
65 2 1 127,139 "65";
66 0 0 63,164 "66";
67 2 0 57,82 "67";
68 0 1 46,121 "68";
69 2 0 88,105 "69";
70 2 1 82,95 "70";
71 0 1 33,160 "71";
72 0 0 5,91 "72";
73 2 0 126,131 "73";
74 1 1 137,158 "74";
75 0 1 119,130 "75";
76 1 0 134,157 "76";
77 1 0 126,133 "77";
78 1 1 24,148 "78";
79 1 0 76,98 "79";
80 1 0 0,8 "80";
81 2 1 25,147 "81";
82 0 0 7,125 "82";
83 1 1 66,128 "83";
84 2 0 103,155 "84";
85 2 1 12,86 "85";
86 2 0 119,164 "86";
87 2 1 12,96 "87";
88 2 1 69,140 "88";
89 1 1 29,106 "89";
90 2 1 115,164 "90";
91 1 0 54,125 "91";
92 2 1 33,141 "92";
93 1 0 49,143 "93";
94 1 1 115,137 "94";
95 1 0 42,120 "95";
96 2 1 78,136 "96";
97 2 1 109,168 "97";
98 1 0 45,85 "98";
99 1 0 110,113 "99";
100 1 0 8,156 "100";
101 0 1 100,158 "101";
102 1 0 24,26 "102";
103 1 1 73,88 "103";
104 2 1 69,103 "104";
105 1 0 12,111 "105";
106 0 0 52,128 "106";
107 0 1 25,116 "107";
108 0 0 29,69 "108";
109 2 1 24,69 "109";
110 0 1 120,151 "110";
111 0 0 95,122 "111";
112 2 1 115,146 "112";
113 0 0 55,156 "113";
114 1 1 93,103 "114";
115 1 1 93,112 "115";
116 2 1 18,133 "116";
117 2 1 14,19 "117";
118 1 1 60,98 "118";
119 2 0 124,137 "119";
120 2 1 81,163 "120";
121 0 0 28,141 "121";
122 1 1 49,105 "122";
123 0 1 93,164 "123";
124 2 0 43,84 "124";
125 1 0 5,153 "125";
126 2 0 41,111 "126";
127 2 1 45,103 "127";
128 0 0 118,133 "128";
129 0 1 89,96 "129";
130 0 1 102,146 "130";
131 2 0 80,85 "131";
132 2 0 67,70 "132";
133 0 1 30,64 "133";
134 1 1 82,126 "134";
135 0 1 114,163 "135";
136 0 0 80,151 "136";
137 2 0 26,78 "137";
138 0 0 1,85 "138";
139 0 0 12,14 "139";
140 2 0 3,90 "140";
141 2 1 31,120 "141";
142 1 1 4,162 "142";
143 2 0 147,159 "143";
144 1 0 114,161 "144";
145 0 0 71,74 "145";
146 0 0 35,148 "146";
147 1 1 36,125 "147";
148 2 0 126,135 "148";
149 2 0 72,95 "149";
150 0 0 63,109 "150";
151 2 1 67,75 "151";
152 1 0 9,122 "152";
153 0 1 114,117 "153";
154 0 0 40,57 "154";
155 1 0 18,25 "155";
156 1 0 50,137 "156";
157 0 0 36,39 "157";
158 1 0 53,159 "158";
159 0 0 68,81 "159";
160 0 0 100,151 "160";
161 1 0 132,140 "161";
162 1 1 43,61 "162";
163 1 0 20,46 "163";
164 0 0 52,106 "164";
165 0 0 108,111 "165";
166 1 0 57,119 "166";
167 1 0 41,44 "167";
168 0 0 81,120 "168";
169 0 1 9,88 "169";
