parity 149;
0 1 0 17,83 "0";
1 2 0 89,97 "1";
2 1 0 74,87 "2";
3 0 1 37,73 "3";
4 2 1 2,33 "4";
5 0 1 47,113 "5";
6 2 0 27,123 "6";
7 1 1 75,120 "7";
8 1 1 146,147 "8";
9 1 0 79,106 "9";
10 0 0 67,117 "10";
11 2 1 63,135 "11";
12 0 1 54,116 "12";
13 1 0 7,102 "13";
14 1 0 20,135 "14";
15 1 1 107,117 "15";
16 1 0 6,131 "16";
17 0 0 59,149 "17";
18 0 1 80,136 "18";
19 1 0 50,125 "19";
20 1 1 50,113 "20";
21 1 0 35,129 "21";
22 0 0 20,57 "22";
23 0 1 46,115 "23";
24 2 1 54,143 "24";
25 2 1 35,62 "25";
26 2 0 10,71 "26";
27 0 0 59,110 "27";
28 2 0 100,115 "28";
29 1 0 68,126 "29";
30 0 1 42,104 "30";
31 1 1 7,85 "31";
32 2 1 45,49 "32";
33 1 0 79,113 "33";
34 1 0 16,96 "34";
35 2 1 12,98 "35";
36 1 1 97,103 "36";
37 2 1 28,30 "37";
38 0 0 7,72 "38";
39 2 0 19,29 "39";
40 1 0 22,87 "40";
41 0 1 2,101 "41";
42 0 0 17,133 "42";
43 2 1 74,141 "43";
44 0 1 101,128 "44";
45 2 0 73,137 "45";
46 0 1 98,137 "46";
47 0 1 4,63 "47";
48 1 0 59,147 "48";
49 2 1 3,100 "49";
50 0 0 12,108 "50";
51 0 1 46,127 "51";
52 2 0 17,139 "52";
53 2 0 136,146 "53";
54 2 0 4,85 "54";
55 0 1 56,77 "55";
56 1 0 34,149 "56";
57 2 1 26,122 "57";
58 0 0 21,61 "58";
59 2 0 51,134 "59";
60 1 0 54,132 "60";
61 1 1 33,134 "61";
62 2 0 32,61 "62";
63 2 0 61,64 "63";
64 1 1 7,137 "64";
65 0 0 53,136 "65";
66 1 1 35,139 "66";
67 0 1 22,85 "67";
68 0 1 38,124 "68";
69 2 1 35,74 "69";
70 0 1 94,121 "70";
71 1 0 108,131 "71";
72 2 0 20,95 "72";
73 0 1 52,55 "73";
74 0 0 11,36 "74";
75 0 0 80,95 "75";
76 2 1 31,105 "76";
77 2 0 72,120 "77";
78 0 1 22,29 "78";
79 2 1 42,52 "79";
80 1 0 46,95 "80";
81 0 0 16,126 "81";
82 2 1 0,15 "82";
83 1 0 93,128 "83";
84 1 1 3,77 "84";
85 1 0 87,137 "85";
86 1 0 24,124 "86";
87 2 1 51,109 "87";
88 0 0 118,120 "88";
89 2 1 6,80 "89";
90 1 1 51,147 "90";
91 2 0 48,135 "91";
92 2 0 67,140 "92";
93 2 0 17,131 "93";
94 0 0 1,62 "94";
95 2 1 7,83 "95";
96 0 1 28,90 "96";
97 2 1 24,109 "97";
98 1 1 0,27 "98";
99 2 1 36,52 "99";
100 0 0 108,123 "100";
101 0 0 1,80 "101";
102 2 1 37,115 "102";
103 1 0 21,98 "103";
104 0 0 8,119 "104";
105 2 1 49,132 "105";
106 2 0 30,81 "106";
107 1 0 90,136 "107";
108 0 0 13,78 "108";
109 2 0 77,149 "109";
110 0 0 59,82 "110";
111 2 1 89,101 "111";
112 2 0 35,110 "112";
113 0 1 99,132 "113";
114 2 1 127,145 "114";
115 0 1 46,63 "115";
116 1 0 70,132 "116";
117 1 1 74,134 "117";
118 0 1 126,128 "118";
119 1 1 74,145 "119";
120 2 0 24,95 "120";
121 0 0 73,147 "121";
122 1 1 44,112 "122";
123 2 0 69,137 "123";
124 2 0 0,30 "124";
125 1 0 52,58 "125";
126 0 1 22,60 "126";
127 0 1 79,88 "127";
128 1 0 28,144 "128";
129 2 0 42,47 "129";
130 0 0 138,145 "130";
131 2 0 3,60 "131";
132 0 0 19,134 "132";
133 1 0 42,51 "133";
134 1 0 66,82 "134";
135 0 0 71,76 "135";
136 1 1 116,143 "136";
137 2 0 20,82 "137";
138 0 1 50,51 "138";
139 0 0 22,146 "139";
140 1 1 112,115 "140";
141 1 1 22,145 "141";
142 1 1 71,137 "142";
143 0 1 59,105 "143";
144 0 0 34,53 "144";
145 2 0 29,136 "145";
146 2 0 16,138 "146";
147 0 1 136,145 "147";
148 2 1 9,70 "148";
149 1 1 105,110 "149";
