parity 169;
0 1 1 50,131 "0";
1 0 1 109,119 "1";
2 2 0 44,149 "2";
3 2 1 14,42 "3";
4 1 0 41,90 "4";
5 0 0 46,159 "5";
6 2 0 125,151 "6";
7 0 1 10,156 "7";
8 2 0 103,163 "8";
9 0 1 136,148 "9";
10 0 0 20,61 "10";
11 2 0 65,112 "11";
12 2 0 19,75 "12";
13 2 0 53,123 "13";
14 2 0 116,144 "14";
15 2 1 2,44 "15";
16 0 1 103,154 "16";
17 1 0 0,47 "17";
18 1 0 4,109 "18";
19 1 0 25,52 "19";
20 0 1 77,84 "20";
21 2 0 61,167 "21";
22 0 0 45,140 "22";
23 1 1 9,146 "23";
24 1 0 70,161 "24";
25 2 0 103,116 "25";
26 0 1 79,103 "26";
27 2 0 45,103 "27";
28 2 0 15,84 "28";
29 1 1 146,150 "29";
30 0 1 120,167 "30";
31 1 1 110,134 "31";
32 1 0 99,107 "32";
33 1 0 82,163 "33";
34 1 0 72,93 "34";
35 0 0 14,74 "35";
36 1 1 35,56 "36";
37 1 1 70,125 "37";
38 0 0 26,87 "38";
39 1 1 104,114 "39";
40 0 0 52,93 "40";
41 0 1 62,71 "41";
42 0 0 18,136 "42";
43 0 1 8,105 "43";
44 1 1 43,115 "44";
45 1 0 10,132 "45";
46 2 1 81,101 "46";
47 0 0 64,98 "47";
48 0 1 90,97 "48";
49 1 1 20,95 "49";
50 1 0 26,59 "50";
51 0 0 160,167 "51";
52 2 0 133,151 "52";
53 2 0 17,97 "53";
54 1 0 92,136 "54";
55 0 0 64,135 "55";
56 2 1 97,158 "56";
57 2 0 90,92 "57";
58 1 1 61,144 "58";
59 2 0 3,17 "59";
60 0 1 91,122 "60";
61 0 1 22,163 "61";
62 2 0 79,95 "62";
63 1 0 71,149 "63";
64 0 0 8,97 "64";
65 1 0 31,139 "65";
66 2 0 53,155 "66";
67 0 1 123,151 "67";
68 1 1 105,136 "68";
69 1 1 39,145 "69";
70 1 1 59,130 "70";
71 0 0 88,128 "71";
72 1 0 11,100 "72";
73 1 1 42,153 "73";
74 2 0 8,142 "74";
75 0 1 91,136 "75";
76 2 0 133,136 "76";
77 2 1 47,63 "77";
78 0 0 15,132 "78";
79 1 0 42,148 "79";
80 2 1 29,153 "80";
81 1 1 13,51 "81";
82 0 0 28,54 "82";
83 2 1 7,74 "83";
84 2 0 29,115 "84";
85 1 0 14,74 "85";
86 2 0 141,165 "86";
87 0 0 81,105 "87";
88 1 0 19,76 "88";
89 1 1 22,91 "89";
90 1 1 7,10 "90";
91 0 1 12,57 "91";
92 2 0 22,102 "92";
93 2 1 92,114 "93";
94 2 0 92,123 "94";
95 1 0 139,147 "95";
96 1 1 75,129 "96";
97 0 0 7,138 "97";
98 1 0 88,119 "98";
99 2 0 51,125 "99";
100 2 1 38,145 "100";
101 2 1 108,154 "101";
102 1 0 67,169 "102";
103 0 1 2,95 "103";
104 1 0 0,13 "104";
105 0 1 24,80 "105";
106 0 1 8,148 "106";
107 1 1 66,154 "107";
108 1 1 41,112 "108";
109 0 0 55,162 "109";
110 1 0 124,149 "110";
111 0 0 11,104 "111";
112 0 1 66,74 "112";
113 0 0 51,118 "113";
114 2 1 31,72 "114";
115 0 1 108,163 "115";
116 0 0 4,164 "116";
117 0 0 82,125 "117";
118 0 1 75,120 "118";
119 1 0 58,103 "119";
120 1 1 86,154 "120";
121 0 0 111,117 "121";
122 1 0 43,114 "122";
123 2 0 9,85 "123";
124 1 1 1,134 "124";
125 1 1 74,110 "125";
126 1 1 40,93 "126";
127 1 0 40,106 "127";
128 2 1 68,139 "128";
129 1 1 84,112 "129";
130 0 1 117,127 "130";
131 2 0 9,97 "131";
132 1 0 85,93 "132";
133 0 1 83,96 "133";
134 2 0 32,54 "134";
135 0 1 19,49 "135";
136 2 1 17,59 "136";
137 2 1 101,133 "137";
138 0 0 98,127 "138";
139 1 0 22,100 "139";
140 0 0 41,53 "140";
141 2 1 81,111 "141";
142 0 0 7,114 "142";
143 1 1 94,162 "143";
144 0 1 13,103 "144";
145 0 1 49,76 "145";
146 0 1 89,98 "146";
147 0 0 104,167 "147";
148 1 0 44,137 "148";
149 0 0 121,158 "149";
150 2 1 33,102 "150";
151 0 1 101,143 "151";
152 2 0 10,83 "152";
153 0 0 46,156 "153";
154 2 1 39,129 "154";
155 1 1 70,134 "155";
156 1 0 63,113 "156";
157 0 0 63,107 "157";
158 0 0 66,123 "158";
159 1 0 30,37 "159";
160 2 0 27,61 "160";
161 2 1 60,103 "161";
162 1 1 117,166 "162";
163 0 1 52,161 "163";
164 1 0 13,113 "164";
165 2 1 100,146 "165";
166 2 0 76,131 "166";
167 0 0 4,87 "167";
168 2 0 116,155 "168";
169 1 0 17,115 "169";
