parity 134;
0 2 1 10,79 "0";
1 2 0 88,104 "1";
2 1 1 53,106 "2";
3 0 0 71,113 "3";
4 0 0 32,85 "4";
5 0 1 17,106 "5";
6 1 1 17,83 "6";
7 1 0 71,115 "7";
8 0 1 29,96 "8";
9 2 0 70,81 "9";
10 0 0 63,95 "10";
11 0 1 53,120 "11";
12 2 1 13,120 "12";
13 1 0 96,124 "13";
14 0 0 32,113 "14";
15 2 1 47,122 "15";
16 2 0 2,35 "16";
17 1 0 61,95 "17";
18 2 1 17,127 "18";
19 2 1 17,96 "19";
20 2 1 12,86 "20";
21 1 0 108,114 "21";
22 2 0 5,56 "22";
23 0 1 73,123 "23";
24 0 0 34,62 "24";
25 2 1 51,127 "25";
26 2 1 86,109 "26";
27 0 1 40,133 "27";
28 1 0 92,127 "28";
29 0 0 7,65 "29";
30 2 1 35,79 "30";
31 0 1 28,134 "31";
32 1 0 30,83 "32";
33 0 0 79,81 "33";
34 2 0 13,31 "34";
35 2 1 58,125 "35";
36 0 1 26,126 "36";
37 2 1 83,86 "37";
38 0 0 70,114 "38";
39 1 0 71,77 "39";
40 1 1 20,24 "40";
41 0 1 28,33 "41";
42 0 1 19,95 "42";
43 1 0 5,59 "43";
44 2 0 29,60 "44";
45 2 1 106,117 "45";
46 1 0 13,95 "46";
47 1 1 86,132 "47";
48 2 1 72,76 "48";
49 1 1 75,88 "49";
50 2 0 22,101 "50";
51 0 0 29,117 "51";
52 2 1 15,34 "52";
53 0 1 16,112 "53";
54 0 1 25,49 "54";
55 2 0 11,134 "55";
56 2 1 21,59 "56";
57 0 0 97,130 "57";
58 2 0 52,120 "58";
59 1 0 36,49 "59";
60 0 0 16,80 "60";
61 0 0 77,127 "61";
62 1 0 30,115 "62";
63 2 1 5,132 "63";
64 1 0 42,70 "64";
65 0 1 85,90 "65";
66 0 0 117,134 "66";
67 1 0 98,103 "67";
68 1 1 52,80 "68";
69 1 1 9,12 "69";
70 0 0 53,119 "70";
71 1 0 20,102 "71";
72 0 1 18,121 "72";
73 1 0 90,110 "73";
74 0 1 66,85 "74";
75 0 0 89,108 "75";
76 1 0 35,68 "76";
77 0 0 3,29 "77";
78 2 0 72,112 "78";
79 1 1 8,50 "79";
80 2 0 60,76 "80";
81 2 0 72,127 "81";
82 0 1 61,79 "82";
83 2 0 46,101 "83";
84 0 0 47,104 "84";
85 1 0 24,27 "85";
86 0 0 33,94 "86";
87 2 1 27,65 "87";
88 0 0 63,110 "88";
89 2 1 50,77 "89";
90 2 0 1,5 "90";
91 1 0 75,128 "91";
92 0 0 29,32 "92";
93 2 0 46,127 "93";
94 0 1 107,111 "94";
95 2 1 23,126 "95";
96 0 1 54,131 "96";
97 0 0 2,105 "97";
98 2 0 83,91 "98";
99 0 1 21,86 "99";
100 2 0 76,89 "100";
101 1 0 15,28 "101";
102 0 1 16,96 "102";
103 2 0 28,54 "103";
104 0 1 17,111 "104";
105 1 0 66,89 "105";
106 1 1 38,108 "106";
107 2 1 35,70 "107";
108 1 1 97,112 "108";
109 1 0 3,50 "109";
110 1 0 22,66 "110";
111 0 1 6,10 "111";
112 1 1 92,120 "112";
113 1 1 1,52 "113";
114 2 0 5,55 "114";
115 0 1 52,64 "115";
116 0 1 4,111 "116";
117 1 1 71,113 "117";
118 1 0 81,106 "118";
119 1 1 51,127 "119";
120 0 0 48,58 "120";
121 2 0 41,130 "121";
122 2 1 13,26 "122";
123 2 1 30,103 "123";
124 1 0 23,95 "124";
125 1 1 46,84 "125";
126 0 1 100,124 "126";
127 1 1 15,19 "127";
128 0 1 31,130 "128";
129 0 1 77,95 "129";
130 1 0 33,87 "130";
131 0 1 61,132 "131";
132 1 0 33,119 "132";
133 2 1 55,119 "133";
134 2 0 52,108 "134";
