parity 144;
0 1 1 28,65 "0";
1 0 1 68,124 "1";
2 0 0 65,104 "2";
3 0 1 130,137 "3";
4 0 0 59,86 "4";
5 2 0 61,101 "5";
6 0 1 114,116 "6";
7 1 1 17,114 "7";
8 1 0 121,127 "8";
9 0 0 8,14 "9";
10 0 0 15,110 "10";
11 0 1 7,99 "11";
12 0 0 38,46 "12";
13 1 1 69,76 "13";
14 1 0 101,108 "14";
15 1 1 28,94 "15";
16 0 0 26,99 "16";
17 2 0 69,116 "17";
18 2 0 2,14 "18";
19 2 0 44,46 "19";
20 1 1 105,108 "20";
21 2 0 30,96 "21";
22 2 1 17,106 "22";
23 2 1 133,141 "23";
24 0 1 59,104 "24";
25 0 1 0,110 "25";
26 1 0 4,43 "26";
27 2 0 35,109 "27";
28 2 1 1,75 "28";
29 2 1 111,135 "29";
30 1 1 48,136 "30";
31 2 1 5,61 "31";
32 1 0 21,108 "32";
33 1 0 98,128 "33";
34 0 0 63,130 "34";
35 0 0 25,85 "35";
36 1 0 32,37 "36";
37 2 1 19,35 "37";
38 2 0 48,72 "38";
39 1 1 15,25 "39";
40 0 0 41,130 "40";
41 1 1 24,64 "41";
42 1 1 80,93 "42";
43 2 1 34,41 "43";
44 0 0 30,121 "44";
45 2 0 9,83 "45";
46 0 1 75,143 "46";
47 1 0 59,61 "47";
48 2 0 99,115 "48";
49 2 1 33,106 "49";
50 2 1 4,136 "50";
51 1 0 4,111 "51";
52 0 0 9,126 "52";
53 2 1 6,41 "53";
54 1 1 8,128 "54";
55 2 1 64,132 "55";
56 1 0 13,31 "56";
57 1 0 10,135 "57";
58 2 1 15,70 "58";
59 2 0 110,143 "59";
60 0 0 45,114 "60";
61 1 1 72,111 "61";
62 2 0 18,141 "62";
63 0 0 96,136 "63";
64 1 0 9,23 "64";
65 2 1 68,82 "65";
66 0 1 85,98 "66";
67 1 1 20,86 "67";
68 0 1 8,10 "68";
69 2 0 8,74 "69";
70 2 0 8,61 "70";
71 1 0 3,25 "71";
72 2 1 50,130 "72";
73 0 0 16,124 "73";
74 1 0 26,133 "74";
75 0 0 19,83 "75";
76 2 1 73,142 "76";
77 0 1 84,101 "77";
78 2 0 1,58 "78";
79 1 0 5,132 "79";
80 1 0 8,35 "80";
81 0 0 27,117 "81";
82 0 0 92,99 "82";
83 2 1 111,123 "83";
84 1 0 4,6 "84";
85 0 1 100,138 "85";
86 1 1 3,78 "86";
87 0 0 15,114 "87";
88 1 1 41,48 "88";
89 0 1 24,52 "89";
90 0 1 36,124 "90";
91 2 0 134,141 "91";
92 2 0 30,95 "92";
93 0 1 60,114 "93";
94 0 1 7,141 "94";
95 1 0 15,57 "95";
96 2 1 17,52 "96";
97 0 0 73,92 "97";
98 1 1 53,63 "98";
99 1 1 15,109 "99";
100 0 1 8,80 "100";
101 0 0 89,127 "101";
102 2 1 22,30 "102";
103 1 1 110,134 "103";
104 2 0 10,90 "104";
105 2 1 10,50 "105";
106 2 0 21,137 "106";
107 2 0 106,123 "107";
108 1 0 83,130 "108";
109 2 1 30,40 "109";
110 1 1 41,44 "110";
111 2 0 35,46 "111";
112 0 1 25,136 "112";
113 2 0 7,84 "113";
114 0 0 94,109 "114";
115 0 0 40,135 "115";
116 2 0 53,106 "116";
117 0 1 1,16 "117";
118 0 0 120,126 "118";
119 2 1 23,98 "119";
120 0 0 4,25 "120";
121 0 0 31,62 "121";
122 1 1 7,98 "122";
123 0 0 125,137 "123";
124 1 1 9,120 "124";
125 1 1 48,49 "125";
126 0 0 46,65 "126";
127 1 1 41,103 "127";
128 2 1 91,113 "128";
129 0 0 100,124 "129";
130 2 1 20,123 "130";
131 1 0 52,94 "131";
132 0 0 63,78 "132";
133 2 1 36,110 "133";
134 2 0 50,72 "134";
135 0 1 88,100 "135";
136 0 0 0,16 "136";
137 2 1 2,67 "137";
138 2 1 22,111 "138";
139 0 1 32,79 "139";
140 2 1 114,139 "140";
141 0 1 96,107 "141";
142 0 1 40,132 "142";
143 1 1 43,132 "143";
144 2 1 3,46 "144";
