parity 139;
0 0 1 66,67 "0";
1 1 0 103,113 "1";
2 1 1 75,91 "2";
3 0 1 60,111 "3";
4 0 0 86,105 "4";
5 2 1 21,66 "5";
6 2 1 0,137 "6";
7 2 0 16,63 "7";
8 1 0 114,137 "8";
9 0 0 92,126 "9";
10 0 0 56,72 "10";
11 1 1 40,107 "11";
12 0 0 19,121 "12";
13 1 0 0,19 "13";
14 1 0 72,86 "14";
15 0 0 57,62 "15";
16 2 1 1,49 "16";
17 1 0 43,61 "17";
18 1 1 54,84 "18";
19 0 1 17,66 "19";
20 2 0 9,79 "20";
21 2 0 12,53 "21";
22 0 0 14,23 "22";
23 2 1 24,72 "23";
24 2 1 38,101 "24";
25 1 1 22,32 "25";
26 1 1 40,87 "26";
27 2 1 22,54 "27";
28 0 0 15,102 "28";
29 2 0 54,125 "29";
30 0 0 75,135 "30";
31 2 0 54,121 "31";
32 0 1 52,94 "32";
33 1 0 36,38 "33";
34 0 1 59,121 "34";
35 2 0 7,36 "35";
36 0 1 25,112 "36";
37 0 0 20,135 "37";
38 0 0 26,98 "38";
39 2 0 18,137 "39";
40 1 0 63,106 "40";
41 1 0 26,83 "41";
42 1 1 92,122 "42";
43 0 1 52,68 "43";
44 1 0 14,46 "44";
45 0 0 36,78 "45";
46 0 0 25,118 "46";
47 0 0 15,53 "47";
48 1 1 2,43 "48";
49 0 0 66,79 "49";
50 0 0 5,63 "50";
51 2 0 2,47 "51";
52 0 0 107,113 "52";
53 0 0 110,128 "53";
54 2 1 2,110 "54";
55 1 1 66,81 "55";
56 0 1 88,103 "56";
57 1 0 24,121 "57";
58 1 0 25,45 "58";
59 2 1 36,133 "59";
60 1 0 55,101 "60";
61 2 1 8,115 "61";
62 0 1 60,111 "62";
63 1 0 54,109 "63";
64 1 0 33,35 "64";
65 2 0 25,27 "65";
66 0 0 16,39 "66";
67 2 1 77,99 "67";
68 1 1 9,86 "68";
69 2 1 28,120 "69";
70 1 0 9,28 "70";
71 1 0 73,126 "71";
72 1 1 18,47 "72";
73 0 1 63,69 "73";
74 2 0 117,132 "74";
75 2 0 30,62 "75";
76 1 1 55,65 "76";
77 1 0 89,91 "77";
78 0 1 115,117 "78";
79 2 1 29,56 "79";
80 0 1 11,112 "80";
81 1 1 34,58 "81";
82 0 1 70,108 "82";
83 0 1 111,137 "83";
84 0 1 45,48 "84";
85 2 1 3,34 "85";
86 2 0 62,94 "86";
87 0 0 74,91 "87";
88 0 0 76,97 "88";
89 1 0 7,87 "89";
90 1 0 76,113 "90";
91 0 0 55,115 "91";
92 0 1 1,25 "92";
93 1 0 26,135 "93";
94 2 1 89,114 "94";
95 2 1 52,111 "95";
96 2 1 26,74 "96";
97 1 1 9,64 "97";
98 1 1 38,135 "98";
99 1 0 91,131 "99";
100 0 0 37,116 "100";
101 0 0 67,87 "101";
102 0 0 15,69 "102";
103 0 0 6,65 "103";
104 0 1 84,120 "104";
105 2 0 41,104 "105";
106 0 0 48,70 "106";
107 1 0 121,134 "107";
108 1 1 24,82 "108";
109 1 1 21,25 "109";
110 1 0 1,72 "110";
111 2 1 21,99 "111";
112 2 0 137,138 "112";
113 1 0 38,51 "113";
114 2 0 27,115 "114";
115 0 0 24,109 "115";
116 0 1 87,126 "116";
117 0 0 89,103 "117";
118 0 0 12,89 "118";
119 2 1 20,83 "119";
120 1 0 34,136 "120";
121 2 0 99,116 "121";
122 0 1 47,73 "122";
123 0 1 18,101 "123";
124 2 0 8,21 "124";
125 2 0 47,82 "125";
126 2 0 4,20 "126";
127 0 0 40,86 "127";
128 1 1 23,114 "128";
129 1 0 25,31 "129";
130 2 1 25,111 "130";
131 0 1 77,99 "131";
132 0 0 115,136 "132";
133 0 0 63,108 "133";
134 2 0 22,96 "134";
135 1 0 65,138 "135";
136 1 0 40,93 "136";
137 0 1 71,103 "137";
138 1 0 21,83 "138";
139 2 0 14,107 "139";
