parity 154;
0 2 0 21,154 "0";
1 0 1 14,132 "1";
2 2 0 43,120 "2";
3 1 0 88,140 "3";
4 0 1 54,84 "4";
5 0 0 19,133 "5";
6 0 0 136,147 "6";
7 1 0 41,98 "7";
8 2 1 13,130 "8";
9 2 1 28,102 "9";
10 0 0 97,139 "10";
11 0 1 88,113 "11";
12 2 1 98,114 "12";
13 1 0 78,96 "13";
14 1 1 77,152 "14";
15 0 0 88,120 "15";
16 2 1 115,132 "16";
17 0 1 18,105 "17";
18 1 0 38,131 "18";
19 2 0 115,143 "19";
20 0 0 40,142 "20";
21 1 0 37,73 "21";
22 1 1 65,128 "22";
23 1 1 66,125 "23";
24 0 1 68,121 "24";
25 2 0 48,130 "25";
26 2 0 106,136 "26";
27 1 0 87,131 "27";
28 0 1 12,118 "28";
29 2 0 22,101 "29";
30 2 0 108,139 "30";
31 1 0 104,131 "31";
32 1 0 119,143 "32";
33 0 1 118,131 "33";
34 2 1 118,139 "34";
35 1 1 57,91 "35";
36 1 1 1,32 "36";
37 2 0 17,75 "37";
38 2 0 44,142 "38";
39 1 1 66,111 "39";
40 0 0 19,83 "40";
41 1 0 62,101 "41";
42 0 0 105,149 "42";
43 2 1 62,123 "43";
44 1 1 82,110 "44";
45 1 0 72,75 "45";
46 2 1 0,108 "46";
47 2 0 26,94 "47";
48 1 1 11,92 "48";
49 2 1 97,110 "49";
50 1 0 77,84 "50";
51 2 1 26,112 "51";
52 2 1 41,101 "52";
53 1 1 5,132 "53";
54 1 0 88,103 "54";
55 0 1 123,142 "55";
56 1 0 75,87 "56";
57 2 1 64,92 "57";
58 0 1 51,71 "58";
59 0 1 94,107 "59";
60 1 0 79,147 "60";
61 1 1 14,52 "61";
62 2 1 101,102 "62";
63 1 0 27,127 "63";
64 1 1 28,39 "64";
65 1 1 27,71 "65";
66 1 0 65,139 "66";
67 1 1 43,101 "67";
68 1 0 10,54 "68";
69 0 0 32,33 "69";
70 2 0 144,154 "70";
71 1 1 38,62 "71";
72 1 1 62,126 "72";
73 2 1 39,145 "73";
74 1 1 52,116 "74";
75 0 0 116,151 "75";
76 1 1 26,103 "76";
77 0 1 39,85 "77";
78 2 1 98,146 "78";
79 1 1 73,140 "79";
80 1 0 20,66 "80";
81 2 0 52,107 "81";
82 1 0 9,90 "82";
83 1 0 98,145 "83";
84 1 0 20,136 "84";
85 2 1 34,143 "85";
86 1 1 61,94 "86";
87 0 0 14,94 "87";
88 2 0 107,129 "88";
89 2 1 131,153 "89";
90 0 0 5,31 "90";
91 1 1 8,31 "91";
92 2 0 134,138 "92";
93 2 0 37,135 "93";
94 0 1 97,144 "94";
95 0 0 68,103 "95";
96 1 1 35,65 "96";
97 0 0 27,64 "97";
98 2 0 41,152 "98";
99 0 0 7,109 "99";
100 0 1 120,128 "100";
101 2 0 42,98 "101";
102 0 1 63,134 "102";
103 2 1 15,134 "103";
104 1 0 14,154 "104";
105 0 1 103,128 "105";
106 0 0 36,42 "106";
107 2 1 96,98 "107";
108 2 1 26,88 "108";
109 1 0 101,122 "109";
110 0 0 16,43 "110";
111 2 0 28,54 "111";
112 2 1 78,92 "112";
113 1 0 11,148 "113";
114 2 0 42,67 "114";
115 2 1 65,136 "115";
116 1 0 36,56 "116";
117 1 1 30,148 "117";
118 0 0 22,126 "118";
119 2 0 102,109 "119";
120 2 1 79,137 "120";
121 2 1 43,58 "121";
122 1 1 0,83 "122";
123 2 0 71,134 "123";
124 0 0 33,63 "124";
125 0 1 13,105 "125";
126 2 0 52,142 "126";
127 2 0 112,120 "127";
128 2 0 16,113 "128";
129 2 0 9,104 "129";
130 2 1 17,86 "130";
131 0 1 47,93 "131";
132 2 0 30,88 "132";
133 1 0 55,123 "133";
134 2 0 23,111 "134";
135 2 1 42,71 "135";
136 2 0 36,59 "136";
137 0 0 86,100 "137";
138 0 0 46,136 "138";
139 1 1 81,102 "139";
140 1 0 146,151 "140";
141 0 0 87,94 "141";
142 0 1 39,87 "142";
143 0 1 9,53 "143";
144 2 0 37,127 "144";
145 0 0 44,61 "145";
146 0 0 123,154 "146";
147 0 1 65,91 "147";
148 1 1 39,75 "148";
149 1 0 69,145 "149";
150 0 1 92,144 "150";
151 0 1 40,137 "151";
152 2 0 22,54 "152";
153 2 0 61,113 "153";
154 0 1 27,122 "154";
