parity 104;
0 0 0 48,58 "0";
1 0 1 45,75 "1";
2 2 0 88,96 "2";
3 1 0 40,93 "3";
4 1 0 32,85 "4";
5 2 1 36,80 "5";
6 1 1 72,87 "6";
7 2 0 20,94 "7";
8 0 0 31,94 "8";
9 0 1 48,62 "9";
10 0 0 40,85 "10";
11 1 0 72,94 "11";
12 1 1 32,43 "12";
13 0 0 32,88 "13";
14 1 1 81,93 "14";
15 0 0 92,100 "15";
16 0 0 59,87 "16";
17 2 0 47,55 "17";
18 1 0 61,73 "18";
19 0 1 72,104 "19";
20 0 0 30,37 "20";
21 2 0 35,60 "21";
22 1 0 32,76 "22";
23 0 1 78,99 "23";
24 2 0 51,56 "24";
25 1 0 50,91 "25";
26 0 0 28,104 "26";
27 2 0 23,88 "27";
28 0 1 57,96 "28";
29 0 1 35,65 "29";
30 1 0 18,29 "30";
31 0 0 74,96 "31";
32 0 1 18,35 "32";
33 0 0 58,69 "33";
34 1 0 3,62 "34";
35 0 0 24,45 "35";
36 1 1 14,69 "36";
37 0 0 7,19 "37";
38 0 1 42,59 "38";
39 2 0 59,70 "39";
40 2 0 37,78 "40";
41 2 1 72,84 "41";
42 2 1 59,67 "42";
43 1 0 62,80 "43";
44 1 0 21,43 "44";
45 2 0 25,89 "45";
46 0 1 19,102 "46";
47 0 1 55,98 "47";
48 0 0 73,104 "48";
49 0 1 8,27 "49";
50 1 1 7,46 "50";
51 0 1 22,32 "51";
52 1 0 44,102 "52";
53 1 1 2,20 "53";
54 2 1 71,100 "54";
55 2 0 39,85 "55";
56 0 0 0,82 "56";
57 2 1 19,82 "57";
58 2 0 47,91 "58";
59 2 1 22,86 "59";
60 2 1 21,47 "60";
61 0 0 57,92 "61";
62 0 1 16,42 "62";
63 1 0 24,79 "63";
64 0 0 15,33 "64";
65 1 1 48,94 "65";
66 1 0 59,87 "66";
67 0 1 34,81 "67";
68 0 1 40,46 "68";
69 0 0 72,98 "69";
70 0 1 6,24 "70";
71 0 1 80,91 "71";
72 2 0 46,86 "72";
73 0 1 27,91 "73";
74 0 1 14,46 "74";
75 2 0 18,22 "75";
76 1 0 5,84 "76";
77 0 1 62,72 "77";
78 0 1 25,84 "78";
79 0 1 9,32 "79";
80 1 0 8,24 "80";
81 2 0 44,74 "81";
82 0 1 58,75 "82";
83 0 1 5,61 "83";
84 2 1 6,18 "84";
85 2 1 33,69 "85";
86 1 1 26,103 "86";
87 0 1 46,79 "87";
88 0 0 35,43 "88";
89 2 1 71,86 "89";
90 1 1 13,59 "90";
91 2 1 79,103 "91";
92 0 0 42,51 "92";
93 0 0 11,98 "93";
94 1 0 50,95 "94";
95 1 0 21,88 "95";
96 0 1 46,61 "96";
97 0 1 12,69 "97";
98 1 1 35,70 "98";
99 1 1 35,69 "99";
100 2 1 43,86 "100";
101 0 0 43,80 "101";
102 2 1 58,90 "102";
103 2 1 15,18 "103";
104 2 1 75,81 "104";
