parity 124;
0 2 0 99,118 "0";
1 2 1 24,102 "1";
2 1 1 21,64 "2";
3 0 0 76,124 "3";
4 1 1 19,48 "4";
5 2 1 65,79 "5";
6 2 1 4,40 "6";
7 2 0 84,112 "7";
8 1 1 55,97 "8";
9 0 0 26,86 "9";
10 1 1 79,106 "10";
11 0 1 12,59 "11";
12 0 1 74,106 "12";
13 1 0 0,105 "13";
14 0 1 7,40 "14";
15 2 0 14,73 "15";
16 1 0 33,76 "16";
17 0 1 9,20 "17";
18 0 1 61,118 "18";
19 1 1 55,112 "19";
20 2 1 39,84 "20";
21 0 1 31,120 "21";
22 0 0 92,108 "22";
23 1 1 53,84 "23";
24 2 0 57,109 "24";
25 2 1 98,119 "25";
26 1 0 30,111 "26";
27 1 1 22,75 "27";
28 2 1 76,81 "28";
29 1 1 33,74 "29";
30 0 1 87,123 "30";
31 1 1 16,95 "31";
32 0 0 85,109 "32";
33 1 1 42,87 "33";
34 0 1 39,101 "34";
35 1 0 43,90 "35";
36 0 0 19,42 "36";
37 2 0 65,81 "37";
38 1 0 67,68 "38";
39 1 1 37,59 "39";
40 2 1 8,41 "40";
41 2 0 0,64 "41";
42 2 0 35,79 "42";
43 0 0 24,50 "43";
44 0 0 68,115 "44";
45 0 0 96,108 "45";
46 2 0 31,89 "46";
47 2 0 27,104 "47";
48 1 0 39,118 "48";
49 1 1 37,92 "49";
50 0 0 22,112 "50";
51 0 0 89,116 "51";
52 1 0 13,116 "52";
53 1 1 22,120 "53";
54 2 0 47,120 "54";
55 1 1 65,72 "55";
56 1 1 21,119 "56";
57 1 1 52,123 "57";
58 0 0 56,77 "58";
59 0 0 112,117 "59";
60 0 1 45,56 "60";
61 1 1 57,86 "61";
62 2 0 87,97 "62";
63 1 0 110,114 "63";
64 2 1 9,80 "64";
65 2 1 27,40 "65";
66 2 0 80,121 "66";
67 0 1 36,39 "67";
68 2 1 38,100 "68";
69 2 0 61,70 "69";
70 2 1 59,122 "70";
71 2 1 33,74 "71";
72 2 1 87,98 "72";
73 1 0 8,98 "73";
74 2 0 27,33 "74";
75 0 1 107,110 "75";
76 0 0 18,59 "76";
77 1 1 11,114 "77";
78 0 1 1,77 "78";
79 0 1 47,72 "79";
80 2 0 49,54 "80";
81 1 1 41,66 "81";
82 2 0 16,51 "82";
83 2 1 29,109 "83";
84 2 1 85,91 "84";
85 2 1 4,35 "85";
86 1 1 32,50 "86";
87 0 1 4,60 "87";
88 1 1 5,53 "88";
89 0 0 21,115 "89";
90 0 1 86,122 "90";
91 0 1 57,106 "91";
92 2 0 107,116 "92";
93 2 1 14,28 "93";
94 1 0 15,121 "94";
95 2 1 33,66 "95";
96 2 0 114,122 "96";
97 0 0 57,98 "97";
98 1 0 2,70 "98";
99 2 1 92,117 "99";
100 2 1 5,67 "100";
101 2 1 25,31 "101";
102 1 0 47,82 "102";
103 0 1 8,55 "103";
104 1 1 37,84 "104";
105 0 1 36,89 "105";
106 1 0 8,85 "106";
107 0 0 48,106 "107";
108 1 1 52,55 "108";
109 1 0 16,53 "109";
110 2 1 9,114 "110";
111 1 1 1,107 "111";
112 2 0 74,86 "112";
113 1 0 39,56 "113";
114 1 1 20,88 "114";
115 1 0 12,15 "115";
116 2 0 97,102 "116";
117 1 1 63,115 "117";
118 0 1 4,28 "118";
119 2 0 33,94 "119";
120 2 1 23,64 "120";
121 2 1 3,11 "121";
122 1 0 62,96 "122";
123 2 0 77,98 "123";
124 0 1 19,73 "124";
