parity 109;
0 2 0 26,97 "0";
1 0 1 38,81 "1";
2 0 0 20,99 "2";
3 0 0 16,37 "3";
4 0 1 13,73 "4";
5 2 0 56,94 "5";
6 0 0 21,52 "6";
7 2 1 12,25 "7";
8 2 0 14,58 "8";
9 0 0 44,59 "9";
10 1 1 60,97 "10";
11 0 0 44,52 "11";
12 1 1 51,89 "12";
13 1 1 0,79 "13";
14 0 0 49,86 "14";
15 0 0 64,86 "15";
16 1 1 52,96 "16";
17 1 0 72,96 "17";
18 2 0 53,83 "18";
19 2 0 34,79 "19";
20 2 0 34,94 "20";
21 2 0 72,81 "21";
22 2 1 6,38 "22";
23 1 0 74,82 "23";
24 2 0 61,63 "24";
25 1 1 17,72 "25";
26 1 1 48,52 "26";
27 0 0 22,71 "27";
28 2 0 78,99 "28";
29 1 1 54,86 "29";
30 1 0 66,104 "30";
31 0 1 3,17 "31";
32 2 1 21,90 "32";
33 2 1 5,38 "33";
34 0 1 7,72 "34";
35 0 1 45,62 "35";
36 1 1 91,109 "36";
37 2 0 60,73 "37";
38 0 1 10,50 "38";
39 0 1 13,65 "39";
40 0 1 48,62 "40";
41 2 0 63,76 "41";
42 2 1 10,34 "42";
43 2 0 8,82 "43";
44 2 1 62,66 "44";
45 0 0 33,52 "45";
46 1 1 67,101 "46";
47 0 1 41,58 "47";
48 0 0 51,106 "48";
49 2 1 18,77 "49";
50 0 0 78,107 "50";
51 1 0 10,62 "51";
52 2 1 20,77 "52";
53 2 1 14,61 "53";
54 2 0 22,76 "54";
55 2 1 28,40 "55";
56 1 1 7,31 "56";
57 2 1 51,78 "57";
58 1 1 23,48 "58";
59 2 1 10,49 "59";
60 2 1 14,94 "60";
61 1 0 16,104 "61";
62 0 0 25,75 "62";
63 2 0 82,106 "63";
64 0 0 6,69 "64";
65 1 0 79,83 "65";
66 0 1 50,74 "66";
67 0 1 10,25 "67";
68 2 0 24,69 "68";
69 1 1 4,54 "69";
70 2 1 11,87 "70";
71 2 1 44,75 "71";
72 1 0 13,98 "72";
73 2 0 43,82 "73";
74 1 0 7,64 "74";
75 0 0 53,60 "75";
76 2 1 42,91 "76";
77 1 0 87,104 "77";
78 0 1 34,46 "78";
79 1 1 46,106 "79";
80 1 0 11,101 "80";
81 0 0 27,31 "81";
82 0 0 7,97 "82";
83 2 0 28,75 "83";
84 2 1 53,78 "84";
85 0 0 9,86 "85";
86 2 1 58,66 "86";
87 2 1 3,17 "87";
88 0 1 98,102 "88";
89 0 1 60,74 "89";
90 1 0 57,108 "90";
91 2 1 100,105 "91";
92 2 0 16,97 "92";
93 1 0 5,19 "93";
94 0 1 33,67 "94";
95 0 0 29,66 "95";
96 1 1 7,85 "96";
97 1 0 57,85 "97";
98 1 0 32,54 "98";
99 2 1 103,106 "99";
100 2 1 6,29 "100";
101 0 1 14,107 "101";
102 0 0 53,80 "102";
103 2 1 27,80 "103";
104 0 0 40,72 "104";
105 1 1 33,71 "105";
106 0 0 11,58 "106";
107 0 1 4,103 "107";
108 1 1 2,58 "108";
109 2 1 34,68 "109";
