parity 104;
0 2 1 71,79 "0";
1 1 0 53,94 "1";
2 0 1 33,101 "2";
3 0 0 38,69 "3";
4 1 1 40,92 "4";
5 1 0 60,97 "5";
6 1 0 13,98 "6";
7 1 0 39,91 "7";
8 1 0 0,22 "8";
9 1 1 32,37 "9";
10 2 0 28,60 "10";
11 0 1 37,75 "11";
12 2 1 11,83 "12";
13 2 1 23,30 "13";
14 1 1 52,99 "14";
15 1 1 33,96 "15";
16 1 0 20,97 "16";
17 2 1 24,68 "17";
18 1 1 16,33 "18";
19 2 0 23,58 "19";
20 1 0 35,84 "20";
21 1 0 47,51 "21";
22 0 0 29,37 "22";
23 2 0 45,81 "23";
24 1 0 58,61 "24";
25 1 0 16,52 "25";
26 2 0 63,68 "26";
27 1 0 76,77 "27";
28 1 1 8,62 "28";
29 1 1 96,97 "29";
30 1 1 55,91 "30";
31 1 0 5,55 "31";
32 1 0 18,47 "32";
33 0 1 10,18 "33";
34 2 0 1,100 "34";
35 2 0 62,71 "35";
36 1 0 11,15 "36";
37 1 1 26,67 "37";
38 0 0 27,34 "38";
39 2 1 25,48 "39";
40 1 0 0,102 "40";
41 0 1 56,67 "41";
42 1 0 19,34 "42";
43 2 1 35,95 "43";
44 0 1 43,57 "44";
45 1 1 58,78 "45";
46 0 0 66,73 "46";
47 1 0 67,74 "47";
48 0 0 60,75 "48";
49 0 0 32,64 "49";
50 0 0 81,89 "50";
51 2 0 57,75 "51";
52 0 0 19,38 "52";
53 1 0 36,103 "53";
54 2 1 39,65 "54";
55 2 1 5,87 "55";
56 0 0 41,50 "56";
57 0 0 24,72 "57";
58 0 1 21,97 "58";
59 2 1 2,58 "59";
60 1 1 10,103 "60";
61 2 0 65,87 "61";
62 1 1 29,66 "62";
63 1 0 4,17 "63";
64 2 0 19,68 "64";
65 0 1 27,89 "65";
66 0 0 2,89 "66";
67 1 1 12,104 "67";
68 1 0 16,100 "68";
69 2 0 8,35 "69";
70 1 1 55,80 "70";
71 2 1 80,87 "71";
72 1 1 78,81 "72";
73 0 1 27,29 "73";
74 2 0 20,87 "74";
75 0 1 53,86 "75";
76 1 0 77,94 "76";
77 2 1 73,93 "77";
78 2 1 90,94 "78";
79 0 0 22,86 "79";
80 1 0 0,82 "80";
81 0 0 53,60 "81";
82 1 1 56,69 "82";
83 0 1 49,76 "83";
84 1 0 27,34 "84";
85 1 1 11,58 "85";
86 1 0 40,54 "86";
87 2 1 42,46 "87";
88 0 1 8,45 "88";
89 2 1 48,72 "89";
90 1 1 65,102 "90";
91 2 1 47,58 "91";
92 1 1 19,40 "92";
93 2 0 20,94 "93";
94 0 0 55,58 "94";
95 0 0 72,76 "95";
96 0 1 8,65 "96";
97 0 0 25,99 "97";
98 2 0 61,82 "98";
99 1 1 33,102 "99";
100 1 0 12,34 "100";
101 1 0 34,56 "101";
102 0 1 7,29 "102";
103 2 1 7,55 "103";
104 2 0 21,92 "104";
