parity 189;
0 1 0 86,143 "0";
1 0 0 69,127 "1";
2 0 1 41,170 "2";
3 2 0 85,153 "3";
4 1 1 23,57 "4";
5 1 1 114,144 "5";
6 1 1 86,168 "6";
7 0 1 104,177 "7";
8 0 1 2,33 "8";
9 2 1 35,158 "9";
10 0 0 107,162 "10";
11 0 0 10,149 "11";
12 0 0 32,84 "12";
13 2 0 29,89 "13";
14 1 1 26,105 "14";
15 1 1 125,180 "15";
16 2 1 61,109 "16";
17 0 1 160,187 "17";
18 2 1 17,136 "18";
19 2 0 60,176 "19";
20 1 0 9,32 "20";
21 1 0 54,158 "21";
22 1 0 105,179 "22";
23 1 1 54,158 "23";
24 1 0 85,166 "24";
25 2 0 52,73 "25";
26 2 0 20,160 "26";
27 2 1 25,115 "27";
28 2 0 102,173 "28";
29 2 0 37,164 "29";
30 1 0 144,168 "30";
31 1 1 61,75 "31";
32 1 0 80,128 "32";
33 2 1 14,167 "33";
34 1 0 30,98 "34";
35 2 0 12,135 "35";
36 1 1 50,121 "36";
37 2 0 125,155 "37";
38 2 1 15,66 "38";
39 2 0 74,140 "39";
40 2 0 4,176 "40";
41 0 0 129,150 "41";
42 2 0 32,53 "42";
43 2 1 123,134 "43";
44 2 1 29,31 "44";
45 1 0 41,63 "45";
46 1 0 59,130 "46";
47 1 1 178,181 "47";
48 0 1 42,59 "48";
49 1 1 8,143 "49";
50 1 1 137,170 "50";
51 0 1 9,127 "51";
52 2 0 89,129 "52";
53 1 1 42,117 "53";
54 0 0 14,166 "54";
55 2 1 42,176 "55";
56 0 0 49,155 "56";
57 0 1 81,129 "57";
58 2 1 110,118 "58";
59 1 1 157,174 "59";
60 1 1 22,97 "60";
61 2 1 26,118 "61";
62 1 0 24,152 "62";
63 0 1 99,170 "63";
64 0 1 152,174 "64";
65 1 0 4,28 "65";
66 1 1 9,25 "66";
67 1 0 74,167 "67";
68 0 1 131,153 "68";
69 2 1 12,88 "69";
70 1 0 51,158 "70";
71 1 1 110,133 "71";
72 0 0 75,112 "72";
73 2 1 7,36 "73";
74 1 0 60,172 "74";
75 0 1 33,36 "75";
76 2 0 26,117 "76";
77 0 0 96,142 "77";
78 1 0 6,113 "78";
79 0 0 3,31 "79";
80 1 1 86,148 "80";
81 1 1 53,62 "81";
82 2 0 6,8 "82";
83 2 0 17,181 "83";
84 0 0 102,108 "84";
85 0 0 38,175 "85";
86 2 1 50,182 "86";
87 0 1 24,170 "87";
88 2 1 10,19 "88";
89 1 1 93,104 "89";
90 0 1 8,138 "90";
91 2 0 167,186 "91";
92 0 1 112,159 "92";
93 2 0 31,126 "93";
94 2 0 2,88 "94";
95 1 0 65,183 "95";
96 1 0 175,183 "96";
97 2 1 122,160 "97";
98 0 0 1,139 "98";
99 0 0 143,180 "99";
100 0 0 10,166 "100";
101 2 0 57,131 "101";
102 2 1 42,167 "102";
103 1 1 85,106 "103";
104 1 1 92,169 "104";
105 1 0 77,134 "105";
106 1 0 75,155 "106";
107 1 1 111,175 "107";
108 2 1 7,94 "108";
109 2 0 94,99 "109";
110 1 0 61,183 "110";
111 1 1 108,117 "111";
112 1 1 155,172 "112";
113 2 1 70,88 "113";
114 1 0 69,159 "114";
115 0 1 2,14 "115";
116 1 1 10,27 "116";
117 2 0 62,115 "117";
118 0 1 92,149 "118";
119 1 0 28,139 "119";
120 0 1 85,125 "120";
121 0 0 6,168 "121";
122 2 1 135,170 "122";
123 1 1 0,142 "123";
124 1 1 46,80 "124";
125 1 1 97,114 "125";
126 2 0 87,175 "126";
127 2 1 48,185 "127";
128 0 0 80,103 "128";
129 2 1 153,174 "129";
130 2 0 28,126 "130";
131 2 0 48,56 "131";
132 2 1 50,181 "132";
133 0 1 1,66 "133";
134 2 1 32,47 "134";
135 2 1 90,128 "135";
136 2 1 94,110 "136";
137 0 0 14,178 "137";
138 2 0 61,99 "138";
139 0 1 60,169 "139";
140 1 1 10,19 "140";
141 2 0 27,90 "141";
142 0 0 29,157 "142";
143 0 1 114,169 "143";
144 0 1 19,63 "144";
145 1 0 58,154 "145";
146 0 1 108,157 "146";
147 2 0 59,185 "147";
148 1 1 7,42 "148";
149 2 1 84,105 "149";
150 1 1 58,109 "150";
151 1 1 38,129 "151";
152 1 0 49,55 "152";
153 2 1 138,149 "153";
154 0 0 31,176 "154";
155 0 1 38,152 "155";
156 0 0 72,135 "156";
157 2 1 95,147 "157";
158 2 0 104,127 "158";
159 2 1 119,181 "159";
160 2 1 26,177 "160";
161 2 1 21,178 "161";
162 0 1 74,96 "162";
163 1 0 104,150 "163";
164 0 1 86,113 "164";
165 2 1 40,167 "165";
166 1 0 64,106 "166";
167 2 1 60,162 "167";
168 2 1 113,176 "168";
169 1 1 20,160 "169";
170 0 1 49,164 "170";
171 2 0 27,34 "171";
172 0 1 151,188 "172";
173 2 1 107,154 "173";
174 2 1 7,62 "174";
175 2 1 107,118 "175";
176 1 0 20,27 "176";
177 0 1 7,158 "177";
178 0 1 38,84 "178";
179 2 0 78,94 "179";
180 2 0 141,166 "180";
181 1 0 82,159 "181";
182 0 0 47,94 "182";
183 2 0 5,17 "183";
184 2 0 17,116 "184";
185 1 1 90,161 "185";
186 1 0 122,155 "186";
187 0 0 56,97 "187";
188 2 0 20,123 "188";
189 0 0 6,160 "189";
