parity 114;
0 1 0 53,70 "0";
1 1 1 90,105 "1";
2 1 1 59,86 "2";
3 2 0 1,45 "3";
4 1 1 12,28 "4";
5 1 0 1,91 "5";
6 0 0 60,105 "6";
7 1 0 80,105 "7";
8 2 0 12,14 "8";
9 0 1 73,81 "9";
10 1 0 2,95 "10";
11 2 1 55,71 "11";
12 0 1 94,99 "12";
13 0 0 35,52 "13";
14 2 1 8,73 "14";
15 2 1 51,85 "15";
16 1 0 70,95 "16";
17 0 1 0,38 "17";
18 1 1 88,98 "18";
19 2 1 30,48 "19";
20 1 1 34,94 "20";
21 2 0 33,50 "21";
22 1 1 17,51 "22";
23 1 0 16,48 "23";
24 0 0 30,35 "24";
25 2 1 21,35 "25";
26 0 0 63,101 "26";
27 1 0 88,99 "27";
28 0 0 13,96 "28";
29 0 1 16,75 "29";
30 1 1 76,91 "30";
31 1 0 55,82 "31";
32 2 1 35,93 "32";
33 0 0 19,97 "33";
34 0 0 48,108 "34";
35 1 0 10,104 "35";
36 2 0 9,51 "36";
37 0 0 25,71 "37";
38 0 1 76,110 "38";
39 1 0 106,110 "39";
40 1 1 64,92 "40";
41 1 0 82,98 "41";
42 2 1 63,105 "42";
43 2 1 64,101 "43";
44 0 1 14,29 "44";
45 0 0 22,96 "45";
46 2 1 80,91 "46";
47 1 0 21,103 "47";
48 2 1 79,89 "48";
49 1 0 21,102 "49";
50 1 0 23,48 "50";
51 2 1 64,83 "51";
52 2 1 44,59 "52";
53 1 0 7,99 "53";
54 1 1 65,94 "54";
55 1 0 1,89 "55";
56 2 1 24,70 "56";
57 2 0 29,79 "57";
58 0 1 32,37 "58";
59 0 1 11,73 "59";
60 1 1 0,99 "60";
61 1 0 24,108 "61";
62 1 0 32,43 "62";
63 1 1 10,22 "63";
64 0 0 1,44 "64";
65 0 1 42,73 "65";
66 0 0 47,96 "66";
67 2 0 30,49 "67";
68 1 0 1,73 "68";
69 2 0 38,100 "69";
70 2 0 73,79 "70";
71 2 0 38,105 "71";
72 2 1 40,114 "72";
73 2 1 55,63 "73";
74 1 0 18,78 "74";
75 2 0 24,62 "75";
76 0 0 35,82 "76";
77 0 0 85,89 "77";
78 1 0 43,113 "78";
79 0 1 9,54 "79";
80 1 1 1,97 "80";
81 0 0 20,46 "81";
82 0 0 5,31 "82";
83 2 0 10,90 "83";
84 0 1 56,73 "84";
85 0 0 67,112 "85";
86 1 1 6,111 "86";
87 0 1 70,77 "87";
88 1 1 64,112 "88";
89 0 1 14,91 "89";
90 0 1 48,82 "90";
91 2 0 9,113 "91";
92 2 1 12,80 "92";
93 1 1 75,84 "93";
94 1 1 70,104 "94";
95 2 1 28,39 "95";
96 1 0 2,11 "96";
97 1 0 9,16 "97";
98 0 1 42,52 "98";
99 2 0 67,81 "99";
100 1 0 3,111 "100";
101 2 0 2,67 "101";
102 0 1 8,16 "102";
103 2 0 21,40 "103";
104 1 1 9,33 "104";
105 0 1 24,84 "105";
106 1 0 7,25 "106";
107 0 0 18,65 "107";
108 2 0 30,92 "108";
109 2 1 77,112 "109";
110 2 1 34,114 "110";
111 1 0 82,101 "111";
112 0 0 5,22 "112";
113 1 0 22,56 "113";
114 1 1 21,109 "114";
