parity 169;
0 2 1 57,154 "0";
1 0 0 3,155 "1";
2 0 1 73,127 "2";
3 1 1 48,70 "3";
4 0 1 101,131 "4";
5 1 0 2,44 "5";
6 2 1 93,94 "6";
7 0 1 93,153 "7";
8 1 1 71,92 "8";
9 2 1 1,74 "9";
10 1 1 12,20 "10";
11 0 1 63,156 "11";
12 1 0 78,128 "12";
13 2 0 46,102 "13";
14 2 1 46,119 "14";
15 2 1 38,51 "15";
16 0 0 18,159 "16";
17 1 1 85,92 "17";
18 2 0 110,126 "18";
19 2 1 127,137 "19";
20 1 0 54,148 "20";
21 2 0 3,59 "21";
22 0 0 108,149 "22";
23 2 0 16,99 "23";
24 0 1 101,162 "24";
25 2 0 11,141 "25";
26 0 0 15,156 "26";
27 0 1 47,116 "27";
28 0 0 5,148 "28";
29 1 1 27,63 "29";
30 1 1 31,69 "30";
31 2 1 129,140 "31";
32 0 1 40,159 "32";
33 0 0 54,96 "33";
34 2 1 11,119 "34";
35 0 0 19,64 "35";
36 1 1 15,147 "36";
37 0 0 90,104 "37";
38 2 0 21,128 "38";
39 2 1 89,101 "39";
40 2 0 10,139 "40";
41 0 0 66,136 "41";
42 0 0 80,131 "42";
43 1 0 6,28 "43";
44 2 1 54,117 "44";
45 0 0 48,101 "45";
46 2 0 83,94 "46";
47 2 0 13,113 "47";
48 1 1 51,90 "48";
49 2 1 132,152 "49";
50 1 0 3,154 "50";
51 2 1 58,111 "51";
52 1 0 148,166 "52";
53 0 1 93,94 "53";
54 1 0 51,134 "54";
55 2 0 25,99 "55";
56 1 0 32,104 "56";
57 2 1 33,158 "57";
58 2 1 108,168 "58";
59 1 1 46,80 "59";
60 1 0 96,136 "60";
61 1 1 114,131 "61";
62 1 1 90,113 "62";
63 1 1 72,101 "63";
64 2 0 26,77 "64";
65 1 0 33,99 "65";
66 1 1 125,169 "66";
67 0 1 41,169 "67";
68 0 0 81,157 "68";
69 0 0 14,144 "69";
70 0 1 114,155 "70";
71 2 1 129,160 "71";
72 0 0 15,70 "72";
73 1 0 41,67 "73";
74 0 1 25,59 "74";
75 0 0 145,152 "75";
76 0 1 14,148 "76";
77 0 1 59,159 "77";
78 0 0 14,137 "78";
79 1 0 57,155 "79";
80 1 0 139,169 "80";
81 2 1 24,72 "81";
82 0 1 78,169 "82";
83 0 1 64,119 "83";
84 1 0 33,109 "84";
85 1 0 83,149 "85";
86 1 1 50,88 "86";
87 2 0 107,151 "87";
88 1 1 74,94 "88";
89 0 0 1,68 "89";
90 0 1 41,102 "90";
91 0 1 82,152 "91";
92 0 1 122,159 "92";
93 2 1 18,60 "93";
94 0 1 1,140 "94";
95 2 1 34,168 "95";
96 2 0 14,21 "96";
97 2 1 73,138 "97";
98 0 1 59,164 "98";
99 2 0 111,137 "99";
100 2 0 4,79 "100";
101 0 1 8,99 "101";
102 1 1 96,157 "102";
103 1 1 153,168 "103";
104 2 0 106,159 "104";
105 1 1 41,138 "105";
106 1 1 42,49 "106";
107 0 0 28,102 "107";
108 1 1 124,159 "108";
109 1 1 18,149 "109";
110 2 1 152,165 "110";
111 2 1 141,145 "111";
112 1 1 141,159 "112";
113 0 1 134,144 "113";
114 2 0 36,92 "114";
115 2 1 7,43 "115";
116 2 0 65,142 "116";
117 2 1 23,134 "117";
118 1 0 17,95 "118";
119 1 0 33,124 "119";
120 0 0 15,158 "120";
121 2 0 124,131 "121";
122 2 1 85,143 "122";
123 0 0 40,148 "123";
124 1 0 58,60 "124";
125 0 1 32,46 "125";
126 1 0 45,100 "126";
127 1 1 95,141 "127";
128 2 0 108,120 "128";
129 1 0 99,158 "129";
130 1 1 27,66 "130";
131 1 1 152,161 "131";
132 1 1 110,154 "132";
133 2 0 108,113 "133";
134 2 0 52,96 "134";
135 2 1 129,153 "135";
136 0 0 46,76 "136";
137 1 1 6,91 "137";
138 0 1 79,131 "138";
139 1 0 153,155 "139";
140 0 1 87,138 "140";
141 2 0 92,161 "141";
142 2 1 58,98 "142";
143 1 1 52,69 "143";
144 0 1 10,26 "144";
145 1 0 80,136 "145";
146 2 0 78,121 "146";
147 0 0 33,142 "147";
148 1 1 89,124 "148";
149 0 1 53,148 "149";
150 2 0 9,54 "150";
151 0 1 54,115 "151";
152 2 0 2,129 "152";
153 1 0 20,28 "153";
154 1 0 124,142 "154";
155 2 0 100,169 "155";
156 0 1 133,135 "156";
157 0 0 2,139 "157";
158 2 0 37,135 "158";
159 1 0 79,90 "159";
160 0 0 39,99 "160";
161 0 1 109,166 "161";
162 0 0 22,125 "162";
163 2 0 23,77 "163";
164 0 1 2,162 "164";
165 0 1 28,168 "165";
166 2 1 97,162 "166";
167 1 0 65,119 "167";
168 0 0 24,67 "168";
169 1 0 32,61 "169";
