parity 164;
0 1 1 37,103 "0";
1 2 0 37,90 "1";
2 0 1 42,99 "2";
3 2 1 123,138 "3";
4 0 0 106,155 "4";
5 2 0 53,64 "5";
6 0 0 105,119 "6";
7 1 1 12,36 "7";
8 0 1 35,164 "8";
9 1 1 6,103 "9";
10 2 1 120,150 "10";
11 2 1 51,140 "11";
12 2 0 14,130 "12";
13 2 1 28,95 "13";
14 0 0 120,147 "14";
15 2 0 87,94 "15";
16 2 1 12,115 "16";
17 0 0 130,156 "17";
18 2 1 48,105 "18";
19 0 1 93,133 "19";
20 1 1 33,53 "20";
21 2 1 24,26 "21";
22 0 1 34,65 "22";
23 0 0 87,96 "23";
24 0 0 131,147 "24";
25 0 0 79,115 "25";
26 1 1 113,155 "26";
27 1 0 37,112 "27";
28 0 0 51,164 "28";
29 2 0 55,135 "29";
30 2 1 50,75 "30";
31 2 1 77,87 "31";
32 2 1 13,126 "32";
33 2 1 10,135 "33";
34 0 1 82,146 "34";
35 0 1 65,161 "35";
36 1 0 23,71 "36";
37 1 0 25,125 "37";
38 1 0 71,137 "38";
39 2 0 97,109 "39";
40 2 0 52,94 "40";
41 0 0 114,119 "41";
42 0 1 130,156 "42";
43 2 0 110,113 "43";
44 2 0 81,153 "44";
45 0 0 53,82 "45";
46 1 0 61,65 "46";
47 0 0 141,152 "47";
48 0 0 155,161 "48";
49 0 1 2,83 "49";
50 2 1 96,159 "50";
51 1 1 132,158 "51";
52 2 1 10,43 "52";
53 1 0 44,118 "53";
54 1 0 100,109 "54";
55 1 0 58,127 "55";
56 1 0 46,139 "56";
57 0 1 56,145 "57";
58 2 1 114,159 "58";
59 2 0 10,49 "59";
60 2 0 49,157 "60";
61 0 0 32,47 "61";
62 1 0 81,124 "62";
63 2 0 64,130 "63";
64 1 1 67,90 "64";
65 0 1 128,132 "65";
66 2 1 107,133 "66";
67 0 0 59,94 "67";
68 1 0 58,155 "68";
69 0 1 31,58 "69";
70 0 1 5,100 "70";
71 2 1 16,96 "71";
72 1 0 118,140 "72";
73 2 0 84,116 "73";
74 0 0 12,24 "74";
75 1 1 72,111 "75";
76 1 1 120,137 "76";
77 2 1 98,119 "77";
78 1 1 46,122 "78";
79 2 1 48,59 "79";
80 2 0 44,136 "80";
81 0 1 19,79 "81";
82 1 0 50,142 "82";
83 2 1 16,94 "83";
84 0 0 29,72 "84";
85 1 1 56,154 "85";
86 2 1 12,44 "86";
87 1 0 25,108 "87";
88 0 1 74,136 "88";
89 1 1 37,148 "89";
90 2 0 77,127 "90";
91 1 0 6,34 "91";
92 1 1 6,32 "92";
93 1 1 135,158 "93";
94 1 0 23,64 "94";
95 2 0 23,30 "95";
96 0 1 50,158 "96";
97 0 1 24,92 "97";
98 0 0 56,71 "98";
99 0 1 20,120 "99";
100 2 0 35,36 "100";
101 0 0 25,102 "101";
102 1 0 5,59 "102";
103 0 1 0,98 "103";
104 1 0 35,39 "104";
105 2 1 48,158 "105";
106 2 0 39,149 "106";
107 0 1 18,89 "107";
108 0 1 17,30 "108";
109 0 0 56,154 "109";
110 0 1 30,126 "110";
111 0 0 4,59 "111";
112 0 0 59,115 "112";
113 0 0 49,148 "113";
114 1 1 115,160 "114";
115 0 1 27,147 "115";
116 0 0 118,149 "116";
117 0 1 43,140 "117";
118 1 1 39,107 "118";
119 0 0 51,54 "119";
120 0 1 51,109 "120";
121 2 1 12,139 "121";
122 2 1 17,44 "122";
123 1 0 9,24 "123";
124 1 0 22,27 "124";
125 0 1 2,12 "125";
126 1 0 1,111 "126";
127 1 0 58,67 "127";
128 2 0 61,158 "128";
129 1 0 130,155 "129";
130 2 1 8,80 "130";
131 2 0 37,98 "131";
132 0 1 35,153 "132";
133 1 1 21,76 "133";
134 0 0 2,10 "134";
135 1 0 92,152 "135";
136 2 0 76,150 "136";
137 0 1 14,45 "137";
138 1 0 41,77 "138";
139 0 1 11,58 "139";
140 1 0 5,139 "140";
141 2 0 46,148 "141";
142 2 0 70,114 "142";
143 2 1 40,141 "143";
144 0 0 98,117 "144";
145 0 1 0,153 "145";
146 0 1 130,154 "146";
147 0 0 31,98 "147";
148 0 1 114,116 "148";
149 0 0 116,141 "149";
150 0 1 130,143 "150";
151 2 1 113,146 "151";
152 1 1 0,136 "152";
153 1 1 22,103 "153";
154 1 1 67,128 "154";
155 2 0 93,113 "155";
156 2 0 75,106 "156";
157 1 1 87,125 "157";
158 2 0 6,7 "158";
159 1 0 24,29 "159";
160 2 1 55,61 "160";
161 1 1 79,109 "161";
162 1 1 1,26 "162";
163 2 1 7,97 "163";
164 1 1 3,50 "164";
