parity 134;
0 0 1 73,110 "0";
1 0 0 98,126 "1";
2 0 1 35,100 "2";
3 0 1 35,74 "3";
4 1 1 62,64 "4";
5 0 1 7,50 "5";
6 0 1 80,132 "6";
7 2 1 35,78 "7";
8 2 0 37,103 "8";
9 0 1 100,104 "9";
10 0 0 13,77 "10";
11 1 1 24,122 "11";
12 2 0 14,72 "12";
13 1 0 42,55 "13";
14 0 0 2,57 "14";
15 0 0 19,32 "15";
16 2 1 46,123 "16";
17 0 0 21,94 "17";
18 1 1 48,82 "18";
19 1 0 49,52 "19";
20 2 1 22,98 "20";
21 2 1 107,122 "21";
22 2 0 2,57 "22";
23 1 0 57,120 "23";
24 0 1 122,134 "24";
25 1 0 49,54 "25";
26 1 0 69,128 "26";
27 0 1 3,19 "27";
28 2 1 3,104 "28";
29 1 1 33,123 "29";
30 2 1 48,67 "30";
31 1 0 93,98 "31";
32 1 1 83,89 "32";
33 0 1 5,49 "33";
34 2 0 35,61 "34";
35 2 0 3,87 "35";
36 1 0 11,94 "36";
37 0 0 113,132 "37";
38 0 0 62,134 "38";
39 2 1 16,88 "39";
40 1 1 58,95 "40";
41 1 0 26,124 "41";
42 1 1 47,57 "42";
43 0 0 80,91 "43";
44 0 0 67,131 "44";
45 0 0 12,73 "45";
46 0 0 33,62 "46";
47 2 0 0,85 "47";
48 2 1 25,126 "48";
49 1 0 12,117 "49";
50 1 0 39,58 "50";
51 1 1 31,61 "51";
52 0 0 14,61 "52";
53 1 1 5,44 "53";
54 0 0 71,93 "54";
55 0 1 27,107 "55";
56 2 0 96,103 "56";
57 1 1 13,127 "57";
58 2 0 41,82 "58";
59 1 1 56,97 "59";
60 1 1 29,75 "60";
61 0 0 11,68 "61";
62 2 1 11,134 "62";
63 2 1 79,121 "63";
64 2 0 104,114 "64";
65 1 1 20,33 "65";
66 1 0 1,79 "66";
67 0 0 53,108 "67";
68 0 0 5,25 "68";
69 2 0 54,106 "69";
70 0 0 52,66 "70";
71 1 0 80,107 "71";
72 2 1 37,78 "72";
73 1 0 80,90 "73";
74 2 0 106,112 "74";
75 0 1 111,129 "75";
76 2 1 72,98 "76";
77 0 1 11,82 "77";
78 1 0 49,74 "78";
79 0 0 113,133 "79";
80 2 0 13,27 "80";
81 2 0 65,88 "81";
82 1 0 61,69 "82";
83 1 1 18,76 "83";
84 0 1 19,56 "84";
85 1 1 2,114 "85";
86 0 1 28,125 "86";
87 2 0 31,41 "87";
88 0 1 35,119 "88";
89 2 0 95,103 "89";
90 2 1 61,106 "90";
91 1 1 5,14 "91";
92 0 1 8,51 "92";
93 2 1 2,34 "93";
94 1 1 59,113 "94";
95 2 1 14,36 "95";
96 2 0 0,121 "96";
97 0 1 3,77 "97";
98 2 0 81,128 "98";
99 0 0 95,130 "99";
100 1 0 27,73 "100";
101 2 0 96,131 "101";
102 2 1 18,126 "102";
103 2 0 84,91 "103";
104 2 0 5,130 "104";
105 1 1 54,70 "105";
106 2 0 41,78 "106";
107 2 0 67,131 "107";
108 2 1 21,31 "108";
109 2 1 65,104 "109";
110 1 1 72,129 "110";
111 2 0 35,104 "111";
112 1 1 67,124 "112";
113 2 1 4,86 "113";
114 0 0 96,116 "114";
115 2 0 21,127 "115";
116 0 1 20,65 "116";
117 0 0 11,134 "117";
118 2 1 113,120 "118";
119 0 1 52,56 "119";
120 0 1 27,29 "120";
121 0 1 4,16 "121";
122 1 1 0,100 "122";
123 0 0 82,94 "123";
124 1 0 15,93 "124";
125 1 1 26,64 "125";
126 1 1 36,47 "126";
127 0 1 20,25 "127";
128 0 0 23,39 "128";
129 2 0 35,95 "129";
130 1 1 94,105 "130";
131 0 0 81,129 "131";
132 0 1 78,109 "132";
133 0 0 21,120 "133";
134 2 1 19,117 "134";
