parity 144;
0 2 0 27,76 "0";
1 1 0 24,99 "1";
2 0 0 43,99 "2";
3 0 0 27,62 "3";
4 2 0 21,106 "4";
5 0 0 37,93 "5";
6 1 1 22,85 "6";
7 1 1 49,142 "7";
8 2 0 1,80 "8";
9 1 1 14,73 "9";
10 0 0 5,51 "10";
11 1 0 51,103 "11";
12 1 0 41,96 "12";
13 1 0 87,92 "13";
14 0 0 87,106 "14";
15 1 1 12,107 "15";
16 0 0 65,98 "16";
17 1 0 24,124 "17";
18 0 0 38,143 "18";
19 1 1 0,77 "19";
20 0 1 8,15 "20";
21 2 0 17,51 "21";
22 2 1 94,116 "22";
23 1 1 56,119 "23";
24 2 0 77,130 "24";
25 2 0 43,94 "25";
26 1 1 94,115 "26";
27 0 0 86,115 "27";
28 2 1 41,74 "28";
29 2 1 81,136 "29";
30 2 1 22,62 "30";
31 2 1 46,58 "31";
32 2 0 93,144 "32";
33 0 1 45,74 "33";
34 1 0 2,18 "34";
35 1 1 56,82 "35";
36 1 0 103,118 "36";
37 0 1 3,143 "37";
38 1 1 41,52 "38";
39 2 0 87,134 "39";
40 1 1 82,99 "40";
41 0 1 88,130 "41";
42 0 1 7,18 "42";
43 0 0 38,142 "43";
44 0 0 4,86 "44";
45 1 1 77,115 "45";
46 2 0 135,138 "46";
47 2 0 2,35 "47";
48 1 1 10,93 "48";
49 2 1 89,103 "49";
50 1 0 75,126 "50";
51 0 0 56,139 "51";
52 0 1 120,134 "52";
53 0 1 4,20 "53";
54 0 0 29,90 "54";
55 2 0 30,47 "55";
56 2 1 7,135 "56";
57 0 1 52,120 "57";
58 2 0 11,23 "58";
59 0 1 2,61 "59";
60 2 0 67,107 "60";
61 0 0 27,32 "61";
62 1 0 33,140 "62";
63 1 0 28,98 "63";
64 1 0 29,89 "64";
65 2 0 2,137 "65";
66 1 0 79,86 "66";
67 1 0 26,52 "67";
68 2 0 22,115 "68";
69 1 1 22,109 "69";
70 1 1 46,79 "70";
71 2 1 108,133 "71";
72 0 0 106,115 "72";
73 0 0 85,111 "73";
74 0 0 38,43 "74";
75 2 0 38,52 "75";
76 1 1 38,130 "76";
77 0 0 72,76 "77";
78 0 1 99,129 "78";
79 0 0 80,143 "79";
80 1 0 6,130 "80";
81 0 1 109,117 "81";
82 0 0 50,94 "82";
83 2 0 25,96 "83";
84 1 1 39,42 "84";
85 2 0 36,128 "85";
86 0 0 36,84 "86";
87 2 0 15,136 "87";
88 0 0 16,112 "88";
89 1 0 78,143 "89";
90 1 0 81,122 "90";
91 1 0 2,122 "91";
92 2 1 17,56 "92";
93 0 0 96,121 "93";
94 2 0 29,131 "94";
95 1 0 25,135 "95";
96 0 0 15,119 "96";
97 1 0 26,126 "97";
98 0 0 8,47 "98";
99 2 0 85,87 "99";
100 2 1 52,75 "100";
101 1 0 98,114 "101";
102 1 1 45,137 "102";
103 1 1 24,78 "103";
104 1 1 118,143 "104";
105 1 0 81,116 "105";
106 0 0 8,100 "106";
107 1 0 74,77 "107";
108 1 1 71,77 "108";
109 2 1 73,84 "109";
110 1 0 60,86 "110";
111 2 0 101,135 "111";
112 2 0 54,107 "112";
113 1 0 56,115 "113";
114 0 1 100,124 "114";
115 1 1 69,99 "115";
116 2 0 56,77 "116";
117 1 0 11,46 "117";
118 1 0 129,141 "118";
119 2 1 26,30 "119";
120 1 0 25,41 "120";
121 1 0 15,32 "121";
122 1 1 35,55 "122";
123 0 1 21,106 "123";
124 0 1 52,77 "124";
125 0 1 26,115 "125";
126 1 0 71,95 "126";
127 0 0 75,78 "127";
128 2 1 80,119 "128";
129 2 0 80,139 "129";
130 0 1 44,106 "130";
131 2 0 54,97 "131";
132 1 0 36,75 "132";
133 2 1 46,132 "133";
134 2 0 33,81 "134";
135 0 0 31,121 "135";
136 1 1 15,71 "136";
137 0 0 35,104 "137";
138 1 0 111,141 "138";
139 1 1 83,127 "139";
140 0 1 27,83 "140";
141 1 1 89,125 "141";
142 2 0 41,125 "142";
143 1 0 22,56 "143";
144 1 0 47,116 "144";
