parity 194;
0 0 0 109,131 "0";
1 0 1 23,57 "1";
2 2 1 5,41 "2";
3 2 1 39,162 "3";
4 0 1 32,183 "4";
5 0 1 2,111 "5";
6 0 0 67,130 "6";
7 1 1 25,107 "7";
8 0 0 23,32 "8";
9 1 1 15,123 "9";
10 1 1 3,67 "10";
11 1 0 73,85 "11";
12 2 1 58,152 "12";
13 1 1 26,84 "13";
14 1 0 90,192 "14";
15 0 1 70,111 "15";
16 1 0 27,114 "16";
17 2 1 57,140 "17";
18 0 0 55,68 "18";
19 1 0 21,73 "19";
20 0 0 104,155 "20";
21 0 0 135,137 "21";
22 1 0 98,111 "22";
23 2 1 17,181 "23";
24 1 1 45,150 "24";
25 2 0 42,111 "25";
26 1 1 43,177 "26";
27 2 1 55,147 "27";
28 0 1 43,102 "28";
29 0 0 45,167 "29";
30 2 1 53,66 "30";
31 0 0 56,187 "31";
32 0 0 28,118 "32";
33 1 1 16,36 "33";
34 0 1 87,114 "34";
35 0 1 121,123 "35";
36 1 0 80,95 "36";
37 1 0 78,99 "37";
38 0 0 65,84 "38";
39 1 1 31,89 "39";
40 1 0 62,158 "40";
41 2 0 84,160 "41";
42 1 1 53,73 "42";
43 0 0 0,123 "43";
44 2 1 72,188 "44";
45 0 0 71,148 "45";
46 1 0 155,170 "46";
47 2 0 144,151 "47";
48 2 1 123,124 "48";
49 1 1 77,178 "49";
50 2 1 191,192 "50";
51 2 0 33,175 "51";
52 0 0 134,137 "52";
53 0 0 188,193 "53";
54 0 1 96,100 "54";
55 0 0 118,122 "55";
56 2 0 117,138 "56";
57 2 1 135,161 "57";
58 0 0 65,180 "58";
59 1 0 56,122 "59";
60 0 0 54,102 "60";
61 2 1 97,116 "61";
62 2 1 107,171 "62";
63 1 0 73,182 "63";
64 1 0 111,174 "64";
65 2 1 19,126 "65";
66 1 1 0,30 "66";
67 1 0 20,187 "67";
68 1 1 47,97 "68";
69 1 0 51,134 "69";
70 1 1 10,46 "70";
71 2 1 70,75 "71";
72 2 1 0,145 "72";
73 2 0 140,164 "73";
74 1 1 61,169 "74";
75 1 1 105,113 "75";
76 2 1 143,172 "76";
77 1 0 1,71 "77";
78 1 0 5,187 "78";
79 2 0 45,161 "79";
80 2 1 113,129 "80";
81 0 1 115,126 "81";
82 1 0 23,28 "82";
83 0 1 49,119 "83";
84 1 0 11,169 "84";
85 0 1 19,175 "85";
86 2 0 18,117 "86";
87 2 1 73,128 "87";
88 0 1 45,71 "88";
89 2 1 41,162 "89";
90 0 1 171,177 "90";
91 1 1 11,94 "91";
92 2 1 9,129 "92";
93 2 0 59,151 "93";
94 0 1 141,164 "94";
95 2 0 132,136 "95";
96 1 0 46,169 "96";
97 2 0 2,176 "97";
98 1 0 91,175 "98";
99 2 1 93,104 "99";
100 0 1 59,183 "100";
101 2 1 21,110 "101";
102 0 0 88,113 "102";
103 1 1 73,185 "103";
104 1 1 0,48 "104";
105 2 0 62,172 "105";
106 0 0 3,168 "106";
107 2 1 118,190 "107";
108 2 0 90,153 "108";
109 2 0 23,27 "109";
110 2 0 75,97 "110";
111 2 0 132,180 "111";
112 2 0 103,113 "112";
113 1 0 35,182 "113";
114 0 1 22,143 "114";
115 1 0 43,75 "115";
116 0 1 47,160 "116";
117 0 1 105,126 "117";
118 2 1 71,116 "118";
119 0 0 77,165 "119";
120 2 1 21,182 "120";
121 0 0 146,151 "121";
122 2 1 84,180 "122";
123 0 0 10,24 "123";
124 1 1 123,159 "124";
125 1 0 84,190 "125";
126 0 1 30,35 "126";
127 1 1 10,111 "127";
128 0 1 15,80 "128";
129 1 1 67,82 "129";
130 2 0 14,58 "130";
131 0 0 16,22 "131";
132 1 0 134,185 "132";
133 1 0 13,163 "133";
134 1 0 75,76 "134";
135 1 0 103,165 "135";
136 0 0 142,173 "136";
137 1 1 49,52 "137";
138 1 0 23,114 "138";
139 2 1 28,122 "139";
140 2 0 124,130 "140";
141 2 0 90,145 "141";
142 1 1 94,162 "142";
143 1 0 12,192 "143";
144 2 0 4,55 "144";
145 1 1 19,171 "145";
146 0 1 67,113 "146";
147 2 1 54,65 "147";
148 2 1 118,146 "148";
149 0 0 20,176 "149";
150 2 1 32,72 "150";
151 0 0 0,149 "151";
152 1 0 9,124 "152";
153 0 0 21,25 "153";
154 2 1 103,142 "154";
155 0 0 35,138 "155";
156 2 0 47,74 "156";
157 0 0 67,76 "157";
158 2 0 108,162 "158";
159 0 1 142,178 "159";
160 1 0 66,135 "160";
161 2 0 130,171 "161";
162 0 0 1,94 "162";
163 0 0 27,58 "163";
164 1 1 102,156 "164";
165 0 1 86,107 "165";
166 0 1 74,143 "166";
167 1 0 107,151 "167";
168 0 0 7,134 "168";
169 1 1 52,189 "169";
170 2 1 53,78 "170";
171 2 0 3,48 "171";
172 0 0 91,124 "172";
173 1 1 108,121 "173";
174 1 0 13,65 "174";
175 0 0 127,146 "175";
176 0 0 112,189 "176";
177 0 1 77,172 "177";
178 0 1 53,121 "178";
179 0 0 33,81 "179";
180 0 1 26,174 "180";
181 0 0 29,179 "181";
182 0 1 14,187 "182";
183 1 0 42,63 "183";
184 1 0 8,80 "184";
185 2 1 18,118 "185";
186 1 1 153,181 "186";
187 1 0 20,71 "187";
188 1 1 42,187 "188";
189 1 0 51,116 "189";
190 0 0 58,113 "190";
191 2 0 24,165 "191";
192 2 0 16,194 "192";
193 0 1 7,8 "193";
194 0 0 35,93 "194";
