parity 144;
0 0 0 105,138 "0";
1 0 0 56,80 "1";
2 0 1 74,103 "2";
3 0 1 9,80 "3";
4 1 0 8,83 "4";
5 2 0 15,58 "5";
6 2 1 2,45 "6";
7 2 1 69,142 "7";
8 1 0 102,141 "8";
9 1 1 7,136 "9";
10 0 1 46,144 "10";
11 2 0 7,120 "11";
12 1 0 87,129 "12";
13 1 0 86,100 "13";
14 0 0 19,137 "14";
15 2 1 26,131 "15";
16 0 0 39,57 "16";
17 1 0 98,110 "17";
18 0 1 12,54 "18";
19 2 0 44,138 "19";
20 0 0 13,14 "20";
21 2 0 49,72 "21";
22 2 0 46,56 "22";
23 2 1 41,49 "23";
24 0 0 89,100 "24";
25 0 0 3,118 "25";
26 1 0 61,144 "26";
27 2 0 77,105 "27";
28 1 1 7,66 "28";
29 1 0 77,89 "29";
30 1 0 120,137 "30";
31 0 0 4,11 "31";
32 1 1 41,120 "32";
33 2 1 110,139 "33";
34 2 1 105,106 "34";
35 1 1 19,51 "35";
36 1 1 12,98 "36";
37 0 0 9,26 "37";
38 0 0 95,133 "38";
39 1 1 1,63 "39";
40 1 0 49,107 "40";
41 2 0 13,23 "41";
42 0 1 16,82 "42";
43 2 1 98,133 "43";
44 1 0 27,50 "44";
45 2 0 10,18 "45";
46 2 0 113,126 "46";
47 1 0 58,120 "47";
48 0 1 90,111 "48";
49 2 0 37,87 "49";
50 2 1 16,132 "50";
51 1 0 54,111 "51";
52 1 0 97,127 "52";
53 0 0 42,63 "53";
54 0 1 35,87 "54";
55 2 0 76,87 "55";
56 0 0 94,130 "56";
57 1 1 15,80 "57";
58 1 1 60,82 "58";
59 1 1 120,142 "59";
60 0 0 121,133 "60";
61 0 0 28,93 "61";
62 0 0 0,4 "62";
63 2 1 24,142 "63";
64 0 0 110,143 "64";
65 2 1 83,125 "65";
66 2 1 61,87 "66";
67 0 0 13,48 "67";
68 2 1 8,67 "68";
69 2 1 84,109 "69";
70 0 1 74,113 "70";
71 0 0 89,144 "71";
72 2 1 21,36 "72";
73 2 0 5,39 "73";
74 2 0 11,138 "74";
75 2 0 94,131 "75";
76 2 0 38,77 "76";
77 2 0 60,107 "77";
78 2 0 36,110 "78";
79 1 1 71,142 "79";
80 1 0 70,84 "80";
81 2 0 59,133 "81";
82 1 0 20,58 "82";
83 0 1 49,116 "83";
84 2 0 77,136 "84";
85 0 1 84,135 "85";
86 2 1 8,126 "86";
87 0 0 26,99 "87";
88 1 0 61,107 "88";
89 1 0 62,74 "89";
90 1 1 5,139 "90";
91 2 1 11,107 "91";
92 1 1 12,29 "92";
93 2 0 60,107 "93";
94 2 0 32,40 "94";
95 2 0 41,76 "95";
96 2 0 48,117 "96";
97 2 1 18,103 "97";
98 0 0 26,64 "98";
99 0 1 10,136 "99";
100 1 1 74,114 "100";
101 2 1 25,81 "101";
102 1 0 47,112 "102";
103 0 0 34,56 "103";
104 1 0 25,134 "104";
105 0 1 11,81 "105";
106 0 0 36,117 "106";
107 1 1 14,142 "107";
108 2 1 68,100 "108";
109 0 0 29,70 "109";
110 2 1 66,144 "110";
111 2 1 31,50 "111";
112 1 1 117,144 "112";
113 1 0 61,101 "113";
114 0 1 26,135 "114";
115 2 0 54,118 "115";
116 0 1 65,92 "116";
117 0 1 3,62 "117";
118 2 0 67,129 "118";
119 0 1 8,14 "119";
120 1 1 56,96 "120";
121 1 1 115,120 "121";
122 0 0 52,130 "122";
123 1 0 22,114 "123";
124 2 1 64,130 "124";
125 1 0 113,131 "125";
126 2 0 54,99 "126";
127 2 1 14,42 "127";
128 2 0 43,95 "128";
129 1 1 97,140 "129";
130 2 1 52,78 "130";
131 0 0 53,59 "131";
132 0 0 16,27 "132";
133 2 0 38,144 "133";
134 1 0 85,105 "134";
135 2 0 2,112 "135";
136 1 0 38,101 "136";
137 1 0 13,117 "137";
138 2 1 45,56 "138";
139 2 1 69,94 "139";
140 0 0 27,82 "140";
141 2 0 67,80 "141";
142 1 1 35,143 "142";
143 0 0 130,132 "143";
144 2 1 34,43 "144";
