parity 114;
0 1 0 26,31 "0";
1 1 0 81,96 "1";
2 0 1 3,6 "2";
3 0 0 55,57 "3";
4 0 1 14,87 "4";
5 2 1 27,60 "5";
6 2 0 55,102 "6";
7 2 1 38,106 "7";
8 0 1 4,105 "8";
9 2 0 21,88 "9";
10 0 0 65,97 "10";
11 0 0 48,88 "11";
12 1 1 78,86 "12";
13 1 1 28,110 "13";
14 1 1 46,90 "14";
15 1 1 64,107 "15";
16 2 0 37,74 "16";
17 0 1 11,29 "17";
18 0 0 8,24 "18";
19 1 0 32,89 "19";
20 1 1 58,107 "20";
21 1 0 14,81 "21";
22 2 0 2,74 "22";
23 2 0 26,86 "23";
24 2 1 13,66 "24";
25 1 0 2,20 "25";
26 0 1 21,95 "26";
27 0 1 2,64 "27";
28 0 0 77,101 "28";
29 1 0 30,80 "29";
30 0 1 62,93 "30";
31 0 0 6,61 "31";
32 0 1 36,98 "32";
33 2 1 44,66 "33";
34 0 0 48,104 "34";
35 1 1 33,89 "35";
36 1 0 32,82 "36";
37 1 0 9,97 "37";
38 2 0 7,96 "38";
39 2 1 25,57 "39";
40 2 0 18,22 "40";
41 0 1 7,8 "41";
42 2 0 55,89 "42";
43 1 1 40,50 "43";
44 0 1 68,80 "44";
45 1 0 22,100 "45";
46 0 0 79,106 "46";
47 0 0 84,95 "47";
48 0 1 19,37 "48";
49 2 1 28,30 "49";
50 0 0 67,105 "50";
51 2 1 28,41 "51";
52 0 0 18,87 "52";
53 2 0 5,69 "53";
54 0 0 60,82 "54";
55 1 0 12,97 "55";
56 0 1 51,102 "56";
57 1 1 19,48 "57";
58 2 0 35,103 "58";
59 2 1 37,76 "59";
60 1 0 6,107 "60";
61 1 0 74,113 "61";
62 1 0 27,41 "62";
63 1 0 15,60 "63";
64 0 0 73,100 "64";
65 2 0 20,29 "65";
66 2 1 14,103 "66";
67 0 0 7,70 "67";
68 2 1 54,60 "68";
69 0 1 13,44 "69";
70 1 0 82,111 "70";
71 0 1 20,36 "71";
72 0 0 6,13 "72";
73 0 0 18,97 "73";
74 2 0 3,70 "74";
75 2 0 26,113 "75";
76 1 1 96,99 "76";
77 2 0 7,20 "77";
78 1 0 13,57 "78";
79 0 0 34,78 "79";
80 2 0 35,47 "80";
81 2 1 22,97 "81";
82 2 1 2,109 "82";
83 1 1 15,18 "83";
84 1 0 34,82 "84";
85 2 0 50,101 "85";
86 0 0 29,77 "86";
87 2 0 63,76 "87";
88 2 1 9,39 "88";
89 1 0 30,71 "89";
90 2 0 45,64 "90";
91 0 0 97,103 "91";
92 0 0 73,100 "92";
93 0 0 47,62 "93";
94 1 0 49,68 "94";
95 1 1 1,106 "95";
96 1 1 49,94 "96";
97 0 1 13,106 "97";
98 0 1 19,32 "98";
99 0 1 56,108 "99";
100 2 0 97,104 "100";
101 0 1 42,73 "101";
102 0 1 0,73 "102";
103 1 0 85,95 "103";
104 0 1 76,101 "104";
105 0 0 42,51 "105";
106 0 0 20,90 "106";
107 0 0 4,8 "107";
108 2 1 3,10 "108";
109 0 1 12,97 "109";
110 1 0 39,88 "110";
111 2 1 30,69 "111";
112 0 0 62,80 "112";
113 2 1 75,92 "113";
114 0 0 45,89 "114";
