parity 119;
0 0 1 58,113 "0";
1 0 1 4,56 "1";
2 2 0 16,113 "2";
3 1 0 73,92 "3";
4 2 1 5,52 "4";
5 2 1 2,87 "5";
6 1 1 27,72 "6";
7 2 1 32,94 "7";
8 0 1 57,101 "8";
9 2 0 66,101 "9";
10 2 0 2,63 "10";
11 2 0 7,63 "11";
12 1 1 6,48 "12";
13 0 1 47,109 "13";
14 0 1 17,32 "14";
15 2 0 35,105 "15";
16 2 0 81,89 "16";
17 0 0 36,116 "17";
18 0 1 53,79 "18";
19 1 0 28,64 "19";
20 2 0 82,83 "20";
21 2 1 92,97 "21";
22 1 1 24,78 "22";
23 1 0 4,7 "23";
24 0 0 44,89 "24";
25 0 0 36,94 "25";
26 0 1 67,98 "26";
27 0 1 3,62 "27";
28 0 1 3,113 "28";
29 1 1 35,87 "29";
30 2 1 51,118 "30";
31 1 0 0,99 "31";
32 2 1 76,101 "32";
33 0 1 26,63 "33";
34 1 1 7,20 "34";
35 2 1 78,108 "35";
36 0 0 24,119 "36";
37 2 1 46,47 "37";
38 0 0 13,45 "38";
39 1 1 29,56 "39";
40 0 0 42,106 "40";
41 0 0 39,106 "41";
42 0 0 31,119 "42";
43 1 0 4,15 "43";
44 2 0 41,92 "44";
45 0 1 38,64 "45";
46 2 1 2,72 "46";
47 0 0 33,67 "47";
48 1 0 46,80 "48";
49 2 0 47,59 "49";
50 2 0 28,112 "50";
51 1 0 22,52 "51";
52 1 0 59,116 "52";
53 1 1 34,116 "53";
54 1 0 23,53 "54";
55 0 1 58,90 "55";
56 1 1 0,31 "56";
57 2 1 24,28 "57";
58 1 0 61,63 "58";
59 2 0 37,78 "59";
60 0 0 83,115 "60";
61 1 0 67,89 "61";
62 0 0 50,95 "62";
63 2 0 43,87 "63";
64 1 0 47,96 "64";
65 2 0 68,91 "65";
66 2 1 77,87 "66";
67 2 0 49,100 "67";
68 0 1 1,26 "68";
69 1 1 38,108 "69";
70 0 0 7,118 "70";
71 1 1 33,111 "71";
72 2 1 26,48 "72";
73 2 0 97,101 "73";
74 2 1 11,114 "74";
75 2 0 14,28 "75";
76 1 1 17,89 "76";
77 1 0 76,85 "77";
78 0 1 8,107 "78";
79 1 0 52,99 "79";
80 2 1 1,22 "80";
81 1 0 36,56 "81";
82 2 0 52,74 "82";
83 1 1 14,61 "83";
84 2 0 63,90 "84";
85 0 0 46,50 "85";
86 2 1 37,108 "86";
87 1 1 24,35 "87";
88 1 0 33,105 "88";
89 2 1 44,71 "89";
90 2 0 42,62 "90";
91 2 1 30,51 "91";
92 1 1 24,83 "92";
93 2 0 48,87 "93";
94 0 0 113,119 "94";
95 0 0 14,38 "95";
96 0 0 100,109 "96";
97 1 1 25,70 "97";
98 0 1 24,110 "98";
99 1 0 35,82 "99";
100 2 0 64,112 "100";
101 0 0 81,102 "101";
102 1 0 31,43 "102";
103 1 0 49,80 "103";
104 0 0 52,112 "104";
105 0 1 3,37 "105";
106 0 0 8,96 "106";
107 0 1 43,92 "107";
108 2 0 15,115 "108";
109 2 0 71,96 "109";
110 2 0 17,65 "110";
111 1 0 69,112 "111";
112 2 0 3,59 "112";
113 1 1 73,77 "113";
114 1 1 2,65 "114";
115 0 1 31,90 "115";
116 0 0 86,101 "116";
117 0 1 0,103 "117";
118 0 1 85,95 "118";
119 2 0 68,73 "119";
