parity 99;
0 1 0 8,60 "0";
1 1 0 10,15 "1";
2 1 1 30,60 "2";
3 1 0 59,91 "3";
4 2 1 17,76 "4";
5 1 0 6,76 "5";
6 2 0 38,90 "6";
7 1 0 21,94 "7";
8 2 1 9,35 "8";
9 1 1 16,64 "9";
10 2 0 41,43 "10";
11 2 0 19,43 "11";
12 0 0 51,99 "12";
13 1 1 28,53 "13";
14 1 0 25,35 "14";
15 0 1 47,91 "15";
16 0 0 18,71 "16";
17 2 1 1,9 "17";
18 2 0 70,76 "18";
19 2 0 17,61 "19";
20 2 1 1,97 "20";
21 1 1 36,88 "21";
22 0 1 3,13 "22";
23 1 0 8,31 "23";
24 2 0 19,81 "24";
25 0 1 19,21 "25";
26 2 0 39,70 "26";
27 2 0 53,79 "27";
28 0 1 11,86 "28";
29 2 1 35,79 "29";
30 2 1 35,58 "30";
31 1 0 13,18 "31";
32 0 1 26,89 "32";
33 0 1 16,69 "33";
34 0 1 15,65 "34";
35 1 1 8,16 "35";
36 2 1 54,70 "36";
37 1 1 12,83 "37";
38 0 0 19,47 "38";
39 2 0 5,93 "39";
40 2 0 20,28 "40";
41 0 0 65,69 "41";
42 1 1 74,87 "42";
43 2 0 16,57 "43";
44 1 0 14,96 "44";
45 1 0 79,86 "45";
46 1 1 20,98 "46";
47 0 1 0,66 "47";
48 1 0 34,51 "48";
49 2 0 75,92 "49";
50 2 0 1,54 "50";
51 1 0 0,76 "51";
52 1 0 9,64 "52";
53 2 1 29,51 "53";
54 1 0 16,44 "54";
55 2 0 59,84 "55";
56 2 1 16,29 "56";
57 1 1 5,96 "57";
58 2 1 9,94 "58";
59 1 1 72,86 "59";
60 2 1 69,74 "60";
61 0 0 37,51 "61";
62 1 0 6,16 "62";
63 0 0 44,46 "63";
64 1 0 23,59 "64";
65 0 0 16,79 "65";
66 1 0 21,57 "66";
67 2 0 27,68 "67";
68 1 1 61,89 "68";
69 2 0 44,54 "69";
70 0 0 44,86 "70";
71 1 1 1,26 "71";
72 1 0 38,59 "72";
73 1 0 33,86 "73";
74 0 1 38,86 "74";
75 0 1 45,71 "75";
76 0 0 73,80 "76";
77 1 1 35,61 "77";
78 1 0 22,84 "78";
79 0 0 45,52 "79";
80 0 0 2,70 "80";
81 0 1 66,94 "81";
82 2 1 0,4 "82";
83 2 1 64,98 "83";
84 2 0 21,34 "84";
85 0 0 9,24 "85";
86 1 0 25,75 "86";
87 1 0 46,64 "87";
88 1 1 16,26 "88";
89 1 0 15,27 "89";
90 1 1 26,73 "90";
91 2 1 82,94 "91";
92 1 0 39,69 "92";
93 1 1 41,74 "93";
94 0 1 23,56 "94";
95 0 0 26,47 "95";
96 0 0 34,36 "96";
97 1 0 9,41 "97";
98 1 0 51,86 "98";
99 2 0 56,90 "99";
