parity 99;
0 2 0 8,68 "0";
1 1 1 19,60 "1";
2 2 0 1,33 "2";
3 1 0 4,87 "3";
4 0 0 69,90 "4";
5 1 0 12,58 "5";
6 0 1 74,98 "6";
7 1 0 59,65 "7";
8 2 1 46,87 "8";
9 0 0 57,95 "9";
10 1 1 11,37 "10";
11 2 1 29,65 "11";
12 0 1 70,93 "12";
13 1 0 73,84 "13";
14 0 1 73,93 "14";
15 0 1 4,38 "15";
16 2 1 22,88 "16";
17 2 0 4,87 "17";
18 0 1 30,32 "18";
19 2 1 30,65 "19";
20 2 0 80,88 "20";
21 2 1 46,51 "21";
22 0 0 5,31 "22";
23 2 1 57,69 "23";
24 0 1 4,91 "24";
25 0 0 15,35 "25";
26 2 1 62,82 "26";
27 0 0 45,63 "27";
28 2 1 9,75 "28";
29 0 1 73,98 "29";
30 0 1 63,98 "30";
31 2 1 82,99 "31";
32 2 0 31,86 "32";
33 0 0 18,70 "33";
34 1 0 9,57 "34";
35 1 1 77,79 "35";
36 0 0 29,79 "36";
37 0 0 45,89 "37";
38 0 1 30,98 "38";
39 2 1 3,28 "39";
40 2 0 10,55 "40";
41 0 1 47,77 "41";
42 2 0 23,29 "42";
43 2 0 20,92 "43";
44 1 0 19,68 "44";
45 1 1 12,80 "45";
46 0 0 53,66 "46";
47 2 1 3,37 "47";
48 2 0 45,80 "48";
49 2 1 0,94 "49";
50 0 1 20,25 "50";
51 0 0 11,98 "51";
52 1 1 29,57 "52";
53 2 1 65,83 "53";
54 1 1 0,3 "54";
55 2 0 12,39 "55";
56 0 1 6,33 "56";
57 1 1 7,41 "57";
58 1 0 35,60 "58";
59 0 0 6,63 "59";
60 0 1 2,82 "60";
61 1 1 8,37 "61";
62 2 0 17,61 "62";
63 2 1 7,37 "63";
64 2 1 1,90 "64";
65 0 1 30,40 "65";
66 0 0 20,23 "66";
67 1 1 9,19 "67";
68 2 0 2,99 "68";
69 2 0 65,75 "69";
70 1 1 34,96 "70";
71 2 0 3,11 "71";
72 0 1 6,59 "72";
73 0 0 26,93 "73";
74 2 1 13,49 "74";
75 2 0 21,53 "75";
76 2 1 35,74 "76";
77 2 0 1,60 "77";
78 0 1 24,28 "78";
79 0 0 41,72 "79";
80 1 1 15,18 "80";
81 2 1 71,95 "81";
82 0 1 45,51 "82";
83 2 0 57,97 "83";
84 1 0 2,32 "84";
85 2 0 54,55 "85";
86 2 1 1,70 "86";
87 2 0 46,60 "87";
88 2 1 29,50 "88";
89 0 0 33,60 "89";
90 1 1 51,88 "90";
91 2 1 26,48 "91";
92 2 0 72,79 "92";
93 2 1 82,87 "93";
94 1 1 29,47 "94";
95 2 1 42,61 "95";
96 2 1 21,64 "96";
97 2 0 33,74 "97";
98 1 0 4,61 "98";
99 1 1 17,52 "99";
