parity 164;
0 1 1 36,125 "0";
1 2 0 17,114 "1";
2 0 1 21,160 "2";
3 1 0 119,149 "3";
4 2 1 67,130 "4";
5 0 0 84,121 "5";
6 0 0 3,120 "6";
7 0 0 33,80 "7";
8 0 0 14,143 "8";
9 0 0 126,161 "9";
10 1 0 79,107 "10";
11 1 1 130,132 "11";
12 0 1 34,136 "12";
13 2 0 12,100 "13";
14 2 1 90,162 "14";
15 0 1 91,152 "15";
16 0 1 12,163 "16";
17 2 0 109,110 "17";
18 1 1 14,67 "18";
19 1 0 128,130 "19";
20 0 0 11,62 "20";
21 2 0 31,94 "21";
22 0 1 90,118 "22";
23 0 0 55,59 "23";
24 2 0 113,117 "24";
25 0 0 114,126 "25";
26 1 0 46,78 "26";
27 1 1 29,150 "27";
28 1 0 30,36 "28";
29 0 1 42,124 "29";
30 1 0 56,117 "30";
31 2 1 10,107 "31";
32 0 1 120,139 "32";
33 0 0 36,78 "33";
34 0 1 84,120 "34";
35 1 1 91,155 "35";
36 1 1 52,60 "36";
37 1 1 18,136 "37";
38 0 0 35,149 "38";
39 1 1 45,164 "39";
40 2 1 28,54 "40";
41 2 0 131,147 "41";
42 0 0 34,70 "42";
43 1 0 84,154 "43";
44 2 1 87,158 "44";
45 0 0 58,124 "45";
46 0 0 117,158 "46";
47 0 0 157,161 "47";
48 1 1 27,116 "48";
49 0 1 59,138 "49";
50 2 0 37,137 "50";
51 1 0 11,148 "51";
52 1 1 53,75 "52";
53 2 1 36,40 "53";
54 1 1 8,35 "54";
55 2 1 18,146 "55";
56 1 1 29,125 "56";
57 2 1 115,135 "57";
58 2 0 20,102 "58";
59 0 1 38,156 "59";
60 2 1 120,130 "60";
61 0 0 55,80 "61";
62 0 0 110,147 "62";
63 2 0 18,98 "63";
64 0 1 68,141 "64";
65 1 0 0,134 "65";
66 0 0 85,99 "66";
67 1 1 5,84 "67";
68 0 0 26,98 "68";
69 2 1 117,142 "69";
70 0 1 66,107 "70";
71 1 0 75,90 "71";
72 0 0 128,129 "72";
73 0 0 115,130 "73";
74 0 0 19,50 "74";
75 1 1 117,147 "75";
76 0 1 66,142 "76";
77 1 1 128,160 "77";
78 2 0 46,68 "78";
79 2 0 36,155 "79";
80 2 1 141,145 "80";
81 1 0 62,157 "81";
82 1 1 27,41 "82";
83 0 0 66,75 "83";
84 2 1 157,163 "84";
85 1 1 9,120 "85";
86 1 1 97,157 "86";
87 2 1 58,59 "87";
88 2 1 161,163 "88";
89 0 1 70,97 "89";
90 2 0 34,134 "90";
91 0 1 96,109 "91";
92 2 0 29,82 "92";
93 2 0 26,100 "93";
94 1 1 28,65 "94";
95 0 1 63,90 "95";
96 2 0 21,118 "96";
97 2 0 15,85 "97";
98 2 1 51,141 "98";
99 2 1 20,24 "99";
100 1 1 54,125 "100";
101 2 0 11,99 "101";
102 1 1 114,118 "102";
103 1 0 114,116 "103";
104 0 0 8,126 "104";
105 1 1 59,152 "105";
106 0 0 32,93 "106";
107 0 0 93,129 "107";
108 2 1 103,150 "108";
109 0 0 65,90 "109";
110 1 0 31,37 "110";
111 1 0 80,112 "111";
112 1 1 131,161 "112";
113 2 1 21,52 "113";
114 2 0 55,74 "114";
115 2 0 50,58 "115";
116 0 0 70,134 "116";
117 2 1 39,149 "117";
118 1 1 65,99 "118";
119 1 0 88,156 "119";
120 0 0 17,96 "120";
121 1 1 63,81 "121";
122 2 0 54,87 "122";
123 1 1 6,146 "123";
124 1 1 72,87 "124";
125 0 0 130,138 "125";
126 2 0 4,43 "126";
127 2 0 134,152 "127";
128 0 0 45,136 "128";
129 2 1 30,105 "129";
130 0 1 63,81 "130";
131 2 1 23,62 "131";
132 1 1 12,68 "132";
133 2 0 24,140 "133";
134 1 1 50,116 "134";
135 2 1 91,96 "135";
136 0 1 28,70 "136";
137 2 1 23,66 "137";
138 1 1 120,139 "138";
139 1 1 20,89 "139";
140 1 0 81,156 "140";
141 1 0 132,134 "141";
142 2 1 3,131 "142";
143 0 0 16,91 "143";
144 2 1 80,146 "144";
145 2 1 15,95 "145";
146 0 1 102,149 "146";
147 1 1 76,136 "147";
148 2 0 6,44 "148";
149 2 0 146,155 "149";
150 1 0 75,85 "150";
151 0 0 60,141 "151";
152 1 0 72,77 "152";
153 2 0 18,37 "153";
154 0 0 71,105 "154";
155 2 1 7,128 "155";
156 1 0 74,91 "156";
157 0 1 4,125 "157";
158 2 1 48,75 "158";
159 1 0 79,149 "159";
160 1 0 54,70 "160";
161 2 0 7,83 "161";
162 0 0 106,151 "162";
163 0 0 51,95 "163";
164 1 0 8,93 "164";
