parity 149;
0 1 0 99,117 "0";
1 0 1 61,139 "1";
2 1 1 36,92 "2";
3 1 1 32,100 "3";
4 2 1 51,64 "4";
5 1 0 55,145 "5";
6 2 1 11,12 "6";
7 1 0 23,96 "7";
8 0 1 22,58 "8";
9 0 0 38,88 "9";
10 0 0 29,64 "10";
11 0 0 62,95 "11";
12 0 1 35,149 "12";
13 0 1 107,138 "13";
14 1 0 7,108 "14";
15 0 0 89,121 "15";
16 1 0 35,50 "16";
17 1 0 72,129 "17";
18 2 1 8,49 "18";
19 1 1 17,129 "19";
20 0 0 45,69 "20";
21 1 0 34,53 "21";
22 2 0 6,143 "22";
23 2 0 7,80 "23";
24 2 1 36,117 "24";
25 1 1 10,125 "25";
26 1 0 7,31 "26";
27 1 1 86,106 "27";
28 0 1 30,113 "28";
29 0 1 60,117 "29";
30 1 0 47,53 "30";
31 2 1 55,108 "31";
32 1 1 14,87 "32";
33 1 1 30,51 "33";
34 1 1 42,115 "34";
35 0 0 22,96 "35";
36 1 1 26,52 "36";
37 0 0 50,115 "37";
38 0 1 83,124 "38";
39 1 0 60,130 "39";
40 0 0 32,128 "40";
41 1 0 69,90 "41";
42 0 1 57,131 "42";
43 1 0 15,97 "43";
44 0 1 84,94 "44";
45 2 0 87,123 "45";
46 0 0 24,114 "46";
47 1 1 67,136 "47";
48 0 0 22,47 "48";
49 2 0 70,134 "49";
50 1 1 3,24 "50";
51 1 1 7,72 "51";
52 1 0 96,134 "52";
53 0 1 42,141 "53";
54 2 0 37,63 "54";
55 2 0 68,99 "55";
56 0 1 63,98 "56";
57 2 0 97,133 "57";
58 1 1 13,23 "58";
59 2 0 28,38 "59";
60 2 1 54,132 "60";
61 0 0 52,65 "61";
62 0 1 18,134 "62";
63 1 1 57,82 "63";
64 0 0 65,100 "64";
65 1 1 17,145 "65";
66 1 0 122,124 "66";
67 2 1 11,34 "67";
68 2 0 1,98 "68";
69 2 1 1,23 "69";
70 0 0 24,89 "70";
71 1 0 20,79 "71";
72 2 1 26,38 "72";
73 2 0 78,119 "73";
74 0 0 36,130 "74";
75 0 0 65,77 "75";
76 2 0 31,42 "76";
77 2 1 76,95 "77";
78 1 1 0,38 "78";
79 1 1 23,31 "79";
80 1 1 58,131 "80";
81 2 1 112,116 "81";
82 1 1 37,110 "82";
83 1 0 47,104 "83";
84 1 0 43,108 "84";
85 0 0 3,122 "85";
86 2 0 92,148 "86";
87 2 0 88,106 "87";
88 0 1 101,132 "88";
89 2 1 28,48 "89";
90 0 1 53,74 "90";
91 2 0 30,46 "91";
92 0 1 57,111 "92";
93 2 1 114,149 "93";
94 1 0 54,70 "94";
95 0 1 86,112 "95";
96 2 1 8,136 "96";
97 2 0 43,143 "97";
98 2 1 65,104 "98";
99 2 0 47,68 "99";
100 2 1 68,127 "100";
101 1 1 108,137 "101";
102 2 0 117,123 "102";
103 2 0 2,132 "103";
104 1 0 90,102 "104";
105 0 1 37,74 "105";
106 1 1 42,64 "106";
107 1 0 112,117 "107";
108 0 0 117,132 "108";
109 0 1 122,149 "109";
110 1 1 5,90 "110";
111 1 0 49,106 "111";
112 0 0 14,131 "112";
113 2 1 23,32 "113";
114 0 0 84,143 "114";
115 0 1 31,75 "115";
116 0 0 30,117 "116";
117 0 0 64,109 "117";
118 2 1 79,131 "118";
119 0 1 113,141 "119";
120 2 1 79,142 "120";
121 0 1 120,148 "121";
122 1 0 60,73 "122";
123 1 0 89,113 "123";
124 0 0 62,105 "124";
125 1 1 49,74 "125";
126 1 1 105,136 "126";
127 0 0 28,141 "127";
128 1 0 35,77 "128";
129 0 0 93,124 "129";
130 1 1 95,123 "130";
131 2 0 17,123 "131";
132 0 0 106,147 "132";
133 2 0 15,43 "133";
134 2 0 76,148 "134";
135 2 1 37,67 "135";
136 2 0 66,124 "136";
137 0 0 31,39 "137";
138 0 0 80,126 "138";
139 0 1 118,131 "139";
140 1 0 43,103 "140";
141 2 0 13,120 "141";
142 0 1 83,117 "142";
143 1 1 134,146 "143";
144 0 1 95,115 "144";
145 0 0 5,59 "145";
146 2 0 127,140 "146";
147 1 1 84,95 "147";
148 0 1 11,149 "148";
149 0 0 63,112 "149";
