parity 104;
0 2 1 58,97 "0";
1 1 0 15,68 "1";
2 1 1 10,92 "2";
3 0 0 69,85 "3";
4 1 0 52,96 "4";
5 1 0 38,95 "5";
6 0 1 12,22 "6";
7 2 0 69,76 "7";
8 2 1 9,72 "8";
9 2 1 59,70 "9";
10 1 0 35,49 "10";
11 1 0 24,87 "11";
12 0 1 7,88 "12";
13 2 0 72,79 "13";
14 0 0 61,70 "14";
15 1 1 23,28 "15";
16 1 1 18,86 "16";
17 0 0 35,85 "17";
18 1 0 82,84 "18";
19 0 1 71,91 "19";
20 0 0 16,25 "20";
21 1 0 67,80 "21";
22 0 1 18,104 "22";
23 2 0 54,78 "23";
24 0 0 57,80 "24";
25 2 0 16,29 "25";
26 0 0 53,84 "26";
27 1 0 38,71 "27";
28 1 1 53,62 "28";
29 2 1 7,43 "29";
30 2 1 73,76 "30";
31 1 1 50,74 "31";
32 2 0 46,53 "32";
33 2 1 15,48 "33";
34 0 1 44,89 "34";
35 2 1 70,75 "35";
36 1 0 6,91 "36";
37 2 0 31,38 "37";
38 1 1 27,76 "38";
39 0 0 5,79 "39";
40 1 1 35,102 "40";
41 2 1 4,42 "41";
42 2 0 35,40 "42";
43 1 1 81,93 "43";
44 0 1 17,78 "44";
45 1 0 49,79 "45";
46 1 0 59,82 "46";
47 1 1 20,22 "47";
48 1 0 71,73 "48";
49 1 0 14,67 "49";
50 0 0 29,52 "50";
51 2 0 9,54 "51";
52 2 1 80,100 "52";
53 1 1 57,73 "53";
54 1 0 21,71 "54";
55 0 0 8,94 "55";
56 2 1 20,89 "56";
57 1 1 21,30 "57";
58 1 1 6,25 "58";
59 2 0 48,100 "59";
60 0 0 45,82 "60";
61 2 0 43,70 "61";
62 1 1 39,72 "62";
63 2 1 22,27 "63";
64 1 1 17,92 "64";
65 1 1 64,86 "65";
66 1 0 7,71 "66";
67 2 0 27,73 "67";
68 2 1 6,26 "68";
69 1 0 28,49 "69";
70 1 1 65,78 "70";
71 1 0 23,27 "71";
72 0 0 76,93 "72";
73 1 0 17,70 "73";
74 2 0 51,79 "74";
75 1 1 45,77 "75";
76 2 1 47,67 "76";
77 2 0 18,104 "77";
78 1 0 25,40 "78";
79 2 0 0,76 "79";
80 0 0 12,13 "80";
81 1 1 47,72 "81";
82 0 1 73,94 "82";
83 1 0 0,28 "83";
84 2 1 2,57 "84";
85 0 0 51,59 "85";
86 2 0 16,58 "86";
87 0 1 25,30 "87";
88 2 1 72,83 "88";
89 1 0 52,104 "89";
90 2 1 53,78 "90";
91 0 1 17,81 "91";
92 1 1 73,74 "92";
93 0 1 18,87 "93";
94 2 1 12,73 "94";
95 1 1 55,74 "95";
96 1 1 1,95 "96";
97 1 1 84,89 "97";
98 0 0 42,100 "98";
99 0 1 65,100 "99";
100 2 1 18,75 "100";
101 1 1 19,58 "101";
102 1 1 71,91 "102";
103 2 1 58,98 "103";
104 0 1 70,97 "104";
