parity 184;
0 2 0 147,172 "0";
1 1 1 35,130 "1";
2 1 0 15,157 "2";
3 0 1 18,83 "3";
4 1 0 21,62 "4";
5 1 0 1,86 "5";
6 1 1 21,93 "6";
7 0 1 37,165 "7";
8 0 1 52,70 "8";
9 0 0 131,176 "9";
10 2 0 5,55 "10";
11 2 0 6,52 "11";
12 0 1 28,142 "12";
13 0 0 79,114 "13";
14 0 1 86,101 "14";
15 2 1 11,147 "15";
16 0 0 138,161 "16";
17 2 1 68,99 "17";
18 0 0 76,122 "18";
19 0 0 42,131 "19";
20 0 0 54,110 "20";
21 2 1 107,152 "21";
22 1 0 27,41 "22";
23 1 1 95,175 "23";
24 2 0 4,147 "24";
25 0 1 127,161 "25";
26 1 0 65,118 "26";
27 1 0 101,124 "27";
28 1 0 94,138 "28";
29 0 1 65,174 "29";
30 0 0 154,164 "30";
31 0 0 50,86 "31";
32 2 1 54,85 "32";
33 1 1 3,128 "33";
34 0 1 67,182 "34";
35 1 0 19,70 "35";
36 1 1 151,169 "36";
37 2 1 32,177 "37";
38 2 1 108,177 "38";
39 0 1 18,84 "39";
40 0 1 57,171 "40";
41 0 1 52,97 "41";
42 0 0 23,115 "42";
43 1 1 30,179 "43";
44 0 0 30,114 "44";
45 2 1 9,150 "45";
46 1 1 3,61 "46";
47 1 1 109,143 "47";
48 2 0 15,172 "48";
49 1 1 85,165 "49";
50 1 1 17,112 "50";
51 2 1 107,180 "51";
52 1 0 55,174 "52";
53 0 0 101,157 "53";
54 2 1 165,167 "54";
55 1 0 102,156 "55";
56 1 0 83,167 "56";
57 1 1 110,163 "57";
58 2 1 75,138 "58";
59 2 1 49,140 "59";
60 2 0 15,130 "60";
61 2 1 28,177 "61";
62 1 0 16,141 "62";
63 0 0 125,152 "63";
64 1 1 53,96 "64";
65 1 1 83,183 "65";
66 0 0 125,171 "66";
67 0 1 82,159 "67";
68 1 0 4,33 "68";
69 1 0 15,85 "69";
70 0 1 61,145 "70";
71 0 1 27,147 "71";
72 1 1 31,57 "72";
73 2 1 34,38 "73";
74 2 1 61,110 "74";
75 1 1 27,138 "75";
76 1 0 11,60 "76";
77 0 0 10,59 "77";
78 1 0 30,94 "78";
79 1 0 101,156 "79";
80 0 1 2,74 "80";
81 0 1 49,107 "81";
82 0 1 101,172 "82";
83 0 0 31,91 "83";
84 2 1 26,131 "84";
85 1 1 32,122 "85";
86 1 1 89,171 "86";
87 2 0 43,143 "87";
88 1 0 137,182 "88";
89 1 1 2,10 "89";
90 2 0 5,31 "90";
91 0 1 99,124 "91";
92 2 1 47,99 "92";
93 0 1 58,138 "93";
94 1 0 42,56 "94";
95 0 0 7,140 "95";
96 1 1 125,182 "96";
97 0 1 3,98 "97";
98 1 1 84,91 "98";
99 1 0 12,164 "99";
100 2 0 57,112 "100";
101 1 1 12,79 "101";
102 2 0 158,183 "102";
103 2 1 1,11 "103";
104 1 1 21,135 "104";
105 1 1 29,84 "105";
106 0 0 97,129 "106";
107 2 1 19,43 "107";
108 1 0 39,145 "108";
109 1 1 74,155 "109";
110 2 0 99,147 "110";
111 1 0 88,150 "111";
112 0 1 27,173 "112";
113 0 0 4,103 "113";
114 0 1 32,81 "114";
115 2 1 95,131 "115";
116 2 0 35,62 "116";
117 1 0 32,155 "117";
118 2 0 108,131 "118";
119 1 0 43,143 "119";
120 1 1 50,115 "120";
121 0 0 31,92 "121";
122 2 0 0,131 "122";
123 0 0 125,143 "123";
124 1 0 48,139 "124";
125 0 1 32,175 "125";
126 1 1 26,108 "126";
127 1 0 92,95 "127";
128 2 1 39,41 "128";
129 0 1 49,152 "129";
130 2 0 59,67 "130";
131 1 1 30,83 "131";
132 0 1 77,124 "132";
133 2 1 30,158 "133";
134 2 1 59,160 "134";
135 2 1 77,102 "135";
136 2 0 54,57 "136";
137 2 1 100,119 "137";
138 1 1 84,95 "138";
139 2 0 70,80 "139";
140 1 0 24,99 "140";
141 1 0 135,162 "141";
142 0 0 15,172 "142";
143 2 0 56,103 "143";
144 1 0 57,122 "144";
145 0 1 30,139 "145";
146 1 1 54,85 "146";
147 0 0 70,168 "147";
148 1 1 105,160 "148";
149 1 0 13,56 "149";
150 0 0 8,101 "150";
151 0 1 116,174 "151";
152 2 1 61,175 "152";
153 0 0 60,129 "153";
154 0 0 31,171 "154";
155 2 0 59,113 "155";
156 2 0 117,155 "156";
157 2 0 43,167 "157";
158 1 0 51,123 "158";
159 0 0 27,51 "159";
160 2 0 61,135 "160";
161 2 0 109,130 "161";
162 0 1 87,141 "162";
163 1 0 99,106 "163";
164 0 1 58,175 "164";
165 1 1 120,125 "165";
166 2 1 89,126 "166";
167 0 1 43,163 "167";
168 0 1 57,63 "168";
169 2 1 38,126 "169";
170 1 0 78,172 "170";
171 1 0 2,16 "171";
172 1 1 35,122 "172";
173 0 0 123,129 "173";
174 0 0 41,88 "174";
175 1 1 115,183 "175";
176 1 1 7,16 "176";
177 0 1 19,90 "177";
178 0 0 43,57 "178";
179 2 1 2,51 "179";
180 0 0 4,120 "180";
181 0 0 129,169 "181";
182 1 0 71,106 "182";
183 1 1 3,153 "183";
184 1 1 1,45 "184";
