parity 164;
0 0 0 125,135 "0";
1 0 1 23,151 "1";
2 1 1 1,104 "2";
3 1 1 121,138 "3";
4 1 1 42,141 "4";
5 0 1 24,72 "5";
6 0 1 12,78 "6";
7 2 0 67,77 "7";
8 1 1 148,150 "8";
9 2 1 108,151 "9";
10 2 0 0,60 "10";
11 1 0 21,133 "11";
12 1 0 34,61 "12";
13 0 0 30,44 "13";
14 0 1 26,106 "14";
15 0 1 28,51 "15";
16 0 0 1,130 "16";
17 2 1 12,98 "17";
18 0 0 58,136 "18";
19 0 1 14,59 "19";
20 1 1 108,124 "20";
21 1 1 50,161 "21";
22 1 1 0,109 "22";
23 2 0 20,76 "23";
24 0 1 33,76 "24";
25 0 1 116,163 "25";
26 0 1 150,164 "26";
27 1 0 63,101 "27";
28 1 0 72,139 "28";
29 1 0 20,118 "29";
30 2 0 21,67 "30";
31 2 1 60,135 "31";
32 0 1 49,130 "32";
33 0 1 6,57 "33";
34 1 0 122,159 "34";
35 2 1 2,42 "35";
36 1 1 39,161 "36";
37 0 0 25,96 "37";
38 0 0 40,101 "38";
39 0 1 102,127 "39";
40 2 0 57,143 "40";
41 0 1 62,128 "41";
42 0 1 43,57 "42";
43 2 1 49,160 "43";
44 2 1 78,107 "44";
45 2 0 21,121 "45";
46 1 1 59,121 "46";
47 2 0 1,57 "47";
48 2 1 33,138 "48";
49 2 1 29,35 "49";
50 1 0 15,104 "50";
51 2 0 27,139 "51";
52 2 1 17,44 "52";
53 1 0 18,112 "53";
54 0 1 23,58 "54";
55 2 0 110,144 "55";
56 2 0 55,60 "56";
57 2 1 7,87 "57";
58 0 0 19,135 "58";
59 2 1 130,163 "59";
60 2 0 32,99 "60";
61 2 0 70,134 "61";
62 2 1 29,87 "62";
63 1 0 73,164 "63";
64 1 1 43,56 "64";
65 2 0 54,79 "65";
66 0 0 36,44 "66";
67 1 1 103,160 "67";
68 0 0 4,147 "68";
69 2 0 77,93 "69";
70 2 0 148,154 "70";
71 1 0 110,119 "71";
72 0 0 5,143 "72";
73 2 0 46,164 "73";
74 2 0 64,143 "74";
75 1 0 26,133 "75";
76 2 0 18,22 "76";
77 1 1 1,137 "77";
78 0 1 49,56 "78";
79 0 1 28,117 "79";
80 0 1 2,132 "80";
81 0 1 10,34 "81";
82 2 0 102,132 "82";
83 1 0 13,146 "83";
84 2 0 23,69 "84";
85 2 0 94,130 "85";
86 0 0 97,135 "86";
87 1 0 24,52 "87";
88 2 0 73,142 "88";
89 2 1 43,131 "89";
90 0 0 48,72 "90";
91 0 0 70,99 "91";
92 1 0 33,108 "92";
93 0 0 68,131 "93";
94 0 1 73,98 "94";
95 2 1 30,154 "95";
96 2 0 68,118 "96";
97 2 1 42,113 "97";
98 1 1 59,67 "98";
99 1 1 20,143 "99";
100 2 1 117,142 "100";
101 1 0 102,158 "101";
102 1 0 119,140 "102";
103 1 0 29,150 "103";
104 1 1 7,41 "104";
105 1 1 91,100 "105";
106 2 0 84,105 "106";
107 1 1 69,111 "107";
108 2 1 136,138 "108";
109 2 1 44,88 "109";
110 2 0 117,158 "110";
111 0 1 27,71 "111";
112 0 0 78,162 "112";
113 0 0 44,135 "113";
114 0 1 2,143 "114";
115 2 1 60,95 "115";
116 0 1 44,142 "116";
117 1 1 11,38 "117";
118 2 1 6,164 "118";
119 1 0 31,81 "119";
120 2 0 22,30 "120";
121 2 1 16,54 "121";
122 0 1 4,63 "122";
123 0 1 34,90 "123";
124 0 1 25,89 "124";
125 2 1 33,55 "125";
126 2 0 21,99 "126";
127 2 1 19,61 "127";
128 0 0 48,127 "128";
129 1 0 12,89 "129";
130 0 1 5,74 "130";
131 0 1 38,52 "131";
132 1 0 44,50 "132";
133 2 1 144,163 "133";
134 0 0 158,162 "134";
135 2 1 37,162 "135";
136 1 1 19,82 "136";
137 0 0 64,112 "137";
138 0 1 79,81 "138";
139 1 0 28,77 "139";
140 0 1 57,153 "140";
141 1 0 2,70 "141";
142 1 1 33,46 "142";
143 2 1 113,123 "143";
144 0 1 78,159 "144";
145 0 1 48,135 "145";
146 1 0 25,66 "146";
147 0 0 109,152 "147";
148 2 0 63,120 "148";
149 1 0 2,39 "149";
150 2 1 59,162 "150";
151 1 0 3,97 "151";
152 0 1 24,43 "152";
153 0 0 6,130 "153";
154 1 1 13,35 "154";
155 1 0 3,56 "155";
156 0 0 36,108 "156";
157 1 0 96,146 "157";
158 0 0 11,108 "158";
159 0 0 27,101 "159";
160 1 0 53,73 "160";
161 2 1 0,78 "161";
162 0 1 14,71 "162";
163 1 0 24,98 "163";
164 0 0 73,91 "164";
