parity 119;
0 0 0 46,100 "0";
1 1 1 99,102 "1";
2 1 1 14,54 "2";
3 2 0 78,93 "3";
4 0 0 14,112 "4";
5 1 1 2,108 "5";
6 0 1 31,86 "6";
7 1 1 72,102 "7";
8 1 1 66,73 "8";
9 0 0 34,90 "9";
10 2 1 30,82 "10";
11 1 0 8,88 "11";
12 0 1 67,88 "12";
13 2 0 37,109 "13";
14 0 1 13,42 "14";
15 2 0 28,68 "15";
16 2 0 28,84 "16";
17 0 1 39,99 "17";
18 2 1 31,43 "18";
19 1 1 63,75 "19";
20 1 0 97,105 "20";
21 2 0 74,97 "21";
22 1 0 37,117 "22";
23 1 1 46,80 "23";
24 2 1 62,68 "24";
25 1 1 91,115 "25";
26 1 1 0,8 "26";
27 0 1 40,73 "27";
28 2 0 75,98 "28";
29 2 0 3,24 "29";
30 1 1 5,117 "30";
31 2 1 44,77 "31";
32 0 1 89,97 "32";
33 0 1 55,70 "33";
34 2 1 24,26 "34";
35 0 0 90,113 "35";
36 0 0 84,114 "36";
37 0 0 53,116 "37";
38 0 0 11,111 "38";
39 1 0 11,13 "39";
40 0 1 13,28 "40";
41 2 0 7,118 "41";
42 1 1 17,44 "42";
43 2 1 6,93 "43";
44 0 0 52,61 "44";
45 2 1 38,93 "45";
46 1 1 0,106 "46";
47 1 0 1,11 "47";
48 0 0 40,71 "48";
49 2 1 17,84 "49";
50 0 1 7,65 "50";
51 0 1 2,63 "51";
52 1 0 0,82 "52";
53 2 0 55,117 "53";
54 0 0 15,69 "54";
55 1 1 19,26 "55";
56 2 0 45,52 "56";
57 1 1 42,50 "57";
58 1 0 70,85 "58";
59 0 0 31,70 "59";
60 2 0 24,88 "60";
61 2 0 5,86 "61";
62 2 0 46,54 "62";
63 2 1 42,92 "63";
64 0 1 7,96 "64";
65 2 0 46,72 "65";
66 1 1 51,74 "66";
67 0 0 52,76 "67";
68 1 0 52,99 "68";
69 0 0 51,58 "69";
70 2 1 24,45 "70";
71 2 0 38,73 "71";
72 0 1 40,50 "72";
73 0 0 11,35 "73";
74 0 0 42,98 "74";
75 2 0 14,59 "75";
76 1 0 48,73 "76";
77 2 1 4,84 "77";
78 2 0 32,103 "78";
79 0 1 15,100 "79";
80 1 0 4,101 "80";
81 0 1 1,61 "81";
82 0 0 52,88 "82";
83 0 1 4,33 "83";
84 2 1 41,44 "84";
85 0 1 29,77 "85";
86 1 1 19,65 "86";
87 1 0 73,93 "87";
88 0 1 58,89 "88";
89 2 0 17,37 "89";
90 2 0 56,59 "90";
91 1 0 10,36 "91";
92 0 1 81,114 "92";
93 1 1 19,62 "93";
94 0 1 18,95 "94";
95 1 0 13,80 "95";
96 2 1 18,63 "96";
97 2 1 57,101 "97";
98 1 1 68,70 "98";
99 2 0 77,107 "99";
100 2 1 23,36 "100";
101 1 1 0,72 "101";
102 1 0 11,75 "102";
103 2 0 22,27 "103";
104 0 0 11,30 "104";
105 2 0 56,81 "105";
106 0 1 70,105 "106";
107 1 0 10,19 "107";
108 0 1 82,112 "108";
109 2 1 5,96 "109";
110 1 1 106,109 "110";
111 0 1 93,118 "111";
112 1 1 25,68 "112";
113 1 0 86,102 "113";
114 2 0 15,105 "114";
115 0 1 18,88 "115";
116 1 0 70,94 "116";
117 2 0 69,103 "117";
118 2 1 33,88 "118";
119 0 1 21,96 "119";
