parity 189;
0 1 0 9,26 "0";
1 2 0 39,133 "1";
2 2 1 48,115 "2";
3 2 1 144,180 "3";
4 1 0 115,119 "4";
5 1 0 19,155 "5";
6 2 0 51,119 "6";
7 0 0 4,14 "7";
8 1 1 127,142 "8";
9 2 0 33,55 "9";
10 1 0 78,178 "10";
11 1 0 119,163 "11";
12 2 1 11,183 "12";
13 1 1 118,152 "13";
14 1 1 164,178 "14";
15 2 1 19,139 "15";
16 1 1 67,165 "16";
17 0 1 10,109 "17";
18 2 1 24,138 "18";
19 1 0 103,155 "19";
20 1 0 29,80 "20";
21 1 0 27,156 "21";
22 2 0 129,138 "22";
23 1 0 64,82 "23";
24 1 0 66,166 "24";
25 2 1 142,182 "25";
26 2 1 118,158 "26";
27 2 1 33,68 "27";
28 0 1 26,49 "28";
29 0 0 149,165 "29";
30 2 1 79,111 "30";
31 0 1 29,82 "31";
32 0 0 15,91 "32";
33 0 0 58,76 "33";
34 0 1 90,178 "34";
35 0 1 43,87 "35";
36 2 1 123,145 "36";
37 0 1 143,187 "37";
38 0 0 113,123 "38";
39 1 1 105,166 "39";
40 0 1 61,153 "40";
41 2 0 38,182 "41";
42 0 1 3,36 "42";
43 1 1 88,159 "43";
44 1 1 139,188 "44";
45 1 1 66,132 "45";
46 2 0 132,147 "46";
47 1 1 32,139 "47";
48 2 0 0,122 "48";
49 0 1 20,130 "49";
50 0 1 68,116 "50";
51 2 0 65,155 "51";
52 2 1 137,185 "52";
53 0 1 44,167 "53";
54 2 1 150,171 "54";
55 2 1 50,188 "55";
56 0 1 4,163 "56";
57 2 1 41,83 "57";
58 2 0 40,135 "58";
59 1 0 37,170 "59";
60 0 0 10,63 "60";
61 2 1 165,186 "61";
62 2 0 17,128 "62";
63 1 0 28,37 "63";
64 1 1 49,86 "64";
65 0 0 63,131 "65";
66 2 0 8,158 "66";
67 0 1 0,157 "67";
68 2 1 99,173 "68";
69 1 0 32,70 "69";
70 1 1 93,123 "70";
71 1 1 125,185 "71";
72 0 1 4,118 "72";
73 1 0 40,155 "73";
74 0 0 19,181 "74";
75 0 1 82,85 "75";
76 1 1 94,96 "76";
77 0 0 63,124 "77";
78 1 1 95,178 "78";
79 1 0 61,140 "79";
80 2 1 120,171 "80";
81 2 0 70,77 "81";
82 1 0 86,92 "82";
83 0 0 8,128 "83";
84 2 0 59,157 "84";
85 0 0 39,142 "85";
86 0 0 123,131 "86";
87 0 1 142,165 "87";
88 1 0 86,150 "88";
89 0 1 138,186 "89";
90 1 1 64,167 "90";
91 2 1 30,145 "91";
92 2 0 17,162 "92";
93 2 1 43,126 "93";
94 2 0 65,85 "94";
95 1 0 1,69 "95";
96 2 1 16,63 "96";
97 2 0 21,78 "97";
98 1 0 136,178 "98";
99 1 1 17,85 "99";
100 0 1 20,62 "100";
101 2 1 10,168 "101";
102 2 1 153,166 "102";
103 0 1 32,99 "103";
104 1 0 91,164 "104";
105 0 0 55,102 "105";
106 2 1 53,89 "106";
107 2 1 40,87 "107";
108 1 0 44,115 "108";
109 2 0 39,43 "109";
110 1 0 119,154 "110";
111 2 0 45,178 "111";
112 0 1 4,32 "112";
113 1 1 64,103 "113";
114 2 0 96,144 "114";
115 2 1 30,135 "115";
116 1 0 65,146 "116";
117 0 1 103,135 "117";
118 1 0 56,91 "118";
119 2 0 87,141 "119";
120 1 0 136,148 "120";
121 0 1 149,174 "121";
122 2 1 19,134 "122";
123 1 0 135,168 "123";
124 0 1 83,121 "124";
125 0 1 11,155 "125";
126 0 0 101,153 "126";
127 1 0 26,110 "127";
128 2 1 24,171 "128";
129 2 0 96,130 "129";
130 2 0 153,172 "130";
131 0 1 18,104 "131";
132 1 0 61,162 "132";
133 1 0 159,172 "133";
134 1 0 152,177 "134";
135 2 1 88,112 "135";
136 2 1 48,179 "136";
137 2 0 66,88 "137";
138 2 1 142,153 "138";
139 1 1 6,157 "139";
140 2 1 31,92 "140";
141 2 0 93,123 "141";
142 1 0 66,167 "142";
143 0 0 20,163 "143";
144 2 1 9,183 "144";
145 2 0 14,187 "145";
146 0 0 82,120 "146";
147 0 0 106,112 "147";
148 1 0 82,104 "148";
149 0 1 13,176 "149";
150 1 0 15,119 "150";
151 1 1 88,124 "151";
152 0 1 47,70 "152";
153 0 1 36,45 "153";
154 2 1 32,103 "154";
155 0 1 66,150 "155";
156 0 1 8,133 "156";
157 0 0 13,55 "157";
158 0 1 52,176 "158";
159 2 0 39,140 "159";
160 2 1 18,83 "160";
161 2 0 36,45 "161";
162 2 1 84,157 "162";
163 1 1 120,155 "163";
164 2 1 30,119 "164";
165 1 0 13,167 "165";
166 1 1 100,149 "166";
167 2 1 48,180 "167";
168 0 0 10,130 "168";
169 1 1 78,115 "169";
170 0 0 53,130 "170";
171 0 0 184,189 "171";
172 1 0 136,151 "172";
173 2 1 18,158 "173";
174 2 1 61,149 "174";
175 0 1 8,145 "175";
176 2 1 32,127 "176";
177 2 0 111,148 "177";
178 2 1 10,42 "178";
179 1 0 133,168 "179";
180 2 0 98,163 "180";
181 1 0 9,36 "181";
182 1 0 27,84 "182";
183 0 1 73,120 "183";
184 0 1 40,120 "184";
185 2 0 6,157 "185";
186 2 1 31,179 "186";
187 2 0 33,74 "187";
188 0 1 42,116 "188";
189 0 0 83,162 "189";
