parity 134;
0 0 0 5,18 "0";
1 2 1 56,101 "1";
2 2 1 73,86 "2";
3 2 0 8,83 "3";
4 1 1 50,74 "4";
5 2 1 64,107 "5";
6 1 0 47,126 "6";
7 1 1 78,125 "7";
8 1 0 75,121 "8";
9 1 0 90,92 "9";
10 0 1 46,99 "10";
11 0 1 3,96 "11";
12 1 1 89,103 "12";
13 0 1 100,103 "13";
14 2 1 109,132 "14";
15 1 0 29,95 "15";
16 1 0 62,71 "16";
17 0 1 22,81 "17";
18 1 0 36,61 "18";
19 1 1 16,114 "19";
20 1 0 64,116 "20";
21 1 1 33,120 "21";
22 2 0 23,64 "22";
23 2 1 75,110 "23";
24 2 1 31,117 "24";
25 0 0 54,126 "25";
26 0 1 19,93 "26";
27 1 0 61,83 "27";
28 0 0 21,85 "28";
29 1 1 35,53 "29";
30 0 0 54,123 "30";
31 0 1 35,65 "31";
32 2 0 79,127 "32";
33 1 0 83,104 "33";
34 2 0 21,124 "34";
35 2 1 109,115 "35";
36 0 1 45,85 "36";
37 0 0 21,126 "37";
38 1 1 17,75 "38";
39 2 1 53,78 "39";
40 0 1 56,111 "40";
41 0 0 54,103 "41";
42 0 0 69,119 "42";
43 2 1 70,87 "43";
44 1 1 66,101 "44";
45 0 0 44,67 "45";
46 1 1 65,86 "46";
47 0 1 125,132 "47";
48 0 0 61,118 "48";
49 1 1 53,108 "49";
50 2 1 68,119 "50";
51 2 1 106,128 "51";
52 2 1 19,33 "52";
53 2 1 34,116 "53";
54 2 0 130,134 "54";
55 2 1 14,74 "55";
56 0 0 26,28 "56";
57 1 0 17,85 "57";
58 2 0 37,54 "58";
59 2 1 17,55 "59";
60 0 1 50,52 "60";
61 1 0 25,129 "61";
62 1 1 20,38 "62";
63 2 0 27,78 "63";
64 0 1 34,77 "64";
65 1 0 78,85 "65";
66 0 1 114,124 "66";
67 0 1 47,74 "67";
68 0 0 14,119 "68";
69 1 0 64,105 "69";
70 0 1 53,121 "70";
71 1 0 1,56 "71";
72 1 1 5,9 "72";
73 2 0 99,121 "73";
74 2 0 45,61 "74";
75 1 1 4,79 "75";
76 1 1 14,25 "76";
77 2 0 53,72 "77";
78 0 1 55,76 "78";
79 1 0 6,28 "79";
80 2 0 3,72 "80";
81 2 1 63,111 "81";
82 2 0 42,94 "82";
83 0 1 86,112 "83";
84 1 1 20,62 "84";
85 0 0 13,89 "85";
86 0 1 75,85 "86";
87 0 0 0,76 "87";
88 0 1 54,58 "88";
89 2 1 59,128 "89";
90 1 1 53,127 "90";
91 2 1 16,31 "91";
92 1 1 41,83 "92";
93 1 1 11,94 "93";
94 1 1 6,75 "94";
95 0 0 53,55 "95";
96 1 1 5,80 "96";
97 2 1 39,134 "97";
98 0 0 82,83 "98";
99 2 1 16,50 "99";
100 0 1 0,81 "100";
101 2 1 42,108 "101";
102 0 0 48,73 "102";
103 1 1 20,81 "103";
104 1 1 93,127 "104";
105 2 0 55,130 "105";
106 0 1 1,58 "106";
107 0 1 31,123 "107";
108 1 1 76,99 "108";
109 1 1 72,131 "109";
110 2 1 6,36 "110";
111 2 0 22,55 "111";
112 1 0 30,75 "112";
113 1 0 106,134 "113";
114 1 0 50,112 "114";
115 1 1 59,131 "115";
116 1 1 38,89 "116";
117 0 1 41,83 "117";
118 2 1 85,90 "118";
119 2 0 71,98 "119";
120 2 1 1,31 "120";
121 1 1 31,106 "121";
122 1 1 31,61 "122";
123 0 1 98,122 "123";
124 2 1 3,59 "124";
125 2 1 90,122 "125";
126 0 1 13,117 "126";
127 0 0 44,61 "127";
128 1 1 7,41 "128";
129 1 1 15,105 "129";
130 1 1 86,128 "130";
131 2 1 75,92 "131";
132 2 1 9,72 "132";
133 1 1 92,105 "133";
134 1 1 32,53 "134";
