parity 114;
0 0 0 18,53 "0";
1 1 0 26,106 "1";
2 1 1 73,93 "2";
3 0 1 9,60 "3";
4 1 0 29,86 "4";
5 1 1 45,60 "5";
6 2 0 92,94 "6";
7 0 0 11,97 "7";
8 1 1 11,61 "8";
9 1 0 20,96 "9";
10 2 0 41,103 "10";
11 1 1 69,107 "11";
12 1 1 50,114 "12";
13 0 1 0,84 "13";
14 1 1 15,84 "14";
15 2 0 12,49 "15";
16 1 1 54,86 "16";
17 0 0 44,78 "17";
18 2 0 21,29 "18";
19 2 1 60,103 "19";
20 1 1 64,107 "20";
21 2 0 0,27 "21";
22 1 0 46,103 "22";
23 0 1 72,95 "23";
24 1 0 99,108 "24";
25 2 0 2,67 "25";
26 1 0 40,52 "26";
27 2 0 79,107 "27";
28 2 0 27,86 "28";
29 1 0 5,8 "29";
30 2 1 49,96 "30";
31 1 1 11,78 "31";
32 0 1 47,95 "32";
33 2 1 6,69 "33";
34 2 1 39,48 "34";
35 1 1 84,105 "35";
36 1 0 85,98 "36";
37 0 1 8,113 "37";
38 2 1 60,87 "38";
39 1 1 95,98 "39";
40 2 0 35,55 "40";
41 1 0 18,108 "41";
42 1 1 85,97 "42";
43 0 1 51,96 "43";
44 1 0 66,95 "44";
45 0 1 21,114 "45";
46 1 1 25,42 "46";
47 2 1 39,87 "47";
48 1 0 5,80 "48";
49 0 1 12,64 "49";
50 0 1 71,105 "50";
51 2 1 48,88 "51";
52 1 1 28,57 "52";
53 1 1 17,88 "53";
54 1 1 51,101 "54";
55 2 1 74,114 "55";
56 1 0 7,64 "56";
57 2 1 35,109 "57";
58 2 1 0,64 "58";
59 0 0 51,75 "59";
60 0 1 48,66 "60";
61 2 0 70,77 "61";
62 2 0 31,112 "62";
63 0 0 58,92 "63";
64 0 1 20,77 "64";
65 0 0 10,12 "65";
66 0 1 24,93 "66";
67 0 0 79,95 "67";
68 2 1 25,54 "68";
69 2 1 54,114 "69";
70 2 1 39,68 "70";
71 1 0 16,55 "71";
72 0 0 43,60 "72";
73 2 1 43,88 "73";
74 0 1 4,31 "74";
75 0 1 74,114 "75";
76 2 0 46,114 "76";
77 2 1 28,41 "77";
78 0 1 24,82 "78";
79 1 0 17,69 "79";
80 1 0 3,59 "80";
81 1 1 66,82 "81";
82 0 0 6,50 "82";
83 1 0 71,108 "83";
84 1 0 3,54 "84";
85 1 1 43,66 "85";
86 0 0 73,102 "86";
87 0 0 9,10 "87";
88 1 1 31,43 "88";
89 0 0 17,87 "89";
90 2 0 71,83 "90";
91 1 0 6,18 "91";
92 0 0 53,106 "92";
93 0 0 54,81 "93";
94 1 0 91,100 "94";
95 2 0 22,86 "95";
96 2 0 12,27 "96";
97 0 1 90,93 "97";
98 2 0 0,66 "98";
99 0 1 9,107 "99";
100 2 0 10,110 "100";
101 2 1 5,40 "101";
102 0 0 28,33 "102";
103 0 0 32,40 "103";
104 0 1 2,18 "104";
105 1 0 60,87 "105";
106 2 0 32,70 "106";
107 0 1 13,61 "107";
108 1 0 5,50 "108";
109 1 0 19,36 "109";
110 0 1 22,85 "110";
111 2 0 51,67 "111";
112 1 0 97,109 "112";
113 2 0 61,89 "113";
114 0 1 64,78 "114";
