parity 129;
0 1 1 48,96 "0";
1 0 0 17,55 "1";
2 2 0 70,82 "2";
3 2 0 16,87 "3";
4 0 0 2,83 "4";
5 0 1 46,100 "5";
6 2 1 56,92 "6";
7 1 1 23,40 "7";
8 2 1 87,126 "8";
9 0 1 62,88 "9";
10 2 0 14,79 "10";
11 2 0 39,66 "11";
12 0 0 109,128 "12";
13 1 0 76,120 "13";
14 2 0 82,87 "14";
15 1 1 27,90 "15";
16 2 0 61,124 "16";
17 2 1 0,74 "17";
18 1 1 21,89 "18";
19 0 1 34,37 "19";
20 1 0 18,28 "20";
21 0 0 40,105 "21";
22 0 0 42,126 "22";
23 1 0 53,125 "23";
24 0 0 78,99 "24";
25 1 1 117,126 "25";
26 0 1 79,116 "26";
27 1 1 98,123 "27";
28 0 1 11,43 "28";
29 2 1 15,54 "29";
30 0 0 2,36 "30";
31 0 0 14,125 "31";
32 1 0 28,119 "32";
33 1 1 0,119 "33";
34 2 1 22,65 "34";
35 1 1 1,51 "35";
36 2 1 9,23 "36";
37 1 1 12,111 "37";
38 0 0 77,127 "38";
39 0 0 42,80 "39";
40 2 0 29,38 "40";
41 2 1 52,125 "41";
42 0 0 9,24 "42";
43 0 1 1,68 "43";
44 0 0 20,67 "44";
45 1 0 13,114 "45";
46 1 0 12,31 "46";
47 1 0 17,127 "47";
48 1 0 39,120 "48";
49 0 1 54,65 "49";
50 1 1 62,85 "50";
51 0 1 21,102 "51";
52 0 1 17,65 "52";
53 1 1 20,127 "53";
54 2 1 40,64 "54";
55 1 1 81,120 "55";
56 1 1 57,98 "56";
57 0 1 2,58 "57";
58 2 1 34,80 "58";
59 2 0 49,117 "59";
60 0 1 53,127 "60";
61 1 1 13,116 "61";
62 1 1 73,79 "62";
63 1 1 69,121 "63";
64 2 1 57,100 "64";
65 2 0 26,91 "65";
66 2 0 43,84 "66";
67 0 0 52,84 "67";
68 2 0 75,126 "68";
69 0 0 51,104 "69";
70 2 0 44,75 "70";
71 2 0 23,109 "71";
72 1 0 20,97 "72";
73 2 1 1,128 "73";
74 0 1 51,117 "74";
75 1 1 21,94 "75";
76 0 0 34,119 "76";
77 1 1 22,121 "77";
78 0 1 62,104 "78";
79 1 1 71,73 "79";
80 2 1 25,91 "80";
81 1 1 8,112 "81";
82 1 0 12,122 "82";
83 1 0 68,88 "83";
84 2 1 46,64 "84";
85 1 1 58,124 "85";
86 2 0 18,112 "86";
87 2 0 16,60 "87";
88 0 1 14,20 "88";
89 0 1 18,43 "89";
90 2 0 98,120 "90";
91 2 1 19,25 "91";
92 2 1 26,115 "92";
93 1 0 71,72 "93";
94 0 0 106,117 "94";
95 1 1 44,82 "95";
96 2 1 27,77 "96";
97 2 1 6,104 "97";
98 1 0 1,90 "98";
99 0 0 85,111 "99";
100 2 0 1,30 "100";
101 0 1 34,53 "101";
102 0 0 94,96 "102";
103 2 1 0,10 "103";
104 2 1 11,33 "104";
105 1 1 43,87 "105";
106 1 0 82,85 "106";
107 1 1 79,105 "107";
108 1 0 57,101 "108";
109 2 0 10,125 "109";
110 0 0 6,97 "110";
111 2 0 72,75 "111";
112 1 1 58,120 "112";
113 2 1 39,72 "113";
114 0 1 23,58 "114";
115 1 1 27,110 "115";
116 2 1 9,93 "116";
117 1 0 28,29 "117";
118 0 1 9,85 "118";
119 0 1 11,86 "119";
120 1 1 30,34 "120";
121 0 1 77,124 "121";
122 1 0 50,82 "122";
123 2 1 18,111 "123";
124 2 0 27,69 "124";
125 0 0 14,26 "125";
126 2 0 56,58 "126";
127 1 0 9,87 "127";
128 2 1 78,123 "128";
129 2 1 54,120 "129";
