parity 114;
0 0 1 48,87 "0";
1 0 0 12,75 "1";
2 2 0 56,70 "2";
3 1 1 41,112 "3";
4 0 0 26,32 "4";
5 0 0 21,104 "5";
6 1 0 38,78 "6";
7 1 1 24,44 "7";
8 2 1 38,52 "8";
9 2 1 50,64 "9";
10 1 1 54,71 "10";
11 1 1 33,70 "11";
12 0 1 79,108 "12";
13 1 0 77,112 "13";
14 1 0 48,64 "14";
15 2 1 72,77 "15";
16 1 0 10,87 "16";
17 0 1 28,58 "17";
18 0 0 38,103 "18";
19 2 0 0,50 "19";
20 1 1 7,42 "20";
21 1 1 6,12 "21";
22 1 0 43,105 "22";
23 0 0 46,53 "23";
24 0 0 31,94 "24";
25 1 0 23,97 "25";
26 2 0 51,113 "26";
27 2 1 82,93 "27";
28 2 1 17,110 "28";
29 1 0 40,88 "29";
30 2 1 20,90 "30";
31 0 1 26,32 "31";
32 0 1 57,63 "32";
33 2 0 6,103 "33";
34 2 0 41,61 "34";
35 1 0 3,9 "35";
36 1 0 9,113 "36";
37 0 0 28,94 "37";
38 2 0 31,35 "38";
39 2 0 1,67 "39";
40 2 1 7,96 "40";
41 1 0 15,94 "41";
42 0 0 4,36 "42";
43 1 0 40,49 "43";
44 1 0 37,80 "44";
45 2 0 4,107 "45";
46 1 1 10,89 "46";
47 2 0 13,40 "47";
48 2 1 32,34 "48";
49 2 1 38,79 "49";
50 2 0 3,77 "50";
51 0 0 65,96 "51";
52 2 1 67,78 "52";
53 1 0 71,79 "53";
54 0 0 70,74 "54";
55 0 0 25,73 "55";
56 1 1 52,110 "56";
57 2 1 71,90 "57";
58 2 0 17,87 "58";
59 0 1 77,107 "59";
60 0 1 36,71 "60";
61 1 0 101,107 "61";
62 2 0 33,91 "62";
63 0 1 30,38 "63";
64 1 0 10,85 "64";
65 1 0 32,98 "65";
66 1 1 21,28 "66";
67 1 0 49,98 "67";
68 0 1 20,43 "68";
69 0 0 103,113 "69";
70 2 0 2,87 "70";
71 1 1 15,95 "71";
72 0 0 4,105 "72";
73 0 0 59,80 "73";
74 2 0 19,54 "74";
75 1 0 72,109 "75";
76 2 0 0,58 "76";
77 1 0 7,96 "77";
78 0 0 32,88 "78";
79 0 0 83,103 "79";
80 0 1 13,90 "80";
81 2 0 24,111 "81";
82 0 0 36,73 "82";
83 2 0 56,100 "83";
84 1 1 56,108 "84";
85 2 1 22,102 "85";
86 1 1 43,83 "86";
87 1 0 24,40 "87";
88 2 1 39,93 "88";
89 2 0 0,26 "89";
90 0 0 44,50 "90";
91 1 0 0,109 "91";
92 2 1 62,75 "92";
93 1 1 88,113 "93";
94 2 1 5,73 "94";
95 2 0 47,104 "95";
96 2 0 14,68 "96";
97 2 0 37,103 "97";
98 2 0 82,96 "98";
99 2 0 9,15 "99";
100 1 1 24,31 "100";
101 0 0 31,88 "101";
102 2 1 14,93 "102";
103 0 1 6,59 "103";
104 1 1 88,90 "104";
105 0 1 12,82 "105";
106 2 0 13,97 "106";
107 1 0 10,99 "107";
108 2 0 16,90 "108";
109 0 0 29,85 "109";
110 0 1 98,106 "110";
111 0 1 38,110 "111";
112 2 0 49,67 "112";
113 0 1 3,21 "113";
114 1 0 15,35 "114";
