parity 139;
0 1 0 65,119 "0";
1 0 0 8,60 "1";
2 2 0 12,117 "2";
3 1 1 88,113 "3";
4 1 0 74,119 "4";
5 1 0 62,113 "5";
6 2 0 30,130 "6";
7 2 0 3,77 "7";
8 2 1 18,134 "8";
9 2 1 6,28 "9";
10 1 1 74,75 "10";
11 1 1 7,88 "11";
12 2 1 129,137 "12";
13 0 1 0,20 "13";
14 2 1 87,106 "14";
15 2 0 102,125 "15";
16 1 1 47,112 "16";
17 1 1 50,137 "17";
18 1 1 86,125 "18";
19 2 1 33,131 "19";
20 1 1 39,134 "20";
21 0 0 20,58 "21";
22 0 1 124,139 "22";
23 1 0 41,68 "23";
24 1 0 10,125 "24";
25 0 1 46,117 "25";
26 1 0 14,45 "26";
27 0 1 34,88 "27";
28 2 0 2,114 "28";
29 1 1 97,127 "29";
30 0 0 43,125 "30";
31 1 0 60,96 "31";
32 2 1 48,92 "32";
33 1 1 32,57 "33";
34 0 0 26,42 "34";
35 2 1 77,103 "35";
36 2 1 31,122 "36";
37 0 1 19,53 "37";
38 0 1 17,135 "38";
39 2 0 63,79 "39";
40 2 1 33,50 "40";
41 2 1 69,120 "41";
42 1 0 91,108 "42";
43 2 0 3,80 "43";
44 2 0 17,51 "44";
45 0 1 16,104 "45";
46 0 0 31,47 "46";
47 1 1 26,72 "47";
48 1 1 7,125 "48";
49 0 0 16,95 "49";
50 2 1 95,97 "50";
51 1 1 49,52 "51";
52 0 0 41,46 "52";
53 1 0 89,118 "53";
54 2 1 103,128 "54";
55 2 1 48,87 "55";
56 0 1 80,119 "56";
57 0 1 75,103 "57";
58 0 0 85,133 "58";
59 0 1 84,97 "59";
60 1 0 27,58 "60";
61 0 0 4,115 "61";
62 2 0 48,55 "62";
63 0 1 1,96 "63";
64 0 1 51,84 "64";
65 1 0 84,93 "65";
66 2 0 29,114 "66";
67 0 1 54,55 "67";
68 1 1 17,107 "68";
69 0 1 88,94 "69";
70 1 1 4,29 "70";
71 1 1 2,59 "71";
72 2 0 33,69 "72";
73 2 0 103,139 "73";
74 2 0 107,118 "74";
75 0 0 42,57 "75";
76 2 0 113,117 "76";
77 2 0 32,65 "77";
78 1 0 42,124 "78";
79 1 1 16,110 "79";
80 0 1 65,102 "80";
81 2 1 78,92 "81";
82 1 0 80,136 "82";
83 0 0 63,119 "83";
84 2 0 6,78 "84";
85 0 0 53,98 "85";
86 1 1 38,114 "86";
87 1 0 75,114 "87";
88 2 0 2,134 "88";
89 0 1 67,124 "89";
90 2 1 46,95 "90";
91 0 1 0,35 "91";
92 0 1 64,119 "92";
93 1 1 81,130 "93";
94 0 0 1,33 "94";
95 1 1 10,116 "95";
96 1 1 11,25 "96";
97 0 1 29,73 "97";
98 0 0 54,110 "98";
99 2 0 54,96 "99";
100 2 0 17,101 "100";
101 1 1 89,117 "101";
102 2 1 11,31 "102";
103 2 1 95,115 "103";
104 2 1 98,127 "104";
105 1 1 55,114 "105";
106 1 0 46,48 "106";
107 0 0 1,114 "107";
108 0 0 54,124 "108";
109 1 1 11,92 "109";
110 2 0 82,135 "110";
111 0 1 40,74 "111";
112 0 0 17,55 "112";
113 0 0 5,21 "113";
114 2 1 29,54 "114";
115 1 0 13,52 "115";
116 1 1 26,71 "116";
117 0 1 87,131 "117";
118 1 1 54,76 "118";
119 2 1 4,135 "119";
120 1 0 84,124 "120";
121 2 1 58,96 "121";
122 1 1 24,100 "122";
123 0 1 8,91 "123";
124 0 1 59,133 "124";
125 1 1 13,25 "125";
126 2 0 11,56 "126";
127 1 0 100,130 "127";
128 0 0 42,112 "128";
129 1 1 7,48 "129";
130 1 0 11,18 "130";
131 1 0 53,118 "131";
132 2 0 63,127 "132";
133 1 1 42,82 "133";
134 1 0 47,51 "134";
135 1 0 78,87 "135";
136 0 0 35,51 "136";
137 2 1 86,109 "137";
138 1 0 73,74 "138";
139 1 1 15,86 "139";
