parity 114;
0 0 0 101,110 "0";
1 2 1 19,103 "1";
2 0 1 41,111 "2";
3 1 0 14,78 "3";
4 1 1 3,15 "4";
5 2 1 29,106 "5";
6 0 0 12,78 "6";
7 0 0 2,99 "7";
8 2 1 27,31 "8";
9 1 1 63,84 "9";
10 0 0 61,97 "10";
11 2 0 72,97 "11";
12 1 1 31,62 "12";
13 1 1 39,41 "13";
14 1 0 102,107 "14";
15 2 1 96,113 "15";
16 0 0 19,90 "16";
17 1 0 40,84 "17";
18 2 0 8,15 "18";
19 1 1 44,63 "19";
20 2 0 51,105 "20";
21 2 0 38,95 "21";
22 2 0 0,13 "22";
23 0 1 96,114 "23";
24 1 0 47,81 "24";
25 1 1 32,53 "25";
26 2 0 18,83 "26";
27 1 0 8,101 "27";
28 1 0 63,92 "28";
29 0 1 13,32 "29";
30 0 0 20,28 "30";
31 1 0 98,101 "31";
32 2 1 85,113 "32";
33 1 1 37,97 "33";
34 2 0 45,96 "34";
35 0 0 62,78 "35";
36 0 0 52,88 "36";
37 0 1 68,81 "37";
38 0 1 31,94 "38";
39 0 0 9,28 "39";
40 2 0 68,105 "40";
41 2 1 10,86 "41";
42 2 1 71,85 "42";
43 0 0 74,101 "43";
44 0 1 13,93 "44";
45 1 0 71,73 "45";
46 0 1 11,27 "46";
47 1 0 58,96 "47";
48 1 0 33,68 "48";
49 1 1 75,103 "49";
50 1 1 58,102 "50";
51 1 1 57,72 "51";
52 2 1 64,93 "52";
53 0 1 33,48 "53";
54 2 0 26,96 "54";
55 1 1 39,112 "55";
56 1 1 13,16 "56";
57 1 1 75,94 "57";
58 0 0 3,51 "58";
59 2 0 25,68 "59";
60 2 1 55,101 "60";
61 0 1 26,106 "61";
62 0 1 70,71 "62";
63 1 0 48,101 "63";
64 0 1 61,99 "64";
65 0 0 47,85 "65";
66 2 1 52,98 "66";
67 2 1 2,77 "67";
68 0 1 0,45 "68";
69 0 0 55,100 "69";
70 0 1 10,62 "70";
71 0 1 21,77 "71";
72 0 0 60,76 "72";
73 2 1 2,32 "73";
74 0 1 48,106 "74";
75 0 0 20,36 "75";
76 0 1 3,110 "76";
77 1 1 46,59 "77";
78 2 0 62,114 "78";
79 1 1 29,47 "79";
80 0 0 90,92 "80";
81 0 1 30,77 "81";
82 2 1 24,51 "82";
83 0 1 7,47 "83";
84 0 1 26,113 "84";
85 1 0 14,78 "85";
86 1 0 8,28 "86";
87 0 1 67,100 "87";
88 1 0 99,106 "88";
89 2 0 73,106 "89";
90 1 0 40,103 "90";
91 0 1 6,105 "91";
92 1 1 53,72 "92";
93 0 0 5,82 "93";
94 1 0 47,103 "94";
95 0 1 67,101 "95";
96 0 0 4,66 "96";
97 2 1 14,40 "97";
98 0 0 25,59 "98";
99 0 1 2,69 "99";
100 2 1 38,60 "100";
101 2 1 30,109 "101";
102 0 0 59,105 "102";
103 1 1 12,93 "103";
104 1 1 49,64 "104";
105 0 1 32,104 "105";
106 1 1 35,42 "106";
107 0 0 47,92 "107";
108 0 0 12,70 "108";
109 1 0 37,72 "109";
110 0 0 4,74 "110";
111 2 1 50,67 "111";
112 1 0 25,41 "112";
113 2 1 24,38 "113";
114 2 1 70,105 "114";
