parity 194;
0 2 1 84,163 "0";
1 0 0 122,133 "1";
2 0 0 166,192 "2";
3 2 1 40,99 "3";
4 2 1 16,172 "4";
5 1 1 138,193 "5";
6 2 0 98,186 "6";
7 0 0 113,145 "7";
8 1 1 30,105 "8";
9 0 0 6,147 "9";
10 1 1 2,40 "10";
11 1 1 82,132 "11";
12 2 0 86,127 "12";
13 0 1 10,115 "13";
14 2 0 9,101 "14";
15 2 0 22,79 "15";
16 1 0 140,142 "16";
17 0 0 35,126 "17";
18 0 0 45,100 "18";
19 0 1 109,115 "19";
20 0 0 22,129 "20";
21 2 0 89,156 "21";
22 1 1 1,71 "22";
23 1 1 16,51 "23";
24 0 1 176,186 "24";
25 2 0 140,182 "25";
26 2 0 15,70 "26";
27 2 0 74,93 "27";
28 0 0 77,149 "28";
29 2 0 37,68 "29";
30 2 1 96,132 "30";
31 0 1 74,134 "31";
32 1 1 3,158 "32";
33 1 1 93,176 "33";
34 2 0 13,165 "34";
35 1 0 27,153 "35";
36 2 1 37,119 "36";
37 1 1 14,149 "37";
38 1 0 77,90 "38";
39 0 0 15,59 "39";
40 1 0 29,81 "40";
41 0 1 26,114 "41";
42 0 1 43,111 "42";
43 0 0 71,172 "43";
44 2 0 154,177 "44";
45 1 1 116,153 "45";
46 0 1 29,152 "46";
47 1 0 9,27 "47";
48 1 0 50,164 "48";
49 1 0 31,121 "49";
50 0 1 39,143 "50";
51 1 1 1,166 "51";
52 2 0 5,178 "52";
53 0 0 136,169 "53";
54 1 0 144,194 "54";
55 1 1 36,186 "55";
56 0 1 32,101 "56";
57 0 0 74,168 "57";
58 2 1 14,170 "58";
59 2 1 30,111 "59";
60 2 1 42,123 "60";
61 0 0 48,173 "61";
62 1 0 6,98 "62";
63 2 1 29,170 "63";
64 0 1 84,98 "64";
65 2 1 29,91 "65";
66 0 1 86,135 "66";
67 2 1 50,185 "67";
68 1 1 18,71 "68";
69 0 1 68,157 "69";
70 2 1 159,180 "70";
71 1 1 122,133 "71";
72 2 1 65,183 "72";
73 1 1 141,191 "73";
74 1 1 47,89 "74";
75 2 0 9,153 "75";
76 2 1 23,162 "76";
77 1 0 53,181 "77";
78 0 0 89,105 "78";
79 2 0 28,184 "79";
80 2 0 22,97 "80";
81 0 1 155,189 "81";
82 1 0 128,155 "82";
83 0 1 14,18 "83";
84 1 1 29,73 "84";
85 1 1 48,63 "85";
86 0 1 53,136 "86";
87 2 1 98,123 "87";
88 0 1 140,159 "88";
89 1 0 106,184 "89";
90 1 0 176,186 "90";
91 2 0 84,99 "91";
92 1 0 129,150 "92";
93 1 0 31,50 "93";
94 2 1 130,173 "94";
95 2 1 61,147 "95";
96 1 1 3,167 "96";
97 1 1 54,125 "97";
98 0 0 15,50 "98";
99 2 1 109,163 "99";
100 0 1 14,191 "100";
101 1 0 113,138 "101";
102 2 0 29,103 "102";
103 1 0 156,167 "103";
104 1 0 19,130 "104";
105 1 1 59,141 "105";
106 1 0 7,58 "106";
107 0 1 74,117 "107";
108 2 0 4,167 "108";
109 2 1 21,165 "109";
110 1 1 96,117 "110";
111 0 1 113,128 "111";
112 0 0 117,167 "112";
113 0 0 80,104 "113";
114 0 1 88,129 "114";
115 1 1 9,184 "115";
116 2 1 62,176 "116";
117 2 0 65,144 "117";
118 1 0 87,187 "118";
119 0 0 84,183 "119";
120 2 1 82,160 "120";
121 1 0 31,79 "121";
122 2 0 35,190 "122";
123 2 1 131,183 "123";
124 2 1 95,115 "124";
125 2 0 34,89 "125";
126 0 1 111,121 "126";
127 2 0 136,180 "127";
128 2 1 94,179 "128";
129 2 0 60,192 "129";
130 2 0 95,173 "130";
131 0 0 91,117 "131";
132 0 1 129,164 "132";
133 1 0 46,131 "133";
134 2 1 55,185 "134";
135 1 1 156,161 "135";
136 2 0 53,185 "136";
137 2 1 18,32 "137";
138 2 1 65,115 "138";
139 2 1 30,82 "139";
140 1 1 22,182 "140";
141 2 1 47,111 "141";
142 2 0 83,144 "142";
143 2 1 105,168 "143";
144 1 1 2,153 "144";
145 2 0 3,137 "145";
146 1 0 110,152 "146";
147 0 1 10,110 "147";
148 2 1 99,102 "148";
149 0 1 67,194 "149";
150 2 0 74,156 "150";
151 0 0 101,158 "151";
152 1 0 27,136 "152";
153 1 1 19,59 "153";
154 1 0 69,73 "154";
155 2 0 33,43 "155";
156 1 0 158,185 "156";
157 1 1 31,83 "157";
158 1 0 145,159 "158";
159 0 1 120,149 "159";
160 0 1 17,42 "160";
161 0 0 160,167 "161";
162 0 1 120,181 "162";
163 2 1 82,187 "163";
164 2 1 174,190 "164";
165 2 0 0,34 "165";
166 1 0 59,92 "166";
167 0 1 128,171 "167";
168 1 1 17,79 "168";
169 1 0 110,155 "169";
170 2 0 66,74 "170";
171 0 1 49,75 "171";
172 1 0 58,156 "172";
173 2 1 69,187 "173";
174 2 0 134,161 "174";
175 0 1 147,150 "175";
176 2 1 66,112 "176";
177 2 0 81,173 "177";
178 0 0 7,91 "178";
179 2 0 9,93 "179";
180 0 1 45,52 "180";
181 1 0 0,172 "181";
182 0 0 27,187 "182";
183 0 0 37,126 "183";
184 1 1 2,50 "184";
185 1 1 14,33 "185";
186 2 1 116,168 "186";
187 0 1 17,125 "187";
188 1 0 12,82 "188";
189 0 1 186,190 "189";
190 2 0 118,178 "190";
191 0 1 38,140 "191";
192 0 0 83,117 "192";
193 2 1 52,90 "193";
194 1 0 22,105 "194";
