parity 109;
0 2 1 30,33 "0";
1 0 1 7,89 "1";
2 2 0 48,82 "2";
3 1 0 30,66 "3";
4 2 0 47,83 "4";
5 2 0 3,34 "5";
6 0 0 91,97 "6";
7 2 0 9,59 "7";
8 2 0 46,109 "8";
9 2 1 38,70 "9";
10 2 0 16,61 "10";
11 1 0 62,68 "11";
12 1 1 1,3 "12";
13 0 0 4,14 "13";
14 0 1 1,80 "14";
15 1 1 6,101 "15";
16 0 1 27,77 "16";
17 1 1 22,58 "17";
18 1 1 10,48 "18";
19 1 0 13,21 "19";
20 2 0 7,28 "20";
21 2 0 59,77 "21";
22 0 0 12,30 "22";
23 2 1 22,49 "23";
24 1 0 51,66 "24";
25 1 0 14,17 "25";
26 0 0 19,34 "26";
27 2 1 72,103 "27";
28 0 1 69,100 "28";
29 1 1 66,78 "29";
30 0 0 87,93 "30";
31 2 0 32,59 "31";
32 2 0 19,79 "32";
33 1 1 71,109 "33";
34 0 1 20,107 "34";
35 2 1 18,32 "35";
36 0 1 97,102 "36";
37 0 1 49,99 "37";
38 0 0 20,80 "38";
39 1 0 20,40 "39";
40 2 1 27,72 "40";
41 1 0 14,74 "41";
42 1 0 19,108 "42";
43 2 1 25,81 "43";
44 2 1 28,79 "44";
45 1 1 40,76 "45";
46 0 1 54,76 "46";
47 1 1 60,66 "47";
48 0 0 15,97 "48";
49 2 1 65,109 "49";
50 0 1 11,68 "50";
51 2 1 35,37 "51";
52 2 1 97,106 "52";
53 1 0 71,88 "53";
54 0 0 4,41 "54";
55 1 0 33,91 "55";
56 0 1 51,93 "56";
57 1 1 31,90 "57";
58 1 1 69,87 "58";
59 1 0 66,71 "59";
60 0 1 3,40 "60";
61 1 0 47,97 "61";
62 2 0 9,20 "62";
63 0 1 19,28 "63";
64 0 0 8,73 "64";
65 0 1 9,46 "65";
66 0 1 54,82 "66";
67 2 0 20,39 "67";
68 1 0 82,107 "68";
69 1 0 96,109 "69";
70 1 1 74,109 "70";
71 2 0 56,76 "71";
72 0 0 1,45 "72";
73 2 0 47,70 "73";
74 2 0 101,103 "74";
75 1 1 29,71 "75";
76 1 0 8,66 "76";
77 2 1 28,47 "77";
78 2 1 11,92 "78";
79 0 1 11,67 "79";
80 0 0 84,90 "80";
81 2 1 53,104 "81";
82 2 0 4,22 "82";
83 2 0 6,38 "83";
84 1 0 58,69 "84";
85 1 0 3,82 "85";
86 1 1 45,99 "86";
87 2 0 61,71 "87";
88 2 0 43,59 "88";
89 0 0 69,106 "89";
90 1 1 34,66 "90";
91 2 1 61,68 "91";
92 1 0 100,103 "92";
93 1 1 91,95 "93";
94 0 0 40,81 "94";
95 0 0 27,57 "95";
96 1 0 68,79 "96";
97 1 0 12,78 "97";
98 0 1 54,90 "98";
99 0 1 51,101 "99";
100 2 0 36,78 "100";
101 2 0 55,91 "101";
102 1 1 39,52 "102";
103 2 0 11,69 "103";
104 0 1 39,73 "104";
105 2 1 45,80 "105";
106 0 0 69,105 "106";
107 1 0 15,33 "107";
108 0 1 63,64 "108";
109 0 1 33,66 "109";
