parity 104;
0 1 0 1,16 "0";
1 2 0 8,90 "1";
2 1 0 26,40 "2";
3 0 1 59,103 "3";
4 1 1 77,80 "4";
5 0 1 12,63 "5";
6 2 1 3,16 "6";
7 0 1 2,71 "7";
8 1 0 49,56 "8";
9 0 1 17,59 "9";
10 2 1 84,88 "10";
11 1 0 34,77 "11";
12 2 0 56,103 "12";
13 1 0 9,29 "13";
14 1 0 47,101 "14";
15 2 1 41,43 "15";
16 0 1 4,27 "16";
17 1 0 0,59 "17";
18 1 1 32,53 "18";
19 1 1 64,75 "19";
20 1 0 12,89 "20";
21 0 0 22,43 "21";
22 2 1 52,102 "22";
23 0 0 2,103 "23";
24 0 1 7,80 "24";
25 2 1 16,17 "25";
26 2 0 35,52 "26";
27 0 1 41,57 "27";
28 2 0 5,32 "28";
29 0 0 26,35 "29";
30 1 1 52,72 "30";
31 2 0 28,32 "31";
32 1 1 82,83 "32";
33 2 1 37,49 "33";
34 2 1 39,51 "34";
35 1 1 1,73 "35";
36 0 1 46,69 "36";
37 2 0 75,81 "37";
38 1 0 2,34 "38";
39 0 1 52,104 "39";
40 2 0 82,84 "40";
41 0 1 21,50 "41";
42 1 1 74,85 "42";
43 2 0 40,59 "43";
44 0 1 43,61 "44";
45 0 0 27,38 "45";
46 0 1 76,84 "46";
47 2 0 37,100 "47";
48 1 1 44,92 "48";
49 1 1 62,85 "49";
50 2 1 25,96 "50";
51 0 1 16,87 "51";
52 0 0 4,21 "52";
53 0 0 27,81 "53";
54 2 1 11,45 "54";
55 0 0 17,96 "55";
56 0 1 1,74 "56";
57 2 1 47,76 "57";
58 2 0 87,104 "58";
59 0 1 30,85 "59";
60 0 1 1,81 "60";
61 1 1 4,97 "61";
62 2 1 1,28 "62";
63 0 0 4,79 "63";
64 0 0 12,21 "64";
65 2 1 24,68 "65";
66 1 0 84,98 "66";
67 2 0 16,78 "67";
68 0 0 86,104 "68";
69 2 1 13,47 "69";
70 1 1 2,53 "70";
71 2 1 0,68 "71";
72 0 0 43,87 "72";
73 1 1 42,44 "73";
74 0 0 65,78 "74";
75 0 1 3,67 "75";
76 2 0 36,79 "76";
77 2 1 7,98 "77";
78 0 1 26,32 "78";
79 2 1 34,82 "79";
80 2 0 77,90 "80";
81 1 0 55,91 "81";
82 1 1 51,69 "82";
83 2 1 42,94 "83";
84 1 1 39,75 "84";
85 2 1 16,64 "85";
86 1 0 40,104 "86";
87 0 0 32,67 "87";
88 0 0 63,72 "88";
89 1 0 45,69 "89";
90 1 0 73,82 "90";
91 0 0 11,64 "91";
92 0 0 24,65 "92";
93 0 1 14,99 "93";
94 1 1 27,53 "94";
95 2 0 16,82 "95";
96 0 1 41,63 "96";
97 2 1 0,33 "97";
98 0 1 56,100 "98";
99 2 1 75,93 "99";
100 0 0 10,96 "100";
101 2 1 61,99 "101";
102 0 1 73,78 "102";
103 0 0 28,97 "103";
104 2 0 19,49 "104";
