parity 129;
0 1 1 6,18 "0";
1 0 0 92,105 "1";
2 1 1 58,86 "2";
3 0 1 59,66 "3";
4 1 1 7,98 "4";
5 1 1 35,78 "5";
6 1 1 58,76 "6";
7 1 0 27,96 "7";
8 1 0 25,63 "8";
9 0 0 41,63 "9";
10 1 1 2,107 "10";
11 2 1 40,108 "11";
12 0 0 21,117 "12";
13 1 1 24,69 "13";
14 2 1 47,121 "14";
15 2 1 68,106 "15";
16 0 0 79,116 "16";
17 0 0 4,54 "17";
18 2 0 13,73 "18";
19 2 1 59,93 "19";
20 0 1 60,88 "20";
21 0 0 82,93 "21";
22 2 1 26,112 "22";
23 2 0 7,26 "23";
24 1 0 59,96 "24";
25 1 0 50,69 "25";
26 1 1 13,128 "26";
27 0 1 14,43 "27";
28 1 1 35,47 "28";
29 1 0 20,115 "29";
30 2 1 21,129 "30";
31 0 0 12,26 "31";
32 2 0 91,96 "32";
33 1 0 40,105 "33";
34 1 0 61,71 "34";
35 0 0 80,123 "35";
36 0 1 49,65 "36";
37 1 0 10,93 "37";
38 0 1 3,69 "38";
39 2 0 9,77 "39";
40 2 1 18,82 "40";
41 1 0 7,15 "41";
42 0 0 89,112 "42";
43 1 0 58,79 "43";
44 2 1 107,125 "44";
45 0 1 1,17 "45";
46 1 0 17,99 "46";
47 0 1 56,125 "47";
48 0 0 119,122 "48";
49 2 0 61,82 "49";
50 1 0 4,39 "50";
51 1 1 82,96 "51";
52 2 1 31,120 "52";
53 1 1 66,85 "53";
54 2 0 22,48 "54";
55 0 1 38,103 "55";
56 0 1 54,96 "56";
57 2 1 64,115 "57";
58 2 0 45,121 "58";
59 0 1 57,73 "59";
60 0 1 103,117 "60";
61 2 0 54,107 "61";
62 2 1 19,48 "62";
63 1 0 16,117 "63";
64 1 0 75,112 "64";
65 1 1 104,120 "65";
66 2 1 25,112 "66";
67 2 0 51,110 "67";
68 2 0 65,84 "68";
69 0 0 29,33 "69";
70 2 1 39,73 "70";
71 1 1 67,79 "71";
72 2 1 42,89 "72";
73 2 1 99,105 "73";
74 0 0 82,119 "74";
75 1 0 99,105 "75";
76 1 0 61,68 "76";
77 1 0 93,128 "77";
78 2 1 22,52 "78";
79 2 0 57,90 "79";
80 0 1 21,127 "80";
81 0 0 9,38 "81";
82 0 0 16,71 "82";
83 2 1 86,96 "83";
84 0 1 21,74 "84";
85 2 1 41,91 "85";
86 2 1 101,117 "86";
87 2 1 93,100 "87";
88 0 0 13,35 "88";
89 0 0 92,118 "89";
90 0 1 2,4 "90";
91 1 0 64,112 "91";
92 0 0 125,126 "92";
93 1 0 105,110 "93";
94 2 1 78,100 "94";
95 0 1 79,114 "95";
96 0 1 44,74 "96";
97 0 1 36,79 "97";
98 2 1 70,95 "98";
99 2 0 10,102 "99";
100 0 0 15,67 "100";
101 2 1 76,82 "101";
102 1 0 55,109 "102";
103 1 0 74,127 "103";
104 1 0 50,79 "104";
105 0 1 11,71 "105";
106 2 1 24,129 "106";
107 2 0 121,129 "107";
108 0 0 15,119 "108";
109 0 1 42,92 "109";
110 2 0 88,119 "110";
111 0 0 23,78 "111";
112 1 0 31,106 "112";
113 2 0 37,55 "113";
114 1 1 63,78 "114";
115 2 1 31,93 "115";
116 2 1 20,60 "116";
117 2 0 22,64 "117";
118 1 1 23,34 "118";
119 2 0 52,77 "119";
120 2 0 33,41 "120";
121 0 0 94,120 "121";
122 1 1 95,98 "122";
123 1 0 40,71 "123";
124 1 1 31,88 "124";
125 1 1 11,84 "125";
126 2 1 83,127 "126";
127 1 0 25,32 "127";
128 1 1 41,118 "128";
129 0 1 7,94 "129";
