parity 104;
0 1 1 2,90 "0";
1 2 1 29,72 "1";
2 2 0 12,31 "2";
3 0 1 74,97 "3";
4 1 1 67,93 "4";
5 2 0 30,66 "5";
6 0 0 21,57 "6";
7 0 1 3,12 "7";
8 2 0 18,79 "8";
9 2 0 38,50 "9";
10 1 1 45,47 "10";
11 0 1 50,52 "11";
12 2 1 44,60 "12";
13 1 0 50,72 "13";
14 0 0 22,102 "14";
15 2 0 9,27 "15";
16 1 1 48,85 "16";
17 1 1 12,69 "17";
18 0 0 5,58 "18";
19 2 0 55,100 "19";
20 2 0 80,89 "20";
21 1 1 65,90 "21";
22 0 1 1,4 "22";
23 0 1 14,34 "23";
24 1 1 65,96 "24";
25 1 0 2,74 "25";
26 0 1 19,64 "26";
27 2 0 69,97 "27";
28 2 1 23,62 "28";
29 1 0 52,72 "29";
30 2 0 56,88 "30";
31 2 0 49,63 "31";
32 0 1 21,24 "32";
33 1 1 72,100 "33";
34 0 1 42,104 "34";
35 1 1 12,39 "35";
36 0 0 89,103 "36";
37 0 1 23,92 "37";
38 0 1 81,91 "38";
39 0 1 78,96 "39";
40 0 0 18,81 "40";
41 2 0 74,94 "41";
42 1 1 19,48 "42";
43 2 1 9,58 "43";
44 2 0 57,87 "44";
45 2 0 77,87 "45";
46 0 1 94,103 "46";
47 1 1 69,89 "47";
48 1 1 16,53 "48";
49 2 1 5,53 "49";
50 0 1 58,87 "50";
51 2 1 10,71 "51";
52 2 0 43,84 "52";
53 0 1 40,56 "53";
54 2 0 14,20 "54";
55 0 1 43,98 "55";
56 2 0 22,60 "56";
57 1 0 14,69 "57";
58 0 0 8,89 "58";
59 2 1 71,100 "59";
60 2 0 34,61 "60";
61 0 0 60,68 "61";
62 1 0 32,83 "62";
63 0 1 3,71 "63";
64 2 0 24,55 "64";
65 0 1 9,27 "65";
66 0 0 31,104 "66";
67 0 0 20,32 "67";
68 0 0 45,95 "68";
69 1 1 67,79 "69";
70 2 1 31,81 "70";
71 0 1 50,61 "71";
72 1 0 60,93 "72";
73 0 1 62,80 "73";
74 0 0 23,98 "74";
75 1 0 57,103 "75";
76 0 1 5,100 "76";
77 0 1 49,84 "77";
78 1 1 71,93 "78";
79 1 1 29,31 "79";
80 0 0 7,37 "80";
81 2 0 89,92 "81";
82 1 1 57,66 "82";
83 2 0 2,71 "83";
84 2 0 20,31 "84";
85 2 0 22,28 "85";
86 2 0 44,69 "86";
87 0 1 85,98 "87";
88 2 0 3,72 "88";
89 0 0 0,79 "89";
90 0 0 60,66 "90";
91 1 1 34,97 "91";
92 1 0 53,73 "92";
93 0 1 55,69 "93";
94 1 1 47,49 "94";
95 2 1 15,96 "95";
96 0 1 57,99 "96";
97 0 0 36,81 "97";
98 1 0 64,80 "98";
99 1 1 19,69 "99";
100 1 1 47,86 "100";
101 2 0 27,52 "101";
102 2 1 85,92 "102";
103 1 0 27,31 "103";
104 0 1 44,50 "104";
