parity 179;
0 0 1 119,130 "0";
1 0 0 34,66 "1";
2 2 1 26,179 "2";
3 2 1 88,147 "3";
4 0 1 121,160 "4";
5 1 1 25,159 "5";
6 0 0 76,119 "6";
7 2 0 70,142 "7";
8 0 0 7,42 "8";
9 2 1 74,77 "9";
10 1 1 3,49 "10";
11 0 0 65,86 "11";
12 1 1 109,156 "12";
13 0 0 58,63 "13";
14 2 0 7,89 "14";
15 1 0 54,166 "15";
16 0 0 27,159 "16";
17 1 0 63,125 "17";
18 2 0 46,47 "18";
19 2 1 65,157 "19";
20 2 0 45,164 "20";
21 0 0 134,169 "21";
22 2 0 44,56 "22";
23 1 0 93,130 "23";
24 0 1 7,108 "24";
25 2 0 85,153 "25";
26 0 0 19,64 "26";
27 1 1 82,147 "27";
28 2 1 121,179 "28";
29 2 0 96,130 "29";
30 1 1 72,126 "30";
31 1 0 58,129 "31";
32 2 1 113,153 "32";
33 2 1 10,176 "33";
34 0 1 35,150 "34";
35 1 0 19,58 "35";
36 0 1 30,155 "36";
37 0 1 59,148 "37";
38 1 0 15,81 "38";
39 2 1 88,97 "39";
40 2 0 19,67 "40";
41 1 1 12,43 "41";
42 2 0 32,114 "42";
43 0 1 112,133 "43";
44 1 0 11,134 "44";
45 2 0 43,128 "45";
46 0 1 71,177 "46";
47 0 1 145,173 "47";
48 2 1 32,82 "48";
49 1 1 0,128 "49";
50 0 0 7,51 "50";
51 1 1 13,137 "51";
52 0 0 25,84 "52";
53 2 1 10,100 "53";
54 2 1 164,176 "54";
55 0 0 11,179 "55";
56 2 1 50,67 "56";
57 2 0 133,168 "57";
58 0 1 18,30 "58";
59 1 1 91,156 "59";
60 1 0 44,163 "60";
61 0 1 10,150 "61";
62 0 1 0,173 "62";
63 2 0 89,172 "63";
64 0 1 61,129 "64";
65 2 1 61,178 "65";
66 1 0 2,96 "66";
67 1 1 145,162 "67";
68 0 0 47,112 "68";
69 0 1 28,160 "69";
70 2 0 47,75 "70";
71 1 1 42,124 "71";
72 2 1 7,152 "72";
73 2 1 2,146 "73";
74 0 1 24,136 "74";
75 0 1 108,166 "75";
76 1 0 84,110 "76";
77 0 0 38,51 "77";
78 1 1 6,169 "78";
79 2 0 49,148 "79";
80 0 1 125,164 "80";
81 2 1 153,161 "81";
82 0 1 9,48 "82";
83 2 1 22,163 "83";
84 0 0 128,152 "84";
85 1 0 11,172 "85";
86 2 1 53,168 "86";
87 1 1 4,141 "87";
88 0 1 10,48 "88";
89 0 1 33,73 "89";
90 1 0 23,178 "90";
91 0 1 26,97 "91";
92 1 0 125,149 "92";
93 2 1 8,18 "93";
94 1 0 73,134 "94";
95 0 0 5,152 "95";
96 0 0 15,66 "96";
97 1 0 1,65 "97";
98 2 0 20,130 "98";
99 1 1 64,86 "99";
100 1 1 67,126 "100";
101 2 1 76,150 "101";
102 2 0 23,83 "102";
103 1 1 134,143 "103";
104 1 1 28,114 "104";
105 0 0 39,41 "105";
106 0 1 12,52 "106";
107 1 0 77,92 "107";
108 0 0 125,179 "108";
109 2 1 86,92 "109";
110 2 1 36,178 "110";
111 1 0 107,133 "111";
112 2 0 10,162 "112";
113 2 1 65,161 "113";
114 2 1 19,55 "114";
115 0 0 2,37 "115";
116 0 0 75,178 "116";
117 1 0 4,80 "117";
118 2 0 23,93 "118";
119 1 1 11,45 "119";
120 2 1 32,113 "120";
121 2 1 17,101 "121";
122 2 1 105,108 "122";
123 2 0 36,163 "123";
124 2 0 73,146 "124";
125 1 0 98,177 "125";
126 1 0 70,78 "126";
127 0 0 14,167 "127";
128 1 1 60,112 "128";
129 0 1 27,161 "129";
130 2 0 55,157 "130";
131 2 1 2,130 "131";
132 2 1 95,179 "132";
133 0 1 14,30 "133";
134 2 1 0,44 "134";
135 2 1 16,101 "135";
136 2 1 9,155 "136";
137 0 1 19,73 "137";
138 2 1 28,32 "138";
139 1 1 62,75 "139";
140 1 0 91,161 "140";
141 2 0 63,94 "141";
142 0 0 20,139 "142";
143 2 1 82,119 "143";
144 2 0 42,86 "144";
145 1 1 39,160 "145";
146 0 0 71,114 "146";
147 1 0 50,139 "147";
148 2 1 14,28 "148";
149 0 1 113,138 "149";
150 0 1 147,162 "150";
151 1 1 51,62 "151";
152 1 1 86,136 "152";
153 1 0 29,111 "153";
154 0 1 127,146 "154";
155 1 1 101,164 "155";
156 2 0 121,163 "156";
157 1 1 86,87 "157";
158 1 0 17,96 "158";
159 0 1 65,144 "159";
160 1 0 62,176 "160";
161 0 0 131,178 "161";
162 1 0 102,145 "162";
163 1 1 69,174 "163";
164 0 1 54,128 "164";
165 2 0 32,127 "165";
166 0 1 6,20 "166";
167 1 1 20,42 "167";
168 0 1 10,113 "168";
169 1 0 86,162 "169";
170 2 0 19,159 "170";
171 2 0 10,35 "171";
172 2 1 18,60 "172";
173 0 1 75,165 "173";
174 1 1 98,107 "174";
175 2 1 32,146 "175";
176 2 1 112,115 "176";
177 2 1 39,54 "177";
178 0 0 59,91 "178";
179 2 1 85,112 "179";
