parity 154;
0 1 0 2,120 "0";
1 1 1 65,150 "1";
2 2 0 127,141 "2";
3 1 1 70,110 "3";
4 2 1 10,139 "4";
5 2 0 48,153 "5";
6 2 1 64,123 "6";
7 2 1 125,148 "7";
8 0 1 126,139 "8";
9 2 1 14,78 "9";
10 0 1 7,148 "10";
11 2 1 107,118 "11";
12 2 0 99,129 "12";
13 0 0 67,112 "13";
14 2 0 17,39 "14";
15 0 1 100,113 "15";
16 1 0 41,98 "16";
17 2 0 43,76 "17";
18 0 1 15,93 "18";
19 2 1 101,141 "19";
20 2 1 71,115 "20";
21 1 1 107,142 "21";
22 1 1 64,150 "22";
23 2 0 106,120 "23";
24 1 0 62,71 "24";
25 2 0 117,154 "25";
26 2 0 41,119 "26";
27 1 1 28,71 "27";
28 1 1 74,128 "28";
29 0 0 134,147 "29";
30 1 0 56,64 "30";
31 2 1 49,137 "31";
32 1 1 80,84 "32";
33 0 1 0,76 "33";
34 2 0 6,15 "34";
35 2 0 42,124 "35";
36 0 1 10,116 "36";
37 2 0 100,154 "37";
38 0 0 26,44 "38";
39 1 1 136,149 "39";
40 1 0 79,153 "40";
41 2 1 9,115 "41";
42 2 1 9,60 "42";
43 0 1 17,125 "43";
44 0 1 26,62 "44";
45 2 1 108,151 "45";
46 0 0 23,121 "46";
47 2 0 96,125 "47";
48 0 1 44,97 "48";
49 2 1 12,75 "49";
50 0 1 109,145 "50";
51 0 1 106,142 "51";
52 0 1 73,96 "52";
53 1 1 0,77 "53";
54 2 1 4,49 "54";
55 2 0 100,113 "55";
56 0 0 40,140 "56";
57 1 0 36,43 "57";
58 1 0 63,66 "58";
59 0 0 92,121 "59";
60 2 1 16,78 "60";
61 2 0 31,103 "61";
62 1 0 32,92 "62";
63 1 0 109,119 "63";
64 2 0 99,153 "64";
65 0 1 76,91 "65";
66 0 0 60,113 "66";
67 0 1 27,73 "67";
68 1 0 10,59 "68";
69 1 0 77,119 "69";
70 0 0 0,53 "70";
71 0 0 20,42 "71";
72 1 0 8,28 "72";
73 2 0 53,125 "73";
74 0 0 94,104 "74";
75 2 1 10,116 "75";
76 2 0 21,129 "76";
77 1 0 29,133 "77";
78 0 1 34,124 "78";
79 1 1 48,135 "79";
80 0 0 96,148 "80";
81 0 1 19,51 "81";
82 1 0 21,63 "82";
83 2 1 37,53 "83";
84 1 1 22,138 "84";
85 1 0 118,152 "85";
86 0 1 4,107 "86";
87 1 0 82,147 "87";
88 0 0 56,154 "88";
89 2 0 22,134 "89";
90 0 1 26,53 "90";
91 1 0 10,112 "91";
92 1 0 54,106 "92";
93 1 1 52,145 "93";
94 1 1 1,30 "94";
95 0 0 1,127 "95";
96 0 1 83,114 "96";
97 2 1 51,67 "97";
98 2 1 33,121 "98";
99 2 1 51,105 "99";
100 2 1 23,44 "100";
101 2 1 24,26 "101";
102 1 0 46,131 "102";
103 1 1 56,149 "103";
104 0 1 66,111 "104";
105 0 0 68,69 "105";
106 0 0 16,135 "106";
107 2 0 73,127 "107";
108 2 0 33,74 "108";
109 2 0 57,118 "109";
110 0 0 53,66 "110";
111 2 0 35,92 "111";
112 0 0 122,131 "112";
113 1 0 96,102 "113";
114 1 0 35,66 "114";
115 1 1 102,120 "115";
116 1 0 34,135 "116";
117 0 1 15,57 "117";
118 1 0 61,132 "118";
119 0 1 130,135 "119";
120 0 1 87,126 "120";
121 2 1 18,129 "121";
122 0 0 72,127 "122";
123 0 1 32,118 "123";
124 1 1 65,99 "124";
125 2 0 45,49 "125";
126 0 1 73,150 "126";
127 0 0 43,116 "127";
128 2 1 0,24 "128";
129 2 1 94,125 "129";
130 1 0 91,132 "130";
131 0 0 45,137 "131";
132 1 0 102,154 "132";
133 0 1 23,113 "133";
134 2 0 32,151 "134";
135 0 0 69,104 "135";
136 2 1 34,138 "136";
137 2 0 58,119 "137";
138 1 0 41,43 "138";
139 2 0 127,136 "139";
140 2 0 26,127 "140";
141 1 0 39,81 "141";
142 0 1 16,134 "142";
143 2 1 7,45 "143";
144 0 0 0,115 "144";
145 0 0 6,32 "145";
146 0 1 122,132 "146";
147 1 0 111,120 "147";
148 1 1 34,128 "148";
149 0 1 10,23 "149";
150 2 1 32,86 "150";
151 1 0 41,58 "151";
152 2 0 48,50 "152";
153 0 0 71,138 "153";
154 0 1 4,135 "154";
