parity 139;
0 0 1 75,134 "0";
1 2 1 19,20 "1";
2 2 0 26,43 "2";
3 0 0 11,49 "3";
4 0 0 13,48 "4";
5 0 1 19,48 "5";
6 1 0 5,70 "6";
7 0 1 125,134 "7";
8 0 1 106,127 "8";
9 2 0 28,29 "9";
10 2 0 40,78 "10";
11 0 1 41,64 "11";
12 2 1 5,25 "12";
13 2 0 40,123 "13";
14 2 1 35,55 "14";
15 2 1 40,114 "15";
16 2 0 107,116 "16";
17 1 0 12,27 "17";
18 1 0 11,71 "18";
19 2 0 16,130 "19";
20 2 0 4,82 "20";
21 1 1 13,24 "21";
22 2 1 8,125 "22";
23 2 1 49,127 "23";
24 1 1 105,130 "24";
25 0 1 42,52 "25";
26 0 1 44,65 "26";
27 0 1 129,138 "27";
28 0 0 57,137 "28";
29 2 0 102,138 "29";
30 2 0 60,116 "30";
31 1 0 3,84 "31";
32 1 0 77,135 "32";
33 2 1 8,138 "33";
34 1 0 82,126 "34";
35 2 1 89,113 "35";
36 0 1 91,131 "36";
37 1 0 7,105 "37";
38 2 1 13,44 "38";
39 0 0 25,106 "39";
40 2 0 100,123 "40";
41 0 1 58,66 "41";
42 2 1 113,115 "42";
43 1 1 62,114 "43";
44 1 0 10,62 "44";
45 0 1 91,112 "45";
46 1 0 26,116 "46";
47 2 1 8,50 "47";
48 0 1 1,33 "48";
49 0 0 105,127 "49";
50 2 0 35,89 "50";
51 2 0 72,87 "51";
52 0 1 9,92 "52";
53 1 1 0,123 "53";
54 2 0 94,114 "54";
55 2 1 26,124 "55";
56 2 0 39,60 "56";
57 2 1 7,83 "57";
58 2 1 57,77 "58";
59 1 0 1,90 "59";
60 2 1 49,101 "60";
61 0 0 19,74 "61";
62 2 1 11,116 "62";
63 1 0 66,119 "63";
64 2 0 33,80 "64";
65 1 1 31,64 "65";
66 2 0 27,77 "66";
67 0 1 22,133 "67";
68 2 0 43,58 "68";
69 1 0 19,124 "69";
70 1 0 34,129 "70";
71 1 0 12,84 "71";
72 0 1 16,47 "72";
73 1 0 53,55 "73";
74 0 1 42,108 "74";
75 2 0 59,119 "75";
76 2 1 16,73 "76";
77 1 0 39,51 "77";
78 0 1 9,84 "78";
79 2 1 102,113 "79";
80 0 0 109,112 "80";
81 2 1 24,115 "81";
82 1 0 48,56 "82";
83 0 0 97,133 "83";
84 2 1 8,137 "84";
85 1 0 25,134 "85";
86 1 0 25,89 "86";
87 0 0 88,118 "87";
88 0 0 95,103 "88";
89 2 1 22,122 "89";
90 0 0 1,95 "90";
91 1 1 33,106 "91";
92 2 0 0,82 "92";
93 2 0 134,137 "93";
94 2 0 61,80 "94";
95 1 1 75,139 "95";
96 1 1 17,120 "96";
97 1 0 2,3 "97";
98 2 0 1,80 "98";
99 0 1 110,134 "99";
100 2 0 37,105 "100";
101 0 1 76,123 "101";
102 2 1 58,123 "102";
103 0 0 22,58 "103";
104 2 1 18,122 "104";
105 1 1 73,114 "105";
106 1 0 36,113 "106";
107 0 1 101,119 "107";
108 2 1 60,100 "108";
109 2 0 18,27 "109";
110 1 1 22,92 "110";
111 2 1 37,78 "111";
112 0 1 49,50 "112";
113 1 0 87,122 "113";
114 0 0 29,123 "114";
115 1 1 17,65 "115";
116 0 0 4,96 "116";
117 2 1 32,94 "117";
118 0 0 32,116 "118";
119 1 1 29,51 "119";
120 1 1 47,114 "120";
121 2 1 4,130 "121";
122 2 0 101,111 "122";
123 2 0 76,82 "123";
124 1 0 97,135 "124";
125 1 1 19,54 "125";
126 2 0 1,60 "126";
127 1 0 12,120 "127";
128 1 0 52,66 "128";
129 0 1 86,109 "129";
130 2 0 24,138 "130";
131 0 0 13,67 "131";
132 2 0 38,130 "132";
133 1 1 10,114 "133";
134 2 1 123,135 "134";
135 1 0 64,66 "135";
136 0 1 8,52 "136";
137 0 0 72,81 "137";
138 2 1 19,118 "138";
139 1 1 75,93 "139";
