parity 154;
0 2 1 57,71 "0";
1 0 0 12,128 "1";
2 0 0 23,28 "2";
3 2 0 12,18 "3";
4 1 0 19,149 "4";
5 2 0 18,51 "5";
6 0 0 18,41 "6";
7 0 1 59,128 "7";
8 1 1 45,113 "8";
9 0 1 76,141 "9";
10 2 1 2,51 "10";
11 1 0 9,101 "11";
12 1 1 13,63 "12";
13 2 0 17,97 "13";
14 0 1 131,151 "14";
15 2 1 70,93 "15";
16 2 0 75,100 "16";
17 1 0 53,67 "17";
18 0 1 54,125 "18";
19 1 0 6,144 "19";
20 1 0 22,143 "20";
21 1 0 30,122 "21";
22 1 1 84,140 "22";
23 2 1 13,111 "23";
24 0 1 70,142 "24";
25 2 1 92,113 "25";
26 1 1 76,92 "26";
27 1 0 66,109 "27";
28 0 1 127,145 "28";
29 0 0 80,154 "29";
30 1 0 122,131 "30";
31 1 0 100,112 "31";
32 2 1 105,125 "32";
33 1 1 73,128 "33";
34 1 0 3,90 "34";
35 1 0 4,85 "35";
36 0 0 47,61 "36";
37 2 1 131,138 "37";
38 0 1 91,126 "38";
39 2 1 46,101 "39";
40 1 1 14,67 "40";
41 1 1 22,150 "41";
42 2 1 36,147 "42";
43 0 1 17,28 "43";
44 2 0 122,154 "44";
45 0 0 38,74 "45";
46 2 0 3,6 "46";
47 1 0 82,137 "47";
48 1 1 60,110 "48";
49 2 0 67,153 "49";
50 0 0 13,94 "50";
51 1 0 22,27 "51";
52 2 0 109,153 "52";
53 1 1 54,65 "53";
54 1 0 77,99 "54";
55 1 0 1,74 "55";
56 0 0 17,132 "56";
57 1 1 31,45 "57";
58 2 1 118,127 "58";
59 2 1 38,99 "59";
60 0 0 18,97 "60";
61 2 0 21,35 "61";
62 1 0 39,61 "62";
63 2 0 132,139 "63";
64 0 1 27,117 "64";
65 2 1 25,51 "65";
66 0 1 19,79 "66";
67 2 0 49,102 "67";
68 0 1 27,62 "68";
69 0 0 110,141 "69";
70 1 0 59,91 "70";
71 0 1 62,122 "71";
72 2 0 71,100 "72";
73 2 0 89,149 "73";
74 0 1 18,40 "74";
75 1 1 101,104 "75";
76 2 0 138,141 "76";
77 0 1 82,135 "77";
78 1 1 18,27 "78";
79 1 1 21,140 "79";
80 0 1 29,64 "80";
81 2 0 33,97 "81";
82 0 0 40,65 "82";
83 1 0 78,131 "83";
84 1 0 33,51 "84";
85 1 0 22,115 "85";
86 2 0 132,151 "86";
87 2 0 109,124 "87";
88 2 1 81,89 "88";
89 0 0 11,84 "89";
90 1 0 54,65 "90";
91 2 1 85,109 "91";
92 0 0 91,149 "92";
93 2 1 9,32 "93";
94 2 1 65,103 "94";
95 2 0 61,98 "95";
96 2 0 31,115 "96";
97 1 1 21,108 "97";
98 1 1 103,129 "98";
99 0 0 42,114 "99";
100 1 0 16,150 "100";
101 2 1 86,114 "101";
102 0 1 52,85 "102";
103 1 0 64,135 "103";
104 1 1 120,138 "104";
105 1 0 16,145 "105";
106 1 1 13,70 "106";
107 0 0 8,108 "107";
108 2 0 7,106 "108";
109 2 1 93,103 "109";
110 0 0 61,79 "110";
111 0 1 56,101 "111";
112 0 1 91,102 "112";
113 2 0 5,9 "113";
114 0 1 9,142 "114";
115 1 0 12,16 "115";
116 2 0 12,142 "116";
117 0 1 57,70 "117";
118 1 1 109,115 "118";
119 2 1 49,54 "119";
120 0 0 47,127 "120";
121 0 0 29,40 "121";
122 1 1 112,118 "122";
123 2 1 55,85 "123";
124 1 0 0,56 "124";
125 1 0 49,131 "125";
126 2 1 65,139 "126";
127 2 0 26,111 "127";
128 0 0 33,147 "128";
129 2 1 11,45 "129";
130 0 0 1,140 "130";
131 1 0 32,86 "131";
132 2 1 30,97 "132";
133 0 1 5,124 "133";
134 2 0 76,152 "134";
135 1 1 17,100 "135";
136 2 0 66,110 "136";
137 0 1 5,95 "137";
138 0 1 58,92 "138";
139 1 0 60,93 "139";
140 1 0 0,98 "140";
141 2 1 2,94 "141";
142 1 0 77,122 "142";
143 0 1 2,125 "143";
144 2 1 22,97 "144";
145 1 0 72,152 "145";
146 0 1 35,71 "146";
147 0 0 6,99 "147";
148 0 0 126,140 "148";
149 0 1 8,61 "149";
150 2 0 28,115 "150";
151 0 0 30,121 "151";
152 0 0 35,73 "152";
153 1 1 22,45 "153";
154 2 0 46,62 "154";
