parity 154;
0 0 0 40,98 "0";
1 2 1 12,146 "1";
2 0 0 88,135 "2";
3 2 0 12,26 "3";
4 0 1 66,137 "4";
5 0 0 91,98 "5";
6 2 0 43,69 "6";
7 2 0 39,89 "7";
8 0 0 35,83 "8";
9 1 1 102,139 "9";
10 1 0 12,29 "10";
11 0 0 136,139 "11";
12 1 0 7,149 "12";
13 2 1 68,97 "13";
14 1 1 62,94 "14";
15 0 0 50,131 "15";
16 1 1 75,119 "16";
17 2 1 19,28 "17";
18 0 1 19,136 "18";
19 0 0 59,67 "19";
20 0 1 44,100 "20";
21 0 0 4,78 "21";
22 0 1 74,147 "22";
23 2 1 12,104 "23";
24 1 0 21,87 "24";
25 1 0 87,148 "25";
26 2 0 71,94 "26";
27 0 0 97,123 "27";
28 2 1 36,94 "28";
29 1 1 15,85 "29";
30 1 1 104,152 "30";
31 1 1 27,38 "31";
32 1 0 147,148 "32";
33 0 1 87,90 "33";
34 0 1 41,56 "34";
35 1 1 37,100 "35";
36 1 1 37,123 "36";
37 0 1 64,66 "37";
38 2 1 51,95 "38";
39 2 0 58,101 "39";
40 2 1 74,122 "40";
41 1 1 31,132 "41";
42 2 1 48,150 "42";
43 2 1 57,65 "43";
44 2 1 28,119 "44";
45 1 1 76,141 "45";
46 0 0 3,100 "46";
47 1 1 103,128 "47";
48 0 0 112,124 "48";
49 0 1 3,115 "49";
50 0 1 86,90 "50";
51 2 0 85,124 "51";
52 2 0 61,131 "52";
53 0 0 58,83 "53";
54 2 1 25,36 "54";
55 2 1 80,122 "55";
56 2 0 10,75 "56";
57 2 1 62,108 "57";
58 2 0 9,110 "58";
59 0 0 34,130 "59";
60 0 1 82,150 "60";
61 0 1 81,102 "61";
62 2 0 4,28 "62";
63 2 0 18,133 "63";
64 0 1 12,99 "64";
65 0 0 135,150 "65";
66 0 1 48,146 "66";
67 2 0 40,92 "67";
68 1 1 7,25 "68";
69 2 0 67,78 "69";
70 0 0 73,83 "70";
71 2 1 62,66 "71";
72 0 0 92,136 "72";
73 1 1 106,135 "73";
74 2 0 18,116 "74";
75 2 0 15,91 "75";
76 2 1 77,123 "76";
77 1 1 105,112 "77";
78 2 1 7,116 "78";
79 0 0 82,131 "79";
80 1 0 34,96 "80";
81 0 0 46,99 "81";
82 0 0 123,139 "82";
83 2 1 132,142 "83";
84 0 1 53,96 "84";
85 0 1 42,68 "85";
86 2 1 49,139 "86";
87 1 0 58,119 "87";
88 2 0 95,127 "88";
89 0 1 75,84 "89";
90 2 1 29,146 "90";
91 0 1 24,99 "91";
92 0 0 30,82 "92";
93 0 0 62,87 "93";
94 0 0 25,105 "94";
95 0 1 106,126 "95";
96 2 0 33,104 "96";
97 1 1 9,147 "97";
98 0 0 84,89 "98";
99 1 1 3,68 "99";
100 2 0 88,110 "100";
101 1 0 0,50 "101";
102 0 1 34,137 "102";
103 1 0 2,74 "103";
104 1 1 17,93 "104";
105 0 0 27,108 "105";
106 2 1 40,57 "106";
107 0 1 44,83 "107";
108 0 1 43,85 "108";
109 1 0 26,65 "109";
110 1 1 31,100 "110";
111 2 0 22,72 "111";
112 2 0 52,147 "112";
113 0 1 26,132 "113";
114 1 1 64,94 "114";
115 0 0 13,18 "115";
116 1 0 47,53 "116";
117 1 1 128,153 "117";
118 1 1 70,144 "118";
119 2 0 20,29 "119";
120 0 0 90,116 "120";
121 0 0 28,135 "121";
122 1 0 118,127 "122";
123 1 1 88,120 "123";
124 1 1 15,37 "124";
125 0 1 31,122 "125";
126 2 0 133,136 "126";
127 1 1 32,81 "127";
128 1 0 101,124 "128";
129 0 0 75,95 "129";
130 2 0 29,147 "130";
131 0 1 29,58 "131";
132 0 1 49,115 "132";
133 2 1 101,152 "133";
134 2 0 67,94 "134";
135 0 1 90,120 "135";
136 2 1 31,152 "136";
137 1 1 97,120 "137";
138 0 1 44,130 "138";
139 0 1 7,117 "139";
140 2 1 34,127 "140";
141 2 1 13,112 "141";
142 1 1 80,89 "142";
143 0 0 16,148 "143";
144 0 1 41,109 "144";
145 2 0 29,120 "145";
146 2 1 114,154 "146";
147 2 1 10,44 "147";
148 2 1 24,44 "148";
149 2 0 96,123 "149";
150 0 1 51,87 "150";
151 1 0 59,154 "151";
152 0 1 8,12 "152";
153 1 1 28,68 "153";
154 0 1 2,149 "154";
