parity 129;
0 0 0 7,123 "0";
1 2 1 36,40 "1";
2 1 0 63,119 "2";
3 1 1 20,87 "3";
4 2 0 86,89 "4";
5 1 1 60,89 "5";
6 2 0 46,67 "6";
7 2 0 26,127 "7";
8 0 1 13,66 "8";
9 1 0 87,113 "9";
10 1 1 58,78 "10";
11 2 1 47,54 "11";
12 2 0 81,124 "12";
13 0 1 15,45 "13";
14 2 1 32,52 "14";
15 1 0 67,72 "15";
16 1 1 17,128 "16";
17 2 0 33,113 "17";
18 0 0 72,121 "18";
19 1 1 108,117 "19";
20 0 1 8,9 "20";
21 0 1 14,102 "21";
22 1 1 2,52 "22";
23 0 1 76,114 "23";
24 2 0 61,87 "24";
25 2 0 18,46 "25";
26 1 0 79,92 "26";
27 1 1 90,118 "27";
28 2 0 87,115 "28";
29 0 0 67,124 "29";
30 2 0 31,41 "30";
31 1 1 41,54 "31";
32 2 1 15,106 "32";
33 0 1 11,121 "33";
34 2 0 58,72 "34";
35 0 0 6,81 "35";
36 2 1 5,50 "36";
37 2 0 17,120 "37";
38 1 1 3,107 "38";
39 0 1 32,106 "39";
40 2 0 108,125 "40";
41 1 1 36,47 "41";
42 0 1 26,59 "42";
43 0 1 122,128 "43";
44 1 0 110,118 "44";
45 1 0 103,110 "45";
46 0 1 44,60 "46";
47 2 0 50,86 "47";
48 1 1 16,77 "48";
49 2 0 1,33 "49";
50 1 1 86,99 "50";
51 1 0 33,105 "51";
52 2 1 16,91 "52";
53 0 1 26,108 "53";
54 1 1 56,70 "54";
55 2 1 20,109 "55";
56 0 1 65,73 "56";
57 0 0 58,93 "57";
58 2 1 47,102 "58";
59 0 1 42,51 "59";
60 2 0 56,65 "60";
61 0 1 44,66 "61";
62 0 1 25,40 "62";
63 1 0 18,114 "63";
64 1 1 25,78 "64";
65 0 1 59,120 "65";
66 2 1 37,85 "66";
67 0 1 75,117 "67";
68 2 1 49,118 "68";
69 2 1 85,116 "69";
70 1 0 87,120 "70";
71 1 0 65,117 "71";
72 1 0 102,106 "72";
73 0 0 97,115 "73";
74 1 0 67,85 "74";
75 1 1 11,42 "75";
76 2 1 77,116 "76";
77 1 0 20,41 "77";
78 2 0 9,93 "78";
79 0 0 85,94 "79";
80 1 0 1,40 "80";
81 1 1 14,32 "81";
82 0 0 102,126 "82";
83 0 0 13,98 "83";
84 2 1 45,124 "84";
85 1 0 0,32 "85";
86 1 0 12,108 "86";
87 2 0 91,109 "87";
88 1 1 16,20 "88";
89 0 1 21,60 "89";
90 1 0 1,122 "90";
91 1 1 39,55 "91";
92 0 1 9,37 "92";
93 1 0 58,81 "93";
94 1 0 32,52 "94";
95 2 0 15,46 "95";
96 0 1 23,50 "96";
97 1 1 45,67 "97";
98 1 1 38,128 "98";
99 0 1 72,75 "99";
100 0 1 17,112 "100";
101 1 1 15,47 "101";
102 1 0 88,129 "102";
103 1 1 54,62 "103";
104 1 0 25,120 "104";
105 2 0 39,106 "105";
106 0 0 32,45 "106";
107 0 1 5,39 "107";
108 2 1 29,66 "108";
109 1 1 29,60 "109";
110 2 1 72,100 "110";
111 1 1 21,45 "111";
112 2 1 5,91 "112";
113 1 0 90,94 "113";
114 2 0 57,84 "114";
115 2 1 19,57 "115";
116 1 1 41,49 "116";
117 2 1 76,129 "117";
118 0 1 43,108 "118";
119 2 0 5,28 "119";
120 2 0 89,117 "120";
121 1 0 27,44 "121";
122 0 1 62,88 "122";
123 1 1 60,90 "123";
124 1 1 15,73 "124";
125 0 1 88,103 "125";
126 0 1 100,109 "126";
127 0 0 91,128 "127";
128 1 1 35,50 "128";
129 2 0 72,104 "129";
