parity 119;
0 2 0 16,78 "0";
1 1 0 12,28 "1";
2 0 0 54,109 "2";
3 0 1 18,117 "3";
4 0 0 102,108 "4";
5 2 1 32,113 "5";
6 2 0 41,65 "6";
7 2 0 9,75 "7";
8 1 0 75,119 "8";
9 2 1 18,29 "9";
10 1 1 27,75 "10";
11 1 1 38,71 "11";
12 0 0 75,82 "12";
13 2 0 5,66 "13";
14 2 0 25,93 "14";
15 1 1 0,18 "15";
16 0 1 102,108 "16";
17 0 1 9,81 "17";
18 0 0 76,92 "18";
19 2 0 4,65 "19";
20 2 0 54,100 "20";
21 1 1 43,62 "21";
22 2 1 18,56 "22";
23 0 1 38,85 "23";
24 0 0 23,42 "24";
25 2 0 39,73 "25";
26 2 0 38,102 "26";
27 0 1 49,61 "27";
28 1 1 3,101 "28";
29 1 1 9,72 "29";
30 0 1 47,98 "30";
31 2 0 6,116 "31";
32 2 1 82,104 "32";
33 0 1 103,115 "33";
34 2 0 4,90 "34";
35 2 1 96,107 "35";
36 2 0 18,45 "36";
37 0 0 66,98 "37";
38 0 0 27,33 "38";
39 2 0 76,87 "39";
40 0 1 13,32 "40";
41 1 0 33,48 "41";
42 2 0 2,51 "42";
43 2 1 28,51 "43";
44 0 1 22,91 "44";
45 2 1 25,49 "45";
46 1 0 10,79 "46";
47 0 1 11,66 "47";
48 1 1 80,102 "48";
49 2 0 71,85 "49";
50 0 0 54,58 "50";
51 2 0 31,41 "51";
52 1 0 71,114 "52";
53 1 0 36,64 "53";
54 0 1 110,118 "54";
55 0 0 58,96 "55";
56 2 1 32,102 "56";
57 0 0 24,42 "57";
58 0 1 18,50 "58";
59 2 1 20,33 "59";
60 2 1 0,83 "60";
61 1 0 17,115 "61";
62 2 0 3,74 "62";
63 1 1 9,21 "63";
64 0 0 108,115 "64";
65 2 1 23,56 "65";
66 0 1 5,98 "66";
67 1 0 1,5 "67";
68 1 0 46,53 "68";
69 1 1 11,30 "69";
70 0 0 9,37 "70";
71 0 0 20,113 "71";
72 0 0 2,117 "72";
73 0 1 77,106 "73";
74 1 1 25,73 "74";
75 1 1 6,39 "75";
76 1 0 16,62 "76";
77 1 1 44,91 "77";
78 2 0 107,118 "78";
79 1 0 18,35 "79";
80 2 1 54,91 "80";
81 2 0 49,80 "81";
82 0 1 26,37 "82";
83 1 1 45,47 "83";
84 2 1 35,67 "84";
85 2 1 1,94 "85";
86 2 1 7,99 "86";
87 1 1 24,107 "87";
88 2 1 67,119 "88";
89 0 0 26,46 "89";
90 2 0 42,70 "90";
91 0 1 55,97 "91";
92 1 1 26,59 "92";
93 0 1 14,24 "93";
94 0 0 114,118 "94";
95 1 0 92,96 "95";
96 0 0 16,85 "96";
97 0 0 74,75 "97";
98 1 1 28,53 "98";
99 1 0 13,40 "99";
100 1 1 43,47 "100";
101 0 0 47,70 "101";
102 2 1 21,53 "102";
103 1 1 14,97 "103";
104 0 1 16,54 "104";
105 2 1 36,109 "105";
106 0 1 20,49 "106";
107 2 1 85,100 "107";
108 1 1 8,111 "108";
109 2 1 32,36 "109";
110 1 1 21,32 "110";
111 2 1 34,76 "111";
112 1 0 74,96 "112";
113 0 0 4,101 "113";
114 1 1 5,84 "114";
115 2 1 52,89 "115";
116 1 0 57,89 "116";
117 1 1 68,98 "117";
118 0 0 20,44 "118";
119 2 1 99,109 "119";
