parity 149;
0 1 1 75,104 "0";
1 2 1 2,43 "1";
2 2 1 27,31 "2";
3 2 1 94,130 "3";
4 0 0 18,121 "4";
5 1 0 28,85 "5";
6 0 1 50,84 "6";
7 0 1 29,86 "7";
8 1 1 63,103 "8";
9 1 0 10,13 "9";
10 1 1 99,124 "10";
11 1 0 38,77 "11";
12 2 1 2,100 "12";
13 0 1 58,95 "13";
14 1 0 7,19 "14";
15 1 1 78,128 "15";
16 2 0 78,130 "16";
17 2 0 100,111 "17";
18 0 1 109,136 "18";
19 1 0 47,54 "19";
20 0 1 129,138 "20";
21 1 1 52,90 "21";
22 0 1 2,18 "22";
23 0 0 89,103 "23";
24 2 1 116,119 "24";
25 0 0 1,12 "25";
26 0 1 68,116 "26";
27 2 1 17,74 "27";
28 1 1 96,113 "28";
29 0 0 75,138 "29";
30 0 1 114,146 "30";
31 1 0 101,131 "31";
32 2 1 103,120 "32";
33 2 0 90,137 "33";
34 0 1 0,96 "34";
35 1 1 45,107 "35";
36 0 1 108,136 "36";
37 0 0 4,19 "37";
38 0 1 120,127 "38";
39 2 0 51,100 "39";
40 1 0 20,22 "40";
41 1 0 110,141 "41";
42 1 1 68,87 "42";
43 0 1 123,145 "43";
44 2 1 18,114 "44";
45 0 1 2,85 "45";
46 0 1 80,128 "46";
47 0 0 48,100 "47";
48 2 1 101,105 "48";
49 2 1 67,124 "49";
50 0 0 63,90 "50";
51 0 0 56,88 "51";
52 2 0 100,142 "52";
53 0 1 42,68 "53";
54 0 0 26,45 "54";
55 1 1 93,130 "55";
56 0 1 51,92 "56";
57 2 0 65,95 "57";
58 1 0 1,49 "58";
59 1 1 128,147 "59";
60 1 1 51,112 "60";
61 1 0 44,144 "61";
62 0 0 58,82 "62";
63 1 0 37,115 "63";
64 1 0 115,122 "64";
65 1 1 5,7 "65";
66 0 1 144,145 "66";
67 2 1 65,136 "67";
68 1 0 86,146 "68";
69 1 1 76,116 "69";
70 1 1 3,119 "70";
71 1 0 68,76 "71";
72 0 1 100,139 "72";
73 1 0 51,125 "73";
74 1 0 36,124 "74";
75 2 0 87,143 "75";
76 1 0 86,110 "76";
77 2 1 69,111 "77";
78 0 0 6,38 "78";
79 1 1 129,149 "79";
80 1 1 54,104 "80";
81 2 0 7,138 "81";
82 2 0 5,127 "82";
83 2 0 43,100 "83";
84 1 1 0,82 "84";
85 0 1 54,135 "85";
86 1 0 47,50 "86";
87 0 1 48,52 "87";
88 0 0 63,148 "88";
89 1 0 25,81 "89";
90 0 0 105,149 "90";
91 2 1 58,88 "91";
92 1 1 28,57 "92";
93 1 0 34,57 "93";
94 0 0 13,126 "94";
95 0 1 41,108 "95";
96 1 0 93,112 "96";
97 1 1 104,107 "97";
98 1 1 45,77 "98";
99 1 0 20,134 "99";
100 0 1 56,116 "100";
101 1 0 40,56 "101";
102 1 1 81,134 "102";
103 0 0 111,113 "103";
104 2 0 53,128 "104";
105 0 0 100,135 "105";
106 2 1 24,104 "106";
107 0 0 17,59 "107";
108 1 1 100,140 "108";
109 1 0 139,143 "109";
110 1 1 111,147 "110";
111 1 0 8,17 "111";
112 2 0 95,121 "112";
113 1 0 19,144 "113";
114 0 0 53,64 "114";
115 1 0 81,148 "115";
116 1 0 64,132 "116";
117 2 1 40,72 "117";
118 2 1 88,128 "118";
119 2 1 1,10 "119";
120 1 1 27,145 "120";
121 1 1 25,145 "121";
122 1 0 24,76 "122";
123 2 0 18,119 "123";
124 0 0 120,146 "124";
125 1 1 16,130 "125";
126 2 1 25,68 "126";
127 1 1 107,147 "127";
128 2 1 41,68 "128";
129 2 1 52,59 "129";
130 2 1 5,53 "130";
131 2 1 75,104 "131";
132 0 0 4,15 "132";
133 1 1 21,82 "133";
134 0 1 11,109 "134";
135 2 0 24,51 "135";
136 0 0 20,23 "136";
137 2 0 51,81 "137";
138 2 1 18,112 "138";
139 0 0 76,101 "139";
140 2 0 37,119 "140";
141 1 1 55,134 "141";
142 1 1 25,98 "142";
143 1 0 65,71 "143";
144 0 0 33,40 "144";
145 0 1 87,146 "145";
146 1 0 61,119 "146";
147 0 1 105,139 "147";
148 2 1 57,115 "148";
149 2 0 22,134 "149";
