parity 164;
0 2 0 37,100 "0";
1 1 1 104,135 "1";
2 2 1 96,164 "2";
3 1 1 9,92 "3";
4 2 1 124,133 "4";
5 1 1 92,96 "5";
6 0 1 111,125 "6";
7 0 1 49,133 "7";
8 1 0 21,126 "8";
9 1 0 50,75 "9";
10 2 1 1,41 "10";
11 1 1 128,150 "11";
12 1 0 69,126 "12";
13 2 0 43,120 "13";
14 2 1 29,131 "14";
15 0 0 17,117 "15";
16 0 0 134,162 "16";
17 2 1 96,162 "17";
18 2 1 43,69 "18";
19 0 0 120,143 "19";
20 0 1 53,155 "20";
21 0 0 92,107 "21";
22 2 0 58,101 "22";
23 1 0 66,73 "23";
24 0 1 9,137 "24";
25 0 0 123,133 "25";
26 2 0 69,75 "26";
27 2 0 76,85 "27";
28 1 0 43,154 "28";
29 1 0 39,140 "29";
30 2 0 91,152 "30";
31 1 1 108,123 "31";
32 0 0 1,78 "32";
33 2 0 19,146 "33";
34 1 1 75,84 "34";
35 1 1 10,153 "35";
36 0 1 50,74 "36";
37 2 0 12,114 "37";
38 2 1 127,139 "38";
39 0 0 10,110 "39";
40 0 0 24,47 "40";
41 2 0 3,140 "41";
42 2 0 5,60 "42";
43 2 1 89,158 "43";
44 2 0 55,133 "44";
45 2 1 91,94 "45";
46 1 1 56,110 "46";
47 2 1 53,92 "47";
48 0 0 62,72 "48";
49 1 0 7,121 "49";
50 2 1 26,164 "50";
51 2 0 90,92 "51";
52 2 1 84,143 "52";
53 0 1 71,155 "53";
54 1 0 35,151 "54";
55 2 0 122,140 "55";
56 1 0 119,124 "56";
57 1 0 35,122 "57";
58 1 1 5,42 "58";
59 1 1 19,36 "59";
60 1 1 116,156 "60";
61 2 1 96,153 "61";
62 0 1 48,139 "62";
63 2 1 48,95 "63";
64 2 0 46,113 "64";
65 0 0 5,55 "65";
66 1 0 65,92 "66";
67 0 1 82,117 "67";
68 0 1 95,152 "68";
69 0 1 53,102 "69";
70 1 1 82,129 "70";
71 2 1 45,49 "71";
72 0 0 22,124 "72";
73 1 0 0,159 "73";
74 0 0 81,91 "74";
75 0 0 23,68 "75";
76 1 1 16,109 "76";
77 2 1 89,92 "77";
78 2 1 15,149 "78";
79 0 1 5,64 "79";
80 0 0 118,131 "80";
81 0 0 124,132 "81";
82 1 0 2,37 "82";
83 1 1 88,147 "83";
84 1 1 56,124 "84";
85 1 0 81,87 "85";
86 2 1 128,154 "86";
87 0 0 73,75 "87";
88 1 1 42,92 "88";
89 0 0 81,162 "89";
90 0 0 95,137 "90";
91 2 1 10,157 "91";
92 0 1 67,88 "92";
93 2 0 79,111 "93";
94 1 1 65,106 "94";
95 1 1 40,149 "95";
96 1 1 32,50 "96";
97 2 0 120,161 "97";
98 1 0 26,118 "98";
99 0 0 85,146 "99";
100 1 0 16,63 "100";
101 1 0 16,79 "101";
102 1 0 30,60 "102";
103 1 0 58,81 "103";
104 1 1 93,137 "104";
105 1 1 26,46 "105";
106 1 0 31,52 "106";
107 0 0 4,49 "107";
108 0 0 109,126 "108";
109 2 1 33,151 "109";
110 1 1 74,93 "110";
111 1 1 107,130 "111";
112 2 1 104,153 "112";
113 0 0 38,73 "113";
114 1 1 3,58 "114";
115 2 0 2,97 "115";
116 2 0 7,120 "116";
117 2 0 154,161 "117";
118 2 1 11,143 "118";
119 2 1 33,99 "119";
120 1 0 29,91 "120";
121 1 0 51,158 "121";
122 0 0 110,115 "122";
123 2 0 43,70 "123";
124 0 1 16,42 "124";
125 0 1 36,77 "125";
126 0 0 93,127 "126";
127 2 0 45,87 "127";
128 0 1 106,146 "128";
129 0 1 29,39 "129";
130 1 0 16,75 "130";
131 1 1 99,102 "131";
132 2 0 42,146 "132";
133 2 1 80,136 "133";
134 0 1 25,107 "134";
135 1 1 29,98 "135";
136 0 1 92,139 "136";
137 2 0 61,106 "137";
138 1 0 103,129 "138";
139 1 1 94,163 "139";
140 1 1 96,136 "140";
141 0 0 8,106 "141";
142 0 0 23,76 "142";
143 0 0 15,87 "143";
144 2 1 74,140 "144";
145 0 0 104,120 "145";
146 1 0 100,101 "146";
147 2 0 9,81 "147";
148 0 1 9,60 "148";
149 1 1 3,144 "149";
150 0 1 99,113 "150";
151 2 0 76,90 "151";
152 1 0 108,131 "152";
153 2 1 98,157 "153";
154 0 1 43,71 "154";
155 0 1 77,163 "155";
156 2 0 15,31 "156";
157 2 0 26,55 "157";
158 0 1 95,140 "158";
159 0 1 127,133 "159";
160 2 1 60,163 "160";
161 2 1 85,160 "161";
162 2 0 65,67 "162";
163 2 1 9,138 "163";
164 1 1 17,63 "164";
