parity 174;
0 1 1 98,119 "0";
1 2 0 15,127 "1";
2 2 0 10,97 "2";
3 2 0 10,95 "3";
4 0 1 24,164 "4";
5 1 0 78,105 "5";
6 1 1 78,131 "6";
7 1 1 38,113 "7";
8 1 0 122,145 "8";
9 1 0 33,100 "9";
10 0 1 19,46 "10";
11 2 1 24,27 "11";
12 0 1 144,151 "12";
13 1 0 121,142 "13";
14 0 1 22,108 "14";
15 1 0 101,172 "15";
16 0 0 19,73 "16";
17 1 1 41,104 "17";
18 2 1 27,164 "18";
19 1 1 111,126 "19";
20 0 0 96,155 "20";
21 2 0 108,122 "21";
22 1 1 42,88 "22";
23 1 0 117,161 "23";
24 0 0 93,124 "24";
25 2 0 34,44 "25";
26 1 0 151,170 "26";
27 0 1 153,156 "27";
28 1 0 100,166 "28";
29 1 0 106,153 "29";
30 2 0 5,7 "30";
31 2 0 76,115 "31";
32 2 1 92,129 "32";
33 2 0 88,171 "33";
34 0 0 86,147 "34";
35 1 0 6,102 "35";
36 0 0 4,41 "36";
37 1 0 35,54 "37";
38 1 0 109,155 "38";
39 0 0 40,56 "39";
40 1 1 78,79 "40";
41 1 0 15,162 "41";
42 2 1 118,119 "42";
43 1 0 127,155 "43";
44 1 0 71,151 "44";
45 2 0 3,102 "45";
46 1 1 9,155 "46";
47 2 1 55,91 "47";
48 1 1 146,165 "48";
49 2 0 85,90 "49";
50 1 0 20,126 "50";
51 1 0 16,82 "51";
52 1 0 136,147 "52";
53 0 0 22,34 "53";
54 1 0 73,94 "54";
55 0 0 36,132 "55";
56 0 1 66,122 "56";
57 1 1 170,172 "57";
58 1 1 82,167 "58";
59 2 0 86,169 "59";
60 1 0 137,163 "60";
61 0 0 57,70 "61";
62 2 0 11,123 "62";
63 2 0 113,144 "63";
64 1 0 91,132 "64";
65 0 1 4,71 "65";
66 1 0 24,106 "66";
67 1 0 84,166 "67";
68 0 1 7,143 "68";
69 2 0 81,165 "69";
70 2 0 79,102 "70";
71 0 0 8,135 "71";
72 2 1 18,163 "72";
73 1 0 7,127 "73";
74 2 1 87,128 "74";
75 2 0 16,82 "75";
76 0 0 83,166 "76";
77 1 0 134,149 "77";
78 0 1 9,64 "78";
79 1 0 109,115 "79";
80 0 0 6,34 "80";
81 1 0 20,94 "81";
82 1 1 169,174 "82";
83 2 1 92,137 "83";
84 2 1 70,172 "84";
85 0 1 26,149 "85";
86 0 1 87,155 "86";
87 2 0 51,79 "87";
88 2 1 85,130 "88";
89 1 0 76,78 "89";
90 1 1 31,107 "90";
91 1 1 50,158 "91";
92 1 1 72,152 "92";
93 0 1 18,27 "93";
94 1 1 23,46 "94";
95 1 0 82,125 "95";
96 2 0 57,107 "96";
97 2 0 12,114 "97";
98 0 0 27,56 "98";
99 1 0 80,124 "99";
100 2 1 80,98 "100";
101 1 1 14,24 "101";
102 0 1 27,89 "102";
103 1 1 60,151 "103";
104 2 1 53,92 "104";
105 2 0 79,144 "105";
106 2 0 6,165 "106";
107 0 0 56,128 "107";
108 1 0 116,143 "108";
109 2 0 7,163 "109";
110 2 0 22,41 "110";
111 2 0 66,139 "111";
112 2 1 98,155 "112";
113 2 1 17,121 "113";
114 1 0 28,97 "114";
115 2 0 6,42 "115";
116 2 0 7,102 "116";
117 0 1 144,169 "117";
118 2 1 131,143 "118";
119 2 1 61,98 "119";
120 0 1 78,104 "120";
121 0 1 22,158 "121";
122 0 0 7,74 "122";
123 0 1 124,173 "123";
124 1 0 111,160 "124";
125 0 1 18,102 "125";
126 0 1 95,118 "126";
127 0 0 84,148 "127";
128 0 0 126,136 "128";
129 0 1 33,105 "129";
130 0 0 35,150 "130";
131 1 0 97,102 "131";
132 1 1 91,116 "132";
133 2 0 22,157 "133";
134 0 1 84,166 "134";
135 1 0 25,169 "135";
136 0 0 8,138 "136";
137 0 1 23,115 "137";
138 0 0 2,45 "138";
139 2 1 31,109 "139";
140 0 0 71,126 "140";
141 1 1 0,15 "141";
142 1 0 28,106 "142";
143 2 1 37,57 "143";
144 0 0 66,172 "144";
145 2 1 54,92 "145";
146 0 0 119,157 "146";
147 0 0 126,162 "147";
148 2 0 27,158 "148";
149 2 0 36,40 "149";
150 2 0 27,82 "150";
151 2 1 66,126 "151";
152 0 0 131,155 "152";
153 0 0 33,93 "153";
154 0 0 15,136 "154";
155 0 1 102,136 "155";
156 2 0 112,119 "156";
157 0 1 12,118 "157";
158 1 1 82,144 "158";
159 0 1 60,117 "159";
160 1 1 129,151 "160";
161 2 1 19,130 "161";
162 0 0 40,174 "162";
163 2 0 51,103 "163";
164 0 1 38,125 "164";
165 1 0 78,108 "165";
166 0 1 58,110 "166";
167 2 0 74,173 "167";
168 2 1 54,161 "168";
169 2 0 160,164 "169";
170 0 1 107,161 "170";
171 2 1 55,56 "171";
172 0 1 52,129 "172";
173 0 0 38,71 "173";
174 2 0 105,147 "174";
