parity 119;
0 2 1 66,111 "0";
1 0 1 73,119 "1";
2 1 1 40,118 "2";
3 1 1 76,88 "3";
4 1 0 24,86 "4";
5 1 1 30,49 "5";
6 1 1 0,94 "6";
7 2 0 27,97 "7";
8 2 0 55,94 "8";
9 1 1 62,96 "9";
10 0 1 14,45 "10";
11 1 0 38,40 "11";
12 1 1 107,119 "12";
13 2 0 51,67 "13";
14 1 1 23,90 "14";
15 1 0 69,86 "15";
16 2 0 43,97 "16";
17 2 1 13,33 "17";
18 2 1 84,109 "18";
19 2 1 25,118 "19";
20 2 1 65,106 "20";
21 1 1 19,113 "21";
22 0 0 15,95 "22";
23 2 0 31,48 "23";
24 0 1 52,58 "24";
25 0 1 20,74 "25";
26 2 0 56,74 "26";
27 2 1 62,78 "27";
28 2 0 40,110 "28";
29 0 1 13,38 "29";
30 2 1 19,79 "30";
31 1 1 18,92 "31";
32 2 1 51,77 "32";
33 0 1 67,95 "33";
34 2 0 10,73 "34";
35 0 0 31,94 "35";
36 2 0 42,82 "36";
37 1 0 47,70 "37";
38 2 1 18,53 "38";
39 0 1 57,87 "39";
40 2 0 23,92 "40";
41 2 1 44,110 "41";
42 1 0 99,103 "42";
43 2 1 2,88 "43";
44 2 1 26,51 "44";
45 1 0 38,56 "45";
46 2 1 19,66 "46";
47 2 0 65,86 "47";
48 1 0 31,43 "48";
49 0 1 27,108 "49";
50 0 1 16,109 "50";
51 0 0 34,81 "51";
52 1 1 11,55 "52";
53 1 0 44,89 "53";
54 0 0 44,90 "54";
55 2 1 53,104 "55";
56 1 1 26,58 "56";
57 2 0 87,100 "57";
58 0 1 19,67 "58";
59 1 0 2,101 "59";
60 1 1 79,97 "60";
61 0 0 73,93 "61";
62 2 0 33,109 "62";
63 0 1 54,99 "63";
64 2 1 62,113 "64";
65 2 0 24,28 "65";
66 0 1 29,33 "66";
67 0 0 12,102 "67";
68 2 1 15,79 "68";
69 1 0 40,75 "69";
70 0 1 51,65 "70";
71 1 0 64,106 "71";
72 1 0 4,109 "72";
73 2 0 47,91 "73";
74 2 0 41,57 "74";
75 2 0 21,36 "75";
76 0 0 36,82 "76";
77 0 1 11,98 "77";
78 1 0 1,33 "78";
79 0 0 64,115 "79";
80 1 0 115,117 "80";
81 0 0 2,89 "81";
82 0 0 22,74 "82";
83 2 0 17,118 "83";
84 2 1 5,41 "84";
85 1 0 53,89 "85";
86 0 0 34,61 "86";
87 1 1 15,83 "87";
88 0 1 53,87 "88";
89 2 1 1,40 "89";
90 2 1 105,114 "90";
91 1 1 85,96 "91";
92 1 0 29,67 "92";
93 0 0 37,47 "93";
94 0 1 49,105 "94";
95 2 0 34,47 "95";
96 0 0 17,48 "96";
97 1 1 12,38 "97";
98 2 0 32,66 "98";
99 2 0 102,110 "99";
100 1 0 25,53 "100";
101 0 1 20,67 "101";
102 2 0 103,117 "102";
103 1 0 8,69 "103";
104 1 0 87,103 "104";
105 1 0 90,96 "105";
106 2 0 30,72 "106";
107 2 0 34,117 "107";
108 1 1 11,70 "108";
109 1 0 42,60 "109";
110 2 0 70,114 "110";
111 1 1 26,43 "111";
112 1 0 50,58 "112";
113 1 1 15,19 "113";
114 2 1 19,69 "114";
115 2 0 45,47 "115";
116 2 0 36,90 "116";
117 1 0 50,116 "117";
118 0 0 22,57 "118";
119 2 1 16,27 "119";
