parity 184;
0 1 0 49,123 "0";
1 1 1 136,156 "1";
2 2 1 28,60 "2";
3 1 1 92,169 "3";
4 1 1 50,171 "4";
5 2 0 7,57 "5";
6 1 0 83,91 "6";
7 2 0 49,92 "7";
8 2 1 103,150 "8";
9 1 1 47,77 "9";
10 0 0 33,123 "10";
11 2 0 77,118 "11";
12 0 0 7,98 "12";
13 2 1 30,108 "13";
14 1 0 9,11 "14";
15 1 1 62,101 "15";
16 1 0 88,151 "16";
17 1 0 45,122 "17";
18 0 0 51,99 "18";
19 1 1 57,60 "19";
20 0 1 54,57 "20";
21 2 0 100,106 "21";
22 1 1 83,96 "22";
23 0 0 96,147 "23";
24 2 1 36,152 "24";
25 1 0 46,132 "25";
26 1 1 88,178 "26";
27 0 0 0,72 "27";
28 1 0 111,140 "28";
29 0 0 122,141 "29";
30 0 0 23,166 "30";
31 2 0 163,170 "31";
32 2 1 66,156 "32";
33 2 1 89,146 "33";
34 0 0 5,23 "34";
35 0 0 54,87 "35";
36 2 1 57,113 "36";
37 1 1 15,163 "37";
38 1 0 10,43 "38";
39 1 0 44,184 "39";
40 2 1 111,128 "40";
41 2 1 98,172 "41";
42 2 1 65,99 "42";
43 1 1 81,110 "43";
44 1 1 33,91 "44";
45 0 1 54,85 "45";
46 1 0 42,179 "46";
47 2 0 25,90 "47";
48 2 1 39,106 "48";
49 0 1 55,151 "49";
50 0 0 133,173 "50";
51 2 1 118,181 "51";
52 1 1 43,96 "52";
53 0 0 2,77 "53";
54 0 0 16,121 "54";
55 0 0 88,153 "55";
56 1 0 72,128 "56";
57 1 1 103,161 "57";
58 1 1 90,121 "58";
59 2 1 36,181 "59";
60 1 1 44,183 "60";
61 0 0 145,164 "61";
62 1 1 1,111 "62";
63 2 0 24,131 "63";
64 2 1 89,155 "64";
65 1 0 117,157 "65";
66 0 1 133,149 "66";
67 2 1 95,101 "67";
68 2 0 44,149 "68";
69 2 1 40,66 "69";
70 1 1 25,148 "70";
71 0 0 39,121 "71";
72 1 1 76,113 "72";
73 0 0 81,164 "73";
74 0 0 68,82 "74";
75 1 1 10,64 "75";
76 2 0 59,154 "76";
77 2 1 57,85 "77";
78 0 1 154,171 "78";
79 2 0 44,62 "79";
80 1 1 24,72 "80";
81 2 1 26,101 "81";
82 1 1 8,60 "82";
83 2 0 114,170 "83";
84 2 1 20,134 "84";
85 0 1 8,56 "85";
86 2 0 81,124 "86";
87 0 0 37,56 "87";
88 0 0 21,157 "88";
89 2 1 100,134 "89";
90 2 1 125,128 "90";
91 0 1 94,143 "91";
92 1 1 27,140 "92";
93 2 1 63,158 "93";
94 1 0 19,51 "94";
95 0 0 3,145 "95";
96 0 1 133,141 "96";
97 1 0 11,54 "97";
98 1 0 39,177 "98";
99 1 1 56,120 "99";
100 0 1 17,151 "100";
101 2 1 8,141 "101";
102 2 0 41,161 "102";
103 0 0 8,101 "103";
104 1 1 63,103 "104";
105 0 0 6,139 "105";
106 1 1 11,162 "106";
107 1 0 88,123 "107";
108 1 0 10,158 "108";
109 0 1 62,148 "109";
110 0 0 68,121 "110";
111 1 1 34,51 "111";
112 0 1 19,53 "112";
113 0 1 54,98 "113";
114 2 0 102,111 "114";
115 0 1 46,129 "115";
116 1 0 0,85 "116";
117 0 0 50,90 "117";
118 0 0 19,159 "118";
119 1 0 52,90 "119";
120 2 0 137,166 "120";
121 0 1 44,143 "121";
122 2 0 34,102 "122";
123 2 0 105,133 "123";
124 2 0 20,72 "124";
125 1 0 163,173 "125";
126 0 0 72,81 "126";
127 0 0 86,105 "127";
128 0 1 7,109 "128";
129 1 1 80,125 "129";
130 2 0 109,150 "130";
131 2 1 153,173 "131";
132 2 1 134,180 "132";
133 2 0 120,139 "133";
134 1 1 53,57 "134";
135 2 1 11,153 "135";
136 2 0 6,182 "136";
137 0 1 71,131 "137";
138 0 0 54,175 "138";
139 1 0 23,98 "139";
140 1 0 33,179 "140";
141 0 0 89,184 "141";
142 0 0 28,78 "142";
143 2 1 66,165 "143";
144 0 1 28,111 "144";
145 2 1 60,155 "145";
146 1 1 19,64 "146";
147 2 1 72,96 "147";
148 2 1 39,87 "148";
149 0 0 58,97 "149";
150 1 1 32,52 "150";
151 1 1 59,117 "151";
152 1 1 18,134 "152";
153 2 1 53,164 "153";
154 2 0 105,112 "154";
155 1 1 47,61 "155";
156 1 1 64,80 "156";
157 0 0 1,94 "157";
158 2 1 31,108 "158";
159 2 0 18,153 "159";
160 2 1 24,59 "160";
161 2 0 120,175 "161";
162 0 0 12,146 "162";
163 0 0 46,112 "163";
164 1 0 10,18 "164";
165 1 0 93,137 "165";
166 0 1 93,106 "166";
167 2 0 1,89 "167";
168 2 0 44,147 "168";
169 2 1 153,170 "169";
170 1 1 35,70 "170";
171 2 1 63,181 "171";
172 1 1 111,146 "172";
173 1 1 122,163 "173";
174 2 1 34,57 "174";
175 2 0 57,60 "175";
176 1 1 22,162 "176";
177 0 0 47,127 "177";
178 1 0 47,175 "178";
179 1 0 147,155 "179";
180 1 1 26,34 "180";
181 2 1 62,157 "181";
182 2 0 36,89 "182";
183 2 1 88,111 "183";
184 2 1 22,27 "184";
