parity 144;
0 2 0 2,105 "0";
1 2 0 21,24 "1";
2 1 1 29,47 "2";
3 1 0 17,59 "3";
4 1 0 20,45 "4";
5 0 0 102,105 "5";
6 0 0 67,76 "6";
7 1 0 86,112 "7";
8 0 0 57,77 "8";
9 0 0 15,45 "9";
10 1 0 16,71 "10";
11 1 0 36,94 "11";
12 2 0 78,96 "12";
13 1 1 67,140 "13";
14 1 1 100,103 "14";
15 0 1 28,47 "15";
16 1 0 61,118 "16";
17 2 1 102,120 "17";
18 2 1 7,14 "18";
19 0 0 41,143 "19";
20 1 0 134,144 "20";
21 1 1 54,86 "21";
22 0 0 45,142 "22";
23 2 0 45,59 "23";
24 2 0 115,141 "24";
25 0 0 106,131 "25";
26 1 1 23,46 "26";
27 2 0 14,72 "27";
28 1 0 2,51 "28";
29 0 1 52,91 "29";
30 1 1 43,114 "30";
31 0 0 10,106 "31";
32 0 0 81,118 "32";
33 2 0 68,132 "33";
34 0 0 59,108 "34";
35 1 0 74,143 "35";
36 2 1 16,66 "36";
37 1 1 21,117 "37";
38 0 1 83,119 "38";
39 1 0 11,122 "39";
40 2 0 98,114 "40";
41 1 1 87,112 "41";
42 2 0 13,89 "42";
43 1 1 42,90 "43";
44 1 1 41,102 "44";
45 2 0 75,119 "45";
46 0 1 42,54 "46";
47 1 1 15,104 "47";
48 2 0 81,110 "48";
49 1 0 14,126 "49";
50 1 1 78,112 "50";
51 1 1 28,60 "51";
52 2 1 7,69 "52";
53 1 0 28,95 "53";
54 1 1 25,81 "54";
55 0 1 43,53 "55";
56 1 0 8,86 "56";
57 2 0 89,120 "57";
58 0 0 14,66 "58";
59 1 1 4,47 "59";
60 1 1 48,53 "60";
61 2 1 39,131 "61";
62 2 0 24,32 "62";
63 0 1 94,115 "63";
64 0 0 81,141 "64";
65 2 0 17,108 "65";
66 1 1 27,97 "66";
67 1 1 88,125 "67";
68 0 0 7,109 "68";
69 1 0 60,97 "69";
70 2 1 42,46 "70";
71 1 1 11,29 "71";
72 1 1 1,23 "72";
73 2 0 112,114 "73";
74 1 1 109,112 "74";
75 0 1 129,141 "75";
76 2 1 50,92 "76";
77 0 0 49,113 "77";
78 0 0 114,135 "78";
79 1 0 64,117 "79";
80 2 1 38,63 "80";
81 2 0 38,41 "81";
82 0 1 77,91 "82";
83 1 0 38,120 "83";
84 2 1 81,132 "84";
85 0 0 80,138 "85";
86 1 0 23,114 "86";
87 2 0 91,143 "87";
88 2 1 33,102 "88";
89 2 0 97,125 "89";
90 2 0 39,130 "90";
91 2 0 43,118 "91";
92 1 0 80,140 "92";
93 2 0 12,88 "93";
94 1 0 64,140 "94";
95 2 0 49,101 "95";
96 1 0 53,130 "96";
97 2 1 54,141 "97";
98 0 1 15,64 "98";
99 2 1 20,46 "99";
100 0 0 5,105 "100";
101 0 0 68,140 "101";
102 1 0 28,108 "102";
103 1 0 37,68 "103";
104 1 1 20,140 "104";
105 0 1 15,89 "105";
106 1 0 9,72 "106";
107 0 1 61,111 "107";
108 2 1 35,91 "108";
109 1 0 82,136 "109";
110 1 1 53,124 "110";
111 1 0 93,99 "111";
112 2 0 35,55 "112";
113 0 1 77,117 "113";
114 0 0 35,61 "114";
115 1 0 118,138 "115";
116 1 1 20,127 "116";
117 2 0 81,108 "117";
118 2 1 56,134 "118";
119 2 1 62,85 "119";
120 0 1 105,123 "120";
121 2 0 33,47 "121";
122 2 1 101,102 "122";
123 1 0 13,137 "123";
124 1 0 9,135 "124";
125 1 1 1,144 "125";
126 1 0 83,130 "126";
127 0 0 3,112 "127";
128 2 0 46,66 "128";
129 2 1 2,4 "129";
130 1 1 59,115 "130";
131 2 0 74,105 "131";
132 0 1 31,62 "132";
133 1 1 69,77 "133";
134 2 0 26,45 "134";
135 0 0 124,138 "135";
136 0 0 67,104 "136";
137 1 1 14,93 "137";
138 0 1 22,65 "138";
139 0 0 110,130 "139";
140 0 1 46,124 "140";
141 2 1 52,140 "141";
142 2 1 16,20 "142";
143 0 1 98,112 "143";
144 1 0 1,80 "144";
