parity 129;
0 1 0 55,98 "0";
1 0 0 68,100 "1";
2 1 0 25,58 "2";
3 2 1 56,118 "3";
4 1 0 14,54 "4";
5 0 0 47,89 "5";
6 0 0 3,19 "6";
7 0 1 22,94 "7";
8 0 0 10,19 "8";
9 0 0 5,84 "9";
10 0 0 17,67 "10";
11 2 1 15,50 "11";
12 1 1 47,72 "12";
13 1 1 19,22 "13";
14 0 0 47,74 "14";
15 2 1 6,107 "15";
16 1 0 25,110 "16";
17 2 0 43,67 "17";
18 2 1 68,108 "18";
19 1 0 28,78 "19";
20 2 0 52,124 "20";
21 0 0 104,123 "21";
22 0 1 40,124 "22";
23 0 0 85,114 "23";
24 2 0 75,128 "24";
25 1 1 20,21 "25";
26 2 0 0,6 "26";
27 0 1 51,129 "27";
28 2 0 53,106 "28";
29 0 1 16,24 "29";
30 2 0 38,103 "30";
31 1 0 8,73 "31";
32 1 0 114,128 "32";
33 1 0 45,93 "33";
34 2 0 37,51 "34";
35 0 1 14,62 "35";
36 0 0 58,60 "36";
37 1 1 8,122 "37";
38 0 1 95,114 "38";
39 1 0 68,103 "39";
40 2 1 73,78 "40";
41 1 0 33,127 "41";
42 0 1 1,68 "42";
43 1 0 46,120 "43";
44 2 0 10,40 "44";
45 2 1 9,87 "45";
46 2 1 91,95 "46";
47 0 1 46,56 "47";
48 1 0 74,76 "48";
49 1 1 29,78 "49";
50 1 0 21,108 "50";
51 1 0 28,30 "51";
52 1 0 53,128 "52";
53 0 1 47,88 "53";
54 1 0 0,65 "54";
55 1 1 76,88 "55";
56 1 1 23,31 "56";
57 2 0 32,120 "57";
58 1 1 42,108 "58";
59 1 1 32,36 "59";
60 1 0 29,104 "60";
61 2 0 53,87 "61";
62 1 0 6,53 "62";
63 0 0 26,31 "63";
64 2 1 53,91 "64";
65 1 0 23,100 "65";
66 2 0 40,61 "66";
67 2 0 80,117 "67";
68 0 0 111,126 "68";
69 0 1 4,116 "69";
70 2 0 58,87 "70";
71 1 0 52,114 "71";
72 1 0 94,110 "72";
73 2 1 3,92 "73";
74 0 0 12,29 "74";
75 1 1 58,77 "75";
76 0 1 28,61 "76";
77 1 0 29,45 "77";
78 1 1 4,97 "78";
79 2 1 87,113 "79";
80 2 1 32,33 "80";
81 1 1 15,98 "81";
82 0 0 36,114 "82";
83 2 0 11,124 "83";
84 1 0 7,9 "84";
85 1 0 68,125 "85";
86 1 1 108,119 "86";
87 0 0 110,126 "87";
88 0 0 39,81 "88";
89 1 1 22,108 "89";
90 1 0 45,96 "90";
91 1 0 10,102 "91";
92 0 0 4,91 "92";
93 0 0 56,95 "93";
94 1 0 33,105 "94";
95 1 0 29,86 "95";
96 1 0 40,81 "96";
97 2 1 83,119 "97";
98 2 0 43,87 "98";
99 0 1 8,80 "99";
100 2 0 48,82 "100";
101 2 1 51,79 "101";
102 2 0 50,53 "102";
103 1 1 76,88 "103";
104 1 0 8,57 "104";
105 2 0 85,114 "105";
106 0 1 21,78 "106";
107 2 1 111,120 "107";
108 1 1 39,60 "108";
109 2 1 34,128 "109";
110 0 1 25,65 "110";
111 1 0 38,105 "111";
112 2 0 72,118 "112";
113 2 0 34,107 "113";
114 2 0 18,69 "114";
115 1 0 6,15 "115";
116 1 0 9,15 "116";
117 1 1 32,54 "117";
118 1 1 41,107 "118";
119 2 1 17,54 "119";
120 0 1 11,103 "120";
121 0 1 49,79 "121";
122 2 1 52,74 "122";
123 1 1 23,105 "123";
124 1 0 12,76 "124";
125 1 1 33,72 "125";
126 1 0 17,88 "126";
127 1 0 58,129 "127";
128 1 1 37,127 "128";
129 0 1 1,21 "129";
