parity 154;
0 2 0 59,149 "0";
1 1 1 10,20 "1";
2 2 0 24,124 "2";
3 0 1 13,130 "3";
4 1 0 35,121 "4";
5 0 0 10,62 "5";
6 2 0 15,43 "6";
7 2 1 36,39 "7";
8 0 1 126,134 "8";
9 1 1 27,52 "9";
10 1 0 2,7 "10";
11 0 0 3,42 "11";
12 2 0 68,141 "12";
13 2 1 4,127 "13";
14 2 1 29,146 "14";
15 2 0 85,149 "15";
16 0 0 2,3 "16";
17 1 0 21,56 "17";
18 2 1 13,106 "18";
19 0 1 34,92 "19";
20 0 1 55,61 "20";
21 0 0 70,87 "21";
22 2 0 32,96 "22";
23 2 0 6,16 "23";
24 2 1 77,108 "24";
25 1 0 17,18 "25";
26 0 0 39,81 "26";
27 0 0 12,73 "27";
28 2 1 10,22 "28";
29 1 1 79,121 "29";
30 1 0 46,144 "30";
31 2 0 49,73 "31";
32 1 0 76,125 "32";
33 2 1 43,67 "33";
34 0 0 16,151 "34";
35 2 1 31,141 "35";
36 1 0 6,88 "36";
37 2 0 94,129 "37";
38 1 0 83,105 "38";
39 2 0 22,41 "39";
40 0 1 52,78 "40";
41 0 1 31,132 "41";
42 0 0 4,28 "42";
43 1 1 94,154 "43";
44 1 1 82,136 "44";
45 1 0 71,146 "45";
46 2 0 43,52 "46";
47 1 1 14,74 "47";
48 1 0 91,98 "48";
49 0 1 22,52 "49";
50 2 1 3,25 "50";
51 2 0 122,151 "51";
52 2 1 17,58 "52";
53 2 0 13,19 "53";
54 2 1 31,71 "54";
55 2 0 19,133 "55";
56 2 1 37,106 "56";
57 2 1 39,129 "57";
58 1 1 17,130 "58";
59 0 1 25,105 "59";
60 1 0 27,55 "60";
61 2 1 16,23 "61";
62 1 0 95,109 "62";
63 2 1 4,82 "63";
64 2 1 125,150 "64";
65 2 1 56,91 "65";
66 0 1 32,121 "66";
67 1 1 32,122 "67";
68 2 1 83,102 "68";
69 0 0 61,70 "69";
70 0 1 34,67 "70";
71 0 1 53,118 "71";
72 2 1 75,79 "72";
73 2 0 3,128 "73";
74 1 1 81,118 "74";
75 1 1 80,123 "75";
76 0 1 123,145 "76";
77 0 0 86,112 "77";
78 2 0 55,132 "78";
79 0 1 36,87 "79";
80 0 1 85,142 "80";
81 2 0 49,51 "81";
82 2 1 42,140 "82";
83 0 1 15,35 "83";
84 0 0 18,29 "84";
85 1 1 137,154 "85";
86 2 1 88,110 "86";
87 1 1 9,110 "87";
88 0 1 6,145 "88";
89 2 1 142,147 "89";
90 1 1 58,105 "90";
91 1 0 3,78 "91";
92 0 1 72,133 "92";
93 2 0 141,153 "93";
94 0 1 114,121 "94";
95 1 0 106,127 "95";
96 0 0 141,148 "96";
97 0 0 7,33 "97";
98 0 0 86,141 "98";
99 0 1 4,91 "99";
100 0 0 102,113 "100";
101 2 1 11,107 "101";
102 0 1 137,145 "102";
103 1 1 79,85 "103";
104 2 1 44,63 "104";
105 2 0 49,141 "105";
106 0 1 53,66 "106";
107 2 1 13,99 "107";
108 1 1 15,79 "108";
109 0 0 31,107 "109";
110 2 1 0,49 "110";
111 1 1 46,97 "111";
112 2 1 12,123 "112";
113 0 1 3,40 "113";
114 0 0 32,94 "114";
115 2 0 0,30 "115";
116 0 1 108,141 "116";
117 0 0 21,36 "117";
118 2 0 2,20 "118";
119 2 0 65,145 "119";
120 0 1 53,140 "120";
121 1 1 43,139 "121";
122 0 0 51,146 "122";
123 2 0 33,112 "123";
124 0 0 22,86 "124";
125 2 0 31,95 "125";
126 2 0 21,83 "126";
127 2 1 29,106 "127";
128 1 0 26,103 "128";
129 1 0 64,114 "129";
130 0 1 25,76 "130";
131 2 1 14,106 "131";
132 0 1 5,144 "132";
133 1 0 55,93 "133";
134 2 1 33,72 "134";
135 0 0 22,139 "135";
136 1 1 119,131 "136";
137 0 0 96,97 "137";
138 2 0 107,146 "138";
139 2 1 81,142 "139";
140 2 1 44,83 "140";
141 1 1 59,91 "141";
142 0 1 0,19 "142";
143 1 0 37,70 "143";
144 1 0 16,84 "144";
145 0 1 8,149 "145";
146 1 1 66,68 "146";
147 1 0 98,146 "147";
148 2 1 96,120 "148";
149 2 1 23,60 "149";
150 0 0 33,152 "150";
151 2 1 1,91 "151";
152 2 1 62,116 "152";
153 2 1 59,117 "153";
154 0 0 3,105 "154";
