parity 184;
0 1 0 77,177 "0";
1 0 0 24,136 "1";
2 0 0 113,184 "2";
3 2 0 71,100 "3";
4 2 1 49,129 "4";
5 1 1 114,167 "5";
6 1 1 144,173 "6";
7 0 0 75,91 "7";
8 2 0 83,177 "8";
9 2 1 31,71 "9";
10 2 0 1,40 "10";
11 0 0 150,159 "11";
12 1 1 136,168 "12";
13 2 1 62,82 "13";
14 1 0 22,154 "14";
15 2 1 151,181 "15";
16 2 0 115,150 "16";
17 0 1 16,25 "17";
18 2 1 3,90 "18";
19 2 0 85,145 "19";
20 0 0 18,115 "20";
21 1 0 5,19 "21";
22 0 1 89,124 "22";
23 0 1 18,70 "23";
24 2 0 138,147 "24";
25 2 0 54,161 "25";
26 0 1 47,78 "26";
27 1 1 18,134 "27";
28 0 1 30,106 "28";
29 2 1 33,170 "29";
30 1 0 49,99 "30";
31 2 1 90,115 "31";
32 1 1 114,159 "32";
33 1 0 19,44 "33";
34 0 0 98,131 "34";
35 1 1 27,179 "35";
36 1 0 135,165 "36";
37 0 1 6,182 "37";
38 1 0 125,170 "38";
39 1 1 118,148 "39";
40 0 1 165,178 "40";
41 2 0 3,99 "41";
42 2 1 103,176 "42";
43 0 1 91,112 "43";
44 1 1 62,145 "44";
45 0 1 12,95 "45";
46 0 0 26,160 "46";
47 0 0 78,86 "47";
48 1 0 60,131 "48";
49 0 1 76,109 "49";
50 2 0 87,121 "50";
51 2 1 5,161 "51";
52 0 0 29,147 "52";
53 1 0 3,130 "53";
54 1 0 119,149 "54";
55 2 1 130,173 "55";
56 2 0 29,155 "56";
57 2 0 13,56 "57";
58 0 1 102,168 "58";
59 0 1 4,121 "59";
60 1 1 27,103 "60";
61 0 0 75,88 "61";
62 0 1 37,92 "62";
63 1 1 85,99 "63";
64 2 1 167,171 "64";
65 1 0 117,163 "65";
66 0 1 157,158 "66";
67 0 0 108,117 "67";
68 0 0 84,167 "68";
69 1 1 10,16 "69";
70 2 0 41,50 "70";
71 2 1 43,81 "71";
72 2 0 110,151 "72";
73 2 0 27,146 "73";
74 1 0 46,112 "74";
75 2 1 22,59 "75";
76 2 0 36,155 "76";
77 2 0 79,138 "77";
78 1 1 82,101 "78";
79 2 1 9,18 "79";
80 2 0 48,127 "80";
81 0 0 120,135 "81";
82 0 1 23,113 "82";
83 2 0 62,176 "83";
84 2 0 44,61 "84";
85 2 0 63,83 "85";
86 0 0 107,173 "86";
87 1 0 63,157 "87";
88 1 1 70,103 "88";
89 2 1 39,136 "89";
90 2 1 1,117 "90";
91 2 1 12,87 "91";
92 2 1 84,123 "92";
93 2 1 59,176 "93";
94 2 0 42,134 "94";
95 1 1 84,163 "95";
96 0 0 49,65 "96";
97 0 0 103,120 "97";
98 1 1 56,157 "98";
99 2 1 39,88 "99";
100 1 1 78,178 "100";
101 2 1 78,95 "101";
102 0 1 136,142 "102";
103 2 0 102,116 "103";
104 1 1 25,73 "104";
105 1 0 36,127 "105";
106 0 0 56,163 "106";
107 0 1 34,38 "107";
108 1 1 138,159 "108";
109 1 0 49,147 "109";
110 1 0 112,136 "110";
111 0 1 119,168 "111";
112 0 1 56,86 "112";
113 1 0 42,49 "113";
114 2 1 34,77 "114";
115 0 1 36,50 "115";
116 0 0 49,91 "116";
117 0 1 101,107 "117";
118 1 0 57,124 "118";
119 2 0 141,181 "119";
120 2 1 83,157 "120";
121 0 0 101,149 "121";
122 2 1 8,88 "122";
123 2 1 41,184 "123";
124 2 0 156,169 "124";
125 1 1 33,151 "125";
126 2 0 21,125 "126";
127 1 0 29,47 "127";
128 2 1 35,173 "128";
129 1 1 0,99 "129";
130 1 0 30,78 "130";
131 2 0 56,112 "131";
132 1 0 39,152 "132";
133 0 0 134,180 "133";
134 0 1 96,140 "134";
135 2 0 56,83 "135";
136 1 0 154,174 "136";
137 2 0 77,82 "137";
138 1 1 68,86 "138";
139 2 1 19,168 "139";
140 0 1 65,97 "140";
141 0 0 86,103 "141";
142 1 0 81,131 "142";
143 2 1 48,122 "143";
144 0 0 97,150 "144";
145 2 0 49,159 "145";
146 2 1 26,78 "146";
147 2 1 7,92 "147";
148 1 1 56,87 "148";
149 0 1 68,170 "149";
150 0 0 10,39 "150";
151 0 1 11,25 "151";
152 1 1 12,165 "152";
153 0 0 150,156 "153";
154 2 1 92,168 "154";
155 0 0 82,153 "155";
156 1 1 74,130 "156";
157 1 0 37,93 "157";
158 2 0 166,176 "158";
159 1 0 57,98 "159";
160 0 0 149,162 "160";
161 0 1 64,164 "161";
162 0 0 4,154 "162";
163 1 0 41,135 "163";
164 2 1 15,142 "164";
165 1 0 80,163 "165";
166 0 0 110,145 "166";
167 1 1 138,140 "167";
168 2 0 85,104 "168";
169 2 1 54,86 "169";
170 0 0 40,135 "170";
171 2 1 18,36 "171";
172 0 1 39,124 "172";
173 0 1 15,110 "173";
174 1 1 63,99 "174";
175 0 0 35,75 "175";
176 0 0 120,138 "176";
177 2 0 145,184 "177";
178 0 0 35,179 "178";
179 2 1 118,145 "179";
180 2 1 27,169 "180";
181 2 0 48,103 "181";
182 2 1 155,175 "182";
183 0 0 1,9 "183";
184 2 1 137,145 "184";
