parity 149;
0 0 0 15,121 "0";
1 1 0 19,67 "1";
2 1 0 58,78 "2";
3 1 0 10,30 "3";
4 2 0 3,20 "4";
5 2 1 69,86 "5";
6 1 1 54,139 "6";
7 0 0 81,148 "7";
8 0 0 9,13 "8";
9 1 0 86,133 "9";
10 0 1 20,31 "10";
11 1 0 35,40 "11";
12 1 1 48,73 "12";
13 1 0 126,139 "13";
14 0 0 21,143 "14";
15 0 1 73,136 "15";
16 1 0 9,105 "16";
17 2 1 28,122 "17";
18 2 1 46,110 "18";
19 2 1 21,87 "19";
20 0 0 31,32 "20";
21 2 1 15,103 "21";
22 2 1 99,145 "22";
23 2 0 44,80 "23";
24 0 1 98,131 "24";
25 1 1 37,142 "25";
26 0 1 18,118 "26";
27 1 1 71,148 "27";
28 1 0 78,92 "28";
29 1 0 76,87 "29";
30 1 0 18,141 "30";
31 2 0 14,68 "31";
32 1 1 71,121 "32";
33 2 1 82,143 "33";
34 0 1 86,125 "34";
35 0 0 8,136 "35";
36 2 1 65,133 "36";
37 1 1 23,132 "37";
38 1 0 93,98 "38";
39 2 1 10,41 "39";
40 0 1 51,78 "40";
41 1 0 26,143 "41";
42 2 1 23,84 "42";
43 1 1 3,96 "43";
44 2 1 90,108 "44";
45 1 1 25,78 "45";
46 2 0 14,129 "46";
47 2 1 77,137 "47";
48 2 1 1,6 "48";
49 2 0 21,97 "49";
50 2 0 31,70 "50";
51 2 1 27,116 "51";
52 1 0 5,18 "52";
53 0 1 70,124 "53";
54 1 0 8,97 "54";
55 0 0 63,112 "55";
56 1 1 108,143 "56";
57 2 1 81,136 "57";
58 0 0 94,146 "58";
59 0 0 51,81 "59";
60 2 1 55,123 "60";
61 0 0 17,132 "61";
62 2 0 115,122 "62";
63 0 0 92,148 "63";
64 1 0 66,144 "64";
65 0 1 82,100 "65";
66 2 1 60,137 "66";
67 1 1 22,78 "67";
68 1 1 46,121 "68";
69 1 1 92,133 "69";
70 2 1 4,75 "70";
71 2 1 115,138 "71";
72 2 1 28,43 "72";
73 0 0 48,144 "73";
74 2 0 14,19 "74";
75 0 1 30,49 "75";
76 1 0 54,99 "76";
77 2 1 24,103 "77";
78 1 1 76,106 "78";
79 2 1 67,96 "79";
80 0 1 61,100 "80";
81 2 1 104,144 "81";
82 0 1 46,87 "82";
83 2 0 36,67 "83";
84 0 0 22,117 "84";
85 1 0 18,82 "85";
86 0 0 63,148 "86";
87 0 1 3,49 "87";
88 2 0 17,101 "88";
89 2 1 88,142 "89";
90 0 1 13,14 "90";
91 2 0 34,80 "91";
92 1 1 18,133 "92";
93 2 1 13,89 "93";
94 2 1 8,84 "94";
95 1 0 62,97 "95";
96 0 1 46,72 "96";
97 0 1 16,33 "97";
98 0 1 84,133 "98";
99 0 0 113,118 "99";
100 2 0 101,141 "100";
101 0 1 60,99 "101";
102 0 0 29,104 "102";
103 0 1 34,143 "103";
104 2 0 53,126 "104";
105 0 1 3,25 "105";
106 2 0 53,68 "106";
107 0 1 144,146 "107";
108 2 1 13,79 "108";
109 2 1 11,126 "109";
110 2 0 118,137 "110";
111 0 1 12,77 "111";
112 0 0 79,117 "112";
113 2 0 28,50 "113";
114 0 0 64,83 "114";
115 0 0 25,137 "115";
116 2 0 139,145 "116";
117 1 0 17,130 "117";
118 1 0 40,64 "118";
119 2 0 29,143 "119";
120 1 1 10,54 "120";
121 1 1 34,144 "121";
122 1 1 71,115 "122";
123 2 1 40,60 "123";
124 1 1 89,138 "124";
125 1 1 20,94 "125";
126 2 0 44,142 "126";
127 0 0 24,136 "127";
128 1 1 65,84 "128";
129 2 1 36,104 "129";
130 2 1 129,146 "130";
131 0 0 130,146 "131";
132 0 1 65,140 "132";
133 2 1 9,82 "133";
134 1 0 21,125 "134";
135 2 0 125,132 "135";
136 1 0 41,147 "136";
137 2 0 108,138 "137";
138 0 0 11,42 "138";
139 0 0 16,126 "139";
140 0 1 52,125 "140";
141 0 0 48,113 "141";
142 1 1 35,128 "142";
143 1 1 98,100 "143";
144 1 0 20,31 "144";
145 2 0 101,121 "145";
146 0 0 29,82 "146";
147 0 0 74,90 "147";
148 2 1 123,127 "148";
149 0 0 92,126 "149";
