parity 164;
0 1 1 56,81 "0";
1 0 0 9,140 "1";
2 0 1 57,115 "2";
3 0 0 87,104 "3";
4 0 1 27,155 "4";
5 1 1 44,78 "5";
6 1 1 47,79 "6";
7 0 1 100,157 "7";
8 0 1 84,124 "8";
9 2 1 137,139 "9";
10 1 1 35,129 "10";
11 2 1 7,99 "11";
12 2 0 30,161 "12";
13 2 1 49,56 "13";
14 0 1 6,159 "14";
15 1 1 103,159 "15";
16 1 0 15,67 "16";
17 1 0 60,103 "17";
18 1 0 24,130 "18";
19 1 1 13,92 "19";
20 0 0 44,132 "20";
21 1 0 6,30 "21";
22 1 0 138,160 "22";
23 0 0 98,134 "23";
24 2 1 72,95 "24";
25 1 0 97,159 "25";
26 0 1 130,147 "26";
27 2 1 21,78 "27";
28 0 0 30,136 "28";
29 0 0 11,99 "29";
30 0 1 64,108 "30";
31 1 0 67,101 "31";
32 0 1 126,134 "32";
33 2 1 51,98 "33";
34 2 0 69,143 "34";
35 2 1 58,139 "35";
36 2 0 121,161 "36";
37 1 1 49,143 "37";
38 0 1 6,123 "38";
39 1 1 17,127 "39";
40 1 0 5,52 "40";
41 0 0 11,57 "41";
42 2 1 31,50 "42";
43 1 1 37,112 "43";
44 2 1 31,139 "44";
45 1 0 86,125 "45";
46 0 0 63,161 "46";
47 1 1 64,147 "47";
48 0 1 72,127 "48";
49 1 1 44,160 "49";
50 0 0 44,101 "50";
51 1 0 10,63 "51";
52 2 1 26,54 "52";
53 2 0 70,75 "53";
54 2 1 70,74 "54";
55 0 0 50,78 "55";
56 1 0 82,106 "56";
57 0 1 13,100 "57";
58 0 1 34,118 "58";
59 0 1 145,146 "59";
60 0 0 39,62 "60";
61 2 0 105,152 "61";
62 0 1 45,93 "62";
63 1 0 39,151 "63";
64 1 0 22,164 "64";
65 2 0 28,86 "65";
66 2 0 39,112 "66";
67 1 0 20,76 "67";
68 2 0 144,154 "68";
69 1 1 20,52 "69";
70 2 0 20,145 "70";
71 1 1 11,100 "71";
72 1 0 1,120 "72";
73 1 0 133,142 "73";
74 1 1 28,48 "74";
75 2 1 73,111 "75";
76 2 1 23,95 "76";
77 2 1 97,155 "77";
78 1 1 114,132 "78";
79 0 1 48,89 "79";
80 1 0 42,81 "80";
81 0 0 64,145 "81";
82 2 1 28,66 "82";
83 1 0 155,156 "83";
84 0 0 27,109 "84";
85 1 1 51,134 "85";
86 2 0 110,129 "86";
87 0 1 3,86 "87";
88 0 0 121,163 "88";
89 1 0 99,106 "89";
90 0 1 66,116 "90";
91 2 1 11,33 "91";
92 1 0 10,135 "92";
93 1 0 88,96 "93";
94 2 1 86,139 "94";
95 1 0 17,144 "95";
96 2 0 118,125 "96";
97 0 1 108,161 "97";
98 0 1 112,116 "98";
99 1 1 67,136 "99";
100 1 1 53,128 "100";
101 2 0 55,94 "101";
102 2 0 26,136 "102";
103 1 0 92,139 "103";
104 2 1 39,147 "104";
105 0 0 9,58 "105";
106 2 0 63,145 "106";
107 2 0 43,149 "107";
108 2 0 77,162 "108";
109 0 1 40,86 "109";
110 1 0 49,65 "110";
111 2 1 25,38 "111";
112 0 1 30,133 "112";
113 0 1 75,154 "113";
114 2 1 6,132 "114";
115 1 0 53,80 "115";
116 0 1 49,97 "116";
117 0 1 13,145 "117";
118 2 0 14,117 "118";
119 2 1 16,73 "119";
120 1 0 52,67 "120";
121 0 0 59,78 "121";
122 1 1 61,67 "122";
123 1 0 119,144 "123";
124 0 0 9,81 "124";
125 2 0 22,91 "125";
126 2 0 97,121 "126";
127 2 1 156,158 "127";
128 2 0 31,47 "128";
129 0 1 28,158 "129";
130 1 1 66,82 "130";
131 1 1 138,144 "131";
132 1 1 1,151 "132";
133 1 0 29,79 "133";
134 2 0 113,152 "134";
135 0 0 8,84 "135";
136 2 0 63,147 "136";
137 0 1 94,124 "137";
138 0 0 5,132 "138";
139 1 0 62,100 "139";
140 2 1 81,97 "140";
141 2 0 64,115 "141";
142 1 0 90,100 "142";
143 0 1 12,110 "143";
144 2 0 25,35 "144";
145 2 0 18,50 "145";
146 2 1 16,92 "146";
147 0 1 14,21 "147";
148 1 1 121,161 "148";
149 2 1 78,144 "149";
150 2 1 99,124 "150";
151 1 1 17,100 "151";
152 2 1 39,157 "152";
153 1 1 34,120 "153";
154 2 0 42,70 "154";
155 2 0 87,141 "155";
156 1 1 74,148 "156";
157 1 0 8,13 "157";
158 1 1 28,147 "158";
159 2 0 30,94 "159";
160 2 1 0,25 "160";
161 2 1 76,82 "161";
162 1 0 148,160 "162";
163 1 1 127,143 "163";
164 0 0 89,103 "164";
