parity 189;
0 1 1 27,181 "0";
1 0 1 73,145 "1";
2 2 0 72,112 "2";
3 1 1 40,150 "3";
4 1 0 11,140 "4";
5 2 0 53,67 "5";
6 1 0 26,41 "6";
7 2 1 25,94 "7";
8 0 1 59,170 "8";
9 1 1 136,141 "9";
10 0 0 35,149 "10";
11 0 0 112,140 "11";
12 0 0 55,182 "12";
13 2 0 96,129 "13";
14 1 1 73,130 "14";
15 2 1 22,95 "15";
16 2 1 160,163 "16";
17 0 0 137,147 "17";
18 0 1 79,86 "18";
19 2 0 58,168 "19";
20 0 1 80,107 "20";
21 0 1 49,114 "21";
22 1 1 49,113 "22";
23 2 0 72,74 "23";
24 2 0 46,105 "24";
25 1 0 68,108 "25";
26 1 0 127,141 "26";
27 2 1 80,106 "27";
28 0 1 48,58 "28";
29 1 0 28,130 "29";
30 2 1 33,88 "30";
31 2 1 18,174 "31";
32 2 1 124,177 "32";
33 2 0 72,89 "33";
34 2 0 5,120 "34";
35 1 0 46,47 "35";
36 1 0 65,160 "36";
37 0 0 111,173 "37";
38 1 0 62,68 "38";
39 2 0 121,189 "39";
40 0 0 33,99 "40";
41 2 0 78,147 "41";
42 1 1 43,178 "42";
43 0 1 107,171 "43";
44 2 0 10,150 "44";
45 1 1 51,61 "45";
46 1 1 141,144 "46";
47 1 1 21,35 "47";
48 2 0 24,28 "48";
49 1 0 108,131 "49";
50 2 0 70,155 "50";
51 2 0 103,154 "51";
52 1 0 90,145 "52";
53 2 0 83,159 "53";
54 0 1 5,138 "54";
55 0 1 90,97 "55";
56 2 0 16,77 "56";
57 1 1 59,118 "57";
58 2 0 19,166 "58";
59 0 0 39,183 "59";
60 1 1 14,117 "60";
61 0 1 36,181 "61";
62 2 1 169,176 "62";
63 1 0 6,149 "63";
64 1 0 18,103 "64";
65 1 0 105,141 "65";
66 1 0 9,165 "66";
67 1 0 30,68 "67";
68 2 1 27,104 "68";
69 0 1 42,159 "69";
70 0 1 72,147 "70";
71 0 1 60,67 "71";
72 2 0 45,74 "72";
73 1 1 10,122 "73";
74 0 0 15,47 "74";
75 0 0 7,132 "75";
76 0 1 122,155 "76";
77 1 0 35,150 "77";
78 1 1 10,83 "78";
79 1 1 76,96 "79";
80 2 1 118,139 "80";
81 2 1 78,172 "81";
82 0 0 31,36 "82";
83 1 1 65,112 "83";
84 1 1 152,178 "84";
85 1 0 62,124 "85";
86 0 1 46,141 "86";
87 2 1 57,105 "87";
88 2 1 70,177 "88";
89 2 0 54,122 "89";
90 0 0 82,160 "90";
91 2 1 120,181 "91";
92 2 0 5,186 "92";
93 1 1 5,89 "93";
94 1 1 113,119 "94";
95 1 1 25,78 "95";
96 0 0 45,93 "96";
97 0 0 26,71 "97";
98 1 1 109,186 "98";
99 2 1 116,137 "99";
100 0 0 110,162 "100";
101 2 1 160,169 "101";
102 2 1 96,180 "102";
103 0 0 22,117 "103";
104 1 1 84,116 "104";
105 1 0 39,156 "105";
106 2 0 49,174 "106";
107 0 1 81,125 "107";
108 0 0 39,122 "108";
109 2 1 10,96 "109";
110 1 1 47,62 "110";
111 2 1 75,187 "111";
112 2 0 60,153 "112";
113 2 0 15,179 "113";
114 0 0 61,78 "114";
115 1 0 100,156 "115";
116 1 1 85,148 "116";
117 0 1 106,128 "117";
118 1 0 59,185 "118";
119 0 1 7,94 "119";
120 0 0 88,174 "120";
121 2 1 143,163 "121";
122 2 1 32,38 "122";
123 2 0 78,151 "123";
124 1 1 90,109 "124";
125 1 1 26,82 "125";
126 2 0 48,115 "126";
127 1 0 100,119 "127";
128 2 1 15,95 "128";
129 0 1 72,74 "129";
130 0 1 39,98 "130";
131 1 0 65,81 "131";
132 1 1 62,82 "132";
133 1 1 68,152 "133";
134 1 1 21,56 "134";
135 0 0 52,174 "135";
136 2 0 16,66 "136";
137 1 1 6,7 "137";
138 1 1 14,164 "138";
139 0 1 83,166 "139";
140 0 0 155,181 "140";
141 0 1 138,143 "141";
142 1 1 70,143 "142";
143 1 1 87,97 "143";
144 2 1 125,166 "144";
145 2 0 31,58 "145";
146 1 0 43,124 "146";
147 2 1 15,173 "147";
148 1 0 43,77 "148";
149 2 0 70,139 "149";
150 1 1 6,81 "150";
151 0 1 83,179 "151";
152 1 0 51,77 "152";
153 0 0 149,186 "153";
154 0 1 34,131 "154";
155 2 1 32,115 "155";
156 1 0 97,104 "156";
157 1 1 32,143 "157";
158 0 1 126,175 "158";
159 0 0 35,38 "159";
160 0 0 95,166 "160";
161 0 1 107,174 "161";
162 1 0 57,188 "162";
163 0 0 90,106 "163";
164 1 0 55,171 "164";
165 2 0 8,167 "165";
166 1 1 81,184 "166";
167 1 0 16,98 "167";
168 0 1 131,150 "168";
169 0 1 103,130 "169";
170 2 1 9,93 "170";
171 2 1 29,45 "171";
172 2 0 89,167 "172";
173 0 0 95,135 "173";
174 2 1 33,187 "174";
175 2 1 110,171 "175";
176 0 0 45,47 "176";
177 0 1 52,171 "177";
178 1 0 105,154 "178";
179 2 0 95,123 "179";
180 2 0 4,101 "180";
181 0 1 89,135 "181";
182 1 1 89,177 "182";
183 1 0 30,77 "183";
184 1 1 120,129 "184";
185 2 0 27,41 "185";
186 1 1 114,169 "186";
187 0 0 135,171 "187";
188 1 0 13,159 "188";
189 2 0 53,59 "189";
