parity 194;
0 0 0 77,157 "0";
1 1 0 15,102 "1";
2 0 1 39,123 "2";
3 0 1 58,109 "3";
4 0 1 28,107 "4";
5 2 0 151,170 "5";
6 2 0 155,167 "6";
7 2 1 66,156 "7";
8 0 1 19,104 "8";
9 1 1 48,66 "9";
10 2 1 120,186 "10";
11 0 0 25,87 "11";
12 0 0 169,187 "12";
13 0 0 155,188 "13";
14 1 1 97,127 "14";
15 2 1 48,185 "15";
16 2 0 11,69 "16";
17 2 0 164,191 "17";
18 1 0 130,148 "18";
19 1 0 64,77 "19";
20 2 0 39,162 "20";
21 2 1 65,176 "21";
22 1 1 28,98 "22";
23 1 0 106,113 "23";
24 1 0 96,126 "24";
25 2 0 77,175 "25";
26 0 1 59,79 "26";
27 2 0 100,133 "27";
28 1 1 23,172 "28";
29 1 1 32,114 "29";
30 1 0 16,162 "30";
31 0 0 16,60 "31";
32 2 0 31,119 "32";
33 1 1 2,171 "33";
34 1 1 89,154 "34";
35 2 1 14,32 "35";
36 2 1 55,191 "36";
37 0 0 90,113 "37";
38 1 0 28,102 "38";
39 0 1 4,167 "39";
40 1 1 6,158 "40";
41 1 0 13,193 "41";
42 1 1 61,72 "42";
43 2 0 7,144 "43";
44 0 1 18,77 "44";
45 2 0 66,89 "45";
46 2 1 20,161 "46";
47 2 0 9,158 "47";
48 2 0 29,151 "48";
49 2 1 8,102 "49";
50 0 1 139,158 "50";
51 2 0 50,168 "51";
52 1 0 123,132 "52";
53 2 1 33,134 "53";
54 2 1 145,156 "54";
55 2 1 129,150 "55";
56 0 0 177,187 "56";
57 2 1 187,192 "57";
58 2 0 71,133 "58";
59 1 1 89,109 "59";
60 2 0 88,164 "60";
61 1 1 92,132 "61";
62 1 1 15,154 "62";
63 1 1 96,129 "63";
64 2 1 77,170 "64";
65 1 0 58,117 "65";
66 1 1 15,173 "66";
67 1 1 46,115 "67";
68 0 1 119,170 "68";
69 0 1 6,113 "69";
70 2 0 36,190 "70";
71 0 1 57,183 "71";
72 0 0 42,101 "72";
73 2 1 34,146 "73";
74 1 1 103,165 "74";
75 1 0 161,166 "75";
76 0 1 26,50 "76";
77 1 0 30,171 "77";
78 0 0 19,49 "78";
79 0 0 42,90 "79";
80 2 1 51,171 "80";
81 2 0 44,175 "81";
82 0 1 79,138 "82";
83 0 0 72,104 "83";
84 1 0 51,83 "84";
85 1 0 55,192 "85";
86 1 0 41,186 "86";
87 1 1 70,105 "87";
88 0 1 20,114 "88";
89 1 1 66,96 "89";
90 1 1 66,171 "90";
91 1 0 4,96 "91";
92 1 1 140,189 "92";
93 2 1 157,184 "93";
94 0 1 65,177 "94";
95 1 0 122,179 "95";
96 1 0 1,141 "96";
97 0 1 85,95 "97";
98 1 1 127,184 "98";
99 0 0 6,49 "99";
100 0 0 76,110 "100";
101 0 1 50,191 "101";
102 1 1 3,173 "102";
103 1 0 88,159 "103";
104 0 1 74,89 "104";
105 1 0 71,112 "105";
106 1 1 34,37 "106";
107 1 0 136,146 "107";
108 0 1 88,140 "108";
109 1 0 107,148 "109";
110 0 0 95,184 "110";
111 0 0 160,175 "111";
112 2 1 57,105 "112";
113 2 1 70,124 "113";
114 2 1 6,16 "114";
115 1 0 63,170 "115";
116 2 1 60,90 "116";
117 0 1 66,184 "117";
118 0 1 19,92 "118";
119 2 1 132,167 "119";
120 0 0 17,136 "120";
121 1 0 109,133 "121";
122 2 1 28,127 "122";
123 0 1 110,125 "123";
124 0 0 110,188 "124";
125 2 0 172,175 "125";
126 1 0 18,160 "126";
127 2 1 79,171 "127";
128 0 1 60,88 "128";
129 1 1 130,149 "129";
130 1 1 21,127 "130";
131 1 0 29,115 "131";
132 0 0 35,151 "132";
133 2 1 107,110 "133";
134 1 0 51,185 "134";
135 1 0 33,142 "135";
136 0 1 104,152 "136";
137 1 1 161,167 "137";
138 2 0 115,179 "138";
139 1 0 142,171 "139";
140 0 1 149,155 "140";
141 2 0 27,146 "141";
142 2 0 44,86 "142";
143 2 0 94,175 "143";
144 1 1 2,16 "144";
145 2 1 44,132 "145";
146 2 1 19,69 "146";
147 1 1 28,155 "147";
148 0 0 52,55 "148";
149 2 0 59,159 "149";
150 2 0 53,186 "150";
151 1 1 171,175 "151";
152 1 0 46,72 "152";
153 2 0 4,76 "153";
154 1 1 147,149 "154";
155 2 1 34,114 "155";
156 1 1 73,186 "156";
157 0 1 38,49 "157";
158 2 1 72,84 "158";
159 0 0 127,192 "159";
160 2 0 25,85 "160";
161 0 1 30,78 "161";
162 1 0 50,130 "162";
163 2 0 57,185 "163";
164 0 1 87,144 "164";
165 2 1 12,146 "165";
166 1 0 59,95 "166";
167 0 0 0,189 "167";
168 2 1 127,151 "168";
169 1 0 62,177 "169";
170 0 0 24,51 "170";
171 2 1 69,84 "171";
172 2 1 87,173 "172";
173 1 0 23,88 "173";
174 0 0 114,158 "174";
175 0 0 42,93 "175";
176 1 0 47,143 "176";
177 1 1 135,143 "177";
178 1 0 77,82 "178";
179 1 1 44,86 "179";
180 1 1 146,150 "180";
181 0 1 102,143 "181";
182 0 1 77,90 "182";
183 0 0 113,173 "183";
184 0 0 73,134 "184";
185 1 0 22,81 "185";
186 0 1 161,190 "186";
187 2 1 24,169 "187";
188 1 0 26,143 "188";
189 1 0 60,177 "189";
190 1 0 22,178 "190";
191 1 1 36,159 "191";
192 1 1 26,84 "192";
193 0 1 37,56 "193";
194 2 0 35,76 "194";
