parity 109;
0 2 0 96,99 "0";
1 2 1 37,71 "1";
2 1 0 9,82 "2";
3 1 1 20,51 "3";
4 0 1 15,52 "4";
5 0 1 64,91 "5";
6 0 1 4,75 "6";
7 0 1 40,82 "7";
8 0 0 61,72 "8";
9 0 0 64,90 "9";
10 1 1 73,98 "10";
11 2 1 51,67 "11";
12 0 0 25,42 "12";
13 2 1 37,54 "13";
14 0 1 11,41 "14";
15 2 1 41,79 "15";
16 1 1 78,92 "16";
17 0 1 39,57 "17";
18 2 1 3,65 "18";
19 1 0 7,106 "19";
20 2 1 28,68 "20";
21 2 0 12,75 "21";
22 1 0 41,83 "22";
23 0 0 104,107 "23";
24 1 0 17,65 "24";
25 2 1 11,28 "25";
26 2 0 38,45 "26";
27 0 1 49,52 "27";
28 2 1 19,85 "28";
29 2 0 8,70 "29";
30 1 1 13,84 "30";
31 0 1 35,48 "31";
32 2 1 15,59 "32";
33 2 0 14,90 "33";
34 0 1 87,103 "34";
35 1 0 14,81 "35";
36 1 0 0,70 "36";
37 1 0 2,87 "37";
38 1 0 62,75 "38";
39 2 1 33,99 "39";
40 0 0 21,63 "40";
41 0 0 35,49 "41";
42 1 1 6,53 "42";
43 1 0 57,69 "43";
44 0 1 37,51 "44";
45 1 0 69,77 "45";
46 1 1 26,102 "46";
47 1 1 27,49 "47";
48 2 0 15,37 "48";
49 2 1 29,86 "49";
50 0 0 16,72 "50";
51 1 1 21,105 "51";
52 2 0 20,63 "52";
53 1 0 4,42 "53";
54 2 0 67,84 "54";
55 2 0 25,29 "55";
56 0 0 85,101 "56";
57 1 0 70,105 "57";
58 1 0 49,77 "58";
59 1 1 26,41 "59";
60 0 1 59,97 "60";
61 2 1 107,109 "61";
62 2 0 77,107 "62";
63 1 1 30,102 "63";
64 1 1 13,100 "64";
65 2 0 8,78 "65";
66 1 1 16,94 "66";
67 1 0 33,100 "67";
68 1 1 58,73 "68";
69 1 0 4,77 "69";
70 0 1 61,78 "70";
71 1 1 28,73 "71";
72 2 1 22,37 "72";
73 0 0 38,39 "73";
74 2 0 89,93 "74";
75 0 0 101,104 "75";
76 1 1 62,94 "76";
77 1 0 20,93 "77";
78 1 0 34,57 "78";
79 0 1 1,67 "79";
80 0 0 11,59 "80";
81 1 1 53,74 "81";
82 1 1 25,29 "82";
83 2 1 5,77 "83";
84 2 0 95,97 "84";
85 1 1 0,55 "85";
86 0 0 13,46 "86";
87 2 0 57,99 "87";
88 2 1 49,57 "88";
89 0 1 10,69 "89";
90 2 1 99,106 "90";
91 2 0 66,82 "91";
92 0 0 39,108 "92";
93 2 0 22,76 "93";
94 1 1 59,63 "94";
95 2 0 14,63 "95";
96 1 1 21,53 "96";
97 0 0 90,95 "97";
98 1 0 84,106 "98";
99 0 1 6,24 "99";
100 0 1 69,104 "100";
101 2 1 10,36 "101";
102 2 0 13,88 "102";
103 1 0 22,89 "103";
104 1 0 6,79 "104";
105 1 0 75,77 "105";
106 0 1 31,65 "106";
107 2 1 49,88 "107";
108 0 1 7,51 "108";
109 2 0 12,19 "109";
