parity 149;
0 2 0 101,126 "0";
1 1 1 61,65 "1";
2 0 1 60,101 "2";
3 2 0 16,103 "3";
4 0 1 59,140 "4";
5 2 1 3,21 "5";
6 0 1 92,141 "6";
7 1 0 24,127 "7";
8 0 0 82,109 "8";
9 1 1 26,34 "9";
10 2 1 0,106 "10";
11 2 1 72,129 "11";
12 0 0 107,128 "12";
13 1 0 127,138 "13";
14 0 1 49,64 "14";
15 0 0 91,103 "15";
16 0 1 3,35 "16";
17 0 0 49,120 "17";
18 1 0 42,103 "18";
19 2 0 86,120 "19";
20 1 1 40,60 "20";
21 1 1 58,98 "21";
22 2 0 105,143 "22";
23 1 0 6,49 "23";
24 2 1 30,32 "24";
25 2 0 18,39 "25";
26 2 1 65,102 "26";
27 2 0 52,109 "27";
28 0 0 112,129 "28";
29 1 0 0,135 "29";
30 1 1 33,69 "30";
31 1 1 28,117 "31";
32 1 1 73,75 "32";
33 1 1 31,65 "33";
34 2 1 100,135 "34";
35 0 1 0,116 "35";
36 1 1 51,98 "36";
37 2 1 68,123 "37";
38 0 1 76,123 "38";
39 2 1 140,144 "39";
40 2 1 52,116 "40";
41 1 1 19,61 "41";
42 0 1 108,126 "42";
43 0 0 47,63 "43";
44 1 0 43,138 "44";
45 1 1 1,78 "45";
46 2 0 34,82 "46";
47 1 0 66,111 "47";
48 1 1 73,128 "48";
49 2 1 133,138 "49";
50 0 1 37,67 "50";
51 2 1 53,139 "51";
52 0 1 54,144 "52";
53 0 0 41,103 "53";
54 0 0 48,120 "54";
55 0 0 99,122 "55";
56 0 0 94,98 "56";
57 0 0 3,22 "57";
58 0 1 55,135 "58";
59 0 0 2,81 "59";
60 1 1 64,138 "60";
61 2 1 32,89 "61";
62 0 0 83,102 "62";
63 2 0 55,57 "63";
64 1 1 107,128 "64";
65 1 1 74,122 "65";
66 0 0 35,134 "66";
67 2 1 63,79 "67";
68 0 0 77,105 "68";
69 1 1 33,112 "69";
70 0 0 24,139 "70";
71 2 1 13,119 "71";
72 1 0 32,73 "72";
73 0 1 3,16 "73";
74 1 1 101,134 "74";
75 1 1 11,25 "75";
76 2 0 97,130 "76";
77 0 1 42,106 "77";
78 0 0 14,111 "78";
79 0 1 58,94 "79";
80 1 1 14,15 "80";
81 2 1 13,49 "81";
82 1 1 127,143 "82";
83 0 0 64,66 "83";
84 0 0 29,34 "84";
85 2 1 28,129 "85";
86 0 1 25,41 "86";
87 0 1 57,146 "87";
88 2 0 73,83 "88";
89 2 1 92,127 "89";
90 2 0 66,93 "90";
91 0 1 113,143 "91";
92 1 0 9,54 "92";
93 1 1 21,51 "93";
94 2 0 90,139 "94";
95 0 1 2,73 "95";
96 1 0 46,101 "96";
97 0 0 66,90 "97";
98 1 0 19,107 "98";
99 0 0 55,116 "99";
100 1 1 55,116 "100";
101 1 0 45,107 "101";
102 1 1 92,129 "102";
103 1 1 7,72 "103";
104 1 0 21,44 "104";
105 1 1 56,132 "105";
106 0 1 128,147 "106";
107 2 1 68,104 "107";
108 2 0 31,69 "108";
109 1 1 54,114 "109";
110 0 1 78,99 "110";
111 2 1 48,85 "111";
112 0 1 117,144 "112";
113 0 0 85,114 "113";
114 1 1 67,103 "114";
115 1 0 75,130 "115";
116 1 1 11,87 "116";
117 2 1 14,16 "117";
118 2 1 23,142 "118";
119 1 0 2,106 "119";
120 1 1 31,79 "120";
121 0 0 78,81 "121";
122 2 1 53,60 "122";
123 0 0 8,16 "123";
124 2 1 71,105 "124";
125 2 0 80,105 "125";
126 1 1 105,110 "126";
127 2 1 18,142 "127";
128 2 0 20,69 "128";
129 1 1 38,148 "129";
130 1 0 6,29 "130";
131 0 1 63,136 "131";
132 0 1 86,141 "132";
133 2 1 3,106 "133";
134 2 0 74,129 "134";
135 2 1 54,69 "135";
136 1 0 41,63 "136";
137 2 0 61,92 "137";
138 2 0 56,102 "138";
139 1 1 36,126 "139";
140 1 1 64,93 "140";
141 0 0 8,97 "141";
142 1 1 36,105 "142";
143 2 0 4,138 "143";
144 1 1 104,141 "144";
145 0 1 16,109 "145";
146 0 1 93,148 "146";
147 2 0 70,97 "147";
148 1 0 19,128 "148";
149 2 0 45,123 "149";
