parity 99;
0 2 1 10,88 "0";
1 1 1 24,95 "1";
2 2 1 6,35 "2";
3 2 0 11,46 "3";
4 0 1 72,85 "4";
5 2 0 29,82 "5";
6 1 1 55,73 "6";
7 1 1 20,95 "7";
8 0 0 18,83 "8";
9 0 1 7,46 "9";
10 0 0 29,80 "10";
11 2 1 68,81 "11";
12 1 0 78,86 "12";
13 1 0 31,94 "13";
14 2 1 56,93 "14";
15 1 1 57,86 "15";
16 0 0 13,86 "16";
17 0 0 31,43 "17";
18 0 0 58,86 "18";
19 1 0 40,89 "19";
20 2 0 53,79 "20";
21 1 0 14,81 "21";
22 0 1 34,60 "22";
23 0 0 43,98 "23";
24 1 1 74,94 "24";
25 1 0 10,81 "25";
26 0 0 6,88 "26";
27 2 0 44,55 "27";
28 1 0 12,65 "28";
29 0 0 58,79 "29";
30 2 0 6,64 "30";
31 2 0 32,60 "31";
32 2 0 20,78 "32";
33 1 0 50,91 "33";
34 0 1 26,88 "34";
35 2 0 8,30 "35";
36 1 0 16,27 "36";
37 0 0 19,55 "37";
38 2 0 21,64 "38";
39 1 1 33,92 "39";
40 1 0 22,83 "40";
41 0 1 71,83 "41";
42 0 0 63,72 "42";
43 0 1 4,53 "43";
44 2 1 43,55 "44";
45 1 1 30,99 "45";
46 2 1 25,30 "46";
47 0 0 71,77 "47";
48 1 0 68,81 "48";
49 2 1 25,72 "49";
50 1 0 35,84 "50";
51 0 1 13,53 "51";
52 0 0 69,75 "52";
53 2 1 12,43 "53";
54 1 0 10,28 "54";
55 2 0 3,71 "55";
56 1 0 8,83 "56";
57 2 0 32,60 "57";
58 0 1 23,51 "58";
59 2 0 56,89 "59";
60 2 1 30,39 "60";
61 2 1 6,12 "61";
62 1 0 94,99 "62";
63 0 0 7,55 "63";
64 1 0 30,63 "64";
65 1 1 42,68 "65";
66 0 0 19,34 "66";
67 2 0 71,98 "67";
68 2 1 53,55 "68";
69 2 0 55,65 "69";
70 2 0 19,99 "70";
71 2 1 32,51 "71";
72 1 0 17,20 "72";
73 1 0 34,97 "73";
74 1 1 39,64 "74";
75 0 1 6,33 "75";
76 1 0 43,91 "76";
77 0 0 12,30 "77";
78 1 1 67,84 "78";
79 1 0 83,89 "79";
80 1 1 20,62 "80";
81 2 0 29,82 "81";
82 1 0 41,79 "82";
83 1 1 29,35 "83";
84 1 1 57,76 "84";
85 0 0 23,97 "85";
86 2 1 30,68 "86";
87 1 1 25,56 "87";
88 1 1 9,47 "88";
89 2 0 3,35 "89";
90 0 1 42,54 "90";
91 2 0 17,64 "91";
92 0 1 7,60 "92";
93 1 1 81,98 "93";
94 2 0 53,62 "94";
95 2 0 22,92 "95";
96 1 0 76,81 "96";
97 2 0 23,33 "97";
98 2 0 10,75 "98";
99 1 1 18,69 "99";
