parity 169;
0 2 1 70,86 "0";
1 2 0 8,17 "1";
2 2 0 8,83 "2";
3 2 0 40,113 "3";
4 0 0 15,93 "4";
5 1 1 26,40 "5";
6 0 0 0,167 "6";
7 1 0 31,47 "7";
8 0 1 22,97 "8";
9 2 1 65,77 "9";
10 1 1 9,116 "10";
11 1 1 27,32 "11";
12 1 1 7,93 "12";
13 1 0 63,162 "13";
14 0 1 17,166 "14";
15 1 1 75,93 "15";
16 2 0 44,90 "16";
17 2 0 24,115 "17";
18 1 1 109,123 "18";
19 2 1 88,148 "19";
20 1 1 28,158 "20";
21 2 0 22,85 "21";
22 2 1 40,75 "22";
23 2 0 108,122 "23";
24 2 1 2,27 "24";
25 0 0 134,144 "25";
26 0 0 80,86 "26";
27 1 1 110,111 "27";
28 1 1 45,168 "28";
29 0 1 120,166 "29";
30 2 1 113,115 "30";
31 0 1 161,165 "31";
32 2 1 57,105 "32";
33 2 0 119,120 "33";
34 1 0 22,102 "34";
35 0 1 58,62 "35";
36 2 0 88,102 "36";
37 0 0 75,145 "37";
38 1 0 16,167 "38";
39 1 1 65,118 "39";
40 1 1 123,132 "40";
41 0 0 4,34 "41";
42 2 0 25,94 "42";
43 1 1 36,80 "43";
44 2 1 135,139 "44";
45 1 0 159,166 "45";
46 1 1 6,125 "46";
47 2 0 121,150 "47";
48 0 0 35,96 "48";
49 2 0 138,169 "49";
50 1 1 42,87 "50";
51 2 1 48,66 "51";
52 2 1 63,116 "52";
53 1 0 16,74 "53";
54 1 0 109,152 "54";
55 2 0 59,135 "55";
56 2 1 38,95 "56";
57 1 1 19,109 "57";
58 0 0 14,148 "58";
59 0 0 24,52 "59";
60 1 0 14,56 "60";
61 2 0 103,145 "61";
62 0 1 63,143 "62";
63 1 0 53,123 "63";
64 0 0 151,156 "64";
65 0 1 37,70 "65";
66 2 1 80,85 "66";
67 0 0 65,78 "67";
68 1 0 17,119 "68";
69 1 1 9,137 "69";
70 0 0 33,82 "70";
71 1 0 28,78 "71";
72 2 1 64,160 "72";
73 2 1 28,39 "73";
74 0 1 107,166 "74";
75 0 1 62,101 "75";
76 0 0 56,150 "76";
77 2 1 113,161 "77";
78 0 0 76,90 "78";
79 2 0 45,108 "79";
80 1 1 132,147 "80";
81 0 1 31,48 "81";
82 2 0 85,117 "82";
83 2 0 103,124 "83";
84 2 1 21,128 "84";
85 0 0 32,150 "85";
86 0 0 10,77 "86";
87 2 1 27,101 "87";
88 1 1 107,164 "88";
89 0 0 30,100 "89";
90 0 0 66,69 "90";
91 0 1 77,101 "91";
92 1 1 41,59 "92";
93 2 1 15,120 "93";
94 2 0 32,38 "94";
95 2 1 134,162 "95";
96 0 0 48,75 "96";
97 2 1 154,164 "97";
98 2 0 21,33 "98";
99 1 0 56,69 "99";
100 1 0 3,27 "100";
101 2 0 31,58 "101";
102 2 1 110,161 "102";
103 1 0 35,91 "103";
104 0 0 13,153 "104";
105 1 0 100,119 "105";
106 0 0 18,153 "106";
107 0 1 41,141 "107";
108 2 0 133,146 "108";
109 1 1 47,96 "109";
110 2 1 69,155 "110";
111 0 0 87,122 "111";
112 0 0 50,120 "112";
113 1 0 16,117 "113";
114 2 0 86,104 "114";
115 0 1 2,79 "115";
116 2 1 21,58 "116";
117 2 0 41,48 "117";
118 2 1 3,28 "118";
119 2 0 30,92 "119";
120 0 0 104,135 "120";
121 1 1 7,93 "121";
122 1 1 41,114 "122";
123 0 1 85,167 "123";
124 0 1 19,62 "124";
125 1 1 16,135 "125";
126 0 0 118,152 "126";
127 1 0 101,114 "127";
128 1 1 18,85 "128";
129 0 0 112,122 "129";
130 1 1 2,89 "130";
131 0 1 142,151 "131";
132 1 1 65,94 "132";
133 2 0 64,152 "133";
134 1 1 81,169 "134";
135 1 1 14,77 "135";
136 0 1 50,72 "136";
137 0 1 72,92 "137";
138 1 1 109,115 "138";
139 0 1 18,101 "139";
140 2 1 34,48 "140";
141 1 1 102,153 "141";
142 0 0 31,122 "142";
143 2 0 111,167 "143";
144 1 0 23,28 "144";
145 2 1 50,118 "145";
146 1 0 110,143 "146";
147 0 1 31,160 "147";
148 2 0 149,158 "148";
149 1 0 24,163 "149";
150 2 0 2,146 "150";
151 2 0 57,98 "151";
152 2 1 76,126 "152";
153 2 0 57,63 "153";
154 1 0 21,90 "154";
155 1 1 41,52 "155";
156 2 0 61,120 "156";
157 1 1 58,104 "157";
158 0 1 51,57 "158";
159 2 0 31,142 "159";
160 1 1 14,138 "160";
161 0 1 40,123 "161";
162 1 1 148,159 "162";
163 1 0 70,151 "163";
164 2 1 54,109 "164";
165 0 1 56,162 "165";
166 1 1 111,125 "166";
167 2 0 94,96 "167";
168 0 1 20,84 "168";
169 2 1 33,122 "169";
