parity 189;
0 2 1 8,32 "0";
1 0 1 35,39 "1";
2 2 0 59,185 "2";
3 1 0 32,37 "3";
4 1 0 63,175 "4";
5 1 1 107,154 "5";
6 0 1 98,156 "6";
7 1 1 161,177 "7";
8 0 0 29,128 "8";
9 1 1 45,92 "9";
10 0 1 125,127 "10";
11 2 1 32,62 "11";
12 1 1 84,133 "12";
13 1 1 31,132 "13";
14 0 0 124,150 "14";
15 0 0 64,108 "15";
16 0 1 104,133 "16";
17 0 0 27,98 "17";
18 0 0 131,135 "18";
19 1 0 129,187 "19";
20 0 0 49,52 "20";
21 1 1 60,94 "21";
22 0 0 126,164 "22";
23 2 1 40,45 "23";
24 1 1 36,157 "24";
25 1 0 37,122 "25";
26 0 0 45,156 "26";
27 1 0 7,76 "27";
28 2 0 33,153 "28";
29 0 1 98,175 "29";
30 0 1 65,157 "30";
31 0 0 52,88 "31";
32 0 1 104,127 "32";
33 2 1 49,111 "33";
34 1 0 72,119 "34";
35 1 0 17,134 "35";
36 0 1 57,79 "36";
37 2 0 17,98 "37";
38 0 1 58,134 "38";
39 0 0 42,134 "39";
40 1 0 163,185 "40";
41 1 1 54,174 "41";
42 0 0 63,165 "42";
43 2 0 11,99 "43";
44 2 1 16,167 "44";
45 0 0 60,174 "45";
46 0 0 107,189 "46";
47 1 1 3,111 "47";
48 1 1 51,141 "48";
49 2 0 41,133 "49";
50 0 1 64,150 "50";
51 0 0 33,54 "51";
52 2 0 43,152 "52";
53 2 1 38,167 "53";
54 1 1 115,123 "54";
55 2 0 74,110 "55";
56 2 0 9,109 "56";
57 1 1 51,149 "57";
58 2 1 24,152 "58";
59 0 1 177,178 "59";
60 2 1 27,36 "60";
61 2 1 26,95 "61";
62 2 1 103,136 "62";
63 2 1 110,179 "63";
64 2 1 60,150 "64";
65 0 1 0,171 "65";
66 0 1 15,109 "66";
67 1 1 91,135 "67";
68 1 1 57,74 "68";
69 2 0 74,149 "69";
70 0 1 105,138 "70";
71 1 0 88,141 "71";
72 2 0 12,36 "72";
73 0 0 50,65 "73";
74 2 0 53,77 "74";
75 0 0 67,81 "75";
76 2 1 86,118 "76";
77 0 0 26,165 "77";
78 1 1 40,81 "78";
79 0 1 108,184 "79";
80 1 1 149,169 "80";
81 1 0 15,76 "81";
82 2 1 36,76 "82";
83 1 0 84,177 "83";
84 2 0 15,42 "84";
85 1 1 47,77 "85";
86 2 0 58,133 "86";
87 2 0 45,162 "87";
88 1 1 19,63 "88";
89 0 0 130,185 "89";
90 1 0 67,150 "90";
91 1 0 22,98 "91";
92 0 0 18,149 "92";
93 1 1 137,182 "93";
94 2 0 66,178 "94";
95 0 1 16,41 "95";
96 1 1 94,176 "96";
97 0 0 141,187 "97";
98 2 0 58,181 "98";
99 0 1 2,71 "99";
100 0 0 157,173 "100";
101 1 0 60,156 "101";
102 2 0 46,63 "102";
103 0 0 75,164 "103";
104 0 0 50,138 "104";
105 0 0 68,93 "105";
106 2 0 44,56 "106";
107 0 1 119,142 "107";
108 0 0 61,188 "108";
109 1 1 5,155 "109";
110 1 1 78,112 "110";
111 0 0 6,76 "111";
112 1 0 151,177 "112";
113 2 0 140,182 "113";
114 1 0 25,138 "114";
115 0 1 69,117 "115";
116 1 0 13,51 "116";
117 0 1 50,53 "117";
118 2 0 69,103 "118";
119 1 0 9,155 "119";
120 0 1 50,122 "120";
121 0 0 11,20 "121";
122 2 0 88,110 "122";
123 0 0 39,131 "123";
124 1 0 61,137 "124";
125 0 1 120,163 "125";
126 1 1 47,150 "126";
127 1 1 121,124 "127";
128 2 1 31,134 "128";
129 0 1 43,168 "129";
130 1 1 145,173 "130";
131 1 0 125,172 "131";
132 2 1 17,169 "132";
133 2 1 5,84 "133";
134 1 1 2,44 "134";
135 2 1 39,144 "135";
136 2 1 16,35 "136";
137 0 1 44,78 "137";
138 1 0 94,140 "138";
139 1 0 96,158 "139";
140 0 0 45,112 "140";
141 1 0 63,99 "141";
142 1 0 76,162 "142";
143 0 1 38,117 "143";
144 0 1 3,179 "144";
145 0 1 11,39 "145";
146 1 0 22,92 "146";
147 0 1 58,80 "147";
148 2 1 27,77 "148";
149 1 0 95,178 "149";
150 1 1 99,139 "150";
151 2 1 143,159 "151";
152 0 0 61,87 "152";
153 1 1 134,149 "153";
154 2 1 15,157 "154";
155 0 1 144,182 "155";
156 2 0 21,53 "156";
157 1 1 51,141 "157";
158 1 0 10,167 "158";
159 1 1 92,97 "159";
160 0 1 15,87 "160";
161 0 1 116,152 "161";
162 2 0 67,158 "162";
163 0 1 3,14 "163";
164 2 0 16,170 "164";
165 0 1 107,111 "165";
166 2 0 11,43 "166";
167 1 1 9,185 "167";
168 0 0 20,128 "168";
169 1 1 5,170 "169";
170 1 1 1,137 "170";
171 1 0 109,187 "171";
172 2 1 11,163 "172";
173 2 1 40,63 "173";
174 1 1 69,141 "174";
175 1 0 21,23 "175";
176 1 1 36,169 "176";
177 1 1 23,109 "177";
178 1 1 20,141 "178";
179 2 0 60,154 "179";
180 0 1 109,175 "180";
181 1 0 60,159 "181";
182 2 0 1,34 "182";
183 1 0 97,143 "183";
184 1 1 27,75 "184";
185 2 1 165,171 "185";
186 2 1 67,108 "186";
187 1 1 13,41 "187";
188 2 0 20,25 "188";
189 1 1 117,145 "189";
