parity 174;
0 2 1 58,157 "0";
1 1 0 25,40 "1";
2 1 0 130,170 "2";
3 1 0 115,144 "3";
4 2 1 8,167 "4";
5 2 1 68,130 "5";
6 1 1 130,132 "6";
7 0 0 151,152 "7";
8 0 1 40,113 "8";
9 1 1 35,36 "9";
10 1 0 3,58 "10";
11 1 1 95,102 "11";
12 2 1 131,137 "12";
13 2 0 83,98 "13";
14 1 1 22,155 "14";
15 0 1 2,87 "15";
16 2 0 6,133 "16";
17 1 0 51,75 "17";
18 1 1 65,114 "18";
19 0 0 35,66 "19";
20 0 0 32,65 "20";
21 2 1 118,166 "21";
22 1 1 16,108 "22";
23 2 0 31,92 "23";
24 2 0 5,124 "24";
25 0 0 42,46 "25";
26 2 0 42,43 "26";
27 2 0 123,135 "27";
28 2 1 1,44 "28";
29 0 1 5,167 "29";
30 1 0 15,103 "30";
31 0 0 73,94 "31";
32 1 1 13,136 "32";
33 2 0 43,76 "33";
34 1 1 31,107 "34";
35 2 0 91,136 "35";
36 0 0 49,123 "36";
37 0 0 45,111 "37";
38 2 1 17,113 "38";
39 1 1 87,118 "39";
40 1 0 97,112 "40";
41 0 1 150,158 "41";
42 0 0 25,122 "42";
43 1 1 5,18 "43";
44 1 0 8,61 "44";
45 0 1 94,165 "45";
46 1 1 13,173 "46";
47 1 0 81,97 "47";
48 0 0 121,136 "48";
49 1 1 17,130 "49";
50 1 1 125,128 "50";
51 2 0 7,78 "51";
52 1 0 35,149 "52";
53 0 0 18,30 "53";
54 0 0 28,103 "54";
55 0 0 77,171 "55";
56 1 0 22,51 "56";
57 0 1 88,171 "57";
58 0 1 3,93 "58";
59 2 1 82,165 "59";
60 2 1 133,137 "60";
61 2 0 65,98 "61";
62 1 1 13,104 "62";
63 1 0 37,152 "63";
64 1 1 21,168 "64";
65 1 0 9,87 "65";
66 0 0 14,93 "66";
67 1 1 42,88 "67";
68 2 1 9,134 "68";
69 0 1 68,125 "69";
70 2 1 53,134 "70";
71 0 1 44,119 "71";
72 0 0 97,165 "72";
73 2 1 138,146 "73";
74 0 1 27,171 "74";
75 1 1 31,146 "75";
76 2 1 38,156 "76";
77 2 0 75,109 "77";
78 0 0 9,89 "78";
79 1 1 37,148 "79";
80 0 0 71,144 "80";
81 2 0 113,165 "81";
82 1 0 1,76 "82";
83 1 0 65,141 "83";
84 1 0 58,149 "84";
85 2 0 9,95 "85";
86 1 1 104,115 "86";
87 1 1 131,152 "87";
88 0 1 9,115 "88";
89 0 1 125,156 "89";
90 2 1 97,140 "90";
91 0 1 141,157 "91";
92 2 0 69,124 "92";
93 2 1 5,133 "93";
94 2 0 5,156 "94";
95 0 1 15,93 "95";
96 0 1 148,153 "96";
97 1 1 63,72 "97";
98 0 1 28,76 "98";
99 0 0 14,69 "99";
100 0 1 112,131 "100";
101 0 0 165,167 "101";
102 0 1 119,121 "102";
103 2 1 9,134 "103";
104 1 0 136,152 "104";
105 1 0 24,50 "105";
106 1 1 59,103 "106";
107 2 0 53,117 "107";
108 2 0 51,168 "108";
109 0 1 70,85 "109";
110 1 1 62,142 "110";
111 0 0 130,162 "111";
112 0 0 26,125 "112";
113 0 1 24,149 "113";
114 1 1 117,161 "114";
115 1 0 32,86 "115";
116 1 0 70,88 "116";
117 2 0 89,158 "117";
118 1 0 65,159 "118";
119 1 1 17,117 "119";
120 0 1 22,28 "120";
121 2 0 18,53 "121";
122 0 0 2,8 "122";
123 0 0 9,117 "123";
124 1 1 23,133 "124";
125 1 0 102,129 "125";
126 2 0 15,31 "126";
127 1 1 15,106 "127";
128 1 0 72,130 "128";
129 0 0 38,159 "129";
130 0 1 16,83 "130";
131 2 0 26,156 "131";
132 1 1 22,44 "132";
133 0 0 17,92 "133";
134 2 1 87,114 "134";
135 0 0 87,171 "135";
136 0 0 11,53 "136";
137 0 0 51,57 "137";
138 0 1 103,149 "138";
139 1 1 28,165 "139";
140 2 0 71,73 "140";
141 1 0 86,104 "141";
142 1 0 9,166 "142";
143 2 0 94,106 "143";
144 0 1 104,166 "144";
145 2 1 78,118 "145";
146 1 0 68,144 "146";
147 2 1 28,74 "147";
148 1 1 15,24 "148";
149 1 1 35,122 "149";
150 2 0 70,162 "150";
151 0 0 21,126 "151";
152 1 1 73,121 "152";
153 0 0 13,48 "153";
154 1 1 85,159 "154";
155 0 1 112,125 "155";
156 1 1 16,105 "156";
157 0 0 60,66 "157";
158 2 0 20,85 "158";
159 1 1 70,117 "159";
160 0 1 131,170 "160";
161 1 0 21,148 "161";
162 1 0 141,151 "162";
163 0 1 10,110 "163";
164 2 0 73,167 "164";
165 2 1 28,116 "165";
166 0 1 46,112 "166";
167 0 1 10,79 "167";
168 0 0 42,124 "168";
169 1 0 6,20 "169";
170 1 0 38,85 "170";
171 0 0 45,111 "171";
172 0 0 55,109 "172";
173 1 0 79,128 "173";
174 0 1 59,161 "174";
