parity 169;
0 0 0 117,160 "0";
1 1 0 17,133 "1";
2 1 1 117,132 "2";
3 1 0 103,133 "3";
4 0 1 107,151 "4";
5 0 1 49,123 "5";
6 2 0 95,116 "6";
7 1 1 110,141 "7";
8 1 1 47,100 "8";
9 1 0 34,71 "9";
10 0 1 67,116 "10";
11 2 1 79,166 "11";
12 1 0 58,134 "12";
13 0 0 24,152 "13";
14 2 0 9,129 "14";
15 2 0 58,77 "15";
16 2 1 124,134 "16";
17 2 0 25,123 "17";
18 2 0 74,110 "18";
19 1 0 78,82 "19";
20 2 1 29,162 "20";
21 1 0 3,159 "21";
22 1 0 65,118 "22";
23 0 0 10,156 "23";
24 0 1 90,133 "24";
25 1 0 22,34 "25";
26 1 0 68,126 "26";
27 0 0 49,95 "27";
28 0 0 55,78 "28";
29 0 0 60,75 "29";
30 1 1 101,107 "30";
31 1 1 164,166 "31";
32 1 1 64,148 "32";
33 1 0 94,166 "33";
34 2 0 0,19 "34";
35 1 0 139,142 "35";
36 2 1 59,103 "36";
37 2 0 119,168 "37";
38 2 1 26,115 "38";
39 0 1 73,98 "39";
40 2 0 22,79 "40";
41 0 1 21,77 "41";
42 2 1 98,138 "42";
43 1 1 4,14 "43";
44 2 0 38,92 "44";
45 0 0 0,98 "45";
46 1 1 76,164 "46";
47 2 0 10,16 "47";
48 2 1 50,136 "48";
49 1 0 17,31 "49";
50 1 1 99,114 "50";
51 1 0 13,76 "51";
52 0 1 42,88 "52";
53 0 0 17,44 "53";
54 0 1 33,168 "54";
55 2 0 11,161 "55";
56 0 0 36,146 "56";
57 0 0 4,95 "57";
58 1 0 8,59 "58";
59 1 0 88,97 "59";
60 2 0 26,169 "60";
61 2 0 110,155 "61";
62 1 0 49,116 "62";
63 0 1 11,145 "63";
64 0 1 51,114 "64";
65 1 0 94,150 "65";
66 0 1 80,123 "66";
67 0 1 130,161 "67";
68 2 1 87,120 "68";
69 1 1 6,33 "69";
70 0 1 2,32 "70";
71 2 1 35,85 "71";
72 1 1 13,126 "72";
73 2 1 57,146 "73";
74 2 1 14,34 "74";
75 0 1 57,131 "75";
76 1 1 5,97 "76";
77 0 0 68,158 "77";
78 1 1 79,151 "78";
79 1 1 91,113 "79";
80 1 0 10,152 "80";
81 1 0 20,98 "81";
82 0 0 24,137 "82";
83 1 1 24,129 "83";
84 1 1 114,127 "84";
85 0 0 80,125 "85";
86 1 1 13,68 "86";
87 2 1 51,86 "87";
88 2 0 35,60 "88";
89 1 1 37,95 "89";
90 2 0 56,132 "90";
91 0 1 62,84 "91";
92 1 1 40,111 "92";
93 0 1 45,113 "93";
94 1 0 59,148 "94";
95 0 0 50,125 "95";
96 0 0 9,22 "96";
97 0 1 86,107 "97";
98 2 0 5,92 "98";
99 1 1 2,31 "99";
100 2 0 47,121 "100";
101 0 0 94,117 "101";
102 1 0 44,72 "102";
103 0 1 46,121 "103";
104 1 0 50,117 "104";
105 1 0 89,121 "105";
106 0 1 24,34 "106";
107 1 1 51,102 "107";
108 2 0 98,132 "108";
109 1 0 75,148 "109";
110 2 1 34,119 "110";
111 2 1 70,136 "111";
112 0 1 130,141 "112";
113 2 1 108,133 "113";
114 1 1 80,96 "114";
115 2 0 35,127 "115";
116 2 1 59,143 "116";
117 0 1 103,160 "117";
118 2 0 12,70 "118";
119 1 0 29,57 "119";
120 1 0 23,74 "120";
121 2 0 88,155 "121";
122 1 0 124,149 "122";
123 0 0 65,163 "123";
124 0 1 9,97 "124";
125 2 0 117,138 "125";
126 1 1 106,150 "126";
127 2 1 58,150 "127";
128 2 0 25,164 "128";
129 0 1 36,110 "129";
130 2 1 61,158 "130";
131 2 0 50,127 "131";
132 0 0 26,105 "132";
133 1 0 37,122 "133";
134 0 0 90,111 "134";
135 2 0 45,105 "135";
136 0 1 60,85 "136";
137 0 1 30,135 "137";
138 2 1 16,21 "138";
139 2 1 29,116 "139";
140 1 1 122,157 "140";
141 0 0 147,167 "141";
142 1 0 20,148 "142";
143 0 0 56,162 "143";
144 0 0 158,162 "144";
145 0 1 55,98 "145";
146 1 1 112,169 "146";
147 0 0 2,143 "147";
148 1 1 54,156 "148";
149 0 1 12,107 "149";
150 0 0 94,108 "150";
151 0 0 84,132 "151";
152 0 1 109,115 "152";
153 2 0 148,169 "153";
154 0 0 46,56 "154";
155 2 0 31,102 "155";
156 1 0 97,150 "156";
157 0 1 63,67 "157";
158 2 1 24,83 "158";
159 0 1 75,90 "159";
160 2 1 0,68 "160";
161 1 1 20,145 "161";
162 0 1 1,14 "162";
163 0 1 108,145 "163";
164 1 0 62,129 "164";
165 2 1 94,122 "165";
166 2 1 31,75 "166";
167 0 0 39,106 "167";
168 1 0 3,101 "168";
169 2 1 104,125 "169";
