parity 144;
0 0 1 42,80 "0";
1 0 1 25,90 "1";
2 0 1 89,139 "2";
3 1 0 46,81 "3";
4 1 0 67,135 "4";
5 1 1 1,101 "5";
6 2 0 103,120 "6";
7 2 1 2,15 "7";
8 1 1 91,110 "8";
9 2 1 37,46 "9";
10 2 1 9,19 "10";
11 2 1 7,69 "11";
12 2 0 38,128 "12";
13 2 1 19,92 "13";
14 2 0 15,88 "14";
15 1 1 27,35 "15";
16 2 1 2,106 "16";
17 0 0 68,115 "17";
18 0 0 42,52 "18";
19 1 0 61,116 "19";
20 2 1 119,137 "20";
21 0 0 31,128 "21";
22 1 0 58,66 "22";
23 2 1 51,97 "23";
24 0 0 41,133 "24";
25 2 0 75,122 "25";
26 2 1 6,44 "26";
27 2 1 63,89 "27";
28 1 0 35,80 "28";
29 0 1 79,135 "29";
30 1 0 119,144 "30";
31 0 0 96,113 "31";
32 1 1 73,133 "32";
33 1 0 108,114 "33";
34 1 0 74,130 "34";
35 1 0 67,119 "35";
36 2 0 50,77 "36";
37 0 0 118,123 "37";
38 1 0 64,79 "38";
39 0 1 85,136 "39";
40 1 1 14,65 "40";
41 0 0 105,131 "41";
42 0 0 27,54 "42";
43 2 0 48,52 "43";
44 2 0 41,143 "44";
45 1 0 31,59 "45";
46 0 1 69,76 "46";
47 2 0 23,44 "47";
48 0 1 14,88 "48";
49 1 0 87,100 "49";
50 0 0 85,122 "50";
51 1 0 6,96 "51";
52 1 0 23,59 "52";
53 1 0 32,72 "53";
54 1 1 10,126 "54";
55 1 0 9,129 "55";
56 1 1 17,131 "56";
57 2 0 34,76 "57";
58 2 1 81,82 "58";
59 2 0 34,133 "59";
60 2 1 15,110 "60";
61 2 0 130,140 "61";
62 1 1 54,101 "62";
63 2 0 48,58 "63";
64 1 0 129,140 "64";
65 2 0 89,114 "65";
66 1 1 108,132 "66";
67 2 0 46,126 "67";
68 1 1 88,118 "68";
69 1 1 21,118 "69";
70 0 1 19,80 "70";
71 0 0 13,42 "71";
72 2 0 43,83 "72";
73 2 0 2,6 "73";
74 0 0 1,73 "74";
75 0 1 16,110 "75";
76 2 1 35,123 "76";
77 2 0 123,133 "77";
78 2 1 24,98 "78";
79 2 0 90,111 "79";
80 0 1 45,55 "80";
81 0 0 33,117 "81";
82 1 1 17,20 "82";
83 2 1 48,82 "83";
84 2 0 26,88 "84";
85 1 1 76,79 "85";
86 2 1 0,59 "86";
87 0 1 56,85 "87";
88 0 0 5,98 "88";
89 1 0 94,106 "89";
90 1 1 56,137 "90";
91 1 0 110,118 "91";
92 2 1 59,105 "92";
93 0 0 56,92 "93";
94 2 0 66,134 "94";
95 0 1 29,48 "95";
96 0 1 123,133 "96";
97 2 0 31,45 "97";
98 0 0 37,105 "98";
99 1 1 48,50 "99";
100 0 0 4,48 "100";
101 1 1 9,124 "101";
102 1 1 96,98 "102";
103 2 0 4,101 "103";
104 2 1 6,130 "104";
105 1 0 12,26 "105";
106 1 1 5,83 "106";
107 1 0 89,102 "107";
108 2 0 87,129 "108";
109 0 0 7,49 "109";
110 1 0 55,76 "110";
111 2 0 4,56 "111";
112 2 0 2,97 "112";
113 0 0 31,32 "113";
114 2 0 38,92 "114";
115 1 0 124,130 "115";
116 0 1 6,101 "116";
117 1 1 48,139 "117";
118 2 1 54,121 "118";
119 0 1 3,134 "119";
120 1 1 68,87 "120";
121 0 0 40,124 "121";
122 0 1 10,40 "122";
123 1 0 50,142 "123";
124 1 0 139,140 "124";
125 2 1 45,69 "125";
126 2 0 1,49 "126";
127 1 1 67,126 "127";
128 1 1 21,139 "128";
129 0 0 51,126 "129";
130 0 0 28,131 "130";
131 2 1 66,120 "131";
132 1 1 41,57 "132";
133 0 1 1,137 "133";
134 2 1 35,45 "134";
135 1 0 120,130 "135";
136 0 0 96,131 "136";
137 1 0 40,115 "137";
138 0 0 12,112 "138";
139 0 0 22,141 "139";
140 0 0 74,111 "140";
141 2 1 34,104 "141";
142 1 0 106,128 "142";
143 2 0 81,97 "143";
144 0 1 101,136 "144";
