parity 134;
0 1 1 31,89 "0";
1 0 1 15,24 "1";
2 0 1 63,101 "2";
3 0 1 36,65 "3";
4 0 1 25,112 "4";
5 0 0 13,53 "5";
6 2 1 21,68 "6";
7 1 0 1,109 "7";
8 0 0 33,132 "8";
9 0 1 32,113 "9";
10 1 0 39,87 "10";
11 2 0 82,104 "11";
12 0 1 49,63 "12";
13 1 1 26,102 "13";
14 1 0 9,69 "14";
15 1 0 26,117 "15";
16 1 0 8,52 "16";
17 0 1 36,50 "17";
18 1 1 50,106 "18";
19 1 1 22,24 "19";
20 0 1 68,81 "20";
21 1 0 4,30 "21";
22 1 0 25,91 "22";
23 1 1 33,111 "23";
24 0 1 72,80 "24";
25 0 0 71,117 "25";
26 0 1 46,63 "26";
27 1 1 79,106 "27";
28 2 1 69,88 "28";
29 1 1 82,111 "29";
30 0 0 18,129 "30";
31 0 1 32,82 "31";
32 2 1 50,61 "32";
33 1 1 67,89 "33";
34 0 1 72,109 "34";
35 0 1 58,76 "35";
36 0 1 0,56 "36";
37 1 0 8,111 "37";
38 1 1 31,77 "38";
39 0 0 47,122 "39";
40 1 0 77,84 "40";
41 0 1 79,109 "41";
42 0 0 32,87 "42";
43 1 0 3,54 "43";
44 1 1 12,30 "44";
45 1 1 59,103 "45";
46 2 1 44,70 "46";
47 2 1 18,109 "47";
48 2 1 6,41 "48";
49 2 0 34,47 "49";
50 2 1 59,95 "50";
51 1 0 50,74 "51";
52 1 1 13,27 "52";
53 2 0 73,105 "53";
54 2 0 52,60 "54";
55 2 1 39,104 "55";
56 0 1 18,32 "56";
57 0 0 27,118 "57";
58 0 1 27,108 "58";
59 1 1 6,23 "59";
60 1 1 31,88 "60";
61 2 1 9,99 "61";
62 1 0 39,110 "62";
63 0 1 40,105 "63";
64 2 1 38,105 "64";
65 0 1 2,109 "65";
66 1 0 0,111 "66";
67 0 0 1,28 "67";
68 1 0 49,91 "68";
69 0 0 13,132 "69";
70 0 0 48,73 "70";
71 1 0 34,90 "71";
72 2 0 51,102 "72";
73 1 0 3,41 "73";
74 0 0 35,131 "74";
75 1 0 65,118 "75";
76 2 1 22,127 "76";
77 2 0 12,35 "77";
78 1 1 58,107 "78";
79 2 1 14,91 "79";
80 0 1 59,69 "80";
81 1 0 3,48 "81";
82 1 0 108,125 "82";
83 0 0 6,58 "83";
84 1 1 36,90 "84";
85 0 1 10,112 "85";
86 1 0 78,121 "86";
87 2 1 30,70 "87";
88 0 0 51,112 "88";
89 0 0 29,115 "89";
90 2 0 19,97 "90";
91 0 0 36,69 "91";
92 1 0 16,37 "92";
93 0 1 31,44 "93";
94 1 0 47,118 "94";
95 2 0 61,69 "95";
96 1 0 121,134 "96";
97 1 0 40,55 "97";
98 2 1 101,134 "98";
99 2 0 69,95 "99";
100 2 0 33,105 "100";
101 2 1 63,109 "101";
102 0 0 23,32 "102";
103 0 0 31,98 "103";
104 2 0 107,133 "104";
105 2 0 52,76 "105";
106 1 0 71,130 "106";
107 1 1 62,98 "107";
108 1 1 71,131 "108";
109 1 1 35,58 "109";
110 0 0 18,95 "110";
111 1 0 45,112 "111";
112 2 1 45,117 "112";
113 2 1 14,134 "113";
114 0 1 77,122 "114";
115 1 0 60,87 "115";
116 2 0 71,98 "116";
117 0 0 105,121 "117";
118 2 1 71,78 "118";
119 2 0 54,98 "119";
120 2 1 28,57 "120";
121 1 0 33,75 "121";
122 0 1 63,117 "122";
123 0 0 58,78 "123";
124 1 1 56,119 "124";
125 0 1 41,57 "125";
126 0 0 103,117 "126";
127 0 0 24,122 "127";
128 0 1 62,90 "128";
129 0 1 42,43 "129";
130 2 0 17,48 "130";
131 1 1 59,112 "131";
132 1 1 65,72 "132";
133 2 0 56,132 "133";
134 0 1 17,42 "134";
