parity 99;
0 0 1 88,98 "0";
1 1 0 34,48 "1";
2 1 0 73,94 "2";
3 0 0 30,78 "3";
4 2 1 5,85 "4";
5 2 1 0,73 "5";
6 2 0 31,39 "6";
7 0 1 0,81 "7";
8 2 1 44,84 "8";
9 1 0 52,76 "9";
10 1 1 5,56 "10";
11 2 1 39,99 "11";
12 0 0 62,94 "12";
13 2 1 35,72 "13";
14 0 0 32,99 "14";
15 1 1 37,43 "15";
16 0 0 33,64 "16";
17 1 0 7,29 "17";
18 0 0 38,75 "18";
19 2 1 18,67 "19";
20 1 1 7,18 "20";
21 1 1 47,49 "21";
22 2 1 53,80 "22";
23 1 1 50,90 "23";
24 1 0 9,46 "24";
25 0 0 43,79 "25";
26 0 0 5,33 "26";
27 2 0 44,59 "27";
28 0 0 33,61 "28";
29 1 0 2,20 "29";
30 2 0 23,42 "30";
31 0 1 29,86 "31";
32 0 0 29,94 "32";
33 2 0 23,39 "33";
34 1 0 0,59 "34";
35 0 0 6,42 "35";
36 0 0 44,89 "36";
37 1 0 61,80 "37";
38 2 1 46,53 "38";
39 0 1 80,98 "39";
40 0 0 60,95 "40";
41 2 0 73,82 "41";
42 1 0 43,53 "42";
43 2 0 76,87 "43";
44 2 1 4,48 "44";
45 1 0 80,92 "45";
46 1 1 1,62 "46";
47 1 0 15,95 "47";
48 1 1 4,64 "48";
49 0 0 6,33 "49";
50 0 1 41,80 "50";
51 2 1 29,59 "51";
52 2 1 20,56 "52";
53 0 1 4,68 "53";
54 1 0 36,50 "54";
55 0 1 43,58 "55";
56 0 0 0,11 "56";
57 2 0 36,75 "57";
58 0 0 49,80 "58";
59 1 1 8,54 "59";
60 1 1 42,84 "60";
61 0 1 23,31 "61";
62 0 1 39,52 "62";
63 2 1 72,82 "63";
64 1 0 3,47 "64";
65 2 0 4,76 "65";
66 0 1 30,41 "66";
67 2 1 30,70 "67";
68 0 1 13,66 "68";
69 1 1 31,83 "69";
70 0 1 8,12 "70";
71 0 1 68,96 "71";
72 1 1 31,34 "72";
73 2 1 9,68 "73";
74 0 0 27,86 "74";
75 2 1 7,64 "75";
76 2 1 67,90 "76";
77 2 1 10,91 "77";
78 1 0 25,42 "78";
79 1 0 34,83 "79";
80 1 1 5,37 "80";
81 1 0 36,75 "81";
82 1 1 41,62 "82";
83 1 1 0,11 "83";
84 0 0 12,62 "84";
85 0 0 45,88 "85";
86 0 1 35,90 "86";
87 2 1 18,27 "87";
88 2 0 13,72 "88";
89 2 0 29,81 "89";
90 1 0 68,74 "90";
91 0 0 24,68 "91";
92 0 0 4,88 "92";
93 2 1 13,60 "93";
94 2 0 13,29 "94";
95 2 1 22,71 "95";
96 2 1 15,75 "96";
97 0 1 29,36 "97";
98 1 0 8,28 "98";
99 2 1 59,63 "99";
