parity 109;
0 2 0 8,12 "0";
1 2 1 24,46 "1";
2 2 1 62,76 "2";
3 1 1 25,27 "3";
4 0 0 18,84 "4";
5 1 1 56,89 "5";
6 0 0 43,91 "6";
7 1 0 17,77 "7";
8 1 0 51,104 "8";
9 2 1 49,65 "9";
10 2 0 58,83 "10";
11 1 1 57,72 "11";
12 1 0 25,96 "12";
13 0 0 25,79 "13";
14 2 1 19,29 "14";
15 2 1 4,75 "15";
16 1 0 61,64 "16";
17 0 0 46,66 "17";
18 2 0 84,101 "18";
19 2 1 29,76 "19";
20 1 1 38,100 "20";
21 1 1 31,71 "21";
22 2 1 18,26 "22";
23 0 1 31,52 "23";
24 0 1 47,54 "24";
25 1 1 47,61 "25";
26 0 1 2,38 "26";
27 2 1 15,92 "27";
28 2 0 24,65 "28";
29 0 0 21,63 "29";
30 0 1 12,24 "30";
31 1 1 32,59 "31";
32 1 1 5,26 "32";
33 2 1 3,49 "33";
34 2 0 37,76 "34";
35 1 0 13,100 "35";
36 1 1 76,79 "36";
37 2 0 33,78 "37";
38 1 0 15,22 "38";
39 1 1 75,97 "39";
40 0 0 21,67 "40";
41 0 0 10,66 "41";
42 0 0 3,25 "42";
43 0 0 82,99 "43";
44 1 0 32,78 "44";
45 2 0 27,71 "45";
46 0 1 39,43 "46";
47 0 1 41,46 "47";
48 2 0 44,66 "48";
49 0 1 4,73 "49";
50 0 1 73,108 "50";
51 1 1 12,102 "51";
52 1 0 49,104 "52";
53 0 1 70,99 "53";
54 2 0 45,92 "54";
55 0 0 39,100 "55";
56 1 0 33,46 "56";
57 2 1 9,55 "57";
58 2 0 2,44 "58";
59 1 1 33,64 "59";
60 0 0 37,96 "60";
61 2 0 59,106 "61";
62 0 0 24,38 "62";
63 2 0 67,105 "63";
64 0 0 80,101 "64";
65 0 1 21,109 "65";
66 1 0 28,78 "66";
67 2 0 56,94 "67";
68 0 0 45,80 "68";
69 2 0 38,48 "69";
70 0 0 24,46 "70";
71 0 1 15,66 "71";
72 1 0 24,79 "72";
73 1 0 102,109 "73";
74 1 0 11,38 "74";
75 2 0 17,19 "75";
76 2 1 31,53 "76";
77 1 1 6,42 "77";
78 0 0 3,62 "78";
79 0 1 29,78 "79";
80 0 1 20,76 "80";
81 2 0 49,70 "81";
82 2 1 31,47 "82";
83 0 1 38,100 "83";
84 2 1 4,5 "84";
85 1 1 40,102 "85";
86 0 1 46,80 "86";
87 0 0 13,67 "87";
88 1 1 72,92 "88";
89 2 0 0,60 "89";
90 0 1 26,91 "90";
91 0 1 37,76 "91";
92 2 0 20,43 "92";
93 1 0 4,107 "93";
94 2 1 20,33 "94";
95 1 0 4,55 "95";
96 2 0 63,67 "96";
97 2 0 83,99 "97";
98 2 0 63,82 "98";
99 2 1 9,78 "99";
100 2 0 87,101 "100";
101 1 1 43,70 "101";
102 0 1 38,40 "102";
103 2 1 9,58 "103";
104 2 1 10,94 "104";
105 1 0 37,65 "105";
106 2 1 81,100 "106";
107 0 1 35,76 "107";
108 1 0 22,30 "108";
109 2 1 20,36 "109";
