parity 109;
0 1 1 34,64 "0";
1 1 0 9,12 "1";
2 1 1 15,72 "2";
3 0 0 99,106 "3";
4 2 0 12,78 "4";
5 1 1 17,77 "5";
6 2 0 27,52 "6";
7 0 1 21,91 "7";
8 2 0 10,104 "8";
9 2 0 7,58 "9";
10 2 1 6,12 "10";
11 2 1 0,40 "11";
12 0 0 67,92 "12";
13 0 0 2,36 "13";
14 0 1 87,100 "14";
15 1 0 11,20 "15";
16 1 1 27,91 "16";
17 2 0 65,96 "17";
18 0 1 77,81 "18";
19 0 0 11,105 "19";
20 2 0 22,44 "20";
21 0 1 17,25 "21";
22 0 1 54,99 "22";
23 1 0 61,78 "23";
24 2 1 10,75 "24";
25 2 0 83,103 "25";
26 1 0 48,107 "26";
27 2 0 51,59 "27";
28 1 1 12,18 "28";
29 1 1 48,52 "29";
30 2 0 93,108 "30";
31 0 1 24,44 "31";
32 0 0 22,79 "32";
33 2 0 14,41 "33";
34 2 1 73,106 "34";
35 0 0 26,62 "35";
36 0 0 97,101 "36";
37 0 0 17,99 "37";
38 2 0 12,35 "38";
39 2 0 31,37 "39";
40 1 1 52,83 "40";
41 2 0 10,84 "41";
42 2 0 12,64 "42";
43 0 1 39,81 "43";
44 2 0 23,61 "44";
45 0 0 8,46 "45";
46 1 1 41,55 "46";
47 1 0 19,83 "47";
48 1 0 60,108 "48";
49 0 1 13,40 "49";
50 1 1 55,85 "50";
51 1 1 72,105 "51";
52 2 1 51,73 "52";
53 1 1 30,32 "53";
54 2 0 7,46 "54";
55 2 1 91,100 "55";
56 2 0 6,93 "56";
57 0 0 12,53 "57";
58 1 1 5,25 "58";
59 2 1 72,91 "59";
60 0 0 20,24 "60";
61 0 1 36,54 "61";
62 1 0 1,105 "62";
63 2 1 23,85 "63";
64 2 1 2,45 "64";
65 2 1 8,100 "65";
66 1 1 3,22 "66";
67 2 0 44,90 "67";
68 0 1 15,86 "68";
69 2 0 7,77 "69";
70 2 1 27,93 "70";
71 1 0 18,38 "71";
72 0 0 43,48 "72";
73 0 0 11,91 "73";
74 0 0 37,109 "74";
75 2 0 19,106 "75";
76 1 0 35,45 "76";
77 2 1 58,87 "77";
78 1 1 27,89 "78";
79 1 0 15,27 "79";
80 1 1 8,45 "80";
81 1 0 96,98 "81";
82 0 1 50,63 "82";
83 0 0 32,84 "83";
84 1 1 16,35 "84";
85 2 0 14,33 "85";
86 1 0 27,75 "86";
87 0 1 31,96 "87";
88 1 1 0,11 "88";
89 2 1 20,70 "89";
90 2 0 59,69 "90";
91 0 1 36,77 "91";
92 0 1 4,70 "92";
93 0 0 48,55 "93";
94 2 0 50,75 "94";
95 0 0 44,87 "95";
96 1 0 73,82 "96";
97 1 0 29,64 "97";
98 2 0 35,47 "98";
99 0 1 7,55 "99";
100 1 1 35,76 "100";
101 2 0 46,58 "101";
102 2 0 41,50 "102";
103 0 0 12,99 "103";
104 1 1 59,95 "104";
105 1 0 57,109 "105";
106 2 1 11,53 "106";
107 2 0 38,44 "107";
108 0 1 2,5 "108";
109 0 0 38,48 "109";
