parity 169;
0 2 0 64,65 "0";
1 2 1 5,41 "1";
2 0 0 70,113 "2";
3 2 0 52,143 "3";
4 2 1 89,132 "4";
5 1 0 70,100 "5";
6 0 0 30,56 "6";
7 1 1 72,116 "7";
8 0 1 96,98 "8";
9 0 1 39,94 "9";
10 2 0 153,165 "10";
11 0 1 34,163 "11";
12 1 0 150,164 "12";
13 2 0 119,132 "13";
14 1 1 67,149 "14";
15 2 1 105,160 "15";
16 2 1 4,55 "16";
17 1 1 6,168 "17";
18 1 1 32,87 "18";
19 2 1 32,59 "19";
20 1 0 58,160 "20";
21 1 0 90,144 "21";
22 1 0 5,103 "22";
23 1 0 0,143 "23";
24 1 1 23,37 "24";
25 2 0 89,116 "25";
26 1 1 98,148 "26";
27 0 0 9,133 "27";
28 0 0 3,112 "28";
29 2 1 63,110 "29";
30 2 0 16,22 "30";
31 2 0 14,126 "31";
32 0 1 68,138 "32";
33 0 1 111,132 "33";
34 0 1 47,156 "34";
35 2 1 33,83 "35";
36 2 0 136,168 "36";
37 2 1 108,159 "37";
38 1 1 35,166 "38";
39 1 0 34,135 "39";
40 1 1 8,96 "40";
41 2 1 32,34 "41";
42 1 1 12,101 "42";
43 0 0 6,16 "43";
44 1 0 73,108 "44";
45 0 0 5,82 "45";
46 1 1 41,56 "46";
47 2 1 104,114 "47";
48 0 1 89,162 "48";
49 0 1 51,133 "49";
50 1 0 129,143 "50";
51 1 1 35,92 "51";
52 0 0 88,163 "52";
53 2 0 61,119 "53";
54 2 0 103,146 "54";
55 0 0 5,97 "55";
56 2 1 110,146 "56";
57 2 0 55,69 "57";
58 0 0 32,98 "58";
59 1 1 71,143 "59";
60 1 1 131,135 "60";
61 2 1 69,79 "61";
62 0 1 105,146 "62";
63 2 1 79,142 "63";
64 0 0 93,152 "64";
65 0 1 4,168 "65";
66 2 0 75,122 "66";
67 1 1 78,159 "67";
68 2 0 3,117 "68";
69 1 0 4,84 "69";
70 1 1 59,124 "70";
71 0 1 75,130 "71";
72 1 1 69,126 "72";
73 1 0 127,159 "73";
74 0 0 47,131 "74";
75 2 0 6,40 "75";
76 0 0 112,128 "76";
77 1 0 27,150 "77";
78 0 1 58,61 "78";
79 2 1 65,97 "79";
80 2 1 120,157 "80";
81 1 1 34,139 "81";
82 0 1 7,159 "82";
83 2 1 93,153 "83";
84 0 0 53,155 "84";
85 2 1 2,162 "85";
86 1 1 61,70 "86";
87 0 0 31,115 "87";
88 0 1 73,112 "88";
89 2 0 69,152 "89";
90 0 0 28,120 "90";
91 2 1 18,95 "91";
92 0 0 69,105 "92";
93 0 0 20,122 "93";
94 2 0 29,140 "94";
95 2 0 54,99 "95";
96 1 1 20,46 "96";
97 1 0 79,107 "97";
98 0 1 36,64 "98";
99 2 1 93,162 "99";
100 2 1 56,82 "100";
101 1 0 9,48 "101";
102 1 1 50,140 "102";
103 1 1 145,164 "103";
104 2 0 120,144 "104";
105 2 1 21,99 "105";
106 0 0 71,146 "106";
107 0 0 55,135 "107";
108 2 0 130,141 "108";
109 1 1 5,31 "109";
110 0 0 3,154 "110";
111 1 0 110,156 "111";
112 0 1 36,129 "112";
113 2 0 15,26 "113";
114 0 0 98,117 "114";
115 0 0 48,126 "115";
116 1 0 5,109 "116";
117 1 0 13,16 "117";
118 2 1 1,112 "118";
119 1 1 80,154 "119";
120 1 0 64,143 "120";
121 0 0 51,98 "121";
122 2 1 30,42 "122";
123 0 0 143,145 "123";
124 1 1 54,73 "124";
125 1 0 99,137 "125";
126 1 0 33,111 "126";
127 0 1 18,39 "127";
128 0 0 11,55 "128";
129 2 1 99,146 "129";
130 0 1 82,136 "130";
131 2 1 8,137 "131";
132 1 1 97,165 "132";
133 2 1 96,154 "133";
134 2 0 122,155 "134";
135 0 1 107,169 "135";
136 0 0 13,143 "136";
137 2 1 41,68 "137";
138 1 0 103,139 "138";
139 0 0 44,87 "139";
140 1 0 5,35 "140";
141 2 0 69,146 "141";
142 1 0 44,125 "142";
143 0 0 100,161 "143";
144 2 0 23,114 "144";
145 2 0 13,134 "145";
146 2 1 48,151 "146";
147 2 1 93,119 "147";
148 0 1 96,102 "148";
149 0 0 78,129 "149";
150 2 1 31,167 "150";
151 2 1 80,153 "151";
152 0 0 127,156 "152";
153 2 1 69,99 "153";
154 1 1 132,168 "154";
155 0 0 64,102 "155";
156 2 1 15,67 "156";
157 1 0 124,129 "157";
158 2 1 52,53 "158";
159 1 1 2,64 "159";
160 1 0 62,126 "160";
161 2 0 31,168 "161";
162 0 1 88,168 "162";
163 2 0 85,111 "163";
164 2 1 37,151 "164";
165 1 1 27,108 "165";
166 1 0 54,59 "166";
167 0 0 64,76 "167";
168 2 0 20,49 "168";
169 0 1 120,138 "169";
