parity 149;
0 1 0 24,73 "0";
1 0 0 31,137 "1";
2 1 1 121,139 "2";
3 0 1 40,74 "3";
4 1 1 67,101 "4";
5 2 0 0,42 "5";
6 2 1 53,138 "6";
7 1 0 41,128 "7";
8 0 1 44,130 "8";
9 1 1 28,106 "9";
10 1 0 26,41 "10";
11 1 0 8,25 "11";
12 0 0 19,109 "12";
13 2 1 122,131 "13";
14 0 0 22,54 "14";
15 0 1 17,80 "15";
16 1 1 66,121 "16";
17 1 0 12,73 "17";
18 0 0 86,87 "18";
19 2 0 16,80 "19";
20 1 1 25,127 "20";
21 2 0 56,136 "21";
22 2 1 136,144 "22";
23 2 0 42,76 "23";
24 1 0 63,68 "24";
25 0 0 83,93 "25";
26 0 0 103,139 "26";
27 0 0 3,77 "27";
28 0 0 2,149 "28";
29 2 1 11,60 "29";
30 0 0 31,136 "30";
31 2 1 20,38 "31";
32 0 0 45,140 "32";
33 0 0 70,110 "33";
34 2 1 44,63 "34";
35 2 1 77,102 "35";
36 0 0 27,70 "36";
37 2 0 56,140 "37";
38 1 0 32,143 "38";
39 0 1 60,94 "39";
40 0 0 24,121 "40";
41 2 0 124,132 "41";
42 2 1 48,109 "42";
43 1 0 11,53 "43";
44 0 1 54,149 "44";
45 2 0 88,124 "45";
46 1 1 48,105 "46";
47 1 0 142,145 "47";
48 0 1 50,131 "48";
49 2 1 69,106 "49";
50 0 0 59,92 "50";
51 0 1 87,100 "51";
52 2 1 27,38 "52";
53 2 0 89,142 "53";
54 1 1 32,136 "54";
55 1 1 103,123 "55";
56 1 0 35,131 "56";
57 0 1 35,135 "57";
58 1 1 22,128 "58";
59 1 1 70,91 "59";
60 0 1 42,95 "60";
61 0 1 66,114 "61";
62 2 0 112,135 "62";
63 1 0 17,74 "63";
64 0 0 71,87 "64";
65 1 0 73,103 "65";
66 0 1 57,68 "66";
67 0 0 46,119 "67";
68 0 0 48,56 "68";
69 2 1 125,141 "69";
70 1 1 26,122 "70";
71 0 0 16,116 "71";
72 1 1 21,30 "72";
73 2 0 54,56 "73";
74 0 0 24,81 "74";
75 2 1 14,47 "75";
76 2 0 25,33 "76";
77 2 1 33,84 "77";
78 2 1 27,91 "78";
79 1 0 14,56 "79";
80 0 0 50,117 "80";
81 1 1 60,142 "81";
82 1 1 27,148 "82";
83 0 1 6,17 "83";
84 2 1 64,145 "84";
85 1 1 94,123 "85";
86 0 0 55,98 "86";
87 0 0 37,112 "87";
88 2 1 75,111 "88";
89 0 1 34,44 "89";
90 0 1 8,121 "90";
91 0 1 85,89 "91";
92 2 1 47,115 "92";
93 1 0 20,110 "93";
94 1 0 3,34 "94";
95 2 0 62,131 "95";
96 2 0 53,101 "96";
97 0 0 110,135 "97";
98 0 1 2,61 "98";
99 2 1 63,82 "99";
100 2 0 37,47 "100";
101 2 0 33,116 "101";
102 0 0 48,141 "102";
103 2 0 82,110 "103";
104 0 0 20,93 "104";
105 2 1 34,97 "105";
106 0 0 118,120 "106";
107 2 1 19,44 "107";
108 2 1 33,141 "108";
109 1 1 84,129 "109";
110 2 1 18,127 "110";
111 0 0 31,33 "111";
112 2 0 2,99 "112";
113 2 1 34,68 "113";
114 0 1 13,52 "114";
115 1 0 67,100 "115";
116 1 0 45,67 "116";
117 1 0 1,97 "117";
118 1 1 50,70 "118";
119 0 1 37,53 "119";
120 1 0 45,50 "120";
121 2 0 44,115 "121";
122 1 0 77,83 "122";
123 0 1 50,126 "123";
124 2 0 7,85 "124";
125 2 1 2,41 "125";
126 2 1 94,97 "126";
127 1 0 32,108 "127";
128 2 1 26,84 "128";
129 1 1 138,147 "129";
130 1 1 59,92 "130";
131 1 0 10,52 "131";
132 0 0 52,140 "132";
133 2 0 93,138 "133";
134 0 0 76,97 "134";
135 2 1 25,51 "135";
136 0 0 25,132 "136";
137 1 0 32,107 "137";
138 2 0 84,86 "138";
139 0 1 33,129 "139";
140 2 1 28,94 "140";
141 0 0 61,112 "141";
142 0 1 28,124 "142";
143 0 0 46,123 "143";
144 0 0 23,74 "144";
145 1 0 109,116 "145";
146 0 0 5,87 "146";
147 1 1 46,92 "147";
148 2 0 33,87 "148";
149 1 0 72,83 "149";
