parity 104;
0 0 1 2,85 "0";
1 0 0 32,35 "1";
2 1 0 17,24 "2";
3 0 1 27,104 "3";
4 2 1 7,12 "4";
5 1 0 53,96 "5";
6 0 1 8,59 "6";
7 1 0 39,81 "7";
8 2 0 12,52 "8";
9 0 1 13,25 "9";
10 1 1 9,43 "10";
11 1 1 1,55 "11";
12 1 1 72,90 "12";
13 1 0 2,41 "13";
14 0 1 33,51 "14";
15 2 0 19,67 "15";
16 0 0 33,88 "16";
17 0 0 8,52 "17";
18 1 1 16,84 "18";
19 0 1 61,100 "19";
20 2 1 56,85 "20";
21 2 1 75,104 "21";
22 2 0 47,100 "22";
23 1 1 36,59 "23";
24 1 0 37,96 "24";
25 1 0 55,78 "25";
26 1 1 8,72 "26";
27 0 0 42,72 "27";
28 0 1 13,69 "28";
29 0 1 75,85 "29";
30 2 0 0,98 "30";
31 0 1 39,100 "31";
32 2 0 38,53 "32";
33 1 1 13,80 "33";
34 2 1 9,55 "34";
35 1 1 32,67 "35";
36 0 0 65,98 "36";
37 1 1 13,68 "37";
38 0 1 57,80 "38";
39 2 0 2,103 "39";
40 1 1 33,44 "40";
41 2 0 18,36 "41";
42 0 1 28,32 "42";
43 0 1 14,32 "43";
44 1 1 24,71 "44";
45 1 1 11,75 "45";
46 1 0 4,89 "46";
47 0 1 67,94 "47";
48 2 0 41,91 "48";
49 2 0 14,17 "49";
50 1 0 19,23 "50";
51 0 1 13,66 "51";
52 0 1 19,55 "52";
53 2 1 33,99 "53";
54 2 0 10,44 "54";
55 2 1 94,97 "55";
56 2 0 30,98 "56";
57 0 1 67,80 "57";
58 2 1 42,78 "58";
59 0 0 18,76 "59";
60 2 1 59,84 "60";
61 1 1 24,38 "61";
62 2 1 16,77 "62";
63 0 0 75,97 "63";
64 0 0 71,77 "64";
65 2 1 38,67 "65";
66 1 1 0,74 "66";
67 2 0 78,104 "67";
68 2 0 50,86 "68";
69 1 1 6,24 "69";
70 2 1 42,57 "70";
71 2 0 0,22 "71";
72 2 0 24,79 "72";
73 2 0 15,96 "73";
74 2 0 3,78 "74";
75 2 1 65,88 "75";
76 1 1 81,104 "76";
77 2 0 65,73 "77";
78 1 1 51,87 "78";
79 1 1 50,52 "79";
80 0 1 25,37 "80";
81 1 1 28,83 "81";
82 0 0 30,103 "82";
83 2 0 90,101 "83";
84 2 1 7,59 "84";
85 2 0 23,102 "85";
86 0 0 18,22 "86";
87 2 0 58,94 "87";
88 1 1 0,71 "88";
89 0 0 26,48 "89";
90 0 0 16,45 "90";
91 0 1 43,76 "91";
92 1 1 19,50 "92";
93 1 0 29,68 "93";
94 1 0 3,101 "94";
95 1 1 33,64 "95";
96 2 0 58,78 "96";
97 2 1 78,94 "97";
98 2 1 87,92 "98";
99 1 1 33,45 "99";
100 1 0 50,76 "100";
101 2 0 0,80 "101";
102 0 1 57,103 "102";
103 1 1 17,25 "103";
104 1 1 17,44 "104";
