parity 174;
0 2 1 59,170 "0";
1 1 0 33,120 "1";
2 2 1 67,129 "2";
3 0 1 65,143 "3";
4 1 1 51,160 "4";
5 2 0 31,165 "5";
6 1 1 16,104 "6";
7 0 1 85,109 "7";
8 2 1 59,113 "8";
9 1 0 62,84 "9";
10 2 0 108,172 "10";
11 0 0 1,106 "11";
12 2 0 37,111 "12";
13 1 0 62,152 "13";
14 1 1 2,73 "14";
15 0 1 112,121 "15";
16 0 1 74,133 "16";
17 1 0 34,173 "17";
18 2 0 101,121 "18";
19 0 0 28,174 "19";
20 0 1 110,155 "20";
21 2 1 24,94 "21";
22 2 0 64,110 "22";
23 1 0 6,109 "23";
24 1 0 21,55 "24";
25 0 0 5,93 "25";
26 2 0 23,124 "26";
27 2 0 97,112 "27";
28 2 1 97,127 "28";
29 0 1 126,173 "29";
30 2 1 20,33 "30";
31 2 1 72,110 "31";
32 2 0 42,142 "32";
33 0 0 46,53 "33";
34 0 1 36,41 "34";
35 1 1 0,53 "35";
36 1 0 11,38 "36";
37 1 0 123,133 "37";
38 0 0 64,162 "38";
39 0 0 29,125 "39";
40 2 0 137,142 "40";
41 1 0 2,21 "41";
42 2 0 49,60 "42";
43 2 1 80,141 "43";
44 2 0 8,35 "44";
45 0 0 65,166 "45";
46 0 1 156,165 "46";
47 0 0 38,126 "47";
48 2 1 86,157 "48";
49 1 0 110,120 "49";
50 2 1 158,167 "50";
51 2 1 132,133 "51";
52 1 0 2,119 "52";
53 2 0 9,94 "53";
54 2 1 27,107 "54";
55 0 1 118,125 "55";
56 0 0 32,161 "56";
57 2 0 98,119 "57";
58 2 0 132,150 "58";
59 2 0 36,51 "59";
60 2 0 9,27 "60";
61 1 1 84,137 "61";
62 2 1 29,119 "62";
63 1 1 25,97 "63";
64 0 1 55,135 "64";
65 2 1 63,82 "65";
66 1 0 103,129 "66";
67 2 0 9,169 "67";
68 2 0 26,128 "68";
69 0 1 35,158 "69";
70 0 1 64,107 "70";
71 1 1 51,108 "71";
72 1 0 37,124 "72";
73 2 0 103,105 "73";
74 0 1 122,134 "74";
75 1 1 83,170 "75";
76 2 0 104,172 "76";
77 0 1 154,157 "77";
78 1 1 6,118 "78";
79 1 0 1,57 "79";
80 1 1 92,125 "80";
81 1 0 14,70 "81";
82 0 0 76,105 "82";
83 1 1 19,96 "83";
84 0 1 86,110 "84";
85 1 1 10,100 "85";
86 2 1 31,96 "86";
87 1 1 116,150 "87";
88 0 1 32,91 "88";
89 2 0 13,106 "89";
90 0 0 100,119 "90";
91 1 1 64,103 "91";
92 1 0 21,168 "92";
93 2 1 21,106 "93";
94 0 1 84,105 "94";
95 0 1 39,160 "95";
96 1 0 0,25 "96";
97 1 1 71,160 "97";
98 1 1 79,119 "98";
99 0 0 57,114 "99";
100 1 1 31,93 "100";
101 1 0 38,79 "101";
102 2 0 33,78 "102";
103 1 1 92,146 "103";
104 2 1 76,136 "104";
105 2 0 142,145 "105";
106 2 0 46,151 "106";
107 2 1 32,63 "107";
108 0 1 141,169 "108";
109 2 0 88,139 "109";
110 1 1 73,138 "110";
111 1 0 62,105 "111";
112 2 0 54,103 "112";
113 0 1 109,167 "113";
114 1 1 35,51 "114";
115 2 1 37,41 "115";
116 0 0 104,162 "116";
117 0 0 128,152 "117";
118 0 0 4,142 "118";
119 1 0 15,161 "119";
120 0 1 105,140 "120";
121 0 0 33,87 "121";
122 2 0 49,132 "122";
123 2 0 101,159 "123";
124 2 0 63,114 "124";
125 0 1 50,150 "125";
126 0 1 133,147 "126";
127 0 1 105,114 "127";
128 0 0 83,159 "128";
129 1 1 68,117 "129";
130 1 0 25,110 "130";
131 0 1 113,169 "131";
132 1 0 12,22 "132";
133 0 1 35,131 "133";
134 1 1 106,143 "134";
135 2 1 23,33 "135";
136 0 1 72,137 "136";
137 1 0 76,116 "137";
138 2 0 86,126 "138";
139 1 1 89,95 "139";
140 1 0 137,152 "140";
141 2 1 24,123 "141";
142 0 1 42,163 "142";
143 2 1 6,74 "143";
144 1 1 43,102 "144";
145 2 0 4,34 "145";
146 2 1 105,147 "146";
147 1 0 84,126 "147";
148 0 0 53,134 "148";
149 2 1 55,132 "149";
150 2 0 25,173 "150";
151 0 0 106,156 "151";
152 0 1 129,167 "152";
153 2 0 89,148 "153";
154 0 0 117,127 "154";
155 2 0 44,75 "155";
156 0 1 34,94 "156";
157 0 1 78,171 "157";
158 0 1 76,145 "158";
159 0 0 18,108 "159";
160 2 0 51,93 "160";
161 1 0 42,102 "161";
162 2 0 28,51 "162";
163 2 0 101,153 "163";
164 2 0 32,61 "164";
165 2 0 102,121 "165";
166 0 1 22,168 "166";
167 0 0 116,136 "167";
168 2 0 106,149 "168";
169 2 1 31,87 "169";
170 2 1 108,116 "170";
171 1 1 129,130 "171";
172 1 1 40,144 "172";
173 1 0 142,167 "173";
174 1 1 56,77 "174";
