parity 189;
0 1 1 135,149 "0";
1 2 0 57,131 "1";
2 1 1 171,179 "2";
3 1 0 38,164 "3";
4 0 0 13,105 "4";
5 0 1 21,104 "5";
6 2 0 70,143 "6";
7 0 0 41,98 "7";
8 0 1 25,92 "8";
9 0 1 52,128 "9";
10 0 1 11,169 "10";
11 2 1 109,168 "11";
12 1 1 71,133 "12";
13 1 1 37,91 "13";
14 0 0 59,70 "14";
15 2 1 10,35 "15";
16 1 1 139,189 "16";
17 2 0 142,181 "17";
18 0 0 40,59 "18";
19 2 0 127,170 "19";
20 2 1 15,181 "20";
21 1 1 44,160 "21";
22 1 0 59,81 "22";
23 1 0 24,133 "23";
24 1 0 143,148 "24";
25 0 0 27,40 "25";
26 1 0 25,186 "26";
27 0 0 61,159 "27";
28 1 0 71,169 "28";
29 2 1 43,172 "29";
30 2 0 141,184 "30";
31 0 1 10,79 "31";
32 2 0 96,101 "32";
33 1 1 89,120 "33";
34 2 0 60,64 "34";
35 0 0 129,173 "35";
36 2 0 93,157 "36";
37 2 1 35,88 "37";
38 1 1 125,178 "38";
39 0 0 93,160 "39";
40 1 1 102,144 "40";
41 2 0 137,185 "41";
42 0 1 45,189 "42";
43 1 1 65,187 "43";
44 1 1 78,168 "44";
45 0 0 98,156 "45";
46 2 1 37,84 "46";
47 1 1 40,75 "47";
48 2 1 95,114 "48";
49 0 0 61,182 "49";
50 2 0 27,109 "50";
51 0 1 17,72 "51";
52 1 0 32,131 "52";
53 1 1 118,122 "53";
54 0 1 5,171 "54";
55 0 1 2,160 "55";
56 2 1 53,62 "56";
57 0 1 9,161 "57";
58 1 1 41,134 "58";
59 2 0 87,127 "59";
60 1 1 30,67 "60";
61 0 0 108,111 "61";
62 2 0 2,176 "62";
63 1 1 8,103 "63";
64 0 0 61,115 "64";
65 1 1 27,108 "65";
66 2 0 60,72 "66";
67 2 0 32,125 "67";
68 2 1 146,151 "68";
69 0 0 49,168 "69";
70 1 1 11,15 "70";
71 0 1 6,154 "71";
72 0 0 51,73 "72";
73 1 0 34,127 "73";
74 2 0 56,63 "74";
75 1 1 73,101 "75";
76 2 0 114,182 "76";
77 0 0 66,78 "77";
78 0 1 14,105 "78";
79 1 0 51,142 "79";
80 2 0 106,161 "80";
81 2 0 106,146 "81";
82 1 1 77,113 "82";
83 2 0 75,129 "83";
84 2 1 11,29 "84";
85 1 1 57,75 "85";
86 2 0 8,71 "86";
87 1 0 60,159 "87";
88 1 1 49,106 "88";
89 2 0 18,51 "89";
90 1 1 79,133 "90";
91 0 0 34,36 "91";
92 1 0 153,178 "92";
93 0 0 49,139 "93";
94 0 1 68,105 "94";
95 0 1 29,43 "95";
96 1 0 67,78 "96";
97 2 0 114,167 "97";
98 0 0 46,147 "98";
99 1 0 52,100 "99";
100 2 1 15,180 "100";
101 0 0 83,183 "101";
102 0 1 24,163 "102";
103 2 1 77,118 "103";
104 1 1 19,56 "104";
105 1 1 44,157 "105";
106 0 1 104,108 "106";
107 0 1 160,162 "107";
108 2 1 1,71 "108";
109 0 1 73,126 "109";
110 2 1 133,179 "110";
111 1 0 23,35 "111";
112 2 0 99,116 "112";
113 2 1 37,134 "113";
114 0 0 112,149 "114";
115 2 0 164,181 "115";
116 2 0 91,100 "116";
117 1 1 18,189 "117";
118 1 0 147,169 "118";
119 0 1 48,99 "119";
120 1 0 8,58 "120";
121 2 0 24,78 "121";
122 1 1 29,187 "122";
123 1 1 164,179 "123";
124 0 1 136,173 "124";
125 0 0 67,147 "125";
126 1 1 59,121 "126";
127 0 0 14,49 "127";
128 1 0 28,98 "128";
129 1 1 121,162 "129";
130 2 0 45,48 "130";
131 2 1 4,75 "131";
132 2 1 16,21 "132";
133 1 1 71,90 "133";
134 2 1 62,87 "134";
135 0 0 15,61 "135";
136 0 1 114,172 "136";
137 0 1 63,65 "137";
138 2 0 66,69 "138";
139 0 1 117,179 "139";
140 0 1 10,56 "140";
141 2 1 105,176 "141";
142 1 1 116,118 "142";
143 1 0 60,81 "143";
144 2 1 41,138 "144";
145 0 0 68,136 "145";
146 1 1 25,75 "146";
147 0 0 71,162 "147";
148 0 1 90,182 "148";
149 2 0 0,108 "149";
150 0 0 159,161 "150";
151 0 0 92,124 "151";
152 2 0 51,133 "152";
153 2 1 185,189 "153";
154 0 0 33,43 "154";
155 1 1 16,117 "155";
156 0 0 8,107 "156";
157 1 0 19,118 "157";
158 1 1 59,105 "158";
159 2 0 48,132 "159";
160 2 0 33,133 "160";
161 0 0 46,119 "161";
162 1 0 24,132 "162";
163 0 1 70,77 "163";
164 2 1 58,92 "164";
165 1 0 146,175 "165";
166 1 0 62,121 "166";
167 0 0 36,142 "167";
168 1 1 13,187 "168";
169 2 1 52,99 "169";
170 2 0 11,128 "170";
171 1 1 161,181 "171";
172 1 0 108,162 "172";
173 0 0 144,161 "173";
174 2 0 93,128 "174";
175 0 1 10,29 "175";
176 0 1 112,158 "176";
177 1 1 93,151 "177";
178 1 0 69,94 "178";
179 2 1 160,174 "179";
180 0 0 80,146 "180";
181 2 0 21,186 "181";
182 2 1 20,24 "182";
183 2 1 70,185 "183";
184 2 1 49,99 "184";
185 1 1 99,116 "185";
186 1 0 108,160 "186";
187 1 0 83,169 "187";
188 0 1 5,177 "188";
189 0 0 44,125 "189";
