parity 109;
0 0 0 23,73 "0";
1 2 1 25,56 "1";
2 2 0 7,65 "2";
3 0 0 13,97 "3";
4 1 1 78,86 "4";
5 1 1 4,95 "5";
6 1 1 1,38 "6";
7 2 1 35,90 "7";
8 0 0 20,49 "8";
9 1 0 34,55 "9";
10 1 1 43,75 "10";
11 2 1 27,95 "11";
12 0 0 29,62 "12";
13 1 0 49,67 "13";
14 2 1 2,61 "14";
15 1 0 18,21 "15";
16 0 0 36,86 "16";
17 0 1 18,104 "17";
18 1 1 8,64 "18";
19 1 0 24,86 "19";
20 0 1 0,57 "20";
21 1 0 47,94 "21";
22 1 0 2,88 "22";
23 0 0 36,87 "23";
24 2 0 0,3 "24";
25 2 1 78,92 "25";
26 1 1 17,90 "26";
27 0 0 82,93 "27";
28 0 1 81,98 "28";
29 0 0 49,53 "29";
30 2 0 85,102 "30";
31 1 1 24,90 "31";
32 1 1 76,82 "32";
33 1 1 78,103 "33";
34 1 0 25,75 "34";
35 1 1 53,60 "35";
36 1 1 66,84 "36";
37 0 1 90,107 "37";
38 1 0 52,58 "38";
39 2 0 55,59 "39";
40 0 1 77,106 "40";
41 1 0 36,98 "41";
42 2 1 74,91 "42";
43 0 0 70,101 "43";
44 0 1 45,47 "44";
45 1 1 19,20 "45";
46 2 1 55,59 "46";
47 0 1 45,72 "47";
48 2 0 12,72 "48";
49 2 1 56,86 "49";
50 0 0 55,104 "50";
51 0 0 3,97 "51";
52 0 0 34,103 "52";
53 1 1 19,35 "53";
54 1 0 7,83 "54";
55 1 0 28,71 "55";
56 1 1 71,83 "56";
57 1 0 64,67 "57";
58 1 0 98,106 "58";
59 0 0 36,99 "59";
60 0 0 61,64 "60";
61 1 0 41,65 "61";
62 0 1 66,97 "62";
63 1 1 1,57 "63";
64 0 1 31,56 "64";
65 2 1 4,18 "65";
66 1 0 73,90 "66";
67 0 0 4,15 "67";
68 0 1 47,53 "68";
69 1 0 5,30 "69";
70 2 1 43,45 "70";
71 1 1 27,67 "71";
72 0 0 30,36 "72";
73 2 1 28,70 "73";
74 1 1 3,32 "74";
75 2 0 60,98 "75";
76 1 1 50,61 "76";
77 1 0 15,55 "77";
78 1 1 5,53 "78";
79 2 0 7,82 "79";
80 1 1 36,103 "80";
81 2 1 4,41 "81";
82 1 1 16,84 "82";
83 2 1 32,99 "83";
84 0 1 82,105 "84";
85 2 1 4,19 "85";
86 1 0 4,54 "86";
87 0 1 72,79 "87";
88 0 0 98,105 "88";
89 0 0 56,94 "89";
90 2 0 42,84 "90";
91 0 1 13,41 "91";
92 0 0 12,53 "92";
93 1 1 74,96 "93";
94 2 0 63,93 "94";
95 2 1 25,31 "95";
96 2 0 60,91 "96";
97 0 0 16,75 "97";
98 0 1 84,91 "98";
99 2 0 71,79 "99";
100 2 0 16,48 "100";
101 1 0 8,96 "101";
102 0 1 22,45 "102";
103 1 0 12,69 "103";
104 2 1 24,77 "104";
105 2 1 70,76 "105";
106 2 0 54,72 "106";
107 1 0 43,56 "107";
108 1 0 18,19 "108";
109 2 1 62,105 "109";
