parity 114;
0 2 1 87,94 "0";
1 0 0 70,89 "1";
2 1 1 20,74 "2";
3 0 1 77,98 "3";
4 1 1 86,95 "4";
5 0 1 37,90 "5";
6 1 1 3,21 "6";
7 0 1 32,70 "7";
8 0 0 46,110 "8";
9 2 1 2,96 "9";
10 2 0 36,80 "10";
11 0 1 16,95 "11";
12 0 0 34,90 "12";
13 1 1 4,105 "13";
14 0 1 16,30 "14";
15 0 0 42,76 "15";
16 2 0 10,80 "16";
17 2 0 93,98 "17";
18 0 0 59,103 "18";
19 2 0 97,114 "19";
20 1 1 17,65 "20";
21 0 1 2,104 "21";
22 2 1 64,91 "22";
23 2 1 4,69 "23";
24 2 1 43,46 "24";
25 2 1 7,44 "25";
26 1 1 24,58 "26";
27 2 1 75,110 "27";
28 1 1 43,65 "28";
29 2 1 15,107 "29";
30 2 0 42,105 "30";
31 1 1 60,86 "31";
32 0 1 42,56 "32";
33 1 0 51,97 "33";
34 0 1 17,61 "34";
35 0 1 60,66 "35";
36 0 1 34,108 "36";
37 2 0 47,106 "37";
38 1 0 36,101 "38";
39 2 1 20,63 "39";
40 0 0 49,53 "40";
41 2 1 13,103 "41";
42 0 1 90,101 "42";
43 0 0 17,98 "43";
44 2 0 36,63 "44";
45 2 0 49,80 "45";
46 1 0 3,105 "46";
47 2 1 6,72 "47";
48 0 1 87,101 "48";
49 2 1 50,52 "49";
50 1 0 0,79 "50";
51 2 1 86,97 "51";
52 2 0 2,106 "52";
53 0 1 46,102 "53";
54 2 0 50,84 "54";
55 1 1 83,98 "55";
56 1 1 75,104 "56";
57 1 1 72,82 "57";
58 1 0 4,67 "58";
59 2 1 74,104 "59";
60 2 1 100,111 "60";
61 1 1 9,62 "61";
62 2 1 49,82 "62";
63 2 1 36,69 "63";
64 1 1 88,109 "64";
65 0 0 1,69 "65";
66 1 0 79,103 "66";
67 2 1 80,100 "67";
68 2 1 7,32 "68";
69 0 0 36,60 "69";
70 2 1 0,44 "70";
71 2 0 101,103 "71";
72 1 1 44,104 "72";
73 2 1 62,66 "73";
74 1 1 29,100 "74";
75 1 1 32,54 "75";
76 2 0 40,64 "76";
77 2 1 66,70 "77";
78 0 0 68,82 "78";
79 2 0 25,66 "79";
80 0 1 65,83 "80";
81 0 0 46,72 "81";
82 1 0 27,40 "82";
83 0 1 84,111 "83";
84 0 1 28,91 "84";
85 1 0 10,109 "85";
86 1 0 21,65 "86";
87 0 0 78,111 "87";
88 2 0 64,103 "88";
89 0 1 38,75 "89";
90 2 0 37,65 "90";
91 0 0 0,56 "91";
92 0 0 11,23 "92";
93 2 0 48,103 "93";
94 1 1 10,61 "94";
95 2 1 21,104 "95";
96 0 1 32,75 "96";
97 0 0 17,30 "97";
98 1 1 3,92 "98";
99 2 0 26,37 "99";
100 0 0 48,51 "100";
101 0 0 58,97 "101";
102 0 1 86,88 "102";
103 0 1 51,62 "103";
104 0 1 79,101 "104";
105 1 1 2,87 "105";
106 1 0 39,51 "106";
107 0 0 49,54 "107";
108 1 1 99,101 "108";
109 2 1 64,76 "109";
110 0 1 10,24 "110";
111 0 1 46,109 "111";
112 0 0 69,109 "112";
113 2 1 19,33 "113";
114 1 0 34,66 "114";
