parity 154;
0 2 1 44,145 "0";
1 0 1 6,37 "1";
2 1 0 65,96 "2";
3 2 1 28,115 "3";
4 0 1 35,121 "4";
5 2 1 28,89 "5";
6 0 0 1,60 "6";
7 1 0 50,71 "7";
8 1 1 60,112 "8";
9 2 1 74,97 "9";
10 0 0 57,100 "10";
11 1 1 71,143 "11";
12 0 1 69,95 "12";
13 0 0 80,117 "13";
14 2 1 74,130 "14";
15 2 1 130,138 "15";
16 0 0 33,125 "16";
17 0 1 18,144 "17";
18 0 0 74,75 "18";
19 2 1 22,105 "19";
20 1 1 100,139 "20";
21 2 0 117,130 "21";
22 0 1 119,131 "22";
23 1 0 111,144 "23";
24 1 1 1,154 "24";
25 0 0 23,60 "25";
26 1 1 11,39 "26";
27 1 1 148,150 "27";
28 2 1 44,54 "28";
29 2 0 17,153 "29";
30 0 0 22,154 "30";
31 2 0 43,98 "31";
32 2 0 102,113 "32";
33 1 0 107,125 "33";
34 0 1 99,105 "34";
35 0 1 10,107 "35";
36 2 1 41,113 "36";
37 2 1 44,154 "37";
38 1 1 43,101 "38";
39 1 0 86,111 "39";
40 2 0 37,110 "40";
41 2 0 5,123 "41";
42 0 0 68,84 "42";
43 1 0 42,102 "43";
44 0 1 5,110 "44";
45 1 0 54,56 "45";
46 2 1 61,126 "46";
47 1 0 53,150 "47";
48 2 0 111,119 "48";
49 0 1 20,94 "49";
50 2 1 29,131 "50";
51 2 0 91,102 "51";
52 2 1 28,133 "52";
53 2 0 13,102 "53";
54 1 1 0,85 "54";
55 0 0 46,99 "55";
56 2 0 84,138 "56";
57 0 0 31,98 "57";
58 0 1 120,147 "58";
59 0 1 57,127 "59";
60 2 0 38,105 "60";
61 2 0 22,136 "61";
62 1 0 9,98 "62";
63 2 1 59,125 "63";
64 2 0 23,96 "64";
65 1 0 76,127 "65";
66 0 1 72,93 "66";
67 0 0 0,146 "67";
68 2 0 3,40 "68";
69 1 1 81,91 "69";
70 0 1 81,119 "70";
71 2 1 88,116 "71";
72 2 0 114,124 "72";
73 2 0 53,91 "73";
74 1 0 118,153 "74";
75 2 0 10,22 "75";
76 2 0 25,39 "76";
77 1 1 5,73 "77";
78 2 1 35,124 "78";
79 0 0 28,46 "79";
80 1 1 10,54 "80";
81 2 0 53,92 "81";
82 1 1 89,131 "82";
83 2 0 117,123 "83";
84 1 0 24,126 "84";
85 1 1 43,72 "85";
86 1 0 40,122 "86";
87 2 0 65,79 "87";
88 0 0 70,81 "88";
89 0 1 78,86 "89";
90 1 1 52,122 "90";
91 2 0 125,140 "91";
92 2 1 46,67 "92";
93 2 1 15,90 "93";
94 2 0 22,49 "94";
95 1 0 14,50 "95";
96 2 0 57,101 "96";
97 2 1 106,118 "97";
98 2 1 60,148 "98";
99 1 1 65,86 "99";
100 2 0 43,66 "100";
101 2 1 2,39 "101";
102 1 0 118,140 "102";
103 0 0 29,116 "103";
104 0 0 82,124 "104";
105 1 1 114,132 "105";
106 1 0 79,116 "106";
107 0 0 43,139 "107";
108 0 0 90,147 "108";
109 1 1 0,22 "109";
110 2 0 54,71 "110";
111 1 1 20,37 "111";
112 1 1 81,148 "112";
113 0 1 7,47 "113";
114 0 0 110,120 "114";
115 2 1 50,83 "115";
116 1 0 64,121 "116";
117 1 0 86,140 "117";
118 1 1 66,101 "118";
119 0 0 72,108 "119";
120 2 0 71,141 "120";
121 2 1 20,41 "121";
122 0 0 20,98 "122";
123 1 0 2,112 "123";
124 2 0 43,48 "124";
125 1 1 64,142 "125";
126 0 1 63,90 "126";
127 0 0 139,141 "127";
128 0 1 36,120 "128";
129 1 1 24,152 "129";
130 2 1 119,136 "130";
131 0 0 113,127 "131";
132 2 1 103,106 "132";
133 2 0 94,140 "133";
134 2 1 38,146 "134";
135 2 1 40,140 "135";
136 2 1 45,130 "136";
137 2 1 139,152 "137";
138 2 0 27,126 "138";
139 2 1 9,105 "139";
140 2 1 104,149 "140";
141 0 0 40,69 "141";
142 2 0 38,56 "142";
143 2 1 83,101 "143";
144 1 0 2,33 "144";
145 1 1 97,137 "145";
146 0 0 11,124 "146";
147 0 0 49,55 "147";
148 1 0 40,111 "148";
149 0 0 46,84 "149";
150 1 1 72,141 "150";
151 1 1 48,121 "151";
152 1 0 51,133 "152";
153 2 0 28,138 "153";
154 1 0 42,147 "154";
