parity 169;
0 2 0 106,167 "0";
1 0 1 40,72 "1";
2 2 1 75,78 "2";
3 0 1 58,146 "3";
4 0 1 66,93 "4";
5 2 0 14,158 "5";
6 0 1 14,99 "6";
7 1 0 11,72 "7";
8 1 0 74,105 "8";
9 0 0 4,169 "9";
10 2 1 92,139 "10";
11 1 1 47,91 "11";
12 2 0 73,79 "12";
13 1 1 81,84 "13";
14 1 0 16,35 "14";
15 1 1 27,59 "15";
16 1 1 105,165 "16";
17 2 0 60,123 "17";
18 0 0 24,91 "18";
19 0 0 18,91 "19";
20 0 1 38,76 "20";
21 2 1 20,28 "21";
22 2 1 85,122 "22";
23 2 1 26,108 "23";
24 2 0 3,26 "24";
25 0 1 34,95 "25";
26 2 0 101,109 "26";
27 1 1 63,126 "27";
28 2 0 33,117 "28";
29 1 1 110,131 "29";
30 0 1 7,51 "30";
31 2 0 95,132 "31";
32 2 1 70,98 "32";
33 1 1 83,123 "33";
34 1 0 81,163 "34";
35 0 1 49,135 "35";
36 2 0 29,42 "36";
37 0 0 26,159 "37";
38 1 0 70,158 "38";
39 0 0 4,38 "39";
40 2 0 42,43 "40";
41 0 1 14,129 "41";
42 2 0 28,97 "42";
43 2 1 59,91 "43";
44 0 1 61,89 "44";
45 1 0 135,169 "45";
46 2 0 77,91 "46";
47 1 0 29,169 "47";
48 1 1 30,160 "48";
49 0 0 78,109 "49";
50 1 1 65,106 "50";
51 0 0 145,154 "51";
52 2 0 26,57 "52";
53 1 1 105,126 "53";
54 1 1 24,51 "54";
55 2 0 26,127 "55";
56 0 0 33,72 "56";
57 0 0 9,48 "57";
58 2 0 27,160 "58";
59 1 1 95,128 "59";
60 1 0 3,65 "60";
61 0 1 74,127 "61";
62 2 0 9,16 "62";
63 1 1 0,75 "63";
64 2 1 50,89 "64";
65 1 1 88,152 "65";
66 1 1 95,135 "66";
67 0 1 7,145 "67";
68 1 1 24,51 "68";
69 2 1 20,160 "69";
70 2 0 35,146 "70";
71 2 0 25,152 "71";
72 1 0 51,56 "72";
73 0 1 17,122 "73";
74 1 1 105,125 "74";
75 0 1 58,109 "75";
76 1 1 77,123 "76";
77 2 1 67,160 "77";
78 1 0 103,136 "78";
79 0 1 41,155 "79";
80 2 0 30,121 "80";
81 1 1 34,91 "81";
82 2 1 58,100 "82";
83 0 0 54,129 "83";
84 0 1 47,55 "84";
85 2 0 44,150 "85";
86 1 1 58,151 "86";
87 2 1 70,148 "87";
88 1 1 24,50 "88";
89 2 0 94,124 "89";
90 1 1 88,112 "90";
91 1 0 10,81 "91";
92 0 1 3,16 "92";
93 0 1 19,65 "93";
94 1 0 104,110 "94";
95 0 0 34,114 "95";
96 1 0 87,156 "96";
97 0 1 74,125 "97";
98 1 0 150,156 "98";
99 0 1 40,149 "99";
100 1 1 138,148 "100";
101 1 1 92,124 "101";
102 0 0 33,155 "102";
103 2 1 50,75 "103";
104 0 0 50,91 "104";
105 0 1 31,80 "105";
106 0 1 26,151 "106";
107 1 0 14,15 "107";
108 2 0 42,60 "108";
109 1 0 31,52 "109";
110 0 1 5,85 "110";
111 2 0 0,40 "111";
112 0 1 39,81 "112";
113 0 0 47,69 "113";
114 0 0 68,118 "114";
115 1 1 37,135 "115";
116 0 0 3,100 "116";
117 1 1 10,66 "117";
118 2 1 30,47 "118";
119 0 1 63,137 "119";
120 0 0 35,117 "120";
121 0 0 43,140 "121";
122 2 1 12,108 "122";
123 1 0 12,50 "123";
124 2 0 14,94 "124";
125 0 1 19,73 "125";
126 2 0 28,155 "126";
127 0 0 143,166 "127";
128 1 0 5,14 "128";
129 2 0 42,55 "129";
130 1 0 77,79 "130";
131 1 1 18,108 "131";
132 0 1 65,168 "132";
133 1 1 79,104 "133";
134 1 1 49,160 "134";
135 1 0 83,147 "135";
136 2 0 33,102 "136";
137 2 1 30,108 "137";
138 0 0 133,145 "138";
139 2 1 46,93 "139";
140 0 0 27,156 "140";
141 1 1 54,152 "141";
142 0 0 99,146 "142";
143 1 0 28,97 "143";
144 0 0 4,6 "144";
145 2 1 36,92 "145";
146 0 1 57,70 "146";
147 0 0 15,110 "147";
148 2 1 38,44 "148";
149 2 0 71,168 "149";
150 2 1 33,65 "150";
151 2 0 71,119 "151";
152 1 0 47,166 "152";
153 2 1 21,147 "153";
154 1 0 7,85 "154";
155 0 1 2,137 "155";
156 0 0 100,146 "156";
157 0 1 80,141 "157";
158 0 1 49,116 "158";
159 1 0 105,121 "159";
160 2 1 58,92 "160";
161 1 1 1,88 "161";
162 1 0 31,78 "162";
163 0 0 12,64 "163";
164 0 0 70,168 "164";
165 2 0 20,49 "165";
166 0 0 60,113 "166";
167 1 1 90,124 "167";
168 0 0 108,154 "168";
169 2 0 46,128 "169";
