parity 179;
0 1 1 2,109 "0";
1 0 1 134,164 "1";
2 2 1 51,117 "2";
3 2 0 44,111 "3";
4 1 1 65,158 "4";
5 2 0 138,148 "5";
6 0 1 78,93 "6";
7 2 0 47,178 "7";
8 0 1 51,63 "8";
9 1 0 101,132 "9";
10 0 0 26,123 "10";
11 0 1 40,140 "11";
12 2 0 62,123 "12";
13 1 1 158,163 "13";
14 0 1 94,142 "14";
15 0 1 21,110 "15";
16 2 1 23,95 "16";
17 1 1 53,130 "17";
18 0 1 42,98 "18";
19 0 0 18,142 "19";
20 0 1 144,164 "20";
21 0 0 33,65 "21";
22 0 0 153,162 "22";
23 2 0 45,113 "23";
24 0 0 80,87 "24";
25 1 1 29,35 "25";
26 0 1 174,177 "26";
27 2 0 21,49 "27";
28 0 1 47,128 "28";
29 1 0 7,81 "29";
30 2 1 0,49 "30";
31 0 0 12,44 "31";
32 0 1 119,162 "32";
33 0 1 5,105 "33";
34 1 0 80,83 "34";
35 1 1 81,165 "35";
36 0 0 41,135 "36";
37 2 1 83,139 "37";
38 2 0 57,89 "38";
39 2 0 54,128 "39";
40 1 1 10,133 "40";
41 1 1 133,164 "41";
42 2 1 53,155 "42";
43 2 0 23,66 "43";
44 0 0 31,83 "44";
45 1 1 27,163 "45";
46 0 1 134,173 "46";
47 0 0 39,127 "47";
48 2 1 34,119 "48";
49 0 0 32,130 "49";
50 2 1 85,142 "50";
51 1 0 5,173 "51";
52 2 0 27,127 "52";
53 1 0 117,179 "53";
54 0 0 3,29 "54";
55 0 0 132,156 "55";
56 2 1 90,105 "56";
57 2 0 61,151 "57";
58 2 1 1,68 "58";
59 1 0 45,74 "59";
60 2 1 61,64 "60";
61 2 0 37,162 "61";
62 1 1 70,98 "62";
63 0 0 18,153 "63";
64 2 0 81,102 "64";
65 1 0 48,70 "65";
66 0 0 15,41 "66";
67 2 1 0,128 "67";
68 0 0 23,131 "68";
69 1 1 39,103 "69";
70 0 0 93,154 "70";
71 2 1 50,74 "71";
72 1 1 22,119 "72";
73 2 1 18,171 "73";
74 2 1 41,178 "74";
75 2 1 0,125 "75";
76 0 0 62,173 "76";
77 1 0 88,150 "77";
78 1 1 44,167 "78";
79 0 0 42,158 "79";
80 2 0 37,101 "80";
81 1 1 74,85 "81";
82 1 1 20,145 "82";
83 1 0 78,94 "83";
84 2 0 62,68 "84";
85 0 1 19,61 "85";
86 0 0 13,45 "86";
87 2 0 67,107 "87";
88 1 1 9,109 "88";
89 0 1 65,151 "89";
90 0 0 92,111 "90";
91 0 1 18,20 "91";
92 0 1 25,88 "92";
93 0 0 53,71 "93";
94 1 1 102,171 "94";
95 1 1 112,135 "95";
96 1 0 32,113 "96";
97 2 1 0,164 "97";
98 0 1 14,91 "98";
99 2 1 82,86 "99";
100 2 0 119,158 "100";
101 1 1 67,144 "101";
102 2 1 12,53 "102";
103 0 1 87,136 "103";
104 0 0 48,162 "104";
105 0 1 109,166 "105";
106 0 1 33,74 "106";
107 0 0 99,148 "107";
108 0 1 113,176 "108";
109 1 0 74,150 "109";
110 2 1 89,132 "110";
111 2 0 54,144 "111";
112 0 0 113,177 "112";
113 2 0 20,144 "113";
114 2 1 21,137 "114";
115 1 0 47,57 "115";
116 2 1 12,20 "116";
117 1 1 49,65 "117";
118 2 1 30,135 "118";
119 1 1 11,140 "119";
120 1 1 105,140 "120";
121 0 1 78,100 "121";
122 1 1 66,77 "122";
123 1 1 34,163 "123";
124 1 1 50,141 "124";
125 2 1 109,134 "125";
126 2 1 22,117 "126";
127 2 0 14,20 "127";
128 1 1 115,134 "128";
129 1 0 110,169 "129";
130 1 1 21,58 "130";
131 2 1 36,81 "131";
132 0 1 43,176 "132";
133 1 0 90,139 "133";
134 2 0 101,116 "134";
135 2 0 82,121 "135";
136 1 0 101,112 "136";
137 1 1 76,119 "137";
138 1 1 15,36 "138";
139 1 1 143,176 "139";
140 1 1 90,134 "140";
141 2 1 139,143 "141";
142 2 0 25,60 "142";
143 2 1 76,120 "143";
144 0 1 47,178 "144";
145 1 0 1,19 "145";
146 1 0 137,147 "146";
147 0 1 72,156 "147";
148 0 0 65,163 "148";
149 2 0 13,69 "149";
150 0 0 173,177 "150";
151 0 0 30,85 "151";
152 2 0 30,44 "152";
153 1 0 35,36 "153";
154 2 0 6,25 "154";
155 0 0 69,116 "155";
156 1 0 161,178 "156";
157 1 0 43,140 "157";
158 1 1 37,124 "158";
159 2 1 66,101 "159";
160 2 0 119,133 "160";
161 0 1 45,64 "161";
162 0 0 12,123 "162";
163 1 1 48,171 "163";
164 1 1 68,81 "164";
165 1 0 12,43 "165";
166 1 1 43,171 "166";
167 0 1 27,144 "167";
168 2 0 146,166 "168";
169 2 0 7,111 "169";
170 1 1 137,169 "170";
171 1 0 105,162 "171";
172 1 0 106,117 "172";
173 0 1 59,140 "173";
174 2 0 90,138 "174";
175 2 0 12,77 "175";
176 0 0 149,171 "176";
177 0 0 96,122 "177";
178 0 1 81,111 "178";
179 2 1 56,147 "179";
