parity 139;
0 1 1 111,118 "0";
1 2 0 73,118 "1";
2 1 1 95,116 "2";
3 1 1 48,70 "3";
4 1 1 117,129 "4";
5 2 1 28,91 "5";
6 2 1 88,113 "6";
7 2 1 33,80 "7";
8 1 1 12,68 "8";
9 2 1 116,129 "9";
10 2 1 61,106 "10";
11 0 0 88,97 "11";
12 1 1 44,47 "12";
13 1 1 29,77 "13";
14 0 1 64,101 "14";
15 2 0 51,106 "15";
16 2 1 103,109 "16";
17 0 0 2,46 "17";
18 1 0 9,123 "18";
19 2 1 3,46 "19";
20 1 0 53,100 "20";
21 1 1 37,93 "21";
22 1 1 52,107 "22";
23 0 1 68,90 "23";
24 0 0 38,131 "24";
25 2 0 26,61 "25";
26 2 0 65,133 "26";
27 0 1 25,82 "27";
28 0 1 8,33 "28";
29 2 1 72,86 "29";
30 1 0 14,26 "30";
31 0 1 131,133 "31";
32 2 1 29,101 "32";
33 2 1 97,139 "33";
34 1 0 96,139 "34";
35 1 1 3,121 "35";
36 1 0 3,72 "36";
37 2 1 57,59 "37";
38 2 0 42,97 "38";
39 1 1 51,113 "39";
40 0 0 71,134 "40";
41 2 1 3,135 "41";
42 1 1 53,136 "42";
43 0 1 22,88 "43";
44 1 0 54,95 "44";
45 0 0 51,70 "45";
46 0 1 17,122 "46";
47 0 1 32,75 "47";
48 0 1 88,110 "48";
49 2 0 84,94 "49";
50 1 0 5,43 "50";
51 0 0 2,114 "51";
52 2 0 9,117 "52";
53 0 0 28,132 "53";
54 2 1 56,109 "54";
55 2 1 27,127 "55";
56 2 1 95,112 "56";
57 1 1 20,131 "57";
58 1 0 25,104 "58";
59 1 1 82,122 "59";
60 0 1 37,74 "60";
61 2 1 12,57 "61";
62 1 0 39,118 "62";
63 1 1 17,137 "63";
64 2 0 30,75 "64";
65 1 1 18,60 "65";
66 0 1 6,86 "66";
67 2 1 28,120 "67";
68 0 1 50,91 "68";
69 1 1 73,121 "69";
70 2 0 12,28 "70";
71 2 1 66,133 "71";
72 1 1 27,39 "72";
73 2 0 56,98 "73";
74 1 1 4,108 "74";
75 0 1 27,74 "75";
76 0 1 59,66 "76";
77 0 0 12,39 "77";
78 0 1 75,139 "78";
79 0 1 101,108 "79";
80 2 1 93,125 "80";
81 1 1 3,107 "81";
82 0 0 50,73 "82";
83 0 1 31,77 "83";
84 1 1 32,117 "84";
85 2 1 89,101 "85";
86 1 0 120,122 "86";
87 2 0 89,110 "87";
88 2 0 82,128 "88";
89 0 1 23,128 "89";
90 1 0 20,122 "90";
91 1 1 30,85 "91";
92 0 0 17,109 "92";
93 1 0 48,63 "93";
94 2 1 45,85 "94";
95 1 1 0,106 "95";
96 0 1 70,130 "96";
97 2 0 31,51 "97";
98 2 1 47,107 "98";
99 2 0 5,132 "99";
100 1 1 33,70 "100";
101 0 0 6,26 "101";
102 1 1 79,95 "102";
103 1 1 19,35 "103";
104 0 1 110,129 "104";
105 0 1 71,90 "105";
106 0 0 22,90 "106";
107 0 1 29,96 "107";
108 1 0 54,112 "108";
109 2 0 1,110 "109";
110 2 1 1,112 "110";
111 2 0 17,105 "111";
112 1 1 28,56 "112";
113 1 0 100,125 "113";
114 0 1 93,106 "114";
115 0 0 78,100 "115";
116 1 0 77,82 "116";
117 0 0 127,137 "117";
118 2 1 32,39 "118";
119 2 1 92,114 "119";
120 1 1 89,128 "120";
121 1 0 78,80 "121";
122 1 1 43,55 "122";
123 1 1 23,46 "123";
124 2 0 26,44 "124";
125 0 1 68,79 "125";
126 0 0 70,134 "126";
127 2 1 7,42 "127";
128 0 1 23,43 "128";
129 0 0 8,56 "129";
130 1 0 0,80 "130";
131 2 1 66,116 "131";
132 0 0 73,96 "132";
133 0 0 70,84 "133";
134 2 1 19,69 "134";
135 2 1 27,72 "135";
136 1 1 9,64 "136";
137 2 0 47,135 "137";
138 1 0 18,67 "138";
139 1 1 69,126 "139";
