parity 109;
0 0 1 52,66 "0";
1 2 1 2,68 "1";
2 0 0 51,79 "2";
3 2 0 40,109 "3";
4 2 1 15,19 "4";
5 1 1 15,60 "5";
6 2 1 83,89 "6";
7 0 0 36,91 "7";
8 0 0 24,37 "8";
9 1 1 42,64 "9";
10 1 0 9,69 "10";
11 1 1 19,80 "11";
12 2 0 84,106 "12";
13 0 1 3,5 "13";
14 2 1 71,93 "14";
15 1 0 22,81 "15";
16 1 0 55,69 "16";
17 0 1 86,107 "17";
18 0 1 86,104 "18";
19 0 0 47,57 "19";
20 2 1 1,26 "20";
21 2 1 53,98 "21";
22 0 0 11,26 "22";
23 2 1 47,70 "23";
24 0 0 6,84 "24";
25 2 1 17,94 "25";
26 0 0 89,109 "26";
27 1 0 11,20 "27";
28 1 1 16,84 "28";
29 0 1 23,87 "29";
30 1 0 28,47 "30";
31 2 0 8,76 "31";
32 0 1 1,97 "32";
33 2 1 44,87 "33";
34 1 1 43,94 "34";
35 0 1 42,101 "35";
36 1 1 52,72 "36";
37 1 0 17,56 "37";
38 2 1 17,21 "38";
39 2 0 102,108 "39";
40 2 1 7,89 "40";
41 2 1 70,73 "41";
42 1 0 67,69 "42";
43 2 1 4,23 "43";
44 2 1 61,95 "44";
45 1 0 40,43 "45";
46 1 0 63,80 "46";
47 1 0 17,34 "47";
48 0 1 20,29 "48";
49 2 1 42,104 "49";
50 2 0 95,109 "50";
51 0 1 58,101 "51";
52 1 1 14,32 "52";
53 2 1 26,94 "53";
54 2 1 32,90 "54";
55 2 1 48,64 "55";
56 0 0 36,48 "56";
57 0 1 14,71 "57";
58 0 1 47,108 "58";
59 1 1 11,47 "59";
60 0 1 30,81 "60";
61 0 0 5,43 "61";
62 2 0 50,103 "62";
63 2 0 45,93 "63";
64 1 0 89,92 "64";
65 1 1 51,105 "65";
66 1 1 40,42 "66";
67 2 0 52,75 "67";
68 0 0 19,63 "68";
69 1 0 38,55 "69";
70 0 1 25,35 "70";
71 1 0 25,56 "71";
72 2 1 69,84 "72";
73 0 0 29,67 "73";
74 0 1 7,46 "74";
75 2 0 44,57 "75";
76 2 1 12,78 "76";
77 1 0 74,106 "77";
78 2 0 12,14 "78";
79 1 0 19,49 "79";
80 1 1 92,101 "80";
81 1 1 28,92 "81";
82 0 0 37,108 "82";
83 0 1 48,93 "83";
84 2 1 39,88 "84";
85 2 1 26,91 "85";
86 1 1 8,44 "86";
87 2 1 4,78 "87";
88 2 1 84,104 "88";
89 1 0 4,35 "89";
90 2 0 41,88 "90";
91 0 1 72,89 "91";
92 0 0 70,100 "92";
93 2 0 14,97 "93";
94 2 1 9,33 "94";
95 0 1 12,26 "95";
96 0 0 5,76 "96";
97 2 1 23,89 "97";
98 2 1 10,75 "98";
99 0 1 43,98 "99";
100 2 0 21,41 "100";
101 1 0 12,77 "101";
102 1 0 72,86 "102";
103 1 1 78,83 "103";
104 1 0 24,66 "104";
105 2 0 75,77 "105";
106 2 0 38,53 "106";
107 1 0 51,93 "107";
108 2 0 80,96 "108";
109 0 1 9,57 "109";
