parity 134;
0 2 0 56,110 "0";
1 0 0 105,133 "1";
2 2 0 14,54 "2";
3 2 1 38,119 "3";
4 1 0 65,107 "4";
5 0 1 39,66 "5";
6 1 1 101,132 "6";
7 1 0 28,128 "7";
8 2 1 7,102 "8";
9 2 0 3,106 "9";
10 1 1 25,134 "10";
11 1 1 40,121 "11";
12 0 1 72,124 "12";
13 2 1 2,42 "13";
14 0 0 19,54 "14";
15 1 1 35,37 "15";
16 2 0 21,66 "16";
17 1 0 37,112 "17";
18 2 0 63,117 "18";
19 2 1 93,131 "19";
20 0 1 14,57 "20";
21 1 1 70,87 "21";
22 1 0 34,71 "22";
23 2 1 43,77 "23";
24 2 0 112,131 "24";
25 1 1 74,112 "25";
26 2 1 50,55 "26";
27 1 0 0,42 "27";
28 2 0 73,134 "28";
29 2 1 5,53 "29";
30 1 0 1,58 "30";
31 1 1 12,130 "31";
32 2 1 33,54 "32";
33 0 0 74,99 "33";
34 1 0 14,58 "34";
35 1 0 1,27 "35";
36 0 1 61,77 "36";
37 1 1 22,90 "37";
38 0 1 53,110 "38";
39 0 1 97,127 "39";
40 2 1 76,109 "40";
41 1 0 21,28 "41";
42 2 1 49,72 "42";
43 2 1 82,125 "43";
44 1 1 18,50 "44";
45 2 0 6,68 "45";
46 0 1 77,119 "46";
47 0 0 12,83 "47";
48 1 0 3,10 "48";
49 2 0 19,43 "49";
50 2 0 40,116 "50";
51 0 1 35,69 "51";
52 2 1 28,39 "52";
53 0 0 99,111 "53";
54 1 1 91,111 "54";
55 2 0 21,69 "55";
56 0 0 46,129 "56";
57 0 1 5,71 "57";
58 1 1 3,127 "58";
59 2 1 70,130 "59";
60 1 0 45,48 "60";
61 1 1 2,48 "61";
62 1 0 29,63 "62";
63 2 0 65,109 "63";
64 1 1 102,103 "64";
65 2 1 26,106 "65";
66 0 1 8,85 "66";
67 2 1 74,122 "67";
68 0 1 34,128 "68";
69 0 1 67,119 "69";
70 1 0 24,125 "70";
71 1 1 16,65 "71";
72 1 1 113,114 "72";
73 0 0 1,100 "73";
74 2 0 52,129 "74";
75 2 0 86,112 "75";
76 2 1 3,79 "76";
77 1 0 100,115 "77";
78 0 0 7,101 "78";
79 2 1 26,39 "79";
80 1 1 78,121 "80";
81 1 0 90,129 "81";
82 2 1 46,109 "82";
83 0 1 93,98 "83";
84 2 0 8,67 "84";
85 2 1 59,67 "85";
86 1 0 20,58 "86";
87 0 1 55,61 "87";
88 1 0 73,102 "88";
89 2 1 79,91 "89";
90 1 1 32,94 "90";
91 2 0 0,80 "91";
92 1 0 41,94 "92";
93 1 0 87,103 "93";
94 2 0 59,90 "94";
95 1 1 92,116 "95";
96 0 1 11,92 "96";
97 0 0 79,85 "97";
98 2 0 46,85 "98";
99 2 0 0,55 "99";
100 2 0 72,74 "100";
101 2 1 42,52 "101";
102 2 0 1,119 "102";
103 2 0 121,124 "103";
104 0 0 74,80 "104";
105 1 1 86,115 "105";
106 1 0 11,55 "106";
107 0 1 27,51 "107";
108 1 1 85,122 "108";
109 2 0 30,36 "109";
110 0 0 22,97 "110";
111 2 0 79,97 "111";
112 2 1 60,63 "112";
113 2 1 34,59 "113";
114 2 0 1,11 "114";
115 0 1 109,126 "115";
116 2 0 3,50 "116";
117 2 0 44,72 "117";
118 2 0 75,88 "118";
119 0 0 10,65 "119";
120 0 1 45,106 "120";
121 1 0 13,17 "121";
122 0 1 46,83 "122";
123 1 1 27,100 "123";
124 2 1 3,72 "124";
125 2 0 65,86 "125";
126 1 0 105,109 "126";
127 2 1 31,93 "127";
128 2 0 56,118 "128";
129 0 1 5,54 "129";
130 1 0 49,109 "130";
131 2 1 24,73 "131";
132 2 1 1,13 "132";
133 0 0 113,121 "133";
134 1 1 47,84 "134";
