parity 134;
0 1 0 119,133 "0";
1 1 1 43,106 "1";
2 2 0 54,76 "2";
3 2 1 42,92 "3";
4 0 0 5,112 "4";
5 1 1 59,128 "5";
6 0 1 18,56 "6";
7 1 1 6,19 "7";
8 2 0 83,122 "8";
9 0 1 24,57 "9";
10 1 0 17,64 "10";
11 1 0 84,122 "11";
12 1 0 24,98 "12";
13 0 1 56,109 "13";
14 0 1 40,56 "14";
15 0 1 44,61 "15";
16 2 1 35,84 "16";
17 2 0 32,50 "17";
18 1 1 4,69 "18";
19 2 0 70,106 "19";
20 1 1 78,130 "20";
21 2 0 63,88 "21";
22 0 0 38,119 "22";
23 0 1 11,56 "23";
24 0 1 54,113 "24";
25 2 1 3,11 "25";
26 1 1 30,83 "26";
27 1 1 11,130 "27";
28 0 1 69,113 "28";
29 2 0 91,123 "29";
30 0 1 1,17 "30";
31 1 0 10,82 "31";
32 1 0 116,123 "32";
33 2 0 6,84 "33";
34 0 0 16,69 "34";
35 0 0 64,97 "35";
36 0 0 10,40 "36";
37 1 0 40,93 "37";
38 2 1 26,129 "38";
39 2 0 17,40 "39";
40 2 0 83,98 "40";
41 0 0 44,81 "41";
42 2 1 85,119 "42";
43 0 0 49,107 "43";
44 1 1 0,33 "44";
45 2 1 36,56 "45";
46 2 0 86,108 "46";
47 0 0 109,131 "47";
48 0 0 1,43 "48";
49 2 1 25,118 "49";
50 1 0 33,78 "50";
51 1 0 12,70 "51";
52 1 1 53,87 "52";
53 2 0 7,33 "53";
54 1 1 1,78 "54";
55 0 0 107,118 "55";
56 1 1 70,116 "56";
57 2 0 0,21 "57";
58 1 1 88,129 "58";
59 0 0 19,76 "59";
60 1 1 9,27 "60";
61 2 0 77,128 "61";
62 1 0 82,118 "62";
63 2 1 80,116 "63";
64 1 0 1,112 "64";
65 2 1 118,124 "65";
66 1 0 19,44 "66";
67 0 0 99,109 "67";
68 2 0 30,65 "68";
69 0 0 10,70 "69";
70 2 0 79,120 "70";
71 2 1 10,20 "71";
72 1 1 13,30 "72";
73 1 0 74,76 "73";
74 0 0 10,64 "74";
75 1 0 11,95 "75";
76 0 0 108,110 "76";
77 1 0 38,61 "77";
78 2 1 30,91 "78";
79 0 1 105,109 "79";
80 0 0 25,116 "80";
81 1 1 38,39 "81";
82 2 1 12,33 "82";
83 1 1 101,129 "83";
84 1 0 29,63 "84";
85 1 0 11,52 "85";
86 1 1 19,100 "86";
87 2 1 12,31 "87";
88 1 1 54,99 "88";
89 2 1 24,90 "89";
90 0 1 60,61 "90";
91 1 1 76,131 "91";
92 2 1 3,26 "92";
93 1 1 42,46 "93";
94 2 0 21,22 "94";
95 1 0 11,122 "95";
96 0 0 20,72 "96";
97 0 0 15,124 "97";
98 1 0 64,120 "98";
99 2 0 9,66 "99";
100 0 1 21,73 "100";
101 0 1 69,75 "101";
102 1 1 22,125 "102";
103 0 0 37,127 "103";
104 1 1 27,54 "104";
105 2 0 111,115 "105";
106 2 0 6,60 "106";
107 0 0 32,35 "107";
108 0 0 37,131 "108";
109 1 1 25,102 "109";
110 2 1 89,121 "110";
111 0 0 18,50 "111";
112 2 0 78,81 "112";
113 1 1 49,72 "113";
114 1 1 2,16 "114";
115 0 1 5,80 "115";
116 2 1 17,100 "116";
117 1 1 13,78 "117";
118 0 0 4,7 "118";
119 1 1 2,53 "119";
120 1 1 80,104 "120";
121 1 0 72,95 "121";
122 2 0 93,119 "122";
123 0 0 43,121 "123";
124 0 0 31,54 "124";
125 0 0 67,81 "125";
126 0 1 53,110 "126";
127 1 1 38,102 "127";
128 1 1 89,109 "128";
129 1 0 40,50 "129";
130 0 0 33,69 "130";
131 1 1 6,51 "131";
132 2 0 28,98 "132";
133 2 1 25,62 "133";
134 2 0 95,128 "134";
