parity 124;
0 0 1 2,77 "0";
1 0 1 88,109 "1";
2 0 1 55,111 "2";
3 1 0 10,116 "3";
4 0 1 68,71 "4";
5 2 1 43,62 "5";
6 0 0 30,57 "6";
7 2 0 82,100 "7";
8 2 0 74,116 "8";
9 0 1 82,93 "9";
10 0 0 15,36 "10";
11 0 0 6,45 "11";
12 0 0 62,118 "12";
13 2 0 30,114 "13";
14 2 1 7,84 "14";
15 0 0 35,120 "15";
16 1 0 32,76 "16";
17 1 1 62,100 "17";
18 0 1 20,87 "18";
19 1 0 64,78 "19";
20 0 0 49,74 "20";
21 1 1 69,78 "21";
22 0 1 27,36 "22";
23 2 0 46,53 "23";
24 2 0 6,116 "24";
25 1 0 36,107 "25";
26 1 0 68,116 "26";
27 0 1 85,112 "27";
28 2 0 47,89 "28";
29 1 1 35,66 "29";
30 0 0 29,63 "30";
31 0 0 8,115 "31";
32 2 1 15,61 "32";
33 2 0 47,80 "33";
34 2 0 52,59 "34";
35 1 1 95,110 "35";
36 2 1 97,124 "36";
37 1 1 76,108 "37";
38 0 1 2,118 "38";
39 0 1 77,95 "39";
40 2 1 6,77 "40";
41 0 1 0,4 "41";
42 2 1 102,114 "42";
43 1 1 2,95 "43";
44 2 0 31,45 "44";
45 2 0 10,81 "45";
46 1 0 90,116 "46";
47 0 1 60,100 "47";
48 2 0 13,109 "48";
49 2 0 33,57 "49";
50 1 0 97,102 "50";
51 1 1 46,116 "51";
52 0 1 90,112 "52";
53 1 0 47,110 "53";
54 1 0 70,109 "54";
55 1 1 65,102 "55";
56 0 1 111,121 "56";
57 0 1 55,122 "57";
58 0 1 6,26 "58";
59 2 1 82,107 "59";
60 1 0 15,40 "60";
61 1 1 3,75 "61";
62 0 0 28,112 "62";
63 2 0 21,105 "63";
64 1 1 73,87 "64";
65 0 1 9,12 "65";
66 1 1 39,102 "66";
67 0 0 74,109 "67";
68 1 0 25,56 "68";
69 0 1 93,111 "69";
70 2 0 3,59 "70";
71 0 0 8,68 "71";
72 0 1 10,59 "72";
73 0 1 54,90 "73";
74 2 1 1,37 "74";
75 1 1 1,103 "75";
76 0 1 69,72 "76";
77 1 0 55,108 "77";
78 1 1 8,73 "78";
79 0 1 61,74 "79";
80 0 0 20,71 "80";
81 0 1 105,119 "81";
82 2 1 31,80 "82";
83 1 1 52,66 "83";
84 0 1 31,88 "84";
85 2 0 98,113 "85";
86 1 1 21,97 "86";
87 1 0 23,61 "87";
88 0 1 78,99 "88";
89 2 0 60,114 "89";
90 0 1 53,106 "90";
91 1 0 18,59 "91";
92 0 1 36,58 "92";
93 2 0 16,102 "93";
94 2 0 4,105 "94";
95 1 0 75,119 "95";
96 1 1 50,112 "96";
97 1 1 39,57 "97";
98 1 1 80,87 "98";
99 1 0 35,75 "99";
100 1 0 0,25 "100";
101 0 0 58,84 "101";
102 1 0 68,117 "102";
103 0 1 27,93 "103";
104 2 1 8,103 "104";
105 1 0 15,90 "105";
106 0 0 15,36 "106";
107 2 1 6,31 "107";
108 0 0 31,82 "108";
109 0 1 16,68 "109";
110 0 1 9,43 "110";
111 1 1 65,115 "111";
112 1 0 20,74 "112";
113 1 1 31,35 "113";
114 1 1 10,34 "114";
115 0 0 45,79 "115";
116 2 0 85,108 "116";
117 1 0 2,61 "117";
118 2 0 20,51 "118";
119 1 1 22,45 "119";
120 0 1 38,101 "120";
121 0 1 33,88 "121";
122 1 0 60,76 "122";
123 0 0 59,76 "123";
124 2 0 14,90 "124";
