parity 124;
0 2 1 13,100 "0";
1 1 0 32,37 "1";
2 2 0 32,49 "2";
3 1 0 47,73 "3";
4 0 1 33,112 "4";
5 0 1 54,72 "5";
6 2 0 5,8 "6";
7 1 0 15,81 "7";
8 1 0 17,79 "8";
9 0 0 51,57 "9";
10 2 0 112,122 "10";
11 1 0 3,113 "11";
12 1 0 41,124 "12";
13 2 1 33,72 "13";
14 2 0 26,49 "14";
15 0 0 54,89 "15";
16 1 0 19,83 "16";
17 2 0 93,95 "17";
18 0 0 13,51 "18";
19 2 0 10,111 "19";
20 2 1 17,77 "20";
21 0 1 10,62 "21";
22 1 1 20,71 "22";
23 0 0 89,95 "23";
24 2 1 28,121 "24";
25 1 1 54,59 "25";
26 0 1 2,66 "26";
27 1 1 79,103 "27";
28 0 1 110,114 "28";
29 1 1 62,119 "29";
30 1 0 97,107 "30";
31 2 0 5,112 "31";
32 0 1 12,113 "32";
33 2 0 19,49 "33";
34 0 1 63,81 "34";
35 2 0 16,75 "35";
36 1 1 24,41 "36";
37 0 1 52,90 "37";
38 1 0 29,68 "38";
39 1 1 65,93 "39";
40 0 1 0,81 "40";
41 1 1 73,76 "41";
42 1 1 68,114 "42";
43 1 1 61,111 "43";
44 0 1 77,113 "44";
45 1 1 6,105 "45";
46 2 0 29,75 "46";
47 2 0 24,115 "47";
48 2 1 46,80 "48";
49 1 1 12,68 "49";
50 1 0 80,108 "50";
51 2 0 79,91 "51";
52 0 1 14,23 "52";
53 0 1 13,26 "53";
54 0 0 84,108 "54";
55 0 1 48,104 "55";
56 2 0 13,88 "56";
57 0 0 68,83 "57";
58 1 1 64,89 "58";
59 0 1 60,65 "59";
60 0 1 55,79 "60";
61 1 0 56,89 "61";
62 1 0 63,67 "62";
63 1 0 92,105 "63";
64 2 0 36,88 "64";
65 2 0 2,104 "65";
66 0 0 26,57 "66";
67 2 1 103,124 "67";
68 2 1 9,24 "68";
69 1 0 55,106 "69";
70 0 1 26,45 "70";
71 0 1 34,37 "71";
72 1 0 11,75 "72";
73 0 0 21,27 "73";
74 0 1 28,88 "74";
75 2 0 22,102 "75";
76 1 1 46,123 "76";
77 2 1 52,58 "77";
78 1 0 19,74 "78";
79 1 1 115,120 "79";
80 0 1 43,94 "80";
81 1 1 4,49 "81";
82 1 0 30,117 "82";
83 2 1 91,117 "83";
84 0 1 40,98 "84";
85 1 0 37,59 "85";
86 0 0 21,30 "86";
87 0 1 34,51 "87";
88 2 0 53,83 "88";
89 1 1 65,123 "89";
90 0 0 36,93 "90";
91 2 1 102,110 "91";
92 0 1 4,70 "92";
93 2 1 26,70 "93";
94 1 0 20,117 "94";
95 0 0 38,106 "95";
96 0 0 36,74 "96";
97 2 0 98,100 "97";
98 1 1 2,15 "98";
99 1 1 52,113 "99";
100 0 0 4,18 "100";
101 0 1 32,93 "101";
102 2 1 14,83 "102";
103 1 1 4,63 "103";
104 2 1 28,123 "104";
105 1 1 7,33 "105";
106 1 0 2,54 "106";
107 1 0 2,99 "107";
108 1 0 32,57 "108";
109 0 1 63,77 "109";
110 1 1 9,70 "110";
111 2 0 24,95 "111";
112 0 1 85,104 "112";
113 1 0 26,73 "113";
114 0 0 36,53 "114";
115 0 0 51,80 "115";
116 1 1 41,55 "116";
117 0 0 15,97 "117";
118 0 0 37,66 "118";
119 1 0 42,112 "119";
120 1 1 5,8 "120";
121 1 0 25,73 "121";
122 1 0 10,39 "122";
123 1 0 27,61 "123";
124 0 0 23,110 "124";
