parity 159;
0 0 0 104,139 "0";
1 0 1 71,149 "1";
2 0 0 77,95 "2";
3 1 1 80,142 "3";
4 2 0 8,102 "4";
5 0 1 42,66 "5";
6 1 1 94,141 "6";
7 1 0 28,60 "7";
8 0 0 5,44 "8";
9 1 0 118,153 "9";
10 0 1 23,155 "10";
11 1 1 9,64 "11";
12 0 0 121,130 "12";
13 0 1 152,154 "13";
14 2 1 94,115 "14";
15 2 1 7,94 "15";
16 2 0 11,101 "16";
17 2 0 41,105 "17";
18 2 0 75,149 "18";
19 0 1 143,150 "19";
20 2 1 98,108 "20";
21 2 0 88,135 "21";
22 0 0 57,127 "22";
23 1 1 117,122 "23";
24 0 0 15,136 "24";
25 0 1 61,85 "25";
26 1 1 54,106 "26";
27 1 1 58,146 "27";
28 0 0 71,158 "28";
29 2 0 30,59 "29";
30 2 0 67,141 "30";
31 1 0 8,28 "31";
32 2 0 40,90 "32";
33 0 0 62,85 "33";
34 0 1 9,116 "34";
35 0 1 39,152 "35";
36 2 1 14,66 "36";
37 1 1 67,81 "37";
38 1 1 46,133 "38";
39 1 1 63,103 "39";
40 0 0 67,157 "40";
41 2 0 53,64 "41";
42 2 0 129,138 "42";
43 0 1 111,156 "43";
44 2 1 55,101 "44";
45 1 0 18,148 "45";
46 2 1 21,149 "46";
47 2 1 19,76 "47";
48 1 1 5,111 "48";
49 1 1 27,85 "49";
50 1 1 48,150 "50";
51 1 0 55,158 "51";
52 2 1 21,147 "52";
53 0 0 41,149 "53";
54 0 0 88,107 "54";
55 2 0 34,83 "55";
56 2 0 14,58 "56";
57 2 1 65,95 "57";
58 1 0 62,130 "58";
59 1 0 46,64 "59";
60 2 0 12,119 "60";
61 1 0 131,156 "61";
62 1 0 27,59 "62";
63 2 0 86,117 "63";
64 2 1 66,144 "64";
65 1 0 9,42 "65";
66 0 0 11,148 "66";
67 0 0 10,80 "67";
68 0 1 40,122 "68";
69 0 1 18,27 "69";
70 2 1 35,138 "70";
71 2 1 1,158 "71";
72 0 0 18,143 "72";
73 1 0 83,138 "73";
74 2 0 99,127 "74";
75 0 1 39,97 "75";
76 1 0 151,153 "76";
77 2 1 93,124 "77";
78 0 1 28,67 "78";
79 1 1 31,45 "79";
80 2 0 61,65 "80";
81 2 0 21,49 "81";
82 0 1 101,132 "82";
83 1 0 25,107 "83";
84 0 0 51,152 "84";
85 2 0 105,130 "85";
86 0 1 0,102 "86";
87 1 1 74,148 "87";
88 0 1 18,65 "88";
89 0 0 1,151 "89";
90 0 1 26,44 "90";
91 0 0 34,95 "91";
92 2 0 21,131 "92";
93 1 1 16,147 "93";
94 2 0 0,125 "94";
95 1 1 117,143 "95";
96 1 1 131,136 "96";
97 1 1 142,154 "97";
98 1 0 65,78 "98";
99 1 1 108,159 "99";
100 1 1 108,129 "100";
101 0 0 1,5 "101";
102 2 0 24,118 "102";
103 0 1 74,123 "103";
104 2 0 37,94 "104";
105 0 1 72,148 "105";
106 1 0 58,59 "106";
107 2 0 41,83 "107";
108 0 1 3,8 "108";
109 2 1 51,141 "109";
110 1 0 7,37 "110";
111 1 1 6,96 "111";
112 1 0 7,41 "112";
113 2 0 82,106 "113";
114 0 0 46,73 "114";
115 2 1 92,159 "115";
116 1 1 18,80 "116";
117 1 1 12,50 "117";
118 0 1 0,71 "118";
119 0 0 89,130 "119";
120 0 1 27,83 "120";
121 2 0 142,152 "121";
122 0 0 61,92 "122";
123 2 0 8,57 "123";
124 1 0 22,54 "124";
125 0 1 42,108 "125";
126 1 0 16,124 "126";
127 2 0 19,24 "127";
128 1 0 103,119 "128";
129 2 1 78,153 "129";
130 1 1 18,112 "130";
131 2 1 82,103 "131";
132 0 0 106,158 "132";
133 1 1 62,85 "133";
134 0 1 122,137 "134";
135 2 0 46,56 "135";
136 1 0 8,152 "136";
137 1 0 118,140 "137";
138 0 0 123,149 "138";
139 1 0 104,114 "139";
140 2 1 3,43 "140";
141 0 1 8,138 "141";
142 0 1 3,23 "142";
143 0 0 86,138 "143";
144 1 0 4,22 "144";
145 2 0 68,149 "145";
146 0 1 7,37 "146";
147 1 0 77,94 "147";
148 1 0 69,146 "148";
149 0 0 102,116 "149";
150 2 1 46,66 "150";
151 1 1 27,99 "151";
152 0 1 22,122 "152";
153 1 0 47,99 "153";
154 0 1 21,126 "154";
155 2 0 113,137 "155";
156 0 1 62,65 "156";
157 1 1 22,64 "157";
158 1 1 32,116 "158";
159 0 1 53,116 "159";
