parity 164;
0 2 0 54,113 "0";
1 2 0 118,135 "1";
2 2 0 12,47 "2";
3 2 1 8,78 "3";
4 2 1 44,134 "4";
5 0 0 94,139 "5";
6 0 0 97,126 "6";
7 1 1 17,156 "7";
8 2 0 95,135 "8";
9 2 1 10,115 "9";
10 1 0 45,132 "10";
11 1 1 8,62 "11";
12 0 1 26,43 "12";
13 1 0 2,150 "13";
14 1 1 116,146 "14";
15 2 1 110,133 "15";
16 2 1 116,139 "16";
17 1 1 77,109 "17";
18 1 0 16,154 "18";
19 2 0 55,108 "19";
20 1 1 80,155 "20";
21 1 0 77,134 "21";
22 2 1 71,152 "22";
23 1 0 75,119 "23";
24 0 0 28,156 "24";
25 1 0 34,71 "25";
26 2 1 48,119 "26";
27 2 1 32,108 "27";
28 2 1 14,61 "28";
29 0 0 91,150 "29";
30 1 1 82,109 "30";
31 2 0 35,83 "31";
32 2 1 13,31 "32";
33 0 1 18,107 "33";
34 0 0 6,14 "34";
35 2 1 115,154 "35";
36 2 0 141,142 "36";
37 2 1 64,105 "37";
38 0 1 95,139 "38";
39 2 1 95,98 "39";
40 1 1 39,73 "40";
41 0 0 46,88 "41";
42 2 0 11,120 "42";
43 1 1 69,94 "43";
44 0 1 122,132 "44";
45 2 0 85,94 "45";
46 1 1 129,131 "46";
47 0 1 38,58 "47";
48 0 1 59,61 "48";
49 2 1 23,114 "49";
50 1 0 27,34 "50";
51 2 1 0,160 "51";
52 0 1 11,126 "52";
53 0 1 42,92 "53";
54 1 0 75,129 "54";
55 2 0 44,81 "55";
56 2 1 93,125 "56";
57 0 0 124,160 "57";
58 0 0 62,164 "58";
59 1 0 143,150 "59";
60 2 0 73,77 "60";
61 1 0 19,73 "61";
62 2 0 13,125 "62";
63 1 0 145,160 "63";
64 0 0 16,105 "64";
65 1 0 61,83 "65";
66 1 1 58,131 "66";
67 1 0 112,154 "67";
68 2 1 107,113 "68";
69 1 0 133,142 "69";
70 0 1 140,147 "70";
71 1 1 134,137 "71";
72 1 0 105,130 "72";
73 2 0 88,150 "73";
74 2 0 88,150 "74";
75 1 0 5,56 "75";
76 0 1 63,157 "76";
77 2 0 70,103 "77";
78 0 1 48,52 "78";
79 1 1 97,132 "79";
80 1 1 95,119 "80";
81 0 1 43,121 "81";
82 2 0 10,127 "82";
83 1 1 32,151 "83";
84 1 0 64,112 "84";
85 2 1 54,153 "85";
86 0 0 11,126 "86";
87 0 0 17,108 "87";
88 1 0 43,87 "88";
89 0 1 58,149 "89";
90 1 1 118,137 "90";
91 0 0 41,81 "91";
92 2 1 60,107 "92";
93 0 0 118,158 "93";
94 0 0 4,164 "94";
95 1 0 94,143 "95";
96 1 0 6,9 "96";
97 2 0 2,157 "97";
98 2 1 123,143 "98";
99 1 0 54,142 "99";
100 2 0 57,127 "100";
101 0 1 17,115 "101";
102 0 0 12,62 "102";
103 0 0 70,73 "103";
104 2 1 76,149 "104";
105 1 0 0,146 "105";
106 0 1 0,57 "106";
107 0 0 0,118 "107";
108 1 1 80,154 "108";
109 2 0 27,49 "109";
110 2 0 13,141 "110";
111 2 0 8,58 "111";
112 0 1 88,139 "112";
113 0 0 14,100 "113";
114 0 0 80,154 "114";
115 2 0 103,158 "115";
116 0 1 95,126 "116";
117 1 1 64,108 "117";
118 1 0 98,139 "118";
119 2 1 88,137 "119";
120 2 0 129,150 "120";
121 2 0 6,53 "121";
122 0 1 151,158 "122";
123 2 0 7,23 "123";
124 1 1 87,123 "124";
125 2 0 104,126 "125";
126 2 1 30,64 "126";
127 1 0 82,149 "127";
128 0 1 22,52 "128";
129 1 0 34,136 "129";
130 0 1 22,37 "130";
131 1 1 54,70 "131";
132 2 1 11,130 "132";
133 2 1 50,105 "133";
134 0 0 29,145 "134";
135 0 1 27,97 "135";
136 0 0 50,137 "136";
137 1 0 68,118 "137";
138 1 1 63,89 "138";
139 0 0 130,135 "139";
140 1 1 89,135 "140";
141 1 1 20,50 "141";
142 0 0 93,95 "142";
143 1 0 5,55 "143";
144 1 0 113,139 "144";
145 2 0 138,148 "145";
146 1 1 42,93 "146";
147 0 0 95,131 "147";
148 1 0 22,50 "148";
149 1 1 93,131 "149";
150 2 0 80,117 "150";
151 0 1 44,48 "151";
152 1 0 20,117 "152";
153 1 0 26,38 "153";
154 0 0 103,152 "154";
155 2 1 3,81 "155";
156 1 0 66,73 "156";
157 0 0 4,87 "157";
158 0 0 27,151 "158";
159 1 0 59,146 "159";
160 1 0 3,57 "160";
161 2 1 52,84 "161";
162 0 0 104,120 "162";
163 1 1 120,158 "163";
164 1 1 53,115 "164";
