parity 189;
0 0 1 51,154 "0";
1 0 1 166,171 "1";
2 0 0 70,171 "2";
3 0 0 111,186 "3";
4 0 1 19,120 "4";
5 0 0 64,93 "5";
6 0 1 69,175 "6";
7 2 1 85,126 "7";
8 0 0 21,111 "8";
9 2 0 14,187 "9";
10 0 0 81,100 "10";
11 2 0 14,145 "11";
12 2 0 50,129 "12";
13 2 0 66,160 "13";
14 0 0 42,167 "14";
15 0 0 69,133 "15";
16 2 0 15,31 "16";
17 0 0 129,135 "17";
18 0 0 42,85 "18";
19 0 1 128,180 "19";
20 2 1 99,168 "20";
21 0 1 167,186 "21";
22 1 1 32,104 "22";
23 0 0 55,65 "23";
24 2 1 16,108 "24";
25 2 0 105,166 "25";
26 1 0 117,171 "26";
27 1 0 72,169 "27";
28 0 0 27,161 "28";
29 0 0 18,107 "29";
30 0 1 67,95 "30";
31 0 1 75,131 "31";
32 2 0 84,96 "32";
33 0 0 142,146 "33";
34 2 1 82,179 "34";
35 0 1 23,185 "35";
36 2 0 70,181 "36";
37 2 0 111,154 "37";
38 0 0 26,112 "38";
39 2 1 108,177 "39";
40 1 1 7,41 "40";
41 1 0 62,184 "41";
42 1 0 111,127 "42";
43 0 0 59,180 "43";
44 1 0 64,162 "44";
45 0 0 0,89 "45";
46 1 0 70,124 "46";
47 1 1 64,70 "47";
48 0 1 93,162 "48";
49 2 0 5,17 "49";
50 2 0 19,84 "50";
51 1 1 43,156 "51";
52 0 0 85,132 "52";
53 0 1 5,25 "53";
54 0 0 8,92 "54";
55 2 0 69,89 "55";
56 0 1 143,163 "56";
57 1 0 166,188 "57";
58 2 1 83,149 "58";
59 2 0 9,118 "59";
60 0 0 85,152 "60";
61 0 0 38,108 "61";
62 2 1 180,189 "62";
63 1 1 0,73 "63";
64 2 0 98,149 "64";
65 0 0 100,121 "65";
66 0 0 46,92 "66";
67 1 1 149,182 "67";
68 2 1 28,158 "68";
69 2 1 30,161 "69";
70 2 1 12,87 "70";
71 0 1 15,139 "71";
72 1 0 24,134 "72";
73 0 1 37,149 "73";
74 2 1 157,185 "74";
75 2 0 62,180 "75";
76 0 1 23,113 "76";
77 1 1 100,102 "77";
78 1 1 50,126 "78";
79 2 0 65,68 "79";
80 1 1 86,111 "80";
81 0 1 19,53 "81";
82 0 0 47,100 "82";
83 1 1 97,186 "83";
84 0 1 9,137 "84";
85 0 0 35,162 "85";
86 2 1 74,101 "86";
87 2 0 35,36 "87";
88 0 1 18,186 "88";
89 2 1 76,94 "89";
90 1 1 12,47 "90";
91 0 0 57,150 "91";
92 0 0 72,95 "92";
93 0 1 5,42 "93";
94 0 1 129,182 "94";
95 2 1 85,138 "95";
96 1 0 142,143 "96";
97 1 0 120,126 "97";
98 1 1 108,123 "98";
99 1 0 59,82 "99";
100 1 1 92,179 "100";
101 2 0 7,150 "101";
102 1 1 70,88 "102";
103 2 1 3,30 "103";
104 0 0 106,128 "104";
105 1 0 15,135 "105";
106 2 1 98,136 "106";
107 1 0 99,150 "107";
108 2 0 71,79 "108";
109 1 0 111,130 "109";
110 0 0 36,106 "110";
111 2 0 79,108 "111";
112 1 0 35,120 "112";
113 0 1 3,171 "113";
114 1 1 64,162 "114";
115 1 0 127,163 "115";
116 1 0 50,98 "116";
117 1 0 85,166 "117";
118 2 0 20,56 "118";
119 0 1 81,136 "119";
120 0 0 46,170 "120";
121 1 0 9,80 "121";
122 1 0 76,141 "122";
123 1 1 94,188 "123";
124 1 0 1,162 "124";
125 2 0 106,184 "125";
126 1 0 39,107 "126";
127 1 1 1,101 "127";
128 2 0 78,97 "128";
129 2 0 16,114 "129";
130 2 0 49,114 "130";
131 2 0 51,101 "131";
132 2 0 48,103 "132";
133 1 1 32,49 "133";
134 0 1 62,174 "134";
135 0 1 77,107 "135";
136 0 1 27,137 "136";
137 0 0 29,116 "137";
138 0 1 160,165 "138";
139 0 0 0,174 "139";
140 0 0 47,130 "140";
141 0 1 90,92 "141";
142 0 1 47,170 "142";
143 1 1 140,165 "143";
144 0 0 78,80 "144";
145 1 1 3,158 "145";
146 0 0 18,143 "146";
147 0 0 41,118 "147";
148 0 1 9,177 "148";
149 1 0 115,164 "149";
150 1 1 72,79 "150";
151 1 0 50,140 "151";
152 2 1 36,46 "152";
153 2 0 88,135 "153";
154 0 0 22,77 "154";
155 1 1 53,87 "155";
156 0 1 100,134 "156";
157 2 0 29,130 "157";
158 2 1 25,51 "158";
159 1 1 41,144 "159";
160 0 0 63,143 "160";
161 0 0 36,177 "161";
162 0 0 95,185 "162";
163 1 0 17,47 "163";
164 1 1 10,121 "164";
165 1 1 36,64 "165";
166 0 0 7,77 "166";
167 2 1 59,88 "167";
168 1 1 124,136 "168";
169 2 1 102,152 "169";
170 1 1 15,136 "170";
171 2 1 99,143 "171";
172 0 1 63,174 "172";
173 1 1 114,124 "173";
174 0 0 14,183 "174";
175 2 1 67,162 "175";
176 1 0 60,139 "176";
177 0 1 113,150 "177";
178 1 1 22,101 "178";
179 1 1 59,79 "179";
180 1 0 70,117 "180";
181 2 0 14,48 "181";
182 1 1 31,175 "182";
183 2 0 97,148 "183";
184 1 1 26,117 "184";
185 2 1 71,148 "185";
186 2 1 72,104 "186";
187 0 0 57,64 "187";
188 2 0 128,136 "188";
189 2 0 41,82 "189";
