parity 109;
0 2 1 12,78 "0";
1 2 0 46,66 "1";
2 2 1 11,55 "2";
3 0 0 100,104 "3";
4 1 1 10,92 "4";
5 1 1 68,94 "5";
6 2 0 83,94 "6";
7 2 1 58,62 "7";
8 1 0 19,79 "8";
9 2 0 72,84 "9";
10 2 0 4,58 "10";
11 2 0 3,96 "11";
12 2 0 7,39 "12";
13 2 1 61,69 "13";
14 0 1 18,102 "14";
15 2 1 62,82 "15";
16 0 1 49,81 "16";
17 0 1 32,70 "17";
18 2 0 32,77 "18";
19 2 1 30,61 "19";
20 0 1 4,84 "20";
21 0 1 37,91 "21";
22 1 1 46,53 "22";
23 2 0 16,70 "23";
24 1 0 34,108 "24";
25 1 0 45,86 "25";
26 2 1 55,67 "26";
27 0 1 47,70 "27";
28 2 0 5,31 "28";
29 1 0 19,93 "29";
30 2 1 58,72 "30";
31 2 1 26,106 "31";
32 2 0 91,96 "32";
33 2 1 101,107 "33";
34 1 1 51,107 "34";
35 0 1 17,83 "35";
36 2 0 33,61 "36";
37 2 1 7,63 "37";
38 2 1 55,61 "38";
39 2 1 29,107 "39";
40 2 1 33,78 "40";
41 2 0 44,65 "41";
42 2 0 86,87 "42";
43 2 1 29,99 "43";
44 0 1 19,58 "44";
45 0 0 34,84 "45";
46 0 0 25,95 "46";
47 2 1 29,106 "47";
48 1 0 46,77 "48";
49 1 0 51,93 "49";
50 2 1 24,68 "50";
51 1 1 6,16 "51";
52 2 1 69,106 "52";
53 2 0 6,15 "53";
54 2 1 11,74 "54";
55 1 0 6,90 "55";
56 0 0 96,102 "56";
57 0 1 93,101 "57";
58 1 1 35,102 "58";
59 2 0 52,93 "59";
60 0 0 2,16 "60";
61 2 1 4,94 "61";
62 0 1 2,15 "62";
63 1 0 53,61 "63";
64 0 0 7,50 "64";
65 2 1 63,92 "65";
66 2 0 21,74 "66";
67 0 0 65,94 "67";
68 1 1 13,92 "68";
69 2 1 22,46 "69";
70 0 1 22,68 "70";
71 0 1 43,94 "71";
72 2 0 71,86 "72";
73 2 1 19,68 "73";
74 2 1 42,76 "74";
75 1 1 71,78 "75";
76 1 0 86,109 "76";
77 2 0 52,65 "77";
78 0 0 63,92 "78";
79 0 0 32,101 "79";
80 1 1 19,34 "80";
81 2 0 35,44 "81";
82 2 0 100,108 "82";
83 2 0 28,60 "83";
84 1 0 8,58 "84";
85 0 1 41,42 "85";
86 1 0 4,82 "86";
87 2 1 20,30 "87";
88 0 1 45,71 "88";
89 0 0 14,103 "89";
90 2 1 48,71 "90";
91 1 0 40,61 "91";
92 0 0 16,90 "92";
93 0 0 20,107 "93";
94 0 0 57,82 "94";
95 0 0 43,59 "95";
96 1 1 4,12 "96";
97 1 0 44,100 "97";
98 1 1 1,100 "98";
99 2 1 26,76 "99";
100 0 1 8,72 "100";
101 0 1 31,92 "101";
102 0 1 72,80 "102";
103 1 0 14,83 "103";
104 1 1 10,66 "104";
105 2 1 85,109 "105";
106 2 1 66,98 "106";
107 2 0 20,43 "107";
108 2 0 15,16 "108";
109 2 1 81,92 "109";
