parity 174;
0 0 0 45,138 "0";
1 2 0 75,158 "1";
2 2 1 31,75 "2";
3 0 0 123,172 "3";
4 1 0 39,166 "4";
5 2 1 33,108 "5";
6 2 0 54,127 "6";
7 2 1 25,106 "7";
8 2 1 128,146 "8";
9 2 0 16,70 "9";
10 2 1 6,65 "10";
11 0 1 63,146 "11";
12 0 1 2,30 "12";
13 0 0 98,161 "13";
14 0 1 72,78 "14";
15 1 1 6,160 "15";
16 0 1 89,104 "16";
17 1 1 92,162 "17";
18 0 1 38,134 "18";
19 2 0 10,108 "19";
20 0 1 16,117 "20";
21 1 0 49,108 "21";
22 0 0 74,94 "22";
23 1 0 93,140 "23";
24 2 0 104,112 "24";
25 1 0 63,157 "25";
26 0 0 66,173 "26";
27 2 0 140,172 "27";
28 1 1 10,65 "28";
29 0 1 52,156 "29";
30 2 1 12,122 "30";
31 0 0 98,148 "31";
32 2 0 90,160 "32";
33 0 0 15,134 "33";
34 2 1 28,68 "34";
35 1 1 68,88 "35";
36 2 1 9,41 "36";
37 2 1 58,146 "37";
38 1 0 152,157 "38";
39 0 1 119,155 "39";
40 0 0 20,95 "40";
41 2 0 92,100 "41";
42 2 0 71,114 "42";
43 0 1 74,124 "43";
44 2 1 138,144 "44";
45 0 1 8,34 "45";
46 2 0 10,89 "46";
47 0 0 77,131 "47";
48 1 1 17,101 "48";
49 2 1 31,61 "49";
50 0 1 59,73 "50";
51 0 1 18,128 "51";
52 1 1 109,128 "52";
53 0 0 35,45 "53";
54 1 1 24,137 "54";
55 0 0 28,100 "55";
56 0 0 80,98 "56";
57 1 1 106,166 "57";
58 0 1 5,84 "58";
59 1 1 52,138 "59";
60 1 0 97,144 "60";
61 2 1 136,158 "61";
62 0 1 49,61 "62";
63 0 0 100,114 "63";
64 0 1 109,128 "64";
65 0 1 78,138 "65";
66 0 0 81,102 "66";
67 1 0 41,53 "67";
68 1 0 142,144 "68";
69 0 0 67,119 "69";
70 1 1 146,162 "70";
71 1 1 46,94 "71";
72 0 1 47,64 "72";
73 2 1 102,149 "73";
74 2 0 44,94 "74";
75 2 1 20,171 "75";
76 2 0 32,110 "76";
77 0 0 19,85 "77";
78 0 1 64,65 "78";
79 0 0 116,160 "79";
80 1 0 12,110 "80";
81 1 1 9,158 "81";
82 0 0 78,128 "82";
83 0 0 9,124 "83";
84 2 0 112,143 "84";
85 0 0 5,128 "85";
86 2 1 52,81 "86";
87 2 1 33,95 "87";
88 0 0 122,136 "88";
89 0 0 73,101 "89";
90 0 0 29,117 "90";
91 1 1 133,140 "91";
92 0 0 11,101 "92";
93 1 0 77,113 "93";
94 1 0 83,169 "94";
95 0 0 67,119 "95";
96 2 0 75,122 "96";
97 1 1 39,108 "97";
98 1 1 17,20 "98";
99 1 1 25,55 "99";
100 1 1 67,97 "100";
101 0 0 0,148 "101";
102 0 1 40,111 "102";
103 1 1 9,119 "103";
104 1 0 59,106 "104";
105 2 0 11,115 "105";
106 0 1 92,165 "106";
107 0 1 51,122 "107";
108 2 0 130,150 "108";
109 1 0 4,15 "109";
110 0 1 60,93 "110";
111 2 1 50,55 "111";
112 1 0 41,67 "112";
113 1 0 67,83 "113";
114 1 1 49,75 "114";
115 0 1 94,96 "115";
116 1 0 8,112 "116";
117 1 0 16,173 "117";
118 0 0 13,130 "118";
119 1 0 57,104 "119";
120 0 1 78,147 "120";
121 2 1 147,157 "121";
122 1 1 142,146 "122";
123 2 0 15,19 "123";
124 0 0 22,145 "124";
125 2 1 4,154 "125";
126 1 0 42,105 "126";
127 1 1 87,132 "127";
128 1 0 111,162 "128";
129 2 1 31,91 "129";
130 2 1 3,76 "130";
131 2 1 2,59 "131";
132 2 1 37,87 "132";
133 1 1 31,66 "133";
134 1 1 108,127 "134";
135 1 1 26,113 "135";
136 0 0 30,161 "136";
137 2 1 44,124 "137";
138 0 0 121,169 "138";
139 2 0 28,167 "139";
140 0 1 115,138 "140";
141 0 0 29,174 "141";
142 2 0 10,45 "142";
143 2 0 12,95 "143";
144 2 0 128,130 "144";
145 2 0 94,100 "145";
146 0 0 14,77 "146";
147 2 1 29,99 "147";
148 0 1 31,55 "148";
149 1 0 64,72 "149";
150 0 1 70,134 "150";
151 0 1 40,42 "151";
152 0 0 19,85 "152";
153 0 0 86,119 "153";
154 1 0 43,135 "154";
155 1 0 26,60 "155";
156 2 1 9,141 "156";
157 1 1 58,93 "157";
158 0 0 7,114 "158";
159 0 0 6,117 "159";
160 0 1 1,81 "160";
161 1 1 19,89 "161";
162 0 1 50,62 "162";
163 2 1 53,165 "163";
164 0 0 79,102 "164";
165 0 1 25,114 "165";
166 2 1 54,83 "166";
167 1 1 1,56 "167";
168 0 0 129,171 "168";
169 0 0 27,104 "169";
170 1 1 172,173 "170";
171 1 1 114,147 "171";
172 1 1 73,165 "172";
173 1 0 21,28 "173";
174 0 0 49,158 "174";
