parity 149;
0 0 1 44,47 "0";
1 0 0 68,70 "1";
2 2 0 69,119 "2";
3 2 0 11,114 "3";
4 2 1 37,131 "4";
5 1 1 6,51 "5";
6 0 1 32,41 "6";
7 2 1 140,141 "7";
8 0 0 46,73 "8";
9 0 1 87,93 "9";
10 2 0 42,59 "10";
11 1 0 0,116 "11";
12 0 1 40,61 "12";
13 1 1 11,105 "13";
14 2 1 136,142 "14";
15 1 1 80,132 "15";
16 2 0 40,108 "16";
17 0 1 35,147 "17";
18 0 0 19,32 "18";
19 2 1 0,71 "19";
20 2 0 21,32 "20";
21 2 1 111,125 "21";
22 1 0 18,41 "22";
23 1 0 46,91 "23";
24 1 1 0,31 "24";
25 2 1 57,61 "25";
26 1 1 52,92 "26";
27 2 1 16,21 "27";
28 1 0 1,16 "28";
29 1 1 17,73 "29";
30 0 0 101,139 "30";
31 1 0 41,43 "31";
32 1 0 46,67 "32";
33 2 0 7,100 "33";
34 0 1 47,64 "34";
35 1 0 16,148 "35";
36 2 1 46,146 "36";
37 2 0 92,141 "37";
38 1 0 17,75 "38";
39 1 1 87,115 "39";
40 2 1 70,87 "40";
41 2 0 117,145 "41";
42 1 1 37,127 "42";
43 2 1 48,58 "43";
44 2 1 81,105 "44";
45 1 0 29,86 "45";
46 0 1 34,69 "46";
47 0 1 124,142 "47";
48 0 1 61,70 "48";
49 1 0 24,66 "49";
50 2 1 20,101 "50";
51 2 1 55,116 "51";
52 2 1 2,129 "52";
53 0 1 12,118 "53";
54 0 1 69,126 "54";
55 1 1 83,106 "55";
56 2 0 2,137 "56";
57 0 1 6,123 "57";
58 2 1 120,125 "58";
59 1 1 36,128 "59";
60 1 0 40,83 "60";
61 1 1 43,104 "61";
62 2 0 96,118 "62";
63 0 0 95,110 "63";
64 0 0 19,89 "64";
65 1 1 25,47 "65";
66 2 1 37,49 "66";
67 0 0 83,132 "67";
68 1 1 20,90 "68";
69 1 1 11,18 "69";
70 0 0 2,8 "70";
71 0 0 65,129 "71";
72 1 0 13,104 "72";
73 2 0 50,137 "73";
74 2 0 0,66 "74";
75 1 1 8,51 "75";
76 1 0 9,49 "76";
77 0 0 16,73 "77";
78 2 0 87,97 "78";
79 2 1 7,61 "79";
80 1 1 2,84 "80";
81 1 0 15,134 "81";
82 2 0 18,75 "82";
83 0 0 26,28 "83";
84 0 1 89,107 "84";
85 1 1 12,54 "85";
86 1 1 52,113 "86";
87 1 1 55,134 "87";
88 2 0 81,136 "88";
89 1 0 119,124 "89";
90 1 1 64,146 "90";
91 1 1 52,137 "91";
92 1 0 6,79 "92";
93 2 0 78,82 "93";
94 1 0 20,109 "94";
95 1 1 58,145 "95";
96 2 1 8,37 "96";
97 1 0 18,106 "97";
98 1 1 0,140 "98";
99 1 1 6,17 "99";
100 2 1 94,134 "100";
101 0 1 59,67 "101";
102 0 1 37,125 "102";
103 2 0 48,147 "103";
104 0 0 42,82 "104";
105 1 0 110,115 "105";
106 2 1 42,55 "106";
107 0 0 74,120 "107";
108 2 1 33,94 "108";
109 1 1 9,137 "109";
110 2 0 10,136 "110";
111 1 0 55,87 "111";
112 2 1 65,85 "112";
113 2 1 19,94 "113";
114 0 1 81,109 "114";
115 1 1 9,43 "115";
116 2 0 51,107 "116";
117 1 0 21,81 "117";
118 2 1 10,142 "118";
119 2 0 64,129 "119";
120 0 0 13,96 "120";
121 1 0 19,25 "121";
122 1 1 46,114 "122";
123 1 1 38,47 "123";
124 0 1 24,86 "124";
125 0 1 60,142 "125";
126 1 0 7,135 "126";
127 2 1 75,140 "127";
128 1 1 27,127 "128";
129 2 1 8,121 "129";
130 2 1 88,138 "130";
131 1 0 39,86 "131";
132 0 1 4,143 "132";
133 2 0 55,120 "133";
134 2 1 17,92 "134";
135 0 1 9,89 "135";
136 0 1 48,102 "136";
137 2 1 92,147 "137";
138 2 1 20,139 "138";
139 0 0 88,98 "139";
140 0 0 51,123 "140";
141 0 0 28,48 "141";
142 1 0 130,141 "142";
143 1 1 80,102 "143";
144 2 0 44,81 "144";
145 1 0 5,106 "145";
146 1 0 22,132 "146";
147 2 1 47,109 "147";
148 0 1 26,63 "148";
149 1 0 16,101 "149";
