parity 114;
0 0 0 13,36 "0";
1 0 0 9,67 "1";
2 1 0 35,73 "2";
3 2 1 9,74 "3";
4 2 1 82,101 "4";
5 2 0 13,18 "5";
6 0 0 3,104 "6";
7 2 0 2,31 "7";
8 0 0 4,62 "8";
9 1 1 88,99 "9";
10 2 0 29,67 "10";
11 1 0 32,48 "11";
12 0 1 7,56 "12";
13 0 1 36,75 "13";
14 2 0 16,76 "14";
15 0 1 56,111 "15";
16 0 0 66,83 "16";
17 1 1 16,19 "17";
18 0 1 1,85 "18";
19 0 0 36,89 "19";
20 1 1 2,60 "20";
21 1 0 17,26 "21";
22 2 1 82,109 "22";
23 1 1 20,25 "23";
24 1 1 47,76 "24";
25 2 0 76,104 "25";
26 2 1 54,91 "26";
27 1 0 19,100 "27";
28 2 1 98,101 "28";
29 0 1 91,104 "29";
30 1 0 70,83 "30";
31 1 0 16,92 "31";
32 2 0 0,82 "32";
33 1 1 13,31 "33";
34 0 1 6,29 "34";
35 1 0 39,49 "35";
36 1 1 29,60 "36";
37 1 0 26,63 "37";
38 1 0 62,84 "38";
39 2 0 14,89 "39";
40 1 1 17,73 "40";
41 2 1 2,99 "41";
42 0 1 41,83 "42";
43 1 1 37,59 "43";
44 1 0 92,114 "44";
45 1 1 75,91 "45";
46 0 1 1,101 "46";
47 1 1 38,75 "47";
48 2 1 72,105 "48";
49 2 1 61,100 "49";
50 0 0 13,23 "50";
51 2 0 45,89 "51";
52 1 1 9,99 "52";
53 1 0 1,33 "53";
54 1 0 7,12 "54";
55 2 1 38,83 "55";
56 1 0 66,113 "56";
57 1 1 46,101 "57";
58 0 0 14,48 "58";
59 2 0 22,51 "59";
60 2 0 40,107 "60";
61 2 1 7,92 "61";
62 2 1 6,36 "62";
63 2 1 55,81 "63";
64 0 1 10,16 "64";
65 2 1 13,58 "65";
66 2 0 28,76 "66";
67 2 1 5,56 "67";
68 1 1 48,72 "68";
69 0 0 86,104 "69";
70 2 0 18,29 "70";
71 2 1 1,108 "71";
72 1 0 5,63 "72";
73 1 0 59,92 "73";
74 2 0 2,37 "74";
75 1 0 92,98 "75";
76 1 0 44,77 "76";
77 0 1 20,64 "77";
78 0 0 63,113 "78";
79 0 1 59,109 "79";
80 0 0 102,106 "80";
81 1 1 1,7 "81";
82 2 1 45,46 "82";
83 0 0 21,33 "83";
84 1 0 85,107 "84";
85 1 1 69,97 "85";
86 2 0 84,108 "86";
87 0 1 11,73 "87";
88 0 1 103,110 "88";
89 0 0 69,97 "89";
90 2 0 53,101 "90";
91 2 0 56,69 "91";
92 2 1 6,110 "92";
93 1 1 31,57 "93";
94 2 1 6,87 "94";
95 0 0 40,66 "95";
96 0 0 16,36 "96";
97 2 1 39,107 "97";
98 2 1 28,79 "98";
99 0 1 0,27 "99";
100 1 1 64,105 "100";
101 0 0 5,52 "101";
102 0 0 55,73 "102";
103 0 0 6,101 "103";
104 2 0 2,85 "104";
105 0 0 6,34 "105";
106 0 1 26,93 "106";
107 0 0 36,101 "107";
108 0 1 58,95 "108";
109 0 0 67,85 "109";
110 1 1 24,114 "110";
111 0 0 7,98 "111";
112 0 1 26,42 "112";
113 1 1 9,60 "113";
114 2 0 45,66 "114";
