parity 189;
0 1 1 17,66 "0";
1 0 0 5,67 "1";
2 1 0 79,167 "2";
3 2 1 65,142 "3";
4 0 0 33,66 "4";
5 0 1 97,120 "5";
6 2 1 18,44 "6";
7 1 0 25,172 "7";
8 2 0 23,32 "8";
9 0 1 77,177 "9";
10 1 1 37,113 "10";
11 0 1 22,34 "11";
12 1 1 47,177 "12";
13 2 0 70,122 "13";
14 0 1 25,156 "14";
15 0 1 61,110 "15";
16 1 1 36,103 "16";
17 0 1 39,116 "17";
18 0 0 72,177 "18";
19 1 0 92,189 "19";
20 0 1 11,37 "20";
21 0 1 3,158 "21";
22 1 0 15,69 "22";
23 0 1 140,162 "23";
24 2 1 64,169 "24";
25 0 0 26,50 "25";
26 2 0 15,178 "26";
27 1 1 25,166 "27";
28 0 0 114,164 "28";
29 0 0 22,171 "29";
30 2 1 15,156 "30";
31 0 0 91,121 "31";
32 2 0 55,146 "32";
33 1 0 152,154 "33";
34 1 0 55,136 "34";
35 1 1 20,174 "35";
36 2 0 1,42 "36";
37 1 1 147,167 "37";
38 1 1 8,31 "38";
39 1 0 44,138 "39";
40 0 0 137,187 "40";
41 2 1 10,178 "41";
42 1 0 121,132 "42";
43 0 1 17,104 "43";
44 1 0 161,179 "44";
45 1 0 28,51 "45";
46 1 1 5,18 "46";
47 0 0 48,90 "47";
48 2 1 44,109 "48";
49 1 1 33,109 "49";
50 0 0 126,137 "50";
51 1 1 15,166 "51";
52 0 0 76,182 "52";
53 2 0 98,169 "53";
54 1 0 147,165 "54";
55 2 1 5,57 "55";
56 1 1 32,58 "56";
57 1 1 93,137 "57";
58 1 1 6,142 "58";
59 1 0 77,80 "59";
60 1 1 110,144 "60";
61 2 1 44,182 "61";
62 2 1 8,182 "62";
63 2 0 83,125 "63";
64 2 0 1,46 "64";
65 2 0 36,149 "65";
66 0 1 126,176 "66";
67 0 1 98,102 "67";
68 1 1 41,146 "68";
69 2 1 76,168 "69";
70 2 1 1,79 "70";
71 2 1 66,103 "71";
72 0 1 149,179 "72";
73 0 1 106,114 "73";
74 1 0 124,158 "74";
75 2 1 84,107 "75";
76 2 1 98,106 "76";
77 0 0 113,120 "77";
78 1 0 106,122 "78";
79 0 0 68,170 "79";
80 1 0 0,105 "80";
81 1 0 183,188 "81";
82 0 0 14,78 "82";
83 0 1 108,155 "83";
84 2 1 82,141 "84";
85 2 0 121,165 "85";
86 2 0 83,94 "86";
87 2 1 96,111 "87";
88 2 1 87,128 "88";
89 2 1 43,86 "89";
90 1 0 79,111 "90";
91 1 1 35,105 "91";
92 0 1 38,87 "92";
93 2 1 148,188 "93";
94 2 1 6,158 "94";
95 0 0 34,127 "95";
96 2 1 145,155 "96";
97 0 1 58,79 "97";
98 0 1 94,135 "98";
99 2 1 28,86 "99";
100 0 1 49,115 "100";
101 0 1 114,120 "101";
102 2 1 60,108 "102";
103 0 1 36,152 "103";
104 0 0 35,93 "104";
105 2 0 94,163 "105";
106 0 1 0,47 "106";
107 1 0 135,148 "107";
108 2 1 30,37 "108";
109 0 1 5,157 "109";
110 2 1 24,182 "110";
111 1 1 20,148 "111";
112 2 1 114,170 "112";
113 2 1 18,83 "113";
114 1 1 66,126 "114";
115 0 1 71,98 "115";
116 2 0 19,180 "116";
117 0 1 18,67 "117";
118 1 1 56,115 "118";
119 0 1 109,180 "119";
120 1 1 41,153 "120";
121 2 0 123,125 "121";
122 1 1 47,167 "122";
123 0 1 3,179 "123";
124 1 1 61,75 "124";
125 2 1 47,120 "125";
126 0 0 10,78 "126";
127 2 1 85,113 "127";
128 1 0 29,175 "128";
129 1 0 103,182 "129";
130 0 1 51,67 "130";
131 1 0 132,144 "131";
132 0 0 12,189 "132";
133 2 1 121,123 "133";
134 2 0 90,93 "134";
135 2 0 5,127 "135";
136 1 0 64,175 "136";
137 2 0 108,143 "137";
138 0 1 32,173 "138";
139 2 0 48,107 "139";
140 2 0 65,93 "140";
141 1 1 78,117 "141";
142 0 1 78,144 "142";
143 2 1 70,182 "143";
144 0 0 43,156 "144";
145 0 0 12,185 "145";
146 1 1 51,91 "146";
147 0 0 63,175 "147";
148 0 0 94,157 "148";
149 2 1 51,54 "149";
150 1 0 69,151 "150";
151 2 0 0,61 "151";
152 1 1 126,169 "152";
153 1 0 63,184 "153";
154 2 0 86,102 "154";
155 1 1 17,163 "155";
156 0 1 81,131 "156";
157 0 1 108,151 "157";
158 2 1 61,99 "158";
159 1 1 57,150 "159";
160 1 1 15,27 "160";
161 2 1 11,123 "161";
162 0 1 2,6 "162";
163 0 1 98,148 "163";
164 1 1 13,162 "164";
165 0 1 143,173 "165";
166 2 1 59,93 "166";
167 0 1 92,120 "167";
168 1 1 129,156 "168";
169 0 0 13,160 "169";
170 1 0 31,35 "170";
171 2 0 69,76 "171";
172 1 1 53,105 "172";
173 1 1 107,183 "173";
174 0 0 71,89 "174";
175 0 0 46,59 "175";
176 0 1 46,172 "176";
177 1 0 120,168 "177";
178 1 0 68,86 "178";
179 0 0 33,135 "179";
180 1 0 49,103 "180";
181 2 0 63,153 "181";
182 0 0 112,157 "182";
183 0 0 135,174 "183";
184 2 1 19,79 "184";
185 0 0 72,122 "185";
186 2 0 34,96 "186";
187 2 1 169,175 "187";
188 2 0 135,175 "188";
189 2 1 75,125 "189";
