parity 139;
0 0 1 94,104 "0";
1 0 0 102,116 "1";
2 1 1 13,126 "2";
3 2 0 32,50 "3";
4 1 1 126,129 "4";
5 2 0 32,39 "5";
6 0 1 51,103 "6";
7 2 0 1,129 "7";
8 1 1 32,34 "8";
9 2 0 19,89 "9";
10 1 0 27,68 "10";
11 2 0 71,135 "11";
12 2 1 14,50 "12";
13 2 0 10,135 "13";
14 2 0 83,134 "14";
15 0 0 28,73 "15";
16 1 0 66,85 "16";
17 0 0 24,35 "17";
18 0 1 50,70 "18";
19 0 0 22,44 "19";
20 0 0 102,127 "20";
21 1 1 15,20 "21";
22 0 1 81,134 "22";
23 1 0 57,89 "23";
24 0 1 64,89 "24";
25 1 0 104,120 "25";
26 0 1 14,21 "26";
27 2 1 99,122 "27";
28 1 0 30,49 "28";
29 1 1 18,121 "29";
30 0 1 11,99 "30";
31 1 1 92,103 "31";
32 2 1 40,120 "32";
33 2 1 63,111 "33";
34 2 1 52,107 "34";
35 0 1 65,129 "35";
36 2 1 83,92 "36";
37 2 0 110,127 "37";
38 2 0 99,138 "38";
39 1 0 18,25 "39";
40 0 0 90,91 "40";
41 2 1 20,80 "41";
42 0 1 53,75 "42";
43 2 0 28,31 "43";
44 1 1 61,131 "44";
45 2 1 130,139 "45";
46 2 0 13,16 "46";
47 1 1 22,96 "47";
48 0 1 39,79 "48";
49 0 0 97,128 "49";
50 2 0 7,10 "50";
51 2 1 96,110 "51";
52 0 0 33,61 "52";
53 1 1 29,75 "53";
54 0 1 108,128 "54";
55 2 1 38,117 "55";
56 1 0 18,133 "56";
57 0 0 102,112 "57";
58 2 0 102,122 "58";
59 0 0 44,114 "59";
60 1 1 47,136 "60";
61 0 0 1,126 "61";
62 0 1 86,123 "62";
63 0 0 16,77 "63";
64 1 0 11,101 "64";
65 2 1 13,116 "65";
66 0 1 106,110 "66";
67 2 0 10,20 "67";
68 1 1 78,129 "68";
69 2 0 40,59 "69";
70 2 1 43,95 "70";
71 0 0 51,112 "71";
72 1 1 51,116 "72";
73 2 0 125,133 "73";
74 2 1 5,72 "74";
75 2 0 71,126 "75";
76 2 0 56,138 "76";
77 0 1 18,86 "77";
78 0 0 56,71 "78";
79 2 0 12,64 "79";
80 1 1 121,131 "80";
81 2 0 79,87 "81";
82 0 0 44,130 "82";
83 1 1 80,127 "83";
84 0 0 69,135 "84";
85 2 0 37,67 "85";
86 1 1 73,90 "86";
87 1 1 23,125 "87";
88 2 1 75,83 "88";
89 2 0 70,78 "89";
90 1 1 46,79 "90";
91 2 0 1,78 "91";
92 0 1 29,104 "92";
93 1 1 118,135 "93";
94 0 1 17,74 "94";
95 0 1 21,49 "95";
96 1 0 13,84 "96";
97 0 0 74,107 "97";
98 1 0 126,139 "98";
99 2 0 58,82 "99";
100 0 1 32,43 "100";
101 0 0 8,123 "101";
102 0 1 52,91 "102";
103 1 1 16,118 "103";
104 0 0 111,134 "104";
105 2 0 90,96 "105";
106 1 1 2,64 "106";
107 0 0 86,92 "107";
108 2 0 8,74 "108";
109 1 0 124,133 "109";
110 0 0 53,129 "110";
111 0 0 15,124 "111";
112 1 1 10,75 "112";
113 0 1 54,64 "113";
114 1 1 89,109 "114";
115 0 1 19,127 "115";
116 0 1 54,85 "116";
117 1 1 19,99 "117";
118 2 0 22,81 "118";
119 2 1 45,83 "119";
120 0 1 93,121 "120";
121 2 1 92,125 "121";
122 2 0 38,49 "122";
123 1 1 5,50 "123";
124 0 1 5,127 "124";
125 1 1 51,136 "125";
126 1 0 6,107 "126";
127 0 1 69,92 "127";
128 1 1 8,42 "128";
129 0 1 10,48 "129";
130 2 0 69,72 "130";
131 0 1 26,41 "131";
132 0 1 33,99 "132";
133 2 1 10,12 "133";
134 2 1 97,111 "134";
135 1 0 35,43 "135";
136 0 0 67,121 "136";
137 1 0 7,29 "137";
138 1 1 122,135 "138";
139 0 0 38,100 "139";
