parity 164;
0 2 1 89,99 "0";
1 1 0 74,93 "1";
2 2 1 10,49 "2";
3 2 1 83,117 "3";
4 0 1 37,90 "4";
5 1 0 1,149 "5";
6 1 0 9,147 "6";
7 0 0 33,78 "7";
8 1 1 31,75 "8";
9 2 0 88,115 "9";
10 0 1 58,164 "10";
11 1 1 77,83 "11";
12 0 1 56,156 "12";
13 1 0 99,123 "13";
14 0 0 66,122 "14";
15 2 0 12,47 "15";
16 2 0 34,83 "16";
17 1 1 27,86 "17";
18 2 0 24,106 "18";
19 1 0 6,154 "19";
20 2 0 42,155 "20";
21 2 1 7,20 "21";
22 0 0 153,164 "22";
23 2 1 48,58 "23";
24 1 1 14,82 "24";
25 1 1 16,111 "25";
26 2 1 29,37 "26";
27 2 0 41,155 "27";
28 0 0 49,132 "28";
29 1 0 71,81 "29";
30 1 0 2,63 "30";
31 0 0 145,147 "31";
32 2 1 55,98 "32";
33 2 1 35,129 "33";
34 1 0 122,163 "34";
35 0 0 86,95 "35";
36 2 0 2,113 "36";
37 1 0 10,27 "37";
38 1 0 112,135 "38";
39 0 0 58,127 "39";
40 1 0 3,63 "40";
41 1 1 147,157 "41";
42 1 0 114,123 "42";
43 2 0 49,82 "43";
44 2 1 98,125 "44";
45 2 1 40,125 "45";
46 2 1 104,131 "46";
47 1 0 65,80 "47";
48 2 1 70,100 "48";
49 2 0 43,161 "49";
50 0 1 17,78 "50";
51 0 1 43,90 "51";
52 2 0 62,137 "52";
53 0 0 22,73 "53";
54 2 0 97,126 "54";
55 0 0 92,117 "55";
56 1 1 11,153 "56";
57 2 1 54,56 "57";
58 2 1 25,121 "58";
59 0 0 0,7 "59";
60 0 0 62,94 "60";
61 0 0 9,85 "61";
62 1 1 6,97 "62";
63 0 0 117,156 "63";
64 2 1 115,143 "64";
65 2 0 12,126 "65";
66 0 1 7,14 "66";
67 2 1 20,58 "67";
68 2 0 125,132 "68";
69 0 0 31,156 "69";
70 1 1 41,122 "70";
71 2 0 30,81 "71";
72 2 0 91,130 "72";
73 2 1 38,66 "73";
74 1 0 58,146 "74";
75 0 0 9,29 "75";
76 1 1 50,142 "76";
77 2 1 43,52 "77";
78 1 0 35,125 "78";
79 2 0 26,104 "79";
80 0 1 42,137 "80";
81 1 1 124,139 "81";
82 1 1 105,150 "82";
83 0 0 73,143 "83";
84 1 1 73,152 "84";
85 0 1 54,137 "85";
86 0 0 26,72 "86";
87 0 1 115,146 "87";
88 2 0 28,120 "88";
89 2 0 8,65 "89";
90 0 1 13,58 "90";
91 0 1 6,27 "91";
92 2 0 6,28 "92";
93 1 0 60,86 "93";
94 0 1 14,72 "94";
95 0 1 109,139 "95";
96 1 0 29,152 "96";
97 1 1 7,15 "97";
98 2 0 117,130 "98";
99 2 1 23,64 "99";
100 1 0 22,33 "100";
101 0 0 58,123 "101";
102 0 0 147,153 "102";
103 0 1 20,127 "103";
104 1 1 25,90 "104";
105 1 0 93,95 "105";
106 2 1 122,146 "106";
107 0 1 25,88 "107";
108 1 1 20,155 "108";
109 2 0 22,54 "109";
110 0 0 17,154 "110";
111 0 1 41,91 "111";
112 2 0 19,55 "112";
113 0 0 111,153 "113";
114 1 0 40,64 "114";
115 1 0 22,83 "115";
116 0 1 77,112 "116";
117 2 1 51,162 "117";
118 1 0 59,82 "118";
119 2 0 47,77 "119";
120 0 1 8,117 "120";
121 1 1 46,80 "121";
122 2 1 12,144 "122";
123 2 0 20,106 "123";
124 0 1 2,23 "124";
125 1 1 62,149 "125";
126 1 0 5,121 "126";
127 1 1 2,48 "127";
128 1 0 81,149 "128";
129 1 1 101,119 "129";
130 2 1 47,54 "130";
131 2 1 36,76 "131";
132 0 0 3,13 "132";
133 2 1 19,27 "133";
134 1 0 23,57 "134";
135 0 0 97,142 "135";
136 1 0 109,122 "136";
137 2 0 41,63 "137";
138 2 1 14,98 "138";
139 1 1 3,109 "139";
140 0 0 132,142 "140";
141 0 0 20,152 "141";
142 2 1 8,79 "142";
143 2 1 40,102 "143";
144 0 1 74,99 "144";
145 1 1 106,139 "145";
146 1 1 68,118 "146";
147 2 0 104,149 "147";
148 0 0 94,150 "148";
149 0 0 90,106 "149";
150 2 1 41,53 "150";
151 1 0 18,83 "151";
152 2 1 55,57 "152";
153 2 0 90,157 "153";
154 2 0 0,6 "154";
155 2 1 15,143 "155";
156 2 0 51,148 "156";
157 2 1 54,111 "157";
158 1 0 112,162 "158";
159 2 1 21,103 "159";
160 1 0 95,140 "160";
161 0 0 31,87 "161";
162 2 0 125,134 "162";
163 1 0 84,97 "163";
164 1 0 104,145 "164";
