parity 109;
0 1 0 13,24 "0";
1 0 1 26,55 "1";
2 0 1 36,93 "2";
3 2 1 56,103 "3";
4 1 1 27,30 "4";
5 0 0 26,68 "5";
6 2 1 51,68 "6";
7 0 0 35,46 "7";
8 2 1 82,92 "8";
9 2 1 87,109 "9";
10 1 1 5,65 "10";
11 1 1 77,80 "11";
12 2 1 20,62 "12";
13 1 1 26,61 "13";
14 2 1 22,84 "14";
15 0 1 23,37 "15";
16 2 1 8,98 "16";
17 2 1 19,61 "17";
18 2 1 27,106 "18";
19 0 0 40,51 "19";
20 1 1 7,23 "20";
21 0 0 16,37 "21";
22 0 1 37,96 "22";
23 2 1 42,80 "23";
24 0 1 39,53 "24";
25 1 0 15,22 "25";
26 2 0 57,92 "26";
27 0 0 4,91 "27";
28 0 1 55,60 "28";
29 0 1 46,91 "29";
30 2 1 20,97 "30";
31 1 0 30,65 "31";
32 0 0 17,103 "32";
33 1 1 58,77 "33";
34 1 1 37,47 "34";
35 2 0 41,69 "35";
36 1 1 42,54 "36";
37 1 0 19,22 "37";
38 2 1 5,47 "38";
39 0 0 11,98 "39";
40 0 1 42,100 "40";
41 1 1 55,69 "41";
42 0 1 63,92 "42";
43 2 1 47,73 "43";
44 0 0 20,28 "44";
45 1 0 24,41 "45";
46 0 0 53,91 "46";
47 2 1 8,10 "47";
48 2 0 40,91 "48";
49 1 1 19,86 "49";
50 0 0 46,81 "50";
51 1 1 30,106 "51";
52 1 0 35,108 "52";
53 1 1 1,101 "53";
54 1 0 57,96 "54";
55 0 0 37,40 "55";
56 0 0 48,105 "56";
57 1 0 40,87 "57";
58 0 1 43,80 "58";
59 2 1 69,92 "59";
60 2 1 32,72 "60";
61 2 1 84,104 "61";
62 0 0 55,80 "62";
63 1 1 46,86 "63";
64 2 0 6,79 "64";
65 2 0 54,61 "65";
66 2 0 0,10 "66";
67 2 1 57,99 "67";
68 2 0 24,41 "68";
69 1 1 27,48 "69";
70 1 0 66,106 "70";
71 2 1 30,102 "71";
72 2 0 28,93 "72";
73 0 1 24,36 "73";
74 0 1 50,71 "74";
75 2 1 9,17 "75";
76 0 0 20,26 "76";
77 2 0 39,68 "77";
78 0 0 25,71 "78";
79 1 1 64,68 "79";
80 0 1 51,78 "80";
81 1 0 5,84 "81";
82 2 1 24,26 "82";
83 0 1 11,51 "83";
84 1 0 83,107 "84";
85 2 1 17,30 "85";
86 2 0 65,76 "86";
87 1 1 71,104 "87";
88 1 1 3,72 "88";
89 1 0 35,45 "89";
90 0 0 39,104 "90";
91 2 0 42,104 "91";
92 1 1 77,79 "92";
93 2 1 25,98 "93";
94 2 0 0,54 "94";
95 0 0 8,41 "95";
96 0 0 31,54 "96";
97 0 0 17,89 "97";
98 2 1 29,80 "98";
99 2 1 75,97 "99";
100 0 1 44,49 "100";
101 1 0 55,75 "101";
102 1 1 11,48 "102";
103 1 0 29,59 "103";
104 0 0 25,47 "104";
105 0 0 20,30 "105";
106 1 0 4,89 "106";
107 2 1 51,106 "107";
108 1 1 28,35 "108";
109 2 1 8,68 "109";
