parity 189;
0 0 1 41,180 "0";
1 0 0 140,143 "1";
2 0 1 14,174 "2";
3 1 0 99,181 "3";
4 0 1 108,153 "4";
5 1 0 158,175 "5";
6 0 1 10,66 "6";
7 2 1 98,149 "7";
8 0 1 128,131 "8";
9 1 0 86,119 "9";
10 0 1 118,128 "10";
11 2 0 20,149 "11";
12 1 1 20,77 "12";
13 0 0 82,172 "13";
14 1 1 121,175 "14";
15 1 0 101,110 "15";
16 0 0 21,164 "16";
17 0 0 157,174 "17";
18 0 0 39,143 "18";
19 0 0 10,111 "19";
20 2 0 51,164 "20";
21 1 1 99,178 "21";
22 1 0 100,117 "22";
23 2 1 60,99 "23";
24 0 0 95,166 "24";
25 1 0 2,5 "25";
26 2 0 115,160 "26";
27 1 0 22,32 "27";
28 2 1 84,184 "28";
29 1 1 136,155 "29";
30 0 0 59,147 "30";
31 1 0 66,168 "31";
32 2 1 24,161 "32";
33 2 0 114,131 "33";
34 0 0 114,169 "34";
35 1 1 68,121 "35";
36 1 1 121,153 "36";
37 0 0 29,36 "37";
38 1 0 134,183 "38";
39 1 0 8,112 "39";
40 0 0 99,116 "40";
41 2 1 80,86 "41";
42 1 0 1,49 "42";
43 0 0 54,104 "43";
44 2 1 104,136 "44";
45 0 0 96,117 "45";
46 1 1 29,59 "46";
47 2 1 9,12 "47";
48 2 1 24,84 "48";
49 1 1 45,157 "49";
50 2 0 163,173 "50";
51 2 1 39,103 "51";
52 0 0 142,159 "52";
53 2 1 10,118 "53";
54 0 0 109,139 "54";
55 2 0 180,186 "55";
56 2 1 53,71 "56";
57 2 0 129,142 "57";
58 1 0 40,180 "58";
59 1 1 71,145 "59";
60 1 0 114,137 "60";
61 0 1 39,170 "61";
62 1 0 67,156 "62";
63 1 0 154,175 "63";
64 1 1 60,146 "64";
65 0 0 87,94 "65";
66 2 1 43,166 "66";
67 2 0 34,50 "67";
68 0 0 6,60 "68";
69 2 1 0,87 "69";
70 1 1 26,151 "70";
71 1 0 33,135 "71";
72 0 1 90,144 "72";
73 0 1 0,165 "73";
74 0 0 24,165 "74";
75 2 0 60,116 "75";
76 1 0 53,100 "76";
77 0 0 72,111 "77";
78 0 0 10,183 "78";
79 0 0 18,171 "79";
80 2 1 60,73 "80";
81 0 1 2,13 "81";
82 2 1 3,107 "82";
83 0 0 46,88 "83";
84 0 1 8,54 "84";
85 2 1 103,180 "85";
86 2 0 109,134 "86";
87 0 0 116,182 "87";
88 1 1 26,186 "88";
89 0 0 45,57 "89";
90 2 1 178,179 "90";
91 0 1 111,149 "91";
92 0 1 140,182 "92";
93 0 0 87,185 "93";
94 0 0 5,83 "94";
95 2 1 99,119 "95";
96 1 0 38,92 "96";
97 2 0 152,156 "97";
98 0 0 66,174 "98";
99 2 0 0,175 "99";
100 0 0 57,123 "100";
101 1 1 57,168 "101";
102 2 0 148,150 "102";
103 2 0 75,148 "103";
104 2 0 119,169 "104";
105 0 1 143,166 "105";
106 2 0 27,140 "106";
107 2 0 20,79 "107";
108 0 0 111,128 "108";
109 0 0 95,143 "109";
110 1 1 63,165 "110";
111 1 0 97,142 "111";
112 1 0 54,178 "112";
113 2 0 98,150 "113";
114 2 0 65,85 "114";
115 1 1 135,168 "115";
116 0 0 17,28 "116";
117 1 1 87,169 "117";
118 0 0 74,117 "118";
119 2 0 32,71 "119";
120 2 0 0,19 "120";
121 0 1 59,143 "121";
122 0 1 0,126 "122";
123 0 1 58,137 "123";
124 1 0 26,145 "124";
125 1 0 109,178 "125";
126 1 1 135,171 "126";
127 2 1 58,138 "127";
128 2 1 39,67 "128";
129 1 1 4,147 "129";
130 1 0 22,86 "130";
131 1 0 162,189 "131";
132 2 1 70,184 "132";
133 0 1 54,78 "133";
134 0 0 13,41 "134";
135 0 0 40,44 "135";
136 1 1 10,178 "136";
137 1 0 168,183 "137";
138 2 1 18,60 "138";
139 2 1 73,117 "139";
140 1 0 36,45 "140";
141 0 1 15,126 "141";
142 2 0 3,177 "142";
143 2 0 64,177 "143";
144 2 1 61,175 "144";
145 1 0 147,171 "145";
146 2 0 8,80 "146";
147 1 0 25,173 "147";
148 0 1 15,172 "148";
149 2 0 46,83 "149";
150 2 0 49,147 "150";
151 1 0 42,86 "151";
152 0 0 5,59 "152";
153 2 1 126,160 "153";
154 1 0 62,74 "154";
155 0 1 31,104 "155";
156 2 1 104,179 "156";
157 1 1 22,122 "157";
158 0 1 45,144 "158";
159 0 1 169,183 "159";
160 2 0 27,147 "160";
161 2 1 33,153 "161";
162 1 0 134,148 "162";
163 1 1 27,157 "163";
164 2 0 50,76 "164";
165 2 0 45,56 "165";
166 0 0 43,50 "166";
167 2 1 137,160 "167";
168 0 1 80,174 "168";
169 0 0 111,119 "169";
170 0 0 30,88 "170";
171 2 1 72,183 "171";
172 0 0 7,64 "172";
173 2 1 129,166 "173";
174 0 1 11,81 "174";
175 1 1 65,97 "175";
176 2 0 13,15 "176";
177 2 0 34,43 "177";
178 1 0 52,73 "178";
179 1 0 81,107 "179";
180 0 1 41,64 "180";
181 2 1 117,127 "181";
182 1 1 85,95 "182";
183 1 0 41,77 "183";
184 2 1 29,55 "184";
185 0 0 117,125 "185";
186 0 0 106,174 "186";
187 2 0 3,137 "187";
188 1 1 68,137 "188";
189 2 1 56,149 "189";
