parity 149;
0 1 0 68,130 "0";
1 0 0 73,87 "1";
2 1 0 73,96 "2";
3 1 1 49,56 "3";
4 1 1 25,126 "4";
5 2 1 0,64 "5";
6 1 0 88,91 "6";
7 1 1 27,80 "7";
8 1 0 58,62 "8";
9 1 0 32,112 "9";
10 0 1 52,106 "10";
11 0 0 66,82 "11";
12 1 1 27,42 "12";
13 1 0 121,134 "13";
14 2 1 87,107 "14";
15 0 0 44,136 "15";
16 2 1 114,138 "16";
17 0 0 4,67 "17";
18 0 1 117,120 "18";
19 0 0 77,146 "19";
20 2 1 3,119 "20";
21 1 1 50,149 "21";
22 1 1 20,74 "22";
23 0 1 44,113 "23";
24 2 0 41,62 "24";
25 0 1 72,135 "25";
26 2 1 45,91 "26";
27 1 0 115,121 "27";
28 2 0 29,140 "28";
29 0 0 82,86 "29";
30 2 0 39,58 "30";
31 1 0 41,71 "31";
32 1 0 15,45 "32";
33 2 1 44,141 "33";
34 0 1 33,73 "34";
35 0 1 19,78 "35";
36 1 1 23,93 "36";
37 1 1 83,112 "37";
38 1 1 130,139 "38";
39 1 1 23,115 "39";
40 1 1 4,83 "40";
41 2 0 47,77 "41";
42 2 1 25,85 "42";
43 1 0 58,127 "43";
44 0 0 25,82 "44";
45 1 0 68,148 "45";
46 2 1 23,111 "46";
47 0 0 70,106 "47";
48 1 0 7,137 "48";
49 1 0 75,140 "49";
50 2 1 48,78 "50";
51 2 1 23,53 "51";
52 0 1 50,119 "52";
53 1 0 12,40 "53";
54 2 1 20,86 "54";
55 0 0 6,79 "55";
56 0 0 26,47 "56";
57 2 0 12,87 "57";
58 0 0 55,140 "58";
59 2 1 50,149 "59";
60 2 0 87,112 "60";
61 2 1 78,138 "61";
62 1 1 0,71 "62";
63 1 1 9,137 "63";
64 1 0 95,100 "64";
65 2 0 49,88 "65";
66 0 0 44,87 "66";
67 1 1 14,84 "67";
68 0 1 113,141 "68";
69 0 1 21,149 "69";
70 1 1 44,50 "70";
71 2 0 11,148 "71";
72 0 1 80,116 "72";
73 1 1 69,105 "73";
74 1 1 6,80 "74";
75 0 1 104,117 "75";
76 0 1 16,132 "76";
77 0 1 42,135 "77";
78 1 1 94,98 "78";
79 0 0 15,34 "79";
80 2 1 106,135 "80";
81 2 0 105,146 "81";
82 0 0 27,89 "82";
83 1 1 51,74 "83";
84 1 0 51,104 "84";
85 0 0 45,116 "85";
86 2 0 52,122 "86";
87 0 1 10,128 "87";
88 0 0 48,131 "88";
89 1 0 104,120 "89";
90 2 1 118,137 "90";
91 0 0 71,128 "91";
92 0 0 27,29 "92";
93 1 0 6,139 "93";
94 2 0 93,101 "94";
95 1 0 107,146 "95";
96 2 1 14,100 "96";
97 0 1 64,132 "97";
98 2 1 79,107 "98";
99 0 1 87,129 "99";
100 1 1 15,139 "100";
101 0 1 47,84 "101";
102 1 0 69,123 "102";
103 0 0 44,109 "103";
104 2 1 20,34 "104";
105 0 1 19,31 "105";
106 1 1 47,49 "106";
107 1 0 13,55 "107";
108 2 0 3,98 "108";
109 1 1 16,124 "109";
110 2 1 72,77 "110";
111 2 1 34,37 "111";
112 2 0 25,84 "112";
113 2 1 27,65 "113";
114 2 1 129,143 "114";
115 0 1 89,144 "115";
116 0 1 98,107 "116";
117 0 1 83,137 "117";
118 2 1 38,112 "118";
119 2 1 67,85 "119";
120 2 0 48,146 "120";
121 2 1 13,104 "121";
122 2 1 16,85 "122";
123 1 1 70,81 "123";
124 2 1 90,105 "124";
125 1 0 29,94 "125";
126 1 1 42,79 "126";
127 1 0 13,63 "127";
128 1 1 99,136 "128";
129 0 1 70,127 "129";
130 0 1 123,125 "130";
131 1 1 41,58 "131";
132 1 1 41,44 "132";
133 1 0 52,148 "133";
134 1 0 8,114 "134";
135 0 1 20,107 "135";
136 1 1 5,44 "136";
137 0 0 51,92 "137";
138 2 1 6,11 "138";
139 0 1 11,104 "139";
140 1 1 35,51 "140";
141 1 1 22,34 "141";
142 2 0 40,85 "142";
143 0 0 5,135 "143";
144 0 0 8,39 "144";
145 0 1 17,20 "145";
146 0 0 70,101 "146";
147 1 0 27,52 "147";
148 0 0 37,44 "148";
149 0 1 87,112 "149";
