parity 179;
0 1 1 30,167 "0";
1 0 0 64,93 "1";
2 1 0 122,124 "2";
3 0 1 88,139 "3";
4 2 1 71,112 "4";
5 0 1 43,45 "5";
6 0 0 12,61 "6";
7 0 1 90,108 "7";
8 0 0 72,163 "8";
9 1 0 6,133 "9";
10 2 1 132,169 "10";
11 0 0 72,169 "11";
12 2 1 73,129 "12";
13 2 1 43,51 "13";
14 1 0 71,99 "14";
15 0 1 3,165 "15";
16 1 0 33,116 "16";
17 1 1 0,45 "17";
18 2 1 59,140 "18";
19 0 1 114,117 "19";
20 0 0 26,133 "20";
21 1 0 135,136 "21";
22 2 0 58,109 "22";
23 1 1 116,164 "23";
24 2 1 108,147 "24";
25 2 1 105,109 "25";
26 2 0 84,118 "26";
27 2 0 89,143 "27";
28 0 0 58,152 "28";
29 2 0 45,138 "29";
30 1 0 2,53 "30";
31 2 1 85,131 "31";
32 2 0 71,141 "32";
33 0 0 71,103 "33";
34 1 0 9,133 "34";
35 1 1 19,167 "35";
36 2 1 81,171 "36";
37 1 1 123,137 "37";
38 1 1 81,160 "38";
39 1 0 67,82 "39";
40 1 1 4,177 "40";
41 1 1 90,123 "41";
42 0 1 121,159 "42";
43 2 0 61,98 "43";
44 0 0 89,152 "44";
45 1 0 0,77 "45";
46 1 0 92,156 "46";
47 0 0 155,171 "47";
48 0 1 102,123 "48";
49 1 1 118,142 "49";
50 2 0 91,142 "50";
51 2 0 55,177 "51";
52 0 0 98,161 "52";
53 1 0 18,98 "53";
54 0 1 39,79 "54";
55 2 0 11,145 "55";
56 1 0 138,166 "56";
57 1 1 134,147 "57";
58 0 1 73,171 "58";
59 0 1 41,92 "59";
60 1 0 39,93 "60";
61 0 1 90,157 "61";
62 0 1 84,168 "62";
63 0 1 15,154 "63";
64 1 0 88,173 "64";
65 0 0 51,71 "65";
66 2 1 103,158 "66";
67 1 1 71,150 "67";
68 1 0 92,135 "68";
69 1 1 40,89 "69";
70 2 0 34,112 "70";
71 1 1 30,146 "71";
72 2 1 78,135 "72";
73 1 1 154,167 "73";
74 1 0 63,66 "74";
75 2 1 49,122 "75";
76 1 0 3,163 "76";
77 0 1 137,170 "77";
78 0 0 47,74 "78";
79 0 1 42,104 "79";
80 2 0 72,162 "80";
81 2 1 76,88 "81";
82 2 0 33,97 "82";
83 2 1 13,142 "83";
84 2 0 48,175 "84";
85 1 0 80,169 "85";
86 2 1 31,59 "86";
87 2 0 29,171 "87";
88 1 0 7,67 "88";
89 0 1 110,161 "89";
90 2 1 57,139 "90";
91 1 1 113,154 "91";
92 0 0 37,136 "92";
93 2 1 153,164 "93";
94 0 0 1,90 "94";
95 1 1 12,131 "95";
96 0 1 29,47 "96";
97 0 1 65,157 "97";
98 2 0 28,174 "98";
99 2 0 151,161 "99";
100 1 0 51,122 "100";
101 1 0 86,151 "101";
102 1 1 104,127 "102";
103 2 1 85,113 "103";
104 1 1 110,158 "104";
105 1 1 73,143 "105";
106 1 1 14,103 "106";
107 0 0 6,55 "107";
108 2 0 12,61 "108";
109 2 1 114,173 "109";
110 0 0 12,92 "110";
111 0 1 83,117 "111";
112 2 0 85,134 "112";
113 0 1 31,159 "113";
114 0 1 105,173 "114";
115 0 0 97,151 "115";
116 2 1 53,166 "116";
117 2 0 33,40 "117";
118 2 1 13,109 "118";
119 1 1 57,92 "119";
120 0 0 94,142 "120";
121 2 1 109,152 "121";
122 0 1 48,59 "122";
123 0 1 32,119 "123";
124 0 1 44,171 "124";
125 1 0 36,152 "125";
126 2 0 40,167 "126";
127 1 0 41,59 "127";
128 0 0 9,113 "128";
129 2 1 30,142 "129";
130 1 1 4,48 "130";
131 2 0 89,99 "131";
132 0 0 52,151 "132";
133 2 1 99,139 "133";
134 0 0 48,154 "134";
135 0 1 34,75 "135";
136 1 0 19,158 "136";
137 1 0 25,77 "137";
138 0 1 110,176 "138";
139 1 1 68,155 "139";
140 1 1 8,11 "140";
141 0 1 117,139 "141";
142 0 1 109,178 "142";
143 1 0 96,121 "143";
144 0 1 17,49 "144";
145 0 0 92,128 "145";
146 1 1 4,113 "146";
147 0 0 58,90 "147";
148 1 0 1,8 "148";
149 1 1 53,154 "149";
150 2 0 116,166 "150";
151 1 0 85,103 "151";
152 1 1 72,135 "152";
153 1 1 87,117 "153";
154 0 1 19,173 "154";
155 1 1 41,172 "155";
156 2 0 35,75 "156";
157 1 1 0,12 "157";
158 0 0 114,115 "158";
159 2 1 45,92 "159";
160 0 0 65,146 "160";
161 0 0 38,80 "161";
162 1 1 97,99 "162";
163 0 0 173,177 "163";
164 2 1 123,141 "164";
165 2 0 110,145 "165";
166 0 0 46,158 "166";
167 2 1 80,175 "167";
168 0 1 69,109 "168";
169 0 0 111,173 "169";
170 0 0 7,168 "170";
171 0 0 33,168 "171";
172 0 1 125,161 "172";
173 0 0 9,101 "173";
174 2 0 63,114 "174";
175 2 0 38,72 "175";
176 1 1 99,147 "176";
177 1 1 21,147 "177";
178 0 0 49,156 "178";
179 0 1 31,40 "179";
