parity 129;
0 2 0 95,113 "0";
1 1 1 84,117 "1";
2 0 1 66,121 "2";
3 2 0 64,103 "3";
4 1 0 7,101 "4";
5 0 0 48,101 "5";
6 1 1 46,104 "6";
7 2 0 69,111 "7";
8 0 0 77,92 "8";
9 2 1 61,127 "9";
10 0 0 3,116 "10";
11 1 1 62,84 "11";
12 2 1 33,41 "12";
13 1 0 5,33 "13";
14 0 0 64,87 "14";
15 2 0 3,112 "15";
16 0 1 30,35 "16";
17 1 1 36,75 "17";
18 2 0 21,53 "18";
19 1 1 10,109 "19";
20 1 0 17,85 "20";
21 2 1 109,115 "21";
22 1 0 95,113 "22";
23 0 0 10,107 "23";
24 0 0 43,58 "24";
25 0 1 74,90 "25";
26 1 1 87,92 "26";
27 1 0 13,119 "27";
28 0 0 1,65 "28";
29 1 1 31,68 "29";
30 0 1 21,85 "30";
31 0 1 29,107 "31";
32 2 1 21,77 "32";
33 1 1 42,102 "33";
34 1 1 41,50 "34";
35 1 0 58,124 "35";
36 1 0 25,29 "36";
37 2 0 40,117 "37";
38 0 1 34,104 "38";
39 0 0 43,59 "39";
40 2 1 55,80 "40";
41 1 1 25,80 "41";
42 2 1 2,89 "42";
43 2 0 115,129 "43";
44 0 1 75,115 "44";
45 0 1 95,99 "45";
46 2 0 49,96 "46";
47 0 0 54,90 "47";
48 0 0 63,76 "48";
49 0 1 33,36 "49";
50 2 0 27,43 "50";
51 0 0 42,45 "51";
52 1 1 44,79 "52";
53 1 0 91,128 "53";
54 0 0 48,92 "54";
55 2 0 30,111 "55";
56 0 0 11,68 "56";
57 1 0 91,120 "57";
58 2 0 2,59 "58";
59 0 0 48,74 "59";
60 1 1 90,125 "60";
61 2 1 33,58 "61";
62 1 1 44,112 "62";
63 0 1 2,35 "63";
64 1 0 19,58 "64";
65 1 0 36,98 "65";
66 1 1 71,104 "66";
67 1 1 12,45 "67";
68 0 0 6,82 "68";
69 2 0 4,43 "69";
70 0 1 1,113 "70";
71 2 1 31,103 "71";
72 1 1 31,100 "72";
73 0 1 20,124 "73";
74 0 1 109,116 "74";
75 1 0 61,76 "75";
76 1 1 7,81 "76";
77 1 0 43,44 "77";
78 1 0 14,71 "78";
79 0 0 26,109 "79";
80 1 0 6,114 "80";
81 0 0 75,122 "81";
82 1 0 38,128 "82";
83 0 0 51,75 "83";
84 1 1 2,65 "84";
85 2 1 58,95 "85";
86 0 0 44,68 "86";
87 0 0 27,72 "87";
88 1 0 41,115 "88";
89 2 0 13,66 "89";
90 0 0 28,39 "90";
91 2 1 42,112 "91";
92 0 1 117,121 "92";
93 1 1 65,99 "93";
94 1 1 59,96 "94";
95 1 0 23,78 "95";
96 1 1 3,59 "96";
97 2 0 49,123 "97";
98 2 1 59,116 "98";
99 2 1 10,47 "99";
100 0 1 31,60 "100";
101 0 1 47,52 "101";
102 1 0 46,101 "102";
103 0 0 26,114 "103";
104 0 0 51,102 "104";
105 0 1 29,107 "105";
106 0 1 8,64 "106";
107 2 0 50,97 "107";
108 0 0 21,96 "108";
109 0 1 85,95 "109";
110 1 0 53,113 "110";
111 0 0 60,110 "111";
112 1 1 115,125 "112";
113 0 0 59,69 "113";
114 1 1 5,99 "114";
115 2 1 17,127 "115";
116 1 0 30,85 "116";
117 0 1 93,119 "117";
118 0 0 45,98 "118";
119 1 0 26,32 "119";
120 0 0 55,128 "120";
121 1 1 92,109 "121";
122 0 0 16,114 "122";
123 2 0 58,80 "123";
124 2 1 20,38 "124";
125 2 1 36,100 "125";
126 0 0 15,80 "126";
127 0 0 75,123 "127";
128 0 1 68,103 "128";
129 1 1 37,104 "129";
