parity 129;
0 1 0 34,68 "0";
1 2 1 40,60 "1";
2 0 0 15,45 "2";
3 2 1 56,77 "3";
4 1 1 16,55 "4";
5 1 1 101,124 "5";
6 0 0 64,92 "6";
7 2 1 39,103 "7";
8 1 1 102,115 "8";
9 0 1 6,94 "9";
10 0 1 73,80 "10";
11 1 0 61,74 "11";
12 1 1 20,123 "12";
13 1 0 17,70 "13";
14 1 0 28,62 "14";
15 1 1 60,107 "15";
16 0 1 23,52 "16";
17 1 0 35,49 "17";
18 0 0 58,103 "18";
19 0 1 15,43 "19";
20 1 1 83,121 "20";
21 2 0 35,51 "21";
22 0 0 83,113 "22";
23 0 1 33,42 "23";
24 0 1 79,119 "24";
25 2 1 76,85 "25";
26 2 0 13,50 "26";
27 2 0 8,86 "27";
28 2 0 14,18 "28";
29 2 0 90,128 "29";
30 1 0 63,121 "30";
31 1 0 38,76 "31";
32 1 1 98,126 "32";
33 1 0 2,92 "33";
34 0 0 55,85 "34";
35 0 0 58,117 "35";
36 2 0 9,12 "36";
37 1 0 51,72 "37";
38 0 1 1,82 "38";
39 0 0 19,77 "39";
40 2 0 45,56 "40";
41 0 1 49,80 "41";
42 2 1 59,87 "42";
43 0 1 39,111 "43";
44 1 0 22,93 "44";
45 0 1 1,41 "45";
46 2 0 41,69 "46";
47 1 0 66,89 "47";
48 0 1 54,110 "48";
49 1 0 39,63 "49";
50 2 1 32,42 "50";
51 1 1 32,86 "51";
52 0 0 100,117 "52";
53 1 0 22,95 "53";
54 1 1 93,97 "54";
55 2 1 2,57 "55";
56 1 0 33,103 "56";
57 2 0 11,75 "57";
58 0 1 59,79 "58";
59 2 1 62,75 "59";
60 1 0 19,29 "60";
61 2 1 81,98 "61";
62 0 0 1,58 "62";
63 0 1 114,128 "63";
64 0 0 100,111 "64";
65 2 0 25,106 "65";
66 0 1 21,34 "66";
67 0 0 37,115 "67";
68 1 1 75,89 "68";
69 0 1 43,100 "69";
70 1 0 31,55 "70";
71 0 1 4,8 "71";
72 0 0 1,119 "72";
73 0 1 10,96 "73";
74 1 1 41,87 "74";
75 0 1 69,116 "75";
76 1 0 56,116 "76";
77 1 1 3,29 "77";
78 1 1 25,104 "78";
79 1 1 73,86 "79";
80 2 0 53,86 "80";
81 2 1 40,62 "81";
82 2 1 14,120 "82";
83 2 0 4,101 "83";
84 0 1 53,121 "84";
85 1 1 30,90 "85";
86 2 1 84,124 "86";
87 2 0 32,119 "87";
88 2 1 10,43 "88";
89 1 1 73,86 "89";
90 0 0 9,29 "90";
91 1 0 16,45 "91";
92 1 1 107,126 "92";
93 1 0 22,127 "93";
94 2 0 14,26 "94";
95 1 0 50,77 "95";
96 2 0 58,80 "96";
97 2 1 10,126 "97";
98 1 0 95,117 "98";
99 1 1 39,57 "99";
100 0 1 50,99 "100";
101 1 0 59,68 "101";
102 2 0 89,125 "102";
103 1 1 95,122 "103";
104 2 1 9,127 "104";
105 2 1 70,108 "105";
106 2 0 89,128 "106";
107 2 1 85,127 "107";
108 0 0 87,100 "108";
109 1 0 62,100 "109";
110 2 0 36,46 "110";
111 0 1 3,77 "111";
112 0 0 20,39 "112";
113 1 1 32,81 "113";
114 0 0 30,80 "114";
115 2 1 64,109 "115";
116 1 1 85,117 "116";
117 1 0 1,128 "117";
118 1 1 35,72 "118";
119 2 0 3,97 "119";
120 1 1 52,93 "120";
121 0 0 67,101 "121";
122 2 0 33,38 "122";
123 1 1 12,19 "123";
124 1 0 23,29 "124";
125 0 1 11,48 "125";
126 1 1 32,52 "126";
127 0 1 54,85 "127";
128 0 1 38,110 "128";
129 1 1 11,48 "129";
