parity 154;
0 2 0 42,114 "0";
1 1 0 119,153 "1";
2 1 1 129,138 "2";
3 0 1 10,79 "3";
4 0 1 44,114 "4";
5 1 1 40,152 "5";
6 1 0 118,132 "6";
7 0 0 20,135 "7";
8 1 1 97,141 "8";
9 1 0 29,93 "9";
10 2 1 145,149 "10";
11 2 1 139,153 "11";
12 2 1 45,97 "12";
13 2 0 84,143 "13";
14 2 1 11,111 "14";
15 2 1 69,141 "15";
16 2 0 108,143 "16";
17 2 1 71,104 "17";
18 2 1 114,142 "18";
19 0 0 14,65 "19";
20 1 0 129,134 "20";
21 0 1 75,153 "21";
22 1 0 42,119 "22";
23 2 0 35,103 "23";
24 2 0 6,129 "24";
25 0 0 48,61 "25";
26 0 0 119,148 "26";
27 0 0 45,153 "27";
28 0 0 2,142 "28";
29 2 0 44,149 "29";
30 1 0 81,128 "30";
31 0 0 40,113 "31";
32 0 0 12,82 "32";
33 1 0 21,131 "33";
34 1 1 89,142 "34";
35 0 1 50,61 "35";
36 0 0 80,141 "36";
37 2 0 4,113 "37";
38 2 0 1,11 "38";
39 2 1 79,133 "39";
40 1 0 71,74 "40";
41 0 0 32,118 "41";
42 2 0 2,38 "42";
43 2 1 60,129 "43";
44 2 0 22,148 "44";
45 2 0 103,116 "45";
46 0 0 28,59 "46";
47 1 1 103,137 "47";
48 1 1 96,117 "48";
49 2 0 5,47 "49";
50 1 0 12,62 "50";
51 2 0 31,104 "51";
52 1 0 31,151 "52";
53 0 1 109,151 "53";
54 2 1 55,91 "54";
55 0 1 4,25 "55";
56 1 1 87,116 "56";
57 1 1 6,14 "57";
58 1 1 22,71 "58";
59 0 1 27,54 "59";
60 0 1 130,150 "60";
61 2 1 85,147 "61";
62 2 1 118,142 "62";
63 2 1 99,141 "63";
64 2 1 131,154 "64";
65 1 0 34,80 "65";
66 0 1 70,137 "66";
67 0 0 42,46 "67";
68 1 1 121,148 "68";
69 0 0 55,119 "69";
70 1 1 26,77 "70";
71 1 1 29,55 "71";
72 1 0 2,108 "72";
73 1 0 9,98 "73";
74 0 0 65,149 "74";
75 0 1 30,90 "75";
76 0 1 67,91 "76";
77 2 1 59,84 "77";
78 2 0 49,150 "78";
79 2 1 25,151 "79";
80 0 0 61,140 "80";
81 0 1 50,51 "81";
82 0 1 76,98 "82";
83 2 1 20,118 "83";
84 1 1 125,149 "84";
85 0 1 63,152 "85";
86 0 0 15,93 "86";
87 2 1 57,141 "87";
88 0 0 90,137 "88";
89 2 0 44,48 "89";
90 2 1 3,151 "90";
91 1 0 138,153 "91";
92 1 1 1,133 "92";
93 1 0 0,88 "93";
94 2 1 17,46 "94";
95 0 0 34,39 "95";
96 2 1 0,14 "96";
97 0 0 25,148 "97";
98 2 1 53,136 "98";
99 1 0 69,76 "99";
100 0 1 0,32 "100";
101 0 1 120,135 "101";
102 0 1 92,152 "102";
103 2 1 7,149 "103";
104 0 1 70,145 "104";
105 2 0 6,57 "105";
106 1 0 5,57 "106";
107 0 1 66,135 "107";
108 2 1 53,103 "108";
109 2 0 60,78 "109";
110 1 1 45,150 "110";
111 2 0 77,96 "111";
112 1 0 22,149 "112";
113 1 1 5,64 "113";
114 2 0 32,142 "114";
115 2 0 54,149 "115";
116 0 0 101,112 "116";
117 1 1 51,83 "117";
118 0 1 63,114 "118";
119 2 1 8,59 "119";
120 1 1 48,138 "120";
121 0 0 49,69 "121";
122 0 0 82,144 "122";
123 1 1 9,13 "123";
124 2 1 16,113 "124";
125 0 1 130,140 "125";
126 2 0 119,133 "126";
127 0 0 12,106 "127";
128 2 0 11,117 "128";
129 0 1 11,102 "129";
130 1 0 70,75 "130";
131 0 0 47,122 "131";
132 0 0 15,66 "132";
133 1 1 1,128 "133";
134 2 0 61,87 "134";
135 0 0 93,151 "135";
136 2 1 135,140 "136";
137 1 1 25,73 "137";
138 0 1 17,104 "138";
139 0 0 74,140 "139";
140 2 1 10,98 "140";
141 0 1 47,104 "141";
142 1 0 42,107 "142";
143 2 0 23,150 "143";
144 1 1 70,105 "144";
145 1 0 73,136 "145";
146 2 1 6,62 "146";
147 2 1 99,119 "147";
148 1 1 51,132 "148";
149 0 1 101,112 "149";
150 1 1 119,145 "150";
151 2 0 15,18 "151";
152 2 0 11,135 "152";
153 0 1 76,142 "153";
154 1 0 31,75 "154";
