parity 174;
0 1 1 78,134 "0";
1 0 1 92,165 "1";
2 2 0 76,128 "2";
3 2 0 59,146 "3";
4 2 0 13,70 "4";
5 2 1 2,138 "5";
6 0 1 153,165 "6";
7 1 1 121,137 "7";
8 1 0 71,143 "8";
9 1 0 44,75 "9";
10 1 1 71,156 "10";
11 2 0 56,73 "11";
12 1 0 30,72 "12";
13 0 0 1,75 "13";
14 1 0 27,127 "14";
15 2 1 32,115 "15";
16 2 1 91,158 "16";
17 1 1 46,83 "17";
18 0 0 109,166 "18";
19 0 1 72,91 "19";
20 1 1 1,27 "20";
21 0 1 10,55 "21";
22 1 1 18,139 "22";
23 0 0 33,129 "23";
24 2 0 8,84 "24";
25 2 0 3,117 "25";
26 2 0 33,48 "26";
27 0 1 12,144 "27";
28 2 1 40,87 "28";
29 0 1 23,129 "29";
30 1 0 50,131 "30";
31 1 0 4,49 "31";
32 0 1 13,58 "32";
33 2 0 71,108 "33";
34 1 1 38,41 "34";
35 0 0 136,151 "35";
36 0 1 140,166 "36";
37 2 0 56,148 "37";
38 0 0 1,138 "38";
39 2 0 6,87 "39";
40 0 1 36,118 "40";
41 2 0 12,83 "41";
42 2 0 57,145 "42";
43 2 0 5,108 "43";
44 2 1 65,71 "44";
45 1 1 46,109 "45";
46 0 1 55,170 "46";
47 1 0 143,154 "47";
48 0 1 80,89 "48";
49 2 0 1,85 "49";
50 0 1 126,173 "50";
51 1 1 22,145 "51";
52 2 0 5,78 "52";
53 2 0 38,90 "53";
54 1 1 9,86 "54";
55 2 0 46,133 "55";
56 1 0 11,20 "56";
57 1 1 52,62 "57";
58 0 1 49,135 "58";
59 2 1 45,127 "59";
60 0 1 93,149 "60";
61 2 1 59,112 "61";
62 1 0 131,147 "62";
63 2 0 32,138 "63";
64 0 1 40,139 "64";
65 2 0 2,107 "65";
66 2 1 114,171 "66";
67 1 1 85,131 "67";
68 2 1 1,25 "68";
69 1 1 140,167 "69";
70 1 0 141,167 "70";
71 2 0 0,72 "71";
72 2 1 73,174 "72";
73 0 1 17,105 "73";
74 0 1 7,115 "74";
75 1 1 61,81 "75";
76 0 1 42,73 "76";
77 2 1 78,171 "77";
78 1 0 4,131 "78";
79 2 0 103,105 "79";
80 0 0 69,150 "80";
81 2 1 29,87 "81";
82 0 0 52,114 "82";
83 1 0 52,70 "83";
84 0 1 38,148 "84";
85 1 0 18,111 "85";
86 2 1 112,150 "86";
87 1 0 134,165 "87";
88 1 1 24,54 "88";
89 2 1 14,74 "89";
90 2 0 60,119 "90";
91 0 0 84,138 "91";
92 2 1 101,142 "92";
93 1 0 78,129 "93";
94 2 1 57,107 "94";
95 1 0 137,158 "95";
96 2 0 68,79 "96";
97 2 0 74,88 "97";
98 1 0 60,101 "98";
99 2 1 11,153 "99";
100 1 1 80,108 "100";
101 0 0 100,117 "101";
102 0 1 115,130 "102";
103 0 0 17,40 "103";
104 1 0 4,130 "104";
105 2 0 92,142 "105";
106 1 0 43,151 "106";
107 1 1 0,171 "107";
108 0 0 28,162 "108";
109 0 1 99,150 "109";
110 2 0 40,107 "110";
111 1 0 28,50 "111";
112 2 1 76,147 "112";
113 1 1 104,173 "113";
114 0 1 2,155 "114";
115 2 0 75,130 "115";
116 1 0 35,109 "116";
117 2 0 22,48 "117";
118 2 0 117,173 "118";
119 0 1 16,27 "119";
120 2 1 4,78 "120";
121 2 0 33,159 "121";
122 1 1 40,85 "122";
123 2 1 40,75 "123";
124 2 0 35,79 "124";
125 1 1 123,171 "125";
126 2 0 88,134 "126";
127 1 1 142,161 "127";
128 0 0 71,88 "128";
129 0 1 87,159 "129";
130 1 0 37,50 "130";
131 0 1 27,73 "131";
132 2 0 48,130 "132";
133 1 1 70,155 "133";
134 1 1 136,147 "134";
135 1 0 59,167 "135";
136 2 1 21,115 "136";
137 1 0 7,144 "137";
138 1 1 73,116 "138";
139 1 1 43,102 "139";
140 1 0 119,123 "140";
141 1 1 82,97 "141";
142 1 1 117,137 "142";
143 0 1 17,138 "143";
144 2 0 36,163 "144";
145 0 0 73,152 "145";
146 2 1 90,110 "146";
147 0 0 69,104 "147";
148 0 0 12,144 "148";
149 0 0 13,158 "149";
150 0 0 62,80 "150";
151 0 0 18,73 "151";
152 2 1 8,32 "152";
153 1 1 13,20 "153";
154 2 1 29,101 "154";
155 0 1 87,121 "155";
156 1 0 111,131 "156";
157 1 1 3,109 "157";
158 2 0 110,153 "158";
159 1 0 41,164 "159";
160 1 1 80,114 "160";
161 0 0 50,168 "161";
162 1 0 5,68 "162";
163 0 0 106,161 "163";
164 2 0 130,167 "164";
165 0 0 46,56 "165";
166 0 0 3,109 "166";
167 2 1 64,162 "167";
168 2 0 2,169 "168";
169 2 1 43,122 "169";
170 1 1 1,96 "170";
171 2 0 73,169 "171";
172 1 1 77,116 "172";
173 0 0 12,70 "173";
174 2 0 112,131 "174";
