parity 189;
0 1 0 94,144 "0";
1 2 0 41,42 "1";
2 1 0 124,170 "2";
3 0 0 28,144 "3";
4 0 0 12,24 "4";
5 2 0 90,181 "5";
6 2 1 110,134 "6";
7 2 0 81,171 "7";
8 1 0 2,114 "8";
9 0 1 37,166 "9";
10 0 1 101,129 "10";
11 1 1 30,45 "11";
12 0 1 45,161 "12";
13 1 0 73,166 "13";
14 0 0 127,142 "14";
15 1 0 59,140 "15";
16 1 1 121,153 "16";
17 0 0 10,174 "17";
18 1 0 52,103 "18";
19 2 0 135,162 "19";
20 2 1 149,178 "20";
21 0 1 18,79 "21";
22 1 0 121,165 "22";
23 1 1 29,174 "23";
24 2 1 78,120 "24";
25 0 0 99,112 "25";
26 0 0 18,40 "26";
27 2 0 166,171 "27";
28 1 1 2,10 "28";
29 0 0 36,97 "29";
30 1 1 65,68 "30";
31 2 1 17,160 "31";
32 2 1 66,177 "32";
33 1 1 12,21 "33";
34 1 1 23,39 "34";
35 1 0 45,165 "35";
36 0 0 37,175 "36";
37 0 0 96,135 "37";
38 1 1 93,108 "38";
39 2 1 83,158 "39";
40 0 1 73,120 "40";
41 1 1 39,138 "41";
42 2 1 15,37 "42";
43 0 0 151,182 "43";
44 0 1 13,106 "44";
45 0 1 66,134 "45";
46 1 0 74,118 "46";
47 1 1 36,45 "47";
48 0 1 3,63 "48";
49 1 1 69,112 "49";
50 2 1 96,158 "50";
51 0 0 100,124 "51";
52 0 1 78,174 "52";
53 1 1 36,113 "53";
54 1 1 29,55 "54";
55 2 1 80,88 "55";
56 1 0 94,147 "56";
57 0 0 9,89 "57";
58 1 1 122,172 "58";
59 0 0 39,63 "59";
60 0 0 81,99 "60";
61 0 1 153,176 "61";
62 1 1 75,81 "62";
63 0 0 53,88 "63";
64 1 0 119,155 "64";
65 2 0 115,142 "65";
66 2 0 38,42 "66";
67 0 0 31,58 "67";
68 2 1 4,34 "68";
69 2 0 80,84 "69";
70 1 1 29,54 "70";
71 2 0 108,111 "71";
72 0 1 23,28 "72";
73 2 0 34,172 "73";
74 0 1 57,174 "74";
75 1 1 34,48 "75";
76 2 1 35,40 "76";
77 0 1 83,147 "77";
78 2 1 119,142 "78";
79 1 1 67,86 "79";
80 1 1 63,119 "80";
81 2 0 124,180 "81";
82 2 1 136,146 "82";
83 0 0 9,171 "83";
84 2 0 47,162 "84";
85 0 0 5,143 "85";
86 2 0 26,37 "86";
87 0 0 29,167 "87";
88 0 1 93,124 "88";
89 1 0 15,151 "89";
90 2 1 65,176 "90";
91 0 0 95,130 "91";
92 0 0 139,151 "92";
93 0 0 73,183 "93";
94 0 0 104,123 "94";
95 0 1 47,152 "95";
96 1 0 78,170 "96";
97 0 0 131,177 "97";
98 1 1 39,76 "98";
99 1 0 37,148 "99";
100 2 1 82,124 "100";
101 0 0 119,138 "101";
102 2 0 166,170 "102";
103 1 0 15,138 "103";
104 0 1 17,130 "104";
105 1 1 118,123 "105";
106 1 1 59,171 "106";
107 0 0 8,142 "107";
108 1 0 31,109 "108";
109 2 1 102,116 "109";
110 0 0 54,146 "110";
111 0 0 3,72 "111";
112 0 1 7,68 "112";
113 0 0 2,122 "113";
114 0 1 108,169 "114";
115 2 1 102,179 "115";
116 1 1 124,139 "116";
117 2 0 83,174 "117";
118 1 1 15,18 "118";
119 1 0 7,171 "119";
120 1 0 66,95 "120";
121 2 0 43,57 "121";
122 2 1 6,166 "122";
123 1 1 151,153 "123";
124 2 1 14,139 "124";
125 2 0 46,168 "125";
126 2 1 148,170 "126";
127 2 0 5,74 "127";
128 1 0 35,150 "128";
129 2 1 38,145 "129";
130 2 1 55,66 "130";
131 1 0 72,77 "131";
132 2 0 26,63 "132";
133 2 0 22,141 "133";
134 2 1 83,187 "134";
135 2 1 24,154 "135";
136 0 1 138,173 "136";
137 1 1 116,146 "137";
138 1 0 5,32 "138";
139 1 1 15,43 "139";
140 0 0 153,183 "140";
141 1 1 79,117 "141";
142 1 1 81,106 "142";
143 2 0 18,78 "143";
144 2 1 16,104 "144";
145 0 1 72,115 "145";
146 0 0 94,117 "146";
147 2 0 35,100 "147";
148 2 0 93,108 "148";
149 0 0 108,164 "149";
150 0 1 17,110 "150";
151 1 0 34,108 "151";
152 0 1 144,175 "152";
153 0 0 78,178 "153";
154 0 1 82,187 "154";
155 2 1 177,180 "155";
156 1 0 131,183 "156";
157 1 1 22,153 "157";
158 2 1 65,116 "158";
159 2 0 43,145 "159";
160 0 1 62,189 "160";
161 2 1 5,11 "161";
162 2 1 50,76 "162";
163 2 1 9,157 "163";
164 1 1 53,151 "164";
165 0 0 95,142 "165";
166 0 1 89,179 "166";
167 2 1 26,64 "167";
168 0 1 97,145 "168";
169 2 0 143,149 "169";
170 0 1 65,136 "170";
171 1 0 29,148 "171";
172 1 0 66,155 "172";
173 1 0 136,159 "173";
174 1 0 87,154 "174";
175 1 0 73,118 "175";
176 2 1 29,149 "176";
177 1 0 103,137 "177";
178 1 1 129,132 "178";
179 2 1 127,134 "179";
180 2 1 42,60 "180";
181 0 0 125,184 "181";
182 2 0 58,72 "182";
183 2 0 56,130 "183";
184 2 1 79,142 "184";
185 0 1 46,99 "185";
186 1 0 4,149 "186";
187 1 1 145,156 "187";
188 0 0 60,80 "188";
189 2 0 131,186 "189";
