parity 139;
0 1 1 61,78 "0";
1 0 0 18,47 "1";
2 1 0 26,106 "2";
3 1 1 12,25 "3";
4 2 1 11,43 "4";
5 0 0 12,49 "5";
6 2 1 47,131 "6";
7 0 0 97,106 "7";
8 0 1 54,73 "8";
9 2 1 57,103 "9";
10 0 1 21,113 "10";
11 2 0 50,129 "11";
12 0 1 64,66 "12";
13 2 0 130,132 "13";
14 2 0 17,104 "14";
15 2 0 39,99 "15";
16 1 0 4,8 "16";
17 0 0 41,86 "17";
18 0 1 22,24 "18";
19 0 0 46,56 "19";
20 1 1 68,119 "20";
21 2 0 59,124 "21";
22 1 0 21,136 "22";
23 0 1 30,89 "23";
24 2 0 33,70 "24";
25 2 1 39,69 "25";
26 0 1 7,48 "26";
27 2 0 93,128 "27";
28 1 0 82,109 "28";
29 1 0 121,131 "29";
30 1 0 6,115 "30";
31 0 1 47,134 "31";
32 1 0 86,132 "32";
33 0 0 32,110 "33";
34 0 0 18,68 "34";
35 1 1 14,118 "35";
36 0 0 45,110 "36";
37 2 1 41,84 "37";
38 1 1 119,138 "38";
39 0 0 51,115 "39";
40 1 0 3,59 "40";
41 2 0 86,93 "41";
42 2 1 36,68 "42";
43 0 0 29,45 "43";
44 2 0 107,129 "44";
45 2 1 10,70 "45";
46 0 0 37,58 "46";
47 0 1 11,127 "47";
48 2 1 23,128 "48";
49 1 0 43,125 "49";
50 2 0 83,104 "50";
51 0 0 68,110 "51";
52 0 1 29,44 "52";
53 2 0 43,83 "53";
54 2 0 52,58 "54";
55 0 1 111,113 "55";
56 1 1 14,33 "56";
57 1 1 7,93 "57";
58 1 0 16,55 "58";
59 1 0 42,91 "59";
60 0 0 92,121 "60";
61 2 1 83,96 "61";
62 1 0 25,83 "62";
63 1 0 2,7 "63";
64 1 0 59,70 "64";
65 2 1 95,127 "65";
66 1 0 34,86 "66";
67 2 1 92,116 "67";
68 0 0 32,60 "68";
69 0 0 81,121 "69";
70 2 1 25,40 "70";
71 0 0 55,108 "71";
72 1 1 10,19 "72";
73 2 0 54,63 "73";
74 1 0 45,62 "74";
75 1 0 40,61 "75";
76 1 0 1,18 "76";
77 2 0 1,81 "77";
78 0 1 14,121 "78";
79 1 0 95,128 "79";
80 1 1 57,127 "80";
81 2 1 28,80 "81";
82 0 1 5,119 "82";
83 0 0 12,91 "83";
84 1 0 35,106 "84";
85 1 0 49,55 "85";
86 2 1 105,119 "86";
87 2 1 14,30 "87";
88 1 1 0,54 "88";
89 2 0 26,76 "89";
90 1 1 0,81 "90";
91 1 0 61,109 "91";
92 0 0 65,84 "92";
93 1 0 39,97 "93";
94 0 0 24,69 "94";
95 1 0 55,112 "95";
96 0 0 53,70 "96";
97 1 0 23,87 "97";
98 1 0 18,134 "98";
99 1 0 95,103 "99";
100 0 0 115,116 "100";
101 0 1 17,122 "101";
102 0 1 75,116 "102";
103 1 0 0,89 "103";
104 0 0 39,58 "104";
105 0 1 99,127 "105";
106 2 0 16,108 "106";
107 2 1 51,88 "107";
108 2 0 43,123 "108";
109 1 0 125,134 "109";
110 1 1 16,24 "110";
111 0 1 75,116 "111";
112 0 1 53,107 "112";
113 0 0 63,84 "113";
114 2 1 91,129 "114";
115 2 0 41,64 "115";
116 2 1 30,60 "116";
117 0 1 75,103 "117";
118 2 0 39,83 "118";
119 2 1 18,128 "119";
120 2 1 45,123 "120";
121 1 0 57,103 "121";
122 0 1 16,40 "122";
123 0 1 46,130 "123";
124 2 1 27,111 "124";
125 1 1 20,131 "125";
126 2 1 110,130 "126";
127 2 0 14,57 "127";
128 1 1 23,113 "128";
129 2 0 81,86 "129";
130 0 0 89,119 "130";
131 2 0 3,134 "131";
132 2 0 49,121 "132";
133 0 1 34,73 "133";
134 1 0 60,123 "134";
135 2 0 128,134 "135";
136 0 1 0,81 "136";
137 2 0 122,133 "137";
138 0 1 16,124 "138";
139 0 1 57,119 "139";
