parity 109;
0 1 1 40,73 "0";
1 2 0 21,35 "1";
2 2 0 69,105 "2";
3 1 1 28,78 "3";
4 2 0 23,47 "4";
5 0 1 15,39 "5";
6 2 1 28,49 "6";
7 2 0 0,102 "7";
8 0 0 6,106 "8";
9 2 1 48,52 "9";
10 2 1 36,96 "10";
11 1 0 18,87 "11";
12 0 1 53,69 "12";
13 2 0 3,43 "13";
14 1 1 24,68 "14";
15 1 1 104,106 "15";
16 0 1 81,109 "16";
17 2 0 19,54 "17";
18 0 1 36,54 "18";
19 1 1 56,57 "19";
20 1 0 13,76 "20";
21 1 0 56,100 "21";
22 1 0 68,86 "22";
23 1 1 21,87 "23";
24 0 0 1,40 "24";
25 1 0 66,88 "25";
26 1 0 41,71 "26";
27 1 1 20,37 "27";
28 0 0 11,12 "28";
29 1 0 8,83 "29";
30 1 1 65,106 "30";
31 2 0 66,88 "31";
32 1 1 39,69 "32";
33 0 1 4,94 "33";
34 2 0 105,109 "34";
35 1 1 29,56 "35";
36 2 0 25,84 "36";
37 2 0 26,55 "37";
38 1 1 2,62 "38";
39 0 0 91,105 "39";
40 0 0 17,82 "40";
41 0 1 70,95 "41";
42 0 0 3,37 "42";
43 0 1 19,101 "43";
44 0 1 65,76 "44";
45 0 1 51,88 "45";
46 2 1 40,73 "46";
47 2 1 52,84 "47";
48 1 1 19,72 "48";
49 2 0 21,58 "49";
50 2 0 49,79 "50";
51 0 0 22,107 "51";
52 1 0 25,28 "52";
53 1 1 27,87 "53";
54 1 1 10,33 "54";
55 2 0 12,77 "55";
56 2 0 8,28 "56";
57 1 1 43,70 "57";
58 2 0 52,88 "58";
59 0 0 26,99 "59";
60 1 0 53,101 "60";
61 0 0 20,53 "61";
62 2 1 38,42 "62";
63 2 0 49,78 "63";
64 2 1 29,58 "64";
65 0 0 15,45 "65";
66 2 1 2,4 "66";
67 1 0 47,51 "67";
68 0 1 9,108 "68";
69 2 0 27,40 "69";
70 0 1 48,55 "70";
71 2 0 27,78 "71";
72 0 1 54,63 "72";
73 1 0 97,98 "73";
74 2 1 11,84 "74";
75 1 0 22,78 "75";
76 0 0 93,109 "76";
77 0 1 35,39 "77";
78 2 0 99,103 "78";
79 1 1 31,107 "79";
80 2 0 38,68 "80";
81 0 1 62,86 "81";
82 1 0 75,96 "82";
83 0 1 89,99 "83";
84 2 1 82,88 "84";
85 1 0 5,67 "85";
86 1 0 43,79 "86";
87 0 0 45,55 "87";
88 0 0 24,100 "88";
89 2 1 19,91 "89";
90 2 1 56,88 "90";
91 1 1 4,32 "91";
92 2 0 24,63 "92";
93 2 0 12,16 "93";
94 2 1 86,97 "94";
95 0 0 5,6 "95";
96 2 1 35,62 "96";
97 0 0 35,83 "97";
98 0 0 2,79 "98";
99 2 0 47,82 "99";
100 0 0 67,73 "100";
101 2 0 11,93 "101";
102 2 0 4,40 "102";
103 1 0 75,98 "103";
104 2 0 22,43 "104";
105 1 0 58,77 "105";
106 0 1 55,86 "106";
107 0 1 72,108 "107";
108 2 1 86,93 "108";
109 2 1 37,54 "109";
