parity 149;
0 1 1 5,80 "0";
1 0 1 19,116 "1";
2 2 0 36,66 "2";
3 1 0 71,140 "3";
4 0 1 64,71 "4";
5 2 0 0,60 "5";
6 1 1 102,134 "6";
7 2 1 26,145 "7";
8 0 0 61,146 "8";
9 1 1 4,24 "9";
10 2 0 52,79 "10";
11 1 1 16,106 "11";
12 1 0 8,52 "12";
13 0 1 8,91 "13";
14 2 0 135,148 "14";
15 2 1 38,67 "15";
16 1 1 110,122 "16";
17 2 1 69,134 "17";
18 2 1 2,4 "18";
19 0 1 60,70 "19";
20 2 1 99,104 "20";
21 2 1 1,96 "21";
22 2 0 68,78 "22";
23 2 0 16,136 "23";
24 2 0 1,45 "24";
25 1 0 12,147 "25";
26 1 1 0,137 "26";
27 1 1 21,64 "27";
28 0 1 5,89 "28";
29 0 1 19,99 "29";
30 2 0 21,45 "30";
31 0 0 44,116 "31";
32 2 0 6,48 "32";
33 1 0 50,134 "33";
34 2 1 92,93 "34";
35 2 1 46,94 "35";
36 2 1 40,42 "36";
37 2 1 50,132 "37";
38 2 1 10,21 "38";
39 0 0 72,132 "39";
40 0 0 63,109 "40";
41 1 0 67,136 "41";
42 1 0 23,107 "42";
43 0 0 96,110 "43";
44 0 0 60,78 "44";
45 1 0 25,90 "45";
46 0 1 52,63 "46";
47 1 1 26,35 "47";
48 0 0 5,30 "48";
49 2 0 129,143 "49";
50 2 1 92,149 "50";
51 2 1 2,58 "51";
52 1 1 80,138 "52";
53 0 0 39,141 "53";
54 2 1 24,78 "54";
55 0 0 52,88 "55";
56 2 1 117,126 "56";
57 2 1 60,74 "57";
58 2 0 49,116 "58";
59 0 1 44,146 "59";
60 2 0 16,106 "60";
61 2 1 37,110 "61";
62 2 1 79,108 "62";
63 2 0 3,26 "63";
64 2 0 19,142 "64";
65 2 1 24,30 "65";
66 1 0 69,121 "66";
67 0 0 28,79 "67";
68 2 1 118,146 "68";
69 0 1 3,141 "69";
70 0 1 63,133 "70";
71 1 0 86,130 "71";
72 2 1 84,110 "72";
73 2 1 108,126 "73";
74 0 1 98,101 "74";
75 0 1 87,145 "75";
76 0 0 4,109 "76";
77 0 1 0,113 "77";
78 0 0 16,64 "78";
79 0 0 27,95 "79";
80 1 0 40,113 "80";
81 1 0 1,93 "81";
82 0 1 45,91 "82";
83 0 1 23,33 "83";
84 2 0 21,125 "84";
85 2 0 78,122 "85";
86 0 1 56,59 "86";
87 1 1 8,51 "87";
88 2 0 53,147 "88";
89 2 1 46,97 "89";
90 1 1 115,137 "90";
91 2 0 12,17 "91";
92 1 0 9,103 "92";
93 0 1 92,99 "93";
94 0 0 10,77 "94";
95 1 1 19,22 "95";
96 1 0 65,88 "96";
97 1 1 1,75 "97";
98 1 0 3,60 "98";
99 2 1 35,42 "99";
100 1 1 57,80 "100";
101 0 0 1,86 "101";
102 1 1 51,107 "102";
103 0 0 10,58 "103";
104 2 0 95,110 "104";
105 1 1 63,118 "105";
106 1 0 1,101 "106";
107 2 1 18,89 "107";
108 0 0 16,133 "108";
109 0 0 12,103 "109";
110 0 1 126,138 "110";
111 1 0 25,78 "111";
112 1 0 38,53 "112";
113 2 1 91,120 "113";
114 2 1 98,128 "114";
115 2 0 14,47 "115";
116 2 1 65,142 "116";
117 0 1 51,131 "117";
118 2 1 10,71 "118";
119 1 1 28,54 "119";
120 1 0 62,104 "120";
121 2 1 16,35 "121";
122 0 0 32,43 "122";
123 2 1 89,124 "123";
124 0 1 101,138 "124";
125 0 0 6,29 "125";
126 2 0 70,118 "126";
127 2 1 8,120 "127";
128 1 1 13,72 "128";
129 1 0 96,146 "129";
130 1 0 41,76 "130";
131 2 0 80,91 "131";
132 2 0 55,105 "132";
133 1 0 13,120 "133";
134 0 0 12,62 "134";
135 1 1 1,125 "135";
136 2 1 33,69 "136";
137 0 0 1,87 "137";
138 2 1 63,136 "138";
139 1 0 84,86 "139";
140 2 0 15,58 "140";
141 0 1 39,118 "141";
142 1 1 80,111 "142";
143 0 1 42,76 "143";
144 1 1 70,101 "144";
145 1 0 25,50 "145";
146 1 0 16,138 "146";
147 1 0 72,142 "147";
148 0 0 33,103 "148";
149 1 1 27,91 "149";
