parity 194;
0 2 0 38,170 "0";
1 2 1 19,189 "1";
2 2 0 39,62 "2";
3 2 0 11,155 "3";
4 2 0 73,186 "4";
5 2 0 54,188 "5";
6 2 0 9,44 "6";
7 0 0 122,158 "7";
8 2 1 50,164 "8";
9 2 0 41,164 "9";
10 2 1 127,161 "10";
11 0 1 64,79 "11";
12 2 1 37,127 "12";
13 0 1 157,161 "13";
14 2 0 9,123 "14";
15 1 1 42,151 "15";
16 1 1 120,155 "16";
17 1 0 86,183 "17";
18 1 0 62,184 "18";
19 1 1 126,146 "19";
20 2 1 49,136 "20";
21 0 0 58,117 "21";
22 2 1 146,191 "22";
23 2 1 25,171 "23";
24 0 1 91,123 "24";
25 0 0 47,128 "25";
26 1 1 56,64 "26";
27 2 1 84,151 "27";
28 1 1 10,135 "28";
29 2 0 38,61 "29";
30 0 1 78,190 "30";
31 1 0 181,189 "31";
32 0 0 144,159 "32";
33 1 0 1,54 "33";
34 0 0 52,132 "34";
35 0 1 148,182 "35";
36 0 1 166,178 "36";
37 0 0 29,124 "37";
38 1 1 114,122 "38";
39 0 0 3,179 "39";
40 1 0 62,145 "40";
41 2 0 116,162 "41";
42 1 0 137,154 "42";
43 1 1 34,74 "43";
44 0 1 145,174 "44";
45 2 1 54,135 "45";
46 2 0 104,150 "46";
47 2 0 56,145 "47";
48 2 1 101,167 "48";
49 1 1 121,139 "49";
50 2 0 77,130 "50";
51 0 1 115,117 "51";
52 1 0 71,84 "52";
53 0 0 14,42 "53";
54 0 0 24,147 "54";
55 2 1 90,132 "55";
56 1 1 31,184 "56";
57 2 0 25,59 "57";
58 0 1 5,146 "58";
59 2 1 13,145 "59";
60 0 0 52,146 "60";
61 2 1 38,42 "61";
62 0 1 44,120 "62";
63 0 0 58,129 "63";
64 2 1 132,146 "64";
65 0 1 69,167 "65";
66 1 0 142,184 "66";
67 0 0 30,134 "67";
68 1 0 70,132 "68";
69 0 0 13,64 "69";
70 2 1 44,132 "70";
71 0 0 90,162 "71";
72 2 0 0,63 "72";
73 0 1 57,166 "73";
74 2 1 37,178 "74";
75 2 1 70,146 "75";
76 2 0 113,144 "76";
77 2 1 82,155 "77";
78 0 1 19,66 "78";
79 0 1 40,55 "79";
80 0 0 19,78 "80";
81 2 0 7,53 "81";
82 0 1 11,177 "82";
83 0 1 116,128 "83";
84 2 1 49,145 "84";
85 1 0 62,65 "85";
86 2 0 1,35 "86";
87 1 0 165,173 "87";
88 0 0 23,37 "88";
89 2 1 124,182 "89";
90 0 1 51,158 "90";
91 1 1 54,176 "91";
92 1 0 14,174 "92";
93 1 0 183,187 "93";
94 1 1 19,151 "94";
95 2 1 84,147 "95";
96 0 1 37,117 "96";
97 2 0 85,150 "97";
98 2 1 117,141 "98";
99 2 0 2,29 "99";
100 2 1 136,174 "100";
101 1 0 47,70 "101";
102 0 0 91,117 "102";
103 0 0 99,117 "103";
104 1 0 129,181 "104";
105 0 1 125,193 "105";
106 2 0 87,153 "106";
107 2 1 20,159 "107";
108 0 0 70,126 "108";
109 0 1 38,41 "109";
110 0 0 90,182 "110";
111 0 0 106,172 "111";
112 1 0 5,114 "112";
113 1 0 21,85 "113";
114 2 1 30,105 "114";
115 2 1 55,143 "115";
116 1 0 165,189 "116";
117 0 0 109,168 "117";
118 1 0 49,141 "118";
119 1 0 64,90 "119";
120 2 1 115,123 "120";
121 2 0 42,71 "121";
122 1 0 15,115 "122";
123 2 1 114,190 "123";
124 2 0 30,128 "124";
125 1 1 9,93 "125";
126 1 1 42,173 "126";
127 1 0 33,65 "127";
128 2 0 182,183 "128";
129 0 0 17,45 "129";
130 0 1 100,192 "130";
131 2 0 29,125 "131";
132 1 1 187,189 "132";
133 0 0 77,121 "133";
134 1 1 69,76 "134";
135 1 1 20,155 "135";
136 1 0 149,167 "136";
137 1 0 10,72 "137";
138 0 1 31,32 "138";
139 1 0 38,42 "139";
140 2 0 113,165 "140";
141 0 1 132,152 "141";
142 1 1 17,53 "142";
143 2 1 3,158 "143";
144 2 0 46,153 "144";
145 0 1 55,117 "145";
146 1 1 173,185 "146";
147 1 0 104,183 "147";
148 2 0 22,89 "148";
149 2 1 8,162 "149";
150 0 1 7,85 "150";
151 0 1 24,170 "151";
152 2 1 31,103 "152";
153 1 1 40,107 "153";
154 1 0 149,193 "154";
155 1 1 160,173 "155";
156 1 0 96,159 "156";
157 2 0 14,194 "157";
158 2 1 108,164 "158";
159 2 1 99,169 "159";
160 1 0 27,90 "160";
161 0 0 62,178 "161";
162 2 0 2,133 "162";
163 1 0 101,174 "163";
164 0 1 81,177 "164";
165 2 1 97,179 "165";
166 0 0 79,188 "166";
167 0 1 25,53 "167";
168 2 0 16,87 "168";
169 1 0 87,162 "169";
170 0 1 55,57 "170";
171 2 0 73,88 "171";
172 1 1 114,144 "172";
173 0 1 35,131 "173";
174 0 0 180,189 "174";
175 0 0 112,117 "175";
176 0 1 141,154 "176";
177 1 1 24,54 "177";
178 0 1 2,149 "178";
179 2 1 24,58 "179";
180 0 0 73,103 "180";
181 2 1 136,141 "181";
182 0 0 35,189 "182";
183 0 0 51,139 "183";
184 1 0 85,121 "184";
185 0 0 51,125 "185";
186 2 0 25,158 "186";
187 2 1 96,106 "187";
188 2 1 29,89 "188";
189 0 0 53,172 "189";
190 1 0 46,118 "190";
191 2 0 41,171 "191";
192 1 1 104,110 "192";
193 2 0 93,100 "193";
194 0 1 49,141 "194";
