parity 134;
0 2 0 13,120 "0";
1 0 1 38,75 "1";
2 0 0 54,116 "2";
3 1 0 4,102 "3";
4 2 1 95,120 "4";
5 2 0 48,103 "5";
6 2 0 18,42 "6";
7 1 0 98,110 "7";
8 0 0 68,115 "8";
9 2 0 5,71 "9";
10 2 0 64,79 "10";
11 1 1 61,88 "11";
12 2 1 25,83 "12";
13 0 0 18,91 "13";
14 1 0 71,111 "14";
15 0 0 1,56 "15";
16 2 1 8,112 "16";
17 1 1 48,129 "17";
18 2 1 78,123 "18";
19 0 0 37,132 "19";
20 2 1 8,98 "20";
21 1 1 0,80 "21";
22 0 0 94,123 "22";
23 2 1 22,134 "23";
24 0 1 27,62 "24";
25 0 0 63,108 "25";
26 2 0 45,65 "26";
27 2 0 4,86 "27";
28 0 1 71,89 "28";
29 1 0 14,76 "29";
30 1 1 23,58 "30";
31 1 1 41,72 "31";
32 0 0 1,37 "32";
33 0 0 100,134 "33";
34 0 0 25,94 "34";
35 1 1 1,73 "35";
36 2 1 57,58 "36";
37 2 1 55,113 "37";
38 0 1 5,50 "38";
39 0 1 35,115 "39";
40 1 1 2,68 "40";
41 0 0 12,123 "41";
42 2 0 65,128 "42";
43 0 1 19,91 "43";
44 1 1 14,64 "44";
45 2 0 21,112 "45";
46 0 0 30,117 "46";
47 2 1 69,72 "47";
48 0 0 42,90 "48";
49 1 0 24,107 "49";
50 1 1 42,134 "50";
51 2 0 22,44 "51";
52 2 1 85,105 "52";
53 0 1 91,100 "53";
54 2 0 48,73 "54";
55 2 1 112,121 "55";
56 2 0 20,95 "56";
57 2 0 52,131 "57";
58 0 1 46,105 "58";
59 2 0 34,134 "59";
60 0 1 63,101 "60";
61 1 1 20,75 "61";
62 0 0 30,35 "62";
63 2 1 6,128 "63";
64 2 0 54,61 "64";
65 2 1 42,72 "65";
66 0 1 70,77 "66";
67 0 1 100,122 "67";
68 1 0 67,115 "68";
69 1 0 52,89 "69";
70 2 1 68,117 "70";
71 0 1 8,105 "71";
72 1 1 39,118 "72";
73 0 1 114,131 "73";
74 2 1 60,69 "74";
75 0 1 14,72 "75";
76 0 0 5,133 "76";
77 2 1 43,46 "77";
78 0 1 26,79 "78";
79 0 0 115,122 "79";
80 2 1 21,122 "80";
81 0 1 53,65 "81";
82 1 0 33,119 "82";
83 2 0 26,71 "83";
84 1 1 101,131 "84";
85 0 0 68,102 "85";
86 0 1 62,70 "86";
87 1 1 69,77 "87";
88 1 0 52,57 "88";
89 1 0 97,119 "89";
90 0 1 20,118 "90";
91 2 0 6,116 "91";
92 0 1 9,17 "92";
93 1 1 3,110 "93";
94 2 1 19,79 "94";
95 0 0 67,85 "95";
96 1 0 48,89 "96";
97 1 1 95,113 "97";
98 2 1 60,107 "98";
99 1 0 31,97 "99";
100 0 0 9,111 "100";
101 0 0 18,78 "101";
102 2 1 28,57 "102";
103 0 0 32,129 "103";
104 1 1 90,93 "104";
105 2 0 41,47 "105";
106 1 1 87,127 "106";
107 0 0 103,108 "107";
108 1 1 17,48 "108";
109 1 1 4,129 "109";
110 0 0 17,112 "110";
111 2 0 55,87 "111";
112 0 1 69,93 "112";
113 2 0 23,54 "113";
114 2 1 68,119 "114";
115 0 0 43,85 "115";
116 1 0 45,106 "116";
117 2 1 12,68 "117";
118 0 1 87,93 "118";
119 2 0 67,72 "119";
120 2 0 112,123 "120";
121 0 1 60,66 "121";
122 2 0 27,98 "122";
123 2 0 65,82 "123";
124 0 0 7,13 "124";
125 2 0 6,100 "125";
126 0 1 63,92 "126";
127 0 1 4,129 "127";
128 0 0 31,43 "128";
129 0 1 24,46 "129";
130 1 0 19,107 "130";
131 1 1 114,125 "131";
132 2 0 45,91 "132";
133 1 0 48,74 "133";
134 2 1 17,58 "134";
