parity 179;
0 2 0 55,169 "0";
1 1 0 48,157 "1";
2 1 1 143,162 "2";
3 2 1 102,155 "3";
4 0 1 0,179 "4";
5 0 0 46,166 "5";
6 0 1 49,167 "6";
7 1 1 44,179 "7";
8 2 1 101,129 "8";
9 0 1 149,172 "9";
10 2 1 21,158 "10";
11 0 0 110,136 "11";
12 2 1 75,127 "12";
13 1 0 126,179 "13";
14 1 0 76,84 "14";
15 2 1 92,110 "15";
16 2 0 60,144 "16";
17 0 1 9,98 "17";
18 2 0 74,79 "18";
19 0 0 15,50 "19";
20 2 0 100,154 "20";
21 0 0 34,130 "21";
22 1 0 15,157 "22";
23 0 1 27,136 "23";
24 0 1 25,116 "24";
25 2 0 24,92 "25";
26 0 1 12,105 "26";
27 1 0 172,177 "27";
28 2 0 32,175 "28";
29 0 0 21,47 "29";
30 1 0 34,164 "30";
31 2 0 122,178 "31";
32 0 0 63,155 "32";
33 1 1 0,9 "33";
34 1 0 88,142 "34";
35 0 0 3,171 "35";
36 1 0 121,125 "36";
37 0 1 42,57 "37";
38 0 1 120,161 "38";
39 2 0 96,172 "39";
40 0 1 1,85 "40";
41 1 1 88,166 "41";
42 2 1 40,71 "42";
43 2 1 117,128 "43";
44 1 0 50,92 "44";
45 0 1 15,81 "45";
46 2 1 44,94 "46";
47 0 1 31,68 "47";
48 1 1 46,158 "48";
49 2 1 29,101 "49";
50 0 1 95,109 "50";
51 2 0 11,100 "51";
52 1 1 3,133 "52";
53 0 0 5,29 "53";
54 2 1 29,96 "54";
55 0 1 9,150 "55";
56 1 0 61,97 "56";
57 2 1 25,80 "57";
58 0 0 0,136 "58";
59 2 1 51,137 "59";
60 2 1 65,160 "60";
61 0 1 117,174 "61";
62 0 1 40,82 "62";
63 0 0 132,152 "63";
64 2 0 28,110 "64";
65 1 0 14,153 "65";
66 0 1 97,136 "66";
67 0 0 11,13 "67";
68 2 1 65,120 "68";
69 1 1 107,111 "69";
70 1 1 22,161 "70";
71 1 0 37,174 "71";
72 0 1 93,136 "72";
73 2 0 93,179 "73";
74 0 1 32,173 "74";
75 2 0 52,60 "75";
76 0 1 167,175 "76";
77 1 1 172,177 "77";
78 1 0 104,172 "78";
79 0 1 37,65 "79";
80 1 0 60,140 "80";
81 2 0 33,57 "81";
82 1 1 66,84 "82";
83 2 0 32,133 "83";
84 0 1 6,108 "84";
85 0 1 2,132 "85";
86 2 0 19,141 "86";
87 0 0 38,52 "87";
88 0 1 59,159 "88";
89 1 1 57,72 "89";
90 1 1 37,94 "90";
91 1 0 62,124 "91";
92 1 1 95,133 "92";
93 1 0 30,43 "93";
94 1 1 32,100 "94";
95 0 0 70,78 "95";
96 1 1 73,169 "96";
97 0 0 63,139 "97";
98 0 0 65,106 "98";
99 2 1 68,90 "99";
100 0 1 124,157 "100";
101 1 0 37,164 "101";
102 0 1 112,137 "102";
103 0 0 66,155 "103";
104 1 0 28,30 "104";
105 2 0 22,101 "105";
106 2 1 123,147 "106";
107 1 1 6,128 "107";
108 0 1 1,176 "108";
109 2 1 98,172 "109";
110 2 0 39,144 "110";
111 1 1 120,179 "111";
112 1 0 51,131 "112";
113 1 1 115,143 "113";
114 0 0 15,77 "114";
115 2 0 95,129 "115";
116 2 1 133,166 "116";
117 2 0 67,165 "117";
118 1 0 77,117 "118";
119 1 0 18,111 "119";
120 1 1 107,123 "120";
121 1 1 68,136 "121";
122 1 1 15,54 "122";
123 2 1 31,119 "123";
124 2 0 1,153 "124";
125 0 0 94,110 "125";
126 2 1 70,174 "126";
127 0 1 101,156 "127";
128 1 1 81,101 "128";
129 2 0 30,159 "129";
130 1 1 5,20 "130";
131 1 1 38,107 "131";
132 1 1 39,51 "132";
133 1 1 41,77 "133";
134 0 1 121,132 "134";
135 2 0 25,160 "135";
136 0 1 35,123 "136";
137 0 1 73,99 "137";
138 0 1 99,116 "138";
139 1 1 142,176 "139";
140 0 1 66,163 "140";
141 0 1 30,122 "141";
142 0 0 88,162 "142";
143 0 1 45,70 "143";
144 2 0 103,177 "144";
145 1 0 39,170 "145";
146 1 1 29,148 "146";
147 0 1 78,161 "147";
148 1 1 8,87 "148";
149 1 0 6,120 "149";
150 2 0 149,168 "150";
151 2 0 152,174 "151";
152 0 1 59,62 "152";
153 1 0 63,125 "153";
154 2 1 2,132 "154";
155 1 0 90,117 "155";
156 1 0 10,42 "156";
157 0 0 72,141 "157";
158 0 0 67,140 "158";
159 1 0 108,133 "159";
160 0 1 108,157 "160";
161 1 0 0,79 "161";
162 0 0 114,147 "162";
163 0 1 25,132 "163";
164 2 1 52,135 "164";
165 2 1 143,162 "165";
166 0 0 94,144 "166";
167 0 0 87,111 "167";
168 2 0 30,87 "168";
169 0 1 24,87 "169";
170 2 0 10,132 "170";
171 1 0 95,175 "171";
172 2 0 121,144 "172";
173 0 0 67,124 "173";
174 2 1 49,140 "174";
175 1 1 76,149 "175";
176 2 1 58,115 "176";
177 0 1 84,112 "177";
178 2 1 53,73 "178";
179 0 1 0,20 "179";
