parity 124;
0 0 0 64,99 "0";
1 0 1 0,43 "1";
2 2 1 18,93 "2";
3 0 1 61,109 "3";
4 0 0 62,80 "4";
5 1 1 19,111 "5";
6 0 0 19,49 "6";
7 1 0 12,26 "7";
8 0 0 30,70 "8";
9 0 1 48,64 "9";
10 1 1 42,80 "10";
11 2 0 44,60 "11";
12 1 0 49,111 "12";
13 0 0 29,66 "13";
14 2 1 3,6 "14";
15 2 1 69,101 "15";
16 0 1 60,91 "16";
17 2 0 30,78 "17";
18 2 0 10,11 "18";
19 2 1 13,95 "19";
20 1 1 2,67 "20";
21 1 1 14,55 "21";
22 1 0 54,94 "22";
23 0 0 21,79 "23";
24 1 0 52,123 "24";
25 2 0 96,103 "25";
26 0 1 5,72 "26";
27 1 0 65,114 "27";
28 2 1 4,7 "28";
29 2 1 14,33 "29";
30 1 1 82,106 "30";
31 1 1 9,39 "31";
32 2 1 19,58 "32";
33 2 0 34,99 "33";
34 0 1 30,43 "34";
35 0 0 64,97 "35";
36 2 0 19,102 "36";
37 2 0 80,88 "37";
38 0 1 5,18 "38";
39 2 1 64,94 "39";
40 0 0 21,31 "40";
41 0 0 9,46 "41";
42 1 1 12,99 "42";
43 0 1 46,107 "43";
44 0 1 6,11 "44";
45 2 1 47,95 "45";
46 1 0 2,87 "46";
47 1 0 28,78 "47";
48 2 1 14,53 "48";
49 2 1 51,97 "49";
50 1 0 63,71 "50";
51 1 0 27,54 "51";
52 2 0 90,100 "52";
53 1 1 10,48 "53";
54 1 1 49,81 "54";
55 0 1 67,107 "55";
56 2 0 32,101 "56";
57 2 0 14,39 "57";
58 0 0 3,113 "58";
59 2 1 99,119 "59";
60 1 0 8,101 "60";
61 2 1 96,116 "61";
62 1 1 3,34 "62";
63 1 0 88,124 "63";
64 0 1 7,123 "64";
65 0 0 74,80 "65";
66 2 1 74,80 "66";
67 1 0 23,28 "67";
68 1 0 47,76 "68";
69 2 0 60,87 "69";
70 1 0 38,107 "70";
71 1 1 43,55 "71";
72 0 0 10,65 "72";
73 2 1 17,31 "73";
74 2 1 38,113 "74";
75 2 0 58,102 "75";
76 2 1 3,113 "76";
77 1 1 12,78 "77";
78 0 1 47,51 "78";
79 1 1 24,53 "79";
80 1 1 46,74 "80";
81 1 1 42,109 "81";
82 1 0 17,91 "82";
83 2 0 23,107 "83";
84 0 1 80,108 "84";
85 2 1 28,51 "85";
86 2 1 64,102 "86";
87 2 1 30,56 "87";
88 2 0 42,93 "88";
89 0 1 30,58 "89";
90 0 0 7,31 "90";
91 0 1 102,107 "91";
92 1 1 65,104 "92";
93 2 1 47,86 "93";
94 1 1 21,74 "94";
95 2 0 55,99 "95";
96 1 1 16,41 "96";
97 1 0 34,47 "97";
98 0 1 63,122 "98";
99 1 0 1,5 "99";
100 2 0 11,39 "100";
101 1 0 22,55 "101";
102 2 0 17,78 "102";
103 0 1 13,27 "103";
104 1 1 70,78 "104";
105 1 1 38,75 "105";
106 1 1 95,118 "106";
107 0 0 72,95 "107";
108 0 1 23,119 "108";
109 0 1 9,24 "109";
110 0 1 13,42 "110";
111 1 1 49,88 "111";
112 1 1 15,103 "112";
113 1 0 26,60 "113";
114 2 0 7,55 "114";
115 0 1 35,40 "115";
116 1 1 87,117 "116";
117 2 0 19,66 "117";
118 1 0 33,115 "118";
119 0 0 65,83 "119";
120 0 1 35,38 "120";
121 0 1 76,110 "121";
122 0 1 41,59 "122";
123 1 1 26,41 "123";
124 0 0 60,101 "124";
