parity 159;
0 0 1 6,91 "0";
1 1 0 25,35 "1";
2 2 1 100,129 "2";
3 2 0 116,129 "3";
4 2 1 0,156 "4";
5 1 1 97,129 "5";
6 1 1 0,129 "6";
7 0 0 12,15 "7";
8 1 0 51,65 "8";
9 2 1 86,107 "9";
10 2 1 60,84 "10";
11 1 0 50,104 "11";
12 0 1 34,41 "12";
13 0 0 94,142 "13";
14 0 1 7,155 "14";
15 1 0 32,87 "15";
16 2 0 52,62 "16";
17 2 0 72,125 "17";
18 0 1 137,158 "18";
19 1 0 101,158 "19";
20 0 0 38,50 "20";
21 2 0 35,40 "21";
22 0 1 3,111 "22";
23 2 0 105,150 "23";
24 2 0 67,71 "24";
25 1 1 85,109 "25";
26 2 0 45,72 "26";
27 0 0 16,35 "27";
28 2 1 12,76 "28";
29 0 1 31,148 "29";
30 0 0 15,114 "30";
31 0 1 133,154 "31";
32 0 0 30,129 "32";
33 0 0 52,75 "33";
34 0 0 114,118 "34";
35 1 0 74,98 "35";
36 2 0 9,86 "36";
37 2 0 12,64 "37";
38 2 0 2,116 "38";
39 0 0 74,149 "39";
40 2 1 33,103 "40";
41 2 0 89,123 "41";
42 1 0 6,54 "42";
43 0 0 40,139 "43";
44 0 0 29,32 "44";
45 2 1 54,62 "45";
46 1 1 78,85 "46";
47 1 0 59,80 "47";
48 0 0 6,66 "48";
49 2 0 88,150 "49";
50 1 1 66,106 "50";
51 0 0 27,111 "51";
52 2 1 13,38 "52";
53 0 0 13,66 "53";
54 2 0 46,94 "54";
55 2 1 5,20 "55";
56 1 1 119,147 "56";
57 0 0 52,56 "57";
58 1 1 91,117 "58";
59 1 0 17,79 "59";
60 2 0 21,64 "60";
61 1 0 46,58 "61";
62 2 0 97,118 "62";
63 2 1 69,88 "63";
64 0 1 16,104 "64";
65 0 1 11,121 "65";
66 2 0 29,127 "66";
67 1 0 52,114 "67";
68 1 0 92,118 "68";
69 0 1 136,151 "69";
70 2 0 41,83 "70";
71 1 1 35,90 "71";
72 0 1 131,138 "72";
73 2 0 97,102 "73";
74 1 1 59,109 "74";
75 0 0 80,150 "75";
76 2 0 89,94 "76";
77 0 0 64,84 "77";
78 2 0 38,115 "78";
79 2 0 23,59 "79";
80 1 0 50,117 "80";
81 1 1 138,144 "81";
82 2 1 34,126 "82";
83 2 1 2,21 "83";
84 1 0 51,67 "84";
85 1 1 28,132 "85";
86 1 0 36,78 "86";
87 2 1 24,125 "87";
88 0 0 46,58 "88";
89 0 0 6,75 "89";
90 2 1 117,126 "90";
91 2 0 78,141 "91";
92 1 1 4,156 "92";
93 2 1 38,90 "93";
94 1 1 7,114 "94";
95 1 0 73,146 "95";
96 2 1 36,105 "96";
97 0 0 17,78 "97";
98 0 1 20,75 "98";
99 1 1 22,85 "99";
100 1 1 66,134 "100";
101 1 0 58,149 "101";
102 2 0 12,131 "102";
103 1 0 1,82 "103";
104 0 1 5,85 "104";
105 2 1 136,142 "105";
106 1 0 73,155 "106";
107 1 1 25,45 "107";
108 2 1 2,137 "108";
109 1 0 2,129 "109";
110 0 0 10,28 "110";
111 2 0 48,99 "111";
112 1 1 23,133 "112";
113 1 1 7,16 "113";
114 0 1 49,84 "114";
115 2 0 7,123 "115";
116 2 1 4,15 "116";
117 2 0 18,42 "117";
118 2 0 14,49 "118";
119 1 0 81,91 "119";
120 1 1 18,94 "120";
121 1 1 0,80 "121";
122 0 0 62,65 "122";
123 2 0 39,98 "123";
124 1 1 7,137 "124";
125 0 1 96,113 "125";
126 1 0 48,55 "126";
127 1 0 91,111 "127";
128 2 0 15,54 "128";
129 1 1 35,133 "129";
130 2 1 45,156 "130";
131 1 1 62,109 "131";
132 1 1 0,135 "132";
133 2 0 47,102 "133";
134 1 1 112,147 "134";
135 1 0 56,64 "135";
136 1 0 44,109 "136";
137 2 0 127,158 "137";
138 1 1 58,60 "138";
139 2 1 77,101 "139";
140 2 1 128,152 "140";
141 1 1 108,116 "141";
142 2 1 106,112 "142";
143 0 1 28,51 "143";
144 2 0 48,109 "144";
145 2 1 45,138 "145";
146 1 0 148,156 "146";
147 1 0 65,66 "147";
148 2 0 57,104 "148";
149 2 1 86,110 "149";
150 2 1 67,97 "150";
151 0 0 86,122 "151";
152 0 1 97,131 "152";
153 1 0 9,120 "153";
154 0 0 70,155 "154";
155 1 0 9,60 "155";
156 1 1 31,153 "156";
157 2 1 50,83 "157";
158 1 1 37,67 "158";
159 2 1 14,18 "159";
