parity 144;
0 0 1 50,84 "0";
1 0 1 78,102 "1";
2 0 0 55,133 "2";
3 1 0 42,123 "3";
4 2 1 47,135 "4";
5 0 1 49,104 "5";
6 0 1 31,142 "6";
7 1 0 106,112 "7";
8 1 0 103,107 "8";
9 2 0 109,132 "9";
10 2 0 12,65 "10";
11 1 1 120,141 "11";
12 0 0 27,109 "12";
13 1 1 82,100 "13";
14 1 1 42,70 "14";
15 2 1 11,92 "15";
16 1 1 60,82 "16";
17 2 1 68,118 "17";
18 1 0 120,122 "18";
19 1 0 14,33 "19";
20 1 0 29,89 "20";
21 0 0 10,74 "21";
22 0 1 29,66 "22";
23 1 0 19,74 "23";
24 0 0 76,93 "24";
25 0 1 83,117 "25";
26 1 0 87,92 "26";
27 2 1 89,133 "27";
28 0 0 15,134 "28";
29 1 1 37,89 "29";
30 0 0 51,112 "30";
31 2 0 4,133 "31";
32 0 1 89,108 "32";
33 1 0 9,106 "33";
34 2 1 35,86 "34";
35 1 0 7,65 "35";
36 1 0 56,122 "36";
37 0 0 19,92 "37";
38 2 0 55,84 "38";
39 2 0 24,95 "39";
40 1 1 29,122 "40";
41 0 1 30,141 "41";
42 1 0 18,32 "42";
43 1 0 108,133 "43";
44 2 1 6,53 "44";
45 0 0 59,81 "45";
46 2 1 36,143 "46";
47 0 0 27,118 "47";
48 0 1 97,106 "48";
49 0 1 53,60 "49";
50 0 0 40,89 "50";
51 2 1 44,64 "51";
52 0 0 16,20 "52";
53 0 1 59,100 "53";
54 1 0 69,84 "54";
55 0 1 51,105 "55";
56 1 0 26,88 "56";
57 2 0 87,106 "57";
58 0 0 51,137 "58";
59 0 1 10,52 "59";
60 0 0 93,142 "60";
61 0 0 106,128 "61";
62 2 1 58,96 "62";
63 1 1 107,110 "63";
64 2 1 56,111 "64";
65 0 1 67,135 "65";
66 2 1 2,53 "66";
67 0 0 48,82 "67";
68 2 1 17,38 "68";
69 0 0 67,88 "69";
70 0 0 20,109 "70";
71 1 1 5,120 "71";
72 2 0 92,118 "72";
73 2 0 130,140 "73";
74 1 1 124,127 "74";
75 1 0 21,54 "75";
76 0 0 61,88 "76";
77 0 1 45,56 "77";
78 2 1 49,129 "78";
79 0 0 11,110 "79";
80 2 0 66,84 "80";
81 0 0 17,100 "81";
82 1 1 24,31 "82";
83 1 0 17,29 "83";
84 0 1 32,80 "84";
85 2 0 91,102 "85";
86 1 1 91,93 "86";
87 0 1 11,30 "87";
88 1 0 75,111 "88";
89 0 0 1,65 "89";
90 0 0 78,113 "90";
91 2 0 11,25 "91";
92 1 1 89,97 "92";
93 0 1 23,111 "93";
94 0 1 96,139 "94";
95 1 0 82,85 "95";
96 0 0 46,127 "96";
97 2 1 104,131 "97";
98 2 1 87,108 "98";
99 0 1 9,30 "99";
100 1 0 27,97 "100";
101 1 1 17,122 "101";
102 1 1 9,138 "102";
103 1 1 69,97 "103";
104 0 0 100,112 "104";
105 2 0 43,136 "105";
106 1 0 31,113 "106";
107 2 1 23,73 "107";
108 2 0 5,114 "108";
109 1 1 8,60 "109";
110 2 1 120,131 "110";
111 2 0 50,141 "111";
112 2 0 48,104 "112";
113 1 0 65,86 "113";
114 0 0 74,93 "114";
115 2 0 10,107 "115";
116 0 0 19,111 "116";
117 2 0 6,10 "117";
118 1 0 88,128 "118";
119 1 1 12,43 "119";
120 2 0 6,141 "120";
121 2 1 135,141 "121";
122 0 1 3,63 "122";
123 1 0 3,46 "123";
124 2 1 10,140 "124";
125 2 1 86,123 "125";
126 1 0 78,101 "126";
127 1 0 19,90 "127";
128 2 0 56,74 "128";
129 1 0 1,118 "129";
130 0 1 37,90 "130";
131 2 1 106,115 "131";
132 0 1 34,63 "132";
133 2 1 22,93 "133";
134 2 1 60,107 "134";
135 2 1 88,144 "135";
136 1 0 32,73 "136";
137 0 0 59,79 "137";
138 0 0 116,124 "138";
139 2 1 5,9 "139";
140 0 1 7,23 "140";
141 1 0 47,114 "141";
142 2 1 35,86 "142";
143 1 0 92,129 "143";
144 1 1 92,127 "144";
