parity 189;
0 2 0 24,38 "0";
1 1 1 21,64 "1";
2 1 0 35,85 "2";
3 1 0 57,138 "3";
4 1 0 151,171 "4";
5 0 0 116,128 "5";
6 1 1 146,160 "6";
7 0 0 71,76 "7";
8 2 1 21,161 "8";
9 0 1 12,24 "9";
10 1 1 59,152 "10";
11 1 1 35,104 "11";
12 0 0 93,142 "12";
13 2 0 15,27 "13";
14 1 0 58,169 "14";
15 1 0 107,163 "15";
16 0 0 46,175 "16";
17 0 1 60,70 "17";
18 0 0 27,174 "18";
19 2 0 18,36 "19";
20 2 0 62,141 "20";
21 1 0 22,130 "21";
22 2 0 61,141 "22";
23 0 1 38,162 "23";
24 1 0 0,10 "24";
25 2 0 182,187 "25";
26 1 1 95,121 "26";
27 0 0 36,68 "27";
28 1 0 120,168 "28";
29 0 0 55,65 "29";
30 1 1 35,149 "30";
31 1 1 29,134 "31";
32 0 0 119,121 "32";
33 0 0 47,185 "33";
34 0 0 10,119 "34";
35 2 1 124,128 "35";
36 1 0 110,146 "36";
37 1 1 124,134 "37";
38 0 1 115,186 "38";
39 0 0 24,116 "39";
40 2 0 32,54 "40";
41 1 0 32,94 "41";
42 1 1 114,126 "42";
43 0 1 64,185 "43";
44 2 0 32,49 "44";
45 1 0 34,38 "45";
46 1 1 91,157 "46";
47 0 0 49,151 "47";
48 0 0 60,179 "48";
49 0 0 52,123 "49";
50 2 0 33,93 "50";
51 1 0 12,151 "51";
52 2 1 29,124 "52";
53 1 1 75,104 "53";
54 1 0 45,114 "54";
55 0 1 127,155 "55";
56 0 1 30,127 "56";
57 2 0 39,147 "57";
58 0 0 31,139 "58";
59 1 0 93,163 "59";
60 1 0 79,158 "60";
61 0 1 20,32 "61";
62 2 1 51,85 "62";
63 1 0 123,141 "63";
64 0 0 150,167 "64";
65 2 1 16,151 "65";
66 2 1 104,184 "66";
67 2 0 17,128 "67";
68 2 1 43,124 "68";
69 0 1 72,83 "69";
70 0 1 74,124 "70";
71 1 0 163,179 "71";
72 1 0 8,26 "72";
73 0 0 49,147 "73";
74 0 0 30,184 "74";
75 1 1 58,170 "75";
76 2 1 90,91 "76";
77 1 0 138,161 "77";
78 2 1 86,115 "78";
79 0 0 80,154 "79";
80 2 1 87,103 "80";
81 1 1 163,187 "81";
82 2 1 78,147 "82";
83 1 1 13,57 "83";
84 0 1 34,133 "84";
85 0 1 18,186 "85";
86 0 0 16,87 "86";
87 1 1 66,148 "87";
88 1 0 95,134 "88";
89 0 1 99,134 "89";
90 0 0 82,158 "90";
91 1 1 125,159 "91";
92 0 1 59,128 "92";
93 1 1 16,119 "93";
94 2 1 0,5 "94";
95 1 1 157,168 "95";
96 1 1 46,134 "96";
97 0 1 141,177 "97";
98 0 0 22,85 "98";
99 0 0 50,84 "99";
100 1 1 6,104 "100";
101 0 0 24,51 "101";
102 0 1 94,163 "102";
103 2 1 63,108 "103";
104 1 1 38,173 "104";
105 1 0 50,113 "105";
106 0 1 44,54 "106";
107 1 1 56,132 "107";
108 2 0 106,131 "108";
109 2 0 19,123 "109";
110 0 0 0,67 "110";
111 0 1 10,86 "111";
112 0 0 103,173 "112";
113 2 1 29,179 "113";
114 2 1 47,127 "114";
115 2 0 31,176 "115";
116 2 0 110,119 "116";
117 0 0 54,160 "117";
118 0 0 113,164 "118";
119 0 1 95,152 "119";
120 0 1 16,123 "120";
121 2 1 112,177 "121";
122 0 1 74,125 "122";
123 2 0 104,135 "123";
124 0 0 13,64 "124";
125 2 0 69,108 "125";
126 0 0 24,104 "126";
127 0 0 86,98 "127";
128 0 0 25,50 "128";
129 1 1 89,115 "129";
130 2 0 99,170 "130";
131 2 0 141,185 "131";
132 1 1 86,88 "132";
133 1 0 46,162 "133";
134 1 1 30,86 "134";
135 1 1 52,179 "135";
136 2 0 40,78 "136";
137 0 1 98,166 "137";
138 0 1 55,60 "138";
139 1 0 95,136 "139";
140 2 1 59,176 "140";
141 2 1 32,145 "141";
142 0 0 102,133 "142";
143 2 1 41,58 "143";
144 2 1 19,32 "144";
145 0 0 153,167 "145";
146 2 1 48,174 "146";
147 2 0 49,56 "147";
148 0 1 116,139 "148";
149 2 0 96,133 "149";
150 2 1 38,115 "150";
151 0 0 10,93 "151";
152 1 1 42,77 "152";
153 2 1 32,54 "153";
154 1 1 45,70 "154";
155 1 1 35,135 "155";
156 2 0 74,76 "156";
157 0 1 12,15 "157";
158 1 0 9,159 "158";
159 1 0 144,172 "159";
160 2 1 74,167 "160";
161 1 0 0,121 "161";
162 0 1 36,85 "162";
163 0 1 90,108 "163";
164 0 0 58,63 "164";
165 2 1 1,50 "165";
166 2 0 109,140 "166";
167 1 0 75,137 "167";
168 1 1 48,165 "168";
169 2 0 76,163 "169";
170 0 0 18,101 "170";
171 0 0 86,147 "171";
172 2 1 42,72 "172";
173 2 0 32,169 "173";
174 0 1 121,127 "174";
175 2 0 96,159 "175";
176 1 1 79,127 "176";
177 1 0 127,167 "177";
178 1 1 172,179 "178";
179 1 1 28,50 "179";
180 2 0 9,117 "180";
181 1 0 25,71 "181";
182 2 1 24,110 "182";
183 1 0 78,110 "183";
184 1 1 76,116 "184";
185 1 1 92,176 "185";
186 1 1 24,131 "186";
187 1 1 25,165 "187";
188 0 0 108,130 "188";
189 2 0 10,68 "189";
