parity 134;
0 1 1 27,73 "0";
1 1 0 29,63 "1";
2 1 1 3,53 "2";
3 1 1 32,130 "3";
4 2 1 102,132 "4";
5 2 1 14,66 "5";
6 1 0 26,126 "6";
7 1 0 31,41 "7";
8 2 1 13,49 "8";
9 0 1 20,102 "9";
10 1 0 41,113 "10";
11 1 0 67,86 "11";
12 1 0 110,115 "12";
13 2 1 82,84 "13";
14 1 0 44,107 "14";
15 2 1 37,99 "15";
16 2 1 70,88 "16";
17 0 1 91,104 "17";
18 0 1 2,44 "18";
19 2 0 6,25 "19";
20 0 0 18,61 "20";
21 1 0 18,105 "21";
22 1 0 19,93 "22";
23 0 1 5,72 "23";
24 1 0 68,112 "24";
25 2 1 77,79 "25";
26 2 1 51,56 "26";
27 1 1 88,131 "27";
28 0 0 61,130 "28";
29 2 1 6,49 "29";
30 2 1 0,92 "30";
31 1 0 7,97 "31";
32 0 0 52,127 "32";
33 1 0 43,46 "33";
34 2 0 93,127 "34";
35 1 1 96,118 "35";
36 2 0 104,111 "36";
37 0 0 51,59 "37";
38 1 1 80,111 "38";
39 0 0 64,133 "39";
40 2 0 67,132 "40";
41 1 0 28,81 "41";
42 2 0 70,100 "42";
43 0 0 104,130 "43";
44 1 1 18,80 "44";
45 1 1 22,127 "45";
46 1 1 7,118 "46";
47 1 0 25,129 "47";
48 0 1 16,21 "48";
49 0 0 22,78 "49";
50 1 0 104,109 "50";
51 2 0 59,63 "51";
52 1 0 63,134 "52";
53 0 1 33,94 "53";
54 1 1 11,98 "54";
55 2 0 46,69 "55";
56 1 0 23,130 "56";
57 0 0 25,70 "57";
58 0 0 51,126 "58";
59 2 1 53,117 "59";
60 2 1 9,40 "60";
61 0 0 43,72 "61";
62 2 1 21,54 "62";
63 2 1 34,116 "63";
64 2 0 110,112 "64";
65 2 1 20,77 "65";
66 1 1 104,121 "66";
67 0 1 10,95 "67";
68 1 1 57,118 "68";
69 2 0 86,115 "69";
70 0 1 29,110 "70";
71 2 1 4,9 "71";
72 2 1 29,82 "72";
73 0 1 40,92 "73";
74 1 0 65,93 "74";
75 1 1 53,92 "75";
76 2 0 15,130 "76";
77 1 0 52,109 "77";
78 0 0 5,41 "78";
79 0 1 34,51 "79";
80 2 1 43,95 "80";
81 1 0 18,111 "81";
82 2 1 23,37 "82";
83 0 1 23,82 "83";
84 0 1 41,97 "84";
85 0 0 7,101 "85";
86 1 1 36,51 "86";
87 0 0 25,41 "87";
88 1 1 37,87 "88";
89 1 1 58,64 "89";
90 1 0 10,93 "90";
91 2 0 33,78 "91";
92 0 1 39,96 "92";
93 2 1 11,49 "93";
94 1 0 34,58 "94";
95 0 1 3,48 "95";
96 2 1 80,111 "96";
97 2 1 111,127 "97";
98 1 0 11,29 "98";
99 2 1 48,50 "99";
100 0 0 14,127 "100";
101 1 0 61,123 "101";
102 2 1 24,119 "102";
103 1 0 14,32 "103";
104 0 1 45,87 "104";
105 0 0 111,119 "105";
106 1 1 39,122 "106";
107 2 0 37,100 "107";
108 0 0 96,123 "108";
109 1 0 1,43 "109";
110 1 1 1,122 "110";
111 0 0 132,133 "111";
112 2 1 2,65 "112";
113 1 0 17,87 "113";
114 0 1 21,132 "114";
115 2 0 25,88 "115";
116 1 1 109,112 "116";
117 0 0 14,65 "117";
118 2 1 88,130 "118";
119 1 0 52,75 "119";
120 0 0 66,71 "120";
121 0 0 12,85 "121";
122 0 1 107,114 "122";
123 0 0 16,58 "123";
124 0 0 105,130 "124";
125 1 0 12,74 "125";
126 0 1 40,52 "126";
127 0 0 69,90 "127";
128 1 1 3,72 "128";
129 1 1 52,132 "129";
130 0 1 73,97 "130";
131 0 0 78,94 "131";
132 0 1 26,80 "132";
133 0 1 15,71 "133";
134 0 1 46,121 "134";
