parity 109;
0 0 0 77,96 "0";
1 0 0 90,92 "1";
2 2 1 76,81 "2";
3 0 0 20,102 "3";
4 2 1 46,64 "4";
5 2 0 2,71 "5";
6 1 1 55,70 "6";
7 0 1 44,55 "7";
8 2 0 61,88 "8";
9 1 0 14,33 "9";
10 1 0 0,19 "10";
11 0 0 46,48 "11";
12 0 0 27,46 "12";
13 0 0 15,62 "13";
14 0 0 5,99 "14";
15 1 0 59,94 "15";
16 2 0 20,33 "16";
17 0 0 6,32 "17";
18 0 1 32,89 "18";
19 0 0 21,53 "19";
20 2 1 11,30 "20";
21 1 0 45,94 "21";
22 0 1 77,78 "22";
23 1 0 21,76 "23";
24 2 1 54,61 "24";
25 2 0 65,86 "25";
26 2 0 78,105 "26";
27 0 0 3,73 "27";
28 0 0 56,84 "28";
29 0 1 0,104 "29";
30 2 1 80,90 "30";
31 2 1 4,46 "31";
32 2 1 25,97 "32";
33 2 0 0,89 "33";
34 1 0 29,102 "34";
35 0 1 56,70 "35";
36 2 1 21,46 "36";
37 1 0 21,46 "37";
38 2 1 42,98 "38";
39 1 1 67,84 "39";
40 1 0 0,23 "40";
41 0 0 48,62 "41";
42 0 1 20,26 "42";
43 1 0 39,73 "43";
44 2 0 28,96 "44";
45 1 0 94,97 "45";
46 2 1 86,109 "46";
47 2 0 4,78 "47";
48 0 1 50,64 "48";
49 2 0 6,69 "49";
50 1 1 48,78 "50";
51 1 1 59,95 "51";
52 1 1 46,95 "52";
53 2 1 62,103 "53";
54 0 1 1,103 "54";
55 2 1 42,75 "55";
56 2 0 42,44 "56";
57 2 0 35,36 "57";
58 0 0 73,99 "58";
59 1 0 2,18 "59";
60 2 1 63,70 "60";
61 2 1 49,64 "61";
62 2 0 35,76 "62";
63 1 0 1,91 "63";
64 2 0 23,67 "64";
65 1 1 18,27 "65";
66 2 1 23,106 "66";
67 0 1 38,107 "67";
68 1 1 9,15 "68";
69 0 1 77,100 "69";
70 2 1 25,57 "70";
71 1 1 10,104 "71";
72 0 1 41,74 "72";
73 0 1 74,93 "73";
74 1 1 104,107 "74";
75 1 0 41,104 "75";
76 0 0 66,75 "76";
77 2 1 14,69 "77";
78 2 1 38,50 "78";
79 2 0 0,68 "79";
80 2 0 104,107 "80";
81 1 0 27,70 "81";
82 0 1 26,61 "82";
83 2 1 31,33 "83";
84 1 1 14,25 "84";
85 1 1 38,71 "85";
86 0 1 46,80 "86";
87 0 1 43,53 "87";
88 0 1 48,107 "88";
89 2 1 77,102 "89";
90 1 0 24,52 "90";
91 1 0 32,42 "91";
92 1 0 67,108 "92";
93 2 0 12,72 "93";
94 2 1 37,85 "94";
95 0 0 14,30 "95";
96 2 1 13,84 "96";
97 2 0 39,79 "97";
98 1 1 2,97 "98";
99 2 1 11,43 "99";
100 2 0 53,90 "100";
101 2 0 53,82 "101";
102 2 1 16,17 "102";
103 0 0 45,76 "103";
104 1 0 0,23 "104";
105 2 0 7,88 "105";
106 0 1 89,104 "106";
107 1 0 51,103 "107";
108 2 0 7,95 "108";
109 1 0 24,78 "109";
