parity 144;
0 0 0 45,127 "0";
1 1 1 46,126 "1";
2 1 1 24,135 "2";
3 2 1 28,136 "3";
4 2 1 7,29 "4";
5 1 0 38,105 "5";
6 2 0 9,106 "6";
7 2 1 40,62 "7";
8 2 0 41,98 "8";
9 2 0 6,41 "9";
10 0 1 59,88 "10";
11 2 1 83,87 "11";
12 0 1 54,61 "12";
13 2 0 21,52 "13";
14 0 0 12,57 "14";
15 1 1 46,137 "15";
16 2 0 58,97 "16";
17 1 1 44,106 "17";
18 2 0 10,121 "18";
19 0 1 105,139 "19";
20 1 0 18,103 "20";
21 2 1 76,80 "21";
22 0 1 62,132 "22";
23 2 1 2,126 "23";
24 2 0 12,62 "24";
25 2 1 21,51 "25";
26 0 0 3,94 "26";
27 2 1 15,96 "27";
28 2 0 72,94 "28";
29 1 0 89,135 "29";
30 1 0 105,138 "30";
31 1 0 27,41 "31";
32 0 1 27,58 "32";
33 0 0 38,83 "33";
34 2 1 8,75 "34";
35 0 0 51,141 "35";
36 2 0 7,44 "36";
37 1 1 30,89 "37";
38 2 0 72,103 "38";
39 1 0 65,131 "39";
40 0 0 18,98 "40";
41 2 0 16,102 "41";
42 2 0 22,112 "42";
43 1 1 49,104 "43";
44 2 0 27,28 "44";
45 0 1 51,127 "45";
46 2 1 57,94 "46";
47 1 1 46,103 "47";
48 0 0 121,142 "48";
49 2 1 120,134 "49";
50 1 0 1,86 "50";
51 2 0 89,136 "51";
52 1 0 37,59 "52";
53 1 1 124,129 "53";
54 1 1 19,69 "54";
55 0 1 16,142 "55";
56 0 0 54,141 "56";
57 2 0 114,134 "57";
58 1 1 87,105 "58";
59 1 0 26,126 "59";
60 0 1 17,128 "60";
61 0 1 55,131 "61";
62 2 1 106,132 "62";
63 0 0 7,27 "63";
64 2 1 54,141 "64";
65 1 0 9,95 "65";
66 1 1 13,34 "66";
67 2 0 31,111 "67";
68 0 1 10,96 "68";
69 2 0 22,119 "69";
70 0 1 109,136 "70";
71 2 0 47,125 "71";
72 0 0 79,132 "72";
73 0 1 18,116 "73";
74 0 0 5,85 "74";
75 1 1 53,65 "75";
76 0 1 72,74 "76";
77 0 1 23,82 "77";
78 2 1 32,71 "78";
79 1 1 53,64 "79";
80 1 0 9,46 "80";
81 0 0 17,19 "81";
82 2 1 41,74 "82";
83 0 0 10,60 "83";
84 2 0 76,119 "84";
85 1 1 56,99 "85";
86 1 0 60,74 "86";
87 0 1 77,88 "87";
88 0 1 126,143 "88";
89 2 0 22,93 "89";
90 0 0 27,50 "90";
91 0 0 37,132 "91";
92 0 0 0,79 "92";
93 2 1 16,117 "93";
94 1 0 9,125 "94";
95 2 1 81,100 "95";
96 1 1 36,107 "96";
97 1 0 16,112 "97";
98 1 1 77,85 "98";
99 0 1 2,114 "99";
100 0 1 51,89 "100";
101 2 0 8,110 "101";
102 0 0 11,142 "102";
103 2 0 71,83 "103";
104 0 0 5,57 "104";
105 1 1 80,117 "105";
106 1 1 6,136 "106";
107 1 0 64,102 "107";
108 0 1 95,98 "108";
109 0 1 5,25 "109";
110 1 0 7,13 "110";
111 1 1 60,73 "111";
112 1 1 87,130 "112";
113 2 0 64,76 "113";
114 2 1 36,120 "114";
115 1 1 53,69 "115";
116 1 1 3,93 "116";
117 2 1 41,67 "117";
118 2 1 19,87 "118";
119 2 0 16,139 "119";
120 2 0 104,125 "120";
121 0 0 48,54 "121";
122 2 0 63,124 "122";
123 2 1 31,130 "123";
124 1 1 82,143 "124";
125 1 0 18,143 "125";
126 1 1 29,128 "126";
127 1 0 120,135 "127";
128 1 0 45,79 "128";
129 2 1 69,118 "129";
130 1 0 14,51 "130";
131 2 1 99,110 "131";
132 2 0 31,41 "132";
133 2 1 28,36 "133";
134 2 0 51,144 "134";
135 1 1 8,103 "135";
136 2 1 33,69 "136";
137 0 0 110,129 "137";
138 0 0 23,31 "138";
139 0 0 68,105 "139";
140 2 0 33,105 "140";
141 2 0 104,142 "141";
142 0 0 100,144 "142";
143 1 1 90,142 "143";
144 1 0 51,91 "144";
