parity 174;
0 1 0 9,148 "0";
1 1 0 12,103 "1";
2 1 0 57,83 "2";
3 1 0 13,49 "3";
4 2 0 11,57 "4";
5 2 0 112,136 "5";
6 1 1 41,87 "6";
7 0 1 107,124 "7";
8 1 1 68,77 "8";
9 0 1 26,160 "9";
10 2 0 76,112 "10";
11 1 1 35,62 "11";
12 0 1 14,164 "12";
13 0 0 15,63 "13";
14 0 0 99,165 "14";
15 2 0 169,174 "15";
16 2 1 12,128 "16";
17 2 1 51,69 "17";
18 2 0 97,137 "18";
19 2 0 58,130 "19";
20 0 1 165,166 "20";
21 2 1 24,87 "21";
22 2 0 13,78 "22";
23 2 1 33,140 "23";
24 2 0 72,112 "24";
25 0 1 48,157 "25";
26 2 0 100,137 "26";
27 2 1 1,37 "27";
28 1 1 103,132 "28";
29 0 1 54,78 "29";
30 1 0 2,94 "30";
31 1 1 6,40 "31";
32 0 1 11,145 "32";
33 0 0 5,15 "33";
34 0 1 24,164 "34";
35 2 1 29,165 "35";
36 1 0 75,165 "36";
37 2 1 43,119 "37";
38 0 1 5,162 "38";
39 0 0 2,109 "39";
40 1 0 77,102 "40";
41 1 1 7,156 "41";
42 1 0 28,97 "42";
43 1 1 54,55 "43";
44 0 1 1,96 "44";
45 2 1 70,166 "45";
46 0 1 40,68 "46";
47 1 1 56,64 "47";
48 2 1 39,140 "48";
49 0 1 52,60 "49";
50 1 1 28,159 "50";
51 1 1 78,147 "51";
52 0 1 47,57 "52";
53 0 0 80,92 "53";
54 0 1 116,169 "54";
55 1 0 52,101 "55";
56 2 1 90,126 "56";
57 1 1 120,145 "57";
58 0 0 25,88 "58";
59 0 0 72,120 "59";
60 2 1 0,128 "60";
61 1 1 9,105 "61";
62 0 1 61,140 "62";
63 0 1 17,157 "63";
64 0 0 35,93 "64";
65 1 1 66,77 "65";
66 0 0 5,131 "66";
67 2 1 53,111 "67";
68 1 0 60,163 "68";
69 0 0 68,115 "69";
70 2 0 108,131 "70";
71 0 1 51,63 "71";
72 2 0 35,91 "72";
73 0 0 83,92 "73";
74 2 0 5,110 "74";
75 1 1 7,171 "75";
76 1 0 21,150 "76";
77 0 1 43,169 "77";
78 2 0 1,171 "78";
79 1 0 109,144 "79";
80 1 0 69,154 "80";
81 2 0 126,172 "81";
82 0 0 72,104 "82";
83 2 0 0,30 "83";
84 2 1 47,63 "84";
85 0 0 90,161 "85";
86 2 0 21,77 "86";
87 2 1 6,147 "87";
88 0 1 16,123 "88";
89 1 0 1,45 "89";
90 2 0 16,142 "90";
91 1 0 35,140 "91";
92 2 1 123,170 "92";
93 2 1 54,55 "93";
94 2 0 9,46 "94";
95 1 0 31,83 "95";
96 0 1 56,164 "96";
97 0 0 60,88 "97";
98 1 0 48,142 "98";
99 1 0 27,153 "99";
100 2 0 8,11 "100";
101 1 0 23,164 "101";
102 2 0 76,105 "102";
103 1 0 9,161 "103";
104 2 1 65,103 "104";
105 0 0 48,114 "105";
106 1 1 66,159 "106";
107 0 1 21,44 "107";
108 1 1 39,165 "108";
109 0 0 6,128 "109";
110 2 0 43,50 "110";
111 2 0 49,99 "111";
112 1 1 7,81 "112";
113 1 0 104,148 "113";
114 1 0 5,25 "114";
115 2 0 77,85 "115";
116 0 1 97,128 "116";
117 0 0 2,116 "117";
118 1 1 3,102 "118";
119 2 1 70,133 "119";
120 2 1 18,108 "120";
121 1 1 59,97 "121";
122 1 1 27,167 "122";
123 2 0 12,160 "123";
124 1 1 110,127 "124";
125 2 0 73,157 "125";
126 0 1 102,158 "126";
127 1 0 91,134 "127";
128 0 1 107,144 "128";
129 1 1 89,101 "129";
130 2 0 7,136 "130";
131 2 0 7,92 "131";
132 1 1 79,134 "132";
133 2 1 51,95 "133";
134 2 0 127,131 "134";
135 0 0 27,53 "135";
136 0 1 112,117 "136";
137 0 1 101,171 "137";
138 0 1 49,68 "138";
139 2 1 115,135 "139";
140 1 0 22,107 "140";
141 2 0 34,45 "141";
142 2 1 119,127 "142";
143 0 1 7,123 "143";
144 1 1 39,145 "144";
145 2 0 21,70 "145";
146 1 0 134,135 "146";
147 2 1 95,162 "147";
148 2 1 122,169 "148";
149 1 0 16,115 "149";
150 1 1 32,151 "150";
151 1 1 19,117 "151";
152 2 0 144,164 "152";
153 0 0 30,42 "153";
154 0 1 1,171 "154";
155 1 0 60,123 "155";
156 0 1 77,145 "156";
157 2 1 77,146 "157";
158 0 1 65,126 "158";
159 2 1 20,129 "159";
160 0 0 12,161 "160";
161 2 0 0,99 "161";
162 2 1 24,165 "162";
163 2 1 116,166 "163";
164 1 0 70,83 "164";
165 1 0 41,172 "165";
166 2 1 46,131 "166";
167 1 1 39,54 "167";
168 0 1 77,128 "168";
169 0 0 11,117 "169";
170 0 1 25,40 "170";
171 1 1 29,91 "171";
172 0 1 31,162 "172";
173 2 0 29,145 "173";
174 1 1 64,71 "174";
