parity 179;
0 0 1 143,167 "0";
1 1 1 5,112 "1";
2 0 1 59,62 "2";
3 0 0 78,116 "3";
4 1 1 116,126 "4";
5 0 1 21,31 "5";
6 2 0 119,125 "6";
7 0 1 53,66 "7";
8 1 0 0,152 "8";
9 2 1 15,74 "9";
10 0 0 19,146 "10";
11 1 0 83,109 "11";
12 0 1 56,80 "12";
13 0 1 45,94 "13";
14 1 0 50,159 "14";
15 2 1 110,173 "15";
16 2 1 93,97 "16";
17 2 1 123,155 "17";
18 0 0 115,132 "18";
19 2 0 66,94 "19";
20 1 0 38,173 "20";
21 0 1 11,31 "21";
22 1 1 21,140 "22";
23 1 1 58,132 "23";
24 0 1 127,160 "24";
25 0 0 37,153 "25";
26 1 0 28,148 "26";
27 1 0 100,126 "27";
28 0 0 83,112 "28";
29 0 0 76,111 "29";
30 1 0 41,130 "30";
31 2 0 20,68 "31";
32 0 1 39,66 "32";
33 2 1 109,122 "33";
34 1 1 2,64 "34";
35 1 0 38,57 "35";
36 2 0 165,175 "36";
37 1 0 97,168 "37";
38 1 0 10,81 "38";
39 1 0 32,114 "39";
40 0 0 43,113 "40";
41 2 1 171,179 "41";
42 2 0 162,164 "42";
43 0 1 47,58 "43";
44 0 1 83,123 "44";
45 0 1 16,91 "45";
46 1 1 19,47 "46";
47 0 1 79,167 "47";
48 0 1 73,124 "48";
49 2 0 129,158 "49";
50 1 1 15,17 "50";
51 1 0 0,23 "51";
52 2 0 91,146 "52";
53 2 0 52,150 "53";
54 1 1 0,83 "54";
55 0 1 72,170 "55";
56 2 1 4,32 "56";
57 1 1 120,176 "57";
58 0 1 90,170 "58";
59 0 1 68,126 "59";
60 2 0 41,61 "60";
61 1 0 6,121 "61";
62 0 1 0,27 "62";
63 2 1 31,142 "63";
64 2 0 25,60 "64";
65 1 1 68,88 "65";
66 2 0 34,62 "66";
67 2 1 73,74 "67";
68 0 1 26,121 "68";
69 0 1 21,29 "69";
70 0 0 72,111 "70";
71 2 1 32,147 "71";
72 2 0 70,169 "72";
73 0 1 88,100 "73";
74 0 0 36,168 "74";
75 1 1 9,178 "75";
76 0 0 99,124 "76";
77 0 1 66,136 "77";
78 1 0 32,144 "78";
79 2 1 37,130 "79";
80 0 1 81,159 "80";
81 1 1 1,171 "81";
82 1 1 34,91 "82";
83 0 0 124,176 "83";
84 1 1 52,176 "84";
85 0 0 25,153 "85";
86 0 0 90,174 "86";
87 0 1 100,178 "87";
88 2 0 101,168 "88";
89 0 1 60,83 "89";
90 2 1 46,178 "90";
91 1 0 77,132 "91";
92 0 0 24,165 "92";
93 0 0 9,44 "93";
94 1 0 33,114 "94";
95 2 1 135,169 "95";
96 0 0 23,169 "96";
97 1 0 81,168 "97";
98 0 0 124,179 "98";
99 0 1 46,145 "99";
100 0 0 94,131 "100";
101 0 1 35,156 "101";
102 2 1 41,119 "102";
103 0 0 167,169 "103";
104 0 1 5,110 "104";
105 0 1 1,136 "105";
106 1 1 85,121 "106";
107 0 1 99,110 "107";
108 1 1 27,83 "108";
109 1 0 28,35 "109";
110 2 1 70,124 "110";
111 0 1 35,51 "111";
112 1 0 59,77 "112";
113 0 0 42,151 "113";
114 1 1 70,125 "114";
115 0 1 112,138 "115";
116 0 1 8,46 "116";
117 1 1 12,122 "117";
118 1 1 159,165 "118";
119 0 0 65,171 "119";
120 1 0 22,80 "120";
121 0 1 4,76 "121";
122 1 0 159,164 "122";
123 0 0 2,89 "123";
124 1 0 37,57 "124";
125 0 0 57,114 "125";
126 1 0 113,160 "126";
127 2 1 99,121 "127";
128 0 1 104,152 "128";
129 0 1 17,83 "129";
130 2 0 28,145 "130";
131 0 1 3,15 "131";
132 0 1 19,40 "132";
133 1 0 79,110 "133";
134 0 0 60,174 "134";
135 2 0 73,159 "135";
136 0 0 74,123 "136";
137 0 0 83,157 "137";
138 0 0 87,141 "138";
139 0 0 135,163 "139";
140 2 1 76,104 "140";
141 0 1 7,19 "141";
142 1 1 10,58 "142";
143 0 0 16,71 "143";
144 2 1 22,89 "144";
145 0 1 81,144 "145";
146 2 0 27,99 "146";
147 1 1 101,141 "147";
148 0 0 140,153 "148";
149 0 0 130,132 "149";
150 1 0 120,159 "150";
151 2 0 79,168 "151";
152 2 1 124,135 "152";
153 2 1 18,34 "153";
154 2 0 168,172 "154";
155 0 0 40,132 "155";
156 1 0 11,86 "156";
157 1 1 8,146 "157";
158 1 1 86,113 "158";
159 1 1 40,81 "159";
160 0 1 45,138 "160";
161 1 0 32,170 "161";
162 1 1 12,91 "162";
163 0 1 10,24 "163";
164 1 1 67,134 "164";
165 2 0 129,160 "165";
166 0 1 5,100 "166";
167 2 0 154,177 "167";
168 1 1 13,21 "168";
169 2 0 18,36 "169";
170 2 0 35,61 "170";
171 0 0 3,27 "171";
172 0 1 37,75 "172";
173 0 0 121,167 "173";
174 0 1 36,47 "174";
175 2 1 94,103 "175";
176 0 1 11,113 "176";
177 0 1 37,103 "177";
178 2 1 71,124 "178";
179 2 1 34,64 "179";
