parity 184;
0 0 1 22,39 "0";
1 2 1 94,146 "1";
2 1 0 85,95 "2";
3 0 1 110,155 "3";
4 1 1 52,132 "4";
5 0 0 33,62 "5";
6 2 1 18,123 "6";
7 2 0 87,135 "7";
8 0 1 130,151 "8";
9 1 0 136,181 "9";
10 2 0 16,31 "10";
11 2 1 70,90 "11";
12 2 0 111,173 "12";
13 0 0 50,78 "13";
14 1 1 76,176 "14";
15 1 1 13,49 "15";
16 2 0 115,153 "16";
17 2 0 27,171 "17";
18 0 0 0,92 "18";
19 1 0 23,178 "19";
20 1 1 90,128 "20";
21 2 0 29,152 "21";
22 2 0 63,92 "22";
23 1 0 13,160 "23";
24 1 1 18,123 "24";
25 0 1 102,132 "25";
26 1 1 120,138 "26";
27 0 0 180,182 "27";
28 0 1 117,160 "28";
29 0 1 13,130 "29";
30 1 1 9,23 "30";
31 2 1 45,76 "31";
32 0 1 26,141 "32";
33 0 1 42,60 "33";
34 2 1 57,135 "34";
35 0 0 11,148 "35";
36 2 0 2,19 "36";
37 1 0 84,91 "37";
38 1 1 125,138 "38";
39 1 0 11,37 "39";
40 1 1 1,133 "40";
41 2 1 16,34 "41";
42 0 0 31,110 "42";
43 2 1 38,173 "43";
44 2 1 36,184 "44";
45 0 1 23,85 "45";
46 2 0 148,167 "46";
47 2 1 34,133 "47";
48 1 1 121,184 "48";
49 1 0 47,55 "49";
50 2 0 73,126 "50";
51 2 1 31,138 "51";
52 1 0 78,139 "52";
53 1 0 57,96 "53";
54 2 1 23,50 "54";
55 0 0 109,135 "55";
56 0 1 148,165 "56";
57 0 1 117,164 "57";
58 2 1 50,67 "58";
59 1 0 31,39 "59";
60 1 1 134,140 "60";
61 1 0 85,125 "61";
62 0 0 13,75 "62";
63 1 0 10,84 "63";
64 1 0 122,131 "64";
65 2 0 38,89 "65";
66 2 1 120,122 "66";
67 2 1 150,171 "67";
68 0 0 55,177 "68";
69 2 0 53,134 "69";
70 2 0 39,148 "70";
71 1 0 41,178 "71";
72 0 0 20,157 "72";
73 0 1 23,123 "73";
74 1 0 65,165 "74";
75 1 1 15,54 "75";
76 2 0 113,119 "76";
77 1 0 40,102 "77";
78 1 1 0,31 "78";
79 2 0 15,103 "79";
80 0 1 27,114 "80";
81 0 1 54,117 "81";
82 2 0 83,112 "82";
83 1 1 114,122 "83";
84 2 1 30,165 "84";
85 2 1 45,162 "85";
86 2 0 78,144 "86";
87 1 1 44,127 "87";
88 0 1 12,124 "88";
89 1 0 114,167 "89";
90 0 0 57,158 "90";
91 0 1 99,153 "91";
92 1 0 7,134 "92";
93 1 1 69,116 "93";
94 1 1 133,145 "94";
95 1 1 12,105 "95";
96 0 0 29,81 "96";
97 2 1 56,58 "97";
98 1 0 111,115 "98";
99 0 0 8,40 "99";
100 0 0 7,137 "100";
101 0 1 39,52 "101";
102 0 1 114,182 "102";
103 0 1 67,68 "103";
104 2 1 41,139 "104";
105 0 1 50,142 "105";
106 2 1 19,180 "106";
107 0 0 81,133 "107";
108 1 1 52,172 "108";
109 0 0 59,89 "109";
110 2 1 24,45 "110";
111 0 1 92,109 "111";
112 0 1 27,35 "112";
113 2 0 41,142 "113";
114 0 0 45,121 "114";
115 2 1 53,131 "115";
116 1 0 88,95 "116";
117 2 0 6,125 "117";
118 0 1 9,38 "118";
119 2 1 28,57 "119";
120 1 0 87,105 "120";
121 2 0 32,78 "121";
122 0 0 59,104 "122";
123 1 1 36,76 "123";
124 2 0 28,168 "124";
125 0 0 131,177 "125";
126 2 0 95,108 "126";
127 1 1 5,31 "127";
128 2 1 109,170 "128";
129 0 0 96,113 "129";
130 0 0 49,74 "130";
131 2 1 113,159 "131";
132 1 0 1,19 "132";
133 2 0 39,90 "133";
134 1 0 21,182 "134";
135 1 1 2,125 "135";
136 0 0 103,117 "136";
137 0 0 80,132 "137";
138 2 1 23,29 "138";
139 1 0 113,150 "139";
140 0 1 22,173 "140";
141 1 0 106,138 "141";
142 0 1 46,110 "142";
143 1 0 54,145 "143";
144 1 0 115,181 "144";
145 1 1 13,131 "145";
146 0 0 25,178 "146";
147 0 1 26,162 "147";
148 2 0 28,58 "148";
149 0 0 139,174 "149";
150 1 1 142,180 "150";
151 0 1 114,119 "151";
152 1 0 124,131 "152";
153 0 1 85,109 "153";
154 2 0 0,51 "154";
155 2 1 116,170 "155";
156 1 1 8,72 "156";
157 0 1 38,140 "157";
158 1 1 24,151 "158";
159 0 1 34,45 "159";
160 0 1 127,140 "160";
161 2 0 16,76 "161";
162 2 1 68,96 "162";
163 2 0 23,48 "163";
164 0 1 101,110 "164";
165 0 1 8,85 "165";
166 2 1 112,148 "166";
167 0 1 71,87 "167";
168 1 1 55,114 "168";
169 0 0 12,53 "169";
170 2 0 67,146 "170";
171 1 1 11,27 "171";
172 0 1 101,160 "172";
173 2 1 139,178 "173";
174 2 1 48,103 "174";
175 2 0 121,179 "175";
176 2 0 47,152 "176";
177 2 1 18,124 "177";
178 0 1 103,125 "178";
179 0 0 74,107 "179";
180 2 0 50,163 "180";
181 2 1 18,108 "181";
182 0 0 135,144 "182";
183 0 0 70,182 "183";
184 1 1 59,182 "184";
