parity 119;
0 1 1 4,14 "0";
1 1 1 18,27 "1";
2 2 1 18,38 "2";
3 0 0 37,109 "3";
4 1 0 35,100 "4";
5 0 1 30,42 "5";
6 0 0 56,114 "6";
7 1 0 87,91 "7";
8 1 1 30,112 "8";
9 0 0 43,100 "9";
10 0 1 17,91 "10";
11 1 1 35,94 "11";
12 1 0 20,48 "12";
13 1 0 4,28 "13";
14 0 1 29,64 "14";
15 2 0 81,96 "15";
16 0 0 43,58 "16";
17 0 0 27,33 "17";
18 0 1 20,79 "18";
19 0 1 16,57 "19";
20 1 0 105,111 "20";
21 2 1 66,119 "21";
22 1 1 12,78 "22";
23 0 1 48,98 "23";
24 2 1 55,85 "24";
25 1 0 34,48 "25";
26 1 0 46,75 "26";
27 1 1 58,106 "27";
28 0 0 26,45 "28";
29 0 0 34,119 "29";
30 1 0 95,113 "30";
31 1 0 21,67 "31";
32 1 0 80,114 "32";
33 2 0 65,83 "33";
34 2 0 74,103 "34";
35 2 0 56,118 "35";
36 2 1 22,54 "36";
37 1 1 18,21 "37";
38 2 1 12,19 "38";
39 2 0 0,7 "39";
40 0 1 13,102 "40";
41 1 0 49,55 "41";
42 2 0 76,83 "42";
43 1 0 12,65 "43";
44 0 0 72,80 "44";
45 2 0 74,99 "45";
46 2 0 13,52 "46";
47 0 1 76,119 "47";
48 0 0 70,103 "48";
49 0 1 6,85 "49";
50 2 0 80,114 "50";
51 1 0 35,81 "51";
52 1 1 17,102 "52";
53 0 1 75,89 "53";
54 0 1 82,115 "54";
55 1 1 85,111 "55";
56 2 1 29,69 "56";
57 1 1 48,62 "57";
58 0 1 50,94 "58";
59 0 0 73,95 "59";
60 0 0 79,84 "60";
61 0 0 73,80 "61";
62 0 1 13,110 "62";
63 1 1 10,43 "63";
64 2 1 8,16 "64";
65 1 1 17,59 "65";
66 0 1 8,51 "66";
67 2 1 29,32 "67";
68 1 1 63,110 "68";
69 0 1 105,109 "69";
70 0 0 62,89 "70";
71 1 0 21,99 "71";
72 0 0 49,82 "72";
73 2 0 23,90 "73";
74 1 0 23,33 "74";
75 1 1 0,117 "75";
76 2 0 4,118 "76";
77 1 0 41,74 "77";
78 0 1 80,82 "78";
79 0 0 35,75 "79";
80 2 1 9,39 "80";
81 2 1 15,89 "81";
82 0 0 2,99 "82";
83 0 1 3,29 "83";
84 2 0 105,117 "84";
85 1 1 7,110 "85";
86 1 0 9,36 "86";
87 2 1 19,36 "87";
88 0 1 47,76 "88";
89 1 0 39,110 "89";
90 2 0 8,35 "90";
91 0 1 1,19 "91";
92 1 0 24,98 "92";
93 1 1 14,36 "93";
94 1 0 10,53 "94";
95 0 0 25,41 "95";
96 2 1 0,15 "96";
97 2 0 36,94 "97";
98 2 1 8,46 "98";
99 2 1 21,114 "99";
100 1 0 2,9 "100";
101 2 1 76,87 "101";
102 1 1 34,107 "102";
103 1 0 73,119 "103";
104 2 0 24,48 "104";
105 0 0 73,115 "105";
106 1 0 16,36 "106";
107 2 1 73,87 "107";
108 2 0 25,75 "108";
109 2 0 25,45 "109";
110 2 1 43,67 "110";
111 1 1 4,119 "111";
112 2 0 31,93 "112";
113 1 1 72,110 "113";
114 0 1 31,85 "114";
115 1 0 51,119 "115";
116 2 1 11,22 "116";
117 0 1 41,53 "117";
118 1 1 115,119 "118";
119 1 1 58,98 "119";
