parity 184;
0 0 1 112,140 "0";
1 0 0 9,125 "1";
2 1 1 57,176 "2";
3 2 0 79,163 "3";
4 2 1 37,147 "4";
5 0 1 58,99 "5";
6 1 1 112,136 "6";
7 0 0 104,145 "7";
8 1 0 1,88 "8";
9 2 0 33,143 "9";
10 0 1 62,109 "10";
11 1 0 56,116 "11";
12 1 1 106,121 "12";
13 0 0 79,85 "13";
14 1 1 44,90 "14";
15 2 1 73,167 "15";
16 0 1 111,182 "16";
17 0 1 6,139 "17";
18 0 0 26,55 "18";
19 1 0 85,109 "19";
20 0 1 15,184 "20";
21 0 0 154,181 "21";
22 0 1 42,156 "22";
23 2 0 68,137 "23";
24 0 0 10,180 "24";
25 0 0 30,147 "25";
26 2 0 60,125 "26";
27 2 1 119,152 "27";
28 1 0 19,41 "28";
29 1 0 151,156 "29";
30 1 1 80,90 "30";
31 1 0 23,166 "31";
32 2 0 57,183 "32";
33 0 1 9,40 "33";
34 0 1 71,156 "34";
35 0 1 161,176 "35";
36 0 1 108,181 "36";
37 1 0 41,79 "37";
38 0 0 8,87 "38";
39 2 0 79,112 "39";
40 0 0 42,81 "40";
41 2 1 12,72 "41";
42 1 0 131,184 "42";
43 0 1 51,139 "43";
44 0 0 109,160 "44";
45 0 1 50,173 "45";
46 1 0 119,153 "46";
47 0 1 8,36 "47";
48 2 0 39,80 "48";
49 1 1 136,166 "49";
50 1 0 60,87 "50";
51 0 0 29,101 "51";
52 1 0 72,102 "52";
53 2 0 44,70 "53";
54 1 1 32,146 "54";
55 2 1 90,184 "55";
56 2 0 85,172 "56";
57 1 1 34,127 "57";
58 1 1 80,89 "58";
59 2 0 170,181 "59";
60 2 1 32,98 "60";
61 2 1 67,148 "61";
62 0 0 79,177 "62";
63 2 0 105,122 "63";
64 1 0 118,133 "64";
65 1 1 28,145 "65";
66 0 1 122,162 "66";
67 0 0 53,86 "67";
68 1 1 7,176 "68";
69 2 0 79,109 "69";
70 2 1 104,121 "70";
71 1 1 119,155 "71";
72 2 1 2,92 "72";
73 0 0 47,140 "73";
74 2 0 85,113 "74";
75 1 1 55,97 "75";
76 0 0 5,27 "76";
77 1 1 29,155 "77";
78 1 0 0,23 "78";
79 1 0 38,45 "79";
80 0 0 25,164 "80";
81 2 1 77,175 "81";
82 2 0 2,130 "82";
83 2 1 31,144 "83";
84 1 0 86,140 "84";
85 2 1 49,157 "85";
86 1 0 41,144 "86";
87 1 1 46,79 "87";
88 1 1 10,162 "88";
89 1 1 97,166 "89";
90 2 1 2,84 "90";
91 2 1 28,79 "91";
92 1 0 119,184 "92";
93 2 1 36,112 "93";
94 2 1 41,127 "94";
95 0 0 8,115 "95";
96 1 1 118,159 "96";
97 2 1 37,53 "97";
98 0 1 77,114 "98";
99 0 1 10,76 "99";
100 1 0 24,170 "100";
101 2 1 10,126 "101";
102 2 0 2,109 "102";
103 1 1 49,69 "103";
104 2 1 39,57 "104";
105 0 0 111,115 "105";
106 1 1 138,139 "106";
107 2 1 3,59 "107";
108 2 0 17,146 "108";
109 0 1 63,147 "109";
110 1 1 32,133 "110";
111 1 0 3,96 "111";
112 1 0 119,149 "112";
113 1 1 67,115 "113";
114 1 1 66,167 "114";
115 0 1 3,103 "115";
116 1 1 7,147 "116";
117 0 1 58,142 "117";
118 1 0 55,150 "118";
119 2 0 46,75 "119";
120 2 1 121,129 "120";
121 0 0 13,14 "121";
122 0 1 47,166 "122";
123 1 1 22,38 "123";
124 2 0 32,114 "124";
125 2 0 119,176 "125";
126 2 0 101,132 "126";
127 2 0 37,42 "127";
128 0 0 17,67 "128";
129 1 0 154,156 "129";
130 2 0 66,184 "130";
131 2 0 125,153 "131";
132 2 1 10,145 "132";
133 2 0 22,70 "133";
134 0 1 39,180 "134";
135 1 0 2,132 "135";
136 2 1 40,175 "136";
137 1 0 43,70 "137";
138 1 1 47,133 "138";
139 0 0 14,145 "139";
140 2 1 28,110 "140";
141 0 0 76,124 "141";
142 2 0 166,169 "142";
143 2 1 3,74 "143";
144 0 0 121,156 "144";
145 2 0 53,184 "145";
146 2 0 86,175 "146";
147 0 1 78,177 "147";
148 2 1 43,116 "148";
149 2 0 114,184 "149";
150 1 1 69,136 "150";
151 1 0 28,82 "151";
152 2 1 157,164 "152";
153 0 1 59,123 "153";
154 2 0 105,109 "154";
155 1 0 73,148 "155";
156 1 1 130,153 "156";
157 2 1 18,97 "157";
158 1 1 27,43 "158";
159 0 1 164,176 "159";
160 2 1 130,168 "160";
161 0 1 25,30 "161";
162 2 1 109,113 "162";
163 2 0 66,76 "163";
164 0 1 101,166 "164";
165 0 0 88,97 "165";
166 1 1 156,180 "166";
167 2 1 38,157 "167";
168 2 0 43,128 "168";
169 2 1 16,94 "169";
170 2 0 13,155 "170";
171 0 1 6,142 "171";
172 0 0 4,83 "172";
173 2 1 147,184 "173";
174 0 1 65,119 "174";
175 1 0 153,182 "175";
176 0 1 163,181 "176";
177 2 0 60,163 "177";
178 0 0 104,173 "178";
179 0 1 5,98 "179";
180 0 0 37,173 "180";
181 2 1 0,4 "181";
182 1 0 76,138 "182";
183 2 1 21,65 "183";
184 1 1 6,16 "184";
