parity 129;
0 1 1 1,103 "0";
1 1 0 53,97 "1";
2 2 1 10,108 "2";
3 1 0 37,127 "3";
4 0 0 49,66 "4";
5 0 0 39,107 "5";
6 2 1 10,72 "6";
7 0 1 12,113 "7";
8 1 0 19,36 "8";
9 1 1 94,118 "9";
10 1 0 29,32 "10";
11 0 0 39,117 "11";
12 0 0 55,106 "12";
13 2 0 84,119 "13";
14 0 0 16,96 "14";
15 0 0 30,106 "15";
16 2 0 5,106 "16";
17 0 1 36,59 "17";
18 0 1 22,39 "18";
19 1 1 118,123 "19";
20 2 0 83,85 "20";
21 0 1 6,15 "21";
22 1 1 14,70 "22";
23 0 1 7,12 "23";
24 2 1 10,115 "24";
25 1 1 1,9 "25";
26 0 0 91,114 "26";
27 1 0 19,64 "27";
28 2 1 82,127 "28";
29 1 0 45,67 "29";
30 0 1 33,104 "30";
31 1 0 79,85 "31";
32 0 1 44,98 "32";
33 1 0 12,78 "33";
34 2 0 33,94 "34";
35 0 1 76,85 "35";
36 0 1 8,42 "36";
37 2 1 63,115 "37";
38 0 0 63,113 "38";
39 1 1 9,12 "39";
40 2 0 34,79 "40";
41 1 0 57,59 "41";
42 2 0 7,93 "42";
43 1 1 82,86 "43";
44 2 0 60,118 "44";
45 0 1 81,105 "45";
46 1 0 110,113 "46";
47 2 0 97,126 "47";
48 0 0 35,71 "48";
49 2 1 18,78 "49";
50 0 0 82,127 "50";
51 2 1 29,61 "51";
52 0 1 5,41 "52";
53 2 0 52,89 "53";
54 2 0 22,118 "54";
55 0 0 7,12 "55";
56 1 0 51,58 "56";
57 1 1 27,41 "57";
58 1 0 50,103 "58";
59 0 1 67,123 "59";
60 1 1 40,115 "60";
61 2 1 8,77 "61";
62 2 1 78,82 "62";
63 1 1 9,69 "63";
64 0 1 9,21 "64";
65 0 1 54,77 "65";
66 0 0 25,122 "66";
67 0 0 3,70 "67";
68 0 1 118,128 "68";
69 0 1 58,112 "69";
70 0 0 7,14 "70";
71 2 1 104,117 "71";
72 0 1 1,34 "72";
73 2 0 20,96 "73";
74 1 0 65,90 "74";
75 0 1 67,101 "75";
76 1 0 61,108 "76";
77 2 1 14,97 "77";
78 0 1 4,86 "78";
79 2 1 51,85 "79";
80 2 0 43,71 "80";
81 0 1 100,114 "81";
82 1 0 94,97 "82";
83 2 0 47,98 "83";
84 1 0 105,111 "84";
85 0 1 46,118 "85";
86 0 1 102,112 "86";
87 0 0 32,59 "87";
88 0 0 29,63 "88";
89 2 0 61,102 "89";
90 0 1 11,65 "90";
91 1 0 20,118 "91";
92 0 1 74,86 "92";
93 0 0 23,129 "93";
94 2 0 67,77 "94";
95 1 0 6,38 "95";
96 0 1 58,129 "96";
97 2 1 2,129 "97";
98 1 1 22,108 "98";
99 1 1 58,62 "99";
100 1 0 28,40 "100";
101 2 0 20,71 "101";
102 1 1 46,100 "102";
103 1 1 52,85 "103";
104 0 0 45,65 "104";
105 1 1 6,76 "105";
106 2 1 37,66 "106";
107 0 1 8,20 "107";
108 2 1 69,102 "108";
109 0 1 30,66 "109";
110 1 0 77,127 "110";
111 2 0 115,126 "111";
112 2 1 107,126 "112";
113 2 0 54,69 "113";
114 0 0 25,127 "114";
115 2 0 91,111 "115";
116 1 0 13,84 "116";
117 1 1 27,62 "117";
118 0 0 15,60 "118";
119 2 1 23,42 "119";
120 1 0 27,36 "120";
121 1 0 61,89 "121";
122 0 1 106,129 "122";
123 2 0 6,92 "123";
124 0 1 32,114 "124";
125 1 1 40,49 "125";
126 2 1 17,80 "126";
127 0 0 16,77 "127";
128 0 0 13,40 "128";
129 0 0 35,107 "129";
