parity 124;
0 1 0 70,88 "0";
1 2 0 33,41 "1";
2 0 0 8,97 "2";
3 1 1 2,24 "3";
4 2 0 0,12 "4";
5 0 1 26,108 "5";
6 2 0 43,46 "6";
7 2 1 23,81 "7";
8 2 0 25,32 "8";
9 1 0 63,118 "9";
10 0 0 84,85 "10";
11 1 1 28,56 "11";
12 2 0 0,85 "12";
13 2 0 52,104 "13";
14 1 0 47,51 "14";
15 0 0 59,64 "15";
16 2 1 26,68 "16";
17 0 1 30,91 "17";
18 0 0 23,50 "18";
19 1 1 9,33 "19";
20 0 1 43,69 "20";
21 0 1 102,108 "21";
22 2 1 23,81 "22";
23 2 0 9,75 "23";
24 0 1 60,113 "24";
25 1 0 38,46 "25";
26 1 1 6,75 "26";
27 2 1 9,40 "27";
28 1 1 20,53 "28";
29 0 1 96,118 "29";
30 0 1 81,117 "30";
31 2 0 47,116 "31";
32 2 0 52,66 "32";
33 1 0 60,79 "33";
34 2 0 29,88 "34";
35 0 0 3,54 "35";
36 0 1 29,102 "36";
37 0 0 58,82 "37";
38 1 0 33,45 "38";
39 1 1 71,102 "39";
40 2 0 18,84 "40";
41 1 1 34,85 "41";
42 2 1 37,108 "42";
43 0 0 30,110 "43";
44 1 1 56,122 "44";
45 1 1 6,84 "45";
46 1 0 8,96 "46";
47 0 1 23,41 "47";
48 0 1 62,79 "48";
49 1 1 64,80 "49";
50 2 0 86,93 "50";
51 2 0 61,88 "51";
52 1 0 47,53 "52";
53 0 0 23,92 "53";
54 1 0 6,91 "54";
55 2 1 7,77 "55";
56 0 1 24,59 "56";
57 1 1 58,86 "57";
58 2 1 10,72 "58";
59 2 0 2,5 "59";
60 0 0 71,114 "60";
61 2 0 52,121 "61";
62 2 1 16,86 "62";
63 0 1 12,79 "63";
64 1 1 106,118 "64";
65 0 1 8,100 "65";
66 0 1 106,120 "66";
67 1 0 13,109 "67";
68 1 0 33,90 "68";
69 1 1 24,72 "69";
70 2 0 49,111 "70";
71 0 0 40,48 "71";
72 2 1 7,83 "72";
73 0 1 3,29 "73";
74 2 1 30,61 "74";
75 2 1 23,124 "75";
76 1 1 57,102 "76";
77 0 0 106,112 "77";
78 1 1 95,99 "78";
79 1 0 36,53 "79";
80 0 1 14,73 "80";
81 2 1 19,110 "81";
82 0 1 24,111 "82";
83 1 1 77,115 "83";
84 2 0 59,87 "84";
85 1 1 47,114 "85";
86 0 1 70,97 "86";
87 1 0 36,57 "87";
88 1 0 46,93 "88";
89 1 1 42,45 "89";
90 2 0 55,98 "90";
91 2 1 61,95 "91";
92 0 0 15,32 "92";
93 0 1 59,81 "93";
94 0 1 0,4 "94";
95 0 1 4,104 "95";
96 1 1 85,112 "96";
97 1 1 65,92 "97";
98 0 0 27,123 "98";
99 2 0 6,112 "99";
100 1 0 47,94 "100";
101 1 1 112,119 "101";
102 1 1 48,114 "102";
103 2 0 66,93 "103";
104 2 1 0,79 "104";
105 1 0 88,90 "105";
106 1 1 75,98 "106";
107 1 1 73,103 "107";
108 2 0 54,117 "108";
109 0 0 43,80 "109";
110 1 0 62,112 "110";
111 0 0 87,96 "111";
112 1 1 69,108 "112";
113 1 0 110,121 "113";
114 0 1 7,59 "114";
115 1 1 51,82 "115";
116 0 0 28,29 "116";
117 0 0 21,60 "117";
118 1 1 17,73 "118";
119 0 0 10,116 "119";
120 2 1 46,110 "120";
121 2 1 2,123 "121";
122 0 0 83,93 "122";
123 0 1 1,89 "123";
124 2 1 19,49 "124";
