parity 119;
0 0 0 20,61 "0";
1 2 0 24,81 "1";
2 2 1 62,65 "2";
3 0 1 25,70 "3";
4 1 1 70,106 "4";
5 0 0 12,29 "5";
6 2 0 32,107 "6";
7 2 1 29,98 "7";
8 1 0 19,63 "8";
9 2 0 47,57 "9";
10 0 0 4,56 "10";
11 1 1 33,39 "11";
12 0 1 20,70 "12";
13 2 1 40,102 "13";
14 0 1 88,89 "14";
15 0 1 8,50 "15";
16 0 0 71,85 "16";
17 0 0 65,70 "17";
18 1 1 8,49 "18";
19 1 1 0,40 "19";
20 1 1 17,95 "20";
21 0 0 53,87 "21";
22 2 0 103,105 "22";
23 1 1 1,17 "23";
24 1 0 48,67 "24";
25 2 1 7,46 "25";
26 1 0 78,105 "26";
27 1 0 53,59 "27";
28 0 0 6,57 "28";
29 0 1 51,56 "29";
30 2 0 68,107 "30";
31 0 0 62,87 "31";
32 2 1 1,14 "32";
33 2 0 44,56 "33";
34 0 0 22,78 "34";
35 0 0 63,105 "35";
36 1 0 46,116 "36";
37 1 1 18,72 "37";
38 1 1 54,103 "38";
39 0 1 63,113 "39";
40 1 1 2,9 "40";
41 1 1 11,112 "41";
42 1 0 51,110 "42";
43 0 1 31,33 "43";
44 1 1 28,45 "44";
45 2 1 16,88 "45";
46 1 0 19,107 "46";
47 2 1 71,110 "47";
48 0 1 4,70 "48";
49 0 0 22,89 "49";
50 2 1 16,37 "50";
51 1 1 26,85 "51";
52 1 0 32,69 "52";
53 1 0 61,76 "53";
54 0 1 102,108 "54";
55 0 0 50,58 "55";
56 0 1 12,104 "56";
57 2 0 71,109 "57";
58 1 1 20,59 "58";
59 0 1 79,94 "59";
60 2 1 76,101 "60";
61 0 1 0,96 "61";
62 0 1 4,41 "62";
63 0 0 21,44 "63";
64 0 1 83,110 "64";
65 0 1 39,77 "65";
66 1 1 31,92 "66";
67 0 1 9,106 "67";
68 2 0 64,78 "68";
69 2 0 64,104 "69";
70 1 1 45,69 "70";
71 1 0 6,118 "71";
72 2 0 22,67 "72";
73 2 1 49,74 "73";
74 2 0 79,89 "74";
75 1 1 28,30 "75";
76 0 1 2,32 "76";
77 2 1 39,59 "77";
78 0 1 10,11 "78";
79 0 1 30,78 "79";
80 2 1 62,64 "80";
81 0 1 100,102 "81";
82 2 0 31,87 "82";
83 2 1 6,32 "83";
84 0 1 61,77 "84";
85 2 0 48,50 "85";
86 1 1 40,95 "86";
87 2 0 86,106 "87";
88 1 0 8,11 "88";
89 2 1 41,104 "89";
90 2 0 60,110 "90";
91 0 1 35,115 "91";
92 1 0 23,67 "92";
93 2 0 42,119 "93";
94 1 1 18,73 "94";
95 1 0 47,119 "95";
96 2 0 73,112 "96";
97 2 0 10,63 "97";
98 2 1 21,55 "98";
99 1 1 52,92 "99";
100 2 1 52,115 "100";
101 1 1 47,111 "101";
102 0 1 29,71 "102";
103 2 0 85,114 "103";
104 1 0 20,88 "104";
105 1 1 22,111 "105";
106 0 1 37,100 "106";
107 1 1 39,59 "107";
108 0 0 14,42 "108";
109 1 0 50,71 "109";
110 2 1 16,24 "110";
111 0 0 19,73 "111";
112 2 0 30,59 "112";
113 1 0 10,116 "113";
114 1 1 98,102 "114";
115 2 0 64,91 "115";
116 0 0 7,110 "116";
117 1 0 55,58 "117";
118 0 1 31,100 "118";
119 2 0 39,82 "119";
