parity 159;
0 2 0 56,138 "0";
1 0 0 91,154 "1";
2 0 0 58,104 "2";
3 0 1 65,117 "3";
4 1 0 35,141 "4";
5 1 1 96,140 "5";
6 2 0 59,104 "6";
7 1 0 27,53 "7";
8 0 0 67,150 "8";
9 0 0 83,90 "9";
10 0 1 44,62 "10";
11 0 1 29,118 "11";
12 2 0 49,142 "12";
13 0 1 6,85 "13";
14 0 1 12,55 "14";
15 2 0 53,72 "15";
16 2 1 3,140 "16";
17 1 0 19,36 "17";
18 1 0 48,94 "18";
19 0 1 45,74 "19";
20 2 1 86,96 "20";
21 0 1 58,114 "21";
22 1 1 63,69 "22";
23 1 0 42,108 "23";
24 2 0 29,125 "24";
25 0 1 83,99 "25";
26 2 0 43,157 "26";
27 0 1 38,130 "27";
28 2 1 45,151 "28";
29 1 0 89,131 "29";
30 2 0 49,112 "30";
31 1 0 4,19 "31";
32 1 0 151,156 "32";
33 1 0 75,145 "33";
34 1 0 98,131 "34";
35 0 0 7,44 "35";
36 1 1 135,157 "36";
37 1 0 1,77 "37";
38 1 1 77,137 "38";
39 2 0 49,120 "39";
40 2 1 7,48 "40";
41 2 0 56,63 "41";
42 1 1 17,102 "42";
43 1 1 72,122 "43";
44 2 1 9,55 "44";
45 2 0 91,147 "45";
46 0 1 89,104 "46";
47 1 0 6,97 "47";
48 0 0 118,126 "48";
49 1 0 62,99 "49";
50 0 1 13,55 "50";
51 0 0 13,46 "51";
52 0 0 17,107 "52";
53 0 1 26,145 "53";
54 0 1 11,138 "54";
55 0 0 71,92 "55";
56 1 1 40,90 "56";
57 1 0 102,158 "57";
58 0 1 23,36 "58";
59 0 1 128,152 "59";
60 2 0 23,57 "60";
61 2 1 76,105 "61";
62 2 0 43,83 "62";
63 2 1 21,105 "63";
64 0 0 20,157 "64";
65 0 1 34,107 "65";
66 2 0 41,69 "66";
67 1 0 19,64 "67";
68 2 1 82,146 "68";
69 2 0 140,152 "69";
70 1 1 96,157 "70";
71 1 1 38,43 "71";
72 1 0 33,120 "72";
73 0 1 11,102 "73";
74 2 1 112,134 "74";
75 0 0 69,109 "75";
76 1 0 50,77 "76";
77 0 0 25,85 "77";
78 2 0 81,98 "78";
79 1 1 86,105 "79";
80 0 0 30,52 "80";
81 2 0 6,85 "81";
82 1 1 37,62 "82";
83 0 1 27,93 "83";
84 0 1 129,154 "84";
85 1 0 7,12 "85";
86 0 1 115,139 "86";
87 1 0 49,135 "87";
88 2 1 68,110 "88";
89 0 1 68,72 "89";
90 0 1 7,99 "90";
91 1 1 62,112 "91";
92 0 1 12,69 "92";
93 2 0 71,112 "93";
94 2 1 98,149 "94";
95 2 0 8,146 "95";
96 0 1 9,15 "96";
97 0 1 72,90 "97";
98 0 0 93,131 "98";
99 2 1 66,88 "99";
100 0 0 10,151 "100";
101 2 1 0,107 "101";
102 1 1 19,75 "102";
103 2 0 37,142 "103";
104 0 1 29,49 "104";
105 0 0 18,56 "105";
106 2 0 21,137 "106";
107 2 0 14,89 "107";
108 0 0 112,132 "108";
109 0 0 131,146 "109";
110 2 0 24,137 "110";
111 1 1 135,156 "111";
112 2 0 34,75 "112";
113 0 1 55,108 "113";
114 2 1 60,111 "114";
115 0 1 122,127 "115";
116 0 1 27,50 "116";
117 0 0 19,80 "117";
118 2 0 130,156 "118";
119 1 1 60,99 "119";
120 1 0 30,121 "120";
121 0 1 17,103 "121";
122 0 0 25,56 "122";
123 1 1 93,121 "123";
124 1 1 113,134 "124";
125 1 1 91,107 "125";
126 1 1 30,41 "126";
127 2 1 151,154 "127";
128 1 1 126,136 "128";
129 2 1 42,117 "129";
130 2 1 121,157 "130";
131 0 0 56,122 "131";
132 0 1 42,91 "132";
133 0 0 19,149 "133";
134 2 1 9,86 "134";
135 2 1 16,132 "135";
136 2 0 51,79 "136";
137 0 0 86,132 "137";
138 2 1 30,35 "138";
139 1 0 54,72 "139";
140 1 0 18,151 "140";
141 1 1 94,143 "141";
142 0 1 38,42 "142";
143 0 1 63,93 "143";
144 2 0 47,157 "144";
145 0 0 63,101 "145";
146 0 0 140,145 "146";
147 1 0 34,143 "147";
148 2 1 72,94 "148";
149 0 0 74,150 "149";
150 1 1 118,148 "150";
151 0 1 91,119 "151";
152 0 1 80,97 "152";
153 1 1 25,123 "153";
154 1 1 104,119 "154";
155 2 0 125,146 "155";
156 0 0 37,53 "156";
157 0 1 15,101 "157";
158 0 0 57,131 "158";
159 2 0 142,157 "159";
