parity 169;
0 0 0 56,146 "0";
1 2 0 92,104 "1";
2 2 0 96,116 "2";
3 1 1 24,165 "3";
4 2 1 39,152 "4";
5 2 0 43,50 "5";
6 0 0 82,125 "6";
7 0 0 0,164 "7";
8 1 1 28,125 "8";
9 0 0 66,74 "9";
10 1 1 63,130 "10";
11 0 0 123,149 "11";
12 0 1 4,102 "12";
13 0 0 26,164 "13";
14 1 0 55,90 "14";
15 1 1 8,153 "15";
16 1 0 75,114 "16";
17 2 0 39,63 "17";
18 2 0 2,102 "18";
19 0 0 22,98 "19";
20 2 0 7,98 "20";
21 0 0 71,166 "21";
22 1 0 84,134 "22";
23 2 1 1,167 "23";
24 2 0 28,109 "24";
25 1 1 9,152 "25";
26 2 1 60,96 "26";
27 2 0 109,141 "27";
28 2 0 4,123 "28";
29 1 1 12,35 "29";
30 0 1 14,66 "30";
31 1 0 7,43 "31";
32 1 0 26,67 "32";
33 2 0 5,105 "33";
34 1 0 5,84 "34";
35 1 1 142,145 "35";
36 0 1 145,166 "36";
37 0 0 74,103 "37";
38 0 1 135,165 "38";
39 2 1 49,64 "39";
40 2 0 116,120 "40";
41 2 0 21,38 "41";
42 0 0 17,128 "42";
43 1 1 34,140 "43";
44 2 0 34,37 "44";
45 0 0 54,134 "45";
46 0 0 94,152 "46";
47 1 0 17,169 "47";
48 2 1 142,165 "48";
49 0 1 105,141 "49";
50 1 1 99,123 "50";
51 2 1 15,94 "51";
52 1 1 19,34 "52";
53 2 1 121,164 "53";
54 0 0 37,113 "54";
55 1 0 3,6 "55";
56 0 0 70,112 "56";
57 2 1 122,127 "57";
58 1 1 39,156 "58";
59 2 1 47,95 "59";
60 1 0 35,143 "60";
61 1 0 37,149 "61";
62 1 1 85,121 "62";
63 2 0 81,142 "63";
64 1 1 104,161 "64";
65 1 1 95,105 "65";
66 0 1 2,146 "66";
67 1 1 90,106 "67";
68 0 1 67,74 "68";
69 1 1 62,117 "69";
70 2 0 28,45 "70";
71 1 0 77,122 "71";
72 1 0 39,68 "72";
73 0 0 20,109 "73";
74 1 0 56,85 "74";
75 2 1 42,101 "75";
76 2 1 139,149 "76";
77 2 1 20,33 "77";
78 1 0 129,158 "78";
79 2 1 11,154 "79";
80 1 0 59,120 "80";
81 1 0 55,129 "81";
82 0 0 113,161 "82";
83 0 0 121,165 "83";
84 1 0 57,150 "84";
85 0 1 3,118 "85";
86 1 1 37,42 "86";
87 0 0 105,131 "87";
88 1 0 60,146 "88";
89 0 1 109,129 "89";
90 1 1 4,148 "90";
91 2 1 2,16 "91";
92 0 1 0,94 "92";
93 0 1 31,34 "93";
94 0 0 55,64 "94";
95 1 0 43,168 "95";
96 0 1 59,151 "96";
97 0 1 52,68 "97";
98 2 0 33,159 "98";
99 0 1 9,106 "99";
100 2 0 65,109 "100";
101 2 0 2,58 "101";
102 0 0 61,121 "102";
103 1 1 3,28 "103";
104 2 0 60,65 "104";
105 0 1 83,96 "105";
106 0 1 22,110 "106";
107 1 1 55,144 "107";
108 0 0 3,103 "108";
109 2 1 16,102 "109";
110 2 1 9,70 "110";
111 2 1 22,72 "111";
112 1 0 127,130 "112";
113 0 0 59,118 "113";
114 2 0 41,73 "114";
115 0 0 102,167 "115";
116 0 0 104,163 "116";
117 2 1 115,159 "117";
118 2 1 33,101 "118";
119 0 0 62,168 "119";
120 1 0 24,160 "120";
121 1 0 107,118 "121";
122 2 1 15,136 "122";
123 1 1 117,145 "123";
124 1 0 36,86 "124";
125 2 0 18,104 "125";
126 0 0 6,92 "126";
127 0 1 43,159 "127";
128 2 0 81,123 "128";
129 2 0 11,132 "129";
130 2 1 34,127 "130";
131 1 1 42,99 "131";
132 2 1 8,50 "132";
133 1 0 102,164 "133";
134 0 0 7,164 "134";
135 2 1 47,113 "135";
136 0 0 143,167 "136";
137 1 0 123,126 "137";
138 0 0 31,102 "138";
139 0 0 119,134 "139";
140 2 1 5,105 "140";
141 2 0 9,83 "141";
142 1 0 16,123 "142";
143 0 0 4,164 "143";
144 0 1 25,134 "144";
145 1 1 117,141 "145";
146 0 0 87,137 "146";
147 2 0 6,105 "147";
148 1 0 79,146 "148";
149 2 0 95,137 "149";
150 2 1 84,159 "150";
151 1 1 116,123 "151";
152 0 1 23,51 "152";
153 2 0 24,57 "153";
154 1 1 85,103 "154";
155 0 0 83,98 "155";
156 2 1 65,89 "156";
157 1 0 35,160 "157";
158 0 0 102,134 "158";
159 1 0 39,108 "159";
160 1 1 29,57 "160";
161 0 0 134,169 "161";
162 2 0 76,147 "162";
163 2 0 77,145 "163";
164 0 1 77,159 "164";
165 1 0 68,129 "165";
166 0 1 18,154 "166";
167 1 0 19,32 "167";
168 2 0 16,48 "168";
169 2 0 42,88 "169";
