parity 129;
0 0 0 11,59 "0";
1 2 1 68,93 "1";
2 2 0 4,71 "2";
3 2 1 81,108 "3";
4 0 0 87,107 "4";
5 1 0 18,120 "5";
6 1 1 11,127 "6";
7 1 1 60,71 "7";
8 2 0 85,124 "8";
9 1 0 66,105 "9";
10 2 0 53,76 "10";
11 1 0 15,76 "11";
12 0 0 83,103 "12";
13 0 1 73,90 "13";
14 1 1 57,64 "14";
15 0 1 4,82 "15";
16 2 0 50,66 "16";
17 0 1 4,12 "17";
18 0 0 13,67 "18";
19 1 0 1,84 "19";
20 2 0 51,123 "20";
21 1 0 57,116 "21";
22 2 0 32,125 "22";
23 0 1 56,107 "23";
24 0 0 9,40 "24";
25 1 1 64,90 "25";
26 2 0 2,47 "26";
27 0 0 51,117 "27";
28 2 0 43,68 "28";
29 0 1 69,92 "29";
30 0 1 119,122 "30";
31 2 1 33,83 "31";
32 2 0 79,103 "32";
33 0 0 91,112 "33";
34 2 1 13,45 "34";
35 2 0 100,105 "35";
36 1 1 52,55 "36";
37 2 1 34,63 "37";
38 1 1 0,99 "38";
39 1 0 4,124 "39";
40 1 0 6,83 "40";
41 2 0 96,115 "41";
42 2 0 4,90 "42";
43 1 0 20,35 "43";
44 1 0 47,81 "44";
45 1 1 37,106 "45";
46 0 1 11,107 "46";
47 1 0 38,73 "47";
48 1 1 9,124 "48";
49 2 1 14,21 "49";
50 2 1 33,52 "50";
51 0 1 58,63 "51";
52 0 1 99,108 "52";
53 2 0 43,77 "53";
54 0 0 43,64 "54";
55 2 0 2,95 "55";
56 1 1 45,72 "56";
57 0 0 38,105 "57";
58 0 0 0,9 "58";
59 1 0 17,38 "59";
60 2 0 83,114 "60";
61 0 0 52,99 "61";
62 0 1 25,104 "62";
63 1 1 57,83 "63";
64 1 0 76,112 "64";
65 1 1 23,61 "65";
66 0 0 28,79 "66";
67 1 1 39,71 "67";
68 0 0 63,116 "68";
69 1 1 25,66 "69";
70 2 1 19,124 "70";
71 1 0 103,107 "71";
72 0 1 10,82 "72";
73 0 0 43,47 "73";
74 1 0 67,124 "74";
75 2 1 40,102 "75";
76 0 0 35,55 "76";
77 0 1 44,52 "77";
78 2 1 49,102 "78";
79 0 1 78,111 "79";
80 0 0 42,60 "80";
81 1 1 47,60 "81";
82 1 0 12,119 "82";
83 0 0 117,126 "83";
84 2 1 15,54 "84";
85 0 1 17,125 "85";
86 1 0 14,21 "86";
87 0 1 76,103 "87";
88 0 1 40,52 "88";
89 1 1 9,38 "89";
90 2 0 34,91 "90";
91 1 1 24,55 "91";
92 1 1 66,80 "92";
93 1 1 88,99 "93";
94 2 0 47,57 "94";
95 1 0 24,124 "95";
96 0 1 107,125 "96";
97 2 0 38,62 "97";
98 0 0 39,40 "98";
99 1 1 9,119 "99";
100 1 0 23,94 "100";
101 2 0 28,40 "101";
102 2 1 49,125 "102";
103 0 1 12,120 "103";
104 2 0 91,129 "104";
105 0 1 36,43 "105";
106 0 1 4,48 "106";
107 2 1 17,70 "107";
108 2 1 33,43 "108";
109 1 0 29,89 "109";
110 1 0 71,101 "110";
111 1 0 7,129 "111";
112 0 1 32,50 "112";
113 2 0 19,120 "113";
114 1 0 51,55 "114";
115 1 1 54,88 "115";
116 2 1 84,108 "116";
117 0 0 41,47 "117";
118 0 1 66,126 "118";
119 1 1 17,53 "119";
120 1 0 27,81 "120";
121 0 1 26,105 "121";
122 2 1 88,92 "122";
123 1 1 23,74 "123";
124 1 0 41,115 "124";
125 1 0 62,72 "125";
126 0 1 97,115 "126";
127 2 1 83,114 "127";
128 1 1 6,76 "128";
129 1 0 66,90 "129";
