parity 164;
0 1 0 19,88 "0";
1 2 0 81,107 "1";
2 0 1 46,113 "2";
3 1 1 16,118 "3";
4 1 0 10,22 "4";
5 1 1 4,86 "5";
6 2 0 14,22 "6";
7 0 0 26,54 "7";
8 1 1 32,153 "8";
9 2 1 107,120 "9";
10 1 1 15,21 "10";
11 0 1 23,93 "11";
12 2 0 101,148 "12";
13 0 0 46,64 "13";
14 2 0 105,143 "14";
15 1 0 7,128 "15";
16 2 0 26,75 "16";
17 0 0 31,81 "17";
18 2 1 36,132 "18";
19 0 0 74,95 "19";
20 2 0 60,137 "20";
21 1 0 27,161 "21";
22 0 1 48,139 "22";
23 1 1 5,107 "23";
24 0 0 12,18 "24";
25 2 0 52,146 "25";
26 2 1 22,75 "26";
27 1 0 70,80 "27";
28 1 0 29,58 "28";
29 2 1 41,95 "29";
30 0 0 16,112 "30";
31 0 1 15,40 "31";
32 0 1 23,116 "32";
33 2 0 101,108 "33";
34 2 0 150,163 "34";
35 0 0 68,107 "35";
36 0 0 42,44 "36";
37 2 0 34,88 "37";
38 0 0 20,105 "38";
39 2 1 56,136 "39";
40 0 0 26,120 "40";
41 2 0 115,154 "41";
42 1 0 17,58 "42";
43 1 1 58,92 "43";
44 0 0 40,163 "44";
45 1 0 28,65 "45";
46 1 1 35,118 "46";
47 2 1 132,138 "47";
48 0 0 66,105 "48";
49 0 0 103,112 "49";
50 0 1 108,150 "50";
51 2 0 65,83 "51";
52 0 0 82,107 "52";
53 0 0 1,30 "53";
54 2 1 98,152 "54";
55 1 1 11,119 "55";
56 2 0 12,153 "56";
57 0 1 117,143 "57";
58 2 0 30,50 "58";
59 2 0 35,81 "59";
60 1 0 98,134 "60";
61 2 1 9,95 "61";
62 2 0 77,159 "62";
63 2 0 2,59 "63";
64 0 1 34,118 "64";
65 2 0 57,134 "65";
66 2 1 6,88 "66";
67 2 1 130,162 "67";
68 0 1 86,103 "68";
69 0 0 51,156 "69";
70 0 0 32,107 "70";
71 1 0 123,131 "71";
72 0 1 100,122 "72";
73 2 0 17,61 "73";
74 2 1 160,162 "74";
75 1 0 25,158 "75";
76 2 1 49,79 "76";
77 1 1 45,164 "77";
78 2 1 93,114 "78";
79 2 1 77,147 "79";
80 0 0 23,130 "80";
81 1 0 23,26 "81";
82 2 0 18,119 "82";
83 0 0 73,99 "83";
84 2 1 9,106 "84";
85 2 0 73,122 "85";
86 2 0 129,148 "86";
87 1 1 47,64 "87";
88 1 0 103,139 "88";
89 0 1 26,134 "89";
90 0 0 95,131 "90";
91 2 1 47,145 "91";
92 2 1 73,148 "92";
93 2 0 34,82 "93";
94 1 0 147,152 "94";
95 1 0 73,132 "95";
96 2 0 40,144 "96";
97 2 1 12,162 "97";
98 0 0 73,96 "98";
99 1 0 8,124 "99";
100 2 1 84,149 "100";
101 2 0 13,97 "101";
102 2 0 127,160 "102";
103 0 0 92,145 "103";
104 0 0 98,131 "104";
105 0 1 110,147 "105";
106 0 0 22,134 "106";
107 2 1 96,132 "107";
108 0 1 94,140 "108";
109 0 0 6,25 "109";
110 1 1 106,154 "110";
111 2 0 104,131 "111";
112 2 0 68,94 "112";
113 1 0 66,155 "113";
114 2 0 49,107 "114";
115 1 1 11,111 "115";
116 0 1 65,74 "116";
117 1 0 73,122 "117";
118 1 1 35,57 "118";
119 0 0 57,104 "119";
120 1 0 72,132 "120";
121 2 1 92,115 "121";
122 0 1 39,146 "122";
123 0 1 25,100 "123";
124 0 0 87,123 "124";
125 2 0 75,107 "125";
126 0 1 10,20 "126";
127 2 0 24,86 "127";
128 2 0 99,113 "128";
129 1 0 109,119 "129";
130 2 0 16,28 "130";
131 2 1 17,25 "131";
132 2 0 22,103 "132";
133 1 1 66,152 "133";
134 1 0 124,135 "134";
135 1 1 18,78 "135";
136 1 0 88,123 "136";
137 2 1 18,151 "137";
138 2 1 21,75 "138";
139 0 0 9,100 "139";
140 2 0 54,102 "140";
141 1 0 20,151 "141";
142 2 0 105,115 "142";
143 1 0 88,153 "143";
144 2 1 115,125 "144";
145 1 0 89,134 "145";
146 1 1 28,155 "146";
147 2 0 27,84 "147";
148 1 1 81,108 "148";
149 1 1 9,24 "149";
150 2 0 60,95 "150";
151 2 1 143,145 "151";
152 1 1 48,120 "152";
153 2 1 92,133 "153";
154 1 0 120,145 "154";
155 2 0 51,139 "155";
156 0 0 3,40 "156";
157 1 0 100,135 "157";
158 2 0 3,15 "158";
159 1 0 9,37 "159";
160 2 1 129,139 "160";
161 0 0 68,87 "161";
162 1 0 78,122 "162";
163 2 0 123,125 "163";
164 0 0 70,111 "164";
