parity 159;
0 1 1 86,89 "0";
1 2 0 69,107 "1";
2 0 0 32,141 "2";
3 2 1 10,27 "3";
4 0 1 69,125 "4";
5 2 1 55,90 "5";
6 2 1 23,66 "6";
7 0 0 31,57 "7";
8 0 1 7,97 "8";
9 0 1 14,96 "9";
10 0 0 67,158 "10";
11 0 1 60,123 "11";
12 0 0 11,64 "12";
13 1 1 9,126 "13";
14 1 0 92,122 "14";
15 2 1 71,83 "15";
16 1 1 69,128 "16";
17 1 0 30,41 "17";
18 2 1 20,67 "18";
19 2 0 32,81 "19";
20 2 1 28,69 "20";
21 2 1 20,70 "21";
22 2 1 72,91 "22";
23 2 1 36,52 "23";
24 1 0 92,136 "24";
25 2 1 67,101 "25";
26 0 0 97,127 "26";
27 2 1 22,38 "27";
28 2 1 49,73 "28";
29 0 1 39,50 "29";
30 0 0 12,78 "30";
31 2 0 42,65 "31";
32 0 1 119,143 "32";
33 2 1 112,115 "33";
34 2 1 8,71 "34";
35 2 0 5,15 "35";
36 1 1 17,154 "36";
37 2 1 1,63 "37";
38 0 0 16,156 "38";
39 0 0 110,123 "39";
40 0 0 57,118 "40";
41 1 0 124,133 "41";
42 2 1 35,84 "42";
43 0 0 26,46 "43";
44 1 1 45,77 "44";
45 2 0 32,85 "45";
46 1 0 7,132 "46";
47 1 0 97,132 "47";
48 1 0 70,85 "48";
49 1 0 59,130 "49";
50 2 1 144,155 "50";
51 1 0 65,89 "51";
52 0 0 29,132 "52";
53 0 1 7,44 "53";
54 2 1 89,115 "54";
55 0 1 104,135 "55";
56 1 1 124,141 "56";
57 0 1 116,144 "57";
58 2 0 103,127 "58";
59 0 1 127,149 "59";
60 2 1 8,59 "60";
61 1 0 56,100 "61";
62 1 1 69,116 "62";
63 1 0 19,89 "63";
64 2 0 57,134 "64";
65 0 1 50,76 "65";
66 0 1 90,128 "66";
67 2 1 21,94 "67";
68 1 1 99,129 "68";
69 1 1 37,94 "69";
70 1 0 101,117 "70";
71 0 1 16,134 "71";
72 0 1 14,141 "72";
73 1 0 2,4 "73";
74 0 0 4,114 "74";
75 2 0 4,96 "75";
76 1 1 7,105 "76";
77 2 1 53,135 "77";
78 1 1 109,129 "78";
79 1 1 8,50 "79";
80 0 1 140,154 "80";
81 0 0 20,53 "81";
82 0 0 4,26 "82";
83 1 0 96,114 "83";
84 2 0 77,124 "84";
85 0 1 12,60 "85";
86 2 0 23,45 "86";
87 0 1 27,156 "87";
88 2 0 57,74 "88";
89 1 0 10,15 "89";
90 2 0 13,91 "90";
91 1 1 1,127 "91";
92 1 1 90,98 "92";
93 2 1 21,100 "93";
94 2 1 10,105 "94";
95 1 0 12,40 "95";
96 1 0 61,103 "96";
97 0 1 73,98 "97";
98 1 1 48,66 "98";
99 0 1 110,157 "99";
100 0 0 39,62 "100";
101 0 1 25,77 "101";
102 2 0 62,80 "102";
103 0 1 29,119 "103";
104 0 0 51,70 "104";
105 2 0 24,121 "105";
106 1 1 58,79 "106";
107 0 1 19,134 "107";
108 1 1 17,60 "108";
109 2 0 1,95 "109";
110 0 0 48,156 "110";
111 1 1 85,90 "111";
112 0 1 31,73 "112";
113 1 1 90,144 "113";
114 0 0 25,126 "114";
115 0 0 18,54 "115";
116 2 0 104,117 "116";
117 1 0 5,10 "117";
118 0 0 39,100 "118";
119 0 1 55,140 "119";
120 0 0 56,68 "120";
121 0 0 49,115 "121";
122 2 0 43,139 "122";
123 0 0 140,144 "123";
124 2 0 83,142 "124";
125 0 1 104,118 "125";
126 2 1 1,75 "126";
127 2 1 54,72 "127";
128 0 1 0,137 "128";
129 1 0 14,127 "129";
130 1 0 37,147 "130";
131 2 0 20,27 "131";
132 1 0 130,158 "132";
133 1 1 33,114 "133";
134 1 0 65,120 "134";
135 2 0 97,102 "135";
136 2 0 91,114 "136";
137 2 1 89,95 "137";
138 0 1 43,98 "138";
139 0 0 61,65 "139";
140 0 1 33,56 "140";
141 1 1 30,139 "141";
142 2 1 87,130 "142";
143 0 0 35,63 "143";
144 1 0 78,95 "144";
145 1 1 25,126 "145";
146 0 1 0,101 "146";
147 2 0 64,122 "147";
148 0 0 13,126 "148";
149 0 0 13,54 "149";
150 1 0 146,157 "150";
151 1 0 0,105 "151";
152 0 1 86,131 "152";
153 2 0 41,152 "153";
154 1 1 2,5 "154";
155 0 1 26,40 "155";
156 0 0 96,120 "156";
157 0 1 74,153 "157";
158 0 0 41,107 "158";
159 2 1 54,143 "159";
