parity 169;
0 1 1 11,85 "0";
1 0 1 31,114 "1";
2 1 1 53,142 "2";
3 1 1 74,91 "3";
4 1 0 17,76 "4";
5 1 1 133,140 "5";
6 1 0 57,90 "6";
7 2 1 39,66 "7";
8 0 0 49,86 "8";
9 0 1 89,141 "9";
10 0 1 52,77 "10";
11 0 1 48,94 "11";
12 1 1 23,159 "12";
13 2 1 115,163 "13";
14 1 1 74,143 "14";
15 1 0 94,157 "15";
16 2 0 46,136 "16";
17 0 1 65,118 "17";
18 0 1 158,169 "18";
19 0 0 13,161 "19";
20 0 0 36,63 "20";
21 0 0 57,82 "21";
22 1 0 118,140 "22";
23 1 1 64,88 "23";
24 0 0 32,51 "24";
25 1 0 0,16 "25";
26 0 1 96,128 "26";
27 2 0 3,39 "27";
28 0 0 15,23 "28";
29 2 1 53,129 "29";
30 0 1 45,98 "30";
31 1 0 44,78 "31";
32 0 0 7,19 "32";
33 1 1 58,122 "33";
34 0 1 75,103 "34";
35 0 0 113,156 "35";
36 2 0 97,158 "36";
37 0 1 1,4 "37";
38 2 1 56,137 "38";
39 2 0 3,81 "39";
40 0 0 63,114 "40";
41 1 1 30,49 "41";
42 0 0 6,66 "42";
43 0 1 10,153 "43";
44 2 0 3,89 "44";
45 1 0 40,73 "45";
46 1 0 30,58 "46";
47 1 0 30,81 "47";
48 2 1 7,124 "48";
49 2 1 38,48 "49";
50 1 1 83,100 "50";
51 1 0 67,71 "51";
52 2 1 94,166 "52";
53 1 1 30,38 "53";
54 1 0 66,70 "54";
55 2 0 6,72 "55";
56 1 0 35,76 "56";
57 0 1 59,88 "57";
58 1 0 4,40 "58";
59 1 1 139,150 "59";
60 0 1 104,146 "60";
61 2 1 26,90 "61";
62 2 0 79,106 "62";
63 1 1 18,76 "63";
64 0 1 5,122 "64";
65 1 0 38,106 "65";
66 1 1 151,168 "66";
67 1 0 51,102 "67";
68 0 1 47,138 "68";
69 1 0 0,15 "69";
70 1 0 36,99 "70";
71 1 1 72,145 "71";
72 0 1 22,162 "72";
73 1 0 36,157 "73";
74 1 1 65,142 "74";
75 1 1 5,131 "75";
76 1 0 49,72 "76";
77 1 0 51,159 "77";
78 1 0 2,29 "78";
79 1 0 42,110 "79";
80 2 1 32,156 "80";
81 2 1 31,167 "81";
82 2 0 24,117 "82";
83 0 0 9,54 "83";
84 0 0 121,159 "84";
85 0 1 0,44 "85";
86 1 1 50,143 "86";
87 1 1 103,147 "87";
88 2 0 105,113 "88";
89 2 1 81,114 "89";
90 0 1 46,61 "90";
91 2 0 90,150 "91";
92 0 0 32,153 "92";
93 0 0 1,157 "93";
94 2 0 97,122 "94";
95 2 1 2,38 "95";
96 2 1 89,91 "96";
97 1 1 11,58 "97";
98 1 0 135,162 "98";
99 0 1 27,62 "99";
100 1 1 42,115 "100";
101 2 0 106,168 "101";
102 2 1 117,144 "102";
103 1 1 157,164 "103";
104 1 0 50,98 "104";
105 0 1 115,119 "105";
106 1 0 63,80 "106";
107 2 1 26,31 "107";
108 0 1 29,32 "108";
109 1 0 58,60 "109";
110 0 0 35,78 "110";
111 0 0 58,60 "111";
112 2 1 95,167 "112";
113 1 1 80,148 "113";
114 0 0 23,142 "114";
115 2 0 92,161 "115";
116 0 0 46,154 "116";
117 2 1 73,165 "117";
118 2 0 73,123 "118";
119 1 1 25,48 "119";
120 1 1 76,136 "120";
121 0 0 68,113 "121";
122 0 0 105,165 "122";
123 1 0 96,132 "123";
124 1 0 51,96 "124";
125 0 1 2,154 "125";
126 1 0 0,169 "126";
127 1 0 32,157 "127";
128 2 0 52,69 "128";
129 0 0 19,147 "129";
130 1 0 78,126 "130";
131 0 1 20,73 "131";
132 1 0 67,78 "132";
133 2 0 28,145 "133";
134 2 0 22,85 "134";
135 2 1 61,133 "135";
136 2 1 109,157 "136";
137 2 0 92,125 "137";
138 1 1 109,156 "138";
139 1 0 148,153 "139";
140 2 0 146,162 "140";
141 2 0 75,145 "141";
142 2 0 59,151 "142";
143 0 0 92,96 "143";
144 1 1 14,40 "144";
145 1 1 3,78 "145";
146 1 0 88,125 "146";
147 1 0 5,21 "147";
148 0 1 24,42 "148";
149 1 0 63,138 "149";
150 1 0 89,123 "150";
151 2 1 32,160 "151";
152 1 0 29,165 "152";
153 0 0 13,65 "153";
154 0 1 18,56 "154";
155 2 0 10,14 "155";
156 1 1 41,93 "156";
157 2 0 17,93 "157";
158 1 1 49,75 "158";
159 1 1 97,160 "159";
160 2 1 50,156 "160";
161 0 1 108,133 "161";
162 0 1 47,136 "162";
163 2 0 116,139 "163";
164 0 1 85,139 "164";
165 1 1 53,153 "165";
166 0 1 42,64 "166";
167 2 1 119,137 "167";
168 2 1 139,161 "168";
169 0 1 18,124 "169";
