parity 174;
0 0 1 14,146 "0";
1 1 1 102,141 "1";
2 0 0 76,162 "2";
3 0 0 59,135 "3";
4 2 1 73,135 "4";
5 1 0 74,84 "5";
6 0 0 164,171 "6";
7 0 0 54,157 "7";
8 0 0 9,44 "8";
9 1 0 25,127 "9";
10 0 1 48,161 "10";
11 2 0 3,73 "11";
12 0 1 65,107 "12";
13 1 0 10,42 "13";
14 0 0 30,119 "14";
15 1 0 25,121 "15";
16 0 1 37,122 "16";
17 1 0 109,150 "17";
18 2 1 17,24 "18";
19 2 0 53,174 "19";
20 2 0 54,141 "20";
21 2 0 106,123 "21";
22 0 0 80,109 "22";
23 0 0 41,141 "23";
24 2 0 58,73 "24";
25 1 0 32,94 "25";
26 0 1 89,141 "26";
27 0 1 69,107 "27";
28 2 1 55,110 "28";
29 1 1 100,139 "29";
30 0 1 92,101 "30";
31 1 1 85,118 "31";
32 1 1 106,171 "32";
33 0 1 15,44 "33";
34 2 0 59,150 "34";
35 1 1 27,134 "35";
36 0 1 147,161 "36";
37 2 0 59,109 "37";
38 2 0 131,151 "38";
39 0 0 34,98 "39";
40 0 1 22,138 "40";
41 2 0 90,104 "41";
42 2 1 58,88 "42";
43 2 0 104,172 "43";
44 1 0 110,147 "44";
45 1 1 0,160 "45";
46 1 1 96,124 "46";
47 0 1 69,77 "47";
48 0 1 63,146 "48";
49 0 1 58,148 "49";
50 0 1 32,125 "50";
51 1 0 3,173 "51";
52 1 0 51,89 "52";
53 2 0 102,135 "53";
54 2 1 4,167 "54";
55 0 1 5,30 "55";
56 2 1 109,134 "56";
57 0 0 53,76 "57";
58 0 0 139,152 "58";
59 0 1 60,82 "59";
60 0 1 90,152 "60";
61 0 0 2,38 "61";
62 0 0 56,132 "62";
63 2 1 81,133 "63";
64 1 1 54,69 "64";
65 0 0 27,112 "65";
66 0 0 95,174 "66";
67 2 1 87,161 "67";
68 1 0 131,141 "68";
69 1 0 1,98 "69";
70 2 0 94,149 "70";
71 0 0 5,89 "71";
72 1 1 12,120 "72";
73 1 1 93,153 "73";
74 2 0 43,47 "74";
75 1 0 52,56 "75";
76 1 0 97,150 "76";
77 1 0 70,76 "77";
78 1 0 31,86 "78";
79 0 0 101,110 "79";
80 0 0 140,150 "80";
81 2 0 2,96 "81";
82 2 1 62,155 "82";
83 0 0 58,67 "83";
84 2 1 3,28 "84";
85 1 0 118,124 "85";
86 1 1 6,94 "86";
87 2 0 57,168 "87";
88 1 1 51,56 "88";
89 2 1 73,115 "89";
90 0 1 53,137 "90";
91 2 1 78,84 "91";
92 0 1 95,128 "92";
93 1 0 96,172 "93";
94 1 0 56,111 "94";
95 1 1 89,118 "95";
96 2 0 2,67 "96";
97 1 0 30,85 "97";
98 0 0 17,121 "98";
99 0 0 28,96 "99";
100 2 1 130,139 "100";
101 0 0 27,39 "101";
102 0 0 69,127 "102";
103 2 0 15,126 "103";
104 2 1 51,114 "104";
105 0 1 7,44 "105";
106 1 1 56,155 "106";
107 0 1 16,114 "107";
108 0 1 114,131 "108";
109 0 1 62,112 "109";
110 0 1 79,157 "110";
111 1 1 77,174 "111";
112 1 0 7,17 "112";
113 1 1 40,134 "113";
114 2 1 40,55 "114";
115 1 1 1,173 "115";
116 0 0 89,164 "116";
117 2 1 76,135 "117";
118 1 0 32,54 "118";
119 1 1 64,132 "119";
120 1 0 141,147 "120";
121 2 0 77,140 "121";
122 1 1 64,88 "122";
123 2 1 59,165 "123";
124 0 1 37,94 "124";
125 1 1 98,148 "125";
126 0 1 19,123 "126";
127 2 1 103,162 "127";
128 0 1 17,24 "128";
129 1 0 170,173 "129";
130 2 0 74,102 "130";
131 1 1 65,79 "131";
132 1 1 96,117 "132";
133 1 0 27,57 "133";
134 1 0 76,79 "134";
135 0 1 27,90 "135";
136 1 1 47,50 "136";
137 0 1 27,106 "137";
138 2 0 46,114 "138";
139 2 0 79,123 "139";
140 2 1 1,77 "140";
141 2 0 76,129 "141";
142 1 0 90,154 "142";
143 0 0 4,45 "143";
144 0 1 140,160 "144";
145 2 0 1,165 "145";
146 0 1 52,67 "146";
147 2 0 99,124 "147";
148 0 1 6,110 "148";
149 2 1 71,91 "149";
150 2 1 44,65 "150";
151 0 0 42,78 "151";
152 1 1 48,158 "152";
153 0 0 16,164 "153";
154 2 0 0,114 "154";
155 2 0 38,126 "155";
156 2 1 45,74 "156";
157 1 1 86,144 "157";
158 1 0 44,173 "158";
159 0 0 144,158 "159";
160 1 0 66,151 "160";
161 1 1 98,167 "161";
162 1 0 63,116 "162";
163 2 0 69,74 "163";
164 1 1 60,108 "164";
165 0 1 97,139 "165";
166 1 1 91,165 "166";
167 1 1 119,121 "167";
168 0 0 6,10 "168";
169 2 0 47,95 "169";
170 0 0 6,79 "170";
171 1 0 31,86 "171";
172 2 1 59,84 "172";
173 1 0 38,127 "173";
174 2 1 51,152 "174";
