parity 289;
0 2 0 37,75 "0";
1 0 0 150,161 "1";
2 2 1 26,39 "2";
3 2 0 207,258 "3";
4 0 1 255,287 "4";
5 2 0 256,279 "5";
6 0 1 36,270 "6";
7 1 1 199,252 "7";
8 2 0 23,154 "8";
9 2 1 76,246 "9";
10 2 1 136,232 "10";
11 2 1 26,131 "11";
12 2 0 195,231 "12";
13 0 1 205,277 "13";
14 1 0 165,243 "14";
15 1 0 42,179 "15";
16 0 0 93,104 "16";
17 0 0 46,244 "17";
18 1 1 76,240 "18";
19 2 1 4,156 "19";
20 0 1 8,254 "20";
21 0 0 170,209 "21";
22 0 1 54,102 "22";
23 1 1 85,144 "23";
24 0 0 162,166 "24";
25 0 0 31,220 "25";
26 0 0 122,216 "26";
27 1 1 272,275 "27";
28 2 1 90,147 "28";
29 2 1 218,276 "29";
30 2 0 62,170 "30";
31 1 1 183,225 "31";
32 1 1 95,135 "32";
33 1 0 47,264 "33";
34 2 0 89,111 "34";
35 1 1 148,225 "35";
36 2 0 27,87 "36";
37 1 0 57,130 "37";
38 2 0 58,79 "38";
39 0 1 54,193 "39";
40 2 0 10,18 "40";
41 2 1 36,40 "41";
42 1 0 22,269 "42";
43 1 1 127,263 "43";
44 0 1 31,161 "44";
45 0 1 163,169 "45";
46 1 0 94,128 "46";
47 2 1 242,289 "47";
48 2 1 79,88 "48";
49 0 1 123,141 "49";
50 1 0 226,288 "50";
51 2 0 84,122 "51";
52 0 0 3,167 "52";
53 1 1 124,158 "53";
54 2 1 283,285 "54";
55 1 0 90,193 "55";
56 1 1 21,101 "56";
57 0 0 168,178 "57";
58 1 0 2,261 "58";
59 2 1 202,246 "59";
60 2 0 70,175 "60";
61 0 1 126,149 "61";
62 1 1 142,164 "62";
63 1 0 44,157 "63";
64 1 1 128,285 "64";
65 1 0 20,241 "65";
66 0 1 126,200 "66";
67 0 0 72,184 "67";
68 2 1 50,135 "68";
69 2 0 94,129 "69";
70 0 0 89,134 "70";
71 1 1 25,74 "71";
72 1 1 161,188 "72";
73 0 1 91,214 "73";
74 1 0 114,154 "74";
75 1 0 65,192 "75";
76 0 0 39,71 "76";
77 0 0 270,272 "77";
78 2 0 54,160 "78";
79 2 1 76,160 "79";
80 0 1 211,247 "80";
81 2 0 35,135 "81";
82 2 0 17,97 "82";
83 0 1 96,105 "83";
84 1 1 82,137 "84";
85 2 0 208,269 "85";
86 0 1 113,151 "86";
87 0 1 10,89 "87";
88 0 1 112,225 "88";
89 1 1 58,151 "89";
90 2 1 148,265 "90";
91 2 0 47,162 "91";
92 1 0 173,220 "92";
93 0 0 183,258 "93";
94 0 0 165,216 "94";
95 0 0 76,187 "95";
96 1 1 30,120 "96";
97 2 1 160,187 "97";
98 0 1 2,120 "98";
99 0 1 128,278 "99";
100 0 1 89,251 "100";
101 0 1 44,286 "101";
102 2 0 55,192 "102";
103 2 1 116,130 "103";
104 0 0 121,187 "104";
105 1 1 56,204 "105";
106 2 1 69,167 "106";
107 0 1 115,284 "107";
108 1 1 54,152 "108";
109 0 0 84,248 "109";
110 0 1 249,286 "110";
111 2 1 17,106 "111";
112 2 0 49,100 "112";
113 2 0 74,186 "113";
114 0 1 105,131 "114";
115 1 0 205,213 "115";
116 1 1 36,136 "116";
117 2 0 207,252 "117";
118 1 0 191,215 "118";
119 2 1 107,226 "119";
120 0 1 23,71 "120";
121 0 1 172,223 "121";
122 1 1 53,281 "122";
123 2 0 11,250 "123";
124 0 1 22,72 "124";
125 1 1 74,214 "125";
126 1 1 146,276 "126";
127 1 0 3,209 "127";
128 0 1 90,135 "128";
129 1 1 65,110 "129";
130 2 1 7,163 "130";
131 1 1 33,248 "131";
132 1 1 95,254 "132";
133 1 0 135,198 "133";
134 0 1 37,46 "134";
135 2 0 87,199 "135";
136 0 0 85,233 "136";
137 0 0 135,170 "137";
138 1 0 98,282 "138";
139 1 1 80,269 "139";
140 1 0 155,264 "140";
141 0 0 168,206 "141";
142 0 0 177,202 "142";
143 0 1 95,100 "143";
144 1 0 189,283 "144";
145 2 0 117,173 "145";
146 0 0 199,287 "146";
147 2 0 89,190 "147";
148 1 0 52,57 "148";
149 1 1 194,214 "149";
150 1 1 123,262 "150";
151 0 1 66,263 "151";
152 2 1 50,241 "152";
153 1 0 1,134 "153";
154 2 1 151,201 "154";
155 1 1 48,123 "155";
156 2 0 177,222 "156";
157 2 1 8,64 "157";
158 1 0 139,167 "158";
159 1 1 28,126 "159";
160 2 0 40,273 "160";
161 0 1 79,95 "161";
162 0 1 194,212 "162";
163 0 0 77,284 "163";
164 1 1 81,168 "164";
165 0 0 115,156 "165";
166 1 1 63,257 "166";
167 1 0 179,193 "167";
168 0 0 173,211 "168";
169 2 0 108,153 "169";
170 2 1 24,208 "170";
171 0 1 196,276 "171";
172 1 0 93,125 "172";
173 1 0 19,140 "173";
174 1 1 86,167 "174";
175 0 1 52,212 "175";
176 1 0 4,140 "176";
177 2 0 209,243 "177";
178 1 1 27,258 "178";
179 0 1 10,61 "179";
180 2 0 63,175 "180";
181 1 1 113,196 "181";
182 1 0 135,199 "182";
183 0 1 13,30 "183";
184 1 1 192,277 "184";
185 0 1 71,113 "185";
186 2 1 12,275 "186";
187 2 0 172,254 "187";
188 1 1 79,151 "188";
189 1 0 192,282 "189";
190 2 0 45,188 "190";
191 1 0 246,272 "191";
192 2 0 207,209 "192";
193 1 0 19,66 "193";
194 0 1 5,29 "194";
195 1 1 78,179 "195";
196 0 0 32,94 "196";
197 2 0 116,192 "197";
198 0 0 112,172 "198";
199 1 0 151,230 "199";
200 0 0 219,287 "200";
201 1 0 11,267 "201";
202 2 1 214,284 "202";
203 2 1 85,260 "203";
204 2 1 59,68 "204";
205 0 0 53,258 "205";
206 2 0 44,59 "206";
207 1 1 40,41 "207";
208 1 1 20,186 "208";
209 1 0 0,193 "209";
210 1 1 103,212 "210";
211 2 0 205,276 "211";
212 0 0 118,261 "212";
213 2 1 90,255 "213";
214 1 0 62,280 "214";
215 0 1 3,164 "215";
216 1 0 7,100 "216";
217 0 0 185,245 "217";
218 0 0 25,159 "218";
219 2 0 144,212 "219";
220 1 0 30,191 "220";
221 1 0 21,271 "221";
222 2 1 21,148 "222";
223 1 1 11,215 "223";
224 0 1 214,221 "224";
225 0 1 2,71 "225";
226 1 1 33,83 "226";
227 2 1 58,213 "227";
228 0 1 44,204 "228";
229 0 0 169,242 "229";
230 1 0 76,144 "230";
231 2 0 192,250 "231";
232 1 1 83,104 "232";
233 1 1 0,16 "233";
234 0 1 129,136 "234";
235 2 0 160,167 "235";
236 0 0 82,269 "236";
237 1 1 196,218 "237";
238 1 0 34,232 "238";
239 1 0 44,171 "239";
240 2 1 109,242 "240";
241 0 0 211,240 "241";
242 0 0 85,172 "242";
243 0 0 20,236 "243";
244 0 0 49,156 "244";
245 1 1 235,263 "245";
246 0 0 91,212 "246";
247 0 1 5,25 "247";
248 1 0 107,239 "248";
249 2 1 57,253 "249";
250 1 1 135,159 "250";
251 2 0 149,275 "251";
252 1 1 4,268 "252";
253 0 1 40,196 "253";
254 2 0 54,213 "254";
255 2 1 26,43 "255";
256 2 0 41,258 "256";
257 2 1 9,133 "257";
258 1 1 233,248 "258";
259 2 1 250,280 "259";
260 0 1 35,112 "260";
261 1 1 161,265 "261";
262 1 1 86,118 "262";
263 2 1 5,212 "263";
264 1 0 90,145 "264";
265 0 0 39,241 "265";
266 1 0 77,99 "266";
267 0 1 16,191 "267";
268 0 0 145,219 "268";
269 1 0 238,264 "269";
270 2 1 111,135 "270";
271 2 1 86,248 "271";
272 0 0 234,260 "272";
273 2 1 196,244 "273";
274 1 1 68,88 "274";
275 2 0 65,84 "275";
276 1 0 182,289 "276";
277 1 0 2,37 "277";
278 2 0 186,265 "278";
279 1 1 80,127 "279";
280 1 0 37,274 "280";
281 2 0 113,154 "281";
282 0 0 16,205 "282";
283 0 0 117,198 "283";
284 2 1 155,186 "284";
285 0 1 10,85 "285";
286 2 1 50,57 "286";
287 1 1 112,224 "287";
288 1 0 220,277 "288";
289 1 1 33,240 "289";
