parity 249;
0 2 0 49,67 "0";
1 2 0 139,150 "1";
2 0 0 29,44 "2";
3 0 1 110,120 "3";
4 2 0 188,231 "4";
5 0 1 212,215 "5";
6 1 1 10,121 "6";
7 0 1 21,45 "7";
8 1 1 69,229 "8";
9 1 1 57,206 "9";
10 2 1 9,242 "10";
11 2 1 31,231 "11";
12 0 1 7,117 "12";
13 0 1 49,154 "13";
14 2 1 37,58 "14";
15 2 0 127,245 "15";
16 0 0 159,173 "16";
17 2 1 101,211 "17";
18 2 0 19,65 "18";
19 0 1 54,190 "19";
20 0 1 197,242 "20";
21 1 0 136,199 "21";
22 0 0 146,158 "22";
23 1 1 45,135 "23";
24 1 1 112,120 "24";
25 2 1 91,111 "25";
26 0 0 43,193 "26";
27 2 1 46,122 "27";
28 2 1 182,247 "28";
29 1 0 7,153 "29";
30 2 0 26,158 "30";
31 0 0 39,84 "31";
32 2 1 178,235 "32";
33 1 0 70,203 "33";
34 0 0 12,227 "34";
35 2 0 87,142 "35";
36 0 1 23,235 "36";
37 2 0 74,199 "37";
38 2 0 74,185 "38";
39 1 0 34,106 "39";
40 0 1 132,222 "40";
41 0 0 133,168 "41";
42 1 1 74,201 "42";
43 0 0 210,220 "43";
44 1 1 137,184 "44";
45 1 0 50,116 "45";
46 1 1 59,91 "46";
47 0 1 118,200 "47";
48 1 1 15,150 "48";
49 2 0 0,35 "49";
50 1 0 147,218 "50";
51 1 0 214,215 "51";
52 2 0 162,225 "52";
53 0 0 23,87 "53";
54 2 0 202,235 "54";
55 1 1 105,229 "55";
56 2 0 196,217 "56";
57 2 0 134,241 "57";
58 0 0 156,248 "58";
59 1 0 202,203 "59";
60 0 1 155,237 "60";
61 1 0 117,165 "61";
62 2 1 181,248 "62";
63 0 1 77,154 "63";
64 0 0 97,180 "64";
65 0 1 155,170 "65";
66 1 0 49,228 "66";
67 1 1 12,32 "67";
68 0 0 163,239 "68";
69 2 0 131,152 "69";
70 0 0 49,239 "70";
71 0 1 122,157 "71";
72 0 0 181,222 "72";
73 1 0 80,162 "73";
74 2 0 209,240 "74";
75 2 0 28,106 "75";
76 1 0 144,156 "76";
77 1 1 100,246 "77";
78 0 1 25,221 "78";
79 2 0 51,69 "79";
80 0 0 55,112 "80";
81 2 0 122,142 "81";
82 2 0 29,178 "82";
83 0 1 103,178 "83";
84 0 1 138,155 "84";
85 1 0 9,229 "85";
86 0 0 51,114 "86";
87 0 1 35,169 "87";
88 2 0 244,246 "88";
89 1 1 24,74 "89";
90 1 1 77,175 "90";
91 2 1 57,218 "91";
92 0 1 175,235 "92";
93 1 1 165,209 "93";
94 1 0 149,174 "94";
95 1 0 86,179 "95";
96 2 1 78,87 "96";
97 0 1 87,237 "97";
98 2 0 128,179 "98";
99 0 0 171,185 "99";
100 0 1 87,223 "100";
101 2 0 11,166 "101";
102 0 1 104,128 "102";
103 0 0 72,144 "103";
104 1 0 43,204 "104";
105 1 0 14,76 "105";
106 2 1 233,243 "106";
107 2 0 124,220 "107";
108 0 0 114,142 "108";
109 1 0 43,72 "109";
110 0 1 125,206 "110";
111 0 0 184,205 "111";
112 2 0 176,222 "112";
113 2 1 134,196 "113";
114 1 1 104,214 "114";
115 0 1 54,75 "115";
116 0 0 93,249 "116";
117 2 0 127,169 "117";
118 1 0 80,147 "118";
119 2 0 243,248 "119";
120 0 0 101,145 "120";
121 2 1 8,200 "121";
122 1 1 48,117 "122";
123 0 1 66,216 "123";
124 0 0 26,133 "124";
125 1 1 61,176 "125";
126 0 0 123,213 "126";
127 2 0 17,225 "127";
128 2 0 35,50 "128";
129 2 0 54,80 "129";
130 2 0 97,225 "130";
131 2 0 173,225 "131";
132 0 0 42,130 "132";
133 1 0 19,34 "133";
134 2 0 115,210 "134";
135 0 1 80,172 "135";
136 2 0 150,219 "136";
137 0 0 66,167 "137";
138 2 1 17,230 "138";
139 2 1 22,67 "139";
140 2 1 39,77 "140";
141 0 0 19,129 "141";
142 2 1 141,188 "142";
143 0 0 46,123 "143";
144 2 1 13,209 "144";
145 1 0 150,165 "145";
146 1 0 2,125 "146";
147 1 1 48,247 "147";
148 0 1 4,115 "148";
149 0 1 18,140 "149";
150 0 0 95,231 "150";
151 1 0 20,172 "151";
152 0 0 21,195 "152";
153 0 0 114,191 "153";
154 0 0 128,144 "154";
155 0 0 31,133 "155";
156 0 1 41,214 "156";
157 2 0 144,158 "157";
158 2 0 23,160 "158";
159 1 0 39,87 "159";
160 0 1 2,152 "160";
161 2 1 81,173 "161";
162 2 0 180,204 "162";
163 2 0 145,209 "163";
164 2 0 25,182 "164";
165 2 0 135,225 "165";
166 1 0 9,184 "166";
167 2 0 97,136 "167";
168 1 1 66,249 "168";
169 0 1 85,161 "169";
170 1 0 102,112 "170";
171 2 0 123,195 "171";
172 2 1 90,111 "172";
173 0 1 28,71 "173";
174 0 0 34,113 "174";
175 2 1 14,61 "175";
176 2 1 154,239 "176";
177 2 1 25,43 "177";
178 0 0 159,215 "178";
179 0 1 136,236 "179";
180 2 1 87,165 "180";
181 1 0 125,150 "181";
182 2 1 99,159 "182";
183 0 0 38,101 "183";
184 2 0 118,189 "184";
185 2 0 36,99 "185";
186 1 0 161,226 "186";
187 1 0 106,221 "187";
188 2 0 52,152 "188";
189 0 0 3,44 "189";
190 1 0 223,245 "190";
191 1 1 91,236 "191";
192 0 0 6,162 "192";
193 1 1 38,115 "193";
194 1 1 152,232 "194";
195 0 1 87,200 "195";
196 0 0 93,242 "196";
197 1 1 108,179 "197";
198 0 0 19,170 "198";
199 1 0 17,37 "199";
200 1 0 218,235 "200";
201 2 0 45,62 "201";
202 2 0 34,84 "202";
203 0 0 84,115 "203";
204 1 0 17,209 "204";
205 2 0 188,242 "205";
206 2 0 167,245 "206";
207 1 1 60,139 "207";
208 0 0 157,181 "208";
209 2 0 71,159 "209";
210 1 1 2,243 "210";
211 2 0 101,227 "211";
212 1 1 56,78 "212";
213 2 0 91,144 "213";
214 2 0 23,84 "214";
215 2 1 85,237 "215";
216 1 0 149,178 "216";
217 1 1 82,238 "217";
218 2 1 156,216 "218";
219 1 1 202,241 "219";
220 2 1 74,155 "220";
221 1 0 79,239 "221";
222 2 1 122,223 "222";
223 1 1 19,107 "223";
224 1 1 19,206 "224";
225 1 1 124,227 "225";
226 0 1 53,160 "226";
227 1 1 17,230 "227";
228 1 1 177,240 "228";
229 2 1 59,203 "229";
230 2 0 45,197 "230";
231 1 0 124,248 "231";
232 0 1 28,43 "232";
233 0 1 43,108 "233";
234 2 0 64,240 "234";
235 1 1 78,179 "235";
236 1 1 54,240 "236";
237 1 1 35,205 "237";
238 2 1 8,64 "238";
239 2 0 96,221 "239";
240 0 1 192,194 "240";
241 1 0 94,134 "241";
242 2 0 39,53 "242";
243 2 0 5,215 "243";
244 0 1 48,171 "244";
245 0 0 160,176 "245";
246 2 1 17,240 "246";
247 0 1 58,92 "247";
248 2 1 39,75 "248";
249 0 1 13,174 "249";
