parity 244;
0 0 0 168,185 "0";
1 1 1 53,222 "1";
2 2 1 99,129 "2";
3 0 1 42,155 "3";
4 0 1 17,182 "4";
5 0 0 6,60 "5";
6 1 1 132,168 "6";
7 0 1 155,206 "7";
8 1 1 90,100 "8";
9 1 0 97,147 "9";
10 1 0 12,184 "10";
11 2 0 35,184 "11";
12 2 1 68,199 "12";
13 1 1 128,170 "13";
14 0 0 131,172 "14";
15 1 1 123,231 "15";
16 1 1 213,242 "16";
17 1 0 106,173 "17";
18 0 1 29,225 "18";
19 1 0 24,244 "19";
20 1 1 76,163 "20";
21 1 1 112,242 "21";
22 1 0 3,206 "22";
23 0 0 115,216 "23";
24 1 1 108,198 "24";
25 0 1 198,220 "25";
26 1 1 198,238 "26";
27 1 0 134,199 "27";
28 0 1 133,157 "28";
29 0 0 225,233 "29";
30 2 0 131,244 "30";
31 2 0 116,186 "31";
32 0 1 26,81 "32";
33 2 1 190,227 "33";
34 1 0 92,105 "34";
35 2 1 178,235 "35";
36 1 1 64,82 "36";
37 0 0 108,229 "37";
38 0 1 56,225 "38";
39 1 1 102,109 "39";
40 1 0 80,222 "40";
41 2 0 90,122 "41";
42 1 0 41,221 "42";
43 2 1 187,200 "43";
44 1 0 37,94 "44";
45 1 1 99,212 "45";
46 2 1 0,69 "46";
47 1 1 90,154 "47";
48 2 0 50,169 "48";
49 0 1 24,107 "49";
50 2 0 34,195 "50";
51 2 1 164,179 "51";
52 0 0 33,71 "52";
53 2 1 18,132 "53";
54 0 1 93,112 "54";
55 0 1 22,233 "55";
56 1 0 1,133 "56";
57 0 0 27,165 "57";
58 1 0 68,235 "58";
59 2 1 68,230 "59";
60 1 0 117,240 "60";
61 1 1 62,70 "61";
62 2 1 155,210 "62";
63 2 0 51,61 "63";
64 0 1 121,186 "64";
65 1 0 46,97 "65";
66 0 0 120,228 "66";
67 1 0 74,160 "67";
68 0 0 53,219 "68";
69 1 0 119,228 "69";
70 2 0 98,225 "70";
71 2 1 8,209 "71";
72 0 0 181,210 "72";
73 0 0 74,99 "73";
74 2 1 114,173 "74";
75 1 0 55,194 "75";
76 1 1 165,204 "76";
77 2 0 36,161 "77";
78 1 1 124,182 "78";
79 1 0 71,221 "79";
80 1 1 136,217 "80";
81 2 1 153,177 "81";
82 1 1 196,212 "82";
83 2 0 34,98 "83";
84 1 1 10,37 "84";
85 0 0 179,197 "85";
86 0 1 92,166 "86";
87 0 1 97,194 "87";
88 2 1 222,233 "88";
89 1 0 3,101 "89";
90 2 1 108,121 "90";
91 1 1 177,219 "91";
92 2 0 89,178 "92";
93 2 0 5,52 "93";
94 0 1 164,218 "94";
95 1 1 110,176 "95";
96 2 0 54,231 "96";
97 0 0 49,229 "97";
98 0 1 119,144 "98";
99 1 0 129,191 "99";
100 2 1 90,221 "100";
101 2 0 128,242 "101";
102 1 1 8,67 "102";
103 0 1 134,140 "103";
104 1 1 3,149 "104";
105 2 1 191,200 "105";
106 2 1 45,174 "106";
107 1 1 51,104 "107";
108 2 0 50,91 "108";
109 0 1 8,11 "109";
110 1 1 132,192 "110";
111 0 0 12,27 "111";
112 1 1 56,219 "112";
113 2 0 70,112 "113";
114 1 0 74,111 "114";
115 2 1 158,234 "115";
116 0 0 233,236 "116";
117 2 1 71,179 "117";
118 0 1 114,229 "118";
119 1 0 11,122 "119";
120 0 0 41,209 "120";
121 2 0 187,211 "121";
122 1 0 1,228 "122";
123 0 1 201,235 "123";
124 2 1 180,186 "124";
125 0 0 85,173 "125";
126 2 0 9,200 "126";
127 2 0 116,179 "127";
128 1 0 54,168 "128";
129 1 1 71,188 "129";
130 0 1 91,147 "130";
131 1 1 39,226 "131";
132 0 1 64,168 "132";
133 1 0 111,208 "133";
134 1 1 104,158 "134";
135 0 0 12,128 "135";
136 0 0 22,61 "136";
137 1 0 30,239 "137";
138 0 0 83,191 "138";
139 0 0 11,37 "139";
140 1 0 54,177 "140";
141 0 1 3,164 "141";
142 1 1 41,123 "142";
143 2 1 94,194 "143";
144 2 1 40,136 "144";
145 1 0 193,231 "145";
146 1 1 182,193 "146";
147 1 1 30,98 "147";
148 1 0 164,207 "148";
149 0 1 138,228 "149";
150 2 0 101,141 "150";
151 2 1 38,163 "151";
152 2 1 195,211 "152";
153 2 1 155,229 "153";
154 0 1 103,197 "154";
155 1 1 7,119 "155";
156 1 1 127,140 "156";
157 2 0 33,221 "157";
158 0 0 14,86 "158";
159 0 0 59,117 "159";
160 1 1 90,192 "160";
161 1 1 147,213 "161";
162 2 0 7,46 "162";
163 1 0 9,74 "163";
164 1 0 165,243 "164";
165 2 1 151,163 "165";
166 1 1 122,155 "166";
167 0 1 31,108 "167";
168 2 1 72,165 "168";
169 0 0 94,231 "169";
170 0 1 37,113 "170";
171 0 1 87,224 "171";
172 1 1 3,116 "172";
173 1 1 165,215 "173";
174 0 0 52,84 "174";
175 2 0 73,168 "175";
176 1 0 120,199 "176";
177 0 0 114,134 "177";
178 1 0 110,184 "178";
179 2 0 131,189 "179";
180 1 1 176,237 "180";
181 0 1 50,217 "181";
182 2 0 59,131 "182";
183 1 0 75,197 "183";
184 1 1 52,195 "184";
185 0 1 27,36 "185";
186 0 1 17,96 "186";
187 1 1 29,93 "187";
188 1 1 38,118 "188";
189 1 1 1,152 "189";
190 0 1 21,30 "190";
191 0 1 116,239 "191";
192 0 0 67,126 "192";
193 0 1 85,160 "193";
194 1 0 117,193 "194";
195 0 0 40,173 "195";
196 2 0 137,230 "196";
197 2 0 89,236 "197";
198 0 0 63,84 "198";
199 0 0 194,214 "199";
200 0 0 25,133 "200";
201 1 1 47,217 "201";
202 2 1 101,199 "202";
203 0 1 147,221 "203";
204 2 0 241,244 "204";
205 1 1 87,144 "205";
206 2 1 172,236 "206";
207 0 1 59,199 "207";
208 0 1 133,134 "208";
209 1 0 16,129 "209";
210 1 0 192,211 "210";
211 1 1 75,202 "211";
212 0 1 38,107 "212";
213 2 1 85,161 "213";
214 0 0 37,184 "214";
215 0 1 7,105 "215";
216 0 0 53,93 "216";
217 0 1 31,94 "217";
218 2 0 150,177 "218";
219 0 0 193,220 "219";
220 2 0 35,158 "220";
221 2 0 184,217 "221";
222 0 1 11,108 "222";
223 2 0 69,91 "223";
224 1 1 88,94 "224";
225 1 0 19,77 "225";
226 2 0 66,230 "226";
227 0 1 122,154 "227";
228 2 1 167,201 "228";
229 1 1 100,242 "229";
230 1 1 152,154 "230";
231 2 1 176,188 "231";
232 0 0 39,134 "232";
233 2 1 10,40 "233";
234 2 0 82,182 "234";
235 2 1 14,194 "235";
236 2 0 125,230 "236";
237 1 0 172,229 "237";
238 2 0 12,111 "238";
239 0 1 85,158 "239";
240 1 0 24,97 "240";
241 1 0 166,243 "241";
242 2 1 147,192 "242";
243 0 0 113,129 "243";
244 0 1 78,121 "244";
