parity 274;
0 1 0 14,150 "0";
1 1 1 110,194 "1";
2 0 1 244,253 "2";
3 0 1 29,148 "3";
4 1 1 181,244 "4";
5 2 1 249,257 "5";
6 1 1 190,241 "6";
7 0 1 50,197 "7";
8 1 0 103,239 "8";
9 0 0 121,208 "9";
10 0 1 13,62 "10";
11 1 0 67,199 "11";
12 2 1 95,230 "12";
13 2 0 28,198 "13";
14 2 1 36,250 "14";
15 2 0 90,174 "15";
16 0 1 124,205 "16";
17 1 0 176,257 "17";
18 1 1 151,162 "18";
19 1 1 161,245 "19";
20 0 0 242,273 "20";
21 1 0 135,234 "21";
22 1 1 48,153 "22";
23 1 0 206,268 "23";
24 1 1 124,209 "24";
25 0 1 155,253 "25";
26 1 1 23,213 "26";
27 2 0 0,125 "27";
28 1 1 134,186 "28";
29 1 1 144,249 "29";
30 2 1 29,32 "30";
31 0 1 132,157 "31";
32 1 1 107,148 "32";
33 1 0 107,199 "33";
34 2 0 53,255 "34";
35 0 0 11,99 "35";
36 1 1 47,185 "36";
37 1 1 34,156 "37";
38 0 0 147,187 "38";
39 2 1 140,268 "39";
40 2 0 60,157 "40";
41 0 1 42,196 "41";
42 1 1 28,203 "42";
43 2 1 77,113 "43";
44 2 0 18,241 "44";
45 1 1 107,129 "45";
46 2 1 186,190 "46";
47 2 0 40,187 "47";
48 2 0 66,184 "48";
49 2 0 225,259 "49";
50 1 0 68,170 "50";
51 0 1 90,167 "51";
52 0 0 43,228 "52";
53 0 1 22,115 "53";
54 0 0 142,237 "54";
55 0 1 179,199 "55";
56 2 0 195,253 "56";
57 1 1 193,215 "57";
58 2 0 46,85 "58";
59 2 0 154,206 "59";
60 2 1 61,157 "60";
61 2 0 93,116 "61";
62 2 0 80,201 "62";
63 0 0 55,147 "63";
64 2 1 96,168 "64";
65 2 1 110,232 "65";
66 1 0 32,240 "66";
67 1 0 14,246 "67";
68 2 1 140,183 "68";
69 1 0 139,200 "69";
70 1 0 33,101 "70";
71 1 0 103,202 "71";
72 0 0 125,195 "72";
73 2 1 29,81 "73";
74 2 1 84,264 "74";
75 1 0 20,72 "75";
76 1 1 56,101 "76";
77 0 0 12,68 "77";
78 2 0 165,201 "78";
79 0 0 219,252 "79";
80 1 0 6,223 "80";
81 2 0 105,220 "81";
82 2 1 25,237 "82";
83 0 0 27,73 "83";
84 2 1 73,166 "84";
85 0 1 136,241 "85";
86 0 1 26,51 "86";
87 1 1 40,212 "87";
88 0 1 4,29 "88";
89 0 1 3,129 "89";
90 0 1 18,102 "90";
91 2 0 19,103 "91";
92 1 1 58,91 "92";
93 2 1 2,62 "93";
94 1 1 12,106 "94";
95 1 1 12,169 "95";
96 0 1 2,19 "96";
97 1 1 11,64 "97";
98 1 0 5,270 "98";
99 0 1 89,139 "99";
100 1 0 8,233 "100";
101 2 1 51,241 "101";
102 0 0 37,172 "102";
103 1 1 86,102 "103";
104 1 1 33,218 "104";
105 2 0 85,235 "105";
106 0 0 176,251 "106";
107 1 0 53,113 "107";
108 0 1 127,171 "108";
109 1 1 81,233 "109";
110 1 0 105,124 "110";
111 1 0 3,193 "111";
112 0 1 6,217 "112";
113 2 1 121,150 "113";
114 1 1 164,271 "114";
115 1 1 110,202 "115";
116 1 1 50,192 "116";
117 2 0 114,201 "117";
118 0 0 186,270 "118";
119 1 1 16,115 "119";
120 2 0 13,177 "120";
121 1 1 5,260 "121";
122 0 0 131,243 "122";
123 2 1 89,143 "123";
124 1 0 157,271 "124";
125 1 0 4,68 "125";
126 0 1 12,114 "126";
127 1 0 111,133 "127";
128 0 1 5,182 "128";
129 0 0 84,229 "129";
130 0 1 108,117 "130";
131 1 0 16,145 "131";
132 2 1 4,35 "132";
133 0 1 9,16 "133";
134 1 1 147,217 "134";
135 1 1 76,225 "135";
136 2 1 56,225 "136";
137 1 1 91,214 "137";
138 1 1 45,136 "138";
139 2 0 125,167 "139";
140 0 1 26,208 "140";
141 1 1 62,186 "141";
142 2 1 26,177 "142";
143 0 0 184,248 "143";
144 2 1 160,271 "144";
145 0 0 185,249 "145";
146 0 0 92,129 "146";
147 1 0 19,119 "147";
148 0 1 117,197 "148";
149 1 0 216,256 "149";
150 0 0 11,107 "150";
151 2 0 146,169 "151";
152 0 0 206,250 "152";
153 1 0 23,196 "153";
154 0 0 33,170 "154";
155 0 1 212,262 "155";
156 1 0 16,232 "156";
157 2 0 129,197 "157";
158 2 0 50,247 "158";
159 0 0 51,141 "159";
160 2 1 51,225 "160";
161 0 1 195,273 "161";
162 2 0 39,248 "162";
163 1 1 104,197 "163";
164 2 0 121,168 "164";
165 1 0 35,156 "165";
166 0 0 177,200 "166";
167 2 1 71,212 "167";
168 2 0 125,170 "168";
169 2 0 66,183 "169";
170 1 0 80,199 "170";
171 1 1 185,260 "171";
172 0 1 110,241 "172";
173 0 1 46,151 "173";
174 1 1 81,166 "174";
175 0 1 168,192 "175";
176 0 0 125,172 "176";
177 2 1 109,230 "177";
178 2 1 112,166 "178";
179 1 0 45,156 "179";
180 2 1 224,264 "180";
181 0 0 50,199 "181";
182 2 0 58,111 "182";
183 0 0 1,166 "183";
184 2 0 144,213 "184";
185 2 1 47,119 "185";
186 2 1 118,163 "186";
187 1 1 31,87 "187";
188 1 1 22,168 "188";
189 0 0 4,191 "189";
190 1 1 125,188 "190";
191 0 1 43,211 "191";
192 2 1 45,214 "192";
193 2 1 197,251 "193";
194 1 1 13,24 "194";
195 2 1 63,274 "195";
196 2 0 162,171 "196";
197 1 0 79,265 "197";
198 0 0 12,149 "198";
199 1 1 79,85 "199";
200 0 0 17,53 "200";
201 2 1 60,234 "201";
202 1 0 125,207 "202";
203 2 1 18,71 "203";
204 0 1 7,95 "204";
205 2 1 22,44 "205";
206 0 0 51,164 "206";
207 0 1 129,163 "207";
208 2 1 51,130 "208";
209 0 1 82,225 "209";
210 1 0 104,110 "210";
211 0 0 199,250 "211";
212 1 1 224,270 "212";
213 1 0 30,159 "213";
214 2 1 83,96 "214";
215 1 1 2,167 "215";
216 1 0 83,138 "216";
217 1 0 123,187 "217";
218 0 0 7,125 "218";
219 0 1 145,252 "219";
220 0 1 141,178 "220";
221 1 0 6,112 "221";
222 0 1 112,248 "222";
223 2 0 9,141 "223";
224 2 0 109,248 "224";
225 2 0 60,187 "225";
226 0 1 34,170 "226";
227 0 1 26,90 "227";
228 1 1 11,160 "228";
229 0 0 200,269 "229";
230 1 0 86,191 "230";
231 0 0 26,57 "231";
232 1 1 216,263 "232";
233 0 0 133,139 "233";
234 0 0 20,130 "234";
235 2 1 161,177 "235";
236 1 0 30,83 "236";
237 2 0 67,91 "237";
238 0 1 13,143 "238";
239 2 1 19,107 "239";
240 2 0 121,267 "240";
241 1 1 78,249 "241";
242 2 1 180,267 "242";
243 2 0 99,220 "243";
244 2 0 9,217 "244";
245 0 1 2,127 "245";
246 1 1 24,127 "246";
247 1 0 53,267 "247";
248 0 0 206,271 "248";
249 2 1 112,174 "249";
250 0 1 73,238 "250";
251 1 0 2,269 "251";
252 1 0 148,205 "252";
253 0 1 65,256 "253";
254 1 1 106,216 "254";
255 0 0 52,231 "255";
256 0 1 135,180 "256";
257 0 0 113,236 "257";
258 2 1 64,141 "258";
259 0 1 67,273 "259";
260 0 0 154,176 "260";
261 2 1 130,206 "261";
262 2 1 32,110 "262";
263 1 1 100,254 "263";
264 0 1 37,46 "264";
265 2 1 9,123 "265";
266 0 0 121,228 "266";
267 0 0 3,109 "267";
268 0 0 177,204 "268";
269 0 1 176,234 "269";
270 1 0 35,181 "270";
271 1 1 100,213 "271";
272 1 1 177,252 "272";
273 1 0 153,203 "273";
274 1 0 157,190 "274";
