parity 219;
0 1 0 26,218 "0";
1 1 1 22,147 "1";
2 2 1 101,194 "2";
3 2 1 6,10 "3";
4 2 0 12,26 "4";
5 2 0 10,194 "5";
6 1 0 176,189 "6";
7 1 0 172,212 "7";
8 0 0 21,26 "8";
9 2 1 10,116 "9";
10 1 1 39,203 "10";
11 0 0 35,194 "11";
12 0 0 40,198 "12";
13 0 1 67,101 "13";
14 2 1 26,202 "14";
15 2 1 139,184 "15";
16 0 0 176,215 "16";
17 0 0 55,163 "17";
18 1 0 69,205 "18";
19 1 1 91,123 "19";
20 0 0 130,211 "20";
21 2 1 2,91 "21";
22 1 1 143,203 "22";
23 2 1 134,206 "23";
24 1 0 168,206 "24";
25 1 1 101,205 "25";
26 2 0 50,139 "26";
27 0 0 9,48 "27";
28 1 1 86,95 "28";
29 2 0 73,152 "29";
30 0 0 77,180 "30";
31 1 0 195,199 "31";
32 2 0 62,141 "32";
33 2 1 78,166 "33";
34 0 0 80,180 "34";
35 1 0 54,118 "35";
36 2 1 61,117 "36";
37 2 0 47,202 "37";
38 1 1 62,100 "38";
39 1 1 36,118 "39";
40 1 1 32,82 "40";
41 0 1 43,148 "41";
42 1 0 46,199 "42";
43 2 0 140,219 "43";
44 1 0 99,218 "44";
45 0 0 8,71 "45";
46 1 0 88,108 "46";
47 0 1 103,191 "47";
48 0 1 66,135 "48";
49 0 0 40,62 "49";
50 0 1 25,216 "50";
51 1 0 6,214 "51";
52 0 0 173,208 "52";
53 2 0 16,153 "53";
54 1 1 29,160 "54";
55 0 0 38,120 "55";
56 1 0 95,169 "56";
57 2 0 47,137 "57";
58 2 1 10,17 "58";
59 1 1 67,167 "59";
60 0 0 90,150 "60";
61 0 1 69,138 "61";
62 1 0 12,163 "62";
63 2 1 78,126 "63";
64 0 0 186,206 "64";
65 1 1 106,139 "65";
66 2 1 24,188 "66";
67 0 0 12,29 "67";
68 0 1 39,60 "68";
69 1 0 135,185 "69";
70 2 1 206,216 "70";
71 1 1 30,182 "71";
72 1 1 19,94 "72";
73 2 0 144,145 "73";
74 1 0 117,136 "74";
75 1 0 170,205 "75";
76 1 0 102,121 "76";
77 1 1 35,218 "77";
78 0 0 105,205 "78";
79 0 0 76,158 "79";
80 2 0 50,101 "80";
81 0 0 175,192 "81";
82 1 0 81,89 "82";
83 0 1 34,82 "83";
84 0 1 109,203 "84";
85 2 0 126,194 "85";
86 2 0 4,99 "86";
87 0 0 11,118 "87";
88 1 0 39,185 "88";
89 0 1 19,116 "89";
90 0 1 46,175 "90";
91 0 0 94,131 "91";
92 1 0 7,70 "92";
93 0 1 198,207 "93";
94 0 0 46,103 "94";
95 1 0 5,99 "95";
96 1 0 28,103 "96";
97 0 1 98,105 "97";
98 0 1 18,57 "98";
99 1 1 26,148 "99";
100 2 1 74,120 "100";
101 2 0 2,6 "101";
102 1 1 56,113 "102";
103 2 1 155,174 "103";
104 2 1 82,209 "104";
105 2 0 64,148 "105";
106 2 0 111,217 "106";
107 1 1 57,201 "107";
108 2 0 107,150 "108";
109 0 1 22,128 "109";
110 2 0 62,128 "110";
111 1 1 135,140 "111";
112 0 1 69,212 "112";
113 1 0 90,93 "113";
114 0 0 56,100 "114";
115 2 1 11,198 "115";
116 1 0 8,196 "116";
117 2 0 85,162 "117";
118 2 0 49,195 "118";
119 0 0 113,153 "119";
120 1 1 7,69 "120";
121 1 1 175,214 "121";
122 1 1 13,69 "122";
123 0 0 11,109 "123";
124 0 1 59,68 "124";
125 2 1 66,124 "125";
126 1 0 33,113 "126";
127 2 0 137,141 "127";
128 2 0 52,65 "128";
129 0 1 111,164 "129";
130 1 1 198,212 "130";
131 2 0 73,108 "131";
132 2 0 42,107 "132";
133 0 1 150,209 "133";
134 1 0 5,30 "134";
135 0 0 11,201 "135";
136 2 1 15,103 "136";
137 2 1 38,142 "137";
138 2 0 179,203 "138";
139 1 1 131,203 "139";
140 0 0 5,117 "140";
141 0 0 91,193 "141";
142 2 0 57,89 "142";
143 2 0 59,146 "143";
144 0 1 43,146 "144";
145 1 1 161,173 "145";
146 2 0 40,190 "146";
147 2 0 20,195 "147";
148 0 1 9,153 "148";
149 1 0 3,193 "149";
150 2 1 26,140 "150";
151 1 0 23,218 "151";
152 0 0 13,47 "152";
153 0 1 108,141 "153";
154 2 1 91,155 "154";
155 1 0 60,148 "155";
156 0 1 35,78 "156";
157 2 1 140,218 "157";
158 1 1 144,195 "158";
159 1 1 27,136 "159";
160 1 1 18,144 "160";
161 2 0 14,41 "161";
162 0 1 54,169 "162";
163 2 0 147,185 "163";
164 2 0 45,208 "164";
165 1 0 70,168 "165";
166 2 0 72,184 "166";
167 1 1 49,202 "167";
168 1 1 89,118 "168";
169 1 0 66,77 "169";
170 1 1 72,206 "170";
171 0 1 7,139 "171";
172 1 0 174,178 "172";
173 0 0 35,37 "173";
174 1 1 36,97 "174";
175 1 0 8,50 "175";
176 0 0 25,57 "176";
177 0 0 79,107 "177";
178 0 1 161,177 "178";
179 1 1 20,125 "179";
180 1 0 94,173 "180";
181 0 1 85,122 "181";
182 2 1 163,213 "182";
183 0 1 64,184 "183";
184 1 0 150,152 "184";
185 1 1 56,189 "185";
186 1 0 102,114 "186";
187 2 1 95,164 "187";
188 1 1 26,183 "188";
189 0 1 140,178 "189";
190 1 0 56,147 "190";
191 0 0 95,173 "191";
192 1 1 188,214 "192";
193 2 0 14,63 "193";
194 0 1 73,202 "194";
195 1 0 64,89 "195";
196 2 1 14,157 "196";
197 2 1 10,77 "197";
198 1 1 89,102 "198";
199 0 1 16,41 "199";
200 1 1 129,215 "200";
201 2 0 98,153 "201";
202 2 0 59,110 "202";
203 2 1 46,198 "203";
204 0 1 73,164 "204";
205 1 1 96,171 "205";
206 0 1 108,194 "206";
207 0 1 34,91 "207";
208 0 0 69,186 "208";
209 1 1 39,69 "209";
210 0 0 67,97 "210";
211 2 1 45,127 "211";
212 1 1 192,207 "212";
213 0 0 97,149 "213";
214 0 0 13,137 "214";
215 2 1 45,157 "215";
216 0 0 2,23 "216";
217 2 0 95,102 "217";
218 0 1 64,159 "218";
219 2 1 171,188 "219";
