parity 209;
0 2 1 27,208 "0";
1 2 0 93,126 "1";
2 2 1 154,178 "2";
3 2 0 41,88 "3";
4 0 0 10,122 "4";
5 2 1 75,199 "5";
6 1 0 56,159 "6";
7 1 1 74,129 "7";
8 1 0 85,166 "8";
9 2 1 15,191 "9";
10 0 1 61,90 "10";
11 1 0 37,114 "11";
12 2 1 125,181 "12";
13 1 0 19,74 "13";
14 1 0 130,206 "14";
15 0 0 3,103 "15";
16 2 1 13,96 "16";
17 2 0 163,207 "17";
18 1 0 143,199 "18";
19 0 0 45,104 "19";
20 2 1 131,145 "20";
21 2 0 39,209 "21";
22 2 1 12,132 "22";
23 1 0 70,141 "23";
24 1 1 6,184 "24";
25 1 0 41,122 "25";
26 0 1 13,169 "26";
27 0 0 55,197 "27";
28 2 0 9,74 "28";
29 1 1 129,159 "29";
30 2 0 12,42 "30";
31 0 1 149,201 "31";
32 2 1 12,46 "32";
33 2 0 37,122 "33";
34 1 1 36,143 "34";
35 1 1 128,165 "35";
36 2 0 16,79 "36";
37 0 0 72,109 "37";
38 2 0 31,144 "38";
39 1 0 190,200 "39";
40 1 0 89,101 "40";
41 0 1 76,153 "41";
42 0 1 69,189 "42";
43 0 0 19,125 "43";
44 2 1 55,162 "44";
45 0 0 68,207 "45";
46 1 0 15,44 "46";
47 0 1 85,169 "47";
48 2 0 22,104 "48";
49 0 1 57,92 "49";
50 2 0 33,143 "50";
51 1 1 18,98 "51";
52 2 0 11,92 "52";
53 0 0 89,202 "53";
54 1 0 122,166 "54";
55 2 1 4,47 "55";
56 2 1 58,102 "56";
57 1 0 149,207 "57";
58 2 1 154,180 "58";
59 0 0 12,160 "59";
60 2 0 25,192 "60";
61 0 0 111,147 "61";
62 1 1 74,91 "62";
63 1 1 30,119 "63";
64 2 0 33,123 "64";
65 0 0 134,141 "65";
66 1 1 72,177 "66";
67 2 0 124,148 "67";
68 2 1 71,161 "68";
69 0 1 23,192 "69";
70 1 1 7,208 "70";
71 2 1 98,123 "71";
72 0 1 48,187 "72";
73 2 1 130,150 "73";
74 2 1 126,178 "74";
75 0 1 160,171 "75";
76 1 1 67,134 "76";
77 0 0 105,204 "77";
78 1 0 124,177 "78";
79 1 1 136,156 "79";
80 0 0 35,201 "80";
81 1 0 86,178 "81";
82 1 0 45,127 "82";
83 0 1 177,188 "83";
84 2 0 12,117 "84";
85 0 0 7,199 "85";
86 0 0 131,150 "86";
87 2 1 109,154 "87";
88 1 1 166,190 "88";
89 1 0 92,116 "89";
90 2 0 36,149 "90";
91 1 1 79,126 "91";
92 2 0 93,118 "92";
93 0 0 32,90 "93";
94 2 0 40,168 "94";
95 1 1 35,167 "95";
96 1 1 43,200 "96";
97 0 0 1,136 "97";
98 2 1 181,182 "98";
99 2 0 89,135 "99";
100 0 0 67,130 "100";
101 1 1 31,120 "101";
102 0 0 49,116 "102";
103 0 1 41,43 "103";
104 0 0 61,150 "104";
105 0 1 47,143 "105";
106 1 0 15,86 "106";
107 0 1 18,75 "107";
108 1 0 50,102 "108";
109 1 1 13,97 "109";
110 2 1 9,13 "110";
111 1 1 0,56 "111";
112 0 0 53,70 "112";
113 1 0 61,69 "113";
114 1 1 79,175 "114";
115 1 1 135,159 "115";
116 0 0 71,205 "116";
117 1 0 141,143 "117";
118 0 0 63,98 "118";
119 2 0 47,207 "119";
120 1 0 122,188 "120";
121 2 0 43,145 "121";
122 2 0 7,87 "122";
123 1 0 2,198 "123";
124 2 1 92,167 "124";
125 0 0 76,190 "125";
126 1 1 41,71 "126";
127 2 1 16,39 "127";
128 1 1 116,164 "128";
129 1 0 8,197 "129";
130 1 1 140,155 "130";
131 1 0 102,110 "131";
132 1 0 54,121 "132";
133 2 0 23,192 "133";
134 1 0 54,72 "134";
135 1 0 109,113 "135";
136 0 1 58,167 "136";
137 1 1 69,116 "137";
138 1 1 92,103 "138";
139 0 0 58,81 "139";
140 2 0 57,59 "140";
141 0 0 43,64 "141";
142 1 1 151,162 "142";
143 0 1 125,206 "143";
144 0 0 31,62 "144";
145 1 0 112,181 "145";
146 2 0 102,188 "146";
147 2 0 20,115 "147";
148 1 1 57,133 "148";
149 0 0 24,61 "149";
150 0 1 111,163 "150";
151 2 0 29,206 "151";
152 0 0 107,167 "152";
153 1 1 66,129 "153";
154 1 0 15,195 "154";
155 2 0 121,182 "155";
156 1 1 1,84 "156";
157 2 1 3,99 "157";
158 0 1 63,151 "158";
159 1 1 121,151 "159";
160 1 1 18,40 "160";
161 0 0 19,178 "161";
162 2 1 28,113 "162";
163 1 0 117,170 "163";
164 2 0 152,169 "164";
165 1 1 71,108 "165";
166 2 1 3,76 "166";
167 0 0 2,114 "167";
168 2 1 17,63 "168";
169 0 1 101,182 "169";
170 0 1 11,17 "170";
171 0 0 82,208 "171";
172 0 1 22,83 "172";
173 1 0 50,158 "173";
174 0 0 109,187 "174";
175 1 0 6,46 "175";
176 0 1 82,90 "176";
177 1 1 73,152 "177";
178 2 0 131,142 "178";
179 0 1 11,28 "179";
180 2 0 17,24 "180";
181 0 0 20,167 "181";
182 2 0 56,172 "182";
183 1 0 109,195 "183";
184 2 1 12,193 "184";
185 1 1 4,188 "185";
186 2 1 4,108 "186";
187 0 1 38,115 "187";
188 0 0 51,66 "188";
189 1 1 41,117 "189";
190 1 0 167,193 "190";
191 0 0 111,205 "191";
192 0 0 65,197 "192";
193 1 0 13,39 "193";
194 1 1 96,108 "194";
195 2 1 86,169 "195";
196 0 0 5,132 "196";
197 0 0 42,52 "197";
198 0 0 25,162 "198";
199 0 1 83,104 "199";
200 0 1 159,185 "200";
201 0 0 125,190 "201";
202 2 1 0,26 "202";
203 2 1 43,46 "203";
204 1 1 137,175 "204";
205 0 0 143,180 "205";
206 1 0 80,208 "206";
207 0 1 48,67 "207";
208 1 0 68,77 "208";
209 2 1 0,7 "209";
