parity 259;
0 1 1 64,112 "0";
1 0 1 141,153 "1";
2 0 0 210,248 "2";
3 2 0 150,234 "3";
4 1 0 3,13 "4";
5 0 0 115,195 "5";
6 2 1 152,236 "6";
7 2 0 48,177 "7";
8 2 0 62,243 "8";
9 2 0 169,191 "9";
10 0 1 72,214 "10";
11 0 0 120,226 "11";
12 0 1 45,140 "12";
13 1 1 65,254 "13";
14 2 1 43,130 "14";
15 2 1 55,181 "15";
16 1 1 108,149 "16";
17 2 1 96,187 "17";
18 1 0 52,242 "18";
19 2 0 122,207 "19";
20 1 0 204,229 "20";
21 2 0 117,127 "21";
22 1 1 24,75 "22";
23 1 0 28,227 "23";
24 0 0 78,232 "24";
25 0 0 72,243 "25";
26 2 0 83,126 "26";
27 1 0 5,221 "27";
28 2 0 115,240 "28";
29 2 1 36,76 "29";
30 1 0 57,200 "30";
31 1 1 1,208 "31";
32 2 0 95,205 "32";
33 1 0 35,68 "33";
34 1 0 131,207 "34";
35 1 0 7,188 "35";
36 2 0 97,129 "36";
37 0 0 126,191 "37";
38 1 1 96,180 "38";
39 2 0 177,228 "39";
40 2 0 149,202 "40";
41 1 1 123,223 "41";
42 2 0 45,208 "42";
43 2 1 20,136 "43";
44 0 1 133,210 "44";
45 0 0 174,221 "45";
46 0 0 152,169 "46";
47 1 0 91,235 "47";
48 0 0 70,204 "48";
49 0 1 116,190 "49";
50 1 0 51,142 "50";
51 1 1 134,163 "51";
52 1 0 31,90 "52";
53 0 0 15,17 "53";
54 2 0 75,118 "54";
55 2 0 58,140 "55";
56 0 0 22,52 "56";
57 1 1 26,255 "57";
58 1 1 22,176 "58";
59 1 1 82,135 "59";
60 0 1 219,233 "60";
61 1 0 83,105 "61";
62 1 0 180,183 "62";
63 2 0 22,170 "63";
64 1 0 33,101 "64";
65 2 1 14,205 "65";
66 0 1 41,96 "66";
67 2 1 70,131 "67";
68 0 0 21,205 "68";
69 0 1 65,86 "69";
70 0 0 176,182 "70";
71 1 0 111,243 "71";
72 0 0 145,254 "72";
73 2 1 24,250 "73";
74 1 1 43,68 "74";
75 1 0 99,139 "75";
76 0 1 23,122 "76";
77 0 0 65,206 "77";
78 1 1 124,141 "78";
79 2 0 175,225 "79";
80 0 0 70,153 "80";
81 1 0 52,56 "81";
82 0 0 2,7 "82";
83 2 0 206,256 "83";
84 2 0 126,259 "84";
85 1 0 119,219 "85";
86 1 1 165,175 "86";
87 1 0 124,174 "87";
88 0 0 129,208 "88";
89 1 0 40,121 "89";
90 0 1 54,224 "90";
91 1 1 7,99 "91";
92 2 0 130,230 "92";
93 1 0 130,229 "93";
94 1 0 26,76 "94";
95 0 1 104,167 "95";
96 0 0 13,131 "96";
97 1 0 3,138 "97";
98 1 0 14,40 "98";
99 0 1 14,173 "99";
100 1 1 142,196 "100";
101 2 0 63,157 "101";
102 2 0 137,154 "102";
103 1 1 107,110 "103";
104 1 1 47,141 "104";
105 1 1 89,167 "105";
106 0 0 97,128 "106";
107 1 1 165,166 "107";
108 2 0 149,153 "108";
109 0 0 33,149 "109";
110 2 0 219,246 "110";
111 1 0 44,145 "111";
112 0 1 111,191 "112";
113 2 0 42,175 "113";
114 0 0 80,252 "114";
115 2 0 173,246 "115";
116 2 1 71,249 "116";
117 2 0 90,242 "117";
118 2 0 17,160 "118";
119 2 0 66,162 "119";
120 0 0 167,229 "120";
121 1 0 46,206 "121";
122 0 1 29,224 "122";
123 0 1 17,112 "123";
124 1 1 31,198 "124";
125 2 0 7,154 "125";
126 0 1 76,104 "126";
127 0 1 113,244 "127";
128 2 1 115,202 "128";
129 0 1 124,183 "129";
130 0 0 93,206 "130";
131 2 0 231,240 "131";
132 1 0 49,111 "132";
133 1 0 13,124 "133";
134 2 1 132,227 "134";
135 2 1 53,116 "135";
136 1 1 98,151 "136";
137 0 1 56,135 "137";
138 0 0 159,225 "138";
139 1 0 55,62 "139";
140 2 1 91,211 "140";
141 1 1 113,144 "141";
142 1 0 52,122 "142";
143 0 0 111,181 "143";
144 0 1 124,173 "144";
145 1 0 188,240 "145";
146 0 0 0,67 "146";
147 1 1 29,213 "147";
148 2 0 82,109 "148";
149 1 1 76,189 "149";
150 2 1 179,187 "150";
151 2 0 44,72 "151";
152 2 1 111,143 "152";
153 1 1 119,147 "153";
154 2 0 94,259 "154";
155 2 1 84,101 "155";
156 0 1 107,163 "156";
157 0 1 110,204 "157";
158 0 1 60,205 "158";
159 0 0 90,229 "159";
160 1 0 136,168 "160";
161 2 1 11,73 "161";
162 0 1 60,230 "162";
163 2 1 82,114 "163";
164 1 1 91,247 "164";
165 2 1 85,201 "165";
166 1 1 0,234 "166";
167 2 0 114,177 "167";
168 2 1 120,172 "168";
169 1 1 116,175 "169";
170 1 1 215,216 "170";
171 1 1 107,121 "171";
172 1 1 7,37 "172";
173 0 0 80,217 "173";
174 1 1 114,204 "174";
175 2 0 155,205 "175";
176 1 1 41,114 "176";
177 0 0 3,95 "177";
178 2 1 117,209 "178";
179 1 1 0,124 "179";
180 1 1 29,76 "180";
181 1 0 111,114 "181";
182 0 0 114,218 "182";
183 1 1 10,189 "183";
184 0 1 174,195 "184";
185 1 0 17,200 "185";
186 0 1 20,102 "186";
187 0 0 9,151 "187";
188 1 0 52,210 "188";
189 2 1 15,137 "189";
190 0 0 35,162 "190";
191 2 1 42,112 "191";
192 0 0 113,210 "192";
193 2 0 1,223 "193";
194 0 1 33,59 "194";
195 0 1 86,206 "195";
196 2 1 82,102 "196";
197 1 1 72,128 "197";
198 2 0 5,137 "198";
199 2 1 50,207 "199";
200 2 1 114,170 "200";
201 2 0 121,194 "201";
202 2 0 79,125 "202";
203 1 1 22,253 "203";
204 2 1 29,100 "204";
205 1 0 108,140 "205";
206 1 0 56,192 "206";
207 2 0 11,33 "207";
208 1 1 79,207 "208";
209 1 0 166,258 "209";
210 2 0 94,236 "210";
211 0 1 46,222 "211";
212 1 0 50,99 "212";
213 0 0 46,132 "213";
214 2 1 101,173 "214";
215 2 1 7,245 "215";
216 2 0 80,203 "216";
217 2 0 18,176 "217";
218 2 0 126,253 "218";
219 2 0 183,254 "219";
220 2 1 166,227 "220";
221 0 1 120,216 "221";
222 1 1 8,127 "222";
223 2 0 133,222 "223";
224 2 0 22,121 "224";
225 2 1 22,199 "225";
226 0 1 15,230 "226";
227 0 1 60,72 "227";
228 0 0 22,252 "228";
229 1 1 1,39 "229";
230 0 0 12,34 "230";
231 2 1 102,239 "231";
232 1 1 92,231 "232";
233 0 1 137,194 "233";
234 1 0 41,214 "234";
235 1 1 158,253 "235";
236 2 1 55,190 "236";
237 2 1 65,208 "237";
238 2 1 152,193 "238";
239 0 1 159,214 "239";
240 0 0 38,184 "240";
241 1 0 0,6 "241";
242 1 0 33,145 "242";
243 0 0 33,113 "243";
244 1 1 127,217 "244";
245 1 1 164,249 "245";
246 1 1 79,153 "246";
247 1 0 55,124 "247";
248 1 0 40,90 "248";
249 2 0 2,136 "249";
250 1 0 113,142 "250";
251 2 0 27,158 "251";
252 1 1 153,246 "252";
253 2 1 152,169 "253";
254 1 1 13,70 "254";
255 1 1 4,125 "255";
256 2 0 43,243 "256";
257 0 0 152,237 "257";
258 0 1 38,180 "258";
259 1 0 54,258 "259";
