parity 254;
0 2 0 56,179 "0";
1 0 1 178,215 "1";
2 1 1 82,172 "2";
3 2 0 9,206 "3";
4 1 0 70,158 "4";
5 1 1 107,119 "5";
6 1 1 152,174 "6";
7 1 0 11,219 "7";
8 1 0 126,166 "8";
9 0 1 59,96 "9";
10 2 1 35,249 "10";
11 1 1 173,248 "11";
12 1 1 38,141 "12";
13 0 0 48,136 "13";
14 2 1 116,154 "14";
15 0 1 101,165 "15";
16 2 1 150,185 "16";
17 1 0 35,146 "17";
18 2 1 48,120 "18";
19 0 1 110,174 "19";
20 2 0 14,212 "20";
21 0 0 68,96 "21";
22 2 1 112,172 "22";
23 1 1 157,175 "23";
24 0 1 205,254 "24";
25 0 0 14,180 "25";
26 0 1 203,222 "26";
27 0 0 218,252 "27";
28 2 1 62,81 "28";
29 1 1 97,248 "29";
30 1 0 112,125 "30";
31 0 1 179,221 "31";
32 0 0 87,236 "32";
33 0 0 107,120 "33";
34 2 1 43,130 "34";
35 0 0 53,140 "35";
36 1 1 2,127 "36";
37 2 1 187,204 "37";
38 1 0 21,104 "38";
39 2 0 154,169 "39";
40 2 0 89,123 "40";
41 2 1 55,220 "41";
42 0 0 87,225 "42";
43 0 1 51,80 "43";
44 1 0 174,222 "44";
45 0 0 12,240 "45";
46 2 0 16,31 "46";
47 2 0 158,224 "47";
48 2 1 63,182 "48";
49 1 0 4,116 "49";
50 0 0 131,199 "50";
51 0 0 166,178 "51";
52 0 1 159,250 "52";
53 0 0 109,129 "53";
54 1 0 5,80 "54";
55 2 0 225,238 "55";
56 1 0 7,184 "56";
57 2 0 72,183 "57";
58 2 1 29,129 "58";
59 1 1 48,172 "59";
60 0 1 95,194 "60";
61 2 1 114,198 "61";
62 2 0 165,185 "62";
63 0 0 67,160 "63";
64 2 1 144,201 "64";
65 0 0 97,159 "65";
66 1 0 109,165 "66";
67 2 1 111,170 "67";
68 0 0 136,188 "68";
69 0 0 32,195 "69";
70 2 1 104,254 "70";
71 2 0 97,141 "71";
72 0 1 18,67 "72";
73 0 0 27,85 "73";
74 0 0 42,201 "74";
75 0 0 140,143 "75";
76 2 0 139,223 "76";
77 2 1 37,76 "77";
78 2 1 198,231 "78";
79 1 0 57,164 "79";
80 2 1 103,233 "80";
81 1 1 199,246 "81";
82 0 0 44,109 "82";
83 1 1 185,209 "83";
84 0 1 27,245 "84";
85 1 1 113,144 "85";
86 2 1 36,243 "86";
87 2 1 5,128 "87";
88 2 1 73,126 "88";
89 0 1 129,185 "89";
90 2 1 136,197 "90";
91 1 1 90,159 "91";
92 1 0 70,178 "92";
93 1 0 113,147 "93";
94 0 1 4,32 "94";
95 0 0 58,200 "95";
96 2 1 24,122 "96";
97 2 1 125,190 "97";
98 2 1 48,50 "98";
99 0 1 16,48 "99";
100 1 1 4,75 "100";
101 2 0 0,41 "101";
102 2 0 0,254 "102";
103 0 1 75,196 "103";
104 2 1 182,205 "104";
105 2 0 51,175 "105";
106 0 0 19,186 "106";
107 2 0 64,91 "107";
108 2 1 188,214 "108";
109 0 0 28,169 "109";
110 1 1 116,199 "110";
111 2 1 152,179 "111";
112 0 1 24,186 "112";
113 0 1 90,235 "113";
114 0 0 178,198 "114";
115 0 1 21,87 "115";
116 0 1 210,224 "116";
117 0 1 95,172 "117";
118 2 1 132,213 "118";
119 1 1 68,212 "119";
120 0 1 91,162 "120";
121 1 1 73,168 "121";
122 0 0 147,245 "122";
123 0 1 69,180 "123";
124 0 0 48,49 "124";
125 0 1 11,221 "125";
126 2 1 182,221 "126";
127 2 0 122,237 "127";
128 0 1 138,162 "128";
129 2 1 99,247 "129";
130 0 1 5,229 "130";
131 2 1 100,130 "131";
132 1 1 39,198 "132";
133 0 0 172,213 "133";
134 2 1 87,208 "134";
135 2 1 83,96 "135";
136 1 0 34,240 "136";
137 2 1 57,194 "137";
138 1 0 65,232 "138";
139 0 1 118,176 "139";
140 2 1 143,188 "140";
141 2 0 87,145 "141";
142 2 0 86,135 "142";
143 1 0 21,37 "143";
144 0 1 40,150 "144";
145 2 0 100,128 "145";
146 1 1 216,227 "146";
147 0 0 115,233 "147";
148 1 1 111,188 "148";
149 1 0 63,145 "149";
150 1 0 202,212 "150";
151 2 1 76,120 "151";
152 0 1 94,106 "152";
153 1 1 156,220 "153";
154 0 1 132,210 "154";
155 0 1 1,146 "155";
156 1 0 84,248 "156";
157 0 1 91,117 "157";
158 2 1 210,246 "158";
159 0 0 151,247 "159";
160 2 0 55,100 "160";
161 1 0 93,236 "161";
162 0 1 69,112 "162";
163 1 0 0,223 "163";
164 0 0 152,191 "164";
165 2 0 124,156 "165";
166 0 1 99,154 "166";
167 0 0 108,184 "167";
168 2 1 206,247 "168";
169 0 0 32,254 "169";
170 0 1 50,233 "170";
171 2 0 44,118 "171";
172 1 0 140,248 "172";
173 0 1 41,159 "173";
174 0 0 126,175 "174";
175 0 1 11,142 "175";
176 0 0 145,200 "176";
177 0 0 6,136 "177";
178 1 0 16,39 "178";
179 1 1 176,195 "179";
180 0 1 125,235 "180";
181 0 1 129,193 "181";
182 2 1 170,244 "182";
183 2 1 31,172 "183";
184 0 0 26,58 "184";
185 0 0 4,140 "185";
186 0 1 236,246 "186";
187 0 1 21,179 "187";
188 1 0 6,177 "188";
189 1 0 45,70 "189";
190 1 1 9,20 "190";
191 1 1 147,173 "191";
192 1 1 107,174 "192";
193 1 0 41,168 "193";
194 0 0 9,222 "194";
195 0 0 145,254 "195";
196 0 1 55,159 "196";
197 0 1 14,139 "197";
198 1 0 106,129 "198";
199 2 1 21,219 "199";
200 0 0 114,122 "200";
201 1 0 8,37 "201";
202 1 0 222,229 "202";
203 0 0 161,232 "203";
204 0 1 63,90 "204";
205 0 0 134,243 "205";
206 2 1 6,171 "206";
207 0 0 183,239 "207";
208 1 0 74,107 "208";
209 1 1 7,37 "209";
210 2 0 96,112 "210";
211 2 1 2,17 "211";
212 2 1 44,179 "212";
213 2 0 23,158 "213";
214 2 0 51,61 "214";
215 0 1 9,71 "215";
216 0 0 46,100 "216";
217 1 0 65,220 "217";
218 1 1 28,164 "218";
219 0 1 133,173 "219";
220 1 1 8,97 "220";
221 1 0 105,199 "221";
222 0 0 48,233 "222";
223 0 0 117,144 "223";
224 1 1 110,184 "224";
225 2 0 228,245 "225";
226 0 0 48,79 "226";
227 0 0 87,205 "227";
228 0 0 9,44 "228";
229 2 1 145,216 "229";
230 0 0 26,146 "230";
231 2 0 118,130 "231";
232 1 0 188,197 "232";
233 2 0 42,124 "233";
234 0 0 195,238 "234";
235 1 0 115,163 "235";
236 1 0 43,140 "236";
237 0 0 130,241 "237";
238 2 1 65,89 "238";
239 0 0 9,167 "239";
240 2 1 166,172 "240";
241 2 0 54,108 "241";
242 0 0 15,159 "242";
243 1 0 15,117 "243";
244 0 0 130,155 "244";
245 2 1 144,205 "245";
246 2 0 28,33 "246";
247 0 1 70,151 "247";
248 1 1 187,194 "248";
249 2 0 80,129 "249";
250 1 0 110,196 "250";
251 0 1 62,89 "251";
252 0 1 129,188 "252";
253 1 1 85,246 "253";
254 2 1 97,100 "254";
