parity 289;
0 0 1 98,180 "0";
1 2 0 125,230 "1";
2 2 0 43,182 "2";
3 0 1 150,269 "3";
4 0 0 0,241 "4";
5 0 0 26,115 "5";
6 1 1 33,194 "6";
7 1 0 127,161 "7";
8 2 0 50,220 "8";
9 1 0 55,237 "9";
10 0 0 13,197 "10";
11 1 0 59,86 "11";
12 1 0 48,254 "12";
13 0 1 155,244 "13";
14 1 1 109,254 "14";
15 2 1 5,38 "15";
16 0 0 68,246 "16";
17 2 1 117,192 "17";
18 2 0 143,281 "18";
19 1 0 21,72 "19";
20 2 0 56,238 "20";
21 2 1 46,274 "21";
22 1 0 46,63 "22";
23 0 0 46,92 "23";
24 0 1 153,235 "24";
25 0 1 116,260 "25";
26 1 0 178,214 "26";
27 2 0 1,48 "27";
28 2 0 56,99 "28";
29 2 0 137,189 "29";
30 1 1 173,268 "30";
31 1 0 139,172 "31";
32 2 0 137,198 "32";
33 0 1 83,109 "33";
34 0 1 70,147 "34";
35 0 0 17,52 "35";
36 0 1 48,238 "36";
37 0 0 27,94 "37";
38 1 0 74,282 "38";
39 1 1 180,193 "39";
40 2 1 193,226 "40";
41 1 0 68,160 "41";
42 0 0 154,252 "42";
43 2 1 204,226 "43";
44 0 0 35,238 "44";
45 1 0 49,183 "45";
46 1 0 167,243 "46";
47 2 1 2,16 "47";
48 1 1 214,228 "48";
49 2 0 201,214 "49";
50 2 0 64,110 "50";
51 0 1 86,193 "51";
52 1 1 36,58 "52";
53 1 1 156,201 "53";
54 2 0 163,170 "54";
55 1 0 81,237 "55";
56 0 1 37,94 "56";
57 1 1 54,82 "57";
58 1 1 7,187 "58";
59 1 0 61,63 "59";
60 2 0 93,152 "60";
61 2 1 65,145 "61";
62 1 1 58,130 "62";
63 2 1 26,123 "63";
64 2 0 52,113 "64";
65 1 0 224,275 "65";
66 0 0 33,50 "66";
67 0 0 157,184 "67";
68 0 1 145,230 "68";
69 1 1 64,262 "69";
70 1 0 117,173 "70";
71 2 1 78,269 "71";
72 0 0 109,130 "72";
73 0 1 177,245 "73";
74 0 1 191,204 "74";
75 0 0 15,25 "75";
76 0 1 13,277 "76";
77 1 1 6,13 "77";
78 0 0 4,266 "78";
79 2 1 100,214 "79";
80 1 1 62,268 "80";
81 0 0 74,188 "81";
82 2 0 26,162 "82";
83 0 0 70,106 "83";
84 0 1 4,182 "84";
85 0 0 43,51 "85";
86 0 0 22,245 "86";
87 1 1 61,159 "87";
88 1 1 32,110 "88";
89 2 0 80,193 "89";
90 1 1 39,267 "90";
91 1 1 246,261 "91";
92 0 0 77,256 "92";
93 1 1 30,121 "93";
94 0 0 103,174 "94";
95 1 1 19,236 "95";
96 2 1 27,139 "96";
97 2 1 264,283 "97";
98 0 0 211,253 "98";
99 1 0 46,140 "99";
100 0 0 79,190 "100";
101 0 0 122,275 "101";
102 1 0 94,157 "102";
103 1 1 52,56 "103";
104 1 0 41,179 "104";
105 0 0 149,220 "105";
106 1 1 98,280 "106";
107 2 0 43,85 "107";
108 0 1 29,85 "108";
109 1 0 18,82 "109";
110 0 1 17,253 "110";
111 1 0 50,120 "111";
112 1 0 200,249 "112";
113 2 0 73,124 "113";
114 2 1 12,18 "114";
115 1 0 123,238 "115";
116 1 1 101,171 "116";
117 1 1 70,150 "117";
118 0 1 47,269 "118";
119 1 0 45,208 "119";
120 1 1 50,256 "120";
121 1 1 101,137 "121";
122 2 1 31,225 "122";
123 0 0 49,207 "123";
124 1 1 120,160 "124";
125 0 1 80,288 "125";
126 0 0 108,245 "126";
127 1 0 78,140 "127";
128 0 0 115,174 "128";
129 1 0 28,93 "129";
130 1 0 12,261 "130";
131 0 1 15,47 "131";
132 1 1 26,91 "132";
133 1 1 13,195 "133";
134 0 1 89,265 "134";
135 1 1 96,150 "135";
136 1 1 108,259 "136";
137 0 0 17,124 "137";
138 0 0 165,265 "138";
139 2 1 11,246 "139";
140 0 1 228,277 "140";
141 2 0 108,274 "141";
142 2 0 151,156 "142";
143 1 0 43,76 "143";
144 2 1 213,275 "144";
145 0 1 36,88 "145";
146 0 0 96,136 "146";
147 0 1 178,234 "147";
148 0 0 94,275 "148";
149 2 1 106,177 "149";
150 1 1 197,231 "150";
151 0 1 1,27 "151";
152 2 1 140,273 "152";
153 2 1 34,202 "153";
154 1 1 73,144 "154";
155 0 0 148,256 "155";
156 2 0 233,271 "156";
157 1 0 24,73 "157";
158 1 1 161,187 "158";
159 0 0 11,122 "159";
160 1 0 30,130 "160";
161 1 1 25,283 "161";
162 0 1 7,79 "162";
163 1 1 31,166 "163";
164 1 1 58,221 "164";
165 2 0 84,194 "165";
166 0 0 31,124 "166";
167 2 1 143,162 "167";
168 0 1 86,110 "168";
169 1 1 136,193 "169";
170 2 1 115,207 "170";
171 2 0 157,159 "171";
172 0 0 61,149 "172";
173 1 0 115,151 "173";
174 0 1 14,211 "174";
175 2 0 67,232 "175";
176 2 1 1,83 "176";
177 1 0 189,197 "177";
178 0 1 165,224 "178";
179 1 1 45,203 "179";
180 1 0 60,142 "180";
181 1 0 129,283 "181";
182 1 1 55,242 "182";
183 2 0 163,281 "183";
184 2 0 34,253 "184";
185 1 0 8,256 "185";
186 2 1 63,160 "186";
187 0 0 130,258 "187";
188 1 0 109,180 "188";
189 0 0 33,212 "189";
190 1 0 154,237 "190";
191 0 0 149,285 "191";
192 1 1 152,199 "192";
193 2 1 94,210 "193";
194 2 1 29,37 "194";
195 2 1 32,174 "195";
196 1 1 120,152 "196";
197 0 0 76,284 "197";
198 0 0 39,156 "198";
199 1 0 171,211 "199";
200 2 0 156,288 "200";
201 0 1 204,217 "201";
202 2 0 7,238 "202";
203 1 1 164,247 "203";
204 2 0 11,171 "204";
205 0 0 208,268 "205";
206 2 1 11,42 "206";
207 0 0 272,279 "207";
208 1 0 1,108 "208";
209 0 0 207,222 "209";
210 0 1 77,92 "210";
211 2 1 104,266 "211";
212 1 0 201,216 "212";
213 0 1 117,162 "213";
214 0 0 239,273 "214";
215 0 0 30,155 "215";
216 2 1 94,286 "216";
217 2 1 25,82 "217";
218 2 0 120,270 "218";
219 2 1 118,224 "219";
220 1 1 106,214 "220";
221 2 1 121,156 "221";
222 1 1 53,71 "222";
223 1 1 60,241 "223";
224 2 1 139,142 "224";
225 1 0 43,142 "225";
226 2 0 15,105 "226";
227 2 0 151,154 "227";
228 1 1 134,165 "228";
229 2 1 116,178 "229";
230 2 0 54,259 "230";
231 2 0 149,241 "231";
232 0 0 161,238 "232";
233 2 0 35,160 "233";
234 2 1 51,185 "234";
235 2 1 255,268 "235";
236 0 1 175,196 "236";
237 1 1 140,191 "237";
238 0 1 28,36 "238";
239 0 0 53,106 "239";
240 0 0 12,148 "240";
241 1 0 96,172 "241";
242 2 1 80,262 "242";
243 1 0 13,176 "243";
244 2 1 123,266 "244";
245 1 0 47,105 "245";
246 1 1 113,237 "246";
247 2 0 131,228 "247";
248 2 1 61,272 "248";
249 2 0 149,211 "249";
250 1 1 81,195 "250";
251 1 0 48,60 "251";
252 0 1 55,193 "252";
253 1 0 17,104 "253";
254 1 0 10,104 "254";
255 2 1 187,274 "255";
256 1 1 10,233 "256";
257 0 0 97,109 "257";
258 1 1 67,80 "258";
259 1 0 225,289 "259";
260 1 0 25,274 "260";
261 1 1 196,205 "261";
262 1 0 100,228 "262";
263 2 0 93,164 "263";
264 2 1 84,183 "264";
265 2 1 99,172 "265";
266 2 0 192,255 "266";
267 0 1 78,143 "267";
268 2 1 18,134 "268";
269 1 0 22,97 "269";
270 1 0 19,71 "270";
271 0 1 60,75 "271";
272 0 1 106,281 "272";
273 0 0 57,242 "273";
274 0 1 112,118 "274";
275 2 1 140,269 "275";
276 0 0 237,242 "276";
277 2 0 10,267 "277";
278 1 1 133,244 "278";
279 2 0 190,209 "279";
280 1 1 171,209 "280";
281 1 0 223,261 "281";
282 0 0 9,258 "282";
283 1 1 116,219 "283";
284 1 1 56,197 "284";
285 1 1 37,236 "285";
286 0 1 23,249 "286";
287 1 1 18,150 "287";
288 2 1 171,252 "288";
289 0 1 127,288 "289";
