parity 234;
0 1 0 95,217 "0";
1 2 0 64,163 "1";
2 1 1 32,225 "2";
3 2 0 10,165 "3";
4 2 1 149,190 "4";
5 2 0 31,122 "5";
6 1 1 118,139 "6";
7 2 0 65,152 "7";
8 0 0 93,175 "8";
9 1 1 50,179 "9";
10 0 0 124,167 "10";
11 1 0 84,214 "11";
12 0 0 46,77 "12";
13 1 1 21,142 "13";
14 0 0 183,193 "14";
15 2 0 131,228 "15";
16 2 0 5,153 "16";
17 2 1 89,222 "17";
18 0 0 76,141 "18";
19 0 0 113,149 "19";
20 0 1 7,39 "20";
21 2 0 79,158 "21";
22 0 0 218,222 "22";
23 2 0 132,165 "23";
24 2 0 170,215 "24";
25 0 1 97,179 "25";
26 0 1 139,169 "26";
27 0 0 108,229 "27";
28 2 0 118,207 "28";
29 0 1 70,229 "29";
30 0 1 47,155 "30";
31 0 0 185,202 "31";
32 2 0 38,63 "32";
33 2 0 92,214 "33";
34 0 0 13,98 "34";
35 0 0 206,207 "35";
36 0 1 14,165 "36";
37 2 1 133,158 "37";
38 2 0 31,56 "38";
39 2 1 185,196 "39";
40 0 0 108,165 "40";
41 1 1 18,207 "41";
42 0 0 113,141 "42";
43 0 0 137,217 "43";
44 2 1 144,219 "44";
45 1 1 119,209 "45";
46 0 1 15,81 "46";
47 1 0 174,219 "47";
48 2 1 38,209 "48";
49 2 1 154,167 "49";
50 2 0 167,170 "50";
51 2 0 48,84 "51";
52 2 0 33,84 "52";
53 1 0 52,227 "53";
54 0 0 109,191 "54";
55 2 1 64,212 "55";
56 2 0 139,193 "56";
57 2 0 13,161 "57";
58 0 0 67,89 "58";
59 1 0 6,29 "59";
60 1 0 40,221 "60";
61 2 1 132,147 "61";
62 1 0 6,189 "62";
63 0 0 44,64 "63";
64 1 0 82,139 "64";
65 0 0 85,195 "65";
66 0 1 47,182 "66";
67 2 1 34,154 "67";
68 0 0 114,127 "68";
69 0 1 129,163 "69";
70 2 0 110,164 "70";
71 0 0 123,148 "71";
72 0 1 91,165 "72";
73 2 1 25,158 "73";
74 0 1 115,169 "74";
75 1 0 65,197 "75";
76 2 1 10,124 "76";
77 2 0 150,195 "77";
78 0 1 124,199 "78";
79 0 1 139,233 "79";
80 2 0 7,16 "80";
81 1 0 34,70 "81";
82 1 0 131,216 "82";
83 2 0 4,181 "83";
84 1 0 44,161 "84";
85 2 1 18,167 "85";
86 1 1 35,79 "86";
87 2 1 65,158 "87";
88 0 1 173,181 "88";
89 1 0 129,143 "89";
90 1 0 62,175 "90";
91 0 1 13,26 "91";
92 0 1 105,176 "92";
93 0 1 122,197 "93";
94 2 1 184,216 "94";
95 2 0 94,172 "95";
96 2 0 104,140 "96";
97 1 0 91,92 "97";
98 1 0 95,124 "98";
99 0 1 39,59 "99";
100 1 0 25,122 "100";
101 1 1 149,156 "101";
102 2 1 11,163 "102";
103 1 1 167,197 "103";
104 2 1 84,167 "104";
105 0 1 79,222 "105";
106 0 0 105,195 "106";
107 1 1 18,41 "107";
108 2 0 100,154 "108";
109 0 1 28,95 "109";
110 1 0 122,225 "110";
111 1 1 200,210 "111";
112 2 1 26,40 "112";
113 2 0 37,203 "113";
114 1 1 112,203 "114";
115 1 1 5,180 "115";
116 2 0 76,107 "116";
117 0 0 101,170 "117";
118 2 1 57,180 "118";
119 0 1 138,198 "119";
120 2 0 64,231 "120";
121 2 1 226,228 "121";
122 2 0 3,43 "122";
123 0 1 57,127 "123";
124 0 0 145,179 "124";
125 0 0 75,130 "125";
126 2 1 9,159 "126";
127 1 1 98,206 "127";
128 1 1 170,188 "128";
129 2 1 114,160 "129";
130 1 1 79,188 "130";
131 0 0 75,123 "131";
132 2 1 151,169 "132";
133 1 0 11,230 "133";
134 2 1 76,210 "134";
135 0 0 39,70 "135";
136 2 0 26,220 "136";
137 0 0 82,227 "137";
138 2 1 32,189 "138";
139 2 1 110,166 "139";
140 1 1 1,88 "140";
141 1 0 116,187 "141";
142 1 0 103,106 "142";
143 0 0 53,141 "143";
144 1 0 199,209 "144";
145 2 1 24,188 "145";
146 1 1 68,158 "146";
147 1 0 93,211 "147";
148 0 0 170,187 "148";
149 2 0 83,133 "149";
150 1 0 136,166 "150";
151 2 0 111,193 "151";
152 0 1 39,126 "152";
153 1 1 62,200 "153";
154 2 0 74,98 "154";
155 2 1 40,98 "155";
156 2 1 93,116 "156";
157 1 1 26,47 "157";
158 1 1 79,102 "158";
159 1 1 14,28 "159";
160 2 0 181,215 "160";
161 1 1 177,197 "161";
162 1 0 139,206 "162";
163 2 1 83,203 "163";
164 1 0 28,43 "164";
165 0 0 101,139 "165";
166 0 0 75,180 "166";
167 1 1 75,176 "167";
168 1 1 64,164 "168";
169 2 1 67,234 "169";
170 0 0 23,41 "170";
171 2 0 83,200 "171";
172 2 0 28,120 "172";
173 2 0 130,144 "173";
174 2 1 147,223 "174";
175 1 0 41,209 "175";
176 2 1 120,125 "176";
177 2 1 38,174 "177";
178 2 1 103,224 "178";
179 1 1 58,174 "179";
180 0 1 6,54 "180";
181 0 1 14,27 "181";
182 2 0 118,205 "182";
183 2 1 57,58 "183";
184 0 1 1,133 "184";
185 2 0 85,176 "185";
186 1 1 47,60 "186";
187 1 1 150,195 "187";
188 0 0 130,155 "188";
189 0 0 1,161 "189";
190 2 1 59,206 "190";
191 1 1 95,230 "191";
192 2 0 71,217 "192";
193 0 1 161,168 "193";
194 1 1 38,188 "194";
195 1 0 97,132 "195";
196 0 1 54,137 "196";
197 1 0 81,141 "197";
198 0 0 132,181 "198";
199 2 0 64,89 "199";
200 2 1 13,197 "200";
201 1 1 110,155 "201";
202 2 0 62,132 "202";
203 2 1 152,170 "203";
204 1 1 106,126 "204";
205 2 1 16,18 "205";
206 2 0 70,145 "206";
207 1 0 141,165 "207";
208 1 0 138,203 "208";
209 2 1 36,69 "209";
210 1 0 75,213 "210";
211 1 0 108,215 "211";
212 0 0 225,231 "212";
213 1 0 37,89 "213";
214 1 1 55,98 "214";
215 0 0 66,141 "215";
216 0 0 29,92 "216";
217 1 1 17,114 "217";
218 2 1 159,161 "218";
219 1 0 41,56 "219";
220 0 0 80,164 "220";
221 2 0 44,87 "221";
222 2 1 7,38 "222";
223 2 0 95,103 "223";
224 2 1 196,212 "224";
225 1 1 94,164 "225";
226 1 0 218,221 "226";
227 1 0 13,178 "227";
228 2 0 54,102 "228";
229 2 0 22,31 "229";
230 2 1 33,84 "230";
231 1 1 74,92 "231";
232 2 0 27,181 "232";
233 0 0 20,226 "233";
234 1 1 9,202 "234";
