parity 274;
0 1 0 82,214 "0";
1 1 0 91,146 "1";
2 2 1 45,128 "2";
3 2 0 127,227 "3";
4 2 0 86,203 "4";
5 1 0 110,216 "5";
6 0 0 2,229 "6";
7 2 1 88,232 "7";
8 0 0 54,178 "8";
9 2 1 89,104 "9";
10 0 1 45,131 "10";
11 2 0 35,91 "11";
12 2 0 99,219 "12";
13 0 1 132,178 "13";
14 0 1 129,246 "14";
15 1 1 174,177 "15";
16 1 1 90,176 "16";
17 2 0 37,150 "17";
18 0 1 111,150 "18";
19 1 1 205,231 "19";
20 1 0 9,44 "20";
21 1 0 32,104 "21";
22 0 1 23,201 "22";
23 2 0 239,248 "23";
24 2 0 169,217 "24";
25 0 0 15,270 "25";
26 2 0 152,235 "26";
27 0 0 51,193 "27";
28 2 1 185,269 "28";
29 2 0 11,138 "29";
30 0 1 61,73 "30";
31 0 1 24,120 "31";
32 1 1 96,202 "32";
33 1 1 186,194 "33";
34 2 1 60,159 "34";
35 0 0 79,173 "35";
36 1 0 67,114 "36";
37 0 0 30,271 "37";
38 2 0 13,98 "38";
39 2 1 139,188 "39";
40 0 0 71,247 "40";
41 1 0 106,233 "41";
42 2 0 73,269 "42";
43 1 0 149,232 "43";
44 1 0 85,219 "44";
45 0 0 223,233 "45";
46 1 0 77,261 "46";
47 1 0 124,173 "47";
48 0 0 200,271 "48";
49 2 1 162,237 "49";
50 2 0 163,208 "50";
51 1 1 229,259 "51";
52 2 0 216,245 "52";
53 1 1 132,163 "53";
54 0 0 61,164 "54";
55 2 0 71,181 "55";
56 0 0 57,122 "56";
57 1 0 55,245 "57";
58 0 1 49,96 "58";
59 0 0 88,272 "59";
60 0 0 222,261 "60";
61 0 1 185,214 "61";
62 1 0 11,242 "62";
63 0 0 25,116 "63";
64 1 1 141,227 "64";
65 1 0 37,97 "65";
66 0 1 62,103 "66";
67 1 0 136,242 "67";
68 0 1 211,222 "68";
69 0 0 144,165 "69";
70 0 0 49,165 "70";
71 0 1 27,196 "71";
72 0 0 211,258 "72";
73 1 1 43,84 "73";
74 2 0 30,183 "74";
75 2 0 31,78 "75";
76 1 1 81,178 "76";
77 0 1 129,153 "77";
78 1 1 137,225 "78";
79 2 1 190,254 "79";
80 0 1 103,131 "80";
81 1 0 161,241 "81";
82 1 0 33,189 "82";
83 2 0 61,90 "83";
84 2 0 20,156 "84";
85 2 1 161,269 "85";
86 0 1 69,247 "86";
87 2 0 121,242 "87";
88 1 0 52,253 "88";
89 2 1 11,172 "89";
90 1 1 55,211 "90";
91 0 1 32,125 "91";
92 2 1 97,149 "92";
93 2 1 87,155 "93";
94 0 1 76,202 "94";
95 0 0 51,79 "95";
96 2 1 104,153 "96";
97 1 1 37,59 "97";
98 0 0 63,125 "98";
99 2 1 65,209 "99";
100 2 1 148,172 "100";
101 2 1 160,225 "101";
102 0 1 163,205 "102";
103 1 1 206,266 "103";
104 0 1 3,101 "104";
105 1 0 10,249 "105";
106 2 1 90,159 "106";
107 1 0 37,216 "107";
108 0 0 25,242 "108";
109 1 1 129,265 "109";
110 0 1 101,192 "110";
111 0 0 10,58 "111";
112 2 0 179,251 "112";
113 2 0 103,174 "113";
114 1 1 167,201 "114";
115 2 0 53,68 "115";
116 2 0 137,174 "116";
117 0 1 168,223 "117";
118 2 0 129,217 "118";
119 1 1 75,141 "119";
120 2 1 1,191 "120";
121 2 0 16,91 "121";
122 0 0 212,231 "122";
123 2 1 62,199 "123";
124 2 0 189,233 "124";
125 2 0 194,243 "125";
126 0 1 68,143 "126";
127 2 1 43,154 "127";
128 2 1 105,152 "128";
129 1 1 4,197 "129";
130 0 1 259,265 "130";
131 2 1 45,168 "131";
132 1 0 232,268 "132";
133 0 1 41,210 "133";
134 2 0 10,171 "134";
135 1 1 89,249 "135";
136 1 1 195,228 "136";
137 0 1 171,183 "137";
138 2 0 81,161 "138";
139 2 1 76,148 "139";
140 2 0 94,110 "140";
141 2 0 168,175 "141";
142 1 1 58,177 "142";
143 0 1 75,116 "143";
144 2 1 63,95 "144";
145 0 1 18,23 "145";
146 0 1 119,181 "146";
147 0 1 56,107 "147";
148 0 0 76,230 "148";
149 1 1 132,250 "149";
150 1 1 145,168 "150";
151 1 0 63,248 "151";
152 1 1 79,240 "152";
153 1 0 8,37 "153";
154 2 0 26,152 "154";
155 0 0 5,239 "155";
156 1 0 56,125 "156";
157 2 1 92,110 "157";
158 0 0 21,106 "158";
159 2 0 205,266 "159";
160 2 0 46,159 "160";
161 0 0 45,59 "161";
162 0 1 119,151 "162";
163 1 0 124,153 "163";
164 1 1 49,206 "164";
165 0 1 82,107 "165";
166 2 1 51,70 "166";
167 1 0 168,184 "167";
168 0 0 179,239 "168";
169 2 1 109,271 "169";
170 1 0 131,147 "170";
171 2 1 99,266 "171";
172 1 0 50,203 "172";
173 2 1 13,161 "173";
174 1 1 88,223 "174";
175 2 0 137,256 "175";
176 2 0 164,254 "176";
177 1 1 86,173 "177";
178 1 0 46,99 "178";
179 2 1 1,32 "179";
180 1 1 200,268 "180";
181 1 1 170,206 "181";
182 1 0 162,180 "182";
183 0 1 158,184 "183";
184 2 0 111,140 "184";
185 2 0 119,226 "185";
186 1 0 65,181 "186";
187 0 1 143,272 "187";
188 2 0 63,250 "188";
189 2 1 127,165 "189";
190 1 1 69,77 "190";
191 0 1 153,158 "191";
192 2 0 163,271 "192";
193 2 0 168,260 "193";
194 1 1 98,223 "194";
195 1 1 17,175 "195";
196 1 0 76,189 "196";
197 1 0 0,60 "197";
198 0 0 81,161 "198";
199 2 1 79,232 "199";
200 2 1 176,199 "200";
201 2 1 1,94 "201";
202 1 1 26,231 "202";
203 0 0 75,266 "203";
204 2 0 66,262 "204";
205 2 1 114,121 "205";
206 2 0 13,74 "206";
207 1 1 125,210 "207";
208 0 0 92,237 "208";
209 0 1 171,225 "209";
210 0 1 66,125 "210";
211 2 0 45,75 "211";
212 2 1 101,103 "212";
213 0 0 1,165 "213";
214 2 1 19,85 "214";
215 1 1 16,31 "215";
216 2 1 154,175 "216";
217 1 0 23,165 "217";
218 1 1 89,228 "218";
219 0 1 213,238 "219";
220 1 1 0,257 "220";
221 0 0 32,269 "221";
222 1 1 135,197 "222";
223 2 0 31,268 "223";
224 0 0 147,255 "224";
225 2 1 20,234 "225";
226 1 1 16,145 "226";
227 2 0 168,208 "227";
228 1 1 10,220 "228";
229 0 0 137,194 "229";
230 1 0 110,250 "230";
231 0 1 2,30 "231";
232 0 0 22,113 "232";
233 1 1 5,61 "233";
234 1 0 3,270 "234";
235 0 0 53,212 "235";
236 2 1 207,242 "236";
237 2 1 197,256 "237";
238 0 1 126,243 "238";
239 0 0 6,170 "239";
240 1 1 48,189 "240";
241 2 1 197,259 "241";
242 1 0 178,196 "242";
243 1 0 198,247 "243";
244 2 1 182,240 "244";
245 2 1 17,109 "245";
246 0 1 19,38 "246";
247 0 0 16,132 "247";
248 2 1 176,261 "248";
249 2 0 6,52 "249";
250 1 0 2,246 "250";
251 2 1 141,145 "251";
252 2 1 3,101 "252";
253 1 0 194,267 "253";
254 2 0 31,168 "254";
255 1 0 124,262 "255";
256 1 0 110,222 "256";
257 2 1 8,118 "257";
258 2 1 118,168 "258";
259 1 1 2,105 "259";
260 2 0 18,125 "260";
261 0 0 24,169 "261";
262 0 0 89,183 "262";
263 1 0 187,221 "263";
264 2 1 76,249 "264";
265 2 1 105,247 "265";
266 2 1 116,249 "266";
267 0 0 70,74 "267";
268 0 0 26,170 "268";
269 0 0 81,151 "269";
270 0 1 89,181 "270";
271 1 0 226,265 "271";
272 1 0 15,221 "272";
273 1 1 98,113 "273";
274 2 1 52,130 "274";
