parity 239;
0 2 0 103,188 "0";
1 0 1 68,223 "1";
2 1 1 70,178 "2";
3 2 1 194,227 "3";
4 2 1 66,145 "4";
5 2 0 164,185 "5";
6 1 1 164,230 "6";
7 2 1 29,143 "7";
8 0 0 234,239 "8";
9 0 1 67,221 "9";
10 0 1 80,147 "10";
11 1 1 48,70 "11";
12 1 0 27,149 "12";
13 0 0 34,161 "13";
14 2 0 129,162 "14";
15 0 1 61,162 "15";
16 2 1 89,92 "16";
17 1 0 47,169 "17";
18 0 0 104,115 "18";
19 2 1 48,92 "19";
20 2 1 171,228 "20";
21 0 1 1,36 "21";
22 2 1 136,179 "22";
23 1 1 194,203 "23";
24 0 1 5,148 "24";
25 1 0 67,177 "25";
26 2 1 69,232 "26";
27 1 0 7,62 "27";
28 1 1 43,179 "28";
29 1 1 4,68 "29";
30 2 1 32,175 "30";
31 0 0 52,56 "31";
32 2 1 70,188 "32";
33 0 1 29,80 "33";
34 0 1 69,75 "34";
35 0 1 98,152 "35";
36 1 1 111,159 "36";
37 2 1 62,219 "37";
38 0 1 8,209 "38";
39 2 1 7,194 "39";
40 2 1 76,142 "40";
41 2 1 63,66 "41";
42 2 0 148,209 "42";
43 2 0 2,68 "43";
44 0 1 48,140 "44";
45 1 0 46,198 "45";
46 1 0 41,54 "46";
47 0 1 109,226 "47";
48 1 0 0,188 "48";
49 2 1 170,186 "49";
50 0 0 29,147 "50";
51 2 1 46,122 "51";
52 2 1 41,111 "52";
53 2 0 70,75 "53";
54 2 0 11,68 "54";
55 0 1 153,227 "55";
56 2 1 34,227 "56";
57 2 0 34,228 "57";
58 2 0 218,220 "58";
59 1 1 196,228 "59";
60 1 1 175,197 "60";
61 1 0 133,196 "61";
62 0 0 69,92 "62";
63 2 1 29,115 "63";
64 0 1 43,50 "64";
65 1 1 54,123 "65";
66 1 0 24,58 "66";
67 0 1 105,119 "67";
68 0 0 38,221 "68";
69 0 1 55,94 "69";
70 0 0 0,216 "70";
71 2 1 14,145 "71";
72 2 0 1,191 "72";
73 0 1 131,200 "73";
74 0 1 185,187 "74";
75 2 1 105,118 "75";
76 2 1 151,206 "76";
77 0 0 111,169 "77";
78 0 0 119,152 "78";
79 2 0 112,238 "79";
80 2 1 170,215 "80";
81 0 0 117,124 "81";
82 1 1 77,102 "82";
83 0 1 218,237 "83";
84 1 1 42,149 "84";
85 0 1 57,74 "85";
86 0 0 186,211 "86";
87 2 1 24,90 "87";
88 2 0 181,223 "88";
89 0 1 52,99 "89";
90 2 0 146,177 "90";
91 1 0 48,114 "91";
92 1 1 116,239 "92";
93 1 1 79,190 "93";
94 1 1 155,165 "94";
95 2 0 94,214 "95";
96 0 0 169,209 "96";
97 1 0 83,95 "97";
98 2 0 102,141 "98";
99 1 0 174,197 "99";
100 0 1 32,198 "100";
101 0 0 46,56 "101";
102 0 0 192,209 "102";
103 1 0 29,176 "103";
104 2 0 12,227 "104";
105 2 0 89,199 "105";
106 0 0 62,93 "106";
107 0 1 37,216 "107";
108 2 1 32,53 "108";
109 0 1 75,96 "109";
110 1 1 108,209 "110";
111 2 0 45,157 "111";
112 1 0 83,163 "112";
113 2 0 116,166 "113";
114 2 0 61,76 "114";
115 2 1 82,124 "115";
116 2 1 186,199 "116";
117 1 1 107,137 "117";
118 1 0 138,155 "118";
119 1 1 58,104 "119";
120 1 0 86,136 "120";
121 1 1 27,35 "121";
122 0 1 1,39 "122";
123 1 1 80,220 "123";
124 1 1 40,80 "124";
125 2 1 55,204 "125";
126 1 1 42,154 "126";
127 2 0 168,186 "127";
128 2 1 44,198 "128";
129 2 0 154,182 "129";
130 0 0 64,145 "130";
131 2 1 50,218 "131";
132 1 1 69,221 "132";
133 0 0 159,230 "133";
134 2 1 88,113 "134";
135 0 0 45,197 "135";
136 1 0 119,208 "136";
137 1 1 130,222 "137";
138 1 1 149,179 "138";
139 2 1 34,46 "139";
140 0 0 3,175 "140";
141 2 1 29,125 "141";
142 0 0 34,194 "142";
143 0 1 6,227 "143";
144 1 0 13,34 "144";
145 2 1 16,159 "145";
146 0 1 130,158 "146";
147 0 0 60,85 "147";
148 2 1 165,226 "148";
149 1 0 98,156 "149";
150 0 0 176,223 "150";
151 2 1 194,231 "151";
152 0 1 42,211 "152";
153 2 0 149,190 "153";
154 1 1 17,213 "154";
155 2 0 131,216 "155";
156 1 0 30,48 "156";
157 2 0 57,214 "157";
158 2 0 23,56 "158";
159 2 1 11,55 "159";
160 2 1 30,108 "160";
161 2 1 133,184 "161";
162 0 1 2,211 "162";
163 1 0 56,192 "163";
164 1 1 140,213 "164";
165 1 0 35,203 "165";
166 2 1 147,162 "166";
167 1 1 62,214 "167";
168 1 0 28,122 "168";
169 1 0 21,48 "169";
170 2 0 87,152 "170";
171 1 0 142,169 "171";
172 1 0 42,159 "172";
173 1 1 0,139 "173";
174 1 0 0,74 "174";
175 1 0 109,169 "175";
176 0 1 50,101 "176";
177 0 1 91,188 "177";
178 0 1 68,149 "178";
179 2 0 158,167 "179";
180 2 1 47,176 "180";
181 2 0 22,81 "181";
182 1 0 114,179 "182";
183 2 1 12,165 "183";
184 2 1 148,228 "184";
185 1 0 102,168 "185";
186 0 1 41,100 "186";
187 0 1 66,127 "187";
188 1 1 99,142 "188";
189 2 1 80,110 "189";
190 2 0 85,155 "190";
191 0 0 149,164 "191";
192 1 1 57,113 "192";
193 0 0 66,214 "193";
194 0 0 25,177 "194";
195 2 1 184,194 "195";
196 0 0 14,219 "196";
197 2 0 85,141 "197";
198 0 0 155,179 "198";
199 2 1 47,52 "199";
200 0 0 192,221 "200";
201 2 1 36,81 "201";
202 0 0 56,65 "202";
203 1 1 142,222 "203";
204 2 0 130,158 "204";
205 0 1 72,114 "205";
206 1 1 29,175 "206";
207 2 0 94,234 "207";
208 1 0 14,197 "208";
209 0 0 96,122 "209";
210 2 0 38,118 "210";
211 0 0 67,80 "211";
212 2 1 1,196 "212";
213 2 0 58,177 "213";
214 0 1 92,156 "214";
215 1 0 40,232 "215";
216 1 0 46,86 "216";
217 1 0 15,202 "217";
218 1 1 51,183 "218";
219 2 0 70,161 "219";
220 2 0 13,106 "220";
221 2 0 109,159 "221";
222 2 0 80,89 "222";
223 1 0 138,185 "223";
224 1 1 8,177 "224";
225 2 1 14,163 "225";
226 1 1 68,82 "226";
227 0 1 140,181 "227";
228 2 0 95,203 "228";
229 0 1 171,178 "229";
230 1 0 78,92 "230";
231 2 0 111,171 "231";
232 2 1 47,178 "232";
233 1 0 95,205 "233";
234 2 1 7,103 "234";
235 1 0 106,116 "235";
236 1 1 41,124 "236";
237 0 0 13,154 "237";
238 2 0 114,188 "238";
239 2 0 166,191 "239";
