parity 219;
0 2 0 171,203 "0";
1 0 0 60,146 "1";
2 0 1 0,198 "2";
3 2 1 2,30 "3";
4 2 0 91,175 "4";
5 0 1 99,158 "5";
6 0 0 184,203 "6";
7 1 1 40,144 "7";
8 1 1 19,31 "8";
9 1 0 182,188 "9";
10 1 1 50,183 "10";
11 1 0 16,141 "11";
12 2 1 25,59 "12";
13 0 1 145,191 "13";
14 1 1 11,139 "14";
15 0 1 59,140 "15";
16 2 0 15,154 "16";
17 0 1 9,172 "17";
18 1 1 139,201 "18";
19 1 0 132,164 "19";
20 0 1 55,212 "20";
21 1 1 59,189 "21";
22 1 1 74,181 "22";
23 1 1 127,207 "23";
24 0 0 18,111 "24";
25 2 1 143,188 "25";
26 0 1 51,212 "26";
27 2 1 28,142 "27";
28 1 0 47,133 "28";
29 2 0 62,102 "29";
30 2 1 135,187 "30";
31 2 1 146,196 "31";
32 1 1 9,135 "32";
33 0 0 42,169 "33";
34 1 0 87,207 "34";
35 0 1 164,190 "35";
36 2 1 64,190 "36";
37 0 1 115,151 "37";
38 0 0 36,56 "38";
39 1 1 173,215 "39";
40 2 1 8,103 "40";
41 1 0 59,194 "41";
42 2 0 131,166 "42";
43 0 0 125,203 "43";
44 0 0 14,177 "44";
45 1 0 163,202 "45";
46 2 0 54,173 "46";
47 0 1 37,73 "47";
48 2 1 15,172 "48";
49 1 1 156,162 "49";
50 2 0 90,188 "50";
51 0 1 214,219 "51";
52 0 1 42,67 "52";
53 0 1 184,191 "53";
54 0 1 73,155 "54";
55 2 0 67,119 "55";
56 2 0 25,121 "56";
57 1 1 110,168 "57";
58 1 0 33,150 "58";
59 0 0 78,200 "59";
60 0 0 168,188 "60";
61 2 0 39,64 "61";
62 0 0 119,173 "62";
63 2 1 51,176 "63";
64 1 0 93,121 "64";
65 0 1 59,186 "65";
66 0 0 15,119 "66";
67 2 1 41,106 "67";
68 2 1 43,75 "68";
69 0 0 38,129 "69";
70 0 1 26,80 "70";
71 2 0 27,205 "71";
72 2 1 111,157 "72";
73 0 1 4,89 "73";
74 1 0 88,173 "74";
75 0 0 49,202 "75";
76 0 1 44,200 "76";
77 0 1 157,174 "77";
78 2 1 17,198 "78";
79 0 1 115,179 "79";
80 2 1 34,81 "80";
81 2 1 51,76 "81";
82 0 0 14,181 "82";
83 1 1 2,81 "83";
84 0 1 147,195 "84";
85 1 0 113,132 "85";
86 2 1 67,190 "86";
87 0 0 49,206 "87";
88 1 0 187,196 "88";
89 2 1 3,13 "89";
90 0 0 42,101 "90";
91 0 1 2,193 "91";
92 1 1 41,144 "92";
93 2 1 166,172 "93";
94 1 1 23,198 "94";
95 0 1 43,152 "95";
96 0 0 162,185 "96";
97 0 0 5,146 "97";
98 1 0 90,95 "98";
99 0 1 92,112 "99";
100 1 1 17,36 "100";
101 0 0 39,50 "101";
102 1 0 26,136 "102";
103 0 1 118,149 "103";
104 1 1 35,215 "104";
105 0 1 88,159 "105";
106 0 0 168,192 "106";
107 0 1 14,140 "107";
108 0 0 171,208 "108";
109 1 1 32,163 "109";
110 0 0 120,129 "110";
111 2 1 147,204 "111";
112 0 1 11,192 "112";
113 1 0 54,117 "113";
114 1 1 89,97 "114";
115 2 0 118,201 "115";
116 0 0 162,194 "116";
117 0 0 17,153 "117";
118 1 0 112,160 "118";
119 0 0 27,68 "119";
120 1 0 39,162 "120";
121 1 1 184,200 "121";
122 2 0 19,121 "122";
123 1 0 109,202 "123";
124 2 0 106,168 "124";
125 1 0 2,71 "125";
126 0 1 125,143 "126";
127 2 0 64,81 "127";
128 2 0 124,181 "128";
129 2 0 3,149 "129";
130 0 0 3,128 "130";
131 1 0 134,215 "131";
132 1 0 105,107 "132";
133 0 0 5,140 "133";
134 0 0 128,163 "134";
135 1 1 49,90 "135";
136 2 1 73,179 "136";
137 1 0 10,90 "137";
138 2 1 15,142 "138";
139 1 0 83,125 "139";
140 2 1 24,132 "140";
141 1 1 50,218 "141";
142 2 1 55,127 "142";
143 0 0 149,196 "143";
144 0 0 76,155 "144";
145 0 1 21,35 "145";
146 2 0 73,135 "146";
147 2 1 123,167 "147";
148 0 0 19,102 "148";
149 0 1 63,71 "149";
150 0 1 160,186 "150";
151 0 0 101,120 "151";
152 0 0 86,200 "152";
153 0 0 73,202 "153";
154 0 1 10,32 "154";
155 2 0 137,218 "155";
156 2 0 91,161 "156";
157 2 1 72,176 "157";
158 2 1 57,178 "158";
159 2 1 1,25 "159";
160 0 0 80,185 "160";
161 2 1 30,33 "161";
162 0 1 0,166 "162";
163 1 0 55,159 "163";
164 0 1 53,205 "164";
165 0 0 55,87 "165";
166 2 0 45,183 "166";
167 1 0 115,191 "167";
168 2 1 128,182 "168";
169 1 1 112,219 "169";
170 1 0 6,9 "170";
171 1 1 79,167 "171";
172 2 0 64,78 "172";
173 1 0 16,62 "173";
174 0 0 74,126 "174";
175 2 1 203,212 "175";
176 0 0 15,191 "176";
177 2 0 99,216 "177";
178 0 1 87,209 "178";
179 0 0 98,206 "179";
180 0 1 19,76 "180";
181 1 0 0,171 "181";
182 0 0 137,146 "182";
183 0 0 130,219 "183";
184 1 1 102,182 "184";
185 0 0 14,121 "185";
186 2 0 13,84 "186";
187 2 0 124,140 "187";
188 0 1 90,142 "188";
189 0 1 99,161 "189";
190 1 0 61,199 "190";
191 2 1 139,155 "191";
192 2 1 48,84 "192";
193 0 1 169,217 "193";
194 0 1 96,175 "194";
195 2 1 99,203 "195";
196 1 1 136,213 "196";
197 2 1 113,122 "197";
198 1 1 55,142 "198";
199 0 0 46,194 "199";
200 2 1 9,39 "200";
201 2 1 114,148 "201";
202 1 0 11,109 "202";
203 2 0 159,197 "203";
204 1 0 6,26 "204";
205 0 1 103,200 "205";
206 0 1 164,201 "206";
207 1 1 4,141 "207";
208 2 0 11,46 "208";
209 0 1 36,123 "209";
210 1 0 71,116 "210";
211 0 0 32,192 "211";
212 2 1 43,97 "212";
213 1 0 168,188 "213";
214 2 1 138,196 "214";
215 0 0 96,129 "215";
216 1 0 172,200 "216";
217 2 0 79,197 "217";
218 1 1 126,138 "218";
219 2 1 133,189 "219";
