parity 279;
0 1 0 9,112 "0";
1 0 0 116,120 "1";
2 1 0 11,198 "2";
3 0 0 202,237 "3";
4 2 0 29,47 "4";
5 1 0 100,230 "5";
6 1 1 165,221 "6";
7 1 0 94,277 "7";
8 1 1 98,232 "8";
9 1 1 78,131 "9";
10 1 1 3,260 "10";
11 1 1 27,238 "11";
12 1 0 60,278 "12";
13 0 1 11,267 "13";
14 0 1 3,251 "14";
15 0 1 200,251 "15";
16 2 1 80,125 "16";
17 2 1 6,104 "17";
18 0 1 245,275 "18";
19 0 0 178,180 "19";
20 0 0 101,177 "20";
21 1 0 5,70 "21";
22 2 0 176,214 "22";
23 0 0 239,257 "23";
24 1 0 241,257 "24";
25 1 1 53,182 "25";
26 0 1 97,124 "26";
27 0 1 46,180 "27";
28 1 0 35,112 "28";
29 1 0 50,264 "29";
30 0 1 141,249 "30";
31 1 0 44,154 "31";
32 2 0 6,96 "32";
33 0 0 176,222 "33";
34 1 0 49,89 "34";
35 1 1 56,94 "35";
36 0 1 3,151 "36";
37 2 1 56,141 "37";
38 1 1 89,126 "38";
39 1 0 7,211 "39";
40 0 1 142,193 "40";
41 2 0 207,234 "41";
42 2 1 25,251 "42";
43 1 1 156,245 "43";
44 1 0 63,162 "44";
45 2 1 37,190 "45";
46 1 0 197,236 "46";
47 1 1 172,206 "47";
48 1 0 44,260 "48";
49 2 0 54,97 "49";
50 1 0 88,115 "50";
51 1 1 44,255 "51";
52 0 0 93,190 "52";
53 1 0 222,271 "53";
54 1 1 200,221 "54";
55 1 1 255,257 "55";
56 2 0 23,138 "56";
57 0 0 172,253 "57";
58 0 1 53,265 "58";
59 1 1 17,272 "59";
60 1 1 26,274 "60";
61 2 1 59,65 "61";
62 2 0 181,187 "62";
63 0 1 31,163 "63";
64 1 1 44,202 "64";
65 0 0 7,260 "65";
66 2 1 98,254 "66";
67 2 1 59,84 "67";
68 1 0 67,174 "68";
69 2 0 32,112 "69";
70 1 1 33,172 "70";
71 2 0 92,254 "71";
72 0 0 23,133 "72";
73 1 0 56,241 "73";
74 0 1 44,204 "74";
75 0 1 77,82 "75";
76 1 1 178,180 "76";
77 2 1 189,213 "77";
78 1 0 200,257 "78";
79 1 1 182,230 "79";
80 0 0 34,49 "80";
81 1 1 114,232 "81";
82 2 1 247,265 "82";
83 1 0 64,260 "83";
84 0 1 32,196 "84";
85 1 1 41,134 "85";
86 0 1 42,220 "86";
87 2 0 71,131 "87";
88 0 1 75,175 "88";
89 2 0 106,275 "89";
90 0 1 145,263 "90";
91 0 1 106,168 "91";
92 2 1 250,272 "92";
93 1 0 134,227 "93";
94 2 1 110,235 "94";
95 0 0 28,233 "95";
96 0 1 24,63 "96";
97 2 1 140,220 "97";
98 0 1 84,217 "98";
99 0 0 20,216 "99";
100 2 1 105,180 "100";
101 1 0 247,268 "101";
102 2 1 44,115 "102";
103 1 0 134,191 "103";
104 2 1 218,262 "104";
105 0 1 67,255 "105";
106 1 0 32,227 "106";
107 0 1 112,272 "107";
108 0 1 68,246 "108";
109 1 0 165,210 "109";
110 2 1 12,171 "110";
111 1 0 154,173 "111";
112 0 1 20,116 "112";
113 0 1 164,251 "113";
114 0 0 156,211 "114";
115 2 1 148,241 "115";
116 0 1 144,146 "116";
117 1 1 91,101 "117";
118 2 1 69,202 "118";
119 0 0 232,269 "119";
120 1 1 95,209 "120";
121 2 0 67,209 "121";
122 1 0 28,37 "122";
123 1 1 111,248 "123";
124 2 1 0,41 "124";
125 1 1 159,240 "125";
126 0 0 21,77 "126";
127 0 0 20,169 "127";
128 1 1 190,224 "128";
129 0 0 218,264 "129";
130 0 0 136,233 "130";
131 2 1 66,255 "131";
132 1 0 88,279 "132";
133 0 1 61,152 "133";
134 2 1 116,261 "134";
135 1 1 31,74 "135";
136 2 0 93,191 "136";
137 2 1 230,238 "137";
138 1 0 167,192 "138";
139 1 1 3,6 "139";
140 2 0 63,245 "140";
141 0 1 78,210 "141";
142 0 0 153,164 "142";
143 2 0 133,258 "143";
144 1 1 157,183 "144";
145 2 0 119,239 "145";
146 1 0 84,137 "146";
147 1 0 119,165 "147";
148 1 1 110,114 "148";
149 2 1 69,240 "149";
150 0 1 4,188 "150";
151 2 1 18,116 "151";
152 1 1 85,164 "152";
153 0 1 32,142 "153";
154 0 0 99,248 "154";
155 0 1 181,227 "155";
156 0 0 149,219 "156";
157 2 0 67,167 "157";
158 2 0 21,206 "158";
159 0 0 142,247 "159";
160 1 1 59,75 "160";
161 1 0 88,113 "161";
162 0 0 99,169 "162";
163 0 0 1,144 "163";
164 2 1 162,208 "164";
165 0 0 4,215 "165";
166 2 0 22,116 "166";
167 0 0 32,52 "167";
168 2 1 139,262 "168";
169 2 1 21,123 "169";
170 1 0 114,165 "170";
171 0 0 63,208 "171";
172 0 1 84,206 "172";
173 1 1 15,40 "173";
174 2 0 4,148 "174";
175 0 0 6,65 "175";
176 0 0 3,144 "176";
177 0 1 17,44 "177";
178 2 0 64,231 "178";
179 2 0 21,209 "179";
180 2 1 223,264 "180";
181 2 0 44,167 "181";
182 2 1 160,253 "182";
183 2 0 73,223 "183";
184 0 0 173,193 "184";
185 1 1 27,219 "185";
186 1 0 44,198 "186";
187 2 0 21,32 "187";
188 2 1 16,63 "188";
189 0 1 24,34 "189";
190 2 1 28,138 "190";
191 2 0 8,203 "191";
192 0 0 56,254 "192";
193 2 0 165,182 "193";
194 1 0 5,66 "194";
195 0 0 207,241 "195";
196 1 1 66,260 "196";
197 0 1 100,147 "197";
198 1 0 99,179 "198";
199 1 0 152,277 "199";
200 1 0 7,184 "200";
201 0 1 83,119 "201";
202 0 0 44,84 "202";
203 2 0 156,175 "203";
204 0 1 113,176 "204";
205 1 1 157,220 "205";
206 1 1 29,186 "206";
207 1 0 192,263 "207";
208 2 0 141,191 "208";
209 2 0 31,275 "209";
210 1 1 110,221 "210";
211 0 1 8,124 "211";
212 0 0 186,270 "212";
213 1 0 66,77 "213";
214 0 0 36,114 "214";
215 1 0 194,207 "215";
216 1 1 147,193 "216";
217 0 0 37,182 "217";
218 1 0 164,195 "218";
219 0 0 82,233 "219";
220 0 1 125,269 "220";
221 0 1 26,82 "221";
222 0 1 86,115 "222";
223 2 1 104,172 "223";
224 0 0 46,220 "224";
225 0 0 66,130 "225";
226 2 1 34,196 "226";
227 2 1 204,275 "227";
228 0 0 167,247 "228";
229 1 1 20,147 "229";
230 1 0 23,158 "230";
231 2 1 70,123 "231";
232 0 0 26,155 "232";
233 0 0 106,128 "233";
234 0 0 96,155 "234";
235 1 0 8,49 "235";
236 2 1 39,124 "236";
237 1 1 39,273 "237";
238 0 1 63,116 "238";
239 1 0 94,103 "239";
240 1 1 116,229 "240";
241 1 0 165,276 "241";
242 2 0 193,261 "242";
243 0 1 147,264 "243";
244 1 1 119,170 "244";
245 1 0 72,140 "245";
246 1 0 96,237 "246";
247 2 0 35,241 "247";
248 1 0 46,115 "248";
249 2 0 188,194 "249";
250 0 1 29,200 "250";
251 1 1 70,72 "251";
252 1 0 94,263 "252";
253 1 1 12,250 "253";
254 0 1 9,275 "254";
255 0 0 1,174 "255";
256 1 1 6,273 "256";
257 0 1 28,213 "257";
258 0 1 68,224 "258";
259 1 1 44,127 "259";
260 1 1 188,218 "260";
261 1 0 30,155 "261";
262 2 0 115,172 "262";
263 2 0 82,196 "263";
264 1 0 15,134 "264";
265 1 1 31,148 "265";
266 1 0 206,218 "266";
267 1 1 31,242 "267";
268 1 0 24,238 "268";
269 2 0 27,105 "269";
270 2 0 4,142 "270";
271 0 0 24,36 "271";
272 1 0 70,248 "272";
273 2 1 86,203 "273";
274 1 1 35,247 "274";
275 0 1 97,238 "275";
276 2 0 45,246 "276";
277 1 1 86,231 "277";
278 0 0 57,128 "278";
279 0 0 97,140 "279";
