parity 284;
0 0 1 254,270 "0";
1 1 1 51,251 "1";
2 2 0 140,249 "2";
3 2 1 89,108 "3";
4 0 1 132,162 "4";
5 0 1 186,230 "5";
6 0 1 124,144 "6";
7 0 1 101,113 "7";
8 2 0 2,208 "8";
9 0 1 112,146 "9";
10 0 0 13,55 "10";
11 2 0 257,279 "11";
12 1 1 90,227 "12";
13 1 1 16,48 "13";
14 0 0 11,197 "14";
15 2 1 68,129 "15";
16 0 0 35,225 "16";
17 1 1 133,196 "17";
18 0 1 43,148 "18";
19 1 1 97,98 "19";
20 1 0 61,137 "20";
21 2 1 92,220 "21";
22 2 1 179,219 "22";
23 0 1 219,223 "23";
24 0 1 5,273 "24";
25 2 0 187,218 "25";
26 1 1 128,198 "26";
27 2 0 205,212 "27";
28 0 0 90,218 "28";
29 1 0 57,108 "29";
30 1 0 17,103 "30";
31 0 1 69,228 "31";
32 1 1 109,133 "32";
33 2 1 145,281 "33";
34 1 1 98,235 "34";
35 1 1 24,96 "35";
36 1 1 103,284 "36";
37 1 0 71,151 "37";
38 1 1 29,252 "38";
39 1 1 48,166 "39";
40 0 1 197,234 "40";
41 2 0 125,127 "41";
42 1 0 18,251 "42";
43 1 1 162,282 "43";
44 2 1 98,192 "44";
45 0 1 224,282 "45";
46 1 1 87,178 "46";
47 0 0 124,163 "47";
48 2 1 190,248 "48";
49 0 0 268,271 "49";
50 2 1 175,263 "50";
51 2 0 173,217 "51";
52 0 1 98,258 "52";
53 0 1 128,272 "53";
54 0 0 187,240 "54";
55 1 1 175,280 "55";
56 1 1 172,224 "56";
57 1 1 18,86 "57";
58 2 1 42,98 "58";
59 0 1 128,235 "59";
60 1 1 201,226 "60";
61 2 1 93,258 "61";
62 0 1 32,113 "62";
63 0 1 182,237 "63";
64 1 1 79,250 "64";
65 1 0 110,199 "65";
66 0 1 133,172 "66";
67 1 0 82,265 "67";
68 2 1 59,131 "68";
69 0 0 128,185 "69";
70 2 0 67,109 "70";
71 0 0 139,155 "71";
72 2 0 185,270 "72";
73 2 0 45,273 "73";
74 0 1 36,233 "74";
75 1 1 136,229 "75";
76 0 1 177,228 "76";
77 1 0 40,246 "77";
78 0 0 39,45 "78";
79 1 0 175,192 "79";
80 2 1 75,270 "80";
81 2 0 38,115 "81";
82 1 1 161,250 "82";
83 1 0 8,147 "83";
84 2 0 27,117 "84";
85 0 1 198,228 "85";
86 1 1 8,214 "86";
87 2 0 58,86 "87";
88 0 1 84,125 "88";
89 0 1 52,256 "89";
90 2 1 6,31 "90";
91 1 1 68,153 "91";
92 2 0 46,114 "92";
93 0 1 219,251 "93";
94 0 1 64,129 "94";
95 2 0 77,86 "95";
96 0 0 52,180 "96";
97 2 1 60,81 "97";
98 2 1 59,278 "98";
99 1 0 38,51 "99";
100 1 1 25,260 "100";
101 0 1 171,192 "101";
102 1 0 88,248 "102";
103 0 0 67,187 "103";
104 1 0 73,95 "104";
105 0 0 182,214 "105";
106 0 0 102,246 "106";
107 2 1 222,244 "107";
108 1 1 109,170 "108";
109 1 1 60,137 "109";
110 2 0 123,225 "110";
111 0 1 107,268 "111";
112 1 1 123,212 "112";
113 0 0 216,265 "113";
114 1 1 0,11 "114";
115 2 1 209,216 "115";
116 0 0 20,44 "116";
117 0 0 5,238 "117";
118 1 1 161,264 "118";
119 0 0 33,101 "119";
120 0 1 140,192 "120";
121 0 0 119,235 "121";
122 1 0 26,172 "122";
123 1 0 164,234 "123";
124 0 0 38,154 "124";
125 0 0 20,123 "125";
126 1 0 191,196 "126";
127 1 0 134,220 "127";
128 2 1 15,177 "128";
129 0 0 73,190 "129";
130 1 0 48,56 "130";
131 2 1 105,161 "131";
132 1 0 127,142 "132";
133 0 1 165,240 "133";
134 1 1 58,259 "134";
135 2 0 184,192 "135";
136 2 0 178,267 "136";
137 0 0 16,269 "137";
138 0 0 62,240 "138";
139 2 0 65,136 "139";
140 2 0 29,248 "140";
141 1 0 232,258 "141";
142 1 1 49,143 "142";
143 0 0 168,205 "143";
144 1 1 265,274 "144";
145 1 0 39,174 "145";
146 0 0 101,221 "146";
147 0 0 129,231 "147";
148 2 1 144,197 "148";
149 1 0 199,231 "149";
150 2 0 116,270 "150";
151 1 0 21,216 "151";
152 1 0 49,247 "152";
153 0 1 66,243 "153";
154 0 0 166,196 "154";
155 0 1 2,189 "155";
156 2 0 24,82 "156";
157 2 0 36,123 "157";
158 2 1 47,193 "158";
159 0 1 102,107 "159";
160 1 0 111,249 "160";
161 2 0 71,119 "161";
162 1 1 12,148 "162";
163 2 1 251,261 "163";
164 2 0 153,194 "164";
165 1 1 17,170 "165";
166 1 0 231,275 "166";
167 1 1 45,96 "167";
168 2 0 132,264 "168";
169 1 0 2,248 "169";
170 1 0 51,93 "170";
171 1 0 75,102 "171";
172 0 1 124,189 "172";
173 2 1 57,210 "173";
174 0 1 179,279 "174";
175 2 1 51,275 "175";
176 0 1 109,281 "176";
177 2 1 48,120 "177";
178 0 0 187,221 "178";
179 1 1 178,189 "179";
180 0 0 85,242 "180";
181 1 0 144,183 "181";
182 0 0 150,251 "182";
183 1 0 23,217 "183";
184 0 0 39,108 "184";
185 2 1 27,74 "185";
186 2 0 75,242 "186";
187 0 1 1,50 "187";
188 0 1 43,94 "188";
189 1 0 2,232 "189";
190 0 0 90,121 "190";
191 0 0 5,64 "191";
192 0 1 19,219 "192";
193 2 1 151,266 "193";
194 0 1 49,146 "194";
195 2 0 35,42 "195";
196 0 0 193,195 "196";
197 1 0 80,160 "197";
198 0 0 68,73 "198";
199 0 1 74,82 "199";
200 2 0 159,281 "200";
201 1 0 125,165 "201";
202 2 1 6,54 "202";
203 0 0 14,23 "203";
204 0 0 189,225 "204";
205 0 0 104,228 "205";
206 0 0 207,281 "206";
207 1 0 153,246 "207";
208 2 0 7,166 "208";
209 0 1 90,92 "209";
210 2 1 59,219 "210";
211 1 1 100,142 "211";
212 1 0 45,128 "212";
213 2 0 14,64 "213";
214 1 1 76,101 "214";
215 1 0 78,111 "215";
216 0 0 105,241 "216";
217 0 0 77,138 "217";
218 2 1 198,237 "218";
219 2 0 69,230 "219";
220 1 1 246,266 "220";
221 2 0 137,188 "221";
222 1 0 1,79 "222";
223 1 0 7,205 "223";
224 1 1 100,251 "224";
225 1 0 100,170 "225";
226 2 0 91,190 "226";
227 1 1 143,240 "227";
228 1 1 11,94 "228";
229 0 1 1,87 "229";
230 2 0 124,225 "230";
231 2 1 62,149 "231";
232 1 0 122,244 "232";
233 2 1 15,36 "233";
234 1 1 14,181 "234";
235 2 1 131,260 "235";
236 1 1 189,193 "236";
237 2 1 35,138 "237";
238 1 0 91,103 "238";
239 0 1 26,109 "239";
240 0 1 63,182 "240";
241 1 1 136,179 "241";
242 1 1 161,256 "242";
243 0 0 140,261 "243";
244 2 1 192,206 "244";
245 1 0 11,202 "245";
246 2 0 91,195 "246";
247 0 0 42,169 "247";
248 1 0 228,277 "248";
249 2 0 38,273 "249";
250 1 1 14,21 "250";
251 1 0 161,193 "251";
252 2 1 20,271 "252";
253 2 0 87,219 "253";
254 0 0 127,205 "254";
255 2 1 157,274 "255";
256 0 0 220,222 "256";
257 0 1 72,284 "257";
258 1 0 141,242 "258";
259 2 1 12,159 "259";
260 2 1 165,181 "260";
261 1 1 166,251 "261";
262 2 0 206,209 "262";
263 2 1 68,270 "263";
264 2 1 176,178 "264";
265 2 0 12,270 "265";
266 0 1 44,170 "266";
267 0 1 162,184 "267";
268 0 1 200,280 "268";
269 2 1 184,210 "269";
270 0 0 52,90 "270";
271 2 1 105,151 "271";
272 2 1 11,110 "272";
273 0 1 16,167 "273";
274 1 1 69,265 "274";
275 1 0 156,256 "275";
276 2 0 101,209 "276";
277 0 0 52,71 "277";
278 2 0 9,260 "278";
279 0 1 90,97 "279";
280 2 0 74,122 "280";
281 2 0 24,228 "281";
282 1 0 154,156 "282";
283 2 0 63,166 "283";
284 1 1 142,213 "284";
