parity 244;
0 2 1 49,128 "0";
1 1 1 25,194 "1";
2 1 1 53,185 "2";
3 1 1 90,106 "3";
4 0 0 20,118 "4";
5 0 0 54,173 "5";
6 1 1 227,233 "6";
7 2 1 191,219 "7";
8 1 1 106,177 "8";
9 0 1 74,142 "9";
10 1 1 189,227 "10";
11 1 1 71,192 "11";
12 2 1 13,45 "12";
13 2 0 89,189 "13";
14 0 1 56,152 "14";
15 2 1 93,167 "15";
16 2 0 117,178 "16";
17 1 0 54,74 "17";
18 0 1 107,207 "18";
19 1 0 120,148 "19";
20 2 0 48,230 "20";
21 1 0 117,149 "21";
22 0 1 120,125 "22";
23 1 0 46,86 "23";
24 2 0 118,141 "24";
25 1 1 73,203 "25";
26 2 0 167,232 "26";
27 0 1 164,234 "27";
28 0 0 18,173 "28";
29 0 1 46,153 "29";
30 1 1 52,84 "30";
31 2 1 11,210 "31";
32 2 0 133,136 "32";
33 1 0 133,208 "33";
34 2 1 102,214 "34";
35 1 0 185,227 "35";
36 1 0 9,95 "36";
37 1 1 111,179 "37";
38 1 0 56,212 "38";
39 2 1 71,92 "39";
40 2 1 179,211 "40";
41 2 1 27,66 "41";
42 0 0 59,141 "42";
43 1 1 1,108 "43";
44 0 1 76,189 "44";
45 2 0 30,193 "45";
46 1 0 120,159 "46";
47 0 1 89,127 "47";
48 0 0 74,176 "48";
49 2 1 122,164 "49";
50 2 1 120,147 "50";
51 0 0 178,241 "51";
52 2 0 182,223 "52";
53 1 0 147,223 "53";
54 0 0 21,126 "54";
55 0 1 104,156 "55";
56 0 1 11,158 "56";
57 0 1 53,205 "57";
58 1 0 65,154 "58";
59 0 1 99,142 "59";
60 1 0 86,134 "60";
61 0 1 5,31 "61";
62 1 1 97,126 "62";
63 0 1 27,192 "63";
64 2 1 180,212 "64";
65 1 0 120,175 "65";
66 2 1 26,241 "66";
67 1 0 32,87 "67";
68 1 0 104,179 "68";
69 0 0 61,101 "69";
70 1 1 77,83 "70";
71 0 0 62,124 "71";
72 0 0 31,208 "72";
73 1 1 175,183 "73";
74 2 1 131,227 "74";
75 0 1 81,119 "75";
76 1 0 46,149 "76";
77 2 0 44,209 "77";
78 1 0 175,240 "78";
79 1 0 81,199 "79";
80 1 0 171,210 "80";
81 2 1 2,237 "81";
82 0 1 153,211 "82";
83 2 1 75,188 "83";
84 1 1 161,203 "84";
85 0 1 14,212 "85";
86 2 1 82,241 "86";
87 0 0 36,39 "87";
88 0 0 117,232 "88";
89 0 1 168,183 "89";
90 2 1 14,205 "90";
91 0 1 121,186 "91";
92 1 1 40,243 "92";
93 2 1 91,185 "93";
94 2 0 62,144 "94";
95 1 1 126,147 "95";
96 1 0 70,167 "96";
97 2 0 30,49 "97";
98 0 1 125,169 "98";
99 2 0 146,149 "99";
100 1 0 80,226 "100";
101 0 1 74,107 "101";
102 1 0 64,197 "102";
103 0 0 56,119 "103";
104 1 1 113,217 "104";
105 2 1 210,216 "105";
106 0 1 16,197 "106";
107 0 1 61,146 "107";
108 0 1 202,208 "108";
109 1 1 209,225 "109";
110 0 0 54,104 "110";
111 2 1 141,216 "111";
112 0 1 160,212 "112";
113 0 1 2,14 "113";
114 2 1 28,81 "114";
115 0 0 26,219 "115";
116 0 1 45,110 "116";
117 0 0 12,194 "117";
118 2 1 35,151 "118";
119 0 1 59,205 "119";
120 0 0 15,98 "120";
121 1 0 61,78 "121";
122 1 0 30,32 "122";
123 0 0 3,161 "123";
124 0 0 41,139 "124";
125 1 1 227,230 "125";
126 0 0 129,132 "126";
127 2 0 16,180 "127";
128 2 0 35,43 "128";
129 1 0 43,154 "129";
130 2 1 38,91 "130";
131 1 0 80,174 "131";
132 2 1 156,207 "132";
133 2 1 55,99 "133";
134 0 1 49,196 "134";
135 1 0 181,239 "135";
136 2 0 23,65 "136";
137 0 1 41,150 "137";
138 2 0 172,223 "138";
139 0 1 141,228 "139";
140 0 0 108,203 "140";
141 0 0 84,86 "141";
142 2 0 193,235 "142";
143 2 0 75,93 "143";
144 0 1 33,166 "144";
145 1 0 23,133 "145";
146 1 1 134,239 "146";
147 2 0 108,228 "147";
148 1 1 68,188 "148";
149 2 0 92,229 "149";
150 0 0 151,153 "150";
151 2 1 180,190 "151";
152 0 1 159,169 "152";
153 2 0 62,207 "153";
154 1 0 161,224 "154";
155 0 0 64,107 "155";
156 2 1 175,234 "156";
157 1 0 71,170 "157";
158 2 1 82,113 "158";
159 2 0 148,185 "159";
160 1 0 71,212 "160";
161 0 0 78,216 "161";
162 1 1 14,34 "162";
163 2 0 54,85 "163";
164 0 0 144,240 "164";
165 1 1 48,101 "165";
166 1 1 73,140 "166";
167 0 0 11,99 "167";
168 1 0 47,81 "168";
169 0 1 72,167 "169";
170 1 1 10,144 "170";
171 2 1 75,210 "171";
172 0 0 10,201 "172";
173 0 0 25,180 "173";
174 2 0 10,239 "174";
175 1 1 62,72 "175";
176 0 0 91,201 "176";
177 2 1 79,149 "177";
178 1 1 76,109 "178";
179 0 1 149,227 "179";
180 0 0 6,127 "180";
181 0 0 141,216 "181";
182 1 0 56,139 "182";
183 2 0 35,152 "183";
184 0 0 67,192 "184";
185 0 1 116,160 "185";
186 2 1 30,190 "186";
187 1 0 97,241 "187";
188 0 1 43,80 "188";
189 1 1 105,232 "189";
190 1 0 49,175 "190";
191 2 0 122,135 "191";
192 1 0 90,141 "192";
193 0 1 52,123 "193";
194 2 1 114,119 "194";
195 1 1 23,41 "195";
196 1 1 90,103 "196";
197 0 0 0,169 "197";
198 1 0 83,122 "198";
199 2 0 11,167 "199";
200 1 1 160,225 "200";
201 1 0 7,179 "201";
202 1 0 4,226 "202";
203 2 1 90,101 "203";
204 1 1 19,130 "204";
205 2 1 44,127 "205";
206 2 0 76,184 "206";
207 0 0 186,201 "207";
208 0 1 172,211 "208";
209 0 0 29,173 "209";
210 2 0 140,154 "210";
211 0 0 73,114 "211";
212 2 0 11,19 "212";
213 1 0 84,182 "213";
214 1 0 145,221 "214";
215 2 0 37,92 "215";
216 0 0 125,185 "216";
217 2 0 13,26 "217";
218 0 0 135,205 "218";
219 0 1 102,141 "219";
220 0 0 5,236 "220";
221 1 0 8,78 "221";
222 2 1 54,191 "222";
223 2 1 36,86 "223";
224 0 0 4,163 "224";
225 0 0 11,43 "225";
226 1 0 28,184 "226";
227 2 1 133,200 "227";
228 2 0 49,136 "228";
229 0 1 72,136 "229";
230 2 1 195,197 "230";
231 2 1 16,66 "231";
232 1 0 63,107 "232";
233 1 1 10,22 "233";
234 1 1 50,172 "234";
235 0 1 80,110 "235";
236 2 1 84,100 "236";
237 1 1 40,183 "237";
238 0 0 42,110 "238";
239 1 0 5,160 "239";
240 1 1 35,186 "240";
241 0 0 22,151 "241";
242 1 1 100,205 "242";
243 2 1 36,147 "243";
244 0 1 119,151 "244";
