parity 249;
0 2 0 27,91 "0";
1 0 1 45,188 "1";
2 0 0 105,239 "2";
3 2 1 96,217 "3";
4 0 1 86,173 "4";
5 1 0 100,147 "5";
6 1 1 34,82 "6";
7 0 1 106,216 "7";
8 1 1 5,170 "8";
9 0 0 57,127 "9";
10 0 1 160,170 "10";
11 1 1 106,158 "11";
12 0 1 46,135 "12";
13 1 0 178,215 "13";
14 0 1 189,229 "14";
15 2 0 2,143 "15";
16 2 0 25,52 "16";
17 1 1 109,187 "17";
18 0 0 100,132 "18";
19 0 0 134,162 "19";
20 0 0 73,191 "20";
21 0 0 15,172 "21";
22 1 1 180,208 "22";
23 2 0 56,155 "23";
24 2 1 60,228 "24";
25 1 0 69,221 "25";
26 0 0 51,216 "26";
27 1 0 40,168 "27";
28 2 1 85,168 "28";
29 2 1 123,184 "29";
30 2 1 24,113 "30";
31 1 0 40,45 "31";
32 1 0 105,127 "32";
33 1 0 93,159 "33";
34 2 0 63,73 "34";
35 1 1 79,243 "35";
36 1 1 93,246 "36";
37 0 1 90,125 "37";
38 0 0 94,134 "38";
39 0 1 152,243 "39";
40 1 0 84,186 "40";
41 0 0 190,210 "41";
42 0 0 7,90 "42";
43 0 1 196,214 "43";
44 2 0 186,235 "44";
45 0 1 24,192 "45";
46 2 1 44,239 "46";
47 0 0 20,91 "47";
48 1 0 178,224 "48";
49 1 1 32,98 "49";
50 0 0 11,196 "50";
51 0 0 74,178 "51";
52 0 0 179,244 "52";
53 0 0 97,128 "53";
54 0 0 1,171 "54";
55 1 0 0,187 "55";
56 1 1 135,203 "56";
57 2 1 3,119 "57";
58 1 0 14,227 "58";
59 1 0 23,52 "59";
60 0 0 66,147 "60";
61 2 1 131,196 "61";
62 0 1 63,83 "62";
63 2 1 133,151 "63";
64 1 0 41,154 "64";
65 1 1 189,203 "65";
66 1 1 83,202 "66";
67 2 1 51,98 "67";
68 1 1 47,168 "68";
69 0 1 115,158 "69";
70 2 1 85,145 "70";
71 0 0 175,236 "71";
72 0 1 40,116 "72";
73 1 0 118,160 "73";
74 1 1 101,198 "74";
75 1 0 166,209 "75";
76 1 0 24,58 "76";
77 1 1 17,226 "77";
78 1 1 92,144 "78";
79 2 1 35,99 "79";
80 1 1 132,184 "80";
81 2 0 103,222 "81";
82 1 0 43,100 "82";
83 1 1 128,133 "83";
84 2 1 20,216 "84";
85 1 0 13,187 "85";
86 2 0 48,152 "86";
87 2 0 117,214 "87";
88 0 0 24,75 "88";
89 1 0 49,188 "89";
90 1 1 94,219 "90";
91 2 0 120,235 "91";
92 0 0 65,222 "92";
93 1 0 159,161 "93";
94 1 1 51,157 "94";
95 2 1 52,70 "95";
96 1 1 107,230 "96";
97 1 1 33,236 "97";
98 2 0 27,30 "98";
99 0 1 183,202 "99";
100 1 1 104,239 "100";
101 2 0 21,193 "101";
102 1 0 67,243 "102";
103 1 1 175,190 "103";
104 0 1 70,156 "104";
105 0 1 57,120 "105";
106 1 0 141,159 "106";
107 0 0 17,203 "107";
108 0 0 132,244 "108";
109 1 0 172,187 "109";
110 2 1 22,219 "110";
111 2 0 75,232 "111";
112 0 0 103,180 "112";
113 0 1 20,194 "113";
114 1 1 25,162 "114";
115 2 0 77,233 "115";
116 2 1 26,106 "116";
117 0 1 90,221 "117";
118 1 0 115,122 "118";
119 0 0 68,188 "119";
120 0 1 6,66 "120";
121 0 0 5,211 "121";
122 1 0 149,175 "122";
123 0 0 98,151 "123";
124 1 1 103,141 "124";
125 2 1 93,135 "125";
126 0 1 51,133 "126";
127 1 0 204,226 "127";
128 2 1 15,103 "128";
129 2 1 39,188 "129";
130 1 1 45,147 "130";
131 2 0 155,200 "131";
132 2 1 104,225 "132";
133 2 1 124,199 "133";
134 1 1 135,221 "134";
135 1 1 29,144 "135";
136 1 0 86,240 "136";
137 2 1 54,207 "137";
138 0 0 59,180 "138";
139 0 1 160,214 "139";
140 2 0 72,120 "140";
141 2 1 42,178 "141";
142 1 0 36,209 "142";
143 1 0 159,166 "143";
144 0 1 162,185 "144";
145 0 1 98,236 "145";
146 0 1 159,231 "146";
147 1 0 114,168 "147";
148 2 1 33,133 "148";
149 2 0 9,63 "149";
150 0 0 93,125 "150";
151 1 0 58,89 "151";
152 1 0 169,180 "152";
153 0 0 116,119 "153";
154 1 0 156,161 "154";
155 0 1 186,194 "155";
156 1 0 91,224 "156";
157 2 1 22,70 "157";
158 1 0 96,190 "158";
159 0 1 0,226 "159";
160 2 1 23,219 "160";
161 2 0 218,248 "161";
162 2 0 36,150 "162";
163 0 1 98,192 "163";
164 2 0 26,230 "164";
165 2 0 111,136 "165";
166 2 0 184,249 "166";
167 1 0 146,160 "167";
168 0 0 73,148 "168";
169 0 0 150,163 "169";
170 0 1 169,198 "170";
171 0 0 48,96 "171";
172 2 1 48,247 "172";
173 2 1 15,219 "173";
174 2 0 57,98 "174";
175 0 0 176,178 "175";
176 1 0 24,191 "176";
177 0 0 149,248 "177";
178 0 1 175,216 "178";
179 0 1 42,67 "179";
180 1 1 11,67 "180";
181 1 1 32,124 "181";
182 1 0 206,226 "182";
183 2 1 3,115 "183";
184 0 0 77,231 "184";
185 1 0 123,154 "185";
186 0 1 115,212 "186";
187 1 1 56,201 "187";
188 0 1 223,229 "188";
189 0 1 168,179 "189";
190 2 0 39,88 "190";
191 2 0 164,186 "191";
192 2 1 201,208 "192";
193 0 0 50,157 "193";
194 2 1 93,200 "194";
195 1 0 66,150 "195";
196 1 1 130,230 "196";
197 1 1 139,148 "197";
198 1 1 215,226 "198";
199 0 1 2,25 "199";
200 0 0 128,211 "200";
201 1 1 38,154 "201";
202 1 0 112,163 "202";
203 0 0 97,213 "203";
204 2 0 90,184 "204";
205 1 1 95,234 "205";
206 0 0 78,231 "206";
207 0 0 168,243 "207";
208 1 1 52,62 "208";
209 1 0 72,156 "209";
210 2 1 175,207 "210";
211 2 1 68,113 "211";
212 0 1 59,103 "212";
213 2 0 73,220 "213";
214 2 1 117,247 "214";
215 0 1 16,163 "215";
216 1 0 21,85 "216";
217 2 0 114,194 "217";
218 1 0 228,237 "218";
219 2 0 31,89 "219";
220 0 1 128,153 "220";
221 2 1 117,160 "221";
222 0 0 55,165 "222";
223 1 1 15,139 "223";
224 0 1 6,61 "224";
225 0 0 114,174 "225";
226 0 1 42,120 "226";
227 2 1 29,139 "227";
228 0 0 169,244 "228";
229 2 1 85,128 "229";
230 0 0 37,145 "230";
231 1 0 167,236 "231";
232 1 1 30,239 "232";
233 1 0 45,162 "233";
234 0 0 9,123 "234";
235 0 0 130,156 "235";
236 0 1 69,207 "236";
237 0 1 177,205 "237";
238 2 1 95,200 "238";
239 1 1 33,215 "239";
240 1 0 175,181 "240";
241 1 1 74,168 "241";
242 2 1 160,209 "242";
243 1 0 175,235 "243";
244 1 1 112,193 "244";
245 2 0 10,43 "245";
246 2 1 81,88 "246";
247 0 0 81,112 "247";
248 0 1 105,183 "248";
249 2 1 74,239 "249";
