parity 279;
0 1 0 21,246 "0";
1 1 0 188,200 "1";
2 2 0 170,174 "2";
3 0 1 72,221 "3";
4 0 0 139,167 "4";
5 0 1 41,60 "5";
6 2 1 163,231 "6";
7 2 0 87,235 "7";
8 0 0 7,231 "8";
9 1 0 94,98 "9";
10 2 0 162,202 "10";
11 2 0 79,167 "11";
12 0 1 72,109 "12";
13 1 1 178,260 "13";
14 0 0 43,274 "14";
15 2 1 78,140 "15";
16 0 1 74,203 "16";
17 0 1 1,118 "17";
18 2 1 63,148 "18";
19 2 0 223,278 "19";
20 1 0 88,117 "20";
21 2 1 155,159 "21";
22 1 1 168,247 "22";
23 1 1 16,74 "23";
24 0 1 12,128 "24";
25 1 0 41,102 "25";
26 0 0 193,243 "26";
27 0 1 169,176 "27";
28 1 0 55,101 "28";
29 2 1 60,80 "29";
30 2 0 123,236 "30";
31 0 0 3,101 "31";
32 0 1 58,213 "32";
33 2 1 136,186 "33";
34 1 0 199,222 "34";
35 0 1 46,187 "35";
36 2 0 26,164 "36";
37 0 1 13,214 "37";
38 0 0 48,195 "38";
39 2 1 5,143 "39";
40 1 1 47,278 "40";
41 1 1 1,86 "41";
42 0 0 29,117 "42";
43 1 0 61,241 "43";
44 1 0 51,190 "44";
45 2 1 90,179 "45";
46 0 1 48,161 "46";
47 1 1 63,208 "47";
48 0 0 77,130 "48";
49 1 1 30,109 "49";
50 1 1 127,195 "50";
51 1 0 55,183 "51";
52 1 0 136,256 "52";
53 0 0 236,241 "53";
54 2 0 37,167 "54";
55 1 1 108,176 "55";
56 1 0 25,53 "56";
57 0 0 77,103 "57";
58 2 1 7,14 "58";
59 2 1 90,170 "59";
60 1 0 28,274 "60";
61 1 1 117,127 "61";
62 0 1 232,235 "62";
63 2 1 52,113 "63";
64 1 1 58,88 "64";
65 1 1 92,207 "65";
66 2 1 18,154 "66";
67 0 0 206,246 "67";
68 2 1 149,221 "68";
69 2 1 125,148 "69";
70 1 1 77,177 "70";
71 0 1 27,181 "71";
72 1 1 38,270 "72";
73 0 1 114,162 "73";
74 2 1 230,273 "74";
75 1 1 115,206 "75";
76 0 0 20,99 "76";
77 1 0 45,230 "77";
78 2 0 4,253 "78";
79 2 1 125,263 "79";
80 0 0 30,76 "80";
81 0 1 63,107 "81";
82 1 0 15,59 "82";
83 2 0 34,246 "83";
84 1 1 134,251 "84";
85 1 0 58,213 "85";
86 2 0 67,236 "86";
87 0 1 180,256 "87";
88 2 1 104,114 "88";
89 1 0 64,235 "89";
90 1 0 48,278 "90";
91 0 1 197,229 "91";
92 2 1 80,174 "92";
93 0 0 121,196 "93";
94 1 1 40,242 "94";
95 2 1 166,184 "95";
96 0 0 177,211 "96";
97 2 1 138,248 "97";
98 2 1 56,217 "98";
99 1 1 221,225 "99";
100 0 0 117,200 "100";
101 2 0 29,48 "101";
102 1 0 24,127 "102";
103 2 1 126,268 "103";
104 1 0 97,133 "104";
105 1 0 98,184 "105";
106 0 1 20,140 "106";
107 2 1 68,73 "107";
108 0 0 92,272 "108";
109 1 0 44,188 "109";
110 0 0 71,138 "110";
111 2 0 113,199 "111";
112 1 0 168,185 "112";
113 1 0 9,201 "113";
114 1 1 179,219 "114";
115 0 0 113,135 "115";
116 0 0 206,255 "116";
117 1 1 33,62 "117";
118 2 0 248,257 "118";
119 2 1 7,31 "119";
120 1 1 149,224 "120";
121 0 1 39,251 "121";
122 1 1 39,277 "122";
123 2 1 88,230 "123";
124 2 1 244,258 "124";
125 1 0 33,64 "125";
126 0 0 3,131 "126";
127 0 1 85,109 "127";
128 0 0 30,142 "128";
129 2 0 160,247 "129";
130 1 1 236,252 "130";
131 2 0 71,88 "131";
132 0 0 100,204 "132";
133 0 1 142,220 "133";
134 1 1 147,186 "134";
135 1 0 39,93 "135";
136 2 0 114,166 "136";
137 0 1 185,279 "137";
138 2 1 32,126 "138";
139 0 0 58,173 "139";
140 1 0 121,195 "140";
141 0 0 159,224 "141";
142 0 0 51,113 "142";
143 2 0 63,195 "143";
144 2 1 65,155 "144";
145 1 0 125,244 "145";
146 0 1 210,234 "146";
147 2 0 58,106 "147";
148 0 0 18,273 "148";
149 0 0 190,226 "149";
150 2 1 23,141 "150";
151 1 0 62,132 "151";
152 0 0 89,176 "152";
153 0 0 84,158 "153";
154 2 0 2,21 "154";
155 0 0 11,82 "155";
156 2 0 52,267 "156";
157 0 1 49,86 "157";
158 1 1 233,260 "158";
159 1 0 190,198 "159";
160 1 0 210,228 "160";
161 1 0 37,269 "161";
162 1 1 99,210 "162";
163 0 1 118,234 "163";
164 0 0 133,137 "164";
165 1 0 134,193 "165";
166 1 1 53,231 "166";
167 1 1 70,100 "167";
168 1 1 0,186 "168";
169 2 1 166,167 "169";
170 2 0 51,267 "170";
171 1 1 121,160 "171";
172 0 1 247,268 "172";
173 0 1 29,156 "173";
174 0 1 233,276 "174";
175 1 0 24,64 "175";
176 2 1 156,274 "176";
177 1 0 58,175 "177";
178 2 1 34,39 "178";
179 1 0 155,175 "179";
180 1 1 123,163 "180";
181 2 0 160,210 "181";
182 1 1 70,132 "182";
183 1 1 20,141 "183";
184 0 1 157,277 "184";
185 0 0 128,239 "185";
186 2 0 87,243 "186";
187 1 1 139,155 "187";
188 2 1 103,246 "188";
189 2 1 47,59 "189";
190 0 1 44,153 "190";
191 1 1 14,122 "191";
192 2 1 17,72 "192";
193 0 1 239,272 "193";
194 2 1 93,245 "194";
195 2 1 205,210 "195";
196 0 0 129,268 "196";
197 1 1 71,220 "197";
198 2 0 41,166 "198";
199 0 1 20,201 "199";
200 2 0 246,256 "200";
201 2 1 1,83 "201";
202 2 1 66,87 "202";
203 0 0 49,52 "203";
204 2 0 157,207 "204";
205 2 1 164,209 "205";
206 1 0 9,181 "206";
207 1 0 208,269 "207";
208 2 1 151,158 "208";
209 2 1 90,102 "209";
210 1 0 41,221 "210";
211 0 0 182,270 "211";
212 0 1 91,224 "212";
213 2 0 86,90 "213";
214 0 1 18,204 "214";
215 1 0 74,166 "215";
216 2 0 41,200 "216";
217 2 0 178,209 "217";
218 0 1 164,212 "218";
219 2 0 8,60 "219";
220 0 1 109,117 "220";
221 2 0 28,207 "221";
222 2 1 31,170 "222";
223 0 1 91,116 "223";
224 0 1 63,255 "224";
225 0 0 26,54 "225";
226 1 1 116,191 "226";
227 0 0 43,81 "227";
228 1 1 69,189 "228";
229 2 0 34,119 "229";
230 1 1 122,261 "230";
231 0 1 257,279 "231";
232 0 0 138,217 "232";
233 1 0 111,250 "233";
234 0 0 10,26 "234";
235 1 1 103,198 "235";
236 1 0 7,132 "236";
237 0 1 5,58 "237";
238 1 0 158,261 "238";
239 2 0 133,276 "239";
240 2 1 128,208 "240";
241 2 0 41,94 "241";
242 0 0 93,110 "242";
243 1 1 195,199 "243";
244 2 1 143,271 "244";
245 1 1 21,119 "245";
246 0 1 32,139 "246";
247 1 1 100,163 "247";
248 2 0 98,197 "248";
249 2 1 178,180 "249";
250 2 1 77,278 "250";
251 2 0 57,63 "251";
252 2 0 132,275 "252";
253 1 0 156,273 "253";
254 2 1 157,208 "254";
255 0 0 252,265 "255";
256 2 1 98,165 "256";
257 0 1 42,184 "257";
258 0 0 48,266 "258";
259 0 1 70,117 "259";
260 0 0 56,153 "260";
261 0 0 237,251 "261";
262 0 0 75,227 "262";
263 2 1 37,240 "263";
264 1 0 73,178 "264";
265 0 1 139,217 "265";
266 2 0 0,42 "266";
267 1 1 151,191 "267";
268 0 1 170,259 "268";
269 0 1 9,179 "269";
270 1 0 247,260 "270";
271 2 1 14,91 "271";
272 2 1 10,67 "272";
273 0 1 20,139 "273";
274 0 1 84,208 "274";
275 2 1 67,234 "275";
276 0 0 8,215 "276";
277 2 0 149,194 "277";
278 2 1 47,162 "278";
279 1 1 94,157 "279";
