parity 229;
0 2 0 152,176 "0";
1 1 1 77,192 "1";
2 1 0 147,194 "2";
3 0 1 0,214 "3";
4 2 1 45,138 "4";
5 0 0 69,116 "5";
6 1 0 47,152 "6";
7 2 1 12,40 "7";
8 0 1 161,178 "8";
9 2 1 18,118 "9";
10 2 1 11,53 "10";
11 2 0 88,229 "11";
12 2 1 8,79 "12";
13 0 0 132,159 "13";
14 1 1 153,226 "14";
15 0 1 24,63 "15";
16 2 1 133,167 "16";
17 1 1 18,110 "17";
18 0 1 124,208 "18";
19 1 0 80,126 "19";
20 0 1 80,114 "20";
21 2 0 75,197 "21";
22 2 0 165,211 "22";
23 2 0 51,118 "23";
24 1 1 136,149 "24";
25 2 0 57,116 "25";
26 2 1 109,150 "26";
27 2 1 100,212 "27";
28 2 1 68,228 "28";
29 2 1 161,183 "29";
30 2 1 6,135 "30";
31 1 1 35,228 "31";
32 0 0 105,184 "32";
33 1 1 147,191 "33";
34 2 0 45,193 "34";
35 0 0 76,181 "35";
36 0 0 132,191 "36";
37 0 1 22,184 "37";
38 1 1 88,205 "38";
39 2 1 103,189 "39";
40 1 0 62,227 "40";
41 0 0 170,187 "41";
42 2 0 130,176 "42";
43 1 0 151,206 "43";
44 1 0 13,205 "44";
45 1 1 66,190 "45";
46 1 1 137,226 "46";
47 0 1 139,218 "47";
48 0 0 129,190 "48";
49 0 1 76,135 "49";
50 0 0 171,214 "50";
51 1 1 17,187 "51";
52 1 0 134,191 "52";
53 1 0 126,139 "53";
54 2 0 39,174 "54";
55 2 1 97,223 "55";
56 1 1 58,179 "56";
57 1 0 29,163 "57";
58 1 0 16,52 "58";
59 0 1 37,90 "59";
60 2 1 81,182 "60";
61 1 0 162,173 "61";
62 2 0 99,136 "62";
63 0 1 106,220 "63";
64 0 1 142,190 "64";
65 0 1 32,152 "65";
66 2 1 171,178 "66";
67 0 0 72,220 "67";
68 0 0 1,40 "68";
69 2 0 88,158 "69";
70 2 0 5,191 "70";
71 2 1 111,138 "71";
72 2 0 47,115 "72";
73 1 0 54,215 "73";
74 0 0 79,229 "74";
75 1 1 8,104 "75";
76 1 0 144,223 "76";
77 1 1 93,160 "77";
78 1 1 37,56 "78";
79 1 1 43,95 "79";
80 1 1 6,195 "80";
81 2 0 96,117 "81";
82 0 0 25,220 "82";
83 0 0 43,52 "83";
84 1 1 48,122 "84";
85 1 1 5,51 "85";
86 0 1 29,203 "86";
87 1 1 40,90 "87";
88 1 0 71,83 "88";
89 1 0 15,81 "89";
90 2 1 82,223 "90";
91 1 1 11,31 "91";
92 1 1 101,146 "92";
93 1 0 73,114 "93";
94 0 0 22,132 "94";
95 0 1 63,106 "95";
96 1 0 133,179 "96";
97 0 0 3,37 "97";
98 0 1 84,190 "98";
99 1 1 22,204 "99";
100 1 0 65,112 "100";
101 2 0 38,98 "101";
102 1 1 86,190 "102";
103 1 0 71,190 "103";
104 2 0 158,179 "104";
105 2 0 91,162 "105";
106 0 1 137,151 "106";
107 0 1 171,228 "107";
108 0 0 97,219 "108";
109 1 1 31,103 "109";
110 0 0 152,184 "110";
111 2 0 64,203 "111";
112 2 0 26,165 "112";
113 0 1 19,196 "113";
114 0 1 178,201 "114";
115 2 1 31,66 "115";
116 1 1 114,142 "116";
117 0 0 102,202 "117";
118 0 1 93,114 "118";
119 2 0 116,138 "119";
120 0 0 0,11 "120";
121 0 1 155,218 "121";
122 1 0 113,119 "122";
123 0 0 137,215 "123";
124 1 0 59,139 "124";
125 0 1 85,102 "125";
126 1 1 39,219 "126";
127 0 1 27,41 "127";
128 1 1 90,212 "128";
129 2 1 104,107 "129";
130 2 1 33,195 "130";
131 1 1 64,120 "131";
132 2 0 200,215 "132";
133 1 0 149,204 "133";
134 1 0 118,221 "134";
135 0 0 11,165 "135";
136 2 0 58,60 "136";
137 0 0 103,206 "137";
138 0 0 11,41 "138";
139 2 1 1,73 "139";
140 1 1 97,162 "140";
141 0 0 44,220 "141";
142 2 1 56,188 "142";
143 0 1 190,221 "143";
144 2 1 188,198 "144";
145 0 0 127,200 "145";
146 0 1 96,104 "146";
147 1 0 20,49 "147";
148 0 0 166,169 "148";
149 2 1 10,87 "149";
150 1 1 16,32 "150";
151 2 0 75,211 "151";
152 1 1 97,141 "152";
153 1 1 104,208 "153";
154 1 0 10,135 "154";
155 1 1 54,199 "155";
156 0 1 98,152 "156";
157 0 0 84,158 "157";
158 0 0 71,154 "158";
159 0 0 43,171 "159";
160 1 1 28,205 "160";
161 1 1 8,155 "161";
162 1 1 66,183 "162";
163 1 1 76,185 "163";
164 1 0 49,149 "164";
165 0 1 83,150 "165";
166 0 1 37,182 "166";
167 0 1 37,78 "167";
168 1 1 158,170 "168";
169 2 0 47,109 "169";
170 2 1 152,193 "170";
171 0 0 132,179 "171";
172 1 0 150,190 "172";
173 2 0 202,220 "173";
174 0 1 16,148 "174";
175 0 0 96,177 "175";
176 2 0 7,141 "176";
177 0 0 169,226 "177";
178 1 1 103,229 "178";
179 1 1 131,229 "179";
180 0 0 35,66 "180";
181 0 1 138,227 "181";
182 2 1 97,115 "182";
183 2 1 112,186 "183";
184 2 1 101,185 "184";
185 2 0 15,169 "185";
186 1 1 169,181 "186";
187 0 0 12,157 "187";
188 0 1 37,56 "188";
189 2 1 17,120 "189";
190 1 0 55,95 "190";
191 0 1 51,205 "191";
192 2 0 98,113 "192";
193 1 1 25,101 "193";
194 0 0 1,53 "194";
195 2 0 40,119 "195";
196 0 0 78,123 "196";
197 2 0 134,222 "197";
198 2 0 108,125 "198";
199 0 0 51,164 "199";
200 0 0 28,180 "200";
201 0 0 89,135 "201";
202 1 1 105,125 "202";
203 1 0 0,5 "203";
204 2 1 133,206 "204";
205 1 1 9,61 "205";
206 0 1 142,155 "206";
207 2 0 6,168 "207";
208 0 1 124,169 "208";
209 2 0 24,133 "209";
210 0 1 21,140 "210";
211 2 0 130,197 "211";
212 1 0 48,79 "212";
213 0 0 119,199 "213";
214 1 0 172,204 "214";
215 2 1 138,158 "215";
216 0 0 13,82 "216";
217 1 1 56,78 "217";
218 2 0 17,71 "218";
219 2 0 94,203 "219";
220 2 0 50,108 "220";
221 2 0 0,58 "221";
222 1 1 65,210 "222";
223 0 0 133,148 "223";
224 2 1 162,190 "224";
225 1 0 74,155 "225";
226 0 0 8,216 "226";
227 2 1 81,176 "227";
228 2 0 121,130 "228";
229 2 1 5,173 "229";
