parity 259;
0 0 0 124,160 "0";
1 0 0 74,197 "1";
2 2 0 4,74 "2";
3 0 1 231,245 "3";
4 0 0 91,218 "4";
5 2 1 107,159 "5";
6 2 0 44,202 "6";
7 2 0 136,158 "7";
8 0 0 6,73 "8";
9 0 0 96,235 "9";
10 2 0 55,209 "10";
11 2 1 6,116 "11";
12 2 1 138,239 "12";
13 2 1 91,157 "13";
14 1 0 58,238 "14";
15 2 1 188,243 "15";
16 0 1 64,104 "16";
17 2 0 154,169 "17";
18 2 1 111,124 "18";
19 1 1 12,159 "19";
20 2 0 96,154 "20";
21 2 1 34,195 "21";
22 0 1 66,196 "22";
23 0 0 47,60 "23";
24 0 1 15,72 "24";
25 0 1 129,246 "25";
26 0 1 24,48 "26";
27 0 0 38,61 "27";
28 2 1 71,87 "28";
29 2 1 169,255 "29";
30 0 0 186,229 "30";
31 2 0 18,191 "31";
32 2 1 76,224 "32";
33 1 0 121,217 "33";
34 0 1 113,257 "34";
35 2 1 6,39 "35";
36 2 0 67,173 "36";
37 1 1 157,211 "37";
38 1 1 1,49 "38";
39 2 1 43,211 "39";
40 0 1 135,163 "40";
41 1 0 2,154 "41";
42 2 1 85,119 "42";
43 0 0 222,233 "43";
44 2 1 168,188 "44";
45 0 1 60,153 "45";
46 1 0 54,142 "46";
47 0 0 62,76 "47";
48 1 1 69,242 "48";
49 1 0 7,220 "49";
50 2 0 97,230 "50";
51 0 0 55,150 "51";
52 1 0 56,95 "52";
53 1 0 75,160 "53";
54 0 0 19,211 "54";
55 2 1 82,176 "55";
56 1 1 116,157 "56";
57 2 0 26,249 "57";
58 0 1 151,203 "58";
59 2 1 80,140 "59";
60 2 1 172,235 "60";
61 0 0 51,190 "61";
62 2 1 106,167 "62";
63 1 0 44,183 "63";
64 1 0 43,99 "64";
65 2 0 26,132 "65";
66 0 0 84,136 "66";
67 2 0 85,87 "67";
68 1 1 128,211 "68";
69 2 1 74,157 "69";
70 0 0 21,183 "70";
71 0 1 106,139 "71";
72 0 1 182,227 "72";
73 0 0 146,251 "73";
74 0 1 45,251 "74";
75 1 1 224,250 "75";
76 1 1 43,84 "76";
77 1 1 103,222 "77";
78 1 1 48,159 "78";
79 1 0 14,244 "79";
80 1 0 68,116 "80";
81 1 0 53,144 "81";
82 1 0 41,189 "82";
83 0 1 21,95 "83";
84 1 0 30,150 "84";
85 2 1 43,235 "85";
86 1 1 54,92 "86";
87 2 1 89,98 "87";
88 2 0 56,259 "88";
89 1 0 6,139 "89";
90 1 0 40,173 "90";
91 0 1 156,159 "91";
92 2 0 229,257 "92";
93 2 0 17,152 "93";
94 0 0 9,74 "94";
95 2 1 151,205 "95";
96 1 1 135,144 "96";
97 0 0 75,211 "97";
98 0 1 90,94 "98";
99 0 1 46,147 "99";
100 2 1 63,148 "100";
101 2 0 107,241 "101";
102 2 1 29,82 "102";
103 0 1 41,225 "103";
104 0 1 103,227 "104";
105 1 1 50,121 "105";
106 0 1 210,227 "106";
107 2 0 195,250 "107";
108 2 1 32,107 "108";
109 0 0 58,168 "109";
110 0 0 105,114 "110";
111 1 0 48,198 "111";
112 2 1 11,204 "112";
113 2 1 14,221 "113";
114 0 1 148,216 "114";
115 2 1 11,68 "115";
116 2 1 185,226 "116";
117 0 1 136,259 "117";
118 2 0 1,113 "118";
119 0 0 46,194 "119";
120 1 1 10,41 "120";
121 1 1 143,181 "121";
122 0 0 118,142 "122";
123 0 0 79,191 "123";
124 1 0 17,74 "124";
125 0 1 81,112 "125";
126 2 1 51,238 "126";
127 1 0 104,148 "127";
128 2 1 21,141 "128";
129 1 1 151,188 "129";
130 1 1 63,189 "130";
131 0 0 117,155 "131";
132 2 0 52,155 "132";
133 2 0 2,43 "133";
134 0 1 96,225 "134";
135 0 0 220,259 "135";
136 1 0 6,245 "136";
137 0 0 193,202 "137";
138 0 1 153,158 "138";
139 2 1 102,179 "139";
140 2 1 37,149 "140";
141 1 0 58,179 "141";
142 1 0 102,169 "142";
143 0 0 83,249 "143";
144 0 0 3,160 "144";
145 2 0 199,228 "145";
146 2 1 44,258 "146";
147 2 0 37,185 "147";
148 2 0 109,254 "148";
149 0 0 137,247 "149";
150 0 1 177,180 "150";
151 0 1 89,112 "151";
152 1 0 94,103 "152";
153 2 1 135,138 "153";
154 1 1 35,78 "154";
155 2 1 81,146 "155";
156 0 0 114,164 "156";
157 2 0 87,144 "157";
158 0 0 15,194 "158";
159 2 1 55,244 "159";
160 0 1 143,174 "160";
161 1 0 39,259 "161";
162 0 1 15,33 "162";
163 0 1 10,243 "163";
164 2 0 41,66 "164";
165 1 1 132,154 "165";
166 0 1 30,131 "166";
167 2 1 109,154 "167";
168 0 1 100,120 "168";
169 1 1 21,30 "169";
170 2 0 25,214 "170";
171 2 1 63,95 "171";
172 2 0 129,176 "172";
173 2 0 120,219 "173";
174 2 0 83,147 "174";
175 0 1 29,95 "175";
176 0 0 82,164 "176";
177 0 0 106,121 "177";
178 2 0 69,258 "178";
179 2 1 50,75 "179";
180 0 0 42,168 "180";
181 2 0 54,143 "181";
182 2 1 175,228 "182";
183 0 0 59,233 "183";
184 0 1 118,211 "184";
185 1 0 113,130 "185";
186 2 0 132,248 "186";
187 2 0 154,222 "187";
188 1 0 37,200 "188";
189 0 1 103,125 "189";
190 1 1 6,22 "190";
191 1 1 22,233 "191";
192 0 0 38,205 "192";
193 1 1 54,119 "193";
194 0 1 171,217 "194";
195 0 1 102,223 "195";
196 0 1 97,136 "196";
197 1 0 101,193 "197";
198 1 0 73,162 "198";
199 2 0 87,167 "199";
200 0 0 6,78 "200";
201 1 0 59,124 "201";
202 1 0 119,201 "202";
203 2 1 36,228 "203";
204 2 0 191,253 "204";
205 2 0 40,76 "205";
206 0 0 56,229 "206";
207 1 0 190,254 "207";
208 0 1 39,111 "208";
209 0 0 197,249 "209";
210 1 1 76,150 "210";
211 0 1 117,196 "211";
212 2 1 179,256 "212";
213 1 0 102,114 "213";
214 0 0 78,193 "214";
215 0 1 17,177 "215";
216 1 0 221,250 "216";
217 0 1 3,161 "217";
218 0 1 76,183 "218";
219 1 0 141,165 "219";
220 1 0 127,185 "220";
221 0 1 89,172 "221";
222 1 1 107,229 "222";
223 0 1 23,179 "223";
224 0 0 185,186 "224";
225 1 1 239,245 "225";
226 1 0 8,99 "226";
227 2 1 120,134 "227";
228 0 0 93,126 "228";
229 0 1 20,206 "229";
230 1 1 61,69 "230";
231 2 0 112,140 "231";
232 1 1 97,173 "232";
233 0 0 214,224 "233";
234 2 0 13,36 "234";
235 2 1 201,239 "235";
236 1 1 37,161 "236";
237 2 0 35,234 "237";
238 1 0 43,71 "238";
239 0 1 46,78 "239";
240 1 0 199,237 "240";
241 2 0 47,250 "241";
242 1 1 10,259 "242";
243 1 0 24,133 "243";
244 0 1 35,152 "244";
245 2 1 42,60 "245";
246 2 1 138,156 "246";
247 1 0 27,257 "247";
248 1 0 79,233 "248";
249 1 0 63,190 "249";
250 1 0 70,229 "250";
251 1 1 20,49 "251";
252 1 0 15,199 "252";
253 1 0 7,51 "253";
254 1 0 54,212 "254";
255 2 0 101,221 "255";
256 0 1 125,167 "256";
257 1 1 167,183 "257";
258 2 0 38,48 "258";
259 2 1 20,135 "259";
