parity 229;
0 1 1 49,87 "0";
1 1 0 58,92 "1";
2 0 0 41,139 "2";
3 0 1 101,180 "3";
4 1 0 6,56 "4";
5 0 0 81,84 "5";
6 0 0 23,65 "6";
7 0 0 97,212 "7";
8 2 0 41,74 "8";
9 0 0 37,224 "9";
10 2 1 27,133 "10";
11 0 1 86,132 "11";
12 0 0 69,163 "12";
13 0 0 14,225 "13";
14 1 1 23,170 "14";
15 2 0 50,77 "15";
16 0 1 107,150 "16";
17 0 0 12,117 "17";
18 1 1 13,60 "18";
19 2 1 36,199 "19";
20 1 0 62,164 "20";
21 2 0 124,208 "21";
22 1 1 59,116 "22";
23 0 1 144,175 "23";
24 1 0 35,151 "24";
25 0 0 168,229 "25";
26 1 0 43,120 "26";
27 0 1 9,124 "27";
28 0 0 1,217 "28";
29 0 0 202,218 "29";
30 2 1 18,194 "30";
31 0 1 110,175 "31";
32 1 0 20,49 "32";
33 1 0 82,182 "33";
34 0 0 161,198 "34";
35 0 1 22,34 "35";
36 0 0 17,209 "36";
37 2 1 2,65 "37";
38 1 1 11,58 "38";
39 1 0 83,178 "39";
40 0 0 170,209 "40";
41 1 1 171,227 "41";
42 0 0 89,149 "42";
43 0 1 30,88 "43";
44 2 0 183,201 "44";
45 2 0 100,110 "45";
46 0 0 9,54 "46";
47 0 1 0,197 "47";
48 1 1 152,212 "48";
49 1 1 77,144 "49";
50 2 1 36,84 "50";
51 2 0 48,112 "51";
52 1 0 49,191 "52";
53 2 1 97,225 "53";
54 0 1 45,183 "54";
55 0 0 56,99 "55";
56 1 0 62,200 "56";
57 0 0 120,169 "57";
58 0 0 131,158 "58";
59 0 1 178,215 "59";
60 1 0 145,197 "60";
61 1 0 142,155 "61";
62 1 0 73,119 "62";
63 1 1 100,226 "63";
64 1 1 6,65 "64";
65 0 0 135,140 "65";
66 1 1 208,213 "66";
67 1 1 124,145 "67";
68 1 1 182,193 "68";
69 2 0 12,28 "69";
70 1 1 56,114 "70";
71 0 0 67,103 "71";
72 2 1 113,126 "72";
73 2 1 32,43 "73";
74 0 0 83,179 "74";
75 1 0 18,34 "75";
76 2 0 30,165 "76";
77 0 0 38,47 "77";
78 1 1 7,63 "78";
79 0 1 5,39 "79";
80 0 1 36,119 "80";
81 1 1 98,196 "81";
82 0 0 20,45 "82";
83 2 1 66,172 "83";
84 1 0 95,152 "84";
85 0 1 83,217 "85";
86 1 1 62,210 "86";
87 1 1 59,226 "87";
88 0 0 24,75 "88";
89 2 1 81,219 "89";
90 1 1 80,165 "90";
91 1 0 124,202 "91";
92 2 1 77,85 "92";
93 2 0 104,183 "93";
94 0 1 166,196 "94";
95 2 1 91,160 "95";
96 1 0 75,118 "96";
97 2 1 87,187 "97";
98 1 0 9,89 "98";
99 0 1 27,93 "99";
100 1 1 18,131 "100";
101 2 0 93,217 "101";
102 0 1 88,226 "102";
103 0 0 167,174 "103";
104 2 0 17,122 "104";
105 2 0 58,222 "105";
106 2 1 0,131 "106";
107 2 1 35,71 "107";
108 2 1 31,183 "108";
109 0 0 34,83 "109";
110 0 1 52,178 "110";
111 0 1 18,66 "111";
112 2 0 2,129 "112";
113 1 1 132,162 "113";
114 2 1 204,215 "114";
115 0 0 119,212 "115";
116 1 0 6,23 "116";
117 2 1 65,221 "117";
118 0 1 33,199 "118";
119 0 0 122,149 "119";
120 2 1 27,212 "120";
121 1 1 49,172 "121";
122 0 1 5,41 "122";
123 2 1 36,223 "123";
124 1 0 165,221 "124";
125 2 0 24,132 "125";
126 0 1 193,217 "126";
127 0 0 63,119 "127";
128 1 1 72,79 "128";
129 2 0 13,173 "129";
130 0 0 112,146 "130";
131 2 1 51,90 "131";
132 2 1 26,159 "132";
133 1 0 151,168 "133";
134 2 1 73,214 "134";
135 0 1 73,116 "135";
136 1 0 46,101 "136";
137 0 0 61,82 "137";
138 1 1 86,90 "138";
139 0 1 0,8 "139";
140 2 1 76,227 "140";
141 1 1 186,195 "141";
142 0 1 152,182 "142";
143 0 0 18,140 "143";
144 0 1 24,115 "144";
145 0 1 16,81 "145";
146 2 0 12,201 "146";
147 2 1 11,71 "147";
148 0 1 13,152 "148";
149 2 1 8,109 "149";
150 1 1 114,223 "150";
151 1 1 13,221 "151";
152 2 0 72,207 "152";
153 1 0 1,111 "153";
154 0 1 17,178 "154";
155 1 1 87,141 "155";
156 0 1 40,74 "156";
157 2 1 43,192 "157";
158 1 0 83,195 "158";
159 2 0 25,132 "159";
160 1 1 25,34 "160";
161 0 1 69,211 "161";
162 0 0 24,62 "162";
163 0 0 28,129 "163";
164 2 1 183,204 "164";
165 1 0 150,203 "165";
166 1 0 20,175 "166";
167 2 0 91,151 "167";
168 0 0 184,224 "168";
169 1 0 84,213 "169";
170 2 0 73,86 "170";
171 1 0 145,185 "171";
172 2 0 1,74 "172";
173 1 0 52,153 "173";
174 2 0 16,213 "174";
175 2 0 58,138 "175";
176 0 1 46,187 "176";
177 2 1 45,99 "177";
178 0 1 1,225 "178";
179 1 0 54,187 "179";
180 0 1 7,159 "180";
181 0 0 58,224 "181";
182 2 0 22,141 "182";
183 2 0 46,131 "183";
184 0 1 107,162 "184";
185 2 0 124,177 "185";
186 2 1 153,218 "186";
187 2 1 18,113 "187";
188 1 1 102,121 "188";
189 1 1 24,126 "189";
190 2 1 3,162 "190";
191 2 1 131,132 "191";
192 1 0 130,156 "192";
193 0 0 124,159 "193";
194 2 0 144,157 "194";
195 1 0 62,186 "195";
196 1 1 87,188 "196";
197 0 0 127,190 "197";
198 1 0 14,178 "198";
199 0 1 24,139 "199";
200 1 1 16,50 "200";
201 1 0 3,110 "201";
202 2 0 21,228 "202";
203 1 1 116,199 "203";
204 2 0 77,116 "204";
205 2 0 18,67 "205";
206 2 1 20,202 "206";
207 1 0 68,169 "207";
208 0 0 30,149 "208";
209 1 0 220,222 "209";
210 1 0 16,102 "210";
211 1 1 49,68 "211";
212 1 1 23,168 "212";
213 2 0 166,220 "213";
214 1 1 92,155 "214";
215 0 0 106,117 "215";
216 2 1 30,91 "216";
217 2 0 27,31 "217";
218 1 1 15,81 "218";
219 1 0 65,139 "219";
220 1 0 84,107 "220";
221 2 0 46,227 "221";
222 0 1 97,127 "222";
223 1 1 58,100 "223";
224 0 1 4,27 "224";
225 1 1 131,220 "225";
226 1 0 39,213 "226";
227 0 0 144,221 "227";
228 2 1 1,157 "228";
229 0 1 114,140 "229";
