parity 214;
0 1 0 108,175 "0";
1 1 1 64,214 "1";
2 0 0 45,150 "2";
3 2 1 54,136 "3";
4 0 1 8,55 "4";
5 0 0 61,69 "5";
6 0 0 22,67 "6";
7 1 1 62,188 "7";
8 0 0 84,114 "8";
9 2 0 159,163 "9";
10 0 0 79,106 "10";
11 0 0 28,139 "11";
12 1 1 85,120 "12";
13 0 0 31,113 "13";
14 1 1 75,119 "14";
15 0 1 121,145 "15";
16 2 0 123,166 "16";
17 2 0 112,130 "17";
18 1 1 133,181 "18";
19 2 1 153,196 "19";
20 2 1 185,189 "20";
21 2 0 131,196 "21";
22 1 1 59,98 "22";
23 1 0 6,123 "23";
24 1 0 72,77 "24";
25 0 1 13,186 "25";
26 2 1 0,193 "26";
27 0 0 24,56 "27";
28 2 0 110,118 "28";
29 1 1 32,187 "29";
30 0 1 168,180 "30";
31 1 0 136,160 "31";
32 1 1 52,110 "32";
33 1 1 61,84 "33";
34 1 0 140,213 "34";
35 0 0 88,104 "35";
36 0 1 76,182 "36";
37 2 0 136,167 "37";
38 0 1 14,141 "38";
39 1 0 123,178 "39";
40 2 1 11,94 "40";
41 0 1 142,176 "41";
42 2 1 20,168 "42";
43 1 0 61,162 "43";
44 0 0 131,210 "44";
45 1 1 8,50 "45";
46 0 1 114,186 "46";
47 2 0 17,46 "47";
48 1 1 110,212 "48";
49 0 0 175,207 "49";
50 1 0 34,82 "50";
51 2 1 9,19 "51";
52 1 1 113,147 "52";
53 0 0 94,189 "53";
54 0 0 35,171 "54";
55 1 0 31,200 "55";
56 2 0 109,206 "56";
57 1 0 25,41 "57";
58 2 0 36,131 "58";
59 0 1 207,214 "59";
60 0 1 63,120 "60";
61 1 1 75,189 "61";
62 0 1 42,119 "62";
63 0 1 133,172 "63";
64 0 0 10,92 "64";
65 1 0 43,73 "65";
66 0 1 44,95 "66";
67 0 0 55,66 "67";
68 0 0 59,206 "68";
69 0 1 90,172 "69";
70 0 1 90,203 "70";
71 1 0 70,91 "71";
72 2 0 2,142 "72";
73 2 0 162,174 "73";
74 1 1 16,33 "74";
75 0 1 8,200 "75";
76 0 0 135,183 "76";
77 0 0 92,151 "77";
78 1 0 68,191 "78";
79 0 1 153,207 "79";
80 0 1 3,204 "80";
81 0 0 74,105 "81";
82 2 0 98,206 "82";
83 1 1 76,135 "83";
84 0 0 27,119 "84";
85 2 1 34,132 "85";
86 1 0 11,130 "86";
87 0 1 163,195 "87";
88 1 1 81,99 "88";
89 1 1 110,134 "89";
90 2 1 56,88 "90";
91 2 1 23,66 "91";
92 0 0 112,141 "92";
93 0 0 62,103 "93";
94 2 0 69,159 "94";
95 1 0 68,109 "95";
96 2 1 4,67 "96";
97 0 0 66,200 "97";
98 2 1 120,155 "98";
99 0 1 126,200 "99";
100 0 1 58,180 "100";
101 1 1 72,90 "101";
102 2 1 76,213 "102";
103 1 0 86,179 "103";
104 2 1 2,25 "104";
105 1 0 69,72 "105";
106 2 1 127,191 "106";
107 1 1 93,140 "107";
108 2 0 61,62 "108";
109 1 1 115,193 "109";
110 0 1 132,150 "110";
111 1 0 94,160 "111";
112 1 1 119,172 "112";
113 1 0 45,118 "113";
114 2 1 135,149 "114";
115 2 0 152,195 "115";
116 0 0 28,128 "116";
117 0 0 75,131 "117";
118 0 0 109,213 "118";
119 1 0 15,179 "119";
120 1 0 2,159 "120";
121 0 1 52,70 "121";
122 0 1 170,188 "122";
123 2 0 18,156 "123";
124 2 0 37,156 "124";
125 0 0 163,198 "125";
126 2 0 16,105 "126";
127 1 0 87,133 "127";
128 0 0 85,144 "128";
129 2 1 53,140 "129";
130 2 0 81,124 "130";
131 2 0 141,201 "131";
132 1 1 85,138 "132";
133 2 1 13,30 "133";
134 0 0 83,175 "134";
135 1 1 116,190 "135";
136 1 0 153,161 "136";
137 1 1 24,214 "137";
138 1 0 8,133 "138";
139 2 0 31,115 "139";
140 1 0 98,179 "140";
141 1 1 98,207 "141";
142 1 0 86,125 "142";
143 0 0 18,182 "143";
144 2 1 21,86 "144";
145 1 1 23,183 "145";
146 0 1 104,204 "146";
147 1 0 53,68 "147";
148 2 0 95,124 "148";
149 0 0 49,100 "149";
150 1 1 93,201 "150";
151 0 0 122,190 "151";
152 1 0 111,146 "152";
153 0 1 56,63 "153";
154 0 0 11,23 "154";
155 1 0 79,194 "155";
156 1 1 116,208 "156";
157 2 0 20,76 "157";
158 1 1 68,200 "158";
159 1 1 88,142 "159";
160 2 1 19,185 "160";
161 2 0 41,189 "161";
162 2 1 76,183 "162";
163 2 1 35,96 "163";
164 2 1 39,208 "164";
165 1 0 163,195 "165";
166 0 0 35,163 "166";
167 2 0 72,158 "167";
168 1 1 96,198 "168";
169 0 0 20,119 "169";
170 0 1 66,82 "170";
171 2 1 121,208 "171";
172 1 1 96,132 "172";
173 1 0 46,163 "173";
174 2 1 78,140 "174";
175 2 0 10,67 "175";
176 2 1 109,139 "176";
177 1 1 26,65 "177";
178 2 0 31,163 "178";
179 1 0 142,159 "179";
180 1 0 61,160 "180";
181 0 1 0,166 "181";
182 1 1 17,26 "182";
183 0 1 9,158 "183";
184 2 0 96,195 "184";
185 1 0 70,146 "185";
186 2 0 96,128 "186";
187 0 1 22,214 "187";
188 0 1 69,213 "188";
189 0 0 130,172 "189";
190 0 1 147,151 "190";
191 2 1 85,139 "191";
192 0 0 96,130 "192";
193 2 0 131,162 "193";
194 0 1 13,160 "194";
195 1 1 19,99 "195";
196 1 1 82,142 "196";
197 2 1 121,128 "197";
198 1 1 115,129 "198";
199 1 1 15,130 "199";
200 2 0 26,88 "200";
201 1 1 73,155 "201";
202 0 1 188,201 "202";
203 1 0 24,133 "203";
204 0 1 30,64 "204";
205 2 1 141,151 "205";
206 0 0 15,138 "206";
207 2 1 43,65 "207";
208 0 0 45,109 "208";
209 1 1 152,186 "209";
210 1 1 68,136 "210";
211 0 1 76,174 "211";
212 1 1 71,79 "212";
213 1 1 17,19 "213";
214 2 1 86,119 "214";
