parity 284;
0 2 0 44,244 "0";
1 1 0 68,96 "1";
2 1 0 79,92 "2";
3 0 1 57,217 "3";
4 0 0 105,231 "4";
5 0 0 71,202 "5";
6 1 1 154,274 "6";
7 1 0 55,135 "7";
8 1 0 121,217 "8";
9 0 1 146,165 "9";
10 1 1 24,129 "10";
11 1 0 37,245 "11";
12 1 0 163,195 "12";
13 0 1 89,225 "13";
14 0 1 68,105 "14";
15 1 1 162,269 "15";
16 0 0 89,95 "16";
17 0 1 190,284 "17";
18 1 1 44,45 "18";
19 1 0 4,244 "19";
20 0 0 45,86 "20";
21 1 0 5,75 "21";
22 0 0 128,143 "22";
23 0 1 50,163 "23";
24 1 0 198,268 "24";
25 1 1 27,106 "25";
26 2 1 51,70 "26";
27 0 0 5,247 "27";
28 0 0 67,128 "28";
29 2 0 170,173 "29";
30 1 1 16,203 "30";
31 1 1 12,150 "31";
32 2 1 47,57 "32";
33 0 0 133,234 "33";
34 0 1 140,229 "34";
35 1 0 141,233 "35";
36 0 0 122,156 "36";
37 2 0 79,161 "37";
38 2 1 75,89 "38";
39 2 0 76,238 "39";
40 1 1 27,110 "40";
41 0 1 59,66 "41";
42 1 0 26,100 "42";
43 0 1 213,281 "43";
44 0 1 2,22 "44";
45 1 1 37,261 "45";
46 0 1 19,58 "46";
47 0 1 186,193 "47";
48 2 1 227,266 "48";
49 1 1 84,199 "49";
50 1 0 97,221 "50";
51 2 0 92,145 "51";
52 2 0 26,158 "52";
53 0 1 6,129 "53";
54 1 1 149,236 "54";
55 1 1 67,201 "55";
56 1 0 31,276 "56";
57 2 1 148,151 "57";
58 0 1 2,213 "58";
59 0 0 57,110 "59";
60 0 1 27,101 "60";
61 0 1 130,243 "61";
62 1 0 101,176 "62";
63 1 1 22,197 "63";
64 1 0 8,156 "64";
65 1 1 8,269 "65";
66 1 1 95,261 "66";
67 2 1 146,201 "67";
68 2 0 209,249 "68";
69 0 0 101,204 "69";
70 0 0 197,264 "70";
71 0 0 11,254 "71";
72 2 1 13,142 "72";
73 2 1 19,117 "73";
74 2 1 26,258 "74";
75 1 0 76,189 "75";
76 2 1 183,206 "76";
77 2 0 63,117 "77";
78 1 0 81,137 "78";
79 0 1 29,63 "79";
80 0 0 176,192 "80";
81 1 1 48,55 "81";
82 2 1 194,224 "82";
83 2 1 129,152 "83";
84 2 1 275,283 "84";
85 0 0 46,56 "85";
86 2 0 95,226 "86";
87 2 1 134,254 "87";
88 2 0 2,147 "88";
89 1 1 2,33 "89";
90 1 0 60,258 "90";
91 2 0 17,231 "91";
92 0 1 74,147 "92";
93 1 1 123,265 "93";
94 0 0 69,182 "94";
95 1 0 8,104 "95";
96 1 0 28,218 "96";
97 1 0 40,259 "97";
98 2 0 114,195 "98";
99 2 0 117,267 "99";
100 0 0 102,263 "100";
101 0 0 68,166 "101";
102 2 0 29,239 "102";
103 0 1 48,102 "103";
104 2 0 236,252 "104";
105 2 0 97,266 "105";
106 1 0 204,234 "106";
107 0 0 117,273 "107";
108 2 1 73,164 "108";
109 1 0 11,107 "109";
110 2 1 8,29 "110";
111 1 1 155,200 "111";
112 2 0 83,97 "112";
113 1 0 146,238 "113";
114 0 0 19,212 "114";
115 2 0 72,139 "115";
116 1 0 68,195 "116";
117 0 1 32,120 "117";
118 1 1 71,148 "118";
119 2 1 26,76 "119";
120 1 1 30,74 "120";
121 2 0 33,181 "121";
122 2 0 64,151 "122";
123 0 0 208,255 "123";
124 0 1 8,186 "124";
125 2 1 59,82 "125";
126 0 1 6,49 "126";
127 0 0 101,225 "127";
128 1 1 63,281 "128";
129 1 0 120,173 "129";
130 0 1 6,194 "130";
131 1 1 20,170 "131";
132 1 0 188,229 "132";
133 0 1 83,217 "133";
134 1 0 76,284 "134";
135 2 1 259,273 "135";
136 1 1 207,275 "136";
137 1 1 105,154 "137";
138 1 1 84,121 "138";
139 0 1 27,280 "139";
140 1 0 194,198 "140";
141 0 0 73,133 "141";
142 0 1 91,231 "142";
143 2 0 129,177 "143";
144 1 0 204,244 "144";
145 1 0 26,71 "145";
146 2 1 222,249 "146";
147 1 1 194,203 "147";
148 0 1 51,159 "148";
149 2 0 9,76 "149";
150 0 0 33,110 "150";
151 2 1 175,268 "151";
152 2 1 11,57 "152";
153 0 1 1,118 "153";
154 0 1 125,129 "154";
155 2 0 36,280 "155";
156 0 1 118,216 "156";
157 1 0 138,224 "157";
158 0 0 53,279 "158";
159 2 0 169,199 "159";
160 2 0 4,135 "160";
161 0 0 148,218 "161";
162 0 1 181,229 "162";
163 1 1 130,235 "163";
164 0 1 24,75 "164";
165 0 0 71,122 "165";
166 1 0 42,79 "166";
167 2 0 102,148 "167";
168 0 0 161,277 "168";
169 0 0 228,264 "169";
170 1 0 70,194 "170";
171 1 0 1,276 "171";
172 0 0 36,192 "172";
173 0 1 29,284 "173";
174 1 1 21,122 "174";
175 0 1 97,120 "175";
176 1 0 83,193 "176";
177 1 0 69,72 "177";
178 2 1 155,185 "178";
179 0 1 22,271 "179";
180 0 0 100,137 "180";
181 2 0 107,151 "181";
182 2 0 84,260 "182";
183 1 1 57,114 "183";
184 0 0 154,230 "184";
185 0 1 122,135 "185";
186 0 1 233,235 "186";
187 2 1 16,138 "187";
188 1 1 42,124 "188";
189 1 1 13,156 "189";
190 2 1 75,216 "190";
191 0 0 129,236 "191";
192 2 0 109,136 "192";
193 0 0 100,216 "193";
194 1 1 88,100 "194";
195 1 0 12,106 "195";
196 0 0 198,231 "196";
197 2 1 100,159 "197";
198 0 0 245,248 "198";
199 0 1 99,134 "199";
200 1 0 77,181 "200";
201 0 0 26,228 "201";
202 1 1 117,181 "202";
203 2 1 164,237 "203";
204 0 1 140,230 "204";
205 1 0 223,279 "205";
206 2 1 250,263 "206";
207 2 0 109,225 "207";
208 1 1 71,84 "208";
209 1 0 127,164 "209";
210 1 0 157,180 "210";
211 1 1 198,209 "211";
212 2 0 45,273 "212";
213 0 1 85,215 "213";
214 0 0 114,264 "214";
215 0 1 20,273 "215";
216 1 1 36,174 "216";
217 1 0 119,187 "217";
218 0 1 97,270 "218";
219 2 0 1,234 "219";
220 0 1 185,203 "220";
221 0 1 145,180 "221";
222 2 0 144,236 "222";
223 1 1 186,267 "223";
224 1 1 97,263 "224";
225 0 1 63,202 "225";
226 1 1 20,223 "226";
227 1 0 69,127 "227";
228 1 0 90,127 "228";
229 0 1 11,252 "229";
230 1 1 98,232 "230";
231 1 0 103,124 "231";
232 2 0 15,166 "232";
233 1 1 39,78 "233";
234 0 0 97,278 "234";
235 0 0 68,173 "235";
236 1 1 10,228 "236";
237 2 0 22,63 "237";
238 2 0 163,280 "238";
239 0 1 165,179 "239";
240 0 0 51,65 "240";
241 0 1 12,67 "241";
242 0 0 32,48 "242";
243 1 0 29,268 "243";
244 1 1 2,152 "244";
245 1 1 251,271 "245";
246 0 0 91,120 "246";
247 0 1 4,102 "247";
248 1 1 3,95 "248";
249 0 0 131,273 "249";
250 2 0 133,247 "250";
251 1 1 129,199 "251";
252 0 0 23,237 "252";
253 1 0 82,131 "253";
254 2 0 247,271 "254";
255 2 1 36,284 "255";
256 2 0 72,101 "256";
257 0 1 113,160 "257";
258 0 0 43,204 "258";
259 2 1 44,256 "259";
260 0 0 4,236 "260";
261 2 0 44,284 "261";
262 0 0 201,246 "262";
263 0 1 191,227 "263";
264 0 0 252,263 "264";
265 0 1 30,36 "265";
266 2 0 3,132 "266";
267 2 0 101,224 "267";
268 0 1 75,178 "268";
269 1 1 146,158 "269";
270 0 0 30,274 "270";
271 0 1 6,67 "271";
272 2 1 209,214 "272";
273 2 0 19,80 "273";
274 1 0 85,211 "274";
275 0 0 4,127 "275";
276 0 1 98,133 "276";
277 1 1 88,231 "277";
278 1 0 186,233 "278";
279 1 1 136,234 "279";
280 2 1 79,153 "280";
281 2 1 34,224 "281";
282 0 0 198,281 "282";
283 0 0 59,236 "283";
284 0 1 46,206 "284";
