parity 294;
0 0 1 185,288 "0";
1 0 0 100,186 "1";
2 2 0 132,158 "2";
3 1 1 235,257 "3";
4 1 1 67,280 "4";
5 0 1 78,107 "5";
6 0 0 28,131 "6";
7 0 0 49,137 "7";
8 0 1 101,120 "8";
9 1 0 28,120 "9";
10 1 1 65,172 "10";
11 1 0 77,291 "11";
12 0 1 92,230 "12";
13 2 0 12,15 "13";
14 1 1 15,82 "14";
15 0 1 12,28 "15";
16 0 1 136,183 "16";
17 1 0 144,164 "17";
18 0 1 115,181 "18";
19 1 1 153,181 "19";
20 1 1 133,136 "20";
21 0 0 131,198 "21";
22 2 0 132,182 "22";
23 0 1 138,208 "23";
24 1 0 27,129 "24";
25 1 0 6,106 "25";
26 1 0 187,233 "26";
27 1 1 6,19 "27";
28 2 0 71,202 "28";
29 0 1 93,114 "29";
30 1 0 179,232 "30";
31 1 0 11,238 "31";
32 0 0 75,176 "32";
33 2 0 178,195 "33";
34 2 1 85,241 "34";
35 0 0 273,281 "35";
36 0 0 66,278 "36";
37 1 1 198,217 "37";
38 1 0 133,282 "38";
39 0 0 10,138 "39";
40 1 1 38,192 "40";
41 1 1 25,199 "41";
42 2 0 49,202 "42";
43 1 1 97,124 "43";
44 1 0 116,206 "44";
45 2 0 206,222 "45";
46 2 0 49,178 "46";
47 1 1 8,257 "47";
48 2 1 105,197 "48";
49 2 0 222,256 "49";
50 2 0 126,204 "50";
51 2 1 9,285 "51";
52 0 0 42,247 "52";
53 0 1 8,51 "53";
54 1 0 38,141 "54";
55 2 1 133,246 "55";
56 2 1 130,224 "56";
57 1 0 172,187 "57";
58 2 0 50,252 "58";
59 1 1 6,154 "59";
60 2 1 141,213 "60";
61 1 0 117,242 "61";
62 2 0 13,214 "62";
63 2 0 12,125 "63";
64 1 0 47,58 "64";
65 2 0 85,190 "65";
66 0 1 36,92 "66";
67 1 1 117,125 "67";
68 0 1 90,200 "68";
69 1 1 62,205 "69";
70 1 0 170,211 "70";
71 1 0 9,36 "71";
72 0 1 7,154 "72";
73 2 0 42,286 "73";
74 1 0 214,254 "74";
75 1 1 83,292 "75";
76 0 0 254,284 "76";
77 1 1 100,273 "77";
78 2 0 124,126 "78";
79 1 0 74,231 "79";
80 1 1 22,67 "80";
81 0 1 38,244 "81";
82 0 0 25,65 "82";
83 1 1 29,172 "83";
84 1 1 98,208 "84";
85 0 1 73,266 "85";
86 0 0 63,189 "86";
87 2 0 101,204 "87";
88 2 1 14,166 "88";
89 2 1 22,194 "89";
90 2 1 29,34 "90";
91 0 1 33,256 "91";
92 0 1 226,234 "92";
93 1 0 109,166 "93";
94 2 1 136,226 "94";
95 0 1 109,230 "95";
96 0 0 103,114 "96";
97 1 0 24,83 "97";
98 0 0 182,284 "98";
99 0 1 168,274 "99";
100 0 1 37,75 "100";
101 2 1 182,192 "101";
102 2 0 110,147 "102";
103 1 0 54,271 "103";
104 2 1 83,155 "104";
105 0 1 98,258 "105";
106 1 1 12,254 "106";
107 2 0 101,294 "107";
108 0 0 174,235 "108";
109 0 0 170,199 "109";
110 1 1 62,162 "110";
111 1 0 26,38 "111";
112 2 1 117,182 "112";
113 1 1 137,288 "113";
114 0 0 170,289 "114";
115 2 1 69,102 "115";
116 1 1 5,198 "116";
117 2 1 38,104 "117";
118 1 0 113,157 "118";
119 2 0 16,200 "119";
120 1 1 36,74 "120";
121 0 0 164,193 "121";
122 1 0 83,275 "122";
123 2 1 214,285 "123";
124 2 1 33,107 "124";
125 1 0 35,194 "125";
126 1 0 146,163 "126";
127 2 1 104,198 "127";
128 2 0 129,163 "128";
129 0 1 75,265 "129";
130 1 0 89,261 "130";
131 1 0 130,150 "131";
132 0 1 71,206 "132";
133 0 1 49,85 "133";
134 1 0 159,167 "134";
135 0 0 76,134 "135";
136 0 1 87,160 "136";
137 0 1 270,277 "137";
138 1 1 42,108 "138";
139 0 0 211,284 "139";
140 2 0 190,282 "140";
141 0 1 77,224 "141";
142 0 0 110,237 "142";
143 2 0 47,260 "143";
144 1 0 167,209 "144";
145 0 0 142,189 "145";
146 1 0 12,188 "146";
147 2 1 233,237 "147";
148 2 1 8,133 "148";
149 1 1 72,260 "149";
150 1 0 86,166 "150";
151 1 1 129,222 "151";
152 0 1 115,177 "152";
153 2 0 175,251 "153";
154 1 1 61,96 "154";
155 2 0 172,252 "155";
156 1 0 9,275 "156";
157 0 1 133,234 "157";
158 1 0 117,250 "158";
159 2 1 88,200 "159";
160 2 0 133,158 "160";
161 2 0 121,139 "161";
162 1 1 179,203 "162";
163 0 0 225,250 "163";
164 1 0 170,286 "164";
165 1 0 0,28 "165";
166 1 0 35,268 "166";
167 1 1 106,159 "167";
168 2 0 181,257 "168";
169 2 1 48,80 "169";
170 0 0 119,183 "170";
171 0 0 115,202 "171";
172 1 0 94,140 "172";
173 2 0 29,286 "173";
174 1 0 47,252 "174";
175 0 1 277,290 "175";
176 0 1 222,275 "176";
177 0 1 150,287 "177";
178 1 1 4,162 "178";
179 0 0 129,211 "179";
180 0 1 93,136 "180";
181 1 1 25,103 "181";
182 0 1 154,181 "182";
183 2 1 126,242 "183";
184 2 1 62,153 "184";
185 1 0 126,268 "185";
186 2 1 74,89 "186";
187 1 0 175,248 "187";
188 0 1 39,52 "188";
189 0 1 232,286 "189";
190 0 1 212,273 "190";
191 0 1 108,229 "191";
192 1 1 210,218 "192";
193 2 0 102,225 "193";
194 2 1 54,166 "194";
195 1 0 130,192 "195";
196 0 0 44,159 "196";
197 1 1 62,168 "197";
198 1 0 99,163 "198";
199 1 1 21,57 "199";
200 0 0 45,76 "200";
201 2 0 6,170 "201";
202 1 0 236,268 "202";
203 0 1 84,131 "203";
204 1 1 201,229 "204";
205 2 1 249,263 "205";
206 0 1 156,207 "206";
207 0 0 50,140 "207";
208 2 0 4,119 "208";
209 2 0 190,288 "209";
210 1 1 191,250 "210";
211 2 0 0,87 "211";
212 2 0 72,145 "212";
213 2 0 112,257 "213";
214 2 1 164,290 "214";
215 1 0 138,264 "215";
216 1 1 159,173 "216";
217 0 1 287,293 "217";
218 1 0 101,236 "218";
219 2 0 201,261 "219";
220 2 0 157,218 "220";
221 0 1 217,265 "221";
222 2 1 172,214 "222";
223 2 1 72,106 "223";
224 2 0 153,255 "224";
225 1 1 129,197 "225";
226 1 1 62,128 "226";
227 0 0 28,170 "227";
228 1 1 41,212 "228";
229 2 0 53,259 "229";
230 1 1 72,160 "230";
231 2 1 33,155 "231";
232 1 1 48,92 "232";
233 1 1 116,201 "233";
234 2 1 69,147 "234";
235 1 1 123,259 "235";
236 2 0 269,287 "236";
237 1 1 66,258 "237";
238 1 0 170,259 "238";
239 0 0 74,169 "239";
240 2 0 39,163 "240";
241 0 0 29,213 "241";
242 2 1 53,66 "242";
243 0 1 22,198 "243";
244 1 0 117,128 "244";
245 0 1 25,62 "245";
246 0 0 3,31 "246";
247 0 1 227,273 "247";
248 2 1 16,56 "248";
249 1 0 153,281 "249";
250 1 1 25,242 "250";
251 0 0 113,188 "251";
252 0 0 59,140 "252";
253 0 0 43,178 "253";
254 0 0 168,253 "254";
255 1 0 71,272 "255";
256 1 0 76,87 "256";
257 2 1 3,157 "257";
258 0 1 113,180 "258";
259 2 1 233,257 "259";
260 0 0 154,216 "260";
261 2 0 19,25 "261";
262 1 1 16,265 "262";
263 2 1 102,215 "263";
264 2 1 237,263 "264";
265 1 1 85,216 "265";
266 2 0 135,193 "266";
267 1 1 150,211 "267";
268 1 0 172,277 "268";
269 2 1 34,46 "269";
270 1 0 93,178 "270";
271 1 1 171,240 "271";
272 2 0 98,195 "272";
273 2 0 140,221 "273";
274 2 1 118,125 "274";
275 0 0 14,53 "275";
276 0 0 55,146 "276";
277 0 0 59,71 "277";
278 1 0 245,249 "278";
279 2 0 19,80 "279";
280 0 0 55,193 "280";
281 0 1 208,230 "281";
282 0 1 131,206 "282";
283 2 1 0,41 "283";
284 1 0 18,173 "284";
285 0 0 179,204 "285";
286 0 0 109,220 "286";
287 2 0 104,264 "287";
288 1 0 22,232 "288";
289 0 1 181,290 "289";
290 2 0 35,38 "290";
291 2 1 78,202 "291";
292 2 1 8,196 "292";
293 0 0 207,236 "293";
294 1 1 231,264 "294";
