parity 254;
0 2 1 13,109 "0";
1 1 1 221,239 "1";
2 2 1 57,174 "2";
3 2 1 92,196 "3";
4 1 0 100,248 "4";
5 0 1 13,97 "5";
6 2 1 58,60 "6";
7 1 0 53,199 "7";
8 0 1 110,185 "8";
9 1 0 98,145 "9";
10 1 1 33,56 "10";
11 0 0 25,121 "11";
12 1 0 86,246 "12";
13 2 1 109,119 "13";
14 0 0 22,50 "14";
15 0 1 49,241 "15";
16 0 1 151,172 "16";
17 1 1 84,126 "17";
18 0 1 122,233 "18";
19 2 1 96,228 "19";
20 2 1 135,236 "20";
21 2 0 131,147 "21";
22 2 0 60,113 "22";
23 1 0 35,170 "23";
24 2 1 194,231 "24";
25 0 1 48,161 "25";
26 1 0 116,165 "26";
27 1 0 0,49 "27";
28 1 0 54,237 "28";
29 2 0 12,41 "29";
30 0 0 97,168 "30";
31 1 0 28,177 "31";
32 0 0 7,157 "32";
33 1 1 60,110 "33";
34 0 1 11,228 "34";
35 0 1 0,16 "35";
36 2 0 2,146 "36";
37 1 1 86,121 "37";
38 1 0 109,204 "38";
39 1 1 108,135 "39";
40 0 1 16,29 "40";
41 2 1 167,254 "41";
42 1 0 25,217 "42";
43 0 1 159,171 "43";
44 0 0 38,169 "44";
45 1 0 119,131 "45";
46 2 1 31,43 "46";
47 2 0 17,45 "47";
48 2 0 154,241 "48";
49 2 1 114,152 "49";
50 2 0 81,216 "50";
51 1 1 5,159 "51";
52 0 0 128,253 "52";
53 0 0 107,234 "53";
54 0 1 79,157 "54";
55 2 0 47,72 "55";
56 0 0 136,243 "56";
57 0 1 80,159 "57";
58 0 1 172,202 "58";
59 0 1 6,75 "59";
60 1 1 90,230 "60";
61 0 0 8,231 "61";
62 2 0 39,45 "62";
63 1 0 123,200 "63";
64 0 0 215,224 "64";
65 2 1 179,230 "65";
66 0 1 160,196 "66";
67 2 0 7,137 "67";
68 0 0 56,125 "68";
69 2 0 84,136 "69";
70 0 1 10,184 "70";
71 0 1 60,155 "71";
72 2 0 226,247 "72";
73 1 1 158,219 "73";
74 1 0 1,198 "74";
75 1 1 63,148 "75";
76 2 1 201,245 "76";
77 2 1 9,118 "77";
78 1 1 86,234 "78";
79 1 0 70,113 "79";
80 2 0 69,215 "80";
81 2 0 117,148 "81";
82 1 0 43,188 "82";
83 0 1 77,153 "83";
84 0 0 35,94 "84";
85 0 0 113,118 "85";
86 2 1 10,108 "86";
87 1 0 94,104 "87";
88 1 1 52,156 "88";
89 0 1 56,122 "89";
90 2 1 106,251 "90";
91 1 1 64,230 "91";
92 0 1 58,128 "92";
93 1 1 78,180 "93";
94 0 0 52,218 "94";
95 2 0 213,226 "95";
96 2 0 99,153 "96";
97 1 0 109,172 "97";
98 0 0 136,196 "98";
99 0 1 20,59 "99";
100 2 1 15,20 "100";
101 0 0 76,92 "101";
102 0 1 39,74 "102";
103 2 0 76,236 "103";
104 2 0 2,4 "104";
105 0 0 131,155 "105";
106 0 0 17,79 "106";
107 2 1 32,82 "107";
108 0 1 55,254 "108";
109 1 1 60,229 "109";
110 0 0 65,73 "110";
111 1 1 193,202 "111";
112 0 1 154,199 "112";
113 2 0 198,210 "113";
114 1 1 75,80 "114";
115 0 0 213,232 "115";
116 1 0 15,42 "116";
117 1 0 218,220 "117";
118 0 1 186,251 "118";
119 2 1 26,252 "119";
120 2 0 136,138 "120";
121 2 1 24,130 "121";
122 1 1 23,54 "122";
123 2 0 90,164 "123";
124 2 1 69,195 "124";
125 0 0 35,106 "125";
126 2 1 113,189 "126";
127 1 1 77,188 "127";
128 0 1 60,150 "128";
129 1 1 65,161 "129";
130 0 0 66,136 "130";
131 1 0 19,172 "131";
132 1 1 148,213 "132";
133 2 0 6,101 "133";
134 0 1 57,254 "134";
135 1 0 143,156 "135";
136 0 1 4,30 "136";
137 0 0 132,140 "137";
138 1 1 80,183 "138";
139 0 0 43,110 "139";
140 0 0 61,65 "140";
141 0 1 10,175 "141";
142 0 1 165,219 "142";
143 0 0 139,237 "143";
144 2 0 71,237 "144";
145 2 1 26,144 "145";
146 0 0 136,205 "146";
147 0 0 221,247 "147";
148 1 1 86,187 "148";
149 1 0 62,200 "149";
150 2 1 16,135 "150";
151 2 1 90,109 "151";
152 1 1 123,147 "152";
153 0 1 79,229 "153";
154 2 1 71,101 "154";
155 2 1 13,60 "155";
156 2 0 67,161 "156";
157 2 0 66,102 "157";
158 1 0 52,116 "158";
159 0 0 209,254 "159";
160 1 1 197,207 "160";
161 1 1 123,192 "161";
162 1 1 166,202 "162";
163 2 0 169,214 "163";
164 2 0 26,98 "164";
165 0 1 113,232 "165";
166 1 1 2,142 "166";
167 2 0 25,73 "167";
168 1 1 13,135 "168";
169 1 0 30,39 "169";
170 1 1 52,154 "170";
171 0 0 112,184 "171";
172 1 1 35,79 "172";
173 2 0 15,98 "173";
174 0 1 136,222 "174";
175 2 0 64,224 "175";
176 2 0 56,111 "176";
177 2 0 134,158 "177";
178 0 1 107,242 "178";
179 0 1 153,226 "179";
180 0 1 40,228 "180";
181 0 1 64,158 "181";
182 0 1 82,196 "182";
183 0 1 2,213 "183";
184 1 0 2,107 "184";
185 2 1 143,151 "185";
186 1 0 80,187 "186";
187 0 1 3,99 "187";
188 1 0 98,227 "188";
189 2 1 65,110 "189";
190 0 1 6,38 "190";
191 2 1 183,248 "191";
192 0 1 142,251 "192";
193 1 1 198,225 "193";
194 2 0 171,229 "194";
195 0 1 107,155 "195";
196 1 0 187,194 "196";
197 2 1 116,217 "197";
198 1 0 104,146 "198";
199 0 0 24,43 "199";
200 1 0 26,236 "200";
201 1 0 89,114 "201";
202 2 1 123,139 "202";
203 0 1 1,51 "203";
204 2 0 74,159 "204";
205 0 1 41,68 "205";
206 2 1 135,210 "206";
207 0 1 35,67 "207";
208 1 0 1,167 "208";
209 1 1 239,252 "209";
210 0 1 179,245 "210";
211 0 1 113,137 "211";
212 2 0 68,141 "212";
213 0 0 201,252 "213";
214 0 1 60,168 "214";
215 0 1 34,115 "215";
216 0 0 221,236 "216";
217 0 0 38,175 "217";
218 0 1 149,207 "218";
219 1 0 119,253 "219";
220 1 1 45,227 "220";
221 0 1 24,218 "221";
222 0 1 38,161 "222";
223 1 1 32,182 "223";
224 1 0 3,141 "224";
225 2 1 76,250 "225";
226 1 1 129,149 "226";
227 0 0 118,185 "227";
228 2 1 76,154 "228";
229 1 1 177,246 "229";
230 0 0 44,111 "230";
231 2 0 40,64 "231";
232 1 1 172,239 "232";
233 2 0 6,26 "233";
234 2 0 145,186 "234";
235 1 0 131,160 "235";
236 1 0 186,197 "236";
237 1 0 192,219 "237";
238 2 0 125,212 "238";
239 1 0 121,126 "239";
240 1 1 19,70 "240";
241 2 0 18,248 "241";
242 0 0 3,237 "242";
243 1 1 81,181 "243";
244 0 1 98,151 "244";
245 2 0 53,221 "245";
246 0 1 193,240 "246";
247 1 0 66,249 "247";
248 2 1 37,239 "248";
249 0 0 82,129 "249";
250 1 0 216,224 "250";
251 0 1 79,229 "251";
252 0 0 159,233 "252";
253 0 0 26,93 "253";
254 1 1 150,218 "254";
