parity 269;
0 1 0 18,143 "0";
1 1 0 69,137 "1";
2 2 1 38,224 "2";
3 0 1 108,143 "3";
4 2 0 73,141 "4";
5 1 0 158,232 "5";
6 0 1 63,93 "6";
7 0 1 161,200 "7";
8 0 1 98,184 "8";
9 1 0 40,75 "9";
10 1 1 50,123 "10";
11 2 1 79,157 "11";
12 1 1 106,245 "12";
13 2 1 61,65 "13";
14 1 0 232,264 "14";
15 0 1 112,257 "15";
16 1 1 95,116 "16";
17 1 0 72,171 "17";
18 0 0 44,159 "18";
19 2 1 69,248 "19";
20 2 1 205,245 "20";
21 1 0 109,175 "21";
22 2 1 242,251 "22";
23 0 0 85,169 "23";
24 2 0 5,219 "24";
25 0 0 27,119 "25";
26 0 0 48,194 "26";
27 0 1 19,160 "27";
28 1 1 143,169 "28";
29 1 0 153,212 "29";
30 2 0 48,75 "30";
31 2 0 1,120 "31";
32 0 1 33,42 "32";
33 1 0 137,141 "33";
34 2 0 74,253 "34";
35 2 0 102,228 "35";
36 2 1 73,159 "36";
37 2 1 69,75 "37";
38 1 1 170,237 "38";
39 0 0 68,188 "39";
40 0 1 192,235 "40";
41 1 1 22,209 "41";
42 1 0 67,77 "42";
43 2 0 101,260 "43";
44 0 1 50,218 "44";
45 1 0 51,63 "45";
46 0 1 126,244 "46";
47 2 0 95,224 "47";
48 1 1 149,263 "48";
49 2 1 84,227 "49";
50 1 0 142,237 "50";
51 2 1 138,254 "51";
52 2 1 65,185 "52";
53 1 0 76,198 "53";
54 0 0 1,139 "54";
55 2 0 31,165 "55";
56 1 1 100,158 "56";
57 0 1 19,30 "57";
58 2 0 112,187 "58";
59 0 1 61,133 "59";
60 0 0 2,58 "60";
61 1 1 131,205 "61";
62 2 0 48,212 "62";
63 0 0 1,151 "63";
64 2 1 20,40 "64";
65 0 1 151,239 "65";
66 1 0 149,266 "66";
67 1 1 34,259 "67";
68 2 1 138,183 "68";
69 0 1 66,192 "69";
70 0 0 152,230 "70";
71 1 1 30,154 "71";
72 0 1 162,188 "72";
73 0 0 37,144 "73";
74 2 1 91,210 "74";
75 0 1 138,149 "75";
76 2 0 42,199 "76";
77 0 0 26,184 "77";
78 1 1 104,201 "78";
79 2 0 11,107 "79";
80 1 1 6,238 "80";
81 0 1 27,208 "81";
82 0 0 103,146 "82";
83 2 1 101,110 "83";
84 1 1 115,146 "84";
85 2 0 115,197 "85";
86 0 1 106,189 "86";
87 1 0 225,236 "87";
88 2 0 93,172 "88";
89 2 1 117,213 "89";
90 0 0 126,200 "90";
91 2 0 14,29 "91";
92 0 0 126,263 "92";
93 0 0 143,246 "93";
94 0 1 19,102 "94";
95 0 0 183,262 "95";
96 1 1 33,127 "96";
97 1 1 27,243 "97";
98 1 1 12,219 "98";
99 1 0 221,233 "99";
100 2 1 104,140 "100";
101 2 0 216,236 "101";
102 2 1 120,155 "102";
103 1 1 6,147 "103";
104 2 1 215,258 "104";
105 2 1 236,241 "105";
106 1 0 72,96 "106";
107 0 0 158,269 "107";
108 1 0 54,59 "108";
109 1 1 2,248 "109";
110 1 0 83,168 "110";
111 0 0 13,93 "111";
112 0 1 43,197 "112";
113 1 0 42,246 "113";
114 0 1 170,242 "114";
115 0 1 63,236 "115";
116 0 1 45,55 "116";
117 1 1 87,96 "117";
118 0 1 42,103 "118";
119 0 0 200,208 "119";
120 0 1 79,184 "120";
121 0 0 138,231 "121";
122 1 0 34,59 "122";
123 1 0 191,202 "123";
124 1 0 145,212 "124";
125 1 1 73,173 "125";
126 1 0 56,213 "126";
127 2 0 192,241 "127";
128 1 1 76,131 "128";
129 2 1 16,152 "129";
130 1 0 56,134 "130";
131 2 0 60,143 "131";
132 1 0 80,187 "132";
133 2 1 118,207 "133";
134 2 1 26,268 "134";
135 0 0 68,182 "135";
136 1 1 35,55 "136";
137 0 0 105,145 "137";
138 1 0 108,118 "138";
139 0 0 156,230 "139";
140 2 1 5,178 "140";
141 2 0 176,238 "141";
142 0 1 95,115 "142";
143 0 1 131,215 "143";
144 0 1 54,197 "144";
145 2 0 1,228 "145";
146 0 0 102,251 "146";
147 0 1 7,119 "147";
148 0 0 54,202 "148";
149 2 1 53,112 "149";
150 0 0 259,269 "150";
151 1 1 178,233 "151";
152 1 1 117,248 "152";
153 1 1 29,54 "153";
154 2 1 105,187 "154";
155 1 0 73,182 "155";
156 1 0 121,227 "156";
157 2 1 80,121 "157";
158 1 1 143,218 "158";
159 0 1 145,163 "159";
160 0 0 1,67 "160";
161 2 1 44,172 "161";
162 2 0 157,208 "162";
163 0 1 39,59 "163";
164 2 0 246,265 "164";
165 0 0 182,240 "165";
166 2 0 40,252 "166";
167 1 0 1,137 "167";
168 2 1 9,183 "168";
169 0 1 183,209 "169";
170 1 0 64,217 "170";
171 1 0 84,249 "171";
172 1 1 56,212 "172";
173 1 1 74,252 "173";
174 1 0 75,148 "174";
175 1 0 92,160 "175";
176 1 0 186,228 "176";
177 0 1 72,244 "177";
178 2 0 101,235 "178";
179 2 1 21,168 "179";
180 2 0 23,166 "180";
181 0 0 112,132 "181";
182 2 1 113,150 "182";
183 1 1 191,233 "183";
184 2 0 58,176 "184";
185 0 1 57,169 "185";
186 1 1 115,243 "186";
187 0 1 47,207 "187";
188 2 0 11,32 "188";
189 2 0 124,198 "189";
190 2 0 226,268 "190";
191 0 0 141,224 "191";
192 1 1 29,105 "192";
193 1 0 68,264 "193";
194 0 0 143,203 "194";
195 1 0 89,209 "195";
196 2 0 72,75 "196";
197 1 1 164,233 "197";
198 0 1 235,247 "198";
199 0 0 7,26 "199";
200 1 1 71,239 "200";
201 0 1 46,60 "201";
202 0 0 24,204 "202";
203 1 1 48,68 "203";
204 0 0 36,223 "204";
205 0 1 116,245 "205";
206 0 1 84,179 "206";
207 1 0 133,222 "207";
208 1 1 41,97 "208";
209 1 0 14,250 "209";
210 2 1 102,239 "210";
211 1 1 43,224 "211";
212 1 1 4,133 "212";
213 2 1 62,240 "213";
214 2 1 108,257 "214";
215 1 0 189,202 "215";
216 1 0 217,220 "216";
217 0 1 127,258 "217";
218 1 0 45,227 "218";
219 1 1 66,230 "219";
220 0 0 1,144 "220";
221 0 0 152,159 "221";
222 1 1 21,171 "222";
223 0 0 120,136 "223";
224 0 0 19,43 "224";
225 1 1 68,96 "225";
226 1 1 76,154 "226";
227 2 0 10,134 "227";
228 1 1 56,62 "228";
229 2 0 180,217 "229";
230 0 0 16,126 "230";
231 0 0 4,186 "231";
232 2 0 43,47 "232";
233 1 1 35,127 "233";
234 2 0 89,225 "234";
235 2 0 236,258 "235";
236 2 1 101,124 "236";
237 0 1 112,263 "237";
238 1 1 119,233 "238";
239 0 0 90,144 "239";
240 0 1 136,249 "240";
241 0 1 4,172 "241";
242 0 1 35,129 "242";
243 2 1 155,171 "243";
244 1 1 62,188 "244";
245 2 0 228,233 "245";
246 1 0 122,268 "246";
247 1 1 4,85 "247";
248 0 0 29,103 "248";
249 1 0 50,135 "249";
250 1 0 9,49 "250";
251 2 1 4,181 "251";
252 0 1 103,179 "252";
253 0 1 50,120 "253";
254 2 0 165,195 "254";
255 1 1 112,234 "255";
256 0 1 12,193 "256";
257 1 0 21,35 "257";
258 0 1 107,203 "258";
259 0 1 79,241 "259";
260 0 1 37,61 "260";
261 0 0 150,228 "261";
262 2 1 104,231 "262";
263 1 1 107,243 "263";
264 2 0 35,230 "264";
265 1 1 45,101 "265";
266 0 1 149,206 "266";
267 0 1 12,148 "267";
268 2 0 253,265 "268";
269 1 0 81,228 "269";
