parity 284;
0 2 1 40,153 "0";
1 0 0 95,204 "1";
2 2 1 11,258 "2";
3 1 1 141,267 "3";
4 1 0 53,281 "4";
5 0 1 102,258 "5";
6 1 1 53,163 "6";
7 1 0 254,280 "7";
8 1 1 129,220 "8";
9 1 1 162,163 "9";
10 2 1 237,278 "10";
11 1 0 74,205 "11";
12 1 1 81,193 "12";
13 2 1 60,75 "13";
14 0 1 67,112 "14";
15 1 1 214,238 "15";
16 0 1 122,135 "16";
17 2 0 205,264 "17";
18 1 0 77,188 "18";
19 0 1 8,204 "19";
20 0 1 69,229 "20";
21 1 1 30,231 "21";
22 0 0 42,132 "22";
23 0 0 139,240 "23";
24 2 1 44,137 "24";
25 1 1 30,47 "25";
26 0 1 78,137 "26";
27 1 1 11,243 "27";
28 2 1 52,210 "28";
29 1 0 217,222 "29";
30 0 0 122,132 "30";
31 2 0 30,274 "31";
32 1 0 82,224 "32";
33 1 1 53,129 "33";
34 1 1 64,74 "34";
35 2 1 69,110 "35";
36 0 1 230,237 "36";
37 0 1 108,229 "37";
38 2 1 21,261 "38";
39 1 0 230,259 "39";
40 2 0 89,249 "40";
41 1 1 34,240 "41";
42 0 0 20,128 "42";
43 2 0 81,106 "43";
44 2 1 69,154 "44";
45 2 0 40,90 "45";
46 2 1 112,283 "46";
47 1 0 191,265 "47";
48 0 1 211,235 "48";
49 2 0 136,179 "49";
50 2 0 42,224 "50";
51 1 0 24,209 "51";
52 0 1 15,113 "52";
53 0 0 6,205 "53";
54 0 0 16,112 "54";
55 0 1 8,47 "55";
56 2 0 27,197 "56";
57 2 0 124,137 "57";
58 1 1 75,163 "58";
59 0 1 154,255 "59";
60 2 0 133,232 "60";
61 2 1 64,131 "61";
62 0 0 120,202 "62";
63 0 1 102,236 "63";
64 2 1 162,169 "64";
65 1 1 44,161 "65";
66 0 0 179,275 "66";
67 1 0 124,171 "67";
68 1 1 132,196 "68";
69 2 0 176,270 "69";
70 2 1 31,128 "70";
71 1 0 250,276 "71";
72 2 1 96,121 "72";
73 2 0 243,281 "73";
74 0 0 146,275 "74";
75 1 1 226,233 "75";
76 2 0 2,229 "76";
77 0 0 215,225 "77";
78 1 1 187,266 "78";
79 2 0 65,129 "79";
80 1 0 32,246 "80";
81 2 1 52,273 "81";
82 0 0 19,220 "82";
83 2 1 130,171 "83";
84 0 0 43,226 "84";
85 1 1 210,212 "85";
86 2 0 184,265 "86";
87 0 0 69,137 "87";
88 1 0 220,244 "88";
89 2 1 98,231 "89";
90 1 1 78,172 "90";
91 2 1 160,251 "91";
92 1 0 31,248 "92";
93 0 1 150,277 "93";
94 1 0 65,188 "94";
95 0 1 38,235 "95";
96 0 0 84,146 "96";
97 2 0 21,220 "97";
98 1 0 112,148 "98";
99 0 1 97,236 "99";
100 0 1 130,134 "100";
101 1 1 121,125 "101";
102 2 0 38,191 "102";
103 2 1 52,158 "103";
104 0 1 91,202 "104";
105 2 1 87,243 "105";
106 1 0 23,248 "106";
107 0 0 3,45 "107";
108 0 1 58,258 "108";
109 1 0 63,93 "109";
110 0 0 104,232 "110";
111 1 1 207,221 "111";
112 2 1 127,224 "112";
113 1 1 234,276 "113";
114 0 0 132,191 "114";
115 0 1 234,264 "115";
116 2 0 142,189 "116";
117 1 0 112,171 "117";
118 1 1 130,151 "118";
119 2 1 43,67 "119";
120 1 0 127,196 "120";
121 0 1 219,261 "121";
122 2 1 203,235 "122";
123 1 0 131,159 "123";
124 2 0 99,247 "124";
125 1 0 230,257 "125";
126 2 0 5,186 "126";
127 1 0 76,176 "127";
128 1 0 199,246 "128";
129 1 0 3,259 "129";
130 2 1 5,185 "130";
131 2 1 161,221 "131";
132 2 0 58,61 "132";
133 1 1 173,202 "133";
134 2 0 33,92 "134";
135 1 0 46,154 "135";
136 2 0 162,236 "136";
137 2 1 61,220 "137";
138 1 1 94,215 "138";
139 0 0 23,116 "139";
140 1 1 115,272 "140";
141 0 1 51,157 "141";
142 1 0 97,277 "142";
143 2 0 50,280 "143";
144 2 0 107,268 "144";
145 2 0 114,162 "145";
146 1 0 139,270 "146";
147 1 1 186,204 "147";
148 1 1 53,86 "148";
149 0 1 92,265 "149";
150 2 0 18,284 "150";
151 2 1 71,150 "151";
152 2 1 36,214 "152";
153 0 1 16,186 "153";
154 0 1 160,230 "154";
155 0 0 154,198 "155";
156 1 0 193,237 "156";
157 2 1 84,195 "157";
158 2 0 108,115 "158";
159 0 1 33,122 "159";
160 1 0 4,217 "160";
161 1 1 215,221 "161";
162 2 1 23,280 "162";
163 1 1 25,28 "163";
164 1 0 31,205 "164";
165 2 0 83,282 "165";
166 1 0 36,167 "166";
167 2 1 98,209 "167";
168 2 1 79,186 "168";
169 2 1 141,186 "169";
170 1 0 64,187 "170";
171 2 1 50,167 "171";
172 0 0 46,113 "172";
173 0 0 87,202 "173";
174 0 1 5,262 "174";
175 0 1 184,230 "175";
176 1 1 72,184 "176";
177 0 0 114,217 "177";
178 0 0 36,80 "178";
179 0 0 198,247 "179";
180 1 0 118,120 "180";
181 2 1 45,89 "181";
182 2 1 150,240 "182";
183 1 1 149,241 "183";
184 0 0 125,281 "184";
185 2 0 81,204 "185";
186 2 0 19,99 "186";
187 2 1 23,269 "187";
188 1 0 14,83 "188";
189 0 0 112,186 "189";
190 1 1 27,88 "190";
191 1 1 255,280 "191";
192 2 0 38,187 "192";
193 0 0 18,221 "193";
194 2 0 172,255 "194";
195 0 0 108,157 "195";
196 0 0 25,38 "196";
197 1 1 268,275 "197";
198 1 1 12,141 "198";
199 1 1 97,175 "199";
200 1 1 153,270 "200";
201 2 0 244,252 "201";
202 0 1 32,172 "202";
203 2 0 50,171 "203";
204 2 1 109,161 "204";
205 2 0 174,225 "205";
206 0 1 111,173 "206";
207 0 1 71,144 "207";
208 0 0 161,186 "208";
209 2 0 16,191 "209";
210 2 1 53,182 "210";
211 1 0 44,72 "211";
212 1 1 71,256 "212";
213 2 1 100,256 "213";
214 1 0 72,74 "214";
215 0 0 88,126 "215";
216 2 1 200,237 "216";
217 2 0 28,40 "217";
218 2 0 42,230 "218";
219 0 1 57,281 "219";
220 2 1 214,265 "220";
221 1 0 9,142 "221";
222 2 0 75,248 "222";
223 2 0 54,179 "223";
224 1 0 85,200 "224";
225 0 1 147,254 "225";
226 1 0 78,136 "226";
227 2 0 92,210 "227";
228 1 1 2,70 "228";
229 0 0 72,176 "229";
230 1 1 67,143 "230";
231 1 0 55,234 "231";
232 2 0 190,220 "232";
233 2 1 27,248 "233";
234 0 1 92,249 "234";
235 1 0 67,145 "235";
236 0 0 10,86 "236";
237 0 0 151,271 "237";
238 2 0 116,145 "238";
239 0 1 106,109 "239";
240 2 0 179,269 "240";
241 2 1 3,196 "241";
242 1 0 34,127 "242";
243 1 0 166,167 "243";
244 1 1 28,108 "244";
245 2 0 70,272 "245";
246 0 0 107,248 "246";
247 0 1 198,206 "247";
248 2 1 112,178 "248";
249 2 0 78,220 "249";
250 0 1 215,238 "250";
251 1 0 50,182 "251";
252 0 0 189,229 "252";
253 2 1 28,43 "253";
254 2 0 60,154 "254";
255 0 0 122,203 "255";
256 1 0 64,104 "256";
257 2 0 148,224 "257";
258 2 1 48,230 "258";
259 2 1 161,234 "259";
260 1 1 27,134 "260";
261 2 1 83,135 "261";
262 2 1 58,115 "262";
263 0 1 54,243 "263";
264 2 1 76,172 "264";
265 1 0 35,222 "265";
266 1 0 143,256 "266";
267 2 1 83,266 "267";
268 2 1 77,246 "268";
269 0 0 2,189 "269";
270 2 0 86,201 "270";
271 0 0 62,107 "271";
272 0 1 36,279 "272";
273 2 1 60,278 "273";
274 1 1 16,155 "274";
275 2 1 157,248 "275";
276 2 0 103,188 "276";
277 1 1 29,79 "277";
278 1 1 69,98 "278";
279 2 0 107,138 "279";
280 1 1 108,139 "280";
281 1 1 163,165 "281";
282 0 0 45,95 "282";
283 0 1 102,152 "283";
284 0 0 62,230 "284";
