parity 219;
0 2 1 84,117 "0";
1 2 0 67,122 "1";
2 2 0 42,136 "2";
3 0 1 35,70 "3";
4 0 1 64,165 "4";
5 0 1 70,148 "5";
6 1 1 163,218 "6";
7 2 1 38,40 "7";
8 0 1 71,165 "8";
9 2 0 28,104 "9";
10 2 1 0,50 "10";
11 1 1 73,140 "11";
12 0 0 119,183 "12";
13 2 0 20,34 "13";
14 2 0 105,123 "14";
15 0 0 120,159 "15";
16 2 1 38,150 "16";
17 2 1 16,112 "17";
18 0 1 1,111 "18";
19 1 1 97,184 "19";
20 1 0 103,187 "20";
21 2 0 106,113 "21";
22 1 1 130,174 "22";
23 0 0 131,184 "23";
24 0 1 7,143 "24";
25 1 0 166,202 "25";
26 2 0 25,42 "26";
27 0 0 19,37 "27";
28 1 0 143,178 "28";
29 1 1 86,128 "29";
30 1 0 69,191 "30";
31 1 0 3,94 "31";
32 1 0 137,210 "32";
33 2 0 103,219 "33";
34 2 0 78,142 "34";
35 0 0 3,51 "35";
36 1 1 4,157 "36";
37 1 1 2,88 "37";
38 2 0 25,200 "38";
39 2 0 139,143 "39";
40 1 1 163,208 "40";
41 1 1 147,207 "41";
42 0 0 72,160 "42";
43 0 0 69,94 "43";
44 0 1 17,84 "44";
45 2 1 14,118 "45";
46 0 0 104,211 "46";
47 1 1 3,165 "47";
48 1 1 23,159 "48";
49 2 0 47,200 "49";
50 2 0 34,160 "50";
51 0 1 61,153 "51";
52 1 0 31,75 "52";
53 2 1 116,170 "53";
54 1 1 70,137 "54";
55 2 0 16,42 "55";
56 0 1 34,49 "56";
57 0 0 97,197 "57";
58 2 0 68,192 "58";
59 1 0 108,165 "59";
60 2 1 83,138 "60";
61 0 0 137,155 "61";
62 0 1 48,161 "62";
63 1 0 181,217 "63";
64 2 1 183,216 "64";
65 2 0 14,58 "65";
66 0 0 99,206 "66";
67 2 0 139,214 "67";
68 1 0 122,211 "68";
69 2 0 180,189 "69";
70 1 0 76,105 "70";
71 0 1 123,195 "71";
72 0 0 140,215 "72";
73 1 1 104,216 "73";
74 2 1 84,87 "74";
75 2 0 26,145 "75";
76 2 1 90,118 "76";
77 1 1 155,176 "77";
78 0 1 56,135 "78";
79 1 0 95,104 "79";
80 1 1 8,189 "80";
81 1 1 84,162 "81";
82 0 0 32,93 "82";
83 2 0 75,100 "83";
84 2 0 6,183 "84";
85 1 1 19,141 "85";
86 2 0 66,184 "86";
87 0 0 22,205 "87";
88 0 0 110,208 "88";
89 2 0 13,27 "89";
90 2 0 57,64 "90";
91 2 0 27,72 "91";
92 2 1 47,121 "92";
93 2 1 67,127 "93";
94 0 0 139,203 "94";
95 0 1 205,214 "95";
96 2 0 18,204 "96";
97 2 1 91,92 "97";
98 2 1 58,90 "98";
99 2 1 14,115 "99";
100 0 0 152,216 "100";
101 0 0 5,19 "101";
102 2 0 45,125 "102";
103 1 0 92,190 "103";
104 2 1 155,158 "104";
105 0 1 68,108 "105";
106 2 1 6,139 "106";
107 0 1 2,176 "107";
108 0 0 17,170 "108";
109 1 1 28,123 "109";
110 0 1 45,50 "110";
111 2 0 18,91 "111";
112 2 1 139,185 "112";
113 1 0 95,175 "113";
114 0 0 63,216 "114";
115 2 1 13,102 "115";
116 0 0 52,153 "116";
117 1 1 9,122 "117";
118 1 0 94,120 "118";
119 1 1 45,146 "119";
120 0 0 34,198 "120";
121 1 0 104,192 "121";
122 2 1 70,123 "122";
123 1 0 85,126 "123";
124 0 0 70,74 "124";
125 0 1 86,163 "125";
126 0 1 47,80 "126";
127 0 0 77,163 "127";
128 2 1 67,85 "128";
129 1 1 166,174 "129";
130 1 0 69,109 "130";
131 1 1 7,19 "131";
132 2 1 37,139 "132";
133 2 0 13,198 "133";
134 2 0 153,189 "134";
135 2 0 134,194 "135";
136 1 0 5,56 "136";
137 1 1 8,214 "137";
138 0 1 68,188 "138";
139 1 0 62,78 "139";
140 1 1 23,143 "140";
141 1 0 86,205 "141";
142 0 0 10,28 "142";
143 2 1 60,86 "143";
144 1 0 106,155 "144";
145 2 0 173,185 "145";
146 2 1 214,217 "146";
147 2 1 6,92 "147";
148 0 0 55,192 "148";
149 2 0 25,129 "149";
150 0 1 122,187 "150";
151 2 0 21,50 "151";
152 0 1 68,200 "152";
153 1 1 33,98 "153";
154 0 1 94,207 "154";
155 2 0 9,133 "155";
156 2 0 102,151 "156";
157 1 0 106,192 "157";
158 0 1 101,114 "158";
159 1 1 69,142 "159";
160 1 0 69,125 "160";
161 0 1 85,88 "161";
162 1 0 140,152 "162";
163 2 1 40,159 "163";
164 1 0 88,121 "164";
165 1 0 17,32 "165";
166 1 1 175,212 "166";
167 1 1 85,193 "167";
168 2 1 41,67 "168";
169 0 1 35,54 "169";
170 1 1 50,144 "170";
171 0 1 100,182 "171";
172 0 1 6,42 "172";
173 2 1 18,162 "173";
174 0 1 35,107 "174";
175 0 1 123,181 "175";
176 1 1 21,157 "176";
177 2 1 162,173 "177";
178 2 0 78,199 "178";
179 0 1 42,183 "179";
180 0 0 113,118 "180";
181 0 0 104,167 "181";
182 2 0 80,212 "182";
183 1 1 187,205 "183";
184 1 0 50,153 "184";
185 1 0 75,78 "185";
186 2 0 69,196 "186";
187 2 1 75,189 "187";
188 0 1 44,208 "188";
189 0 1 126,166 "189";
190 1 1 12,70 "190";
191 0 1 86,189 "191";
192 2 0 173,194 "192";
193 1 1 67,76 "193";
194 0 1 52,203 "194";
195 0 1 60,177 "195";
196 0 1 30,44 "196";
197 2 0 16,155 "197";
198 1 0 93,162 "198";
199 0 0 63,145 "199";
200 1 0 171,180 "200";
201 1 1 47,84 "201";
202 0 0 59,173 "202";
203 0 0 28,64 "203";
204 1 0 81,115 "204";
205 2 0 94,128 "205";
206 2 0 91,109 "206";
207 1 0 44,55 "207";
208 0 0 75,118 "208";
209 1 1 143,164 "209";
210 1 0 98,211 "210";
211 2 1 47,118 "211";
212 1 0 86,192 "212";
213 1 0 107,181 "213";
214 2 1 37,135 "214";
215 2 1 59,118 "215";
216 1 0 38,73 "216";
217 1 1 84,209 "217";
218 2 1 130,160 "218";
219 1 0 26,137 "219";
