parity 279;
0 2 0 156,227 "0";
1 2 0 223,272 "1";
2 2 0 87,183 "2";
3 1 0 9,149 "3";
4 0 1 27,268 "4";
5 1 0 94,174 "5";
6 0 1 30,255 "6";
7 0 1 108,189 "7";
8 1 1 86,171 "8";
9 1 1 78,169 "9";
10 2 1 157,268 "10";
11 1 1 50,121 "11";
12 1 1 47,69 "12";
13 2 1 33,195 "13";
14 2 1 188,266 "14";
15 0 0 62,251 "15";
16 1 0 66,263 "16";
17 2 0 25,193 "17";
18 2 0 67,235 "18";
19 1 0 17,74 "19";
20 2 0 64,147 "20";
21 1 0 72,145 "21";
22 0 0 197,270 "22";
23 2 1 109,260 "23";
24 2 0 76,217 "24";
25 2 0 183,261 "25";
26 2 1 48,118 "26";
27 1 1 128,232 "27";
28 2 0 93,110 "28";
29 0 0 64,165 "29";
30 0 1 58,234 "30";
31 0 1 161,247 "31";
32 2 0 6,17 "32";
33 2 0 46,67 "33";
34 2 1 167,246 "34";
35 0 1 159,240 "35";
36 0 0 122,134 "36";
37 0 0 57,94 "37";
38 0 1 135,248 "38";
39 1 1 8,269 "39";
40 0 0 124,144 "40";
41 0 1 207,212 "41";
42 1 1 89,173 "42";
43 2 0 63,101 "43";
44 0 0 2,275 "44";
45 0 0 27,176 "45";
46 0 0 87,198 "46";
47 0 0 159,221 "47";
48 1 0 80,138 "48";
49 1 1 162,261 "49";
50 0 0 8,271 "50";
51 1 0 142,152 "51";
52 0 1 98,110 "52";
53 2 1 58,125 "53";
54 2 1 14,30 "54";
55 1 1 43,72 "55";
56 1 1 204,278 "56";
57 0 0 137,155 "57";
58 1 0 72,199 "58";
59 0 1 137,139 "59";
60 2 1 6,257 "60";
61 0 0 34,205 "61";
62 1 0 18,77 "62";
63 1 0 245,272 "63";
64 1 0 58,138 "64";
65 0 1 101,153 "65";
66 1 1 142,172 "66";
67 1 1 17,218 "67";
68 1 1 45,267 "68";
69 1 0 63,145 "69";
70 2 1 80,196 "70";
71 0 0 72,202 "71";
72 0 1 20,214 "72";
73 1 1 13,272 "73";
74 0 1 56,107 "74";
75 2 1 1,38 "75";
76 2 1 46,112 "76";
77 2 1 15,214 "77";
78 2 1 190,231 "78";
79 2 0 211,259 "79";
80 0 1 27,215 "80";
81 1 0 47,264 "81";
82 2 0 32,89 "82";
83 2 1 35,99 "83";
84 2 0 18,43 "84";
85 1 0 37,86 "85";
86 1 0 75,124 "86";
87 1 0 30,208 "87";
88 0 1 21,192 "88";
89 1 0 13,144 "89";
90 2 0 71,117 "90";
91 2 0 58,115 "91";
92 1 0 123,261 "92";
93 1 0 54,210 "93";
94 2 0 41,173 "94";
95 0 0 71,127 "95";
96 1 1 71,204 "96";
97 0 1 181,275 "97";
98 0 0 0,12 "98";
99 0 1 26,231 "99";
100 0 1 42,131 "100";
101 2 1 187,228 "101";
102 0 0 0,4 "102";
103 1 0 155,213 "103";
104 0 1 40,55 "104";
105 0 1 67,128 "105";
106 2 1 116,169 "106";
107 0 1 139,152 "107";
108 1 1 216,279 "108";
109 2 1 137,261 "109";
110 1 1 85,98 "110";
111 0 0 8,257 "111";
112 0 0 3,119 "112";
113 1 0 121,140 "113";
114 0 1 149,175 "114";
115 1 0 6,140 "115";
116 2 0 136,260 "116";
117 1 0 153,271 "117";
118 2 0 183,249 "118";
119 0 1 78,121 "119";
120 0 1 91,156 "120";
121 0 1 67,225 "121";
122 2 0 109,208 "122";
123 1 1 45,271 "123";
124 1 1 137,244 "124";
125 0 0 21,43 "125";
126 2 0 41,193 "126";
127 2 1 7,48 "127";
128 1 0 89,196 "128";
129 2 1 14,61 "129";
130 2 1 178,206 "130";
131 0 1 65,271 "131";
132 2 0 80,119 "132";
133 0 1 29,168 "133";
134 0 1 80,230 "134";
135 0 1 107,198 "135";
136 2 1 62,125 "136";
137 1 1 146,258 "137";
138 2 1 57,261 "138";
139 2 1 174,178 "139";
140 1 1 58,102 "140";
141 2 1 77,101 "141";
142 0 1 115,251 "142";
143 2 0 41,128 "143";
144 2 0 181,219 "144";
145 0 1 69,220 "145";
146 1 1 19,234 "146";
147 2 1 2,235 "147";
148 2 0 3,44 "148";
149 1 0 108,182 "149";
150 0 1 115,134 "150";
151 2 0 270,278 "151";
152 1 0 54,256 "152";
153 2 0 195,213 "153";
154 1 1 44,80 "154";
155 2 0 11,83 "155";
156 2 0 18,41 "156";
157 1 1 8,11 "157";
158 1 1 25,228 "158";
159 2 1 53,178 "159";
160 1 0 99,189 "160";
161 0 1 126,137 "161";
162 2 0 132,135 "162";
163 1 0 62,158 "163";
164 0 1 159,189 "164";
165 0 0 36,108 "165";
166 0 1 47,277 "166";
167 1 0 22,155 "167";
168 2 1 167,240 "168";
169 2 1 59,278 "169";
170 2 0 241,278 "170";
171 0 0 18,111 "171";
172 0 0 22,269 "172";
173 1 0 147,155 "173";
174 0 0 45,155 "174";
175 2 1 34,165 "175";
176 1 0 34,254 "176";
177 1 1 109,139 "177";
178 0 1 53,177 "178";
179 0 1 5,108 "179";
180 2 0 152,246 "180";
181 1 0 117,222 "181";
182 0 0 178,247 "182";
183 0 1 28,128 "183";
184 2 0 208,254 "184";
185 2 1 50,242 "185";
186 0 1 94,98 "186";
187 1 0 226,247 "187";
188 0 1 76,255 "188";
189 0 0 20,277 "189";
190 1 0 81,242 "190";
191 2 0 114,128 "191";
192 2 0 133,134 "192";
193 1 1 125,216 "193";
194 0 1 21,103 "194";
195 1 0 205,267 "195";
196 1 0 12,157 "196";
197 2 1 37,227 "197";
198 2 1 71,195 "198";
199 0 0 34,107 "199";
200 0 0 135,220 "200";
201 1 0 148,163 "201";
202 1 0 86,186 "202";
203 2 1 6,175 "203";
204 0 1 12,27 "204";
205 0 1 204,232 "205";
206 2 1 132,240 "206";
207 2 0 5,256 "207";
208 2 1 174,224 "208";
209 2 1 50,201 "209";
210 2 0 132,196 "210";
211 0 0 61,248 "211";
212 0 0 16,266 "212";
213 2 0 43,186 "213";
214 2 1 70,274 "214";
215 2 1 137,157 "215";
216 1 1 242,246 "216";
217 0 0 22,23 "217";
218 2 0 15,242 "218";
219 2 0 229,267 "219";
220 2 1 10,161 "220";
221 2 0 85,258 "221";
222 2 1 27,115 "222";
223 0 0 25,39 "223";
224 0 0 16,83 "224";
225 0 0 114,213 "225";
226 0 1 57,133 "226";
227 1 0 82,220 "227";
228 1 1 0,137 "228";
229 0 0 81,244 "229";
230 1 0 67,164 "230";
231 2 1 175,223 "231";
232 1 0 85,238 "232";
233 1 0 73,204 "233";
234 2 0 132,181 "234";
235 1 1 74,76 "235";
236 0 1 96,182 "236";
237 0 1 29,242 "237";
238 2 0 26,127 "238";
239 2 0 25,206 "239";
240 2 0 77,159 "240";
241 0 0 54,79 "241";
242 2 0 134,261 "242";
243 0 1 14,163 "243";
244 2 0 51,92 "244";
245 1 1 153,189 "245";
246 2 0 232,254 "246";
247 1 1 221,261 "247";
248 2 1 10,67 "248";
249 0 0 4,147 "249";
250 1 1 116,241 "250";
251 2 1 13,267 "251";
252 2 0 28,124 "252";
253 2 1 171,256 "253";
254 0 1 80,125 "254";
255 2 0 13,202 "255";
256 0 1 12,116 "256";
257 0 1 61,246 "257";
258 0 1 69,199 "258";
259 0 0 80,160 "259";
260 2 0 84,129 "260";
261 0 0 133,168 "261";
262 1 0 0,94 "262";
263 1 1 94,275 "263";
264 1 1 23,241 "264";
265 2 1 237,240 "265";
266 0 0 97,123 "266";
267 0 0 98,122 "267";
268 2 0 61,69 "268";
269 1 0 3,109 "269";
270 2 0 0,198 "270";
271 0 1 87,205 "271";
272 0 1 217,256 "272";
273 1 0 214,225 "273";
274 0 0 157,256 "274";
275 2 1 59,106 "275";
276 1 0 18,240 "276";
277 2 1 23,252 "277";
278 0 1 131,224 "278";
279 1 0 7,192 "279";
