parity 259;
0 0 1 193,196 "0";
1 0 0 28,56 "1";
2 1 0 47,123 "2";
3 2 0 109,168 "3";
4 2 1 254,259 "4";
5 2 1 194,196 "5";
6 2 0 32,67 "6";
7 0 1 35,41 "7";
8 2 1 4,258 "8";
9 2 0 16,226 "9";
10 1 1 133,200 "10";
11 1 0 22,126 "11";
12 0 1 120,197 "12";
13 2 1 95,157 "13";
14 2 0 35,172 "14";
15 1 0 75,221 "15";
16 2 1 130,203 "16";
17 2 0 49,136 "17";
18 0 0 231,232 "18";
19 1 0 93,217 "19";
20 0 0 50,134 "20";
21 2 0 111,208 "21";
22 2 1 68,212 "22";
23 1 1 196,251 "23";
24 2 1 97,125 "24";
25 0 0 124,154 "25";
26 0 1 94,214 "26";
27 1 1 202,241 "27";
28 2 1 121,256 "28";
29 2 1 164,180 "29";
30 2 1 10,190 "30";
31 2 1 82,203 "31";
32 1 1 161,202 "32";
33 2 0 6,231 "33";
34 0 1 108,181 "34";
35 1 0 44,119 "35";
36 1 0 130,210 "36";
37 2 0 130,172 "37";
38 2 1 178,258 "38";
39 0 1 226,251 "39";
40 1 0 10,86 "40";
41 1 0 48,142 "41";
42 2 0 63,149 "42";
43 2 1 27,231 "43";
44 1 1 4,168 "44";
45 1 0 87,100 "45";
46 2 0 50,180 "46";
47 2 1 7,12 "47";
48 0 1 53,234 "48";
49 2 0 52,146 "49";
50 0 1 101,131 "50";
51 1 0 171,199 "51";
52 0 1 35,227 "52";
53 1 1 59,160 "53";
54 0 1 76,119 "54";
55 0 1 27,57 "55";
56 0 1 48,196 "56";
57 1 0 199,244 "57";
58 1 0 42,156 "58";
59 2 1 28,63 "59";
60 0 1 77,259 "60";
61 0 0 153,157 "61";
62 2 0 103,216 "62";
63 2 1 81,163 "63";
64 2 1 19,55 "64";
65 0 1 131,134 "65";
66 2 0 120,129 "66";
67 2 1 92,96 "67";
68 2 0 83,117 "68";
69 1 1 119,196 "69";
70 0 1 43,61 "70";
71 0 1 93,131 "71";
72 2 1 13,123 "72";
73 2 1 50,76 "73";
74 2 1 18,23 "74";
75 2 1 20,250 "75";
76 0 0 185,194 "76";
77 1 1 205,221 "77";
78 0 0 150,214 "78";
79 0 0 157,210 "79";
80 0 1 9,138 "80";
81 1 1 59,169 "81";
82 1 1 55,104 "82";
83 1 0 9,215 "83";
84 2 1 196,250 "84";
85 1 1 136,228 "85";
86 1 1 38,255 "86";
87 0 1 102,149 "87";
88 0 0 59,199 "88";
89 2 1 189,219 "89";
90 2 1 111,148 "90";
91 1 1 9,106 "91";
92 2 0 47,99 "92";
93 1 0 199,201 "93";
94 0 1 149,192 "94";
95 1 0 8,127 "95";
96 2 1 32,79 "96";
97 0 0 47,101 "97";
98 1 0 145,193 "98";
99 0 0 31,256 "99";
100 0 1 150,178 "100";
101 0 0 151,160 "101";
102 0 1 41,185 "102";
103 1 1 114,142 "103";
104 1 0 105,129 "104";
105 2 1 152,177 "105";
106 0 1 39,100 "106";
107 2 1 164,234 "107";
108 2 1 24,248 "108";
109 1 0 172,255 "109";
110 0 1 96,121 "110";
111 0 0 42,66 "111";
112 1 1 20,251 "112";
113 2 1 1,202 "113";
114 0 1 129,203 "114";
115 0 1 36,202 "115";
116 1 1 36,160 "116";
117 0 1 65,101 "117";
118 1 0 137,254 "118";
119 1 1 25,198 "119";
120 1 0 59,198 "120";
121 1 1 38,184 "121";
122 2 0 169,198 "122";
123 0 1 16,53 "123";
124 0 1 74,84 "124";
125 2 0 50,63 "125";
126 0 1 95,256 "126";
127 0 1 215,250 "127";
128 0 1 10,107 "128";
129 1 0 10,204 "129";
130 0 1 104,147 "130";
131 0 0 128,248 "131";
132 2 0 30,167 "132";
133 0 0 44,188 "133";
134 2 1 159,213 "134";
135 2 1 6,19 "135";
136 2 0 208,213 "136";
137 2 1 4,221 "137";
138 1 1 121,152 "138";
139 0 1 26,51 "139";
140 2 0 141,219 "140";
141 2 1 110,128 "141";
142 1 1 200,229 "142";
143 0 1 3,35 "143";
144 0 1 39,75 "144";
145 0 1 84,182 "145";
146 2 0 155,181 "146";
147 2 0 76,134 "147";
148 1 0 26,190 "148";
149 2 1 120,189 "149";
150 1 1 89,221 "150";
151 1 0 43,67 "151";
152 1 1 27,125 "152";
153 2 1 74,225 "153";
154 1 1 56,159 "154";
155 1 1 91,259 "155";
156 0 0 134,138 "156";
157 2 1 221,245 "157";
158 0 1 197,231 "158";
159 0 0 10,150 "159";
160 1 1 15,166 "160";
161 1 0 177,236 "161";
162 2 1 65,175 "162";
163 1 1 8,237 "163";
164 0 1 21,42 "164";
165 1 0 15,67 "165";
166 0 0 163,246 "166";
167 2 0 19,114 "167";
168 0 0 27,140 "168";
169 1 1 174,210 "169";
170 2 1 92,172 "170";
171 2 1 26,61 "171";
172 1 1 158,230 "172";
173 1 0 152,190 "173";
174 0 0 143,168 "174";
175 0 0 135,251 "175";
176 2 0 32,155 "176";
177 2 0 45,225 "177";
178 2 0 83,251 "178";
179 0 0 126,181 "179";
180 2 0 36,83 "180";
181 0 0 17,44 "181";
182 0 1 58,63 "182";
183 2 0 26,205 "183";
184 2 1 179,227 "184";
185 0 1 11,151 "185";
186 1 0 27,221 "186";
187 2 1 74,172 "187";
188 1 0 27,90 "188";
189 2 1 85,106 "189";
190 2 1 142,257 "190";
191 1 1 96,234 "191";
192 2 1 4,168 "192";
193 0 0 122,129 "193";
194 1 1 34,139 "194";
195 1 0 6,95 "195";
196 2 1 4,187 "196";
197 1 0 89,124 "197";
198 2 1 80,176 "198";
199 2 0 74,150 "199";
200 2 1 57,245 "200";
201 0 1 220,234 "201";
202 0 1 160,230 "202";
203 1 0 89,231 "203";
204 2 0 41,118 "204";
205 1 0 104,133 "205";
206 1 1 59,121 "206";
207 1 1 73,221 "207";
208 0 0 10,90 "208";
209 1 0 44,48 "209";
210 0 1 4,219 "210";
211 2 1 113,220 "211";
212 0 0 94,137 "212";
213 0 0 25,231 "213";
214 2 1 99,247 "214";
215 1 1 50,82 "215";
216 0 0 50,64 "216";
217 0 0 19,165 "217";
218 1 1 93,247 "218";
219 0 1 31,111 "219";
220 2 1 30,163 "220";
221 1 0 54,237 "221";
222 0 0 163,209 "222";
223 1 1 200,256 "223";
224 0 1 3,213 "224";
225 1 1 130,244 "225";
226 2 1 176,241 "226";
227 1 0 40,107 "227";
228 2 1 156,224 "228";
229 1 1 31,154 "229";
230 2 1 39,114 "230";
231 1 1 10,42 "231";
232 1 1 48,227 "232";
233 0 0 7,23 "233";
234 2 0 132,153 "234";
235 0 0 103,171 "235";
236 2 0 98,166 "236";
237 0 1 18,43 "237";
238 2 0 84,212 "238";
239 1 0 145,247 "239";
240 2 1 91,164 "240";
241 2 0 25,252 "241";
242 2 0 108,233 "242";
243 1 1 10,190 "243";
244 0 0 27,215 "244";
245 1 1 35,200 "245";
246 1 1 64,195 "246";
247 1 1 112,158 "247";
248 1 1 247,252 "248";
249 2 0 11,231 "249";
250 2 0 10,25 "250";
251 1 0 88,101 "251";
252 2 0 85,135 "252";
253 2 1 216,228 "253";
254 0 1 190,259 "254";
255 1 1 167,187 "255";
256 1 1 59,163 "256";
257 0 1 20,220 "257";
258 0 0 33,67 "258";
259 0 1 215,237 "259";
