parity 204;
0 2 1 125,170 "0";
1 2 1 11,55 "1";
2 0 1 97,133 "2";
3 2 0 27,45 "3";
4 1 0 29,184 "4";
5 2 1 31,135 "5";
6 0 0 27,40 "6";
7 0 1 118,152 "7";
8 2 1 96,140 "8";
9 0 1 29,46 "9";
10 0 1 26,70 "10";
11 1 1 41,56 "11";
12 1 0 160,176 "12";
13 1 1 79,128 "13";
14 1 1 47,123 "14";
15 0 1 48,108 "15";
16 1 1 23,100 "16";
17 0 0 67,144 "17";
18 0 0 87,158 "18";
19 2 1 21,146 "19";
20 2 1 30,159 "20";
21 2 0 145,157 "21";
22 2 0 77,144 "22";
23 0 1 51,198 "23";
24 0 0 45,76 "24";
25 1 0 21,136 "25";
26 1 1 133,137 "26";
27 1 0 40,95 "27";
28 2 1 5,192 "28";
29 0 0 87,166 "29";
30 0 0 15,123 "30";
31 2 0 21,90 "31";
32 2 0 168,178 "32";
33 0 1 50,167 "33";
34 0 1 184,204 "34";
35 1 1 5,107 "35";
36 1 1 143,175 "36";
37 1 0 36,174 "37";
38 0 1 96,148 "38";
39 2 0 51,134 "39";
40 1 1 9,87 "40";
41 2 1 0,141 "41";
42 1 0 142,190 "42";
43 2 0 77,138 "43";
44 2 0 102,197 "44";
45 0 1 113,195 "45";
46 1 0 98,135 "46";
47 1 0 31,163 "47";
48 1 1 12,22 "48";
49 1 1 146,173 "49";
50 1 0 106,153 "50";
51 1 1 76,121 "51";
52 0 1 13,68 "52";
53 2 1 132,174 "53";
54 2 1 28,204 "54";
55 2 0 3,18 "55";
56 0 0 98,180 "56";
57 2 1 13,84 "57";
58 1 1 24,190 "58";
59 1 1 32,125 "59";
60 2 1 50,190 "60";
61 0 0 66,156 "61";
62 1 0 134,135 "62";
63 0 1 96,148 "63";
64 1 0 37,158 "64";
65 0 1 31,113 "65";
66 0 0 2,45 "66";
67 2 0 10,164 "67";
68 2 0 26,88 "68";
69 2 1 171,186 "69";
70 2 1 189,204 "70";
71 0 1 139,163 "71";
72 2 0 167,200 "72";
73 2 0 144,202 "73";
74 2 0 28,183 "74";
75 0 1 18,66 "75";
76 1 0 30,83 "76";
77 1 1 4,142 "77";
78 0 0 5,75 "78";
79 2 0 23,31 "79";
80 2 1 78,187 "80";
81 1 0 118,135 "81";
82 0 1 39,122 "82";
83 0 0 82,108 "83";
84 2 0 14,97 "84";
85 0 0 8,21 "85";
86 0 1 83,148 "86";
87 0 0 80,149 "87";
88 2 1 44,142 "88";
89 0 1 26,113 "89";
90 1 0 70,203 "90";
91 2 1 99,121 "91";
92 0 1 27,77 "92";
93 1 1 45,121 "93";
94 1 1 114,128 "94";
95 1 0 40,115 "95";
96 2 1 162,187 "96";
97 1 0 111,204 "97";
98 2 1 16,176 "98";
99 0 1 17,187 "99";
100 1 1 105,188 "100";
101 0 0 112,154 "101";
102 0 1 164,176 "102";
103 1 1 134,188 "103";
104 1 1 4,16 "104";
105 0 1 23,135 "105";
106 0 0 107,149 "106";
107 2 1 16,112 "107";
108 2 0 36,54 "108";
109 1 1 97,189 "109";
110 0 1 69,118 "110";
111 1 0 34,72 "111";
112 2 1 55,84 "112";
113 2 0 180,191 "113";
114 2 1 102,186 "114";
115 0 1 170,197 "115";
116 0 1 44,141 "116";
117 2 1 57,131 "117";
118 1 0 20,74 "118";
119 1 0 39,177 "119";
120 1 1 48,167 "120";
121 2 0 35,78 "121";
122 0 1 83,163 "122";
123 1 0 10,65 "123";
124 1 1 79,115 "124";
125 0 1 74,155 "125";
126 0 1 158,179 "126";
127 2 0 13,17 "127";
128 1 1 141,179 "128";
129 2 1 83,158 "129";
130 0 1 33,185 "130";
131 1 0 48,203 "131";
132 2 0 9,163 "132";
133 2 1 178,199 "133";
134 0 1 38,186 "134";
135 0 0 115,126 "135";
136 1 1 47,55 "136";
137 1 1 2,44 "137";
138 2 0 29,55 "138";
139 1 1 14,190 "139";
140 1 1 64,127 "140";
141 2 1 67,160 "141";
142 2 1 37,129 "142";
143 2 1 52,94 "143";
144 0 1 3,142 "144";
145 1 0 106,177 "145";
146 2 1 38,74 "146";
147 1 0 1,35 "147";
148 0 0 12,123 "148";
149 1 0 27,143 "149";
150 2 1 50,157 "150";
151 0 0 119,160 "151";
152 0 1 50,112 "152";
153 1 0 120,164 "153";
154 0 1 4,148 "154";
155 0 1 25,83 "155";
156 0 0 40,158 "156";
157 2 1 58,77 "157";
158 2 0 16,135 "158";
159 0 1 39,82 "159";
160 0 1 86,115 "160";
161 2 1 34,75 "161";
162 1 1 159,160 "162";
163 1 1 40,50 "163";
164 1 1 58,134 "164";
165 0 1 15,26 "165";
166 1 0 22,112 "166";
167 2 0 110,169 "167";
168 2 1 32,159 "168";
169 2 0 54,65 "169";
170 0 0 30,53 "170";
171 0 1 36,130 "171";
172 1 0 46,140 "172";
173 0 1 3,76 "173";
174 2 1 4,102 "174";
175 1 1 122,198 "175";
176 0 1 34,139 "176";
177 2 1 37,148 "177";
178 0 1 54,157 "178";
179 2 0 63,192 "179";
180 1 0 145,156 "180";
181 0 1 81,129 "181";
182 0 1 123,164 "182";
183 1 1 6,177 "183";
184 0 1 20,58 "184";
185 0 0 79,151 "185";
186 1 1 94,148 "186";
187 1 0 54,100 "187";
188 0 0 67,87 "188";
189 2 0 106,163 "189";
190 0 0 90,191 "190";
191 1 0 114,144 "191";
192 0 1 19,161 "192";
193 1 0 21,98 "193";
194 2 0 59,132 "194";
195 1 1 43,199 "195";
196 0 1 78,137 "196";
197 1 0 157,171 "197";
198 2 0 56,109 "198";
199 1 1 95,172 "199";
200 2 0 1,174 "200";
201 0 0 84,187 "201";
202 1 1 6,193 "202";
203 2 0 56,147 "203";
204 2 0 2,10 "204";
