parity 214;
0 2 0 50,63 "0";
1 0 0 105,146 "1";
2 0 1 0,134 "2";
3 1 1 63,144 "3";
4 1 1 147,181 "4";
5 0 0 74,214 "5";
6 0 0 114,139 "6";
7 1 1 33,168 "7";
8 2 1 1,211 "8";
9 2 1 148,194 "9";
10 2 0 38,77 "10";
11 1 1 135,186 "11";
12 0 1 72,168 "12";
13 0 1 172,209 "13";
14 2 0 48,176 "14";
15 0 1 2,127 "15";
16 1 1 75,80 "16";
17 0 1 18,128 "17";
18 2 1 104,163 "18";
19 2 0 82,131 "19";
20 2 0 11,18 "20";
21 1 0 40,93 "21";
22 0 0 83,123 "22";
23 2 0 46,203 "23";
24 2 1 124,157 "24";
25 2 1 103,178 "25";
26 0 1 46,78 "26";
27 1 0 75,158 "27";
28 1 0 10,101 "28";
29 1 0 58,160 "29";
30 2 1 114,142 "30";
31 2 1 57,121 "31";
32 2 1 94,117 "32";
33 2 1 65,149 "33";
34 1 0 121,142 "34";
35 1 0 91,102 "35";
36 1 1 12,40 "36";
37 2 1 10,88 "37";
38 0 1 60,169 "38";
39 2 1 33,198 "39";
40 0 0 107,130 "40";
41 1 0 113,180 "41";
42 1 1 145,159 "42";
43 2 0 70,112 "43";
44 0 0 43,125 "44";
45 1 1 93,105 "45";
46 2 1 138,165 "46";
47 1 0 100,115 "47";
48 2 0 155,164 "48";
49 0 1 29,147 "49";
50 0 1 196,200 "50";
51 2 0 108,180 "51";
52 1 0 63,102 "52";
53 0 0 101,181 "53";
54 0 0 60,66 "54";
55 0 0 62,97 "55";
56 1 1 152,209 "56";
57 1 0 31,104 "57";
58 1 1 5,201 "58";
59 0 0 6,165 "59";
60 1 0 105,120 "60";
61 2 1 18,204 "61";
62 0 1 168,183 "62";
63 1 0 2,53 "63";
64 1 0 118,186 "64";
65 2 0 47,189 "65";
66 1 1 102,167 "66";
67 0 1 12,118 "67";
68 2 1 133,194 "68";
69 1 1 124,162 "69";
70 2 1 94,191 "70";
71 2 1 33,167 "71";
72 2 0 91,141 "72";
73 1 1 13,71 "73";
74 2 1 43,145 "74";
75 0 1 3,162 "75";
76 2 0 67,156 "76";
77 0 1 12,200 "77";
78 0 1 60,180 "78";
79 2 0 112,207 "79";
80 1 0 91,149 "80";
81 0 0 40,138 "81";
82 0 0 107,126 "82";
83 2 1 11,139 "83";
84 2 1 17,159 "84";
85 0 0 52,156 "85";
86 2 1 151,185 "86";
87 2 0 16,204 "87";
88 0 0 56,111 "88";
89 1 1 42,199 "89";
90 2 1 44,133 "90";
91 0 1 51,197 "91";
92 1 0 24,108 "92";
93 1 1 4,209 "93";
94 2 1 24,191 "94";
95 0 1 178,201 "95";
96 1 0 141,200 "96";
97 0 1 41,141 "97";
98 1 1 40,79 "98";
99 0 1 12,17 "99";
100 0 0 8,119 "100";
101 0 1 4,44 "101";
102 2 1 6,193 "102";
103 2 0 155,162 "103";
104 2 1 82,168 "104";
105 0 0 24,207 "105";
106 2 1 12,37 "106";
107 0 0 151,177 "107";
108 2 0 146,171 "108";
109 2 0 162,202 "109";
110 0 0 104,180 "110";
111 1 0 79,156 "111";
112 2 0 40,178 "112";
113 1 1 154,160 "113";
114 2 0 153,210 "114";
115 1 1 30,200 "115";
116 1 1 5,141 "116";
117 0 0 33,92 "117";
118 2 1 111,114 "118";
119 2 1 50,115 "119";
120 0 1 48,148 "120";
121 2 1 72,92 "121";
122 2 1 102,204 "122";
123 2 1 3,197 "123";
124 1 1 51,178 "124";
125 2 0 45,79 "125";
126 0 1 78,86 "126";
127 1 0 96,198 "127";
128 0 1 2,195 "128";
129 2 1 25,139 "129";
130 0 0 30,201 "130";
131 0 1 106,127 "131";
132 0 1 80,152 "132";
133 2 0 94,196 "133";
134 1 0 168,199 "134";
135 1 1 38,98 "135";
136 0 0 75,109 "136";
137 1 1 78,193 "137";
138 2 0 177,208 "138";
139 0 1 83,137 "139";
140 2 1 46,194 "140";
141 2 0 24,54 "141";
142 1 0 21,207 "142";
143 1 0 105,138 "143";
144 2 0 205,211 "144";
145 2 0 50,121 "145";
146 2 0 143,160 "146";
147 0 1 37,38 "147";
148 2 1 92,118 "148";
149 1 0 18,192 "149";
150 0 0 74,189 "150";
151 0 0 111,153 "151";
152 0 0 32,92 "152";
153 1 0 58,163 "153";
154 1 0 134,165 "154";
155 0 1 14,150 "155";
156 2 1 94,198 "156";
157 1 1 6,165 "157";
158 0 1 58,193 "158";
159 0 0 40,99 "159";
160 2 0 20,127 "160";
161 1 1 132,197 "161";
162 0 0 128,135 "162";
163 1 0 25,98 "163";
164 2 1 25,203 "164";
165 1 1 114,172 "165";
166 2 1 49,102 "166";
167 2 0 43,200 "167";
168 0 0 101,202 "168";
169 1 1 3,180 "169";
170 2 1 150,167 "170";
171 0 0 43,103 "171";
172 0 0 142,179 "172";
173 2 0 167,179 "173";
174 1 1 67,108 "174";
175 0 1 18,205 "175";
176 1 1 32,53 "176";
177 1 0 132,152 "177";
178 1 0 1,163 "178";
179 2 1 31,155 "179";
180 0 1 52,71 "180";
181 1 1 12,169 "181";
182 0 0 16,96 "182";
183 0 0 61,190 "183";
184 0 0 125,179 "184";
185 0 1 138,154 "185";
186 0 1 45,165 "186";
187 0 1 44,59 "187";
188 0 1 76,77 "188";
189 0 1 137,171 "189";
190 0 0 40,189 "190";
191 0 0 10,86 "191";
192 0 0 73,123 "192";
193 1 0 62,170 "193";
194 1 1 104,138 "194";
195 1 0 44,81 "195";
196 0 0 77,88 "196";
197 2 0 67,159 "197";
198 0 1 26,178 "198";
199 2 0 32,211 "199";
200 0 1 32,151 "200";
201 0 0 55,101 "201";
202 1 0 72,211 "202";
203 2 1 127,190 "203";
204 2 0 133,149 "204";
205 1 1 115,134 "205";
206 0 1 65,77 "206";
207 2 1 185,188 "207";
208 1 1 17,82 "208";
209 2 0 53,63 "209";
210 0 1 2,166 "210";
211 2 1 52,86 "211";
212 2 0 29,168 "212";
213 0 0 66,91 "213";
214 0 0 58,180 "214";
