parity 294;
0 0 1 40,294 "0";
1 2 1 121,192 "1";
2 1 1 46,99 "2";
3 1 0 161,279 "3";
4 1 1 99,274 "4";
5 2 1 31,84 "5";
6 0 0 161,212 "6";
7 1 0 269,280 "7";
8 0 1 2,65 "8";
9 1 1 13,268 "9";
10 2 0 64,223 "10";
11 1 1 30,132 "11";
12 2 1 38,160 "12";
13 2 1 18,74 "13";
14 2 0 27,72 "14";
15 2 0 88,152 "15";
16 2 0 138,147 "16";
17 0 1 64,292 "17";
18 1 1 144,179 "18";
19 0 0 81,269 "19";
20 1 1 44,206 "20";
21 2 1 15,96 "21";
22 1 0 64,208 "22";
23 2 1 141,253 "23";
24 1 1 28,291 "24";
25 0 0 0,190 "25";
26 0 0 62,73 "26";
27 2 0 135,241 "27";
28 1 1 53,62 "28";
29 0 1 142,290 "29";
30 2 0 148,168 "30";
31 0 0 265,273 "31";
32 2 0 127,256 "32";
33 1 0 48,200 "33";
34 2 1 141,194 "34";
35 1 1 9,32 "35";
36 2 1 100,208 "36";
37 1 0 73,84 "37";
38 0 1 98,242 "38";
39 2 1 5,27 "39";
40 0 0 129,283 "40";
41 0 0 113,158 "41";
42 0 1 118,152 "42";
43 2 1 209,286 "43";
44 1 1 137,186 "44";
45 1 1 46,220 "45";
46 0 0 160,247 "46";
47 0 0 61,67 "47";
48 2 0 38,264 "48";
49 0 1 139,233 "49";
50 2 1 142,249 "50";
51 0 0 74,126 "51";
52 0 0 149,213 "52";
53 1 1 178,255 "53";
54 1 1 240,288 "54";
55 0 0 70,133 "55";
56 1 1 213,246 "56";
57 2 0 225,285 "57";
58 2 0 203,278 "58";
59 0 0 130,224 "59";
60 1 1 188,219 "60";
61 0 0 19,133 "61";
62 1 1 24,271 "62";
63 1 1 120,145 "63";
64 1 1 127,265 "64";
65 0 1 70,124 "65";
66 0 0 168,258 "66";
67 0 0 50,175 "67";
68 2 0 16,261 "68";
69 1 1 167,176 "69";
70 0 1 138,194 "70";
71 1 1 214,288 "71";
72 1 0 172,228 "72";
73 1 0 198,274 "73";
74 1 0 176,234 "74";
75 1 1 7,213 "75";
76 2 1 6,225 "76";
77 2 0 177,258 "77";
78 2 0 112,263 "78";
79 2 0 239,272 "79";
80 2 1 67,107 "80";
81 0 0 137,152 "81";
82 1 0 83,218 "82";
83 0 0 165,231 "83";
84 1 0 24,56 "84";
85 2 1 101,154 "85";
86 1 0 108,116 "86";
87 0 1 143,164 "87";
88 2 1 5,105 "88";
89 2 0 133,252 "89";
90 1 1 9,254 "90";
91 1 1 206,230 "91";
92 2 0 211,259 "92";
93 0 1 92,127 "93";
94 0 1 39,208 "94";
95 0 1 52,236 "95";
96 0 0 109,113 "96";
97 2 0 89,189 "97";
98 2 1 59,132 "98";
99 1 0 14,98 "99";
100 1 1 85,165 "100";
101 0 0 194,245 "101";
102 0 0 48,61 "102";
103 0 0 159,193 "103";
104 0 1 20,257 "104";
105 1 0 32,94 "105";
106 2 1 83,257 "106";
107 2 0 51,129 "107";
108 0 0 77,139 "108";
109 1 1 174,259 "109";
110 2 0 21,159 "110";
111 2 1 124,159 "111";
112 2 0 73,215 "112";
113 1 1 55,189 "113";
114 1 1 269,286 "114";
115 2 1 176,280 "115";
116 1 1 155,250 "116";
117 1 0 126,183 "117";
118 1 0 265,275 "118";
119 2 1 28,234 "119";
120 0 1 137,250 "120";
121 2 1 143,269 "121";
122 2 0 112,281 "122";
123 0 0 1,200 "123";
124 1 0 115,209 "124";
125 2 1 18,44 "125";
126 2 1 18,271 "126";
127 0 1 129,190 "127";
128 1 0 111,159 "128";
129 2 0 38,211 "129";
130 0 0 94,213 "130";
131 1 0 79,268 "131";
132 2 0 159,242 "132";
133 2 0 7,293 "133";
134 0 1 159,253 "134";
135 1 1 172,247 "135";
136 0 1 200,256 "136";
137 0 1 135,139 "137";
138 0 0 75,161 "138";
139 2 1 150,203 "139";
140 0 0 168,223 "140";
141 1 0 12,167 "141";
142 0 1 213,269 "142";
143 2 1 0,187 "143";
144 2 0 91,208 "144";
145 1 1 106,219 "145";
146 2 1 135,175 "146";
147 1 0 20,168 "147";
148 1 1 59,112 "148";
149 1 1 7,264 "149";
150 0 0 80,242 "150";
151 2 1 131,216 "151";
152 1 1 90,148 "152";
153 2 1 198,274 "153";
154 2 1 99,144 "154";
155 1 0 176,253 "155";
156 0 0 187,209 "156";
157 2 1 134,252 "157";
158 0 0 146,258 "158";
159 0 1 9,56 "159";
160 1 0 150,166 "160";
161 0 1 68,200 "161";
162 2 1 85,214 "162";
163 1 0 104,142 "163";
164 0 1 61,167 "164";
165 2 1 148,191 "165";
166 1 0 86,265 "166";
167 2 1 1,213 "167";
168 0 1 40,94 "168";
169 1 0 104,278 "169";
170 1 0 116,181 "170";
171 2 0 46,132 "171";
172 0 1 19,210 "172";
173 1 0 3,149 "173";
174 0 0 144,269 "174";
175 1 0 38,149 "175";
176 2 1 34,117 "176";
177 0 1 218,274 "177";
178 1 0 60,240 "178";
179 2 1 7,243 "179";
180 0 1 71,79 "180";
181 0 0 30,155 "181";
182 2 0 97,204 "182";
183 1 1 163,189 "183";
184 0 1 90,243 "184";
185 2 1 151,276 "185";
186 0 1 39,221 "186";
187 0 0 64,217 "187";
188 2 0 61,62 "188";
189 1 0 210,225 "189";
190 0 0 78,136 "190";
191 0 0 77,100 "191";
192 1 1 156,195 "192";
193 2 0 124,130 "193";
194 0 0 128,290 "194";
195 2 1 182,199 "195";
196 2 1 33,95 "196";
197 0 1 23,44 "197";
198 1 1 154,262 "198";
199 2 1 63,191 "199";
200 0 1 58,235 "200";
201 1 0 7,271 "201";
202 0 0 45,235 "202";
203 1 0 199,258 "203";
204 2 1 162,280 "204";
205 2 1 73,99 "205";
206 2 1 177,218 "206";
207 2 1 49,155 "207";
208 2 0 83,89 "208";
209 0 1 135,207 "209";
210 2 0 99,104 "210";
211 0 1 12,172 "211";
212 0 0 25,225 "212";
213 1 0 94,255 "213";
214 0 0 46,158 "214";
215 0 0 76,161 "215";
216 1 0 201,258 "216";
217 0 1 97,190 "217";
218 2 1 74,127 "218";
219 1 1 48,68 "219";
220 1 1 51,71 "220";
221 0 1 39,216 "221";
222 2 0 134,211 "222";
223 2 1 67,159 "223";
224 2 1 77,262 "224";
225 2 0 153,207 "225";
226 0 1 211,266 "226";
227 2 1 241,291 "227";
228 1 1 106,147 "228";
229 2 1 0,274 "229";
230 0 1 125,202 "230";
231 1 1 23,146 "231";
232 0 0 31,187 "232";
233 0 0 114,171 "233";
234 1 0 204,214 "234";
235 1 1 164,262 "235";
236 1 0 61,68 "236";
237 0 0 103,252 "237";
238 0 1 171,273 "238";
239 2 1 64,221 "239";
240 2 0 183,220 "240";
241 1 1 36,87 "241";
242 2 1 90,171 "242";
243 1 1 100,184 "243";
244 1 1 48,273 "244";
245 1 0 62,279 "245";
246 2 1 186,245 "246";
247 1 1 187,222 "247";
248 0 0 171,275 "248";
249 2 1 118,242 "249";
250 0 0 78,239 "250";
251 2 1 52,287 "251";
252 0 1 27,97 "252";
253 1 1 18,119 "253";
254 1 1 33,62 "254";
255 0 0 36,222 "255";
256 2 0 102,282 "256";
257 2 0 193,280 "257";
258 2 0 30,148 "258";
259 0 0 124,139 "259";
260 0 1 151,220 "260";
261 2 1 166,224 "261";
262 2 0 3,274 "262";
263 0 0 210,261 "263";
264 1 1 68,166 "264";
265 1 0 53,186 "265";
266 1 0 166,256 "266";
267 0 1 31,73 "267";
268 2 1 150,283 "268";
269 1 1 78,282 "269";
270 0 0 206,231 "270";
271 1 0 11,205 "271";
272 1 0 79,176 "272";
273 1 1 10,51 "273";
274 2 1 117,233 "274";
275 1 0 217,285 "275";
276 2 1 42,163 "276";
277 0 1 2,14 "277";
278 1 1 247,265 "278";
279 1 1 38,196 "279";
280 2 0 163,220 "280";
281 2 1 126,171 "281";
282 1 1 174,288 "282";
283 2 1 121,187 "283";
284 1 1 21,150 "284";
285 0 0 19,198 "285";
286 1 0 153,210 "286";
287 1 0 35,102 "287";
288 2 0 187,259 "288";
289 1 1 42,141 "289";
290 1 1 187,208 "290";
291 0 0 7,124 "291";
292 2 0 86,108 "292";
293 0 1 41,95 "293";
294 2 0 126,283 "294";
