parity 234;
0 1 1 78,112 "0";
1 0 1 92,141 "1";
2 1 1 158,215 "2";
3 1 1 93,115 "3";
4 1 1 80,183 "4";
5 0 0 12,195 "5";
6 2 1 28,67 "6";
7 1 1 43,193 "7";
8 1 1 12,19 "8";
9 1 0 57,178 "9";
10 2 0 119,208 "10";
11 2 1 87,124 "11";
12 1 0 69,166 "12";
13 1 1 50,115 "13";
14 0 0 104,228 "14";
15 2 1 4,168 "15";
16 0 0 75,78 "16";
17 2 0 186,191 "17";
18 0 0 111,170 "18";
19 0 0 67,212 "19";
20 1 1 92,169 "20";
21 2 1 61,141 "21";
22 2 0 146,162 "22";
23 0 0 4,122 "23";
24 1 1 47,53 "24";
25 2 1 79,163 "25";
26 1 1 94,144 "26";
27 2 1 24,136 "27";
28 2 0 39,97 "28";
29 2 1 7,114 "29";
30 2 1 84,117 "30";
31 1 1 96,105 "31";
32 1 0 17,48 "32";
33 2 0 65,184 "33";
34 0 1 156,160 "34";
35 0 1 54,73 "35";
36 0 0 160,223 "36";
37 0 1 106,196 "37";
38 1 0 150,194 "38";
39 0 0 38,161 "39";
40 0 1 34,199 "40";
41 1 1 180,186 "41";
42 0 1 84,190 "42";
43 2 0 152,170 "43";
44 2 0 54,141 "44";
45 1 1 18,196 "45";
46 0 0 15,100 "46";
47 2 1 106,172 "47";
48 0 1 49,151 "48";
49 2 0 19,86 "49";
50 0 1 30,212 "50";
51 0 1 50,157 "51";
52 2 1 20,48 "52";
53 2 0 18,77 "53";
54 0 0 106,201 "54";
55 2 1 159,176 "55";
56 0 1 114,224 "56";
57 0 1 168,170 "57";
58 2 1 124,185 "58";
59 2 1 117,226 "59";
60 2 1 165,191 "60";
61 2 1 20,153 "61";
62 1 1 164,189 "62";
63 0 0 202,216 "63";
64 1 1 115,201 "64";
65 0 0 81,153 "65";
66 1 1 88,201 "66";
67 0 1 7,111 "67";
68 1 0 123,233 "68";
69 1 0 92,110 "69";
70 0 1 104,180 "70";
71 2 1 106,142 "71";
72 2 0 112,117 "72";
73 2 1 39,56 "73";
74 2 1 9,212 "74";
75 0 1 74,166 "75";
76 1 0 25,215 "76";
77 1 1 185,227 "77";
78 0 1 119,159 "78";
79 1 1 178,203 "79";
80 1 1 99,186 "80";
81 1 0 34,98 "81";
82 0 1 86,88 "82";
83 1 1 65,67 "83";
84 2 1 195,205 "84";
85 2 1 75,180 "85";
86 2 0 4,24 "86";
87 2 1 120,128 "87";
88 1 0 78,164 "88";
89 1 0 144,183 "89";
90 2 1 76,149 "90";
91 1 1 38,175 "91";
92 2 1 38,201 "92";
93 0 0 38,211 "93";
94 1 0 204,228 "94";
95 0 0 19,106 "95";
96 2 1 19,213 "96";
97 2 0 61,227 "97";
98 1 0 85,228 "98";
99 1 1 115,145 "99";
100 1 0 27,153 "100";
101 2 1 104,166 "101";
102 1 0 150,221 "102";
103 0 1 8,31 "103";
104 2 0 202,204 "104";
105 2 1 6,136 "105";
106 1 1 82,131 "106";
107 2 0 73,122 "107";
108 1 0 45,87 "108";
109 0 1 91,119 "109";
110 0 0 78,81 "110";
111 1 1 19,157 "111";
112 0 0 11,190 "112";
113 1 0 186,222 "113";
114 0 0 115,151 "114";
115 1 1 86,230 "115";
116 1 1 60,214 "116";
117 1 1 81,150 "117";
118 0 0 75,231 "118";
119 2 0 231,233 "119";
120 2 1 5,202 "120";
121 2 1 75,176 "121";
122 1 0 162,215 "122";
123 2 0 83,93 "123";
124 2 1 216,218 "124";
125 2 1 5,113 "125";
126 0 1 51,173 "126";
127 2 1 152,172 "127";
128 0 1 74,205 "128";
129 0 0 45,158 "129";
130 0 0 48,212 "130";
131 2 0 10,70 "131";
132 2 1 13,52 "132";
133 2 1 70,150 "133";
134 1 1 62,96 "134";
135 1 1 26,196 "135";
136 1 1 38,160 "136";
137 1 1 89,121 "137";
138 2 0 124,204 "138";
139 0 0 46,146 "139";
140 1 1 18,142 "140";
141 1 0 63,171 "141";
142 0 0 46,173 "142";
143 2 0 102,110 "143";
144 1 1 39,60 "144";
145 2 1 72,107 "145";
146 2 1 82,166 "146";
147 2 0 222,234 "147";
148 2 0 56,134 "148";
149 2 1 76,163 "149";
150 2 1 13,205 "150";
151 0 1 13,89 "151";
152 0 1 18,20 "152";
153 1 1 45,88 "153";
154 2 1 0,201 "154";
155 1 1 186,200 "155";
156 1 1 103,120 "156";
157 0 0 89,179 "157";
158 0 0 5,11 "158";
159 1 0 46,144 "159";
160 1 1 42,77 "160";
161 2 1 153,211 "161";
162 2 1 192,223 "162";
163 1 0 98,106 "163";
164 1 0 10,54 "164";
165 1 1 46,194 "165";
166 0 1 39,206 "166";
167 0 0 92,94 "167";
168 2 0 51,166 "168";
169 2 1 5,104 "169";
170 0 0 145,154 "170";
171 0 0 61,234 "171";
172 1 1 20,123 "172";
173 2 1 48,206 "173";
174 0 0 90,157 "174";
175 0 0 56,106 "175";
176 2 0 43,193 "176";
177 2 1 100,126 "177";
178 0 1 113,213 "178";
179 1 0 45,135 "179";
180 2 0 110,195 "180";
181 1 1 23,162 "181";
182 1 0 19,43 "182";
183 0 1 0,15 "183";
184 1 1 15,27 "184";
185 2 1 58,201 "185";
186 1 1 166,216 "186";
187 0 0 117,138 "187";
188 1 1 60,118 "188";
189 1 1 113,231 "189";
190 0 0 149,187 "190";
191 0 0 18,33 "191";
192 0 1 4,154 "192";
193 1 0 16,178 "193";
194 0 0 74,110 "194";
195 1 1 20,88 "195";
196 0 1 62,153 "196";
197 0 1 78,198 "197";
198 2 1 37,202 "198";
199 0 1 46,132 "199";
200 0 0 194,222 "200";
201 1 1 1,88 "201";
202 1 0 34,79 "202";
203 2 0 60,81 "203";
204 1 1 19,145 "204";
205 2 0 32,119 "205";
206 1 1 177,216 "206";
207 0 0 4,205 "207";
208 0 1 143,232 "208";
209 2 0 95,225 "209";
210 1 1 80,149 "210";
211 2 1 19,94 "211";
212 2 0 169,179 "212";
213 1 1 32,50 "213";
214 1 1 161,225 "214";
215 2 1 132,143 "215";
216 0 1 167,199 "216";
217 1 0 48,75 "217";
218 1 0 60,172 "218";
219 1 0 29,232 "219";
220 1 0 21,210 "220";
221 2 1 57,79 "221";
222 1 0 105,187 "222";
223 0 1 193,226 "223";
224 1 0 73,108 "224";
225 0 0 27,221 "225";
226 1 0 34,109 "226";
227 0 0 41,61 "227";
228 1 1 3,180 "228";
229 2 0 49,132 "229";
230 2 0 45,101 "230";
231 1 0 46,149 "231";
232 0 0 91,194 "232";
233 0 0 11,172 "233";
234 0 1 13,226 "234";
