parity 199;
0 1 0 30,39 "0";
1 2 1 8,199 "1";
2 1 1 62,166 "2";
3 2 1 96,173 "3";
4 1 1 32,86 "4";
5 2 1 74,144 "5";
6 0 0 20,67 "6";
7 1 1 116,134 "7";
8 2 1 120,154 "8";
9 1 1 114,141 "9";
10 0 1 7,191 "10";
11 1 0 47,104 "11";
12 1 0 73,123 "12";
13 1 0 94,186 "13";
14 0 0 23,27 "14";
15 0 0 24,146 "15";
16 0 0 150,182 "16";
17 2 0 32,67 "17";
18 2 1 28,138 "18";
19 2 0 5,43 "19";
20 2 0 109,163 "20";
21 1 1 94,114 "21";
22 1 1 85,165 "22";
23 0 1 3,75 "23";
24 1 0 22,122 "24";
25 0 1 27,68 "25";
26 1 1 95,154 "26";
27 1 0 63,144 "27";
28 0 0 81,130 "28";
29 2 0 11,186 "29";
30 0 0 27,134 "30";
31 1 0 71,89 "31";
32 2 1 107,125 "32";
33 2 1 47,152 "33";
34 0 1 84,185 "34";
35 1 1 6,112 "35";
36 0 0 0,57 "36";
37 0 0 24,74 "37";
38 1 0 42,167 "38";
39 1 0 81,176 "39";
40 0 1 95,178 "40";
41 1 0 71,139 "41";
42 0 0 43,66 "42";
43 1 1 168,180 "43";
44 0 0 69,89 "44";
45 1 1 145,159 "45";
46 1 1 83,102 "46";
47 0 1 45,170 "47";
48 2 0 33,90 "48";
49 1 0 70,136 "49";
50 1 1 43,49 "50";
51 0 0 40,128 "51";
52 1 0 135,139 "52";
53 0 0 88,183 "53";
54 0 1 8,113 "54";
55 1 0 57,107 "55";
56 2 1 2,134 "56";
57 0 1 10,148 "57";
58 1 0 105,176 "58";
59 1 1 34,171 "59";
60 0 1 42,100 "60";
61 0 1 110,155 "61";
62 2 0 73,85 "62";
63 0 0 77,87 "63";
64 1 0 97,163 "64";
65 2 0 45,117 "65";
66 2 0 155,192 "66";
67 1 0 11,71 "67";
68 0 1 94,186 "68";
69 0 1 13,182 "69";
70 1 0 92,167 "70";
71 0 0 158,170 "71";
72 0 1 45,170 "72";
73 1 1 41,84 "73";
74 2 1 71,178 "74";
75 1 0 74,128 "75";
76 1 1 110,138 "76";
77 2 1 24,91 "77";
78 0 1 161,181 "78";
79 2 0 61,76 "79";
80 1 0 58,181 "80";
81 0 0 125,193 "81";
82 0 0 126,168 "82";
83 1 1 24,136 "83";
84 2 0 29,103 "84";
85 2 0 32,164 "85";
86 1 0 49,155 "86";
87 2 0 161,175 "87";
88 0 1 150,153 "88";
89 0 1 5,78 "89";
90 0 1 105,167 "90";
91 0 0 57,122 "91";
92 0 1 42,63 "92";
93 1 0 12,42 "93";
94 0 0 53,187 "94";
95 2 1 179,197 "95";
96 1 0 116,199 "96";
97 1 0 12,182 "97";
98 0 0 24,38 "98";
99 1 0 0,62 "99";
100 1 0 58,63 "100";
101 2 1 28,103 "101";
102 0 1 37,146 "102";
103 2 1 15,25 "103";
104 2 0 41,79 "104";
105 0 1 97,187 "105";
106 0 1 50,142 "106";
107 0 1 86,127 "107";
108 1 1 157,180 "108";
109 0 0 39,130 "109";
110 1 0 102,188 "110";
111 2 1 55,114 "111";
112 1 1 135,153 "112";
113 2 0 23,198 "113";
114 1 1 96,103 "114";
115 2 1 8,138 "115";
116 0 1 16,74 "116";
117 2 0 54,196 "117";
118 1 0 61,66 "118";
119 0 0 54,82 "119";
120 2 0 35,157 "120";
121 0 0 66,140 "121";
122 0 0 139,171 "122";
123 1 1 1,149 "123";
124 2 1 127,188 "124";
125 1 1 177,185 "125";
126 1 0 22,64 "126";
127 1 1 39,104 "127";
128 0 1 164,194 "128";
129 2 1 22,162 "129";
130 0 0 116,182 "130";
131 2 1 69,112 "131";
132 0 1 114,162 "132";
133 1 1 74,106 "133";
134 1 1 12,174 "134";
135 0 1 108,151 "135";
136 1 1 1,187 "136";
137 0 1 71,133 "137";
138 2 1 80,155 "138";
139 0 1 87,100 "139";
140 0 1 133,135 "140";
141 0 0 31,185 "141";
142 0 0 73,99 "142";
143 0 1 71,132 "143";
144 1 0 54,135 "144";
145 0 0 99,140 "145";
146 2 1 22,44 "146";
147 1 0 20,85 "147";
148 0 1 10,106 "148";
149 0 0 124,153 "149";
150 2 1 83,134 "150";
151 2 0 141,175 "151";
152 2 1 53,124 "152";
153 0 0 18,164 "153";
154 2 0 38,42 "154";
155 1 0 7,127 "155";
156 1 1 82,98 "156";
157 0 0 84,158 "157";
158 1 1 9,149 "158";
159 2 1 69,170 "159";
160 0 1 62,133 "160";
161 2 0 69,160 "161";
162 2 0 72,118 "162";
163 2 1 109,129 "163";
164 0 1 38,168 "164";
165 0 1 11,49 "165";
166 2 0 15,140 "166";
167 1 0 141,152 "167";
168 2 0 3,106 "168";
169 1 0 37,101 "169";
170 1 1 7,187 "170";
171 2 0 110,182 "171";
172 2 1 47,176 "172";
173 2 1 15,44 "173";
174 2 0 16,19 "174";
175 2 0 26,167 "175";
176 2 0 11,198 "176";
177 2 0 121,186 "177";
178 0 0 0,186 "178";
179 1 1 56,145 "179";
180 0 0 8,154 "180";
181 2 1 131,178 "181";
182 2 0 21,41 "182";
183 2 0 128,161 "183";
184 2 1 99,163 "184";
185 0 0 71,171 "185";
186 1 1 74,119 "186";
187 1 1 75,108 "187";
188 0 1 61,132 "188";
189 0 0 28,110 "189";
190 0 0 107,109 "190";
191 2 0 41,125 "191";
192 0 1 13,52 "192";
193 1 1 52,129 "193";
194 1 1 60,94 "194";
195 2 1 10,35 "195";
196 2 0 79,180 "196";
197 1 1 115,183 "197";
198 2 0 35,89 "198";
199 1 1 13,167 "199";
