parity 239;
0 2 0 156,225 "0";
1 1 1 98,201 "1";
2 0 0 157,214 "2";
3 0 1 62,76 "3";
4 1 1 11,87 "4";
5 1 0 20,167 "5";
6 2 0 46,138 "6";
7 2 1 2,98 "7";
8 0 1 86,228 "8";
9 2 0 148,170 "9";
10 0 1 185,207 "10";
11 1 1 151,186 "11";
12 1 1 139,182 "12";
13 2 0 130,160 "13";
14 2 1 147,154 "14";
15 1 1 18,95 "15";
16 2 0 152,226 "16";
17 2 0 19,51 "17";
18 2 1 171,173 "18";
19 1 1 54,106 "19";
20 1 0 18,73 "20";
21 1 0 138,208 "21";
22 2 1 64,138 "22";
23 2 1 93,167 "23";
24 2 0 28,161 "24";
25 0 0 187,209 "25";
26 0 1 41,166 "26";
27 1 1 49,130 "27";
28 2 1 91,191 "28";
29 2 0 24,64 "29";
30 0 0 152,214 "30";
31 2 0 206,227 "31";
32 1 0 79,179 "32";
33 2 1 48,208 "33";
34 2 1 39,118 "34";
35 0 0 71,91 "35";
36 0 0 35,73 "36";
37 2 0 3,69 "37";
38 2 0 98,144 "38";
39 2 0 13,234 "39";
40 2 0 100,238 "40";
41 2 1 180,220 "41";
42 2 1 20,60 "42";
43 2 1 23,118 "43";
44 2 1 103,146 "44";
45 2 1 66,231 "45";
46 0 0 98,126 "46";
47 2 0 162,216 "47";
48 2 0 30,89 "48";
49 0 0 91,167 "49";
50 2 0 97,145 "50";
51 2 1 164,204 "51";
52 0 1 13,207 "52";
53 0 1 47,221 "53";
54 1 0 94,148 "54";
55 1 0 221,236 "55";
56 0 1 82,210 "56";
57 0 1 24,68 "57";
58 2 1 53,119 "58";
59 2 1 13,136 "59";
60 1 0 147,196 "60";
61 0 0 14,222 "61";
62 0 1 181,186 "62";
63 2 1 22,81 "63";
64 0 0 34,145 "64";
65 2 0 18,97 "65";
66 0 0 143,160 "66";
67 2 1 127,196 "67";
68 1 1 94,210 "68";
69 0 0 76,183 "69";
70 2 1 39,131 "70";
71 2 1 207,214 "71";
72 1 0 100,174 "72";
73 2 1 74,138 "73";
74 0 1 109,194 "74";
75 0 1 88,153 "75";
76 2 1 122,162 "76";
77 1 0 46,133 "77";
78 2 1 198,227 "78";
79 0 1 203,219 "79";
80 1 0 29,135 "80";
81 1 0 62,115 "81";
82 1 1 96,109 "82";
83 2 0 54,66 "83";
84 0 0 96,189 "84";
85 0 0 8,44 "85";
86 1 0 20,47 "86";
87 0 1 192,211 "87";
88 1 1 90,179 "88";
89 1 0 166,217 "89";
90 2 0 82,104 "90";
91 2 0 72,117 "91";
92 2 0 64,83 "92";
93 1 0 197,224 "93";
94 0 1 4,5 "94";
95 0 1 22,60 "95";
96 2 0 90,179 "96";
97 2 0 162,211 "97";
98 2 1 35,201 "98";
99 2 1 47,95 "99";
100 1 0 22,221 "100";
101 1 0 12,163 "101";
102 2 0 11,207 "102";
103 2 1 4,229 "103";
104 1 1 120,151 "104";
105 1 0 34,155 "105";
106 0 0 173,220 "106";
107 2 1 37,103 "107";
108 1 1 16,65 "108";
109 1 0 39,213 "109";
110 0 0 100,198 "110";
111 0 0 70,216 "111";
112 2 0 31,116 "112";
113 1 0 12,49 "113";
114 1 1 5,218 "114";
115 0 0 28,29 "115";
116 2 0 135,157 "116";
117 1 0 140,196 "117";
118 2 0 195,218 "118";
119 0 1 12,127 "119";
120 0 1 77,193 "120";
121 1 0 138,162 "121";
122 0 0 94,227 "122";
123 2 0 69,172 "123";
124 2 0 163,180 "124";
125 1 1 66,142 "125";
126 1 1 105,121 "126";
127 2 0 208,235 "127";
128 2 1 50,150 "128";
129 0 0 66,223 "129";
130 0 1 175,176 "130";
131 0 1 93,104 "131";
132 2 1 11,218 "132";
133 1 1 31,222 "133";
134 0 0 16,185 "134";
135 1 1 95,182 "135";
136 2 1 0,3 "136";
137 1 0 140,146 "137";
138 2 0 155,166 "138";
139 1 1 17,220 "139";
140 0 0 5,103 "140";
141 0 1 31,175 "141";
142 0 1 29,187 "142";
143 2 1 117,158 "143";
144 1 1 82,170 "144";
145 2 1 65,236 "145";
146 0 1 121,126 "146";
147 2 0 111,165 "147";
148 2 1 91,98 "148";
149 1 1 8,78 "149";
150 1 1 132,187 "150";
151 0 0 102,104 "151";
152 2 0 92,213 "152";
153 2 0 95,194 "153";
154 1 0 37,151 "154";
155 1 1 44,161 "155";
156 1 0 64,132 "156";
157 0 0 4,225 "157";
158 0 0 84,109 "158";
159 2 1 4,188 "159";
160 1 1 45,219 "160";
161 1 0 87,167 "161";
162 2 0 70,172 "162";
163 0 1 96,185 "163";
164 2 0 62,210 "164";
165 2 0 45,155 "165";
166 1 0 74,118 "166";
167 0 1 87,159 "167";
168 2 0 141,231 "168";
169 0 0 156,205 "169";
170 2 1 92,123 "170";
171 2 1 26,63 "171";
172 0 0 153,220 "172";
173 0 1 90,108 "173";
174 2 0 102,175 "174";
175 2 1 154,198 "175";
176 1 0 24,214 "176";
177 2 0 72,114 "177";
178 2 1 69,177 "178";
179 0 0 15,99 "179";
180 1 1 67,185 "180";
181 2 1 50,92 "181";
182 2 1 50,74 "182";
183 1 0 8,94 "183";
184 2 1 75,160 "184";
185 0 0 189,202 "185";
186 2 0 99,117 "186";
187 1 0 65,228 "187";
188 2 0 138,146 "188";
189 0 0 184,199 "189";
190 2 1 37,174 "190";
191 1 1 29,94 "191";
192 2 0 102,198 "192";
193 1 0 116,214 "193";
194 0 1 119,168 "194";
195 1 1 54,103 "195";
196 1 1 21,162 "196";
197 1 1 192,199 "197";
198 0 0 197,217 "198";
199 1 0 23,235 "199";
200 1 1 1,188 "200";
201 2 1 212,228 "201";
202 2 0 82,226 "202";
203 0 0 61,167 "203";
204 2 1 27,126 "204";
205 2 0 162,197 "205";
206 0 0 3,175 "206";
207 1 0 47,86 "207";
208 0 1 157,212 "208";
209 0 1 61,191 "209";
210 0 1 87,226 "210";
211 1 1 149,198 "211";
212 1 0 83,127 "212";
213 0 1 33,80 "213";
214 0 0 152,155 "214";
215 0 0 77,229 "215";
216 0 0 24,186 "216";
217 1 1 88,96 "217";
218 2 1 147,195 "218";
219 2 0 55,227 "219";
220 0 1 166,214 "220";
221 1 0 200,214 "221";
222 0 0 83,158 "222";
223 0 0 18,179 "223";
224 2 0 36,229 "224";
225 1 1 68,210 "225";
226 2 1 94,180 "226";
227 1 1 147,153 "227";
228 2 0 14,172 "228";
229 1 1 91,166 "229";
230 2 1 23,113 "230";
231 1 0 43,98 "231";
232 0 1 5,32 "232";
233 2 1 7,136 "233";
234 2 1 128,181 "234";
235 1 1 65,81 "235";
236 1 0 19,90 "236";
237 2 0 169,213 "237";
238 2 0 114,147 "238";
239 1 1 4,61 "239";
