parity 274;
0 2 1 14,105 "0";
1 2 1 94,198 "1";
2 1 1 113,220 "2";
3 2 1 33,157 "3";
4 2 0 77,236 "4";
5 2 1 244,271 "5";
6 0 0 62,151 "6";
7 0 0 222,252 "7";
8 2 1 190,210 "8";
9 2 1 166,244 "9";
10 1 1 42,80 "10";
11 0 0 74,151 "11";
12 2 1 194,244 "12";
13 2 1 100,133 "13";
14 1 1 92,223 "14";
15 2 0 43,205 "15";
16 0 0 10,102 "16";
17 2 1 4,148 "17";
18 0 1 142,179 "18";
19 2 0 244,258 "19";
20 1 1 167,194 "20";
21 0 0 19,89 "21";
22 2 1 174,231 "22";
23 0 1 137,248 "23";
24 1 0 20,37 "24";
25 2 0 141,195 "25";
26 0 1 33,146 "26";
27 0 0 34,77 "27";
28 0 0 103,135 "28";
29 2 1 94,215 "29";
30 1 0 170,201 "30";
31 0 1 49,199 "31";
32 2 0 21,165 "32";
33 0 1 212,250 "33";
34 0 0 107,219 "34";
35 0 0 129,157 "35";
36 0 1 37,186 "36";
37 2 0 9,231 "37";
38 1 0 55,88 "38";
39 2 0 250,272 "39";
40 1 1 94,131 "40";
41 0 1 43,83 "41";
42 2 0 52,234 "42";
43 1 0 150,174 "43";
44 0 1 169,272 "44";
45 1 0 104,148 "45";
46 2 1 113,195 "46";
47 0 0 14,107 "47";
48 1 1 7,122 "48";
49 1 1 204,216 "49";
50 2 1 81,82 "50";
51 2 1 240,258 "51";
52 1 0 130,152 "52";
53 1 1 65,111 "53";
54 0 1 152,230 "54";
55 0 0 100,213 "55";
56 1 0 83,121 "56";
57 1 0 145,178 "57";
58 1 0 36,102 "58";
59 2 1 55,118 "59";
60 1 1 17,59 "60";
61 1 0 101,181 "61";
62 2 1 129,259 "62";
63 1 1 210,214 "63";
64 2 0 36,38 "64";
65 2 0 9,11 "65";
66 0 1 149,207 "66";
67 2 1 156,226 "67";
68 1 1 31,213 "68";
69 1 1 200,250 "69";
70 0 0 41,155 "70";
71 2 0 236,248 "71";
72 2 0 191,265 "72";
73 1 1 16,210 "73";
74 2 1 87,149 "74";
75 2 1 128,237 "75";
76 1 0 72,262 "76";
77 1 0 124,180 "77";
78 0 0 8,82 "78";
79 2 0 148,258 "79";
80 2 1 209,272 "80";
81 2 0 88,218 "81";
82 2 1 55,245 "82";
83 0 0 114,248 "83";
84 1 0 15,52 "84";
85 0 1 21,131 "85";
86 2 0 48,108 "86";
87 0 0 10,146 "87";
88 2 0 170,171 "88";
89 2 0 159,256 "89";
90 2 0 34,87 "90";
91 0 1 27,128 "91";
92 2 1 20,202 "92";
93 1 1 47,116 "93";
94 1 0 140,220 "94";
95 1 0 110,165 "95";
96 1 0 43,180 "96";
97 1 0 134,199 "97";
98 0 0 30,222 "98";
99 1 0 178,218 "99";
100 1 1 110,122 "100";
101 0 1 150,199 "101";
102 2 1 200,242 "102";
103 0 1 12,126 "103";
104 2 0 61,206 "104";
105 2 0 123,221 "105";
106 1 1 33,220 "106";
107 2 1 186,194 "107";
108 0 1 202,270 "108";
109 0 1 54,253 "109";
110 2 1 124,149 "110";
111 0 1 27,67 "111";
112 1 0 167,260 "112";
113 2 1 88,154 "113";
114 1 0 52,89 "114";
115 1 1 51,143 "115";
116 0 1 144,183 "116";
117 1 1 24,247 "117";
118 2 1 7,179 "118";
119 2 0 148,261 "119";
120 1 1 66,266 "120";
121 2 0 15,108 "121";
122 2 1 11,147 "122";
123 2 0 127,239 "123";
124 2 0 31,270 "124";
125 0 0 120,249 "125";
126 0 0 88,253 "126";
127 1 1 15,18 "127";
128 2 0 193,271 "128";
129 2 1 44,78 "129";
130 0 1 78,148 "130";
131 0 0 112,123 "131";
132 1 1 67,104 "132";
133 0 0 91,99 "133";
134 2 1 122,163 "134";
135 2 0 1,76 "135";
136 2 1 56,257 "136";
137 2 1 23,91 "137";
138 1 0 18,246 "138";
139 0 1 10,88 "139";
140 2 1 175,267 "140";
141 0 0 79,157 "141";
142 0 1 40,70 "142";
143 2 1 62,72 "143";
144 1 0 69,237 "144";
145 2 0 43,147 "145";
146 0 1 40,68 "146";
147 1 0 176,213 "147";
148 0 1 67,161 "148";
149 0 1 89,232 "149";
150 0 0 182,266 "150";
151 1 1 217,219 "151";
152 2 1 119,259 "152";
153 0 1 107,217 "153";
154 0 0 65,185 "154";
155 0 0 26,235 "155";
156 1 1 136,147 "156";
157 2 1 167,221 "157";
158 1 0 61,197 "158";
159 2 0 45,204 "159";
160 1 1 212,274 "160";
161 1 1 4,142 "161";
162 0 1 26,80 "162";
163 1 1 12,41 "163";
164 2 1 3,17 "164";
165 2 0 46,242 "165";
166 1 0 1,175 "166";
167 1 0 76,100 "167";
168 1 1 13,26 "168";
169 2 0 35,173 "169";
170 2 0 72,220 "170";
171 0 0 176,219 "171";
172 1 0 78,105 "172";
173 2 0 125,132 "173";
174 2 1 64,236 "174";
175 0 0 104,249 "175";
176 1 1 118,169 "176";
177 2 0 53,74 "177";
178 0 1 116,230 "178";
179 1 0 92,246 "179";
180 1 0 182,237 "180";
181 2 1 49,256 "181";
182 0 0 32,71 "182";
183 2 0 46,152 "183";
184 0 1 16,33 "184";
185 2 0 5,207 "185";
186 1 1 65,92 "186";
187 0 0 47,100 "187";
188 1 1 31,86 "188";
189 1 0 162,254 "189";
190 0 1 124,205 "190";
191 2 0 82,177 "191";
192 2 0 35,51 "192";
193 0 0 53,140 "193";
194 2 0 93,183 "194";
195 0 0 207,270 "195";
196 2 1 132,136 "196";
197 0 1 25,174 "197";
198 1 1 70,229 "198";
199 2 0 173,226 "199";
200 2 1 191,203 "200";
201 1 1 236,268 "201";
202 0 0 241,246 "202";
203 0 1 3,76 "203";
204 0 0 7,232 "204";
205 2 0 82,87 "205";
206 1 0 115,133 "206";
207 0 0 33,158 "207";
208 0 1 76,181 "208";
209 0 0 46,74 "209";
210 1 0 117,120 "210";
211 1 0 4,197 "211";
212 1 0 108,257 "212";
213 2 0 128,250 "213";
214 0 1 72,257 "214";
215 2 0 53,268 "215";
216 2 1 89,202 "216";
217 2 0 219,266 "217";
218 0 0 15,200 "218";
219 0 1 51,171 "219";
220 0 1 74,146 "220";
221 0 1 46,171 "221";
222 0 1 66,94 "222";
223 2 1 53,233 "223";
224 1 0 244,265 "224";
225 0 0 27,153 "225";
226 0 0 127,267 "226";
227 1 0 34,155 "227";
228 0 0 57,232 "228";
229 1 0 182,258 "229";
230 2 0 54,232 "230";
231 2 1 108,260 "231";
232 2 1 38,261 "232";
233 2 0 183,247 "233";
234 1 1 219,222 "234";
235 0 0 159,248 "235";
236 0 1 122,207 "236";
237 2 0 48,226 "237";
238 2 0 20,254 "238";
239 1 0 202,240 "239";
240 1 1 89,131 "240";
241 0 0 28,117 "241";
242 0 0 199,231 "242";
243 1 0 125,200 "243";
244 0 1 98,144 "244";
245 1 0 148,156 "245";
246 2 0 62,105 "246";
247 2 1 170,176 "247";
248 0 0 197,249 "248";
249 1 0 7,146 "249";
250 2 1 108,129 "250";
251 2 1 12,150 "251";
252 1 1 156,195 "252";
253 0 0 101,133 "253";
254 1 1 43,124 "254";
255 1 0 74,106 "255";
256 0 1 71,213 "256";
257 2 0 96,148 "257";
258 0 1 27,107 "258";
259 2 0 11,115 "259";
260 0 1 172,189 "260";
261 2 1 80,183 "261";
262 0 0 83,117 "262";
263 2 0 252,257 "263";
264 2 1 133,175 "264";
265 1 1 128,238 "265";
266 1 1 4,68 "266";
267 1 1 19,238 "267";
268 0 0 79,200 "268";
269 2 0 78,220 "269";
270 0 0 57,145 "270";
271 0 1 69,253 "271";
272 1 1 91,250 "272";
273 1 0 47,191 "273";
274 2 1 267,273 "274";
