parity 229;
0 2 0 165,216 "0";
1 0 0 22,66 "1";
2 0 1 70,139 "2";
3 2 0 98,204 "3";
4 1 0 53,62 "4";
5 0 1 70,190 "5";
6 2 0 30,126 "6";
7 1 0 11,54 "7";
8 0 0 12,198 "8";
9 1 1 130,143 "9";
10 0 1 7,226 "10";
11 2 0 5,84 "11";
12 0 0 93,103 "12";
13 1 1 148,206 "13";
14 2 0 104,215 "14";
15 1 1 175,191 "15";
16 2 0 193,209 "16";
17 0 1 5,216 "17";
18 0 1 153,161 "18";
19 2 1 79,182 "19";
20 2 0 16,210 "20";
21 1 0 150,191 "21";
22 1 0 116,214 "22";
23 0 0 107,127 "23";
24 0 1 87,117 "24";
25 1 0 64,187 "25";
26 1 1 90,171 "26";
27 1 1 114,196 "27";
28 1 1 71,103 "28";
29 1 1 58,169 "29";
30 2 1 76,113 "30";
31 0 1 120,203 "31";
32 0 1 51,112 "32";
33 1 1 187,215 "33";
34 2 1 177,203 "34";
35 0 0 25,124 "35";
36 1 1 113,176 "36";
37 0 0 69,90 "37";
38 1 1 206,225 "38";
39 0 1 87,118 "39";
40 0 1 30,158 "40";
41 2 0 47,199 "41";
42 1 1 22,95 "42";
43 1 1 24,140 "43";
44 2 0 0,165 "44";
45 0 1 73,207 "45";
46 1 0 34,191 "46";
47 1 0 0,143 "47";
48 1 1 91,130 "48";
49 0 1 19,38 "49";
50 0 0 67,96 "50";
51 0 1 1,8 "51";
52 2 1 3,186 "52";
53 1 1 14,204 "53";
54 0 1 46,63 "54";
55 0 1 120,210 "55";
56 1 1 11,140 "56";
57 1 1 183,192 "57";
58 1 1 185,229 "58";
59 0 1 65,116 "59";
60 1 1 89,222 "60";
61 0 0 41,215 "61";
62 2 1 18,79 "62";
63 1 1 122,187 "63";
64 0 1 13,88 "64";
65 2 1 5,162 "65";
66 1 1 209,224 "66";
67 2 0 42,189 "67";
68 2 1 47,133 "68";
69 1 0 64,87 "69";
70 1 0 23,160 "70";
71 1 1 90,103 "71";
72 1 0 163,217 "72";
73 0 0 68,191 "73";
74 1 0 89,174 "74";
75 1 0 86,141 "75";
76 1 1 80,185 "76";
77 1 0 20,79 "77";
78 1 1 51,131 "78";
79 0 1 16,162 "79";
80 0 0 2,38 "80";
81 0 1 69,208 "81";
82 1 0 106,182 "82";
83 0 1 7,59 "83";
84 2 1 120,216 "84";
85 2 0 28,65 "85";
86 2 1 88,121 "86";
87 0 0 76,171 "87";
88 2 0 53,184 "88";
89 2 0 56,197 "89";
90 1 0 2,57 "90";
91 0 0 102,153 "91";
92 2 0 61,198 "92";
93 0 1 28,77 "93";
94 2 1 60,129 "94";
95 2 0 164,185 "95";
96 1 0 73,93 "96";
97 1 0 10,229 "97";
98 2 0 10,111 "98";
99 0 0 30,62 "99";
100 2 0 94,138 "100";
101 1 1 1,167 "101";
102 1 0 14,184 "102";
103 0 0 27,197 "103";
104 0 1 70,147 "104";
105 2 1 121,123 "105";
106 2 0 99,158 "106";
107 2 1 93,209 "107";
108 1 0 3,25 "108";
109 1 1 45,160 "109";
110 2 1 48,109 "110";
111 1 1 25,224 "111";
112 0 0 101,128 "112";
113 2 1 162,190 "113";
114 0 0 62,208 "114";
115 2 0 75,159 "115";
116 2 1 126,171 "116";
117 2 0 37,134 "117";
118 1 0 54,221 "118";
119 1 1 172,222 "119";
120 2 1 107,192 "120";
121 0 0 45,103 "121";
122 1 0 128,153 "122";
123 1 0 133,148 "123";
124 0 0 185,217 "124";
125 1 0 150,196 "125";
126 0 1 37,117 "126";
127 1 0 51,202 "127";
128 1 1 55,82 "128";
129 2 0 23,124 "129";
130 0 0 4,178 "130";
131 1 0 19,82 "131";
132 2 1 162,186 "132";
133 2 1 54,100 "133";
134 2 1 7,215 "134";
135 0 1 18,54 "135";
136 0 0 37,155 "136";
137 2 0 56,64 "137";
138 1 1 15,85 "138";
139 1 0 77,118 "139";
140 1 1 116,168 "140";
141 1 0 9,85 "141";
142 1 1 63,127 "142";
143 1 1 4,43 "143";
144 0 0 184,196 "144";
145 1 0 10,85 "145";
146 0 1 152,194 "146";
147 2 1 17,214 "147";
148 1 0 48,128 "148";
149 1 1 57,213 "149";
150 0 1 83,217 "150";
151 0 1 108,127 "151";
152 1 0 140,162 "152";
153 1 0 111,119 "153";
154 2 0 52,209 "154";
155 2 1 59,176 "155";
156 2 1 79,150 "156";
157 0 1 72,84 "157";
158 1 1 87,167 "158";
159 2 0 10,121 "159";
160 0 1 36,130 "160";
161 2 1 138,151 "161";
162 0 0 47,224 "162";
163 2 0 15,145 "163";
164 1 1 77,215 "164";
165 1 0 181,204 "165";
166 2 1 74,84 "166";
167 2 1 14,219 "167";
168 0 0 66,127 "168";
169 2 0 81,126 "169";
170 2 1 87,202 "170";
171 2 1 18,27 "171";
172 1 0 199,226 "172";
173 0 1 61,97 "173";
174 2 0 117,150 "174";
175 0 0 118,180 "175";
176 2 1 152,157 "176";
177 1 1 109,141 "177";
178 2 1 27,189 "178";
179 1 1 170,195 "179";
180 2 1 51,208 "180";
181 1 1 45,53 "181";
182 0 1 170,184 "182";
183 0 1 16,145 "183";
184 0 0 20,97 "184";
185 2 0 114,125 "185";
186 1 0 121,170 "186";
187 2 0 9,206 "187";
188 1 1 59,166 "188";
189 1 1 155,213 "189";
190 0 1 117,200 "190";
191 2 1 102,138 "191";
192 0 0 121,167 "192";
193 1 1 191,213 "193";
194 0 0 81,208 "194";
195 1 1 31,160 "195";
196 1 0 11,29 "196";
197 1 0 41,87 "197";
198 1 0 97,220 "198";
199 1 0 18,43 "199";
200 2 0 11,190 "200";
201 1 0 129,144 "201";
202 1 0 80,139 "202";
203 0 0 135,217 "203";
204 0 0 181,207 "204";
205 2 0 107,206 "205";
206 1 0 23,43 "206";
207 1 1 102,163 "207";
208 2 0 21,167 "208";
209 2 1 4,205 "209";
210 1 1 27,107 "210";
211 0 1 77,174 "211";
212 1 0 20,153 "212";
213 0 0 20,101 "213";
214 0 0 8,34 "214";
215 0 0 165,171 "215";
216 1 1 28,223 "216";
217 0 1 127,209 "217";
218 1 1 118,183 "218";
219 0 0 46,210 "219";
220 0 1 45,128 "220";
221 2 0 195,198 "221";
222 0 0 1,202 "222";
223 0 1 74,141 "223";
224 2 0 11,147 "224";
225 2 0 195,227 "225";
226 2 1 41,73 "226";
227 2 0 62,189 "227";
228 0 0 128,174 "228";
229 1 1 36,54 "229";
