parity 239;
0 2 0 160,181 "0";
1 1 0 125,173 "1";
2 2 1 41,215 "2";
3 2 1 131,157 "3";
4 0 0 100,104 "4";
5 0 1 3,216 "5";
6 1 1 70,228 "6";
7 0 1 92,225 "7";
8 0 1 27,207 "8";
9 2 0 219,223 "9";
10 2 0 166,183 "10";
11 1 1 156,211 "11";
12 0 0 2,51 "12";
13 0 0 68,71 "13";
14 1 1 28,35 "14";
15 2 0 86,191 "15";
16 1 0 50,106 "16";
17 1 0 71,135 "17";
18 2 1 126,210 "18";
19 2 0 96,154 "19";
20 0 1 7,94 "20";
21 0 1 25,134 "21";
22 2 1 121,142 "22";
23 0 1 8,103 "23";
24 1 0 139,194 "24";
25 1 0 186,225 "25";
26 0 1 114,188 "26";
27 0 0 41,130 "27";
28 2 0 23,191 "28";
29 2 1 7,92 "29";
30 1 0 170,221 "30";
31 1 0 195,232 "31";
32 2 0 16,126 "32";
33 1 1 176,182 "33";
34 0 0 31,180 "34";
35 2 1 45,216 "35";
36 1 1 103,217 "36";
37 2 1 5,24 "37";
38 2 0 14,157 "38";
39 1 0 63,207 "39";
40 1 0 186,189 "40";
41 0 0 146,165 "41";
42 2 0 144,154 "42";
43 0 1 39,71 "43";
44 2 1 33,39 "44";
45 0 0 232,238 "45";
46 1 0 31,169 "46";
47 1 0 27,203 "47";
48 2 0 7,159 "48";
49 0 1 84,236 "49";
50 2 1 101,128 "50";
51 2 0 63,116 "51";
52 0 1 108,114 "52";
53 0 1 18,43 "53";
54 2 0 46,122 "54";
55 1 0 29,194 "55";
56 2 0 29,62 "56";
57 1 0 118,167 "57";
58 2 0 135,213 "58";
59 1 0 65,113 "59";
60 0 1 116,141 "60";
61 1 0 159,230 "61";
62 2 0 16,81 "62";
63 2 0 14,167 "63";
64 0 1 15,17 "64";
65 2 1 46,185 "65";
66 1 1 76,82 "66";
67 0 0 135,156 "67";
68 1 1 88,183 "68";
69 0 1 85,118 "69";
70 0 1 36,129 "70";
71 0 1 85,89 "71";
72 1 0 50,66 "72";
73 0 0 150,225 "73";
74 1 1 14,88 "74";
75 0 1 67,234 "75";
76 2 0 18,106 "76";
77 1 1 104,127 "77";
78 1 1 199,206 "78";
79 1 0 103,126 "79";
80 2 1 171,184 "80";
81 2 0 17,123 "81";
82 1 1 129,190 "82";
83 1 1 127,163 "83";
84 0 0 110,238 "84";
85 0 1 32,75 "85";
86 1 1 11,29 "86";
87 1 1 93,211 "87";
88 1 1 104,233 "88";
89 2 1 63,192 "89";
90 0 1 101,111 "90";
91 0 1 87,140 "91";
92 1 1 150,193 "92";
93 0 0 49,218 "93";
94 0 0 28,231 "94";
95 0 1 61,103 "95";
96 0 1 104,185 "96";
97 1 1 21,35 "97";
98 1 0 99,223 "98";
99 0 1 42,152 "99";
100 1 0 27,130 "100";
101 0 0 202,227 "101";
102 0 0 88,179 "102";
103 2 1 105,108 "103";
104 0 0 47,201 "104";
105 2 0 77,202 "105";
106 0 0 126,161 "106";
107 0 0 106,154 "107";
108 2 0 113,124 "108";
109 0 0 6,204 "109";
110 0 0 25,52 "110";
111 0 1 170,229 "111";
112 0 1 58,87 "112";
113 2 0 87,92 "113";
114 1 1 144,220 "114";
115 0 0 71,143 "115";
116 0 1 64,222 "116";
117 1 1 56,59 "117";
118 0 0 121,194 "118";
119 0 1 83,211 "119";
120 2 0 39,44 "120";
121 2 1 96,206 "121";
122 1 1 92,147 "122";
123 0 1 52,73 "123";
124 2 0 10,149 "124";
125 1 0 118,239 "125";
126 2 1 15,182 "126";
127 2 1 46,206 "127";
128 2 0 28,85 "128";
129 1 0 83,202 "129";
130 2 0 13,157 "130";
131 1 1 85,98 "131";
132 2 1 111,145 "132";
133 0 1 18,128 "133";
134 1 1 80,209 "134";
135 1 0 110,168 "135";
136 2 1 12,131 "136";
137 0 0 27,88 "137";
138 2 0 29,110 "138";
139 2 1 102,106 "139";
140 1 0 170,214 "140";
141 0 0 27,239 "141";
142 1 1 139,229 "142";
143 1 0 24,135 "143";
144 0 0 157,233 "144";
145 2 1 100,122 "145";
146 2 1 76,152 "146";
147 1 0 59,187 "147";
148 0 1 102,165 "148";
149 0 0 63,134 "149";
150 2 1 68,96 "150";
151 0 1 206,238 "151";
152 0 0 113,151 "152";
153 1 0 217,224 "153";
154 2 0 11,235 "154";
155 1 1 90,157 "155";
156 0 0 153,191 "156";
157 1 0 74,97 "157";
158 1 1 33,216 "158";
159 1 1 16,219 "159";
160 0 1 80,81 "160";
161 1 0 121,139 "161";
162 2 0 56,169 "162";
163 1 0 98,146 "163";
164 1 1 134,197 "164";
165 1 0 89,214 "165";
166 0 1 43,237 "166";
167 0 1 89,108 "167";
168 1 0 130,179 "168";
169 0 0 67,155 "169";
170 1 1 88,213 "170";
171 2 1 106,170 "171";
172 1 1 53,165 "172";
173 0 1 163,166 "173";
174 2 1 130,213 "174";
175 1 0 50,51 "175";
176 0 1 62,194 "176";
177 1 0 1,40 "177";
178 2 1 142,164 "178";
179 0 1 45,105 "179";
180 1 1 23,134 "180";
181 0 1 170,199 "181";
182 2 1 59,225 "182";
183 2 0 60,166 "183";
184 0 1 58,89 "184";
185 1 1 18,28 "185";
186 1 1 73,226 "186";
187 1 0 26,169 "187";
188 2 1 24,131 "188";
189 0 0 138,181 "189";
190 0 1 162,167 "190";
191 1 1 118,161 "191";
192 1 0 150,184 "192";
193 1 1 85,105 "193";
194 0 0 232,237 "194";
195 2 1 169,206 "195";
196 0 1 23,121 "196";
197 0 1 24,192 "197";
198 0 1 46,81 "198";
199 1 0 64,158 "199";
200 2 1 3,72 "200";
201 0 1 29,85 "201";
202 0 1 15,120 "202";
203 1 1 49,144 "203";
204 2 1 48,68 "204";
205 2 0 150,184 "205";
206 0 0 130,209 "206";
207 2 0 204,239 "207";
208 1 0 142,159 "208";
209 2 0 65,192 "209";
210 2 1 48,66 "210";
211 1 1 16,201 "211";
212 2 0 52,160 "212";
213 2 1 74,119 "213";
214 2 1 63,201 "214";
215 2 0 20,169 "215";
216 1 0 35,152 "216";
217 0 0 169,234 "217";
218 1 1 159,193 "218";
219 1 0 137,217 "219";
220 2 1 27,193 "220";
221 2 1 67,217 "221";
222 2 0 102,227 "222";
223 1 1 83,90 "223";
224 0 1 69,214 "224";
225 0 1 136,231 "225";
226 2 1 66,213 "226";
227 2 0 151,219 "227";
228 2 1 3,34 "228";
229 2 0 37,107 "229";
230 0 1 34,222 "230";
231 0 1 18,52 "231";
232 2 1 44,234 "232";
233 1 0 70,139 "233";
234 1 0 28,146 "234";
235 0 0 17,236 "235";
236 2 0 170,191 "236";
237 2 1 25,200 "237";
238 0 0 57,149 "238";
239 2 1 39,115 "239";
