parity 209;
0 1 1 67,90 "0";
1 0 1 24,112 "1";
2 0 0 81,135 "2";
3 0 0 11,90 "3";
4 0 0 65,135 "4";
5 0 0 92,160 "5";
6 2 0 26,140 "6";
7 0 1 159,201 "7";
8 2 1 130,174 "8";
9 2 1 34,189 "9";
10 2 0 40,153 "10";
11 2 1 94,201 "11";
12 1 1 21,73 "12";
13 0 0 65,73 "13";
14 2 1 53,115 "14";
15 0 1 49,64 "15";
16 1 1 9,199 "16";
17 0 1 37,67 "17";
18 2 0 94,116 "18";
19 1 0 130,152 "19";
20 1 1 83,87 "20";
21 1 0 81,151 "21";
22 1 0 103,140 "22";
23 0 0 108,168 "23";
24 2 0 54,166 "24";
25 2 0 126,140 "25";
26 2 1 4,135 "26";
27 1 0 5,207 "27";
28 1 1 171,205 "28";
29 0 1 73,179 "29";
30 1 0 119,148 "30";
31 0 1 53,209 "31";
32 2 1 48,155 "32";
33 2 1 36,176 "33";
34 1 1 5,100 "34";
35 0 0 134,209 "35";
36 0 0 77,155 "36";
37 0 0 47,123 "37";
38 1 1 17,198 "38";
39 0 0 89,107 "39";
40 2 0 33,108 "40";
41 2 1 40,119 "41";
42 1 1 153,168 "42";
43 0 0 16,201 "43";
44 1 1 33,54 "44";
45 1 0 94,177 "45";
46 1 0 95,104 "46";
47 2 1 6,118 "47";
48 1 0 52,81 "48";
49 1 0 52,150 "49";
50 2 0 70,140 "50";
51 0 1 74,82 "51";
52 0 1 3,87 "52";
53 0 1 4,96 "53";
54 0 1 88,188 "54";
55 1 1 23,105 "55";
56 1 0 99,133 "56";
57 0 1 140,184 "57";
58 1 0 8,203 "58";
59 1 0 19,161 "59";
60 1 0 22,28 "60";
61 1 1 52,99 "61";
62 1 1 155,206 "62";
63 1 1 79,92 "63";
64 0 0 16,104 "64";
65 2 0 138,180 "65";
66 0 0 61,107 "66";
67 1 1 60,152 "67";
68 1 1 64,200 "68";
69 1 0 19,121 "69";
70 2 0 59,181 "70";
71 1 1 164,207 "71";
72 2 0 28,140 "72";
73 2 1 42,57 "73";
74 2 1 68,94 "74";
75 1 1 103,159 "75";
76 2 1 72,134 "76";
77 1 1 16,85 "77";
78 0 1 87,116 "78";
79 2 1 107,171 "79";
80 2 0 2,48 "80";
81 2 1 73,164 "81";
82 1 1 5,187 "82";
83 2 0 126,159 "83";
84 1 1 30,79 "84";
85 2 1 27,30 "85";
86 2 0 51,161 "86";
87 0 0 86,190 "87";
88 0 0 138,145 "88";
89 0 0 164,177 "89";
90 0 1 39,73 "90";
91 2 1 53,75 "91";
92 2 0 60,199 "92";
93 1 1 23,131 "93";
94 2 1 92,156 "94";
95 2 0 178,185 "95";
96 0 1 4,21 "96";
97 2 0 4,144 "97";
98 2 0 25,76 "98";
99 0 1 96,109 "99";
100 0 0 122,196 "100";
101 0 0 47,121 "101";
102 2 1 94,158 "102";
103 2 0 139,153 "103";
104 2 0 155,200 "104";
105 2 1 21,137 "105";
106 1 1 63,165 "106";
107 0 0 124,155 "107";
108 1 0 96,189 "108";
109 0 0 137,164 "109";
110 2 1 86,116 "110";
111 2 1 143,163 "111";
112 2 1 110,200 "112";
113 1 0 44,185 "113";
114 1 0 53,59 "114";
115 0 0 18,185 "115";
116 0 1 74,187 "116";
117 0 1 12,53 "117";
118 1 0 13,50 "118";
119 1 1 76,91 "119";
120 1 1 3,158 "120";
121 0 1 61,100 "121";
122 0 0 2,154 "122";
123 2 1 58,142 "123";
124 0 1 42,198 "124";
125 1 0 138,145 "125";
126 2 0 21,140 "126";
127 0 0 12,68 "127";
128 2 1 54,95 "128";
129 1 0 125,175 "129";
130 2 1 34,119 "130";
131 0 0 85,185 "131";
132 1 0 120,137 "132";
133 1 0 11,88 "133";
134 0 1 153,181 "134";
135 1 0 1,163 "135";
136 0 0 113,126 "136";
137 2 1 61,206 "137";
138 2 1 65,133 "138";
139 1 0 142,204 "139";
140 2 0 32,186 "140";
141 1 0 119,197 "141";
142 2 1 2,183 "142";
143 0 0 92,133 "143";
144 2 0 12,176 "144";
145 0 0 17,83 "145";
146 0 0 73,122 "146";
147 2 1 36,56 "147";
148 0 1 8,114 "148";
149 2 1 137,162 "149";
150 1 0 43,117 "150";
151 0 0 49,115 "151";
152 2 1 32,122 "152";
153 2 1 100,203 "153";
154 2 1 76,120 "154";
155 0 0 75,150 "155";
156 2 1 129,200 "156";
157 2 1 113,189 "157";
158 1 1 93,197 "158";
159 1 0 149,189 "159";
160 2 1 71,98 "160";
161 2 1 1,119 "161";
162 0 0 114,156 "162";
163 2 0 81,133 "163";
164 2 0 136,190 "164";
165 1 0 55,66 "165";
166 0 1 38,138 "166";
167 0 1 112,136 "167";
168 2 1 70,109 "168";
169 0 0 17,187 "169";
170 1 0 56,78 "170";
171 2 0 136,186 "171";
172 2 1 58,193 "172";
173 2 1 148,163 "173";
174 2 0 148,191 "174";
175 0 1 32,166 "175";
176 0 1 111,197 "176";
177 0 1 14,116 "177";
178 2 0 164,195 "178";
179 1 1 10,170 "179";
180 2 1 102,166 "180";
181 0 1 45,120 "181";
182 0 1 123,202 "182";
183 1 1 98,166 "183";
184 2 0 67,119 "184";
185 1 0 16,87 "185";
186 1 0 1,60 "186";
187 1 0 166,202 "187";
188 1 0 150,199 "188";
189 2 0 86,128 "189";
190 1 1 13,79 "190";
191 0 1 117,126 "191";
192 2 0 39,191 "192";
193 2 1 51,162 "193";
194 2 1 23,90 "194";
195 0 0 181,188 "195";
196 2 1 151,165 "196";
197 0 1 47,121 "197";
198 0 0 141,207 "198";
199 0 1 39,73 "199";
200 2 1 152,176 "200";
201 1 0 64,202 "201";
202 0 1 60,192 "202";
203 0 0 29,89 "203";
204 0 0 48,94 "204";
205 2 0 34,96 "205";
206 2 1 61,189 "206";
207 0 1 20,52 "207";
208 1 1 39,49 "208";
209 0 1 21,182 "209";
