parity 229;
0 1 1 111,120 "0";
1 0 0 29,34 "1";
2 2 0 43,218 "2";
3 2 1 114,144 "3";
4 1 1 13,70 "4";
5 2 0 47,203 "5";
6 0 1 24,106 "6";
7 1 0 29,42 "7";
8 0 0 107,219 "8";
9 0 0 114,127 "9";
10 1 0 118,222 "10";
11 0 0 173,202 "11";
12 2 1 133,164 "12";
13 2 0 29,203 "13";
14 2 1 140,221 "14";
15 2 0 151,191 "15";
16 1 0 99,133 "16";
17 0 1 133,225 "17";
18 0 0 76,192 "18";
19 2 0 80,227 "19";
20 1 1 117,160 "20";
21 1 1 151,177 "21";
22 2 0 76,166 "22";
23 2 0 11,46 "23";
24 0 0 15,113 "24";
25 2 0 137,224 "25";
26 0 0 123,129 "26";
27 0 0 54,93 "27";
28 1 0 75,169 "28";
29 2 0 90,211 "29";
30 1 1 103,145 "30";
31 2 1 64,112 "31";
32 1 0 45,228 "32";
33 2 1 54,176 "33";
34 1 1 46,128 "34";
35 1 1 137,202 "35";
36 2 0 60,177 "36";
37 2 0 45,192 "37";
38 1 0 60,228 "38";
39 2 0 128,222 "39";
40 0 0 13,35 "40";
41 1 1 10,85 "41";
42 0 0 58,138 "42";
43 0 0 97,156 "43";
44 2 0 173,219 "44";
45 0 1 25,140 "45";
46 0 1 203,215 "46";
47 0 0 151,200 "47";
48 0 1 61,108 "48";
49 2 0 27,215 "49";
50 1 0 177,211 "50";
51 1 1 134,174 "51";
52 1 0 213,220 "52";
53 1 0 35,218 "53";
54 2 0 44,158 "54";
55 0 1 208,214 "55";
56 2 0 79,203 "56";
57 2 1 127,149 "57";
58 1 0 141,155 "58";
59 1 0 95,222 "59";
60 1 0 37,123 "60";
61 0 1 166,203 "61";
62 1 0 30,38 "62";
63 0 0 65,133 "63";
64 1 0 103,190 "64";
65 1 0 39,158 "65";
66 0 0 60,110 "66";
67 2 1 147,168 "67";
68 1 1 1,165 "68";
69 1 1 42,206 "69";
70 0 0 168,198 "70";
71 1 0 77,202 "71";
72 2 1 33,206 "72";
73 1 0 63,206 "73";
74 0 1 75,142 "74";
75 1 0 10,47 "75";
76 2 0 96,204 "76";
77 2 0 81,217 "77";
78 1 0 62,124 "78";
79 1 1 6,172 "79";
80 1 1 58,108 "80";
81 2 0 14,171 "81";
82 0 1 58,84 "82";
83 1 1 20,56 "83";
84 0 0 7,39 "84";
85 1 1 38,83 "85";
86 1 0 45,118 "86";
87 1 0 36,204 "87";
88 1 0 155,172 "88";
89 2 0 62,187 "89";
90 0 1 21,110 "90";
91 1 1 105,224 "91";
92 2 0 67,218 "92";
93 1 1 0,41 "93";
94 1 1 175,190 "94";
95 0 1 65,110 "95";
96 2 0 74,200 "96";
97 1 0 119,147 "97";
98 2 1 32,126 "98";
99 1 0 155,172 "99";
100 2 0 24,147 "100";
101 1 1 8,87 "101";
102 0 1 136,180 "102";
103 0 0 177,222 "103";
104 0 1 165,179 "104";
105 2 1 109,181 "105";
106 2 0 7,134 "106";
107 0 0 115,208 "107";
108 0 0 33,178 "108";
109 0 1 99,210 "109";
110 1 0 120,144 "110";
111 0 0 96,160 "111";
112 2 1 101,133 "112";
113 1 1 64,210 "113";
114 0 1 119,178 "114";
115 2 1 35,191 "115";
116 1 0 22,198 "116";
117 1 0 70,136 "117";
118 1 1 109,148 "118";
119 2 0 13,168 "119";
120 1 1 106,148 "120";
121 1 1 7,81 "121";
122 0 0 64,109 "122";
123 0 1 7,87 "123";
124 2 0 62,220 "124";
125 2 0 20,115 "125";
126 0 1 163,191 "126";
127 2 0 29,106 "127";
128 1 0 47,188 "128";
129 2 0 86,205 "129";
130 1 0 83,229 "130";
131 2 1 135,198 "131";
132 1 0 22,81 "132";
133 1 1 7,179 "133";
134 1 1 62,148 "134";
135 2 1 76,139 "135";
136 0 1 121,202 "136";
137 1 1 95,159 "137";
138 0 0 96,118 "138";
139 2 1 202,225 "139";
140 2 0 129,130 "140";
141 1 0 69,222 "141";
142 0 0 22,107 "142";
143 0 1 117,126 "143";
144 2 0 1,54 "144";
145 1 0 14,66 "145";
146 2 0 41,207 "146";
147 1 1 120,192 "147";
148 2 1 2,181 "148";
149 1 1 6,114 "149";
150 2 0 105,204 "150";
151 1 1 143,189 "151";
152 1 1 33,108 "152";
153 1 0 39,228 "153";
154 1 0 77,136 "154";
155 0 0 91,168 "155";
156 0 0 179,197 "156";
157 1 1 80,166 "157";
158 1 0 69,120 "158";
159 1 1 196,228 "159";
160 1 0 83,178 "160";
161 0 0 73,171 "161";
162 1 1 110,126 "162";
163 1 1 121,183 "163";
164 1 1 125,213 "164";
165 2 0 56,103 "165";
166 0 1 58,123 "166";
167 0 1 127,186 "167";
168 0 1 33,70 "168";
169 1 1 30,150 "169";
170 0 0 139,211 "170";
171 2 0 62,148 "171";
172 1 0 139,179 "172";
173 1 0 74,201 "173";
174 1 0 162,170 "174";
175 1 1 46,218 "175";
176 2 1 13,66 "176";
177 2 0 172,186 "177";
178 1 0 76,151 "178";
179 0 1 18,41 "179";
180 1 1 68,201 "180";
181 0 0 161,199 "181";
182 1 1 176,222 "182";
183 0 0 83,198 "183";
184 1 0 4,225 "184";
185 2 0 0,181 "185";
186 1 0 65,115 "186";
187 2 0 5,183 "187";
188 2 0 132,141 "188";
189 0 1 52,160 "189";
190 0 1 35,36 "190";
191 1 1 116,209 "191";
192 0 0 39,43 "192";
193 1 1 72,227 "193";
194 2 0 103,225 "194";
195 1 0 163,214 "195";
196 1 1 10,217 "196";
197 0 1 10,129 "197";
198 2 0 79,223 "198";
199 0 1 67,214 "199";
200 1 0 87,156 "200";
201 1 0 27,106 "201";
202 0 0 25,227 "202";
203 1 0 99,171 "203";
204 2 0 44,85 "204";
205 1 0 70,195 "205";
206 1 1 30,167 "206";
207 0 0 63,101 "207";
208 0 0 35,183 "208";
209 0 0 54,101 "209";
210 0 1 34,37 "210";
211 0 0 129,185 "211";
212 0 0 201,221 "212";
213 2 0 68,116 "213";
214 0 1 27,133 "214";
215 0 0 146,202 "215";
216 2 0 92,105 "216";
217 1 0 135,224 "217";
218 1 1 20,100 "218";
219 1 0 158,221 "219";
220 2 0 88,128 "220";
221 0 1 9,78 "221";
222 0 0 10,223 "222";
223 1 0 108,126 "223";
224 0 1 30,89 "224";
225 2 1 120,124 "225";
226 2 1 6,216 "226";
227 2 1 77,182 "227";
228 0 1 4,88 "228";
229 2 1 62,225 "229";
