parity 214;
0 0 0 10,198 "0";
1 0 1 68,80 "1";
2 1 1 26,180 "2";
3 2 1 8,143 "3";
4 2 1 81,142 "4";
5 1 0 60,150 "5";
6 2 1 32,41 "6";
7 1 1 134,184 "7";
8 0 1 135,164 "8";
9 2 1 30,95 "9";
10 1 0 41,111 "10";
11 0 0 8,68 "11";
12 0 1 99,107 "12";
13 2 0 116,118 "13";
14 2 0 5,171 "14";
15 0 1 149,175 "15";
16 1 1 58,170 "16";
17 0 1 48,188 "17";
18 2 1 26,128 "18";
19 2 1 37,95 "19";
20 1 1 101,158 "20";
21 1 0 83,99 "21";
22 0 1 120,125 "22";
23 0 0 72,183 "23";
24 1 0 152,206 "24";
25 1 1 91,173 "25";
26 2 0 171,184 "26";
27 1 1 60,161 "27";
28 1 1 66,77 "28";
29 1 1 67,117 "29";
30 1 0 27,151 "30";
31 0 0 156,185 "31";
32 1 1 170,178 "32";
33 1 0 183,187 "33";
34 0 0 46,53 "34";
35 1 1 4,38 "35";
36 1 1 16,212 "36";
37 0 0 118,154 "37";
38 1 1 44,117 "38";
39 1 0 17,49 "39";
40 0 1 76,88 "40";
41 1 1 25,187 "41";
42 0 0 153,158 "42";
43 0 0 81,116 "43";
44 0 1 81,136 "44";
45 1 1 74,186 "45";
46 1 1 91,124 "46";
47 1 1 41,182 "47";
48 0 0 4,64 "48";
49 2 1 110,140 "49";
50 2 1 128,138 "50";
51 0 1 89,150 "51";
52 0 1 3,94 "52";
53 2 1 120,154 "53";
54 1 0 83,144 "54";
55 1 1 30,73 "55";
56 1 0 108,152 "56";
57 1 0 88,146 "57";
58 1 1 28,43 "58";
59 1 1 32,67 "59";
60 1 1 7,181 "60";
61 2 1 76,109 "61";
62 1 1 86,97 "62";
63 1 0 46,149 "63";
64 2 1 56,140 "64";
65 0 0 38,85 "65";
66 2 1 94,120 "66";
67 0 0 96,184 "67";
68 0 0 169,184 "68";
69 0 1 38,212 "69";
70 2 0 148,205 "70";
71 1 0 45,176 "71";
72 0 0 110,200 "72";
73 0 1 166,182 "73";
74 2 1 11,26 "74";
75 2 1 87,96 "75";
76 0 0 4,18 "76";
77 2 1 202,208 "77";
78 1 1 76,146 "78";
79 0 1 43,70 "79";
80 0 0 22,191 "80";
81 2 1 76,210 "81";
82 2 1 103,173 "82";
83 0 0 91,104 "83";
84 0 0 20,210 "84";
85 2 0 80,145 "85";
86 1 0 107,194 "86";
87 2 1 119,136 "87";
88 0 0 161,214 "88";
89 2 1 164,168 "89";
90 1 0 47,162 "90";
91 1 1 1,167 "91";
92 1 0 139,184 "92";
93 1 0 31,77 "93";
94 0 1 124,173 "94";
95 0 1 125,185 "95";
96 1 0 13,37 "96";
97 1 0 103,206 "97";
98 2 1 59,60 "98";
99 1 0 30,206 "99";
100 2 1 113,200 "100";
101 2 1 169,195 "101";
102 2 1 16,88 "102";
103 2 1 87,175 "103";
104 0 1 135,137 "104";
105 0 0 71,116 "105";
106 2 0 82,135 "106";
107 2 1 87,206 "107";
108 0 1 62,120 "108";
109 0 0 43,148 "109";
110 0 1 73,121 "110";
111 1 1 83,100 "111";
112 2 0 22,54 "112";
113 0 0 45,176 "113";
114 2 0 7,146 "114";
115 1 0 87,198 "115";
116 2 1 14,192 "116";
117 0 0 74,213 "117";
118 1 1 103,168 "118";
119 1 1 164,205 "119";
120 1 1 154,198 "120";
121 1 1 57,180 "121";
122 0 1 22,27 "122";
123 0 1 20,176 "123";
124 2 1 51,65 "124";
125 0 0 135,141 "125";
126 1 0 70,105 "126";
127 2 1 14,158 "127";
128 1 1 9,205 "128";
129 1 1 36,117 "129";
130 2 0 123,126 "130";
131 2 1 56,80 "131";
132 1 1 162,193 "132";
133 2 0 131,160 "133";
134 0 1 132,177 "134";
135 2 1 89,102 "135";
136 1 1 93,170 "136";
137 0 1 71,127 "137";
138 2 1 13,114 "138";
139 0 1 129,142 "139";
140 1 1 117,121 "140";
141 1 1 11,96 "141";
142 0 0 118,174 "142";
143 2 1 41,173 "143";
144 2 0 58,113 "144";
145 0 0 48,67 "145";
146 2 1 105,116 "146";
147 0 1 50,141 "147";
148 0 0 31,58 "148";
149 1 1 10,55 "149";
150 2 1 39,113 "150";
151 0 1 14,188 "151";
152 2 1 25,172 "152";
153 0 0 8,158 "153";
154 2 1 15,166 "154";
155 0 1 141,192 "155";
156 2 1 69,90 "156";
157 1 0 104,130 "157";
158 0 1 129,194 "158";
159 2 0 96,124 "159";
160 1 1 5,194 "160";
161 0 1 79,90 "161";
162 1 0 177,186 "162";
163 2 0 129,148 "163";
164 0 1 53,110 "164";
165 1 0 47,53 "165";
166 2 0 6,171 "166";
167 2 1 79,149 "167";
168 2 0 92,158 "168";
169 0 0 63,129 "169";
170 0 1 58,106 "170";
171 0 0 14,58 "171";
172 0 1 95,99 "172";
173 1 0 50,61 "173";
174 0 0 73,91 "174";
175 1 1 97,147 "175";
176 1 0 83,153 "176";
177 1 0 97,185 "177";
178 0 0 33,64 "178";
179 1 0 61,66 "179";
180 1 0 62,109 "180";
181 1 1 155,214 "181";
182 0 1 25,50 "182";
183 2 0 31,194 "183";
184 0 0 22,103 "184";
185 0 0 68,139 "185";
186 2 1 41,210 "186";
187 2 1 60,90 "187";
188 1 0 117,144 "188";
189 1 0 24,187 "189";
190 2 0 72,195 "190";
191 2 1 130,158 "191";
192 0 1 59,195 "192";
193 1 1 45,139 "193";
194 1 0 31,202 "194";
195 0 1 35,47 "195";
196 0 0 27,209 "196";
197 2 1 6,108 "197";
198 2 0 134,163 "198";
199 1 1 37,72 "199";
200 1 1 82,123 "200";
201 2 0 16,25 "201";
202 2 1 33,180 "202";
203 2 0 43,66 "203";
204 0 1 59,78 "204";
205 1 0 68,76 "205";
206 1 1 77,174 "206";
207 0 1 173,197 "207";
208 1 0 73,156 "208";
209 1 1 153,206 "209";
210 0 0 23,149 "210";
211 1 1 41,158 "211";
212 0 1 98,136 "212";
213 2 1 138,165 "213";
214 0 1 129,157 "214";
