parity 259;
0 0 0 4,181 "0";
1 0 1 165,169 "1";
2 2 1 38,218 "2";
3 1 0 155,179 "3";
4 2 0 43,198 "4";
5 0 1 140,183 "5";
6 2 1 96,127 "6";
7 1 1 130,174 "7";
8 0 0 62,218 "8";
9 2 1 145,169 "9";
10 1 1 142,208 "10";
11 1 1 61,126 "11";
12 2 0 21,29 "12";
13 0 1 88,116 "13";
14 1 0 210,217 "14";
15 2 0 79,103 "15";
16 0 1 61,196 "16";
17 0 1 13,221 "17";
18 2 0 193,205 "18";
19 2 1 69,206 "19";
20 0 0 96,203 "20";
21 1 0 23,139 "21";
22 1 1 57,252 "22";
23 2 1 41,206 "23";
24 0 1 29,229 "24";
25 1 0 139,159 "25";
26 0 1 33,46 "26";
27 2 1 82,199 "27";
28 0 1 13,156 "28";
29 1 0 71,136 "29";
30 0 1 34,116 "30";
31 0 1 201,231 "31";
32 0 0 54,56 "32";
33 2 0 54,71 "33";
34 1 0 195,199 "34";
35 1 1 99,141 "35";
36 2 1 9,139 "36";
37 2 0 107,246 "37";
38 2 1 5,252 "38";
39 2 0 67,124 "39";
40 2 0 74,132 "40";
41 1 1 169,174 "41";
42 2 0 96,110 "42";
43 2 0 161,166 "43";
44 2 0 75,189 "44";
45 1 0 55,86 "45";
46 0 0 156,230 "46";
47 1 1 114,179 "47";
48 0 0 18,79 "48";
49 2 1 153,193 "49";
50 1 0 145,251 "50";
51 2 0 58,155 "51";
52 1 1 70,160 "52";
53 1 1 89,219 "53";
54 0 1 106,176 "54";
55 2 0 3,44 "55";
56 2 1 180,200 "56";
57 1 1 23,108 "57";
58 0 0 42,79 "58";
59 1 1 162,202 "59";
60 1 1 193,255 "60";
61 2 1 30,216 "61";
62 1 0 15,76 "62";
63 2 0 123,173 "63";
64 0 0 1,183 "64";
65 0 0 89,118 "65";
66 2 1 153,197 "66";
67 0 1 131,152 "67";
68 2 1 38,243 "68";
69 0 1 196,226 "69";
70 0 0 81,96 "70";
71 2 1 39,85 "71";
72 1 0 183,235 "72";
73 0 0 201,255 "73";
74 0 0 155,248 "74";
75 2 1 110,223 "75";
76 2 0 207,230 "76";
77 0 0 79,232 "77";
78 0 1 52,127 "78";
79 2 1 33,211 "79";
80 2 1 180,198 "80";
81 0 1 123,191 "81";
82 1 1 48,54 "82";
83 1 0 184,258 "83";
84 2 1 146,254 "84";
85 0 1 106,201 "85";
86 1 0 156,159 "86";
87 1 1 66,200 "87";
88 0 1 20,73 "88";
89 1 1 46,74 "89";
90 0 1 33,176 "90";
91 2 0 117,192 "91";
92 1 0 70,85 "92";
93 2 1 49,249 "93";
94 2 0 70,239 "94";
95 0 1 63,171 "95";
96 2 1 139,247 "96";
97 2 0 2,88 "97";
98 1 1 110,138 "98";
99 2 0 15,70 "99";
100 2 1 10,22 "100";
101 2 0 81,194 "101";
102 0 0 104,170 "102";
103 1 1 86,113 "103";
104 2 1 94,165 "104";
105 1 1 85,237 "105";
106 1 0 69,220 "106";
107 1 0 68,187 "107";
108 2 1 105,253 "108";
109 1 1 82,245 "109";
110 2 0 156,234 "110";
111 2 0 97,258 "111";
112 1 1 41,205 "112";
113 0 0 26,93 "113";
114 2 0 192,200 "114";
115 1 0 166,178 "115";
116 0 1 130,238 "116";
117 2 0 11,164 "117";
118 2 1 13,56 "118";
119 1 1 85,217 "119";
120 2 0 35,185 "120";
121 1 0 96,137 "121";
122 2 0 124,141 "122";
123 0 1 48,233 "123";
124 1 1 9,82 "124";
125 1 1 55,146 "125";
126 2 1 174,213 "126";
127 1 0 74,230 "127";
128 2 1 43,120 "128";
129 1 1 1,246 "129";
130 1 0 90,156 "130";
131 0 0 210,236 "131";
132 2 1 22,47 "132";
133 2 0 93,190 "133";
134 2 0 161,165 "134";
135 2 1 78,188 "135";
136 2 1 40,168 "136";
137 2 1 76,160 "137";
138 0 0 92,98 "138";
139 0 0 26,229 "139";
140 0 0 67,144 "140";
141 1 0 14,256 "141";
142 1 0 138,235 "142";
143 0 1 122,139 "143";
144 0 0 123,188 "144";
145 0 1 57,187 "145";
146 0 1 141,249 "146";
147 0 1 32,111 "147";
148 2 1 73,130 "148";
149 0 0 144,232 "149";
150 0 0 92,111 "150";
151 0 1 4,197 "151";
152 1 1 3,132 "152";
153 1 0 37,250 "153";
154 1 0 111,193 "154";
155 0 0 72,173 "155";
156 1 1 37,229 "156";
157 0 0 128,142 "157";
158 1 0 71,161 "158";
159 0 1 10,164 "159";
160 0 1 83,90 "160";
161 2 0 1,32 "161";
162 2 0 165,227 "162";
163 1 0 17,132 "163";
164 1 1 36,58 "164";
165 0 0 4,199 "165";
166 0 1 45,162 "166";
167 0 0 64,78 "167";
168 1 0 108,142 "168";
169 1 1 170,178 "169";
170 1 0 168,200 "170";
171 0 0 47,88 "171";
172 0 1 42,241 "172";
173 1 0 242,254 "173";
174 2 0 10,113 "174";
175 1 1 214,224 "175";
176 1 0 71,108 "176";
177 2 0 205,245 "177";
178 0 0 28,46 "178";
179 0 1 3,99 "179";
180 2 1 26,65 "180";
181 1 0 103,150 "181";
182 2 1 8,159 "182";
183 1 1 27,62 "183";
184 2 1 7,12 "184";
185 1 0 13,180 "185";
186 2 1 28,37 "186";
187 0 1 207,224 "187";
188 2 0 100,214 "188";
189 0 1 42,103 "189";
190 0 0 109,149 "190";
191 1 0 109,207 "191";
192 0 0 185,190 "192";
193 0 1 78,119 "193";
194 2 1 24,124 "194";
195 0 1 49,151 "195";
196 0 1 76,162 "196";
197 1 0 47,138 "197";
198 2 0 72,138 "198";
199 0 0 32,249 "199";
200 1 0 53,127 "200";
201 0 1 85,257 "201";
202 1 1 23,80 "202";
203 2 1 83,234 "203";
204 0 0 186,209 "204";
205 1 1 112,174 "205";
206 0 1 98,173 "206";
207 2 0 61,244 "207";
208 1 1 33,214 "208";
209 2 0 33,218 "209";
210 2 0 38,237 "210";
211 0 0 7,38 "211";
212 2 1 33,170 "212";
213 0 1 80,208 "213";
214 2 1 3,53 "214";
215 2 0 176,221 "215";
216 2 0 146,232 "216";
217 1 0 19,106 "217";
218 2 1 2,18 "218";
219 2 1 161,167 "219";
220 2 1 10,39 "220";
221 2 1 12,150 "221";
222 0 0 9,259 "222";
223 2 0 98,185 "223";
224 0 0 78,256 "224";
225 2 0 165,224 "225";
226 2 0 41,259 "226";
227 1 1 154,203 "227";
228 0 1 100,124 "228";
229 1 1 115,200 "229";
230 0 1 157,203 "230";
231 0 0 110,235 "231";
232 1 0 176,191 "232";
233 1 0 74,208 "233";
234 1 0 45,71 "234";
235 1 1 19,209 "235";
236 1 1 109,254 "236";
237 1 1 7,110 "237";
238 1 1 72,173 "238";
239 1 0 141,175 "239";
240 2 0 147,182 "240";
241 1 0 59,104 "241";
242 1 1 127,224 "242";
243 2 1 50,194 "243";
244 0 0 121,169 "244";
245 0 0 19,187 "245";
246 1 0 162,199 "246";
247 1 0 50,165 "247";
248 2 0 213,233 "248";
249 1 0 47,123 "249";
250 1 1 80,162 "250";
251 1 0 114,197 "251";
252 2 0 39,48 "252";
253 2 1 11,52 "253";
254 0 1 23,145 "254";
255 2 0 128,169 "255";
256 0 0 85,237 "256";
257 1 0 14,36 "257";
258 0 1 1,212 "258";
259 0 1 25,70 "259";
