parity 199;
0 1 1 1,95 "0";
1 2 0 131,184 "1";
2 0 0 12,132 "2";
3 0 0 151,173 "3";
4 0 0 55,94 "4";
5 0 0 114,142 "5";
6 2 1 92,97 "6";
7 2 1 43,142 "7";
8 1 1 50,94 "8";
9 0 1 141,145 "9";
10 0 1 171,184 "10";
11 0 0 32,142 "11";
12 1 1 24,72 "12";
13 2 0 54,128 "13";
14 1 0 23,157 "14";
15 1 1 133,186 "15";
16 0 0 159,185 "16";
17 2 1 127,164 "17";
18 0 0 111,167 "18";
19 2 0 43,120 "19";
20 0 1 101,197 "20";
21 1 1 38,170 "21";
22 0 1 0,56 "22";
23 2 1 86,103 "23";
24 2 0 20,47 "24";
25 0 0 163,187 "25";
26 1 1 34,131 "26";
27 2 0 22,136 "27";
28 1 1 72,82 "28";
29 0 1 5,14 "29";
30 2 0 37,165 "30";
31 1 1 88,171 "31";
32 0 0 3,76 "32";
33 2 1 135,162 "33";
34 2 1 75,158 "34";
35 0 1 64,125 "35";
36 1 1 0,135 "36";
37 1 0 84,102 "37";
38 1 1 135,196 "38";
39 1 1 141,151 "39";
40 2 1 9,187 "40";
41 2 1 28,84 "41";
42 0 1 23,122 "42";
43 1 0 122,186 "43";
44 0 1 71,73 "44";
45 1 1 108,182 "45";
46 1 0 26,33 "46";
47 1 1 181,188 "47";
48 1 0 5,24 "48";
49 1 1 118,146 "49";
50 0 1 13,97 "50";
51 2 0 158,169 "51";
52 0 1 54,56 "52";
53 0 1 109,194 "53";
54 1 1 31,191 "54";
55 1 0 71,116 "55";
56 0 0 4,109 "56";
57 0 1 178,191 "57";
58 0 1 35,77 "58";
59 0 0 17,128 "59";
60 0 0 48,173 "60";
61 0 1 6,183 "61";
62 2 0 35,176 "62";
63 0 0 18,133 "63";
64 1 0 84,167 "64";
65 1 0 40,119 "65";
66 2 0 167,187 "66";
67 0 1 109,157 "67";
68 1 1 26,54 "68";
69 1 0 53,95 "69";
70 0 1 85,184 "70";
71 0 1 89,160 "71";
72 1 0 57,151 "72";
73 0 0 132,146 "73";
74 2 0 61,86 "74";
75 1 1 135,178 "75";
76 0 0 55,103 "76";
77 1 0 30,147 "77";
78 1 0 139,167 "78";
79 0 0 70,172 "79";
80 1 0 14,54 "80";
81 2 1 18,117 "81";
82 2 0 43,139 "82";
83 0 1 79,164 "83";
84 0 1 109,171 "84";
85 2 0 117,156 "85";
86 1 1 130,176 "86";
87 0 0 18,56 "87";
88 0 1 84,154 "88";
89 2 1 29,52 "89";
90 2 1 172,180 "90";
91 1 0 131,153 "91";
92 2 0 93,169 "92";
93 0 0 99,166 "93";
94 2 1 88,133 "94";
95 2 0 121,133 "95";
96 2 0 9,129 "96";
97 1 1 15,83 "97";
98 2 0 54,187 "98";
99 1 1 119,150 "99";
100 0 0 17,66 "100";
101 2 1 112,198 "101";
102 0 1 39,136 "102";
103 2 0 55,109 "103";
104 0 1 52,70 "104";
105 2 1 12,52 "105";
106 1 1 85,137 "106";
107 2 1 101,127 "107";
108 2 0 18,160 "108";
109 2 1 134,142 "109";
110 1 1 19,65 "110";
111 2 1 29,85 "111";
112 1 0 48,106 "112";
113 1 0 40,131 "113";
114 1 0 67,119 "114";
115 1 1 58,187 "115";
116 1 0 115,143 "116";
117 0 0 137,171 "117";
118 2 1 59,132 "118";
119 1 0 47,149 "119";
120 1 0 59,197 "120";
121 2 0 53,78 "121";
122 1 0 70,93 "122";
123 1 1 41,85 "123";
124 2 0 15,100 "124";
125 1 1 14,19 "125";
126 2 0 50,83 "126";
127 1 1 68,129 "127";
128 2 0 63,157 "128";
129 2 1 71,101 "129";
130 0 1 62,68 "130";
131 1 0 30,78 "131";
132 2 0 75,128 "132";
133 2 0 97,193 "133";
134 1 0 41,191 "134";
135 2 1 84,100 "135";
136 0 1 42,82 "136";
137 1 1 14,113 "137";
138 1 0 56,145 "138";
139 0 1 82,156 "139";
140 2 0 26,63 "140";
141 2 0 46,125 "141";
142 0 1 119,193 "142";
143 1 0 41,53 "143";
144 2 1 32,54 "144";
145 1 0 99,124 "145";
146 1 1 13,126 "146";
147 2 1 7,149 "147";
148 0 0 99,106 "148";
149 2 1 95,114 "149";
150 2 0 19,87 "150";
151 1 1 61,122 "151";
152 2 1 94,159 "152";
153 2 0 6,69 "153";
154 0 1 40,76 "154";
155 1 0 122,168 "155";
156 1 0 142,190 "156";
157 2 0 100,147 "157";
158 1 0 1,192 "158";
159 2 0 1,12 "159";
160 0 1 88,172 "160";
161 2 0 49,109 "161";
162 0 1 51,187 "162";
163 0 1 157,192 "163";
164 2 1 43,61 "164";
165 0 0 41,102 "165";
166 1 0 22,155 "166";
167 0 0 104,193 "167";
168 0 1 88,134 "168";
169 0 1 81,193 "169";
170 2 0 133,153 "170";
171 2 0 90,173 "171";
172 0 0 30,163 "172";
173 1 0 55,124 "173";
174 0 0 30,48 "174";
175 2 0 41,167 "175";
176 0 0 44,75 "176";
177 1 1 46,143 "177";
178 0 0 55,152 "178";
179 0 0 156,159 "179";
180 2 0 121,192 "180";
181 2 1 20,59 "181";
182 0 0 80,116 "182";
183 0 0 51,173 "183";
184 1 1 47,107 "184";
185 0 0 7,192 "185";
186 1 1 49,132 "186";
187 1 0 32,172 "187";
188 0 0 126,160 "188";
189 1 0 101,107 "189";
190 0 0 5,35 "190";
191 2 1 113,152 "191";
192 0 0 24,70 "192";
193 0 0 150,187 "193";
194 2 0 94,134 "194";
195 0 1 9,26 "195";
196 2 1 131,140 "196";
197 0 0 182,189 "197";
198 0 1 6,155 "198";
199 0 0 93,177 "199";
