parity 289;
0 2 1 27,258 "0";
1 2 1 28,109 "1";
2 1 0 117,124 "2";
3 2 1 64,86 "3";
4 0 0 112,176 "4";
5 2 0 44,140 "5";
6 1 0 115,229 "6";
7 1 1 96,286 "7";
8 2 1 118,204 "8";
9 1 0 175,245 "9";
10 1 1 50,83 "10";
11 1 1 12,81 "11";
12 1 1 148,272 "12";
13 1 0 41,213 "13";
14 0 0 161,224 "14";
15 0 0 2,246 "15";
16 1 1 124,208 "16";
17 1 1 130,286 "17";
18 1 1 144,190 "18";
19 1 0 141,159 "19";
20 1 0 60,272 "20";
21 1 1 262,283 "21";
22 1 0 112,155 "22";
23 1 0 57,204 "23";
24 1 1 48,171 "24";
25 1 1 75,215 "25";
26 0 0 28,287 "26";
27 2 0 87,118 "27";
28 1 0 185,242 "28";
29 1 1 200,227 "29";
30 2 1 39,60 "30";
31 1 0 188,197 "31";
32 0 0 0,241 "32";
33 2 0 32,177 "33";
34 0 0 99,240 "34";
35 1 0 199,274 "35";
36 2 1 133,157 "36";
37 2 1 123,186 "37";
38 0 0 3,157 "38";
39 2 1 100,210 "39";
40 2 1 21,87 "40";
41 0 1 173,200 "41";
42 0 0 63,183 "42";
43 2 0 123,186 "43";
44 2 1 42,199 "44";
45 0 0 72,199 "45";
46 0 1 174,231 "46";
47 0 1 42,202 "47";
48 1 1 13,244 "48";
49 1 0 188,198 "49";
50 2 1 118,277 "50";
51 2 0 93,190 "51";
52 2 0 58,120 "52";
53 2 0 199,221 "53";
54 0 1 12,33 "54";
55 1 0 72,176 "55";
56 0 1 57,122 "56";
57 2 1 66,174 "57";
58 2 0 97,195 "58";
59 0 1 71,234 "59";
60 2 0 8,157 "60";
61 0 1 189,260 "61";
62 1 0 83,86 "62";
63 2 1 166,277 "63";
64 1 0 39,113 "64";
65 0 1 83,202 "65";
66 2 1 27,184 "66";
67 2 1 52,92 "67";
68 1 1 11,149 "68";
69 0 1 84,151 "69";
70 1 0 55,63 "70";
71 1 0 35,68 "71";
72 2 1 152,246 "72";
73 1 0 137,226 "73";
74 2 0 130,178 "74";
75 1 1 137,190 "75";
76 0 0 142,146 "76";
77 0 0 154,273 "77";
78 2 0 46,118 "78";
79 2 1 62,85 "79";
80 0 1 194,214 "80";
81 1 0 128,156 "81";
82 1 0 18,146 "82";
83 0 0 45,71 "83";
84 2 0 152,190 "84";
85 2 1 175,257 "85";
86 0 1 29,58 "86";
87 1 1 32,236 "87";
88 1 0 172,248 "88";
89 1 0 27,122 "89";
90 2 1 171,237 "90";
91 1 1 116,282 "91";
92 2 1 185,246 "92";
93 1 0 37,178 "93";
94 2 1 68,254 "94";
95 1 1 245,257 "95";
96 1 1 57,145 "96";
97 2 0 12,22 "97";
98 1 1 187,192 "98";
99 0 0 19,210 "99";
100 1 0 31,222 "100";
101 0 1 137,139 "101";
102 1 0 6,260 "102";
103 0 0 133,214 "103";
104 1 0 10,289 "104";
105 0 1 68,273 "105";
106 2 0 177,257 "106";
107 0 0 3,195 "107";
108 2 0 49,253 "108";
109 1 1 50,114 "109";
110 1 0 144,249 "110";
111 0 1 99,219 "111";
112 1 1 104,183 "112";
113 0 1 34,199 "113";
114 1 1 93,183 "114";
115 1 0 109,124 "115";
116 2 0 204,232 "116";
117 1 1 41,152 "117";
118 1 0 22,94 "118";
119 1 1 277,287 "119";
120 0 0 144,205 "120";
121 1 0 12,254 "121";
122 1 1 239,255 "122";
123 1 0 145,192 "123";
124 1 1 2,277 "124";
125 1 0 49,106 "125";
126 1 1 5,38 "126";
127 2 0 179,187 "127";
128 2 1 6,201 "128";
129 0 0 167,235 "129";
130 2 1 48,274 "130";
131 1 1 36,194 "131";
132 2 1 29,259 "132";
133 1 1 49,72 "133";
134 2 0 37,106 "134";
135 2 1 15,237 "135";
136 2 0 154,183 "136";
137 1 1 73,134 "137";
138 2 1 208,277 "138";
139 1 0 74,281 "139";
140 0 1 208,239 "140";
141 1 0 38,225 "141";
142 0 0 21,159 "142";
143 2 0 38,173 "143";
144 2 0 58,285 "144";
145 2 1 31,48 "145";
146 1 0 8,121 "146";
147 0 1 127,286 "147";
148 0 0 73,232 "148";
149 0 1 26,162 "149";
150 2 0 193,212 "150";
151 1 0 181,240 "151";
152 2 0 170,233 "152";
153 0 1 242,256 "153";
154 1 0 47,62 "154";
155 2 0 178,220 "155";
156 2 1 81,241 "156";
157 2 0 210,238 "157";
158 1 0 8,65 "158";
159 0 1 82,133 "159";
160 1 0 23,147 "160";
161 1 0 99,261 "161";
162 0 1 31,147 "162";
163 1 0 88,285 "163";
164 2 1 17,103 "164";
165 2 0 129,171 "165";
166 1 1 12,170 "166";
167 1 0 146,213 "167";
168 1 1 30,164 "168";
169 1 0 149,229 "169";
170 1 0 171,178 "170";
171 2 1 193,213 "171";
172 2 0 204,270 "172";
173 1 1 97,180 "173";
174 0 0 249,253 "174";
175 2 0 102,167 "175";
176 1 0 242,277 "176";
177 2 1 28,160 "177";
178 2 1 126,139 "178";
179 2 1 127,264 "179";
180 2 1 105,124 "180";
181 0 0 209,260 "181";
182 1 0 115,154 "182";
183 0 1 167,286 "183";
184 1 1 253,257 "184";
185 2 1 115,162 "185";
186 0 1 178,273 "186";
187 1 0 62,148 "187";
188 0 0 24,98 "188";
189 0 0 58,238 "189";
190 0 1 30,36 "190";
191 2 0 150,240 "191";
192 2 1 98,154 "192";
193 1 1 113,282 "193";
194 0 1 119,266 "194";
195 2 1 52,202 "195";
196 2 1 132,257 "196";
197 0 1 41,70 "197";
198 2 0 31,238 "198";
199 0 1 241,264 "199";
200 1 0 21,178 "200";
201 1 1 82,117 "201";
202 0 0 141,247 "202";
203 1 0 139,197 "203";
204 0 1 80,196 "204";
205 2 1 174,189 "205";
206 2 0 88,223 "206";
207 2 1 34,185 "207";
208 0 0 210,252 "208";
209 2 1 144,233 "209";
210 2 1 147,221 "210";
211 1 0 13,177 "211";
212 2 0 70,107 "212";
213 2 0 111,152 "213";
214 2 0 172,286 "214";
215 2 1 23,76 "215";
216 2 0 41,250 "216";
217 2 1 101,110 "217";
218 1 1 147,256 "218";
219 1 1 49,121 "219";
220 0 1 240,254 "220";
221 0 0 158,213 "221";
222 1 1 141,263 "222";
223 1 1 50,144 "223";
224 1 0 93,195 "224";
225 2 1 116,237 "225";
226 0 1 147,199 "226";
227 1 0 254,263 "227";
228 0 0 160,187 "228";
229 0 0 217,242 "229";
230 0 1 26,143 "230";
231 1 1 135,174 "231";
232 1 0 17,30 "232";
233 0 0 170,280 "233";
234 2 1 15,226 "234";
235 0 0 123,220 "235";
236 1 1 142,233 "236";
237 0 0 83,201 "237";
238 2 1 12,219 "238";
239 2 0 42,113 "239";
240 2 1 114,178 "240";
241 2 0 73,221 "241";
242 1 1 79,197 "242";
243 2 1 153,161 "243";
244 1 0 102,183 "244";
245 2 1 57,153 "245";
246 0 1 195,238 "246";
247 2 0 74,208 "247";
248 2 1 134,216 "248";
249 2 0 26,217 "249";
250 2 0 152,215 "250";
251 1 0 130,267 "251";
252 1 1 32,270 "252";
253 1 1 209,288 "253";
254 1 0 247,289 "254";
255 1 0 102,111 "255";
256 0 1 35,146 "256";
257 1 0 15,217 "257";
258 0 0 42,247 "258";
259 0 1 120,137 "259";
260 0 1 47,275 "260";
261 0 0 252,271 "261";
262 0 1 0,13 "262";
263 0 0 34,133 "263";
264 1 1 33,245 "264";
265 1 0 55,174 "265";
266 1 1 93,233 "266";
267 2 1 61,63 "267";
268 2 0 15,119 "268";
269 1 0 12,42 "269";
270 1 1 66,106 "270";
271 1 0 4,95 "271";
272 1 1 86,197 "272";
273 2 1 9,27 "273";
274 2 1 186,249 "274";
275 1 1 55,287 "275";
276 1 1 121,247 "276";
277 1 1 97,235 "277";
278 1 1 95,149 "278";
279 1 1 184,266 "279";
280 0 0 258,261 "280";
281 1 0 160,283 "281";
282 0 1 52,250 "282";
283 0 0 78,139 "283";
284 2 1 104,167 "284";
285 1 0 82,234 "285";
286 0 1 191,275 "286";
287 0 1 114,147 "287";
288 2 1 206,283 "288";
289 0 1 214,223 "289";
