parity 204;
0 2 0 119,147 "0";
1 0 0 30,169 "1";
2 1 0 57,88 "2";
3 1 0 37,39 "3";
4 2 0 147,184 "4";
5 1 0 20,43 "5";
6 2 1 53,164 "6";
7 0 1 27,104 "7";
8 0 1 43,156 "8";
9 0 0 0,159 "9";
10 1 1 21,136 "10";
11 1 1 56,139 "11";
12 2 0 6,182 "12";
13 1 1 113,133 "13";
14 1 0 65,72 "14";
15 2 0 17,184 "15";
16 1 1 62,106 "16";
17 2 1 108,164 "17";
18 1 0 145,164 "18";
19 1 1 6,175 "19";
20 1 1 90,149 "20";
21 0 1 114,136 "21";
22 0 0 39,115 "22";
23 1 1 49,143 "23";
24 0 0 124,138 "24";
25 1 0 69,161 "25";
26 1 0 45,107 "26";
27 2 1 76,95 "27";
28 1 1 101,166 "28";
29 1 0 37,185 "29";
30 1 1 34,178 "30";
31 2 1 12,198 "31";
32 1 1 38,151 "32";
33 2 1 11,94 "33";
34 0 1 93,183 "34";
35 0 0 5,174 "35";
36 0 1 151,194 "36";
37 2 0 99,176 "37";
38 1 1 21,195 "38";
39 2 1 24,74 "39";
40 0 0 52,163 "40";
41 2 1 2,63 "41";
42 0 0 43,61 "42";
43 0 1 8,160 "43";
44 2 0 1,60 "44";
45 1 1 24,201 "45";
46 1 0 20,151 "46";
47 0 1 90,196 "47";
48 1 1 37,49 "48";
49 1 1 9,61 "49";
50 1 0 127,132 "50";
51 1 0 81,187 "51";
52 2 0 91,163 "52";
53 0 1 11,99 "53";
54 1 0 139,153 "54";
55 0 1 50,95 "55";
56 2 1 123,183 "56";
57 2 1 70,102 "57";
58 2 0 82,154 "58";
59 2 0 5,15 "59";
60 1 0 7,57 "60";
61 0 1 181,190 "61";
62 1 0 43,114 "62";
63 0 1 50,161 "63";
64 2 1 176,185 "64";
65 2 1 23,78 "65";
66 0 0 29,49 "66";
67 2 1 108,109 "67";
68 2 0 93,184 "68";
69 2 1 83,122 "69";
70 0 1 78,102 "70";
71 0 0 84,96 "71";
72 1 0 25,87 "72";
73 1 0 137,152 "73";
74 1 0 81,140 "74";
75 1 1 93,128 "75";
76 2 0 3,30 "76";
77 1 1 2,125 "77";
78 0 0 127,194 "78";
79 0 1 25,196 "79";
80 1 1 91,164 "80";
81 2 1 0,185 "81";
82 1 0 29,197 "82";
83 0 0 27,132 "83";
84 2 1 72,74 "84";
85 1 0 9,99 "85";
86 1 1 62,157 "86";
87 2 1 150,188 "87";
88 1 1 32,143 "88";
89 1 0 82,204 "89";
90 0 1 158,182 "90";
91 0 1 140,155 "91";
92 0 1 46,157 "92";
93 0 0 21,184 "93";
94 2 0 169,194 "94";
95 0 0 83,157 "95";
96 2 0 39,47 "96";
97 0 0 12,120 "97";
98 0 1 113,118 "98";
99 0 0 11,105 "99";
100 1 1 71,162 "100";
101 0 1 6,61 "101";
102 2 0 58,60 "102";
103 2 0 88,155 "103";
104 2 1 87,139 "104";
105 0 1 99,153 "105";
106 1 1 167,197 "106";
107 0 1 52,77 "107";
108 2 1 19,156 "108";
109 1 0 80,90 "109";
110 2 0 98,192 "110";
111 1 0 50,82 "111";
112 1 1 23,150 "112";
113 2 1 5,136 "113";
114 1 1 52,53 "114";
115 2 0 30,107 "115";
116 1 0 21,140 "116";
117 1 0 73,198 "117";
118 2 1 80,198 "118";
119 0 0 39,152 "119";
120 1 1 22,134 "120";
121 1 0 8,13 "121";
122 0 0 21,72 "122";
123 2 1 4,17 "123";
124 1 1 7,34 "124";
125 2 1 38,83 "125";
126 2 0 8,193 "126";
127 1 0 103,152 "127";
128 0 1 35,179 "128";
129 1 0 81,169 "129";
130 1 0 22,73 "130";
131 2 1 101,172 "131";
132 0 1 79,90 "132";
133 0 0 116,176 "133";
134 1 1 135,138 "134";
135 1 0 80,89 "135";
136 2 0 160,189 "136";
137 1 1 7,194 "137";
138 0 1 61,120 "138";
139 0 1 90,133 "139";
140 2 0 45,101 "140";
141 1 1 153,181 "141";
142 2 1 6,144 "142";
143 0 1 86,174 "143";
144 1 0 6,116 "144";
145 1 0 57,64 "145";
146 1 1 54,134 "146";
147 1 1 27,165 "147";
148 1 0 131,188 "148";
149 2 1 24,89 "149";
150 2 0 180,199 "150";
151 0 0 50,159 "151";
152 2 0 3,15 "152";
153 0 0 33,139 "153";
154 2 0 50,153 "154";
155 1 0 19,180 "155";
156 2 1 140,143 "156";
157 0 0 145,185 "157";
158 2 0 57,121 "158";
159 2 0 149,197 "159";
160 0 0 18,127 "160";
161 2 1 136,155 "161";
162 0 1 1,181 "162";
163 1 0 148,185 "163";
164 2 1 52,154 "164";
165 2 1 24,111 "165";
166 0 0 25,137 "166";
167 2 1 6,157 "167";
168 2 1 20,65 "168";
169 0 1 62,121 "169";
170 0 1 53,203 "170";
171 1 0 8,193 "171";
172 2 1 55,88 "172";
173 1 1 63,66 "173";
174 0 1 46,49 "174";
175 2 1 12,27 "175";
176 2 0 77,159 "176";
177 0 1 13,201 "177";
178 2 0 8,64 "178";
179 1 0 7,192 "179";
180 1 1 166,181 "180";
181 1 0 39,108 "181";
182 2 1 46,144 "182";
183 0 1 166,202 "183";
184 2 1 61,129 "184";
185 0 0 79,119 "185";
186 2 1 71,154 "186";
187 2 1 116,190 "187";
188 0 1 22,37 "188";
189 2 1 5,32 "189";
190 1 1 68,176 "190";
191 0 0 125,140 "191";
192 1 0 57,183 "192";
193 0 0 31,100 "193";
194 2 0 42,189 "194";
195 2 0 39,142 "195";
196 1 0 37,91 "196";
197 2 0 7,171 "197";
198 1 1 10,179 "198";
199 2 0 83,136 "199";
200 0 1 47,130 "200";
201 1 1 6,182 "201";
202 1 1 66,163 "202";
203 0 1 24,40 "203";
204 1 0 41,138 "204";
