parity 254;
0 1 1 251,254 "0";
1 2 0 193,251 "1";
2 2 1 95,217 "2";
3 0 1 22,114 "3";
4 0 1 44,140 "4";
5 2 1 207,217 "5";
6 0 0 12,121 "6";
7 2 1 5,187 "7";
8 0 1 65,235 "8";
9 0 1 61,81 "9";
10 2 0 19,81 "10";
11 0 0 213,234 "11";
12 1 1 51,181 "12";
13 1 0 99,144 "13";
14 1 1 45,134 "14";
15 2 0 127,148 "15";
16 1 1 61,77 "16";
17 1 1 142,175 "17";
18 0 1 89,113 "18";
19 0 1 24,207 "19";
20 1 1 181,213 "20";
21 1 1 10,189 "21";
22 2 0 63,246 "22";
23 1 1 13,83 "23";
24 0 1 226,232 "24";
25 2 0 37,112 "25";
26 1 0 74,246 "26";
27 1 0 86,249 "27";
28 0 0 176,251 "28";
29 0 0 48,237 "29";
30 1 1 178,201 "30";
31 0 1 38,117 "31";
32 2 0 123,223 "32";
33 2 0 57,202 "33";
34 0 0 9,109 "34";
35 2 0 24,130 "35";
36 0 1 100,139 "36";
37 0 1 88,190 "37";
38 0 0 103,252 "38";
39 2 0 73,167 "39";
40 2 1 133,150 "40";
41 0 1 53,60 "41";
42 0 0 54,176 "42";
43 2 1 99,193 "43";
44 0 0 175,203 "44";
45 0 1 125,173 "45";
46 2 1 216,249 "46";
47 0 0 95,159 "47";
48 0 0 31,110 "48";
49 0 0 194,233 "49";
50 2 0 48,88 "50";
51 1 1 94,102 "51";
52 2 1 90,206 "52";
53 0 0 15,63 "53";
54 2 1 207,230 "54";
55 0 0 165,186 "55";
56 2 0 14,174 "56";
57 1 0 63,147 "57";
58 0 0 4,110 "58";
59 0 1 93,179 "59";
60 0 0 207,231 "60";
61 1 0 9,41 "61";
62 0 0 151,222 "62";
63 2 1 103,236 "63";
64 1 0 62,249 "64";
65 0 0 131,168 "65";
66 2 0 97,162 "66";
67 0 1 101,183 "67";
68 1 0 73,77 "68";
69 1 1 0,81 "69";
70 1 1 130,209 "70";
71 2 0 48,121 "71";
72 2 0 68,181 "72";
73 0 1 184,252 "73";
74 2 0 100,123 "74";
75 2 0 142,172 "75";
76 1 0 74,86 "76";
77 2 1 196,253 "77";
78 1 0 39,64 "78";
79 0 1 2,202 "79";
80 0 0 165,168 "80";
81 0 0 90,156 "81";
82 2 1 143,238 "82";
83 2 1 165,200 "83";
84 2 0 9,61 "84";
85 2 1 46,165 "85";
86 0 1 64,99 "86";
87 1 1 28,130 "87";
88 2 1 184,206 "88";
89 0 1 24,239 "89";
90 1 1 11,142 "90";
91 0 1 74,236 "91";
92 0 1 118,155 "92";
93 0 1 107,156 "93";
94 0 0 116,159 "94";
95 2 0 128,145 "95";
96 1 1 187,251 "96";
97 0 1 78,90 "97";
98 1 0 38,190 "98";
99 0 1 36,220 "99";
100 1 1 185,204 "100";
101 0 1 106,199 "101";
102 0 1 35,115 "102";
103 0 0 149,244 "103";
104 1 0 168,194 "104";
105 1 0 80,251 "105";
106 2 1 76,152 "106";
107 0 1 38,175 "107";
108 0 0 157,232 "108";
109 2 1 80,84 "109";
110 2 0 212,248 "110";
111 1 0 155,182 "111";
112 0 1 94,125 "112";
113 1 1 33,227 "113";
114 0 1 9,31 "114";
115 2 0 19,231 "115";
116 0 1 81,181 "116";
117 1 1 212,232 "117";
118 0 1 50,206 "118";
119 1 1 0,130 "119";
120 1 0 157,196 "120";
121 0 0 12,91 "121";
122 0 0 64,151 "122";
123 1 1 52,245 "123";
124 1 1 127,147 "124";
125 2 0 9,200 "125";
126 0 1 3,98 "126";
127 0 1 186,216 "127";
128 0 1 76,85 "128";
129 0 0 63,196 "129";
130 1 1 63,129 "130";
131 2 0 101,188 "131";
132 0 1 96,154 "132";
133 0 0 81,150 "133";
134 1 1 172,217 "134";
135 0 0 185,191 "135";
136 1 1 40,182 "136";
137 0 0 177,191 "137";
138 1 1 100,119 "138";
139 0 1 53,234 "139";
140 1 1 157,163 "140";
141 2 1 78,249 "141";
142 0 1 92,143 "142";
143 2 0 75,213 "143";
144 2 1 115,244 "144";
145 0 0 14,75 "145";
146 1 0 140,196 "146";
147 0 1 5,236 "147";
148 0 0 28,209 "148";
149 0 0 58,253 "149";
150 0 1 94,251 "150";
151 0 1 20,44 "151";
152 2 0 159,190 "152";
153 1 0 166,244 "153";
154 2 0 29,106 "154";
155 1 1 76,242 "155";
156 1 0 10,254 "156";
157 1 1 55,185 "157";
158 2 1 107,208 "158";
159 1 1 59,61 "159";
160 2 1 34,208 "160";
161 1 0 106,215 "161";
162 0 1 19,147 "162";
163 2 0 33,104 "163";
164 0 1 62,106 "164";
165 2 1 131,198 "165";
166 1 1 21,181 "166";
167 0 1 159,183 "167";
168 0 1 99,120 "168";
169 2 1 56,155 "169";
170 0 1 83,166 "170";
171 2 0 193,238 "171";
172 2 1 2,140 "172";
173 0 1 220,245 "173";
174 2 0 176,214 "174";
175 1 0 127,218 "175";
176 0 0 77,216 "176";
177 2 1 47,213 "177";
178 2 0 161,224 "178";
179 2 0 85,101 "179";
180 1 0 58,99 "180";
181 0 1 39,173 "181";
182 0 1 0,17 "182";
183 2 1 140,184 "183";
184 1 0 114,214 "184";
185 0 0 22,65 "185";
186 2 0 41,105 "186";
187 0 1 176,250 "187";
188 1 1 90,122 "188";
189 0 0 77,134 "189";
190 0 1 173,244 "190";
191 1 1 65,123 "191";
192 0 1 87,124 "192";
193 0 1 54,232 "193";
194 1 1 8,233 "194";
195 1 1 36,102 "195";
196 2 0 103,240 "196";
197 1 0 58,214 "197";
198 2 0 10,188 "198";
199 0 0 67,202 "199";
200 0 1 89,112 "200";
201 2 1 90,185 "201";
202 1 1 15,186 "202";
203 2 1 127,226 "203";
204 0 1 31,232 "204";
205 0 0 45,253 "205";
206 0 1 125,238 "206";
207 1 0 159,214 "207";
208 2 0 104,145 "208";
209 2 1 90,138 "209";
210 0 0 45,88 "210";
211 1 0 199,200 "211";
212 2 0 116,220 "212";
213 2 0 174,217 "213";
214 2 0 8,76 "214";
215 2 0 9,165 "215";
216 0 1 43,192 "216";
217 1 1 111,115 "217";
218 2 1 73,222 "218";
219 1 0 75,150 "219";
220 2 0 188,234 "220";
221 2 1 40,140 "221";
222 0 0 54,138 "222";
223 1 0 160,229 "223";
224 0 0 37,234 "224";
225 2 1 193,237 "225";
226 2 0 5,144 "226";
227 1 1 83,154 "227";
228 2 0 129,212 "228";
229 2 1 127,224 "229";
230 1 0 32,129 "230";
231 1 0 170,212 "231";
232 0 0 65,145 "232";
233 2 1 37,249 "233";
234 1 0 146,244 "234";
235 2 0 7,191 "235";
236 2 1 15,244 "236";
237 2 1 137,145 "237";
238 0 1 14,192 "238";
239 2 1 181,250 "239";
240 0 0 116,183 "240";
241 0 0 108,123 "241";
242 1 1 164,203 "242";
243 1 1 71,221 "243";
244 1 0 45,52 "244";
245 2 0 1,75 "245";
246 0 0 15,233 "246";
247 2 0 25,138 "247";
248 0 0 7,99 "248";
249 2 1 18,159 "249";
250 0 1 12,41 "250";
251 1 0 160,216 "251";
252 0 1 123,156 "252";
253 2 0 100,228 "253";
254 0 1 78,227 "254";
