parity 289;
0 2 1 15,114 "0";
1 0 1 115,174 "1";
2 0 0 156,210 "2";
3 2 0 9,211 "3";
4 0 1 278,287 "4";
5 0 1 93,219 "5";
6 1 0 149,172 "6";
7 0 0 8,112 "7";
8 1 0 243,257 "8";
9 0 1 227,289 "9";
10 0 1 1,232 "10";
11 1 1 42,251 "11";
12 0 1 55,116 "12";
13 0 1 165,267 "13";
14 0 1 84,101 "14";
15 2 1 5,214 "15";
16 2 1 30,167 "16";
17 1 1 46,202 "17";
18 2 0 53,59 "18";
19 1 1 132,241 "19";
20 1 0 1,23 "20";
21 0 1 75,237 "21";
22 1 0 32,144 "22";
23 2 0 141,192 "23";
24 0 0 7,255 "24";
25 1 0 51,283 "25";
26 2 0 16,151 "26";
27 2 0 104,196 "27";
28 0 1 77,260 "28";
29 0 0 188,199 "29";
30 1 0 33,140 "30";
31 0 0 14,161 "31";
32 2 0 143,253 "32";
33 1 1 49,269 "33";
34 2 0 161,243 "34";
35 1 1 127,154 "35";
36 0 0 83,273 "36";
37 2 0 20,122 "37";
38 1 1 116,247 "38";
39 1 1 205,281 "39";
40 2 0 30,152 "40";
41 2 0 130,202 "41";
42 1 0 184,223 "42";
43 2 0 19,171 "43";
44 0 0 140,165 "44";
45 1 1 72,78 "45";
46 0 1 58,120 "46";
47 0 0 24,149 "47";
48 0 1 204,247 "48";
49 2 0 121,128 "49";
50 2 0 44,132 "50";
51 0 0 158,271 "51";
52 0 0 86,259 "52";
53 1 1 116,183 "53";
54 1 1 189,266 "54";
55 2 0 184,221 "55";
56 0 1 34,58 "56";
57 2 0 35,36 "57";
58 0 1 39,170 "58";
59 0 0 31,256 "59";
60 1 0 74,252 "60";
61 0 1 25,27 "61";
62 0 0 12,129 "62";
63 1 1 4,278 "63";
64 0 1 117,222 "64";
65 0 1 7,288 "65";
66 1 0 4,209 "66";
67 2 0 19,84 "67";
68 2 1 155,273 "68";
69 2 1 93,212 "69";
70 2 0 83,156 "70";
71 2 1 20,250 "71";
72 2 1 162,234 "72";
73 2 0 42,84 "73";
74 0 0 95,118 "74";
75 2 1 143,191 "75";
76 0 1 100,163 "76";
77 1 0 213,250 "77";
78 0 0 193,245 "78";
79 0 1 25,166 "79";
80 2 1 209,236 "80";
81 0 0 208,260 "81";
82 0 0 203,285 "82";
83 2 1 93,150 "83";
84 2 1 213,276 "84";
85 2 1 5,260 "85";
86 1 1 89,108 "86";
87 0 0 67,96 "87";
88 1 1 99,205 "88";
89 0 0 39,205 "89";
90 2 1 143,239 "90";
91 2 1 4,151 "91";
92 2 0 25,231 "92";
93 2 1 25,109 "93";
94 2 1 7,67 "94";
95 0 0 126,267 "95";
96 2 0 15,114 "96";
97 0 0 28,129 "97";
98 1 1 8,246 "98";
99 0 0 206,281 "99";
100 2 1 106,230 "100";
101 2 0 70,152 "101";
102 2 1 142,166 "102";
103 2 0 153,198 "103";
104 2 1 209,271 "104";
105 2 0 139,224 "105";
106 2 1 1,153 "106";
107 2 0 183,215 "107";
108 2 0 60,171 "108";
109 2 1 157,206 "109";
110 0 1 93,127 "110";
111 0 1 83,181 "111";
112 1 1 13,287 "112";
113 1 1 25,246 "113";
114 0 1 149,265 "114";
115 2 1 73,193 "115";
116 1 1 27,162 "116";
117 1 0 84,263 "117";
118 1 1 115,213 "118";
119 2 1 72,127 "119";
120 0 1 10,181 "120";
121 0 0 253,276 "121";
122 0 0 51,286 "122";
123 1 1 44,276 "123";
124 2 0 150,174 "124";
125 1 0 128,222 "125";
126 1 0 19,53 "126";
127 1 1 92,239 "127";
128 2 1 16,19 "128";
129 1 1 18,161 "129";
130 0 1 40,276 "130";
131 0 1 212,244 "131";
132 1 1 16,130 "132";
133 0 1 141,145 "133";
134 2 1 4,121 "134";
135 0 1 105,192 "135";
136 0 0 48,198 "136";
137 2 0 153,232 "137";
138 2 1 14,241 "138";
139 2 0 49,158 "139";
140 2 1 4,281 "140";
141 0 1 27,254 "141";
142 0 1 225,228 "142";
143 0 1 8,105 "143";
144 0 1 30,175 "144";
145 1 1 25,279 "145";
146 1 0 130,199 "146";
147 2 1 96,243 "147";
148 1 0 70,168 "148";
149 1 1 22,184 "149";
150 1 0 81,267 "150";
151 0 0 14,242 "151";
152 0 1 81,162 "152";
153 1 1 115,268 "153";
154 2 1 110,230 "154";
155 2 1 123,214 "155";
156 2 0 25,71 "156";
157 2 0 142,145 "157";
158 0 1 8,179 "158";
159 0 1 93,145 "159";
160 1 1 76,188 "160";
161 0 0 100,167 "161";
162 1 0 91,267 "162";
163 0 1 14,67 "163";
164 1 0 70,124 "164";
165 0 1 137,205 "165";
166 0 1 225,239 "166";
167 2 0 100,173 "167";
168 1 1 172,211 "168";
169 0 1 121,245 "169";
170 2 0 145,151 "170";
171 0 0 35,208 "171";
172 2 0 96,275 "172";
173 1 1 13,254 "173";
174 0 0 224,258 "174";
175 2 1 181,276 "175";
176 0 1 60,156 "176";
177 0 0 90,143 "177";
178 0 1 89,205 "178";
179 0 0 135,138 "179";
180 2 0 147,190 "180";
181 2 0 72,157 "181";
182 2 0 126,203 "182";
183 2 0 11,71 "183";
184 0 0 102,147 "184";
185 1 1 8,280 "185";
186 1 0 48,81 "186";
187 2 1 71,218 "187";
188 2 0 200,281 "188";
189 1 0 211,275 "189";
190 0 0 218,286 "190";
191 1 0 73,138 "191";
192 1 0 120,229 "192";
193 0 0 198,247 "193";
194 2 1 174,212 "194";
195 1 1 20,25 "195";
196 2 0 4,115 "196";
197 1 1 153,245 "197";
198 2 1 91,136 "198";
199 0 1 172,218 "199";
200 2 0 93,96 "200";
201 0 0 12,239 "201";
202 0 0 102,188 "202";
203 2 1 11,23 "203";
204 1 1 145,270 "204";
205 0 1 66,139 "205";
206 1 0 117,194 "206";
207 0 1 16,129 "207";
208 2 0 185,257 "208";
209 0 0 49,60 "209";
210 2 1 29,251 "210";
211 0 0 161,250 "211";
212 2 1 51,79 "212";
213 2 0 80,253 "213";
214 2 0 132,280 "214";
215 1 0 39,214 "215";
216 2 0 99,279 "216";
217 2 1 13,17 "217";
218 0 1 3,146 "218";
219 0 1 47,244 "219";
220 2 0 39,60 "220";
221 2 0 58,244 "221";
222 2 1 122,151 "222";
223 2 0 30,135 "223";
224 0 1 16,109 "224";
225 1 1 86,164 "225";
226 0 1 34,71 "226";
227 1 0 85,94 "227";
228 2 1 71,164 "228";
229 0 1 73,195 "229";
230 0 1 216,289 "230";
231 1 0 84,139 "231";
232 1 0 249,285 "232";
233 2 0 185,237 "233";
234 2 1 193,204 "234";
235 1 0 239,270 "235";
236 0 0 158,240 "236";
237 1 1 87,119 "237";
238 0 0 88,108 "238";
239 1 0 0,258 "239";
240 2 0 55,213 "240";
241 2 1 72,269 "241";
242 1 0 8,129 "242";
243 0 0 127,273 "243";
244 1 0 54,123 "244";
245 0 1 129,240 "245";
246 2 0 60,230 "246";
247 2 1 22,256 "247";
248 0 1 57,247 "248";
249 0 1 140,152 "249";
250 1 0 26,261 "250";
251 2 1 163,280 "251";
252 2 0 253,265 "252";
253 1 0 224,264 "253";
254 1 0 40,243 "254";
255 1 1 194,259 "255";
256 0 1 36,138 "256";
257 0 1 219,241 "257";
258 2 0 37,211 "258";
259 2 1 118,288 "259";
260 2 1 105,285 "260";
261 1 0 214,220 "261";
262 2 1 219,237 "262";
263 0 1 151,264 "263";
264 2 0 235,279 "264";
265 1 0 38,117 "265";
266 1 0 29,126 "266";
267 1 0 248,251 "267";
268 1 1 86,136 "268";
269 1 1 75,185 "269";
270 0 0 107,186 "270";
271 2 1 157,161 "271";
272 1 1 89,249 "272";
273 0 1 152,197 "273";
274 2 1 207,288 "274";
275 1 0 246,251 "275";
276 2 1 136,160 "276";
277 0 1 4,222 "277";
278 1 0 257,276 "278";
279 2 1 40,175 "279";
280 2 1 74,104 "280";
281 0 0 5,226 "281";
282 0 0 190,230 "282";
283 1 0 94,189 "283";
284 2 0 21,166 "284";
285 2 1 9,263 "285";
286 0 1 32,230 "286";
287 1 0 96,126 "287";
288 1 0 123,196 "288";
289 2 0 17,213 "289";
