parity 284;
0 2 1 107,131 "0";
1 0 1 70,107 "1";
2 2 1 48,205 "2";
3 1 1 188,247 "3";
4 1 0 71,134 "4";
5 2 0 44,219 "5";
6 0 1 50,117 "6";
7 1 0 16,98 "7";
8 1 1 249,279 "8";
9 1 1 45,258 "9";
10 2 0 181,284 "10";
11 2 0 84,253 "11";
12 0 0 140,156 "12";
13 2 1 205,224 "13";
14 0 1 92,212 "14";
15 2 0 102,178 "15";
16 1 0 64,218 "16";
17 2 1 247,279 "17";
18 0 0 173,235 "18";
19 0 1 8,279 "19";
20 1 1 65,241 "20";
21 1 1 264,283 "21";
22 1 0 32,88 "22";
23 0 0 112,119 "23";
24 0 1 112,234 "24";
25 2 1 14,168 "25";
26 1 0 133,205 "26";
27 0 1 16,198 "27";
28 1 1 48,161 "28";
29 2 1 141,246 "29";
30 0 1 39,228 "30";
31 1 1 68,232 "31";
32 1 0 28,282 "32";
33 2 0 102,128 "33";
34 0 1 28,245 "34";
35 2 1 152,271 "35";
36 0 0 53,214 "36";
37 1 0 249,280 "37";
38 0 0 20,94 "38";
39 0 0 260,262 "39";
40 0 0 184,249 "40";
41 0 1 104,214 "41";
42 0 1 103,240 "42";
43 0 0 246,274 "43";
44 0 0 155,220 "44";
45 1 1 15,203 "45";
46 1 1 131,172 "46";
47 0 0 235,266 "47";
48 1 0 177,273 "48";
49 2 1 89,199 "49";
50 2 0 52,133 "50";
51 1 0 72,167 "51";
52 0 0 39,180 "52";
53 2 0 24,221 "53";
54 1 0 29,55 "54";
55 1 0 10,213 "55";
56 1 1 67,278 "56";
57 1 1 150,203 "57";
58 2 1 70,281 "58";
59 2 1 97,202 "59";
60 2 0 218,222 "60";
61 1 1 13,222 "61";
62 2 1 190,239 "62";
63 1 0 44,145 "63";
64 1 0 11,104 "64";
65 1 0 171,206 "65";
66 2 1 146,168 "66";
67 0 1 159,185 "67";
68 2 1 100,109 "68";
69 1 1 150,214 "69";
70 0 1 96,100 "70";
71 0 1 90,188 "71";
72 0 0 104,247 "72";
73 0 1 100,139 "73";
74 1 0 77,145 "74";
75 2 0 161,284 "75";
76 2 0 96,174 "76";
77 1 0 7,31 "77";
78 0 0 105,122 "78";
79 1 1 2,102 "79";
80 0 1 85,262 "80";
81 1 1 98,175 "81";
82 0 0 75,236 "82";
83 2 1 111,227 "83";
84 0 0 37,256 "84";
85 1 0 35,40 "85";
86 1 0 211,218 "86";
87 2 1 208,270 "87";
88 1 1 60,254 "88";
89 2 1 142,155 "89";
90 1 0 233,258 "90";
91 1 1 90,121 "91";
92 1 0 24,158 "92";
93 0 0 48,79 "93";
94 1 1 5,80 "94";
95 2 0 73,192 "95";
96 2 1 67,88 "96";
97 0 0 23,282 "97";
98 1 0 142,279 "98";
99 2 0 188,271 "99";
100 0 0 118,148 "100";
101 2 1 126,152 "101";
102 0 1 75,208 "102";
103 1 1 21,229 "103";
104 0 0 15,73 "104";
105 0 0 145,210 "105";
106 1 1 0,25 "106";
107 0 1 125,219 "107";
108 1 0 22,99 "108";
109 2 0 165,219 "109";
110 0 0 269,283 "110";
111 0 1 71,205 "111";
112 1 0 93,206 "112";
113 0 1 127,147 "113";
114 2 0 43,146 "114";
115 1 1 85,232 "115";
116 0 1 36,131 "116";
117 1 1 23,96 "117";
118 0 0 27,117 "118";
119 0 1 98,245 "119";
120 0 1 104,133 "120";
121 0 1 165,230 "121";
122 1 1 29,108 "122";
123 2 0 16,206 "123";
124 1 1 214,244 "124";
125 2 1 94,222 "125";
126 0 0 12,65 "126";
127 0 1 89,109 "127";
128 2 0 52,204 "128";
129 0 0 27,106 "129";
130 2 1 137,254 "130";
131 2 0 199,228 "131";
132 2 1 88,170 "132";
133 2 1 2,12 "133";
134 0 0 14,180 "134";
135 2 1 111,145 "135";
136 0 0 52,154 "136";
137 2 1 99,240 "137";
138 2 0 53,243 "138";
139 1 0 37,134 "139";
140 0 1 1,15 "140";
141 2 1 18,161 "141";
142 2 0 167,252 "142";
143 1 0 31,189 "143";
144 2 1 81,254 "144";
145 1 1 18,52 "145";
146 1 0 136,159 "146";
147 0 0 171,260 "147";
148 1 0 201,211 "148";
149 1 1 84,167 "149";
150 0 0 148,216 "150";
151 0 0 98,267 "151";
152 0 0 91,237 "152";
153 1 1 29,227 "153";
154 2 0 18,114 "154";
155 2 1 214,275 "155";
156 1 1 209,280 "156";
157 2 0 28,220 "157";
158 0 0 114,203 "158";
159 0 1 157,231 "159";
160 1 0 102,242 "160";
161 1 1 0,58 "161";
162 1 1 102,263 "162";
163 0 0 119,247 "163";
164 2 1 56,232 "164";
165 0 1 66,67 "165";
166 2 0 20,251 "166";
167 1 1 52,147 "167";
168 0 1 197,282 "168";
169 2 1 123,164 "169";
170 0 0 40,257 "170";
171 2 1 134,249 "171";
172 1 1 99,228 "172";
173 1 1 92,250 "173";
174 2 0 110,197 "174";
175 0 1 221,260 "175";
176 0 0 52,107 "176";
177 2 0 180,226 "177";
178 0 1 21,75 "178";
179 0 1 5,117 "179";
180 2 1 69,107 "180";
181 0 1 108,194 "181";
182 0 0 95,96 "182";
183 1 1 61,120 "183";
184 0 1 65,157 "184";
185 2 0 28,279 "185";
186 0 0 81,222 "186";
187 2 0 10,114 "187";
188 0 0 50,276 "188";
189 0 0 135,158 "189";
190 1 1 4,242 "190";
191 2 1 63,260 "191";
192 2 1 143,210 "192";
193 2 0 80,210 "193";
194 2 1 105,170 "194";
195 2 1 18,213 "195";
196 0 0 111,231 "196";
197 1 1 135,143 "197";
198 2 1 153,194 "198";
199 2 1 148,151 "199";
200 0 1 4,242 "200";
201 2 1 168,190 "201";
202 2 0 9,264 "202";
203 0 1 67,114 "203";
204 1 0 197,257 "204";
205 1 0 113,201 "205";
206 2 1 95,102 "206";
207 1 0 17,190 "207";
208 0 1 63,115 "208";
209 0 1 51,63 "209";
210 1 1 64,123 "210";
211 1 0 100,238 "211";
212 2 1 59,283 "212";
213 0 1 198,201 "213";
214 2 1 88,210 "214";
215 1 0 44,178 "215";
216 0 0 126,178 "216";
217 0 1 201,251 "217";
218 1 0 15,181 "218";
219 0 1 58,111 "219";
220 0 0 76,151 "220";
221 0 0 95,101 "221";
222 0 1 79,191 "222";
223 2 0 104,123 "223";
224 2 1 133,175 "224";
225 0 1 128,269 "225";
226 2 0 120,171 "226";
227 2 0 80,279 "227";
228 1 0 187,255 "228";
229 0 1 60,138 "229";
230 2 1 39,284 "230";
231 1 1 67,75 "231";
232 0 1 9,267 "232";
233 1 0 8,240 "233";
234 1 1 153,183 "234";
235 2 1 211,236 "235";
236 0 1 62,248 "236";
237 2 1 18,268 "237";
238 1 0 82,255 "238";
239 0 1 179,276 "239";
240 2 0 14,116 "240";
241 2 1 93,252 "241";
242 2 0 37,104 "242";
243 0 1 0,80 "243";
244 0 0 43,209 "244";
245 2 0 128,187 "245";
246 0 0 44,273 "246";
247 0 1 93,156 "247";
248 2 0 50,166 "248";
249 1 1 115,162 "249";
250 1 0 34,242 "250";
251 0 0 18,19 "251";
252 0 1 34,55 "252";
253 1 1 9,210 "253";
254 1 1 11,51 "254";
255 1 0 99,120 "255";
256 1 1 86,264 "256";
257 2 1 141,212 "257";
258 1 1 5,237 "258";
259 0 0 174,183 "259";
260 2 0 172,187 "260";
261 0 1 133,276 "261";
262 0 1 31,77 "262";
263 0 0 40,42 "263";
264 2 0 121,242 "264";
265 0 1 28,63 "265";
266 2 0 22,185 "266";
267 2 1 42,157 "267";
268 1 0 133,173 "268";
269 2 1 45,82 "269";
270 0 1 91,176 "270";
271 0 0 30,90 "271";
272 2 1 18,35 "272";
273 1 0 98,198 "273";
274 2 1 133,175 "274";
275 2 1 39,244 "275";
276 1 0 99,204 "276";
277 0 1 57,191 "277";
278 1 1 174,217 "278";
279 0 0 143,271 "279";
280 2 0 81,179 "280";
281 2 0 51,239 "281";
282 0 0 208,247 "282";
283 0 1 113,171 "283";
284 2 0 30,131 "284";
