parity 254;
0 1 0 121,134 "0";
1 2 1 179,231 "1";
2 0 0 218,238 "2";
3 2 0 139,212 "3";
4 2 0 15,231 "4";
5 0 1 37,152 "5";
6 1 1 223,241 "6";
7 0 0 142,146 "7";
8 0 1 102,132 "8";
9 0 0 47,86 "9";
10 1 0 98,217 "10";
11 0 0 200,222 "11";
12 2 1 135,166 "12";
13 1 0 0,169 "13";
14 1 0 30,165 "14";
15 1 0 23,29 "15";
16 1 1 38,137 "16";
17 1 1 188,191 "17";
18 2 1 26,55 "18";
19 1 1 29,175 "19";
20 1 1 44,249 "20";
21 1 1 161,244 "21";
22 1 0 76,83 "22";
23 2 0 99,221 "23";
24 0 0 10,175 "24";
25 0 1 58,130 "25";
26 0 0 66,180 "26";
27 2 0 100,199 "27";
28 1 1 55,105 "28";
29 2 0 35,60 "29";
30 1 0 137,218 "30";
31 2 1 123,243 "31";
32 0 1 80,212 "32";
33 0 0 134,182 "33";
34 2 1 96,246 "34";
35 2 1 69,197 "35";
36 2 0 6,65 "36";
37 0 0 97,99 "37";
38 1 1 67,194 "38";
39 2 0 188,198 "39";
40 2 0 130,140 "40";
41 2 0 20,80 "41";
42 0 1 172,198 "42";
43 0 1 42,99 "43";
44 1 1 163,241 "44";
45 1 0 84,189 "45";
46 2 0 20,208 "46";
47 1 0 127,244 "47";
48 2 0 18,40 "48";
49 2 0 109,227 "49";
50 1 0 98,175 "50";
51 2 0 2,132 "51";
52 2 0 142,216 "52";
53 0 0 24,162 "53";
54 0 0 62,160 "54";
55 1 1 84,136 "55";
56 2 1 75,165 "56";
57 0 0 66,128 "57";
58 1 0 88,241 "58";
59 2 1 107,168 "59";
60 1 0 170,246 "60";
61 1 0 3,94 "61";
62 2 0 97,167 "62";
63 2 1 78,208 "63";
64 2 1 28,191 "64";
65 2 0 68,73 "65";
66 0 0 63,170 "66";
67 1 0 167,235 "67";
68 2 0 172,224 "68";
69 1 0 155,209 "69";
70 0 1 135,196 "70";
71 1 1 82,238 "71";
72 2 0 110,175 "72";
73 2 0 51,190 "73";
74 2 1 168,225 "74";
75 0 0 91,180 "75";
76 1 0 12,248 "76";
77 2 0 132,251 "77";
78 1 1 130,186 "78";
79 0 1 41,64 "79";
80 1 1 178,194 "80";
81 0 1 59,170 "81";
82 2 0 201,231 "82";
83 0 1 80,242 "83";
84 2 0 120,161 "84";
85 2 1 209,253 "85";
86 1 1 27,30 "86";
87 1 1 191,225 "87";
88 1 1 63,241 "88";
89 2 0 221,254 "89";
90 1 1 12,253 "90";
91 0 1 10,220 "91";
92 2 1 86,112 "92";
93 2 1 210,234 "93";
94 0 0 50,101 "94";
95 1 1 45,131 "95";
96 2 1 212,251 "96";
97 0 0 82,251 "97";
98 0 0 18,81 "98";
99 0 1 8,186 "99";
100 1 1 48,99 "100";
101 2 0 100,126 "101";
102 0 0 150,221 "102";
103 1 0 126,130 "103";
104 1 1 43,229 "104";
105 0 1 24,146 "105";
106 0 1 153,179 "106";
107 1 0 0,122 "107";
108 0 1 21,74 "108";
109 0 1 136,210 "109";
110 0 1 15,52 "110";
111 1 1 32,35 "111";
112 1 1 176,254 "112";
113 0 0 220,250 "113";
114 1 1 120,200 "114";
115 0 0 12,154 "115";
116 2 0 39,225 "116";
117 2 0 1,209 "117";
118 1 1 63,86 "118";
119 0 1 16,212 "119";
120 0 1 106,118 "120";
121 2 0 42,107 "121";
122 1 1 45,251 "122";
123 1 1 160,208 "123";
124 2 0 40,73 "124";
125 2 1 121,200 "125";
126 0 0 5,162 "126";
127 2 0 14,125 "127";
128 0 0 40,236 "128";
129 1 1 190,246 "129";
130 0 1 49,57 "130";
131 1 1 28,56 "131";
132 0 1 13,32 "132";
133 0 0 59,70 "133";
134 1 1 164,232 "134";
135 1 1 25,52 "135";
136 1 0 248,249 "136";
137 1 0 39,61 "137";
138 1 1 130,157 "138";
139 2 0 116,154 "139";
140 2 0 198,235 "140";
141 1 1 81,156 "141";
142 0 1 22,190 "142";
143 2 0 95,169 "143";
144 0 1 108,191 "144";
145 2 1 14,137 "145";
146 2 0 31,51 "146";
147 1 1 106,150 "147";
148 1 0 38,86 "148";
149 1 1 77,113 "149";
150 0 1 7,21 "150";
151 0 0 55,213 "151";
152 0 0 34,176 "152";
153 1 1 172,209 "153";
154 0 1 82,182 "154";
155 2 1 13,111 "155";
156 1 1 30,201 "156";
157 2 0 86,148 "157";
158 0 0 169,227 "158";
159 2 1 119,247 "159";
160 1 1 172,196 "160";
161 2 1 107,162 "161";
162 1 0 31,169 "162";
163 1 1 111,156 "163";
164 2 1 47,130 "164";
165 1 1 46,194 "165";
166 0 0 153,186 "166";
167 1 1 53,132 "167";
168 0 0 0,187 "168";
169 2 1 80,172 "169";
170 1 1 39,229 "170";
171 2 1 167,178 "171";
172 1 0 103,138 "172";
173 1 1 194,207 "173";
174 0 1 43,84 "174";
175 1 0 210,244 "175";
176 2 1 63,75 "176";
177 1 1 112,142 "177";
178 1 0 155,192 "178";
179 1 1 8,238 "179";
180 0 1 0,9 "180";
181 1 0 71,146 "181";
182 1 0 78,252 "182";
183 1 0 181,217 "183";
184 1 1 2,108 "184";
185 0 0 41,95 "185";
186 0 1 7,98 "186";
187 0 1 9,210 "187";
188 0 0 9,98 "188";
189 2 0 69,119 "189";
190 0 1 50,240 "190";
191 2 1 84,136 "191";
192 2 1 125,213 "192";
193 0 0 49,85 "193";
194 1 0 102,229 "194";
195 0 0 176,220 "195";
196 0 0 8,145 "196";
197 2 1 113,143 "197";
198 1 1 106,124 "198";
199 0 0 93,181 "199";
200 0 1 92,93 "200";
201 0 0 11,205 "201";
202 0 1 92,194 "202";
203 1 0 71,190 "203";
204 0 1 95,156 "204";
205 2 1 10,30 "205";
206 0 0 58,105 "206";
207 1 0 170,199 "207";
208 1 0 82,124 "208";
209 1 1 59,244 "209";
210 2 0 232,233 "210";
211 1 0 145,242 "211";
212 0 0 97,177 "212";
213 1 0 52,96 "213";
214 2 0 181,239 "214";
215 2 0 187,223 "215";
216 1 0 7,195 "216";
217 1 0 22,46 "217";
218 1 1 89,165 "218";
219 2 1 19,222 "219";
220 2 1 136,242 "220";
221 0 0 199,223 "221";
222 1 0 86,166 "222";
223 1 0 113,163 "223";
224 1 0 141,226 "224";
225 1 1 46,124 "225";
226 0 1 70,98 "226";
227 1 0 18,229 "227";
228 0 1 0,235 "228";
229 1 1 24,243 "229";
230 0 0 104,192 "230";
231 1 0 153,196 "231";
232 2 1 28,44 "232";
233 0 1 103,151 "233";
234 0 0 36,186 "234";
235 0 1 58,130 "235";
236 1 1 150,183 "236";
237 0 1 12,134 "237";
238 2 0 89,116 "238";
239 0 0 150,186 "239";
240 2 0 103,235 "240";
241 0 0 39,54 "241";
242 2 0 31,83 "242";
243 2 1 28,220 "243";
244 1 0 8,107 "244";
245 0 1 108,118 "245";
246 2 1 33,154 "246";
247 1 0 62,204 "247";
248 0 0 86,143 "248";
249 0 0 91,118 "249";
250 0 1 46,213 "250";
251 0 1 171,212 "251";
252 0 1 72,238 "252";
253 0 0 187,226 "253";
254 2 1 108,159 "254";
