parity 204;
0 1 1 25,81 "0";
1 0 0 33,171 "1";
2 0 1 5,111 "2";
3 2 1 6,183 "3";
4 1 0 50,192 "4";
5 1 0 25,194 "5";
6 2 1 113,162 "6";
7 0 0 59,90 "7";
8 2 0 11,108 "8";
9 1 0 71,133 "9";
10 0 1 19,122 "10";
11 1 1 104,158 "11";
12 1 1 127,130 "12";
13 0 1 166,199 "13";
14 1 1 156,196 "14";
15 0 1 32,120 "15";
16 0 0 110,158 "16";
17 1 0 66,82 "17";
18 2 0 174,188 "18";
19 2 0 77,177 "19";
20 1 0 78,107 "20";
21 2 0 50,122 "21";
22 0 0 140,164 "22";
23 1 1 3,8 "23";
24 2 1 48,58 "24";
25 2 0 20,152 "25";
26 0 0 22,77 "26";
27 0 0 26,70 "27";
28 0 0 24,25 "28";
29 0 1 50,75 "29";
30 0 1 112,192 "30";
31 0 0 5,149 "31";
32 2 1 72,127 "32";
33 0 0 88,198 "33";
34 1 0 101,112 "34";
35 2 1 101,181 "35";
36 1 1 23,139 "36";
37 1 1 19,117 "37";
38 1 1 31,50 "38";
39 1 1 87,102 "39";
40 2 1 12,175 "40";
41 1 1 8,179 "41";
42 2 0 104,113 "42";
43 1 1 67,80 "43";
44 2 1 15,63 "44";
45 2 1 77,170 "45";
46 0 0 161,193 "46";
47 0 0 112,146 "47";
48 1 0 2,47 "48";
49 1 0 25,111 "49";
50 0 0 59,163 "50";
51 0 1 27,140 "51";
52 2 1 169,172 "52";
53 1 0 52,56 "53";
54 1 0 32,114 "54";
55 1 0 40,79 "55";
56 0 0 107,136 "56";
57 0 0 50,100 "57";
58 2 0 128,163 "58";
59 1 1 140,152 "59";
60 1 1 21,109 "60";
61 0 0 35,120 "61";
62 2 1 41,42 "62";
63 2 0 38,100 "63";
64 0 0 52,60 "64";
65 2 1 56,60 "65";
66 0 0 27,131 "66";
67 2 1 49,116 "67";
68 2 1 140,141 "68";
69 0 0 54,201 "69";
70 0 1 184,193 "70";
71 1 0 161,189 "71";
72 1 1 20,45 "72";
73 1 0 35,41 "73";
74 0 0 34,139 "74";
75 1 1 61,115 "75";
76 0 1 109,124 "76";
77 1 0 11,22 "77";
78 0 0 69,132 "78";
79 2 1 59,181 "79";
80 1 1 10,135 "80";
81 0 0 133,166 "81";
82 0 0 65,184 "82";
83 1 1 149,179 "83";
84 0 0 45,76 "84";
85 1 0 94,108 "85";
86 2 1 90,125 "86";
87 0 1 30,168 "87";
88 2 1 70,74 "88";
89 0 1 106,128 "89";
90 1 1 14,103 "90";
91 1 1 108,121 "91";
92 1 1 18,79 "92";
93 0 0 96,104 "93";
94 2 0 20,100 "94";
95 2 0 140,152 "95";
96 1 1 114,196 "96";
97 1 1 27,107 "97";
98 2 1 41,69 "98";
99 1 1 139,177 "99";
100 0 0 26,105 "100";
101 0 0 4,155 "101";
102 2 1 113,147 "102";
103 0 1 99,125 "103";
104 1 1 43,184 "104";
105 1 0 8,34 "105";
106 2 1 118,135 "106";
107 2 1 152,200 "107";
108 2 1 23,53 "108";
109 0 0 24,142 "109";
110 2 0 34,98 "110";
111 1 0 34,156 "111";
112 0 1 67,192 "112";
113 2 1 60,202 "113";
114 2 0 1,27 "114";
115 2 0 67,147 "115";
116 1 1 10,111 "116";
117 1 1 168,200 "117";
118 2 0 65,144 "118";
119 2 1 21,134 "119";
120 1 1 21,175 "120";
121 0 1 59,181 "121";
122 1 0 24,30 "122";
123 0 0 62,201 "123";
124 2 0 82,118 "124";
125 2 1 131,158 "125";
126 2 0 70,121 "126";
127 1 0 1,70 "127";
128 2 0 85,198 "128";
129 2 1 14,62 "129";
130 2 0 129,192 "130";
131 1 1 120,179 "131";
132 2 0 2,130 "132";
133 0 0 108,162 "133";
134 0 1 27,109 "134";
135 0 1 61,97 "135";
136 2 0 112,118 "136";
137 2 1 37,188 "137";
138 0 0 71,193 "138";
139 2 1 33,164 "139";
140 1 0 2,171 "140";
141 1 0 70,144 "141";
142 1 1 117,171 "142";
143 0 1 112,146 "143";
144 0 0 96,143 "144";
145 1 0 24,191 "145";
146 2 1 174,183 "146";
147 0 1 59,140 "147";
148 1 1 9,156 "148";
149 2 0 91,96 "149";
150 2 1 85,177 "150";
151 1 1 73,102 "151";
152 1 1 40,48 "152";
153 0 0 25,171 "153";
154 2 0 1,27 "154";
155 0 0 142,189 "155";
156 1 0 65,155 "156";
157 0 1 77,164 "157";
158 0 0 46,188 "158";
159 0 0 23,121 "159";
160 2 0 1,67 "160";
161 1 1 79,199 "161";
162 1 1 138,141 "162";
163 2 1 146,202 "163";
164 1 1 71,112 "164";
165 0 0 13,25 "165";
166 2 1 74,134 "166";
167 1 1 113,197 "167";
168 1 1 118,184 "168";
169 0 1 15,130 "169";
170 2 1 111,127 "170";
171 1 1 14,137 "171";
172 2 0 68,103 "172";
173 1 1 10,103 "173";
174 0 1 115,130 "174";
175 2 1 36,170 "175";
176 1 1 30,55 "176";
177 2 0 66,180 "177";
178 2 1 95,202 "178";
179 0 1 33,82 "179";
180 2 0 138,142 "180";
181 1 1 10,148 "181";
182 2 0 151,152 "182";
183 2 0 126,179 "183";
184 0 0 7,174 "184";
185 0 1 28,94 "185";
186 1 1 31,108 "186";
187 1 0 40,117 "187";
188 1 1 97,204 "188";
189 2 0 20,71 "189";
190 1 1 51,156 "190";
191 2 1 40,112 "191";
192 0 0 43,179 "192";
193 1 1 64,153 "193";
194 1 1 5,92 "194";
195 2 0 110,162 "195";
196 1 0 29,184 "196";
197 1 1 147,169 "197";
198 0 0 56,84 "198";
199 1 0 46,139 "199";
200 1 1 87,162 "200";
201 0 0 72,93 "201";
202 2 1 123,141 "202";
203 2 1 23,43 "203";
204 1 0 0,13 "204";
