parity 249;
0 2 1 191,217 "0";
1 2 0 23,83 "1";
2 1 0 95,240 "2";
3 2 1 117,151 "3";
4 0 1 136,200 "4";
5 1 1 11,206 "5";
6 0 1 21,121 "6";
7 0 1 31,166 "7";
8 2 0 19,102 "8";
9 2 0 46,230 "9";
10 1 1 164,237 "10";
11 0 1 101,195 "11";
12 1 1 43,174 "12";
13 2 0 97,238 "13";
14 0 1 135,162 "14";
15 0 1 149,160 "15";
16 1 0 30,121 "16";
17 2 0 90,221 "17";
18 1 1 89,128 "18";
19 0 0 118,198 "19";
20 2 0 109,209 "20";
21 2 1 114,173 "21";
22 2 0 42,192 "22";
23 1 0 100,208 "23";
24 0 0 83,150 "24";
25 0 1 3,43 "25";
26 2 1 76,81 "26";
27 2 1 43,164 "27";
28 0 0 130,230 "28";
29 0 0 14,192 "29";
30 2 0 65,164 "30";
31 0 1 150,196 "31";
32 2 0 162,194 "32";
33 2 0 73,232 "33";
34 0 0 97,198 "34";
35 0 0 10,242 "35";
36 2 1 57,135 "36";
37 2 0 21,208 "37";
38 2 1 106,173 "38";
39 1 0 211,232 "39";
40 1 0 111,133 "40";
41 0 0 75,239 "41";
42 2 0 77,175 "42";
43 1 1 70,152 "43";
44 2 1 24,179 "44";
45 0 0 147,209 "45";
46 0 0 84,93 "46";
47 2 1 3,124 "47";
48 0 1 66,77 "48";
49 2 1 165,242 "49";
50 1 1 174,236 "50";
51 2 0 37,247 "51";
52 2 1 126,158 "52";
53 1 0 145,185 "53";
54 0 0 190,227 "54";
55 0 1 94,118 "55";
56 2 0 72,183 "56";
57 0 1 89,218 "57";
58 2 0 97,248 "58";
59 2 1 195,218 "59";
60 0 0 110,151 "60";
61 0 0 71,218 "61";
62 1 1 106,188 "62";
63 0 1 94,218 "63";
64 0 0 184,242 "64";
65 0 0 86,173 "65";
66 0 0 171,219 "66";
67 2 0 7,115 "67";
68 0 1 129,163 "68";
69 1 1 167,216 "69";
70 2 1 152,227 "70";
71 2 1 49,204 "71";
72 0 0 7,52 "72";
73 1 0 19,30 "73";
74 0 0 179,191 "74";
75 1 0 74,160 "75";
76 0 1 103,118 "76";
77 0 0 196,221 "77";
78 1 1 58,212 "78";
79 2 0 159,197 "79";
80 0 0 113,139 "80";
81 1 1 53,227 "81";
82 1 1 56,151 "82";
83 1 1 24,204 "83";
84 0 0 88,231 "84";
85 2 0 105,138 "85";
86 2 0 47,77 "86";
87 1 0 59,139 "87";
88 2 0 89,229 "88";
89 2 1 82,209 "89";
90 2 1 214,222 "90";
91 2 0 0,40 "91";
92 1 0 21,164 "92";
93 2 0 23,84 "93";
94 1 1 104,151 "94";
95 1 0 157,222 "95";
96 0 1 76,204 "96";
97 0 0 54,202 "97";
98 0 1 19,228 "98";
99 0 1 79,185 "99";
100 1 0 154,183 "100";
101 0 1 154,156 "101";
102 2 0 122,172 "102";
103 1 0 6,223 "103";
104 1 1 61,125 "104";
105 0 0 84,122 "105";
106 1 1 66,90 "106";
107 2 0 16,200 "107";
108 1 0 67,177 "108";
109 1 0 25,144 "109";
110 0 0 5,172 "110";
111 0 0 40,243 "111";
112 1 0 174,221 "112";
113 2 0 8,156 "113";
114 0 1 8,147 "114";
115 1 0 123,173 "115";
116 0 0 89,125 "116";
117 2 0 60,98 "117";
118 1 1 124,231 "118";
119 2 0 184,225 "119";
120 0 0 171,216 "120";
121 1 1 44,145 "121";
122 0 1 84,148 "122";
123 0 1 104,249 "123";
124 1 1 116,137 "124";
125 1 0 20,233 "125";
126 2 0 138,192 "126";
127 2 0 114,234 "127";
128 1 0 82,245 "128";
129 0 0 130,229 "129";
130 1 1 19,59 "130";
131 0 1 159,228 "131";
132 0 0 101,236 "132";
133 2 1 108,200 "133";
134 1 0 81,201 "134";
135 0 0 7,17 "135";
136 1 1 25,42 "136";
137 0 0 60,84 "137";
138 0 0 53,219 "138";
139 0 0 71,206 "139";
140 2 1 103,148 "140";
141 0 1 43,244 "141";
142 2 0 184,213 "142";
143 1 1 46,123 "143";
144 2 0 118,169 "144";
145 0 1 5,137 "145";
146 2 0 31,120 "146";
147 2 1 52,143 "147";
148 1 1 14,57 "148";
149 1 0 143,229 "149";
150 1 1 49,191 "150";
151 2 0 34,116 "151";
152 1 0 25,42 "152";
153 0 0 45,46 "153";
154 0 1 102,182 "154";
155 2 1 114,237 "155";
156 1 0 54,185 "156";
157 0 0 92,204 "157";
158 0 0 23,62 "158";
159 0 0 27,56 "159";
160 2 0 75,108 "160";
161 0 1 144,179 "161";
162 0 0 28,187 "162";
163 1 0 117,218 "163";
164 2 1 36,44 "164";
165 1 0 125,181 "165";
166 0 0 136,223 "166";
167 1 0 79,233 "167";
168 1 1 12,232 "168";
169 0 1 15,30 "169";
170 2 0 70,92 "170";
171 2 1 220,224 "171";
172 1 0 0,210 "172";
173 1 1 184,234 "173";
174 2 0 97,164 "174";
175 1 0 51,94 "175";
176 2 0 185,243 "176";
177 2 0 115,161 "177";
178 1 0 104,193 "178";
179 2 1 133,245 "179";
180 1 0 83,161 "180";
181 2 1 68,164 "181";
182 0 1 167,185 "182";
183 1 0 103,116 "183";
184 2 0 88,206 "184";
185 2 1 16,93 "185";
186 2 0 35,135 "186";
187 1 1 4,178 "187";
188 0 1 55,80 "188";
189 0 1 14,15 "189";
190 2 1 58,90 "190";
191 0 0 101,177 "191";
192 1 1 153,200 "192";
193 0 1 112,154 "193";
194 2 1 4,139 "194";
195 0 0 1,103 "195";
196 0 0 67,151 "196";
197 0 0 117,237 "197";
198 1 1 125,216 "198";
199 0 1 88,202 "199";
200 2 1 18,177 "200";
201 2 1 90,187 "201";
202 2 0 103,245 "202";
203 1 0 35,49 "203";
204 0 0 46,81 "204";
205 0 1 227,247 "205";
206 0 0 175,248 "206";
207 2 0 56,112 "207";
208 1 1 46,59 "208";
209 0 0 141,204 "209";
210 1 1 0,39 "210";
211 1 1 220,233 "211";
212 2 1 24,235 "212";
213 2 0 74,171 "213";
214 2 0 61,82 "214";
215 2 1 156,219 "215";
216 1 1 64,234 "216";
217 2 1 185,190 "217";
218 1 1 48,241 "218";
219 1 1 43,230 "219";
220 1 1 65,203 "220";
221 1 0 31,125 "221";
222 2 1 47,104 "222";
223 2 0 86,143 "223";
224 2 0 33,56 "224";
225 0 0 92,207 "225";
226 0 1 34,184 "226";
227 0 1 150,233 "227";
228 1 0 37,41 "228";
229 0 1 28,135 "229";
230 0 0 3,148 "230";
231 1 1 151,161 "231";
232 0 0 33,60 "232";
233 1 0 62,166 "233";
234 2 0 35,148 "234";
235 0 0 29,40 "235";
236 2 1 16,241 "236";
237 0 1 153,165 "237";
238 0 0 26,233 "238";
239 0 1 42,71 "239";
240 0 0 80,138 "240";
241 0 1 10,14 "241";
242 2 0 37,145 "242";
243 0 1 191,244 "243";
244 1 0 191,248 "244";
245 2 0 189,233 "245";
246 1 1 109,184 "246";
247 2 1 4,249 "247";
248 1 1 190,213 "248";
249 1 1 208,227 "249";
