parity 244;
0 0 0 3,33 "0";
1 0 0 137,204 "1";
2 0 1 13,139 "2";
3 1 0 45,51 "3";
4 2 0 68,156 "4";
5 1 0 105,127 "5";
6 2 0 181,183 "6";
7 2 0 180,225 "7";
8 0 0 208,225 "8";
9 2 0 39,143 "9";
10 1 0 110,238 "10";
11 0 1 2,239 "11";
12 1 1 164,220 "12";
13 2 1 16,75 "13";
14 1 1 25,227 "14";
15 2 0 106,107 "15";
16 1 1 48,215 "16";
17 1 0 21,216 "17";
18 0 0 45,78 "18";
19 1 1 174,224 "19";
20 1 1 39,125 "20";
21 0 0 83,189 "21";
22 1 0 50,211 "22";
23 0 0 92,136 "23";
24 1 1 97,240 "24";
25 1 1 97,199 "25";
26 1 1 142,145 "26";
27 0 0 53,187 "27";
28 0 1 210,231 "28";
29 0 1 225,242 "29";
30 2 1 165,171 "30";
31 2 0 66,166 "31";
32 2 0 175,185 "32";
33 2 1 172,236 "33";
34 0 0 87,102 "34";
35 2 1 102,237 "35";
36 2 0 141,214 "36";
37 2 1 139,155 "37";
38 0 1 82,122 "38";
39 1 0 3,160 "39";
40 1 1 68,157 "40";
41 1 0 22,138 "41";
42 2 1 14,207 "42";
43 0 0 159,244 "43";
44 1 1 72,202 "44";
45 0 0 105,172 "45";
46 2 0 194,238 "46";
47 0 1 106,222 "47";
48 1 1 13,108 "48";
49 0 1 170,183 "49";
50 2 0 164,211 "50";
51 1 1 84,203 "51";
52 0 0 27,63 "52";
53 1 1 28,81 "53";
54 2 0 21,47 "54";
55 1 1 228,242 "55";
56 0 0 68,72 "56";
57 1 1 94,196 "57";
58 1 0 126,223 "58";
59 0 0 1,94 "59";
60 1 1 180,217 "60";
61 0 1 124,162 "61";
62 2 1 94,241 "62";
63 0 1 0,80 "63";
64 1 1 101,155 "64";
65 1 0 24,113 "65";
66 1 1 164,174 "66";
67 0 1 14,40 "67";
68 1 0 78,135 "68";
69 2 1 88,147 "69";
70 1 1 38,217 "70";
71 0 1 7,87 "71";
72 0 0 179,189 "72";
73 0 1 10,46 "73";
74 2 1 78,121 "74";
75 1 1 87,161 "75";
76 2 0 72,174 "76";
77 0 0 128,172 "77";
78 0 0 212,228 "78";
79 0 1 24,112 "79";
80 1 1 21,170 "80";
81 2 1 43,86 "81";
82 1 1 19,159 "82";
83 0 1 26,153 "83";
84 2 0 210,223 "84";
85 2 0 107,189 "85";
86 0 1 101,192 "86";
87 0 0 13,125 "87";
88 0 1 35,237 "88";
89 1 0 9,130 "89";
90 0 0 49,235 "90";
91 0 1 108,218 "91";
92 0 0 110,235 "92";
93 0 0 38,128 "93";
94 0 0 140,234 "94";
95 2 1 196,202 "95";
96 1 0 82,106 "96";
97 1 0 128,209 "97";
98 0 1 79,213 "98";
99 0 1 39,164 "99";
100 1 1 140,150 "100";
101 2 0 36,168 "101";
102 0 1 77,147 "102";
103 1 1 69,119 "103";
104 0 1 51,180 "104";
105 0 0 118,141 "105";
106 2 0 91,98 "106";
107 2 1 5,93 "107";
108 1 0 110,146 "108";
109 0 1 37,130 "109";
110 1 0 87,98 "110";
111 0 1 134,210 "111";
112 1 0 223,238 "112";
113 2 1 170,228 "113";
114 1 1 107,216 "114";
115 0 1 33,181 "115";
116 2 1 57,206 "116";
117 0 1 146,214 "117";
118 0 1 86,88 "118";
119 1 1 7,183 "119";
120 0 1 97,169 "120";
121 0 1 127,132 "121";
122 0 1 191,224 "122";
123 0 1 192,206 "123";
124 2 1 101,150 "124";
125 0 1 83,115 "125";
126 2 0 193,231 "126";
127 0 0 42,178 "127";
128 2 0 124,158 "128";
129 0 1 48,89 "129";
130 1 0 85,87 "130";
131 1 0 119,182 "131";
132 2 0 116,153 "132";
133 1 0 233,244 "133";
134 2 1 104,118 "134";
135 1 0 35,140 "135";
136 2 0 45,78 "136";
137 0 1 67,69 "137";
138 1 0 39,175 "138";
139 1 1 213,224 "139";
140 2 0 11,126 "140";
141 1 1 223,226 "141";
142 0 0 52,104 "142";
143 1 0 29,91 "143";
144 0 0 113,118 "144";
145 1 0 119,174 "145";
146 1 1 132,162 "146";
147 2 0 24,149 "147";
148 1 1 100,211 "148";
149 0 1 5,110 "149";
150 1 1 82,179 "150";
151 0 0 130,240 "151";
152 2 0 41,114 "152";
153 1 1 4,8 "153";
154 0 0 8,130 "154";
155 0 1 98,213 "155";
156 0 1 106,228 "156";
157 1 1 1,118 "157";
158 2 0 65,145 "158";
159 2 1 13,60 "159";
160 0 1 117,201 "160";
161 2 0 26,167 "161";
162 2 0 74,114 "162";
163 1 1 76,223 "163";
164 0 1 226,242 "164";
165 0 0 135,233 "165";
166 0 1 44,169 "166";
167 0 0 117,227 "167";
168 2 0 44,165 "168";
169 0 0 132,240 "169";
170 0 1 41,61 "170";
171 2 0 98,200 "171";
172 0 0 70,178 "172";
173 2 0 129,186 "173";
174 1 0 182,211 "174";
175 2 0 230,237 "175";
176 0 1 37,138 "176";
177 2 1 122,155 "177";
178 2 0 50,89 "178";
179 0 0 50,148 "179";
180 0 0 33,71 "180";
181 1 1 27,230 "181";
182 2 0 25,226 "182";
183 1 1 70,136 "183";
184 0 0 29,76 "184";
185 2 1 32,204 "185";
186 2 1 25,222 "186";
187 0 0 33,213 "187";
188 0 0 222,238 "188";
189 1 1 92,186 "189";
190 2 0 162,216 "190";
191 2 1 192,233 "191";
192 0 1 93,202 "192";
193 0 1 14,242 "193";
194 2 0 75,138 "194";
195 2 1 135,212 "195";
196 1 0 211,228 "196";
197 0 1 75,103 "197";
198 1 0 75,169 "198";
199 0 1 117,235 "199";
200 0 0 44,107 "200";
201 2 1 106,141 "201";
202 1 1 109,175 "202";
203 0 1 168,196 "203";
204 2 1 89,198 "204";
205 1 1 11,59 "205";
206 2 1 11,50 "206";
207 0 0 70,108 "207";
208 0 0 49,58 "208";
209 0 0 55,211 "209";
210 1 1 33,201 "210";
211 2 1 10,85 "211";
212 0 1 1,77 "212";
213 1 1 90,243 "213";
214 2 0 155,219 "214";
215 0 0 80,235 "215";
216 1 0 57,226 "216";
217 2 0 95,185 "217";
218 1 1 11,184 "218";
219 2 1 72,145 "219";
220 0 0 10,122 "220";
221 2 1 113,115 "221";
222 2 0 81,236 "222";
223 1 0 96,158 "223";
224 2 0 101,220 "224";
225 1 0 135,194 "225";
226 2 1 89,115 "226";
227 2 1 28,172 "227";
228 1 1 22,32 "228";
229 2 0 34,187 "229";
230 0 1 61,121 "230";
231 1 1 71,143 "231";
232 0 1 72,74 "232";
233 2 0 108,181 "233";
234 2 1 204,217 "234";
235 2 0 0,225 "235";
236 2 1 196,214 "236";
237 0 1 39,232 "237";
238 2 0 52,90 "238";
239 2 0 34,203 "239";
240 1 1 138,148 "240";
241 1 0 14,210 "241";
242 2 0 41,109 "242";
243 2 1 112,163 "243";
244 0 0 6,209 "244";
