parity 259;
0 2 0 76,179 "0";
1 0 1 27,115 "1";
2 1 1 147,165 "2";
3 1 0 97,210 "3";
4 2 1 232,257 "4";
5 0 1 44,148 "5";
6 1 0 110,127 "6";
7 1 1 168,258 "7";
8 2 1 72,88 "8";
9 2 1 243,259 "9";
10 2 0 123,243 "10";
11 2 1 180,219 "11";
12 2 0 51,153 "12";
13 0 1 69,215 "13";
14 1 1 131,180 "14";
15 2 0 201,241 "15";
16 1 1 23,100 "16";
17 2 1 27,252 "17";
18 1 0 48,50 "18";
19 2 1 23,133 "19";
20 2 1 50,127 "20";
21 1 1 61,205 "21";
22 1 1 24,59 "22";
23 0 0 144,252 "23";
24 2 1 70,113 "24";
25 1 1 48,76 "25";
26 0 1 27,153 "26";
27 2 1 103,227 "27";
28 1 0 46,149 "28";
29 2 1 41,48 "29";
30 2 0 92,213 "30";
31 1 0 117,197 "31";
32 1 1 33,213 "32";
33 2 0 156,212 "33";
34 2 1 28,255 "34";
35 2 1 158,161 "35";
36 0 0 0,4 "36";
37 0 0 125,144 "37";
38 0 0 44,255 "38";
39 0 1 116,257 "39";
40 1 1 31,191 "40";
41 0 1 218,252 "41";
42 0 0 23,200 "42";
43 0 1 78,245 "43";
44 1 1 199,241 "44";
45 0 0 140,230 "45";
46 0 0 85,220 "46";
47 2 0 180,219 "47";
48 2 0 53,167 "48";
49 0 1 180,236 "49";
50 1 1 237,256 "50";
51 2 0 1,255 "51";
52 2 1 3,208 "52";
53 0 1 120,167 "53";
54 2 0 110,127 "54";
55 1 1 120,210 "55";
56 1 0 35,133 "56";
57 1 1 80,186 "57";
58 2 0 221,255 "58";
59 0 1 69,136 "59";
60 0 0 86,141 "60";
61 0 0 137,188 "61";
62 1 1 32,159 "62";
63 0 0 129,194 "63";
64 1 1 115,154 "64";
65 0 0 217,257 "65";
66 0 0 204,256 "66";
67 2 0 9,242 "67";
68 2 1 73,238 "68";
69 2 0 66,156 "69";
70 0 1 209,218 "70";
71 1 1 43,166 "71";
72 2 0 79,129 "72";
73 0 0 10,249 "73";
74 0 0 90,202 "74";
75 0 1 89,178 "75";
76 0 0 120,203 "76";
77 1 1 0,162 "77";
78 0 1 88,236 "78";
79 2 1 26,227 "79";
80 0 0 95,245 "80";
81 1 1 42,237 "81";
82 1 0 46,160 "82";
83 1 0 86,129 "83";
84 2 1 156,246 "84";
85 2 1 121,228 "85";
86 1 0 5,9 "86";
87 2 0 176,180 "87";
88 0 1 19,208 "88";
89 0 0 46,170 "89";
90 1 1 119,181 "90";
91 0 0 27,103 "91";
92 1 1 47,187 "92";
93 1 0 71,76 "93";
94 1 0 66,144 "94";
95 2 1 32,235 "95";
96 1 1 148,224 "96";
97 0 1 35,63 "97";
98 2 1 102,233 "98";
99 1 0 19,100 "99";
100 2 0 120,236 "100";
101 0 1 93,96 "101";
102 0 1 65,245 "102";
103 0 0 110,113 "103";
104 0 1 44,236 "104";
105 0 1 162,238 "105";
106 2 1 122,149 "106";
107 1 0 239,246 "107";
108 0 0 20,22 "108";
109 2 0 133,210 "109";
110 1 0 47,255 "110";
111 2 0 134,148 "111";
112 1 0 20,212 "112";
113 2 1 16,48 "113";
114 0 0 127,240 "114";
115 2 1 125,178 "115";
116 1 0 25,104 "116";
117 1 0 6,36 "117";
118 1 0 0,95 "118";
119 2 1 32,49 "119";
120 2 0 1,190 "120";
121 2 0 77,116 "121";
122 1 1 105,238 "122";
123 0 1 51,214 "123";
124 1 1 142,201 "124";
125 2 0 171,241 "125";
126 0 1 178,187 "126";
127 0 1 102,200 "127";
128 1 0 141,178 "128";
129 2 0 51,250 "129";
130 2 0 21,233 "130";
131 1 0 104,167 "131";
132 1 1 42,118 "132";
133 0 1 177,254 "133";
134 1 1 130,233 "134";
135 2 0 76,132 "135";
136 1 1 187,193 "136";
137 1 0 19,60 "137";
138 2 1 25,217 "138";
139 0 0 29,131 "139";
140 2 0 20,57 "140";
141 2 1 45,110 "141";
142 0 1 93,232 "142";
143 0 0 96,98 "143";
144 1 0 93,203 "144";
145 0 1 9,161 "145";
146 1 0 78,189 "146";
147 0 0 38,118 "147";
148 0 1 96,247 "148";
149 1 0 49,75 "149";
150 0 1 149,225 "150";
151 2 1 29,86 "151";
152 0 0 55,124 "152";
153 1 1 42,212 "153";
154 1 1 194,242 "154";
155 0 1 13,148 "155";
156 2 0 39,47 "156";
157 2 1 10,168 "157";
158 0 1 4,90 "158";
159 0 1 14,30 "159";
160 2 1 31,194 "160";
161 2 0 25,113 "161";
162 1 1 68,136 "162";
163 2 0 27,80 "163";
164 2 0 111,212 "164";
165 2 0 37,205 "165";
166 0 0 193,207 "166";
167 2 0 28,72 "167";
168 0 1 124,146 "168";
169 1 0 0,165 "169";
170 2 1 140,192 "170";
171 1 0 64,152 "171";
172 1 1 46,218 "172";
173 2 0 92,257 "173";
174 0 1 151,190 "174";
175 0 0 200,212 "175";
176 1 0 12,136 "176";
177 1 0 94,142 "177";
178 2 0 25,148 "178";
179 0 1 142,201 "179";
180 2 1 25,95 "180";
181 0 1 27,78 "181";
182 2 1 76,247 "182";
183 1 1 72,185 "183";
184 0 1 11,241 "184";
185 0 1 88,167 "185";
186 2 0 164,237 "186";
187 1 1 162,252 "187";
188 0 0 77,177 "188";
189 0 1 3,94 "189";
190 1 0 55,150 "190";
191 0 1 197,258 "191";
192 1 0 23,243 "192";
193 1 1 64,140 "193";
194 1 0 101,148 "194";
195 1 0 125,240 "195";
196 0 0 111,144 "196";
197 1 0 169,181 "197";
198 0 0 158,186 "198";
199 1 0 126,214 "199";
200 1 0 183,242 "200";
201 1 0 12,20 "201";
202 0 0 105,206 "202";
203 2 1 159,182 "203";
204 1 0 156,224 "204";
205 0 0 49,225 "205";
206 2 0 110,164 "206";
207 2 0 162,206 "207";
208 1 1 76,116 "208";
209 0 1 104,145 "209";
210 0 0 110,151 "210";
211 2 1 27,217 "211";
212 1 1 56,123 "212";
213 2 0 52,76 "213";
214 1 0 81,237 "214";
215 2 0 108,246 "215";
216 0 0 111,151 "216";
217 1 1 120,242 "217";
218 1 0 166,215 "218";
219 1 1 40,187 "219";
220 0 0 80,186 "220";
221 1 0 50,93 "221";
222 1 0 58,178 "222";
223 0 1 50,105 "223";
224 0 0 47,215 "224";
225 2 0 13,60 "225";
226 1 1 105,189 "226";
227 1 0 161,166 "227";
228 0 0 162,175 "228";
229 2 0 2,193 "229";
230 1 1 217,235 "230";
231 1 1 5,246 "231";
232 1 0 24,194 "232";
233 1 1 32,81 "233";
234 1 1 8,257 "234";
235 2 0 148,199 "235";
236 1 1 220,231 "236";
237 1 1 83,190 "237";
238 2 1 107,186 "238";
239 0 0 16,207 "239";
240 0 0 81,255 "240";
241 0 1 97,174 "241";
242 2 1 66,203 "242";
243 0 1 18,248 "243";
244 2 0 139,188 "244";
245 1 1 20,67 "245";
246 0 1 198,230 "246";
247 1 0 56,66 "247";
248 2 1 98,257 "248";
249 0 1 169,200 "249";
250 1 1 83,210 "250";
251 2 0 61,66 "251";
252 0 0 93,110 "252";
253 2 0 76,256 "253";
254 0 0 94,113 "254";
255 2 1 82,125 "255";
256 1 0 166,230 "256";
257 2 0 32,145 "257";
258 1 1 154,188 "258";
259 1 1 73,87 "259";
