parity 294;
0 0 1 52,107 "0";
1 1 1 77,137 "1";
2 0 1 98,236 "2";
3 2 1 100,116 "3";
4 1 0 159,292 "4";
5 2 0 46,240 "5";
6 2 0 3,207 "6";
7 0 1 58,190 "7";
8 1 0 18,149 "8";
9 0 0 7,202 "9";
10 2 1 43,155 "10";
11 2 0 66,192 "11";
12 1 0 44,89 "12";
13 1 0 33,55 "13";
14 1 1 57,173 "14";
15 2 0 106,230 "15";
16 1 0 28,65 "16";
17 1 0 69,95 "17";
18 0 1 141,197 "18";
19 2 0 241,270 "19";
20 0 1 64,272 "20";
21 1 0 129,281 "21";
22 2 1 254,260 "22";
23 2 1 139,182 "23";
24 0 1 228,254 "24";
25 2 1 147,158 "25";
26 2 1 92,124 "26";
27 1 1 13,183 "27";
28 1 1 74,253 "28";
29 0 0 102,280 "29";
30 0 1 130,201 "30";
31 2 1 157,261 "31";
32 0 0 55,221 "32";
33 2 1 182,200 "33";
34 1 1 139,182 "34";
35 0 0 36,93 "35";
36 1 0 27,277 "36";
37 0 0 19,26 "37";
38 1 0 46,69 "38";
39 0 0 18,135 "39";
40 2 0 158,207 "40";
41 0 1 37,132 "41";
42 2 0 27,34 "42";
43 1 1 197,280 "43";
44 2 1 200,228 "44";
45 2 1 18,173 "45";
46 1 0 233,292 "46";
47 1 1 113,218 "47";
48 0 0 39,54 "48";
49 0 0 115,265 "49";
50 1 0 45,219 "50";
51 2 0 84,152 "51";
52 0 0 34,70 "52";
53 0 1 86,251 "53";
54 1 0 24,96 "54";
55 1 1 88,110 "55";
56 2 1 104,294 "56";
57 0 0 90,165 "57";
58 0 0 200,222 "58";
59 0 1 138,145 "59";
60 2 0 65,85 "60";
61 2 1 73,197 "61";
62 2 1 83,147 "62";
63 1 0 198,262 "63";
64 2 1 4,197 "64";
65 2 0 208,223 "65";
66 0 0 49,172 "66";
67 2 0 5,213 "67";
68 1 1 8,276 "68";
69 1 0 92,229 "69";
70 0 0 8,143 "70";
71 1 1 52,287 "71";
72 0 1 105,123 "72";
73 0 0 40,261 "73";
74 0 0 75,247 "74";
75 1 0 222,288 "75";
76 1 1 215,217 "76";
77 2 0 234,264 "77";
78 2 1 150,220 "78";
79 1 0 188,282 "79";
80 1 1 14,49 "80";
81 2 1 110,255 "81";
82 0 0 118,248 "82";
83 2 0 102,141 "83";
84 0 1 5,282 "84";
85 2 0 115,181 "85";
86 2 0 47,155 "86";
87 2 1 176,247 "87";
88 0 0 86,98 "88";
89 1 1 213,290 "89";
90 0 1 57,269 "90";
91 2 0 163,169 "91";
92 2 0 9,159 "92";
93 1 1 236,240 "93";
94 0 0 238,270 "94";
95 0 0 57,219 "95";
96 2 1 178,238 "96";
97 0 1 215,219 "97";
98 0 0 39,115 "98";
99 2 1 68,120 "99";
100 2 1 45,265 "100";
101 2 1 71,284 "101";
102 0 0 86,267 "102";
103 0 0 227,242 "103";
104 2 1 58,179 "104";
105 1 1 41,63 "105";
106 1 1 175,264 "106";
107 1 0 13,227 "107";
108 1 1 227,267 "108";
109 0 1 26,250 "109";
110 0 0 79,247 "110";
111 0 1 51,244 "111";
112 2 1 103,247 "112";
113 2 0 16,100 "113";
114 2 1 179,200 "114";
115 0 1 13,236 "115";
116 0 1 9,183 "116";
117 1 0 92,213 "117";
118 1 1 75,278 "118";
119 0 0 174,244 "119";
120 1 1 166,246 "120";
121 2 1 35,228 "121";
122 2 0 100,118 "122";
123 2 0 84,227 "123";
124 1 0 122,290 "124";
125 2 0 118,285 "125";
126 1 0 219,224 "126";
127 0 1 217,225 "127";
128 1 0 75,166 "128";
129 1 1 7,135 "129";
130 0 1 213,279 "130";
131 2 0 14,236 "131";
132 1 0 156,229 "132";
133 2 0 30,50 "133";
134 0 1 208,250 "134";
135 2 0 2,145 "135";
136 0 0 37,214 "136";
137 2 0 203,274 "137";
138 2 1 34,192 "138";
139 1 0 124,197 "139";
140 1 1 56,216 "140";
141 2 0 127,210 "141";
142 1 0 116,155 "142";
143 2 0 64,214 "143";
144 1 0 64,114 "144";
145 0 0 105,192 "145";
146 2 1 58,122 "146";
147 1 1 216,247 "147";
148 2 0 66,96 "148";
149 0 1 47,110 "149";
150 2 1 55,239 "150";
151 1 1 66,110 "151";
152 0 1 204,290 "152";
153 0 1 75,243 "153";
154 2 1 20,172 "154";
155 1 0 151,157 "155";
156 2 0 76,287 "156";
157 1 1 38,209 "157";
158 2 1 119,156 "158";
159 1 0 83,209 "159";
160 1 0 70,171 "160";
161 1 1 99,158 "161";
162 0 0 82,143 "162";
163 0 0 33,137 "163";
164 0 1 150,236 "164";
165 0 1 15,85 "165";
166 0 1 68,223 "166";
167 0 1 149,272 "167";
168 0 1 27,37 "168";
169 1 1 15,39 "169";
170 1 1 156,275 "170";
171 1 1 185,224 "171";
172 2 1 208,282 "172";
173 0 0 119,195 "173";
174 1 1 100,217 "174";
175 0 0 14,251 "175";
176 1 0 1,282 "176";
177 1 0 150,195 "177";
178 1 1 176,195 "178";
179 0 1 230,260 "179";
180 2 0 0,280 "180";
181 0 0 155,289 "181";
182 0 0 30,227 "182";
183 2 0 147,187 "183";
184 0 1 19,118 "184";
185 1 1 31,66 "185";
186 0 0 183,276 "186";
187 2 0 142,219 "187";
188 2 1 199,222 "188";
189 0 1 68,132 "189";
190 1 0 53,241 "190";
191 1 1 31,241 "191";
192 2 1 169,219 "192";
193 2 0 149,271 "193";
194 0 1 92,259 "194";
195 2 0 135,191 "195";
196 2 1 11,106 "196";
197 0 0 122,262 "197";
198 0 0 9,59 "198";
199 2 0 196,226 "199";
200 2 0 72,114 "200";
201 1 1 212,230 "201";
202 2 0 136,139 "202";
203 0 0 86,261 "203";
204 1 1 25,199 "204";
205 1 0 2,64 "205";
206 0 1 50,57 "206";
207 0 0 263,266 "207";
208 0 0 105,284 "208";
209 0 1 24,48 "209";
210 0 0 184,263 "210";
211 1 1 74,110 "211";
212 2 1 184,286 "212";
213 2 0 107,183 "213";
214 1 1 48,76 "214";
215 0 1 102,247 "215";
216 2 1 89,289 "216";
217 1 1 79,200 "217";
218 1 1 193,273 "218";
219 0 0 34,75 "219";
220 0 1 112,180 "220";
221 2 1 42,111 "221";
222 1 0 96,164 "222";
223 0 0 13,71 "223";
224 0 1 15,126 "224";
225 2 1 110,190 "225";
226 1 0 27,132 "226";
227 2 1 36,233 "227";
228 1 0 42,238 "228";
229 1 1 47,207 "229";
230 0 0 89,145 "230";
231 0 1 10,264 "231";
232 2 1 137,239 "232";
233 1 0 116,142 "233";
234 2 1 53,164 "234";
235 2 1 8,213 "235";
236 1 0 40,215 "236";
237 0 1 141,158 "237";
238 2 0 20,290 "238";
239 1 1 168,199 "239";
240 0 0 91,117 "240";
241 0 0 97,214 "241";
242 0 0 183,224 "242";
243 1 1 1,97 "243";
244 1 1 72,137 "244";
245 2 1 262,294 "245";
246 2 1 10,177 "246";
247 0 0 0,40 "247";
248 0 1 71,121 "248";
249 2 0 116,166 "249";
250 2 0 252,272 "250";
251 0 0 74,116 "251";
252 2 1 20,159 "252";
253 1 1 78,223 "253";
254 0 1 161,165 "254";
255 2 1 48,130 "255";
256 2 0 107,220 "256";
257 1 1 85,125 "257";
258 0 0 31,199 "258";
259 0 1 189,265 "259";
260 1 0 99,282 "260";
261 1 0 106,277 "261";
262 1 0 221,223 "262";
263 1 0 89,146 "263";
264 1 1 0,287 "264";
265 1 1 130,172 "265";
266 2 1 83,148 "266";
267 2 1 124,242 "267";
268 2 1 92,182 "268";
269 1 0 266,289 "269";
270 1 1 181,236 "270";
271 2 0 4,158 "271";
272 0 1 150,230 "272";
273 2 0 93,203 "273";
274 1 1 33,233 "274";
275 0 0 13,281 "275";
276 1 0 113,265 "276";
277 2 0 123,152 "277";
278 1 0 122,139 "278";
279 1 0 1,233 "279";
280 2 1 202,267 "280";
281 2 0 207,278 "281";
282 1 1 128,212 "282";
283 0 1 59,118 "283";
284 0 0 129,216 "284";
285 1 0 41,266 "285";
286 1 0 255,268 "286";
287 0 0 137,220 "287";
288 1 0 109,171 "288";
289 2 0 40,256 "289";
290 2 1 170,178 "290";
291 2 1 14,151 "291";
292 2 0 221,286 "292";
293 0 1 91,95 "293";
294 1 0 25,270 "294";
