parity 244;
0 2 1 44,154 "0";
1 0 0 49,131 "1";
2 0 1 3,121 "2";
3 2 0 119,122 "3";
4 0 1 99,139 "4";
5 0 1 9,124 "5";
6 1 1 99,122 "6";
7 1 1 84,197 "7";
8 2 0 25,206 "8";
9 2 0 48,153 "9";
10 0 0 12,106 "10";
11 1 1 141,177 "11";
12 0 1 59,97 "12";
13 1 1 56,87 "13";
14 0 0 93,144 "14";
15 2 0 83,147 "15";
16 1 1 136,224 "16";
17 2 0 31,126 "17";
18 0 1 10,174 "18";
19 0 1 17,107 "19";
20 0 1 90,167 "20";
21 1 1 27,188 "21";
22 1 0 33,56 "22";
23 1 0 96,221 "23";
24 1 1 104,213 "24";
25 1 0 126,161 "25";
26 0 0 116,158 "26";
27 2 0 41,96 "27";
28 0 0 160,175 "28";
29 1 0 153,196 "29";
30 2 1 74,98 "30";
31 1 1 186,216 "31";
32 1 1 59,135 "32";
33 0 1 56,163 "33";
34 2 0 136,197 "34";
35 0 0 12,189 "35";
36 0 1 102,236 "36";
37 0 0 99,139 "37";
38 2 0 210,229 "38";
39 1 0 75,107 "39";
40 1 1 147,179 "40";
41 1 1 50,108 "41";
42 2 0 38,207 "42";
43 1 0 41,235 "43";
44 2 0 128,130 "44";
45 1 1 63,88 "45";
46 1 1 12,36 "46";
47 0 1 70,241 "47";
48 1 1 204,227 "48";
49 1 1 64,172 "49";
50 0 1 49,204 "50";
51 2 1 120,210 "51";
52 2 1 25,209 "52";
53 1 0 96,122 "53";
54 1 1 1,49 "54";
55 0 1 54,209 "55";
56 0 0 35,226 "56";
57 1 1 0,107 "57";
58 2 1 21,196 "58";
59 2 0 78,84 "59";
60 0 1 38,202 "60";
61 1 1 12,68 "61";
62 0 0 13,91 "62";
63 0 1 70,135 "63";
64 0 0 73,162 "64";
65 1 0 84,242 "65";
66 1 0 93,204 "66";
67 2 0 18,48 "67";
68 2 1 13,110 "68";
69 1 1 61,156 "69";
70 2 0 229,240 "70";
71 0 1 43,208 "71";
72 1 0 60,75 "72";
73 0 1 185,198 "73";
74 2 1 23,85 "74";
75 1 0 220,223 "75";
76 1 1 92,159 "76";
77 0 0 52,146 "77";
78 1 1 121,215 "78";
79 2 1 43,176 "79";
80 0 1 84,239 "80";
81 0 1 15,216 "81";
82 2 0 135,210 "82";
83 0 1 113,188 "83";
84 0 0 167,177 "84";
85 2 0 28,199 "85";
86 2 0 69,152 "86";
87 0 0 164,174 "87";
88 0 0 110,164 "88";
89 0 1 153,231 "89";
90 1 0 53,220 "90";
91 2 0 60,113 "91";
92 0 1 130,235 "92";
93 0 1 54,209 "93";
94 0 1 11,122 "94";
95 1 0 165,243 "95";
96 2 0 97,166 "96";
97 0 0 56,124 "97";
98 1 1 8,179 "98";
99 2 0 102,164 "99";
100 1 1 164,165 "100";
101 2 0 139,230 "101";
102 0 1 32,91 "102";
103 0 0 97,117 "103";
104 2 0 36,78 "104";
105 2 0 55,223 "105";
106 1 1 147,163 "106";
107 2 1 80,93 "107";
108 1 0 147,174 "108";
109 2 1 44,214 "109";
110 1 0 97,200 "110";
111 0 0 174,220 "111";
112 0 1 111,133 "112";
113 1 1 125,228 "113";
114 1 1 26,174 "114";
115 1 0 54,123 "115";
116 1 1 53,166 "116";
117 2 0 67,182 "117";
118 1 1 107,193 "118";
119 0 0 219,224 "119";
120 1 1 136,143 "120";
121 1 0 12,99 "121";
122 0 1 76,118 "122";
123 2 0 44,150 "123";
124 2 0 43,78 "124";
125 0 1 94,197 "125";
126 2 1 54,103 "126";
127 0 0 170,178 "127";
128 0 1 13,150 "128";
129 2 1 96,120 "129";
130 2 0 10,108 "130";
131 1 1 34,94 "131";
132 1 0 96,154 "132";
133 2 0 43,234 "133";
134 1 1 38,87 "134";
135 0 1 42,133 "135";
136 0 1 104,105 "136";
137 0 1 136,205 "137";
138 2 1 51,119 "138";
139 2 1 91,241 "139";
140 1 0 28,71 "140";
141 2 0 168,241 "141";
142 1 0 43,57 "142";
143 0 1 112,176 "143";
144 2 1 183,185 "144";
145 1 0 123,213 "145";
146 2 0 112,122 "146";
147 2 1 49,118 "147";
148 0 0 38,228 "148";
149 2 1 88,139 "149";
150 1 0 119,197 "150";
151 0 0 69,86 "151";
152 0 0 207,222 "152";
153 1 1 2,183 "153";
154 2 1 185,234 "154";
155 2 0 28,61 "155";
156 0 0 43,166 "156";
157 1 1 27,147 "157";
158 2 0 45,95 "158";
159 0 1 40,154 "159";
160 0 1 127,137 "160";
161 1 1 25,154 "161";
162 1 1 128,233 "162";
163 1 0 57,110 "163";
164 1 1 137,228 "164";
165 1 0 41,185 "165";
166 2 0 85,165 "166";
167 1 0 74,94 "167";
168 1 1 15,100 "168";
169 1 1 151,203 "169";
170 0 1 23,25 "170";
171 1 0 98,169 "171";
172 2 0 110,191 "172";
173 2 1 45,223 "173";
174 2 1 54,167 "174";
175 1 0 30,141 "175";
176 1 0 53,122 "176";
177 2 1 18,20 "177";
178 2 0 105,110 "178";
179 0 0 60,105 "179";
180 1 0 38,164 "180";
181 0 1 9,157 "181";
182 0 1 46,59 "182";
183 2 0 11,219 "183";
184 2 1 36,84 "184";
185 1 0 149,159 "185";
186 1 1 68,203 "186";
187 0 1 148,211 "187";
188 1 1 166,241 "188";
189 1 1 138,211 "189";
190 0 0 185,203 "190";
191 2 1 100,159 "191";
192 0 1 33,212 "192";
193 2 0 40,206 "193";
194 0 1 208,215 "194";
195 0 0 23,68 "195";
196 1 0 116,150 "196";
197 2 0 14,201 "197";
198 1 1 19,89 "198";
199 1 1 121,128 "199";
200 0 0 173,193 "200";
201 1 0 86,210 "201";
202 2 0 26,154 "202";
203 1 0 12,156 "203";
204 0 1 59,145 "204";
205 2 1 70,92 "205";
206 0 1 16,143 "206";
207 1 0 48,137 "207";
208 2 1 40,190 "208";
209 1 0 46,90 "209";
210 1 1 28,79 "210";
211 0 0 89,182 "211";
212 1 1 85,197 "212";
213 0 0 135,239 "213";
214 0 0 47,171 "214";
215 1 1 105,224 "215";
216 2 0 15,202 "216";
217 2 0 43,213 "217";
218 2 0 31,134 "218";
219 1 1 34,84 "219";
220 2 1 16,34 "220";
221 1 0 24,97 "221";
222 2 1 33,137 "222";
223 0 1 165,192 "223";
224 1 1 12,91 "224";
225 0 1 77,131 "225";
226 0 0 220,229 "226";
227 1 0 128,230 "227";
228 2 0 129,166 "228";
229 0 0 146,171 "229";
230 0 1 124,242 "230";
231 2 0 2,183 "231";
232 0 0 75,163 "232";
233 1 0 48,122 "233";
234 0 1 113,141 "234";
235 1 1 158,186 "235";
236 1 0 29,217 "236";
237 2 0 3,230 "237";
238 0 1 133,204 "238";
239 0 0 59,80 "239";
240 1 0 40,81 "240";
241 1 1 62,156 "241";
242 0 0 59,212 "242";
243 1 1 11,238 "243";
244 0 1 100,164 "244";
