parity 244;
0 2 0 49,134 "0";
1 1 0 59,197 "1";
2 2 1 37,89 "2";
3 2 0 51,76 "3";
4 0 1 6,118 "4";
5 1 1 187,206 "5";
6 2 1 12,168 "6";
7 1 1 5,227 "7";
8 1 1 30,71 "8";
9 2 0 54,110 "9";
10 2 0 95,180 "10";
11 2 0 33,236 "11";
12 0 1 29,208 "12";
13 1 1 93,212 "13";
14 2 1 64,145 "14";
15 0 0 13,171 "15";
16 2 0 140,243 "16";
17 1 1 149,200 "17";
18 2 0 78,101 "18";
19 2 1 73,87 "19";
20 2 0 94,173 "20";
21 1 0 4,109 "21";
22 2 1 79,228 "22";
23 1 0 201,204 "23";
24 1 1 15,234 "24";
25 0 1 62,70 "25";
26 1 0 19,195 "26";
27 0 0 12,234 "27";
28 1 0 27,35 "28";
29 2 0 38,60 "29";
30 1 0 40,76 "30";
31 0 0 86,194 "31";
32 0 1 84,148 "32";
33 0 0 29,181 "33";
34 2 1 121,235 "34";
35 0 1 53,87 "35";
36 1 1 56,191 "36";
37 0 1 142,213 "37";
38 2 1 162,163 "38";
39 1 0 57,188 "39";
40 2 0 105,180 "40";
41 1 1 5,134 "41";
42 0 0 54,231 "42";
43 2 1 116,135 "43";
44 2 1 98,236 "44";
45 1 1 22,183 "45";
46 0 1 2,128 "46";
47 0 1 158,169 "47";
48 1 1 26,112 "48";
49 0 0 86,124 "49";
50 0 1 63,138 "50";
51 0 1 96,207 "51";
52 0 1 132,172 "52";
53 2 0 136,234 "53";
54 1 0 126,161 "54";
55 2 0 7,29 "55";
56 1 1 51,175 "56";
57 0 1 98,196 "57";
58 0 0 184,202 "58";
59 0 0 92,122 "59";
60 1 1 4,28 "60";
61 1 1 34,145 "61";
62 2 0 63,104 "62";
63 1 0 93,173 "63";
64 2 0 160,191 "64";
65 1 1 36,50 "65";
66 2 0 55,68 "66";
67 1 1 112,209 "67";
68 1 0 5,133 "68";
69 1 1 32,198 "69";
70 0 0 7,144 "70";
71 2 1 13,54 "71";
72 2 1 55,158 "72";
73 0 0 13,215 "73";
74 1 0 0,60 "74";
75 2 1 202,233 "75";
76 0 1 24,232 "76";
77 1 0 45,69 "77";
78 2 1 26,211 "78";
79 2 1 18,159 "79";
80 0 1 32,122 "80";
81 1 0 8,210 "81";
82 1 1 40,233 "82";
83 1 0 25,191 "83";
84 1 0 178,241 "84";
85 0 1 114,218 "85";
86 0 1 109,198 "86";
87 2 0 28,33 "87";
88 2 0 146,237 "88";
89 1 1 23,236 "89";
90 2 1 41,67 "90";
91 1 0 67,147 "91";
92 1 1 150,163 "92";
93 0 0 158,171 "93";
94 1 1 154,183 "94";
95 1 1 20,110 "95";
96 0 0 39,130 "96";
97 2 1 21,22 "97";
98 1 0 27,103 "98";
99 1 1 14,162 "99";
100 0 0 33,146 "100";
101 1 1 151,164 "101";
102 1 0 120,226 "102";
103 1 1 28,170 "103";
104 1 1 15,218 "104";
105 1 1 41,48 "105";
106 2 1 99,143 "106";
107 0 0 202,205 "107";
108 0 1 2,10 "108";
109 0 0 196,198 "109";
110 0 0 37,135 "110";
111 0 1 37,72 "111";
112 2 0 6,143 "112";
113 1 0 105,170 "113";
114 2 1 127,147 "114";
115 2 1 57,164 "115";
116 0 0 78,89 "116";
117 2 0 58,72 "117";
118 2 0 13,100 "118";
119 0 0 34,198 "119";
120 0 1 97,129 "120";
121 1 1 91,143 "121";
122 1 1 108,127 "122";
123 1 0 77,125 "123";
124 1 0 182,204 "124";
125 0 0 61,162 "125";
126 0 0 185,192 "126";
127 0 1 15,138 "127";
128 1 1 132,168 "128";
129 2 1 68,198 "129";
130 0 1 76,157 "130";
131 1 0 134,160 "131";
132 1 0 123,179 "132";
133 1 1 18,118 "133";
134 1 1 54,206 "134";
135 2 0 14,136 "135";
136 1 0 82,113 "136";
137 2 0 74,93 "137";
138 0 0 130,140 "138";
139 2 1 129,181 "139";
140 1 0 29,103 "140";
141 1 1 15,64 "141";
142 0 1 116,229 "142";
143 1 1 26,157 "143";
144 1 0 89,239 "144";
145 1 0 67,235 "145";
146 2 1 64,238 "146";
147 1 0 44,146 "147";
148 1 1 147,225 "148";
149 2 0 139,216 "149";
150 2 1 56,220 "150";
151 1 1 59,187 "151";
152 0 0 79,159 "152";
153 0 0 102,162 "153";
154 0 0 6,59 "154";
155 1 1 54,130 "155";
156 0 1 135,153 "156";
157 1 1 15,142 "157";
158 2 1 148,198 "158";
159 0 0 6,176 "159";
160 0 0 2,44 "160";
161 0 1 58,195 "161";
162 2 1 161,185 "162";
163 1 1 184,198 "163";
164 2 0 131,204 "164";
165 0 0 26,130 "165";
166 1 1 56,91 "166";
167 2 1 108,195 "167";
168 0 1 59,132 "168";
169 0 0 101,108 "169";
170 1 0 125,138 "170";
171 0 1 8,174 "171";
172 2 1 129,190 "172";
173 2 1 137,164 "173";
174 1 1 3,72 "174";
175 0 1 111,156 "175";
176 0 1 56,242 "176";
177 2 0 82,154 "177";
178 2 0 165,229 "178";
179 1 0 68,108 "179";
180 2 0 99,195 "180";
181 2 1 94,215 "181";
182 2 1 93,230 "182";
183 0 1 87,213 "183";
184 0 0 69,149 "184";
185 0 1 84,179 "185";
186 0 1 11,57 "186";
187 2 1 107,212 "187";
188 0 0 3,67 "188";
189 1 0 160,181 "189";
190 1 1 85,138 "190";
191 0 0 34,41 "191";
192 1 1 128,241 "192";
193 2 0 64,182 "193";
194 1 0 72,124 "194";
195 1 1 85,110 "195";
196 0 0 109,236 "196";
197 0 1 140,175 "197";
198 0 1 47,185 "198";
199 0 0 156,188 "199";
200 0 1 11,234 "200";
201 2 1 50,93 "201";
202 2 0 25,89 "202";
203 1 1 119,171 "203";
204 0 1 87,230 "204";
205 0 1 13,157 "205";
206 2 0 56,186 "206";
207 0 0 5,80 "207";
208 0 1 155,230 "208";
209 2 1 149,212 "209";
210 1 0 89,194 "210";
211 2 1 91,103 "211";
212 1 0 148,198 "212";
213 0 0 113,194 "213";
214 1 0 82,199 "214";
215 2 0 41,110 "215";
216 1 0 106,147 "216";
217 0 1 44,142 "217";
218 2 1 48,156 "218";
219 1 0 98,145 "219";
220 1 0 19,105 "220";
221 0 0 30,199 "221";
222 2 0 83,131 "222";
223 2 0 46,88 "223";
224 2 0 100,106 "224";
225 1 1 72,189 "225";
226 2 1 60,105 "226";
227 1 0 3,137 "227";
228 0 1 60,175 "228";
229 2 0 189,225 "229";
230 2 0 44,135 "230";
231 2 1 78,139 "231";
232 1 1 46,149 "232";
233 1 0 86,114 "233";
234 2 0 183,196 "234";
235 2 1 123,141 "235";
236 1 0 116,207 "236";
237 2 0 40,228 "237";
238 0 1 28,39 "238";
239 2 1 12,45 "239";
240 2 0 164,169 "240";
241 0 0 167,201 "241";
242 0 0 11,218 "242";
243 1 1 21,35 "243";
244 0 1 143,214 "244";
