parity 269;
0 1 1 85,146 "0";
1 2 0 129,267 "1";
2 1 0 71,199 "2";
3 2 0 0,92 "3";
4 0 1 6,105 "4";
5 0 0 128,251 "5";
6 1 0 109,185 "6";
7 1 1 0,4 "7";
8 1 1 157,163 "8";
9 0 0 71,89 "9";
10 1 0 5,165 "10";
11 0 0 34,258 "11";
12 0 0 44,55 "12";
13 1 0 24,75 "13";
14 1 1 4,248 "14";
15 2 0 89,253 "15";
16 2 1 41,122 "16";
17 2 1 4,165 "17";
18 2 0 54,262 "18";
19 0 0 107,186 "19";
20 0 0 224,269 "20";
21 2 1 117,253 "21";
22 2 0 154,246 "22";
23 2 0 115,181 "23";
24 1 1 66,261 "24";
25 0 1 176,262 "25";
26 2 1 42,208 "26";
27 1 0 157,182 "27";
28 1 0 10,158 "28";
29 0 0 141,210 "29";
30 2 1 35,85 "30";
31 2 0 27,84 "31";
32 2 1 25,202 "32";
33 0 0 66,125 "33";
34 2 0 112,126 "34";
35 1 1 147,183 "35";
36 0 0 26,148 "36";
37 1 1 111,235 "37";
38 0 0 27,183 "38";
39 2 1 2,12 "39";
40 2 0 213,253 "40";
41 2 0 230,240 "41";
42 1 0 137,202 "42";
43 0 0 42,199 "43";
44 2 1 93,154 "44";
45 0 1 28,35 "45";
46 1 0 33,82 "46";
47 0 1 173,241 "47";
48 1 1 74,207 "48";
49 0 0 18,138 "49";
50 2 1 72,235 "50";
51 0 0 47,189 "51";
52 1 1 41,102 "52";
53 2 0 93,109 "53";
54 0 1 156,251 "54";
55 1 1 130,230 "55";
56 1 0 108,269 "56";
57 0 1 81,115 "57";
58 0 0 130,182 "58";
59 2 0 74,86 "59";
60 2 1 176,177 "60";
61 1 1 11,202 "61";
62 1 1 203,251 "62";
63 1 1 62,81 "63";
64 2 0 145,238 "64";
65 0 0 226,241 "65";
66 1 0 43,267 "66";
67 2 0 10,203 "67";
68 1 1 72,239 "68";
69 2 0 19,261 "69";
70 0 0 218,261 "70";
71 2 0 106,134 "71";
72 2 0 106,158 "72";
73 1 1 88,137 "73";
74 1 0 16,135 "74";
75 1 1 56,165 "75";
76 2 1 97,140 "76";
77 2 0 56,186 "77";
78 0 1 74,196 "78";
79 0 0 112,234 "79";
80 1 1 7,166 "80";
81 1 1 162,183 "81";
82 1 0 67,138 "82";
83 0 0 198,238 "83";
84 0 1 61,245 "84";
85 0 0 153,205 "85";
86 0 0 59,266 "86";
87 1 0 112,209 "87";
88 2 0 16,125 "88";
89 0 0 14,43 "89";
90 2 1 186,209 "90";
91 0 1 58,212 "91";
92 2 0 85,129 "92";
93 0 1 156,249 "93";
94 0 1 171,215 "94";
95 2 1 185,253 "95";
96 1 1 69,77 "96";
97 2 0 25,147 "97";
98 0 1 66,128 "98";
99 2 1 10,202 "99";
100 1 1 113,214 "100";
101 1 0 23,32 "101";
102 0 0 47,196 "102";
103 1 1 125,232 "103";
104 2 1 13,177 "104";
105 2 1 53,61 "105";
106 2 1 2,4 "106";
107 2 0 0,189 "107";
108 2 0 72,263 "108";
109 2 1 98,236 "109";
110 2 0 79,187 "110";
111 0 0 4,103 "111";
112 1 1 98,211 "112";
113 0 0 72,115 "113";
114 0 1 132,247 "114";
115 2 1 125,249 "115";
116 1 0 34,134 "116";
117 1 1 50,106 "117";
118 0 1 98,265 "118";
119 1 1 52,217 "119";
120 1 0 75,153 "120";
121 0 1 41,223 "121";
122 0 0 215,253 "122";
123 0 0 168,231 "123";
124 0 0 108,254 "124";
125 2 1 168,256 "125";
126 0 0 38,123 "126";
127 2 1 62,263 "127";
128 1 1 88,108 "128";
129 1 0 44,60 "129";
130 1 1 23,214 "130";
131 0 0 151,218 "131";
132 2 1 30,72 "132";
133 0 1 8,180 "133";
134 1 0 6,251 "134";
135 1 1 60,96 "135";
136 0 1 9,24 "136";
137 1 0 231,256 "137";
138 1 0 23,221 "138";
139 1 1 83,176 "139";
140 2 0 40,138 "140";
141 2 1 39,195 "141";
142 1 1 81,255 "142";
143 0 1 210,266 "143";
144 0 0 135,268 "144";
145 1 0 151,267 "145";
146 2 1 105,216 "146";
147 2 0 153,204 "147";
148 1 1 140,149 "148";
149 1 1 19,69 "149";
150 1 0 50,174 "150";
151 1 1 98,124 "151";
152 2 0 162,240 "152";
153 0 1 141,168 "153";
154 2 0 124,259 "154";
155 2 1 130,205 "155";
156 0 0 47,160 "156";
157 2 1 129,230 "157";
158 2 1 97,174 "158";
159 0 0 45,87 "159";
160 1 0 143,206 "160";
161 0 1 34,183 "161";
162 0 0 97,258 "162";
163 1 0 22,139 "163";
164 0 1 218,240 "164";
165 2 1 107,253 "165";
166 0 0 44,48 "166";
167 2 0 52,137 "167";
168 2 1 57,199 "168";
169 2 1 42,81 "169";
170 0 0 115,264 "170";
171 0 1 251,265 "171";
172 1 0 39,256 "172";
173 0 0 33,41 "173";
174 1 1 168,221 "174";
175 1 1 120,228 "175";
176 2 1 88,99 "176";
177 2 0 42,84 "177";
178 0 0 12,176 "178";
179 1 1 90,137 "179";
180 1 0 118,151 "180";
181 2 0 114,146 "181";
182 1 1 70,195 "182";
183 0 0 69,172 "183";
184 2 1 42,230 "184";
185 1 1 18,265 "185";
186 1 1 108,160 "186";
187 0 1 22,152 "187";
188 0 0 143,262 "188";
189 0 1 96,256 "189";
190 2 1 40,176 "190";
191 2 1 44,152 "191";
192 0 0 5,232 "192";
193 0 0 0,176 "193";
194 1 1 61,171 "194";
195 0 1 129,234 "195";
196 0 1 80,171 "196";
197 0 1 167,246 "197";
198 0 0 113,165 "198";
199 1 0 87,228 "199";
200 2 0 64,145 "200";
201 1 1 77,207 "201";
202 0 1 45,125 "202";
203 1 1 147,158 "203";
204 0 1 164,214 "204";
205 1 1 23,57 "205";
206 0 1 16,62 "206";
207 2 0 15,189 "207";
208 1 1 120,264 "208";
209 0 1 168,202 "209";
210 1 0 78,136 "210";
211 0 0 12,265 "211";
212 2 1 138,262 "212";
213 1 0 44,122 "213";
214 0 1 151,196 "214";
215 0 1 5,257 "215";
216 2 1 191,198 "216";
217 0 0 28,147 "217";
218 1 0 7,85 "218";
219 1 1 161,243 "219";
220 0 0 3,222 "220";
221 1 1 65,174 "221";
222 1 1 167,193 "222";
223 2 1 35,193 "223";
224 2 1 90,129 "224";
225 1 0 201,221 "225";
226 1 0 225,250 "226";
227 2 0 4,220 "227";
228 1 0 195,214 "228";
229 0 0 118,219 "229";
230 2 1 29,241 "230";
231 2 0 64,205 "231";
232 0 0 45,154 "232";
233 1 1 143,217 "233";
234 0 0 45,206 "234";
235 0 1 93,248 "235";
236 0 1 79,251 "236";
237 0 0 21,174 "237";
238 0 1 157,189 "238";
239 2 1 51,67 "239";
240 0 1 63,110 "240";
241 0 1 64,238 "241";
242 0 1 15,225 "242";
243 0 1 34,127 "243";
244 1 0 239,269 "244";
245 2 1 8,112 "245";
246 0 0 253,265 "246";
247 2 1 19,219 "247";
248 2 1 153,213 "248";
249 0 1 63,100 "249";
250 2 0 50,90 "250";
251 1 0 71,186 "251";
252 0 0 172,225 "252";
253 1 1 38,211 "253";
254 1 0 85,247 "254";
255 1 1 34,224 "255";
256 1 1 58,201 "256";
257 1 1 14,181 "257";
258 0 1 30,264 "258";
259 2 1 48,192 "259";
260 2 1 49,185 "260";
261 2 0 181,196 "261";
262 1 0 129,144 "262";
263 0 0 90,239 "263";
264 0 1 67,113 "264";
265 0 1 26,187 "265";
266 1 1 43,84 "266";
267 0 0 35,81 "267";
268 0 0 24,232 "268";
269 1 1 28,217 "269";
