parity 239;
0 1 1 61,212 "0";
1 2 0 68,206 "1";
2 2 1 106,145 "2";
3 2 1 69,200 "3";
4 1 0 37,70 "4";
5 1 0 200,237 "5";
6 2 1 55,137 "6";
7 1 1 24,187 "7";
8 0 0 118,192 "8";
9 1 1 193,215 "9";
10 2 1 113,203 "10";
11 1 0 58,215 "11";
12 0 0 139,203 "12";
13 2 0 17,130 "13";
14 0 0 74,196 "14";
15 2 0 61,219 "15";
16 1 1 9,30 "16";
17 2 0 30,212 "17";
18 0 1 85,212 "18";
19 2 0 70,191 "19";
20 1 1 163,203 "20";
21 1 0 24,74 "21";
22 1 1 21,191 "22";
23 0 1 47,212 "23";
24 0 0 37,67 "24";
25 0 1 82,175 "25";
26 0 1 78,131 "26";
27 0 0 24,83 "27";
28 1 1 71,156 "28";
29 0 1 57,63 "29";
30 1 0 135,156 "30";
31 1 0 137,190 "31";
32 1 1 8,154 "32";
33 0 0 46,106 "33";
34 1 1 92,118 "34";
35 0 0 58,99 "35";
36 1 1 103,237 "36";
37 2 1 27,232 "37";
38 1 0 90,155 "38";
39 1 0 20,184 "39";
40 1 1 71,85 "40";
41 1 1 97,129 "41";
42 2 1 0,138 "42";
43 1 0 81,148 "43";
44 2 1 135,187 "44";
45 2 1 61,63 "45";
46 0 1 104,196 "46";
47 1 0 94,201 "47";
48 0 1 159,165 "48";
49 0 0 172,191 "49";
50 2 0 79,143 "50";
51 0 1 30,82 "51";
52 1 0 19,219 "52";
53 1 0 5,137 "53";
54 2 1 175,230 "54";
55 0 0 21,191 "55";
56 2 0 139,191 "56";
57 2 1 70,118 "57";
58 0 1 8,136 "58";
59 1 0 105,128 "59";
60 0 0 21,163 "60";
61 2 1 1,94 "61";
62 1 1 110,207 "62";
63 1 1 136,160 "63";
64 2 0 31,35 "64";
65 0 1 208,238 "65";
66 1 1 42,112 "66";
67 2 0 76,116 "67";
68 1 0 179,195 "68";
69 2 0 59,168 "69";
70 2 1 75,107 "70";
71 1 0 131,211 "71";
72 1 1 139,225 "72";
73 2 0 82,228 "73";
74 0 1 91,145 "74";
75 0 0 26,147 "75";
76 1 1 99,105 "76";
77 1 1 25,189 "77";
78 1 0 60,216 "78";
79 0 1 167,193 "79";
80 1 0 71,149 "80";
81 1 1 30,221 "81";
82 1 1 211,230 "82";
83 1 0 100,138 "83";
84 1 0 38,233 "84";
85 1 1 81,219 "85";
86 2 1 97,111 "86";
87 0 0 69,76 "87";
88 0 1 96,148 "88";
89 2 1 197,232 "89";
90 1 0 48,142 "90";
91 0 1 88,139 "91";
92 0 0 67,78 "92";
93 0 0 1,183 "93";
94 2 1 7,124 "94";
95 0 0 224,230 "95";
96 0 1 11,203 "96";
97 2 1 150,184 "97";
98 1 1 137,139 "98";
99 2 0 38,173 "99";
100 2 0 16,58 "100";
101 2 1 43,132 "101";
102 0 0 65,100 "102";
103 1 0 48,228 "103";
104 1 0 33,140 "104";
105 2 1 115,224 "105";
106 0 0 32,43 "106";
107 1 1 137,182 "107";
108 1 0 9,237 "108";
109 1 1 185,232 "109";
110 0 0 71,80 "110";
111 0 0 0,159 "111";
112 2 1 48,99 "112";
113 0 0 16,173 "113";
114 0 1 158,161 "114";
115 0 0 66,167 "115";
116 2 0 194,201 "116";
117 0 0 136,239 "117";
118 2 1 121,230 "118";
119 2 1 183,201 "119";
120 1 0 39,94 "120";
121 2 0 161,174 "121";
122 2 1 112,137 "122";
123 0 0 97,137 "123";
124 2 0 31,229 "124";
125 2 0 8,104 "125";
126 1 1 95,156 "126";
127 1 0 51,219 "127";
128 2 1 145,185 "128";
129 2 0 3,126 "129";
130 1 0 153,232 "130";
131 1 1 47,48 "131";
132 2 1 88,236 "132";
133 1 0 50,165 "133";
134 2 1 3,67 "134";
135 2 1 177,232 "135";
136 2 0 103,193 "136";
137 2 0 23,79 "137";
138 2 0 71,223 "138";
139 2 1 37,109 "139";
140 2 1 129,193 "140";
141 0 0 104,154 "141";
142 0 0 151,184 "142";
143 2 1 111,223 "143";
144 0 1 100,122 "144";
145 0 1 72,216 "145";
146 0 0 21,122 "146";
147 2 0 41,175 "147";
148 2 0 20,23 "148";
149 1 1 85,206 "149";
150 0 0 111,145 "150";
151 0 1 49,201 "151";
152 0 1 125,178 "152";
153 2 1 21,122 "153";
154 0 1 56,68 "154";
155 2 1 207,229 "155";
156 0 1 23,66 "156";
157 1 1 106,131 "157";
158 0 1 127,154 "158";
159 0 1 79,141 "159";
160 2 0 35,198 "160";
161 0 0 133,168 "161";
162 2 0 26,89 "162";
163 1 1 17,138 "163";
164 2 0 84,118 "164";
165 0 0 21,144 "165";
166 0 1 64,179 "166";
167 1 0 125,173 "167";
168 0 1 34,131 "168";
169 1 0 105,228 "169";
170 0 1 116,198 "170";
171 1 1 38,219 "171";
172 2 1 133,154 "172";
173 0 1 71,199 "173";
174 0 1 217,227 "174";
175 0 0 125,221 "175";
176 1 0 21,140 "176";
177 2 0 80,217 "177";
178 0 1 43,216 "178";
179 1 0 202,221 "179";
180 1 1 151,206 "180";
181 1 0 177,182 "181";
182 2 0 97,119 "182";
183 0 0 112,215 "183";
184 2 1 76,177 "184";
185 1 0 142,188 "185";
186 2 0 38,70 "186";
187 2 1 93,138 "187";
188 2 0 10,48 "188";
189 2 0 88,216 "189";
190 2 0 188,215 "190";
191 1 1 88,185 "191";
192 1 0 149,183 "192";
193 2 1 147,154 "193";
194 1 0 135,198 "194";
195 2 1 152,186 "195";
196 1 1 92,102 "196";
197 2 0 92,224 "197";
198 2 1 47,224 "198";
199 0 1 163,202 "199";
200 0 0 134,225 "200";
201 1 0 96,180 "201";
202 2 1 125,165 "202";
203 2 0 36,55 "203";
204 0 1 46,131 "204";
205 2 1 158,218 "205";
206 0 0 7,224 "206";
207 2 1 5,34 "207";
208 0 1 84,149 "208";
209 1 1 38,58 "209";
210 0 1 138,211 "210";
211 1 0 5,138 "211";
212 2 0 39,202 "212";
213 2 0 107,131 "213";
214 0 0 184,189 "214";
215 0 1 131,188 "215";
216 0 0 7,234 "216";
217 1 1 47,229 "217";
218 2 0 153,236 "218";
219 1 1 183,192 "219";
220 0 1 29,163 "220";
221 2 0 102,203 "221";
222 0 0 77,81 "222";
223 0 1 9,87 "223";
224 2 0 82,220 "224";
225 0 1 65,227 "225";
226 1 1 17,217 "226";
227 2 0 127,197 "227";
228 2 1 2,5 "228";
229 0 0 5,25 "229";
230 1 0 209,220 "230";
231 0 0 85,202 "231";
232 1 0 119,181 "232";
233 1 0 80,208 "233";
234 0 1 26,111 "234";
235 2 1 5,176 "235";
236 2 0 46,215 "236";
237 1 0 130,180 "237";
238 2 1 74,136 "238";
239 0 0 63,83 "239";
