parity 249;
0 1 1 25,36 "0";
1 1 0 37,223 "1";
2 1 1 162,245 "2";
3 0 0 71,73 "3";
4 2 1 30,115 "4";
5 2 1 120,147 "5";
6 2 0 41,227 "6";
7 2 0 180,231 "7";
8 0 0 162,194 "8";
9 2 0 94,193 "9";
10 2 1 25,82 "10";
11 0 0 7,155 "11";
12 1 1 14,156 "12";
13 1 0 116,144 "13";
14 2 1 30,233 "14";
15 1 0 25,131 "15";
16 1 1 137,139 "16";
17 0 1 93,202 "17";
18 1 1 56,87 "18";
19 2 0 29,242 "19";
20 1 1 123,147 "20";
21 0 1 60,211 "21";
22 1 1 9,244 "22";
23 1 1 74,201 "23";
24 2 1 117,167 "24";
25 2 1 137,225 "25";
26 0 0 101,139 "26";
27 1 0 68,166 "27";
28 2 0 117,196 "28";
29 1 0 4,77 "29";
30 1 1 123,146 "30";
31 0 0 205,228 "31";
32 0 0 29,196 "32";
33 1 1 77,242 "33";
34 1 1 156,191 "34";
35 0 1 48,210 "35";
36 2 1 66,230 "36";
37 2 0 62,63 "37";
38 0 1 51,112 "38";
39 1 0 64,156 "39";
40 1 1 128,174 "40";
41 1 1 146,161 "41";
42 2 1 62,208 "42";
43 1 1 91,222 "43";
44 2 1 101,128 "44";
45 2 1 65,222 "45";
46 0 0 71,102 "46";
47 1 0 184,212 "47";
48 0 0 123,174 "48";
49 0 1 51,78 "49";
50 0 0 108,224 "50";
51 1 1 87,193 "51";
52 0 1 133,231 "52";
53 2 1 142,165 "53";
54 1 1 117,232 "54";
55 1 1 186,204 "55";
56 1 1 42,48 "56";
57 1 1 187,226 "57";
58 2 1 63,141 "58";
59 1 1 5,72 "59";
60 1 1 129,168 "60";
61 2 0 160,177 "61";
62 2 0 179,203 "62";
63 0 1 174,202 "63";
64 2 1 0,209 "64";
65 1 0 52,238 "65";
66 1 1 83,123 "66";
67 1 0 3,224 "67";
68 1 0 46,118 "68";
69 0 0 81,232 "69";
70 0 1 213,230 "70";
71 2 1 9,124 "71";
72 2 0 0,5 "72";
73 1 0 92,174 "73";
74 1 1 188,238 "74";
75 1 1 24,49 "75";
76 1 0 0,135 "76";
77 2 1 59,133 "77";
78 0 0 34,196 "78";
79 1 0 80,177 "79";
80 2 1 8,220 "80";
81 1 1 54,206 "81";
82 0 1 7,174 "82";
83 0 1 132,227 "83";
84 2 0 33,208 "84";
85 2 0 18,111 "85";
86 1 1 56,222 "86";
87 0 0 54,243 "87";
88 2 0 180,201 "88";
89 0 1 172,224 "89";
90 0 0 175,210 "90";
91 2 1 47,193 "91";
92 1 1 42,146 "92";
93 2 1 195,218 "93";
94 2 0 30,92 "94";
95 1 1 113,182 "95";
96 0 0 161,180 "96";
97 1 0 194,249 "97";
98 1 0 64,208 "98";
99 0 0 137,147 "99";
100 1 1 207,232 "100";
101 0 0 40,87 "101";
102 2 1 149,195 "102";
103 0 0 89,138 "103";
104 1 1 108,176 "104";
105 1 1 1,168 "105";
106 2 1 107,114 "106";
107 1 0 130,248 "107";
108 2 1 116,186 "108";
109 1 1 64,170 "109";
110 2 0 4,141 "110";
111 1 1 81,233 "111";
112 0 0 153,218 "112";
113 2 1 42,159 "113";
114 2 1 204,243 "114";
115 2 1 55,208 "115";
116 0 1 57,155 "116";
117 0 0 57,189 "117";
118 0 0 16,216 "118";
119 0 1 24,33 "119";
120 2 0 31,92 "120";
121 2 0 27,175 "121";
122 1 0 37,105 "122";
123 1 1 190,211 "123";
124 2 1 58,114 "124";
125 1 1 25,61 "125";
126 1 0 38,239 "126";
127 2 0 131,232 "127";
128 2 0 213,226 "128";
129 1 1 123,165 "129";
130 2 1 110,139 "130";
131 1 1 152,183 "131";
132 2 1 33,38 "132";
133 0 0 35,236 "133";
134 0 1 78,143 "134";
135 0 0 131,223 "135";
136 2 0 35,104 "136";
137 0 1 139,146 "137";
138 2 1 150,237 "138";
139 0 0 59,229 "139";
140 1 0 202,230 "140";
141 2 0 20,170 "141";
142 2 0 152,156 "142";
143 1 1 145,179 "143";
144 2 1 60,136 "144";
145 0 0 15,202 "145";
146 2 1 105,203 "146";
147 0 0 0,241 "147";
148 1 1 22,42 "148";
149 0 0 131,175 "149";
150 1 1 39,163 "150";
151 2 0 171,186 "151";
152 0 1 93,123 "152";
153 1 1 146,156 "153";
154 1 0 70,169 "154";
155 1 0 60,236 "155";
156 1 1 3,114 "156";
157 0 1 91,180 "157";
158 2 1 113,126 "158";
159 0 1 78,189 "159";
160 1 1 106,171 "160";
161 2 1 96,243 "161";
162 2 1 22,189 "162";
163 2 0 23,124 "163";
164 1 0 38,249 "164";
165 0 1 24,215 "165";
166 0 1 167,205 "166";
167 2 0 178,233 "167";
168 2 0 113,143 "168";
169 1 0 123,206 "169";
170 2 0 194,240 "170";
171 1 0 117,195 "171";
172 1 1 197,211 "172";
173 1 0 170,171 "173";
174 1 1 133,207 "174";
175 1 0 122,139 "175";
176 1 0 204,217 "176";
177 0 0 3,107 "177";
178 1 0 138,236 "178";
179 2 0 20,36 "179";
180 0 1 79,162 "180";
181 2 0 13,84 "181";
182 2 1 58,161 "182";
183 2 0 22,216 "183";
184 1 0 156,164 "184";
185 1 0 11,154 "185";
186 0 1 102,170 "186";
187 1 1 217,233 "187";
188 2 0 29,138 "188";
189 1 0 42,73 "189";
190 0 0 166,169 "190";
191 1 0 116,141 "191";
192 1 1 51,186 "192";
193 1 1 54,144 "193";
194 0 1 159,215 "194";
195 1 0 143,200 "195";
196 1 0 41,219 "196";
197 1 1 37,216 "197";
198 2 0 78,237 "198";
199 0 1 51,160 "199";
200 0 1 23,38 "200";
201 1 0 61,219 "201";
202 0 1 109,145 "202";
203 0 0 151,179 "203";
204 2 0 73,190 "204";
205 0 0 37,39 "205";
206 2 1 189,217 "206";
207 0 1 10,76 "207";
208 2 0 4,182 "208";
209 2 1 102,166 "209";
210 2 0 60,125 "210";
211 1 1 42,220 "211";
212 1 1 198,246 "212";
213 2 1 102,185 "213";
214 2 1 123,165 "214";
215 2 1 11,130 "215";
216 0 0 66,90 "216";
217 0 1 13,160 "217";
218 2 1 176,222 "218";
219 1 0 35,90 "219";
220 1 0 49,136 "220";
221 0 1 113,223 "221";
222 2 1 131,178 "222";
223 0 0 9,194 "223";
224 0 1 156,230 "224";
225 0 0 96,181 "225";
226 0 0 114,138 "226";
227 0 1 137,148 "227";
228 2 0 88,131 "228";
229 1 0 121,205 "229";
230 0 0 164,233 "230";
231 1 0 113,167 "231";
232 1 1 110,226 "232";
233 2 0 20,160 "233";
234 1 0 41,140 "234";
235 0 0 44,81 "235";
236 1 1 96,168 "236";
237 2 1 32,105 "237";
238 0 1 124,134 "238";
239 2 0 215,227 "239";
240 2 1 22,131 "240";
241 2 0 27,239 "241";
242 2 0 32,128 "242";
243 1 1 79,215 "243";
244 2 0 82,154 "244";
245 0 1 85,191 "245";
246 0 0 102,198 "246";
247 0 0 77,87 "247";
248 0 1 127,231 "248";
249 1 1 185,204 "249";
