parity 259;
0 0 0 51,165 "0";
1 0 0 16,51 "1";
2 2 1 186,191 "2";
3 1 1 220,250 "3";
4 1 0 54,92 "4";
5 2 1 126,255 "5";
6 2 0 105,156 "6";
7 2 0 24,62 "7";
8 0 0 18,75 "8";
9 0 1 77,145 "9";
10 2 1 140,159 "10";
11 1 1 172,210 "11";
12 0 0 147,155 "12";
13 2 0 86,247 "13";
14 1 0 73,238 "14";
15 1 0 52,235 "15";
16 2 0 135,139 "16";
17 0 1 105,175 "17";
18 0 1 166,186 "18";
19 0 1 155,181 "19";
20 0 1 91,150 "20";
21 2 0 40,210 "21";
22 2 1 47,52 "22";
23 0 0 65,194 "23";
24 1 1 63,169 "24";
25 2 0 154,210 "25";
26 2 0 62,67 "26";
27 1 0 152,171 "27";
28 0 1 26,152 "28";
29 2 1 100,254 "29";
30 0 0 217,249 "30";
31 0 0 95,195 "31";
32 2 1 7,61 "32";
33 1 0 13,199 "33";
34 1 0 87,157 "34";
35 0 0 158,246 "35";
36 2 0 42,144 "36";
37 0 0 247,256 "37";
38 1 1 227,230 "38";
39 0 0 34,161 "39";
40 0 1 237,252 "40";
41 1 1 30,204 "41";
42 0 0 67,137 "42";
43 0 1 75,251 "43";
44 0 0 76,163 "44";
45 1 1 117,191 "45";
46 0 0 136,195 "46";
47 0 0 34,170 "47";
48 2 1 39,64 "48";
49 1 0 40,86 "49";
50 2 1 198,236 "50";
51 1 1 178,179 "51";
52 0 0 10,135 "52";
53 0 0 166,249 "53";
54 0 1 30,68 "54";
55 0 0 165,243 "55";
56 1 1 18,57 "56";
57 2 1 54,242 "57";
58 1 1 70,176 "58";
59 0 0 7,48 "59";
60 1 0 107,114 "60";
61 2 0 137,151 "61";
62 0 0 101,193 "62";
63 2 0 116,125 "63";
64 0 0 148,232 "64";
65 0 0 1,34 "65";
66 2 0 96,142 "66";
67 2 1 17,202 "67";
68 1 0 151,205 "68";
69 1 0 39,187 "69";
70 2 0 39,196 "70";
71 0 1 66,109 "71";
72 0 1 18,202 "72";
73 1 0 93,206 "73";
74 2 0 56,93 "74";
75 0 1 158,171 "75";
76 1 0 18,73 "76";
77 1 1 8,159 "77";
78 0 1 143,216 "78";
79 2 0 177,240 "79";
80 0 0 131,152 "80";
81 0 1 88,107 "81";
82 1 1 6,123 "82";
83 1 0 26,65 "83";
84 1 0 33,158 "84";
85 1 0 229,256 "85";
86 2 1 45,92 "86";
87 2 1 156,191 "87";
88 2 0 135,165 "88";
89 0 1 77,208 "89";
90 1 0 13,33 "90";
91 1 0 69,124 "91";
92 1 0 41,193 "92";
93 1 0 48,136 "93";
94 1 1 2,162 "94";
95 2 0 234,253 "95";
96 1 1 2,16 "96";
97 2 1 115,211 "97";
98 0 0 16,194 "98";
99 2 0 39,168 "99";
100 0 1 21,206 "100";
101 1 1 6,234 "101";
102 2 0 134,222 "102";
103 1 0 139,189 "103";
104 2 0 60,130 "104";
105 0 0 64,149 "105";
106 1 0 140,252 "106";
107 0 1 197,232 "107";
108 2 0 72,82 "108";
109 0 0 122,187 "109";
110 2 0 164,236 "110";
111 0 1 89,226 "111";
112 0 1 94,147 "112";
113 2 0 71,252 "113";
114 2 0 216,253 "114";
115 0 1 180,247 "115";
116 2 1 40,248 "116";
117 0 1 59,218 "117";
118 2 0 62,121 "118";
119 1 1 64,189 "119";
120 0 1 75,115 "120";
121 2 1 84,226 "121";
122 0 1 77,222 "122";
123 1 1 165,206 "123";
124 0 0 115,188 "124";
125 1 0 144,146 "125";
126 0 1 58,244 "126";
127 2 1 2,165 "127";
128 2 0 179,251 "128";
129 1 0 187,228 "129";
130 2 1 40,177 "130";
131 2 1 77,255 "131";
132 2 1 64,230 "132";
133 0 1 123,242 "133";
134 1 1 77,193 "134";
135 2 0 114,182 "135";
136 0 1 132,182 "136";
137 2 0 135,136 "137";
138 1 1 99,232 "138";
139 0 0 39,127 "139";
140 1 1 28,42 "140";
141 0 1 97,227 "141";
142 0 1 36,128 "142";
143 0 0 163,201 "143";
144 1 1 77,100 "144";
145 2 0 55,91 "145";
146 0 1 132,139 "146";
147 1 0 44,149 "147";
148 0 1 155,169 "148";
149 2 0 134,181 "149";
150 2 1 25,139 "150";
151 1 0 88,132 "151";
152 0 1 31,227 "152";
153 0 0 172,219 "153";
154 1 1 91,153 "154";
155 2 1 240,254 "155";
156 0 0 80,207 "156";
157 2 0 219,224 "157";
158 2 1 179,197 "158";
159 1 0 122,252 "159";
160 1 1 24,119 "160";
161 2 1 115,201 "161";
162 0 0 78,184 "162";
163 2 1 9,183 "163";
164 0 0 104,159 "164";
165 2 1 83,116 "165";
166 2 1 112,209 "166";
167 0 1 21,24 "167";
168 0 0 130,147 "168";
169 0 0 184,202 "169";
170 2 0 22,185 "170";
171 0 0 35,140 "171";
172 2 1 20,65 "172";
173 0 1 31,102 "173";
174 0 1 53,67 "174";
175 0 1 46,56 "175";
176 1 1 4,88 "176";
177 2 0 147,155 "177";
178 1 1 37,99 "178";
179 2 1 147,178 "179";
180 2 1 197,251 "180";
181 2 0 43,74 "181";
182 2 0 9,228 "182";
183 2 0 62,216 "183";
184 2 0 196,254 "184";
185 2 0 133,198 "185";
186 2 0 200,240 "186";
187 0 0 47,196 "187";
188 0 0 142,157 "188";
189 1 1 40,100 "189";
190 2 0 127,168 "190";
191 0 1 120,163 "191";
192 2 0 14,201 "192";
193 1 1 158,259 "193";
194 2 0 42,99 "194";
195 2 1 182,237 "195";
196 1 1 18,66 "196";
197 2 0 142,184 "197";
198 1 0 135,244 "198";
199 2 0 36,152 "199";
200 1 1 37,138 "200";
201 1 1 87,179 "201";
202 1 0 138,226 "202";
203 2 0 17,194 "203";
204 2 1 35,142 "204";
205 1 1 130,193 "205";
206 0 0 10,18 "206";
207 0 0 13,245 "207";
208 0 0 64,109 "208";
209 1 1 62,257 "209";
210 0 1 34,148 "210";
211 1 1 67,243 "211";
212 2 1 104,202 "212";
213 1 1 151,153 "213";
214 2 0 254,258 "214";
215 0 0 97,232 "215";
216 2 1 19,83 "216";
217 2 1 213,253 "217";
218 0 0 44,187 "218";
219 1 1 2,249 "219";
220 1 0 96,255 "220";
221 0 0 2,82 "221";
222 2 0 149,177 "222";
223 1 0 59,74 "223";
224 2 1 117,192 "224";
225 2 0 2,244 "225";
226 2 1 136,194 "226";
227 0 1 100,203 "227";
228 2 0 133,166 "228";
229 1 1 1,73 "229";
230 2 0 115,249 "230";
231 2 0 114,253 "231";
232 1 1 138,200 "232";
233 1 0 89,242 "233";
234 1 1 188,189 "234";
235 2 0 5,63 "235";
236 0 1 210,228 "236";
237 0 0 49,92 "237";
238 2 1 41,146 "238";
239 0 1 147,160 "239";
240 1 1 167,186 "240";
241 2 1 98,178 "241";
242 1 1 199,246 "242";
243 0 0 12,230 "243";
244 2 1 63,235 "244";
245 2 0 89,154 "245";
246 2 1 172,191 "246";
247 0 0 67,179 "247";
248 2 1 31,133 "248";
249 1 0 49,228 "249";
250 2 1 149,207 "250";
251 1 0 56,81 "251";
252 2 1 109,205 "252";
253 2 0 119,252 "253";
254 0 1 64,100 "254";
255 1 0 152,200 "255";
256 0 0 88,235 "256";
257 2 1 68,225 "257";
258 0 1 9,72 "258";
259 1 0 20,211 "259";
