parity 199;
0 0 0 91,160 "0";
1 2 0 23,165 "1";
2 2 0 45,90 "2";
3 2 1 21,146 "3";
4 0 1 14,161 "4";
5 1 0 29,61 "5";
6 0 0 15,68 "6";
7 1 0 116,166 "7";
8 1 1 33,121 "8";
9 0 0 118,190 "9";
10 0 1 49,136 "10";
11 2 1 19,183 "11";
12 1 0 32,103 "12";
13 2 0 5,38 "13";
14 1 1 66,151 "14";
15 0 1 31,172 "15";
16 0 0 54,95 "16";
17 0 0 196,199 "17";
18 0 1 68,116 "18";
19 1 0 69,112 "19";
20 0 1 113,141 "20";
21 1 1 87,120 "21";
22 0 0 72,198 "22";
23 2 1 129,148 "23";
24 2 1 19,170 "24";
25 1 1 106,177 "25";
26 1 0 133,144 "26";
27 2 0 20,81 "27";
28 0 1 3,95 "28";
29 0 1 25,115 "29";
30 1 1 137,192 "30";
31 1 0 78,146 "31";
32 2 1 53,184 "32";
33 2 1 123,191 "33";
34 1 0 31,106 "34";
35 1 0 71,144 "35";
36 2 1 68,76 "36";
37 0 0 21,50 "37";
38 2 0 29,65 "38";
39 0 0 116,153 "39";
40 0 0 19,77 "40";
41 2 1 107,167 "41";
42 2 1 20,111 "42";
43 0 0 0,161 "43";
44 1 0 20,150 "44";
45 0 1 83,161 "45";
46 0 1 19,90 "46";
47 1 1 116,134 "47";
48 2 0 30,149 "48";
49 1 0 24,105 "49";
50 0 0 66,199 "50";
51 0 0 140,180 "51";
52 1 0 16,196 "52";
53 1 1 6,36 "53";
54 0 0 64,149 "54";
55 1 0 23,103 "55";
56 1 0 47,83 "56";
57 2 1 59,124 "57";
58 0 1 83,150 "58";
59 1 1 36,197 "59";
60 0 1 110,187 "60";
61 2 1 58,168 "61";
62 2 1 11,127 "62";
63 0 0 86,120 "63";
64 2 1 74,119 "64";
65 2 0 57,146 "65";
66 0 1 12,134 "66";
67 0 0 39,116 "67";
68 1 0 70,74 "68";
69 2 1 134,143 "69";
70 1 0 110,138 "70";
71 1 1 44,131 "71";
72 1 1 179,183 "72";
73 2 0 112,141 "73";
74 0 1 46,92 "74";
75 2 0 89,160 "75";
76 0 1 181,188 "76";
77 2 1 109,163 "77";
78 1 0 22,151 "78";
79 2 1 81,185 "79";
80 1 1 79,191 "80";
81 1 0 196,199 "81";
82 2 1 106,132 "82";
83 1 0 170,188 "83";
84 2 0 91,101 "84";
85 1 1 75,152 "85";
86 2 1 94,151 "86";
87 2 0 22,78 "87";
88 0 1 137,168 "88";
89 1 0 58,93 "89";
90 1 1 153,181 "90";
91 0 0 31,52 "91";
92 2 1 139,192 "92";
93 1 0 149,154 "93";
94 2 0 24,156 "94";
95 1 1 48,146 "95";
96 1 0 4,129 "96";
97 2 0 2,110 "97";
98 0 0 17,73 "98";
99 0 1 16,135 "99";
100 1 0 1,147 "100";
101 0 1 25,152 "101";
102 1 1 13,135 "102";
103 0 1 100,153 "103";
104 1 1 49,126 "104";
105 2 0 150,159 "105";
106 1 0 49,112 "106";
107 2 1 79,133 "107";
108 2 1 43,115 "108";
109 0 0 138,170 "109";
110 2 1 65,113 "110";
111 1 1 91,97 "111";
112 0 0 31,137 "112";
113 2 0 29,67 "113";
114 2 0 113,145 "114";
115 2 1 63,178 "115";
116 2 1 0,170 "116";
117 1 0 40,58 "117";
118 2 0 24,111 "118";
119 1 1 42,130 "119";
120 0 1 68,183 "120";
121 1 0 9,143 "121";
122 0 1 45,97 "122";
123 2 0 92,162 "123";
124 0 0 69,190 "124";
125 0 0 73,148 "125";
126 1 0 31,130 "126";
127 1 0 80,179 "127";
128 0 0 41,86 "128";
129 0 0 171,186 "129";
130 0 1 111,158 "130";
131 1 0 29,62 "131";
132 2 1 71,147 "132";
133 1 0 76,90 "133";
134 1 1 133,180 "134";
135 2 0 70,176 "135";
136 0 1 31,73 "136";
137 0 1 35,93 "137";
138 2 1 24,37 "138";
139 2 0 65,176 "139";
140 2 1 91,152 "140";
141 1 1 81,89 "141";
142 1 1 54,102 "142";
143 2 1 106,153 "143";
144 2 0 12,96 "144";
145 2 1 0,6 "145";
146 1 0 8,68 "146";
147 0 0 19,108 "147";
148 2 0 17,147 "148";
149 1 1 1,76 "149";
150 1 0 103,171 "150";
151 0 1 44,157 "151";
152 1 0 89,162 "152";
153 1 0 70,109 "153";
154 0 1 23,128 "154";
155 2 1 44,112 "155";
156 0 0 3,87 "156";
157 0 1 11,33 "157";
158 0 1 45,181 "158";
159 2 0 18,34 "159";
160 2 0 82,103 "160";
161 2 1 15,63 "161";
162 2 0 40,142 "162";
163 2 1 36,122 "163";
164 0 1 8,54 "164";
165 1 1 25,57 "165";
166 1 1 0,94 "166";
167 1 1 65,175 "167";
168 2 0 51,98 "168";
169 1 0 115,188 "169";
170 1 1 40,125 "170";
171 2 0 57,128 "171";
172 0 0 113,165 "172";
173 0 1 116,121 "173";
174 0 0 20,152 "174";
175 2 0 41,133 "175";
176 1 1 150,196 "176";
177 1 0 114,151 "177";
178 1 0 26,130 "178";
179 2 0 171,183 "179";
180 2 0 68,152 "180";
181 0 0 58,97 "181";
182 0 0 111,178 "182";
183 2 0 29,117 "183";
184 0 0 42,150 "184";
185 2 1 50,102 "185";
186 0 0 31,194 "186";
187 2 1 92,155 "187";
188 0 1 64,162 "188";
189 0 1 47,153 "189";
190 2 0 22,119 "190";
191 2 1 118,147 "191";
192 1 0 28,188 "192";
193 1 0 82,134 "193";
194 1 1 38,94 "194";
195 1 1 12,196 "195";
196 2 1 97,120 "196";
197 1 0 97,141 "197";
198 0 0 103,121 "198";
199 0 0 44,46 "199";
