parity 239;
0 2 1 112,147 "0";
1 2 0 36,52 "1";
2 1 1 207,214 "2";
3 2 0 19,25 "3";
4 0 1 62,147 "4";
5 0 0 43,159 "5";
6 1 0 4,225 "6";
7 1 1 16,110 "7";
8 1 1 22,47 "8";
9 2 1 46,50 "9";
10 0 1 120,159 "10";
11 0 0 124,165 "11";
12 2 0 116,211 "12";
13 1 0 60,84 "13";
14 2 1 51,239 "14";
15 2 1 127,182 "15";
16 1 1 12,129 "16";
17 1 1 115,169 "17";
18 2 0 40,68 "18";
19 2 1 7,82 "19";
20 0 0 35,156 "20";
21 2 1 25,63 "21";
22 0 0 56,188 "22";
23 2 1 86,137 "23";
24 1 0 58,231 "24";
25 0 1 6,27 "25";
26 1 1 43,182 "26";
27 2 0 37,225 "27";
28 1 1 200,224 "28";
29 2 1 133,203 "29";
30 1 0 72,88 "30";
31 1 0 60,136 "31";
32 0 1 3,96 "32";
33 0 0 61,109 "33";
34 0 1 191,222 "34";
35 0 1 72,191 "35";
36 1 0 28,67 "36";
37 1 0 177,225 "37";
38 2 1 102,132 "38";
39 0 0 85,220 "39";
40 1 1 22,155 "40";
41 0 1 79,194 "41";
42 1 0 91,126 "42";
43 0 1 108,164 "43";
44 2 0 184,210 "44";
45 2 1 2,127 "45";
46 1 0 17,149 "46";
47 2 0 62,222 "47";
48 0 0 191,204 "48";
49 0 1 66,175 "49";
50 0 0 49,165 "50";
51 0 1 83,216 "51";
52 0 0 96,145 "52";
53 2 0 122,159 "53";
54 0 1 50,116 "54";
55 0 1 35,136 "55";
56 2 0 51,130 "56";
57 0 0 73,231 "57";
58 0 1 57,127 "58";
59 1 1 122,184 "59";
60 2 1 197,225 "60";
61 0 1 211,235 "61";
62 2 0 102,106 "62";
63 0 1 168,191 "63";
64 2 1 179,232 "64";
65 1 0 82,234 "65";
66 1 0 3,169 "66";
67 0 1 35,199 "67";
68 1 0 28,121 "68";
69 2 0 21,78 "69";
70 2 1 114,194 "70";
71 0 1 2,120 "71";
72 2 0 144,238 "72";
73 0 1 52,141 "73";
74 2 1 150,224 "74";
75 0 1 112,137 "75";
76 0 1 79,124 "76";
77 2 0 86,223 "77";
78 0 1 41,104 "78";
79 1 1 81,139 "79";
80 1 0 162,178 "80";
81 0 0 161,184 "81";
82 0 1 16,226 "82";
83 1 1 19,72 "83";
84 1 1 117,223 "84";
85 2 1 57,177 "85";
86 1 0 73,74 "86";
87 2 1 2,24 "87";
88 1 0 64,145 "88";
89 1 0 90,175 "89";
90 2 1 63,211 "90";
91 1 1 24,35 "91";
92 1 1 91,235 "92";
93 0 1 39,159 "93";
94 2 0 19,56 "94";
95 0 0 102,207 "95";
96 1 0 28,139 "96";
97 1 0 33,215 "97";
98 1 0 93,103 "98";
99 1 1 84,238 "99";
100 2 1 148,166 "100";
101 2 0 18,102 "101";
102 1 1 172,178 "102";
103 1 0 70,146 "103";
104 1 0 76,118 "104";
105 1 0 15,104 "105";
106 2 0 50,235 "106";
107 2 0 31,47 "107";
108 2 1 210,219 "108";
109 0 0 73,165 "109";
110 2 1 115,174 "110";
111 1 0 18,117 "111";
112 0 0 9,32 "112";
113 1 1 139,198 "113";
114 0 1 77,125 "114";
115 1 1 126,151 "115";
116 1 0 37,145 "116";
117 2 1 68,92 "117";
118 1 1 2,231 "118";
119 1 1 28,104 "119";
120 0 1 177,209 "120";
121 0 0 17,177 "121";
122 0 1 20,126 "122";
123 2 0 70,124 "123";
124 2 0 58,142 "124";
125 1 0 87,236 "125";
126 1 1 52,55 "126";
127 2 1 153,230 "127";
128 1 1 129,183 "128";
129 1 1 61,227 "129";
130 0 1 97,170 "130";
131 0 0 108,155 "131";
132 2 0 68,229 "132";
133 2 1 80,109 "133";
134 1 0 65,190 "134";
135 1 1 63,154 "135";
136 0 1 0,193 "136";
137 0 1 208,228 "137";
138 2 0 3,59 "138";
139 1 1 52,146 "139";
140 0 0 186,230 "140";
141 2 0 116,187 "141";
142 2 1 44,171 "142";
143 2 1 162,217 "143";
144 2 1 47,81 "144";
145 0 0 117,226 "145";
146 2 0 53,138 "146";
147 1 0 5,45 "147";
148 0 1 74,83 "148";
149 1 1 156,211 "149";
150 2 0 118,226 "150";
151 1 1 23,173 "151";
152 2 1 55,85 "152";
153 2 0 88,102 "153";
154 1 1 19,235 "154";
155 2 0 3,19 "155";
156 0 0 172,213 "156";
157 2 1 12,203 "157";
158 0 0 127,236 "158";
159 1 1 111,119 "159";
160 1 0 110,222 "160";
161 2 0 78,229 "161";
162 2 0 3,145 "162";
163 0 1 47,228 "163";
164 1 0 151,179 "164";
165 1 0 26,114 "165";
166 0 0 23,176 "166";
167 0 1 186,228 "167";
168 1 1 190,209 "168";
169 1 1 223,233 "169";
170 2 0 125,226 "170";
171 1 1 72,191 "171";
172 0 0 2,188 "172";
173 1 1 68,207 "173";
174 2 0 9,17 "174";
175 1 0 135,145 "175";
176 2 0 0,199 "176";
177 1 0 125,161 "177";
178 0 1 4,189 "178";
179 0 1 156,189 "179";
180 2 1 183,233 "180";
181 2 0 121,176 "181";
182 2 1 31,219 "182";
183 2 1 108,131 "183";
184 1 0 72,193 "184";
185 0 0 84,140 "185";
186 1 1 4,25 "186";
187 0 1 111,152 "187";
188 2 1 5,41 "188";
189 0 1 15,36 "189";
190 0 1 45,159 "190";
191 0 0 13,27 "191";
192 2 0 113,126 "192";
193 2 0 118,119 "193";
194 0 1 113,147 "194";
195 1 1 107,225 "195";
196 0 1 13,60 "196";
197 0 0 220,226 "197";
198 2 0 179,226 "198";
199 2 1 53,159 "199";
200 1 0 161,176 "200";
201 1 0 27,31 "201";
202 0 1 62,201 "202";
203 2 0 81,107 "203";
204 1 0 59,165 "204";
205 1 1 102,204 "205";
206 0 0 44,81 "206";
207 1 1 86,215 "207";
208 0 0 48,152 "208";
209 0 0 3,41 "209";
210 1 0 20,226 "210";
211 0 0 62,177 "211";
212 1 0 96,111 "212";
213 2 1 25,112 "213";
214 0 0 193,238 "214";
215 1 1 99,179 "215";
216 1 1 24,166 "216";
217 2 0 32,222 "217";
218 0 1 93,119 "218";
219 0 1 9,155 "219";
220 0 1 12,176 "220";
221 0 1 195,199 "221";
222 0 0 78,229 "222";
223 0 0 78,178 "223";
224 0 1 140,157 "224";
225 1 1 72,110 "225";
226 0 0 47,142 "226";
227 2 1 96,220 "227";
228 0 1 199,236 "228";
229 2 1 9,58 "229";
230 1 1 162,166 "230";
231 2 0 9,180 "231";
232 2 0 37,206 "232";
233 2 1 15,86 "233";
234 2 0 149,214 "234";
235 1 0 20,150 "235";
236 2 0 33,144 "236";
237 0 1 80,227 "237";
238 1 0 122,172 "238";
239 0 0 6,186 "239";
