parity 254;
0 1 1 10,147 "0";
1 0 1 20,104 "1";
2 0 1 100,240 "2";
3 1 0 6,129 "3";
4 1 1 116,249 "4";
5 1 1 20,34 "5";
6 0 0 15,20 "6";
7 0 1 135,194 "7";
8 0 1 64,74 "8";
9 2 0 13,183 "9";
10 1 1 169,204 "10";
11 0 0 29,102 "11";
12 0 0 20,35 "12";
13 1 1 124,235 "13";
14 0 0 126,201 "14";
15 1 0 154,220 "15";
16 0 1 201,225 "16";
17 2 0 119,174 "17";
18 0 1 1,208 "18";
19 1 0 124,188 "19";
20 1 0 34,182 "20";
21 2 1 103,121 "21";
22 0 1 42,121 "22";
23 2 1 44,250 "23";
24 1 0 187,247 "24";
25 2 0 113,119 "25";
26 1 1 42,235 "26";
27 2 1 67,235 "27";
28 0 0 132,239 "28";
29 0 0 45,210 "29";
30 0 0 222,231 "30";
31 2 0 61,89 "31";
32 1 1 126,190 "32";
33 2 0 65,88 "33";
34 0 0 75,128 "34";
35 1 0 16,143 "35";
36 1 0 42,90 "36";
37 0 0 131,146 "37";
38 2 0 24,46 "38";
39 0 0 71,124 "39";
40 1 0 116,163 "40";
41 2 1 70,239 "41";
42 1 0 49,130 "42";
43 1 0 2,218 "43";
44 0 0 72,90 "44";
45 0 1 236,250 "45";
46 0 1 3,174 "46";
47 1 0 158,210 "47";
48 0 0 78,237 "48";
49 1 1 7,98 "49";
50 2 1 69,143 "50";
51 1 0 154,188 "51";
52 0 1 191,201 "52";
53 1 1 64,85 "53";
54 1 1 2,124 "54";
55 0 1 113,229 "55";
56 1 0 107,189 "56";
57 1 0 100,201 "57";
58 2 1 111,139 "58";
59 2 1 89,182 "59";
60 2 1 9,36 "60";
61 0 1 0,68 "61";
62 0 0 19,165 "62";
63 0 1 45,92 "63";
64 1 1 31,195 "64";
65 2 1 55,94 "65";
66 0 0 9,22 "66";
67 1 1 58,217 "67";
68 0 1 219,242 "68";
69 1 1 43,229 "69";
70 2 0 120,165 "70";
71 0 1 22,109 "71";
72 0 0 31,65 "72";
73 2 1 109,223 "73";
74 2 1 71,77 "74";
75 0 1 26,188 "75";
76 0 0 2,232 "76";
77 0 0 74,107 "77";
78 0 0 184,248 "78";
79 2 1 73,150 "79";
80 1 0 67,90 "80";
81 0 0 96,235 "81";
82 2 0 128,186 "82";
83 2 1 188,214 "83";
84 2 0 188,196 "84";
85 0 1 13,198 "85";
86 0 0 94,220 "86";
87 1 1 25,122 "87";
88 1 0 0,6 "88";
89 0 0 40,225 "89";
90 2 1 50,186 "90";
91 2 1 74,253 "91";
92 1 1 60,184 "92";
93 1 1 151,249 "93";
94 2 1 141,214 "94";
95 1 1 143,236 "95";
96 1 0 43,199 "96";
97 0 1 48,136 "97";
98 0 1 208,219 "98";
99 1 0 134,200 "99";
100 2 0 59,112 "100";
101 0 0 81,194 "101";
102 2 1 65,119 "102";
103 1 0 5,110 "103";
104 1 0 1,173 "104";
105 1 0 9,93 "105";
106 2 0 83,209 "106";
107 2 0 68,77 "107";
108 1 1 19,201 "108";
109 2 1 2,111 "109";
110 1 0 117,230 "110";
111 0 1 47,164 "111";
112 2 1 17,191 "112";
113 1 1 121,195 "113";
114 2 0 6,172 "114";
115 1 0 110,254 "115";
116 0 0 68,111 "116";
117 2 1 3,175 "117";
118 1 1 80,86 "118";
119 0 1 99,110 "119";
120 2 0 0,52 "120";
121 1 1 82,116 "121";
122 1 1 231,243 "122";
123 0 0 168,237 "123";
124 1 1 63,177 "124";
125 1 1 50,60 "125";
126 0 0 128,155 "126";
127 0 1 121,194 "127";
128 0 1 162,230 "128";
129 0 0 42,95 "129";
130 0 0 74,221 "130";
131 2 1 91,102 "131";
132 1 1 32,192 "132";
133 1 0 98,109 "133";
134 0 0 78,212 "134";
135 1 0 201,231 "135";
136 1 0 25,166 "136";
137 2 1 58,246 "137";
138 2 1 122,130 "138";
139 1 1 16,234 "139";
140 1 0 14,121 "140";
141 0 1 50,169 "141";
142 2 0 55,171 "142";
143 0 0 133,165 "143";
144 2 1 10,195 "144";
145 1 1 21,234 "145";
146 1 0 4,188 "146";
147 1 1 18,194 "147";
148 0 1 204,248 "148";
149 2 1 82,132 "149";
150 2 1 16,254 "150";
151 0 0 99,142 "151";
152 1 0 26,96 "152";
153 2 1 10,74 "153";
154 0 0 126,205 "154";
155 0 1 22,142 "155";
156 2 1 115,250 "156";
157 0 0 68,147 "157";
158 2 0 34,179 "158";
159 0 0 47,215 "159";
160 2 1 75,200 "160";
161 1 0 26,65 "161";
162 1 0 3,13 "162";
163 0 1 137,156 "163";
164 2 0 40,128 "164";
165 1 1 174,214 "165";
166 2 1 54,87 "166";
167 0 0 64,72 "167";
168 1 1 30,159 "168";
169 1 0 233,254 "169";
170 2 1 87,148 "170";
171 2 0 34,125 "171";
172 0 1 118,229 "172";
173 0 1 117,251 "173";
174 2 0 161,168 "174";
175 0 0 39,145 "175";
176 2 0 61,111 "176";
177 1 0 0,102 "177";
178 2 1 12,39 "178";
179 2 1 14,155 "179";
180 1 0 140,202 "180";
181 0 1 21,92 "181";
182 1 0 95,197 "182";
183 1 1 9,156 "183";
184 0 0 87,130 "184";
185 1 1 45,182 "185";
186 2 0 29,219 "186";
187 0 0 135,203 "187";
188 1 1 155,197 "188";
189 0 0 15,238 "189";
190 0 1 11,243 "190";
191 2 0 69,186 "191";
192 1 1 118,240 "192";
193 2 0 10,21 "193";
194 0 0 41,209 "194";
195 2 0 187,200 "195";
196 0 1 150,237 "196";
197 1 0 98,153 "197";
198 1 0 48,67 "198";
199 1 0 122,250 "199";
200 2 0 24,30 "200";
201 1 0 122,231 "201";
202 0 1 31,126 "202";
203 0 1 42,181 "203";
204 1 1 111,212 "204";
205 0 1 76,90 "205";
206 2 0 10,218 "206";
207 2 0 117,148 "207";
208 1 1 172,190 "208";
209 2 0 151,223 "209";
210 2 1 89,250 "210";
211 1 1 113,200 "211";
212 0 0 143,241 "212";
213 2 1 32,245 "213";
214 0 1 42,117 "214";
215 2 0 79,160 "215";
216 2 1 182,209 "216";
217 1 1 77,206 "217";
218 2 1 37,239 "218";
219 0 0 183,206 "219";
220 1 1 78,238 "220";
221 0 1 154,212 "221";
222 0 0 42,182 "222";
223 1 1 106,234 "223";
224 0 1 16,185 "224";
225 2 1 46,237 "225";
226 1 0 157,167 "226";
227 0 0 118,167 "227";
228 1 0 35,177 "228";
229 2 0 59,197 "229";
230 0 0 136,239 "230";
231 0 1 218,235 "231";
232 2 0 67,243 "232";
233 1 0 160,224 "233";
234 0 0 141,237 "234";
235 0 0 2,45 "235";
236 0 0 30,136 "236";
237 0 0 106,181 "237";
238 2 1 197,234 "238";
239 2 1 142,147 "239";
240 1 0 84,142 "240";
241 1 1 223,238 "241";
242 0 0 100,198 "242";
243 1 1 98,174 "243";
244 2 1 183,230 "244";
245 2 0 73,235 "245";
246 0 1 143,211 "246";
247 2 1 57,144 "247";
248 1 0 3,168 "248";
249 2 1 39,43 "249";
250 2 1 72,123 "250";
251 0 0 65,205 "251";
252 1 1 154,224 "252";
253 1 0 33,164 "253";
254 2 1 180,220 "254";
