parity 239;
0 1 0 23,163 "0";
1 2 1 131,217 "1";
2 0 0 191,212 "2";
3 0 1 78,118 "3";
4 1 1 8,20 "4";
5 2 1 6,235 "5";
6 2 1 123,158 "6";
7 2 1 122,142 "7";
8 0 0 25,93 "8";
9 2 1 14,129 "9";
10 2 0 131,139 "10";
11 2 1 28,213 "11";
12 2 1 49,85 "12";
13 2 0 74,132 "13";
14 0 1 60,170 "14";
15 1 0 38,196 "15";
16 2 0 126,230 "16";
17 1 0 32,168 "17";
18 2 1 49,161 "18";
19 0 1 155,184 "19";
20 2 1 26,124 "20";
21 0 0 140,176 "21";
22 2 0 164,193 "22";
23 2 0 2,216 "23";
24 2 1 58,138 "24";
25 2 1 49,97 "25";
26 2 0 156,171 "26";
27 2 0 26,190 "27";
28 2 1 101,196 "28";
29 1 1 98,154 "29";
30 2 0 136,228 "30";
31 0 1 212,219 "31";
32 0 1 42,209 "32";
33 0 0 125,143 "33";
34 0 0 12,140 "34";
35 2 0 4,211 "35";
36 1 1 120,232 "36";
37 1 1 17,66 "37";
38 2 1 170,236 "38";
39 1 0 81,113 "39";
40 1 1 84,237 "40";
41 0 1 18,168 "41";
42 0 0 80,211 "42";
43 1 1 59,207 "43";
44 2 1 138,165 "44";
45 1 0 66,125 "45";
46 1 1 115,230 "46";
47 1 1 122,139 "47";
48 1 0 67,145 "48";
49 0 1 73,170 "49";
50 1 1 6,181 "50";
51 2 0 59,64 "51";
52 0 1 42,119 "52";
53 1 1 45,94 "53";
54 2 0 56,126 "54";
55 1 1 68,229 "55";
56 0 1 66,180 "56";
57 2 1 48,221 "57";
58 1 1 42,192 "58";
59 0 0 82,190 "59";
60 2 1 1,65 "60";
61 0 0 41,170 "61";
62 2 1 56,178 "62";
63 2 1 23,93 "63";
64 0 1 66,136 "64";
65 1 0 24,143 "65";
66 1 0 4,239 "66";
67 1 1 42,113 "67";
68 0 1 40,196 "68";
69 2 0 43,168 "69";
70 0 0 14,191 "70";
71 1 0 83,89 "71";
72 2 0 152,169 "72";
73 0 1 25,50 "73";
74 2 1 102,155 "74";
75 2 0 147,238 "75";
76 0 1 75,93 "76";
77 2 1 87,112 "77";
78 0 0 130,196 "78";
79 1 0 65,150 "79";
80 2 1 65,146 "80";
81 0 0 33,168 "81";
82 0 1 99,224 "82";
83 2 0 31,215 "83";
84 0 0 37,181 "84";
85 2 0 63,70 "85";
86 1 0 51,64 "86";
87 1 0 19,175 "87";
88 2 1 6,7 "88";
89 2 1 97,161 "89";
90 1 1 94,104 "90";
91 0 0 150,159 "91";
92 1 1 20,122 "92";
93 0 0 33,81 "93";
94 2 0 198,221 "94";
95 2 0 101,163 "95";
96 1 0 50,93 "96";
97 0 1 157,188 "97";
98 2 0 94,141 "98";
99 0 0 22,194 "99";
100 1 0 230,232 "100";
101 0 1 68,201 "101";
102 1 0 40,201 "102";
103 1 1 111,144 "103";
104 1 1 63,160 "104";
105 2 0 55,175 "105";
106 2 1 28,88 "106";
107 0 1 152,162 "107";
108 2 0 90,198 "108";
109 2 0 11,14 "109";
110 1 1 28,182 "110";
111 2 1 26,47 "111";
112 2 1 132,224 "112";
113 2 0 112,162 "113";
114 0 1 169,230 "114";
115 1 0 76,109 "115";
116 1 0 138,178 "116";
117 1 1 54,177 "117";
118 0 1 82,229 "118";
119 2 0 54,62 "119";
120 0 0 95,177 "120";
121 0 1 110,226 "121";
122 1 0 159,212 "122";
123 1 1 160,179 "123";
124 1 1 15,132 "124";
125 2 1 81,231 "125";
126 2 1 130,173 "126";
127 0 0 9,77 "127";
128 0 1 39,202 "128";
129 0 0 92,168 "129";
130 1 0 69,95 "130";
131 1 1 193,233 "131";
132 1 0 51,226 "132";
133 2 1 39,172 "133";
134 1 1 48,136 "134";
135 2 1 79,224 "135";
136 2 0 21,148 "136";
137 1 1 100,103 "137";
138 0 1 208,235 "138";
139 0 1 1,223 "139";
140 2 0 94,152 "140";
141 1 0 84,130 "141";
142 2 0 100,129 "142";
143 2 0 99,155 "143";
144 2 0 124,140 "144";
145 0 0 117,175 "145";
146 2 1 14,192 "146";
147 0 0 151,236 "147";
148 1 1 165,197 "148";
149 1 0 30,219 "149";
150 1 0 125,194 "150";
151 1 1 21,220 "151";
152 1 0 36,70 "152";
153 2 0 32,42 "153";
154 2 0 46,153 "154";
155 1 0 19,55 "155";
156 1 1 7,48 "156";
157 0 0 81,234 "157";
158 1 0 70,221 "158";
159 2 1 106,207 "159";
160 1 0 132,184 "160";
161 2 0 30,81 "161";
162 1 0 44,69 "162";
163 2 0 96,118 "163";
164 0 1 38,53 "164";
165 0 1 88,238 "165";
166 2 0 122,188 "166";
167 1 1 37,219 "167";
168 2 0 32,214 "168";
169 2 1 77,123 "169";
170 0 1 62,195 "170";
171 1 0 56,182 "171";
172 2 0 28,92 "172";
173 1 1 47,206 "173";
174 0 0 85,186 "174";
175 0 0 130,161 "175";
176 0 0 150,162 "176";
177 0 0 171,180 "177";
178 2 1 128,184 "178";
179 2 1 85,180 "179";
180 0 0 134,199 "180";
181 1 1 85,189 "181";
182 1 0 103,152 "182";
183 1 0 135,155 "183";
184 1 1 171,231 "184";
185 1 0 13,171 "185";
186 1 1 197,232 "186";
187 2 1 35,108 "187";
188 1 1 91,114 "188";
189 0 0 19,220 "189";
190 1 0 47,69 "190";
191 2 0 211,212 "191";
192 0 1 213,219 "192";
193 1 1 13,147 "193";
194 0 1 10,30 "194";
195 2 1 184,199 "195";
196 2 1 0,94 "196";
197 2 1 71,204 "197";
198 1 0 109,184 "198";
199 2 1 40,173 "199";
200 2 0 9,140 "200";
201 1 0 5,181 "201";
202 1 0 1,93 "202";
203 2 1 50,61 "203";
204 0 0 176,192 "204";
205 0 1 135,183 "205";
206 0 0 85,144 "206";
207 0 1 149,180 "207";
208 2 0 205,232 "208";
209 1 0 5,20 "209";
210 0 0 152,203 "210";
211 1 0 144,168 "211";
212 0 1 21,84 "212";
213 0 1 25,151 "213";
214 0 1 46,192 "214";
215 0 1 159,211 "215";
216 2 1 21,147 "216";
217 1 0 23,189 "217";
218 1 0 198,228 "218";
219 0 0 17,25 "219";
220 2 1 175,227 "220";
221 0 0 73,233 "221";
222 2 0 101,234 "222";
223 0 1 44,133 "223";
224 2 1 138,185 "224";
225 0 0 192,216 "225";
226 2 0 83,138 "226";
227 1 0 139,190 "227";
228 2 1 29,183 "228";
229 0 0 92,195 "229";
230 1 0 42,138 "230";
231 2 0 30,116 "231";
232 2 1 146,229 "232";
233 1 1 52,218 "233";
234 1 1 73,162 "234";
235 2 1 94,165 "235";
236 2 1 19,189 "236";
237 1 1 49,179 "237";
238 1 0 129,166 "238";
239 1 1 50,98 "239";
