parity 224;
0 1 0 80,167 "0";
1 0 0 176,204 "1";
2 1 1 120,203 "2";
3 2 0 121,156 "3";
4 2 0 63,198 "4";
5 1 0 9,15 "5";
6 1 1 16,34 "6";
7 2 0 42,149 "7";
8 2 0 199,206 "8";
9 1 1 190,193 "9";
10 0 0 29,217 "10";
11 2 0 93,221 "11";
12 0 0 112,192 "12";
13 0 0 12,181 "13";
14 1 0 110,137 "14";
15 1 1 199,220 "15";
16 0 1 0,198 "16";
17 0 0 29,83 "17";
18 1 1 37,208 "18";
19 0 0 59,212 "19";
20 2 1 130,143 "20";
21 2 1 3,13 "21";
22 1 0 66,209 "22";
23 0 1 103,146 "23";
24 2 1 31,217 "24";
25 1 1 24,76 "25";
26 1 1 70,138 "26";
27 2 1 67,91 "27";
28 1 0 12,134 "28";
29 2 1 43,129 "29";
30 2 1 17,100 "30";
31 0 1 64,205 "31";
32 0 1 104,128 "32";
33 2 0 143,210 "33";
34 2 0 66,205 "34";
35 1 0 82,90 "35";
36 2 1 123,159 "36";
37 1 1 172,201 "37";
38 2 0 149,171 "38";
39 2 0 7,156 "39";
40 1 1 33,109 "40";
41 2 0 99,164 "41";
42 0 1 138,200 "42";
43 0 1 129,198 "43";
44 1 0 133,189 "44";
45 1 1 73,98 "45";
46 0 1 122,186 "46";
47 2 0 62,175 "47";
48 1 1 5,97 "48";
49 2 1 99,198 "49";
50 1 0 64,78 "50";
51 1 1 34,137 "51";
52 0 1 46,115 "52";
53 1 1 22,143 "53";
54 2 0 0,182 "54";
55 2 1 117,142 "55";
56 2 0 58,204 "56";
57 1 1 88,209 "57";
58 1 1 85,163 "58";
59 0 0 4,28 "59";
60 0 1 29,209 "60";
61 2 0 34,211 "61";
62 1 1 92,215 "62";
63 0 0 98,102 "63";
64 1 1 2,51 "64";
65 1 1 58,222 "65";
66 1 1 51,201 "66";
67 1 0 65,190 "67";
68 0 1 78,202 "68";
69 0 0 93,210 "69";
70 1 0 78,182 "70";
71 1 0 35,154 "71";
72 2 0 140,177 "72";
73 1 0 206,212 "73";
74 0 0 129,203 "74";
75 1 1 29,212 "75";
76 1 0 15,125 "76";
77 0 0 94,184 "77";
78 0 1 133,142 "78";
79 2 1 114,161 "79";
80 2 1 70,143 "80";
81 2 0 107,109 "81";
82 1 0 151,160 "82";
83 1 1 9,13 "83";
84 0 1 8,175 "84";
85 2 1 64,158 "85";
86 1 0 126,130 "86";
87 0 0 10,178 "87";
88 2 1 110,140 "88";
89 1 1 42,154 "89";
90 1 0 23,123 "90";
91 1 1 3,10 "91";
92 2 0 62,128 "92";
93 1 0 6,170 "93";
94 2 1 73,149 "94";
95 2 0 49,217 "95";
96 0 1 84,143 "96";
97 0 1 192,199 "97";
98 2 1 79,214 "98";
99 0 1 78,117 "99";
100 0 0 19,57 "100";
101 2 0 1,24 "101";
102 1 0 66,143 "102";
103 2 1 90,213 "103";
104 2 0 39,213 "104";
105 1 1 56,222 "105";
106 2 1 65,187 "106";
107 2 0 148,166 "107";
108 0 1 34,169 "108";
109 0 1 57,123 "109";
110 1 0 31,210 "110";
111 1 1 70,108 "111";
112 2 0 182,188 "112";
113 2 1 60,66 "113";
114 1 0 34,97 "114";
115 1 0 99,184 "115";
116 2 0 41,88 "116";
117 1 0 4,137 "117";
118 1 0 122,178 "118";
119 2 0 94,160 "119";
120 1 1 41,219 "120";
121 0 1 149,223 "121";
122 0 1 124,150 "122";
123 2 0 21,31 "123";
124 0 0 23,188 "124";
125 0 1 133,194 "125";
126 2 0 92,142 "126";
127 2 0 66,159 "127";
128 0 0 89,186 "128";
129 1 0 156,208 "129";
130 0 0 18,173 "130";
131 2 1 126,220 "131";
132 0 0 90,185 "132";
133 2 1 137,189 "133";
134 0 0 15,37 "134";
135 1 0 173,190 "135";
136 1 0 41,218 "136";
137 0 1 58,191 "137";
138 2 0 24,27 "138";
139 0 0 99,108 "139";
140 2 1 221,223 "140";
141 0 1 176,192 "141";
142 1 1 54,120 "142";
143 1 0 120,204 "143";
144 0 1 88,216 "144";
145 2 0 122,136 "145";
146 0 1 0,125 "146";
147 2 1 47,172 "147";
148 2 1 20,53 "148";
149 0 0 177,202 "149";
150 2 1 154,197 "150";
151 1 1 35,176 "151";
152 2 0 123,146 "152";
153 1 0 50,67 "153";
154 2 1 31,42 "154";
155 2 0 168,217 "155";
156 2 1 71,120 "156";
157 2 0 89,153 "157";
158 0 0 171,177 "158";
159 1 1 70,83 "159";
160 0 1 18,151 "160";
161 2 0 18,171 "161";
162 0 0 76,124 "162";
163 0 1 74,222 "163";
164 2 1 72,146 "164";
165 0 0 113,190 "165";
166 1 0 94,196 "166";
167 0 1 93,120 "167";
168 2 0 188,214 "168";
169 0 1 11,223 "169";
170 0 1 14,217 "170";
171 1 0 91,208 "171";
172 1 1 78,214 "172";
173 1 1 20,170 "173";
174 2 1 92,181 "174";
175 0 0 83,136 "175";
176 1 1 85,183 "176";
177 0 1 16,81 "177";
178 2 0 28,40 "178";
179 0 1 63,169 "179";
180 0 0 8,18 "180";
181 2 1 49,183 "181";
182 0 1 10,69 "182";
183 1 1 69,144 "183";
184 0 0 1,210 "184";
185 2 1 91,131 "185";
186 1 0 3,155 "186";
187 1 0 7,56 "187";
188 2 1 80,111 "188";
189 1 0 109,172 "189";
190 2 1 64,94 "190";
191 1 0 119,139 "191";
192 1 1 14,16 "192";
193 2 1 130,178 "193";
194 0 1 10,72 "194";
195 2 1 56,149 "195";
196 1 0 10,16 "196";
197 2 1 104,223 "197";
198 1 0 75,145 "198";
199 0 0 52,212 "199";
200 1 0 19,26 "200";
201 0 1 174,196 "201";
202 0 1 148,207 "202";
203 1 0 13,35 "203";
204 1 1 14,99 "204";
205 2 1 62,132 "205";
206 0 0 4,181 "206";
207 2 0 41,109 "207";
208 0 1 86,217 "208";
209 2 1 160,164 "209";
210 1 1 49,56 "210";
211 1 0 1,205 "211";
212 2 0 131,154 "212";
213 1 1 20,88 "213";
214 0 1 59,75 "214";
215 2 0 89,175 "215";
216 1 1 165,170 "216";
217 2 1 5,114 "217";
218 0 0 160,195 "218";
219 0 1 106,199 "219";
220 0 0 14,53 "220";
221 2 1 6,199 "221";
222 0 1 150,187 "222";
223 2 0 21,60 "223";
224 0 1 24,189 "224";
