parity 284;
0 1 1 122,245 "0";
1 2 0 24,161 "1";
2 1 1 15,219 "2";
3 2 1 41,93 "3";
4 2 1 10,74 "4";
5 1 0 48,76 "5";
6 0 0 91,149 "6";
7 1 1 206,261 "7";
8 1 1 183,281 "8";
9 0 1 143,193 "9";
10 1 0 78,245 "10";
11 1 1 130,249 "11";
12 0 0 171,236 "12";
13 1 1 250,275 "13";
14 2 0 203,275 "14";
15 2 1 259,281 "15";
16 2 0 63,115 "16";
17 2 1 186,221 "17";
18 0 1 83,158 "18";
19 1 1 246,281 "19";
20 1 1 141,144 "20";
21 2 1 132,150 "21";
22 1 0 27,127 "22";
23 1 1 57,153 "23";
24 2 0 152,198 "24";
25 1 0 262,271 "25";
26 1 1 139,200 "26";
27 2 0 58,77 "27";
28 1 0 141,230 "28";
29 0 1 8,276 "29";
30 2 0 155,239 "30";
31 0 0 119,130 "31";
32 1 1 47,101 "32";
33 1 1 70,103 "33";
34 1 0 1,177 "34";
35 1 1 191,223 "35";
36 1 1 141,161 "36";
37 0 1 63,172 "37";
38 1 0 156,158 "38";
39 1 1 117,211 "39";
40 0 0 9,249 "40";
41 1 1 48,146 "41";
42 0 1 275,279 "42";
43 1 1 217,235 "43";
44 0 1 91,258 "44";
45 1 0 8,225 "45";
46 2 0 179,187 "46";
47 1 0 102,268 "47";
48 1 0 54,197 "48";
49 0 0 186,241 "49";
50 1 1 16,243 "50";
51 1 0 28,277 "51";
52 2 1 51,120 "52";
53 1 0 175,248 "53";
54 2 1 84,130 "54";
55 0 1 147,214 "55";
56 2 0 20,46 "56";
57 2 1 257,267 "57";
58 1 1 34,191 "58";
59 0 0 16,188 "59";
60 1 1 203,270 "60";
61 2 0 36,243 "61";
62 0 0 48,209 "62";
63 2 0 53,181 "63";
64 0 1 31,82 "64";
65 2 0 31,88 "65";
66 1 1 136,212 "66";
67 2 0 20,83 "67";
68 2 1 48,182 "68";
69 1 1 57,89 "69";
70 0 1 64,128 "70";
71 0 1 151,185 "71";
72 1 0 16,95 "72";
73 2 1 70,149 "73";
74 0 0 0,229 "74";
75 1 1 40,218 "75";
76 1 0 175,176 "76";
77 2 0 73,191 "77";
78 0 1 51,178 "78";
79 1 0 46,103 "79";
80 0 0 88,152 "80";
81 1 0 167,238 "81";
82 1 1 121,171 "82";
83 2 0 167,278 "83";
84 1 0 224,279 "84";
85 0 0 45,109 "85";
86 2 1 83,157 "86";
87 0 0 44,208 "87";
88 1 1 75,236 "88";
89 0 0 21,171 "89";
90 0 1 55,271 "90";
91 0 0 37,275 "91";
92 0 1 38,106 "92";
93 0 1 90,166 "93";
94 0 0 196,198 "94";
95 0 1 15,146 "95";
96 2 0 101,254 "96";
97 0 1 68,122 "97";
98 0 0 27,233 "98";
99 1 0 66,246 "99";
100 0 1 161,260 "100";
101 2 1 77,132 "101";
102 0 0 38,281 "102";
103 2 1 129,187 "103";
104 2 1 34,193 "104";
105 1 1 247,264 "105";
106 1 0 69,124 "106";
107 1 1 230,258 "107";
108 0 0 117,159 "108";
109 2 0 86,157 "109";
110 0 0 74,242 "110";
111 2 1 41,125 "111";
112 0 1 48,54 "112";
113 0 1 18,269 "113";
114 2 0 59,215 "114";
115 0 1 42,279 "115";
116 0 1 123,221 "116";
117 2 0 110,282 "117";
118 1 1 26,43 "118";
119 0 1 114,136 "119";
120 1 0 28,166 "120";
121 0 0 116,147 "121";
122 0 0 59,247 "122";
123 0 1 125,227 "123";
124 1 1 26,136 "124";
125 2 1 16,175 "125";
126 1 0 35,102 "126";
127 2 1 41,82 "127";
128 0 0 157,250 "128";
129 2 1 47,204 "129";
130 1 1 64,211 "130";
131 2 1 138,182 "131";
132 2 0 197,232 "132";
133 2 1 82,191 "133";
134 0 1 175,282 "134";
135 1 0 24,247 "135";
136 2 1 87,100 "136";
137 0 0 239,267 "137";
138 1 0 73,81 "138";
139 2 1 117,156 "139";
140 2 1 17,209 "140";
141 2 1 26,83 "141";
142 0 0 63,243 "142";
143 1 0 144,214 "143";
144 0 1 163,240 "144";
145 2 1 194,213 "145";
146 0 1 6,233 "146";
147 2 0 43,262 "147";
148 1 0 101,277 "148";
149 2 0 217,265 "149";
150 1 1 189,218 "150";
151 0 0 18,230 "151";
152 1 0 32,100 "152";
153 0 0 87,107 "153";
154 1 1 30,67 "154";
155 1 0 77,223 "155";
156 1 0 183,207 "156";
157 0 0 45,232 "157";
158 2 0 155,197 "158";
159 0 0 158,280 "159";
160 0 1 231,284 "160";
161 2 0 61,278 "161";
162 2 1 207,277 "162";
163 0 1 58,134 "163";
164 2 1 97,269 "164";
165 0 0 62,105 "165";
166 0 1 169,250 "166";
167 2 1 154,200 "167";
168 2 0 37,200 "168";
169 0 1 5,122 "169";
170 0 0 105,143 "170";
171 0 0 56,141 "171";
172 0 1 105,144 "172";
173 2 1 77,243 "173";
174 2 1 195,258 "174";
175 0 1 100,220 "175";
176 1 1 5,254 "176";
177 0 1 20,195 "177";
178 0 1 17,138 "178";
179 2 1 116,280 "179";
180 1 1 107,201 "180";
181 0 1 38,150 "181";
182 1 1 109,225 "182";
183 2 0 15,135 "183";
184 2 1 94,141 "184";
185 0 0 168,247 "185";
186 2 0 42,225 "186";
187 1 1 154,274 "187";
188 0 1 39,263 "188";
189 1 1 41,273 "189";
190 1 0 215,250 "190";
191 2 1 120,242 "191";
192 0 1 43,263 "192";
193 0 0 177,199 "193";
194 0 1 72,257 "194";
195 2 1 55,216 "195";
196 1 1 106,134 "196";
197 0 1 42,163 "197";
198 0 1 164,199 "198";
199 0 0 4,33 "199";
200 0 1 102,245 "200";
201 0 1 14,271 "201";
202 1 1 63,228 "202";
203 0 0 99,204 "203";
204 2 0 137,211 "204";
205 1 1 53,77 "205";
206 0 1 33,108 "206";
207 0 1 114,148 "207";
208 2 1 64,185 "208";
209 2 1 176,196 "209";
210 2 0 70,243 "210";
211 0 1 85,93 "211";
212 1 0 120,173 "212";
213 1 1 43,258 "213";
214 1 0 163,181 "214";
215 0 0 13,31 "215";
216 1 0 52,147 "216";
217 1 1 118,192 "217";
218 1 0 251,269 "218";
219 2 0 228,271 "219";
220 2 1 92,172 "220";
221 1 0 29,256 "221";
222 2 0 144,276 "222";
223 0 0 133,160 "223";
224 2 1 195,225 "224";
225 1 0 136,150 "225";
226 0 0 119,282 "226";
227 2 0 102,256 "227";
228 1 0 18,189 "228";
229 2 0 191,197 "229";
230 2 1 180,219 "230";
231 1 0 24,158 "231";
232 0 1 90,278 "232";
233 0 1 42,244 "233";
234 1 1 177,178 "234";
235 0 1 7,132 "235";
236 2 1 38,47 "236";
237 2 0 154,157 "237";
238 0 0 230,249 "238";
239 1 1 226,233 "239";
240 0 0 85,170 "240";
241 2 0 157,226 "241";
242 2 1 62,103 "242";
243 2 0 25,43 "243";
244 1 0 118,274 "244";
245 1 0 126,266 "245";
246 0 1 216,271 "246";
247 0 0 282,284 "247";
248 0 1 52,276 "248";
249 2 0 68,167 "249";
250 0 1 61,87 "250";
251 1 1 150,283 "251";
252 0 0 123,212 "252";
253 2 1 116,140 "253";
254 2 0 33,56 "254";
255 0 1 124,235 "255";
256 0 1 68,213 "256";
257 1 1 10,85 "257";
258 1 0 122,125 "258";
259 0 1 76,169 "259";
260 2 1 123,246 "260";
261 1 0 215,266 "261";
262 2 0 14,105 "262";
263 0 0 12,170 "263";
264 0 0 94,265 "264";
265 1 1 109,183 "265";
266 2 1 16,197 "266";
267 1 0 174,224 "267";
268 0 1 91,194 "268";
269 1 0 8,73 "269";
270 1 0 58,174 "270";
271 0 1 57,102 "271";
272 2 1 280,282 "272";
273 0 1 188,189 "273";
274 0 1 46,183 "274";
275 2 1 131,151 "275";
276 1 0 78,169 "276";
277 0 1 49,249 "277";
278 0 1 15,254 "278";
279 2 0 177,193 "279";
280 0 1 15,134 "280";
281 0 1 98,209 "281";
282 2 0 163,270 "282";
283 0 0 245,265 "283";
284 0 0 78,159 "284";
