parity 259;
0 0 0 43,114 "0";
1 2 0 100,161 "1";
2 0 1 147,179 "2";
3 0 1 25,75 "3";
4 0 0 44,120 "4";
5 1 1 52,178 "5";
6 2 0 49,64 "6";
7 1 1 62,101 "7";
8 1 0 182,245 "8";
9 0 0 215,247 "9";
10 1 1 170,254 "10";
11 0 1 31,136 "11";
12 2 0 174,209 "12";
13 0 0 214,236 "13";
14 2 0 50,207 "14";
15 2 1 221,259 "15";
16 2 0 46,177 "16";
17 2 0 197,214 "17";
18 0 0 10,241 "18";
19 2 0 195,217 "19";
20 0 1 37,224 "20";
21 1 0 45,129 "21";
22 0 0 96,203 "22";
23 1 0 16,159 "23";
24 1 0 36,213 "24";
25 1 0 132,160 "25";
26 1 1 100,223 "26";
27 2 1 86,195 "27";
28 0 1 30,55 "28";
29 0 1 26,57 "29";
30 0 1 177,231 "30";
31 2 1 91,165 "31";
32 0 1 134,224 "32";
33 0 1 128,138 "33";
34 0 1 66,212 "34";
35 0 0 8,228 "35";
36 1 1 73,219 "36";
37 1 0 50,181 "37";
38 0 1 177,220 "38";
39 1 1 153,206 "39";
40 1 1 82,89 "40";
41 0 1 198,246 "41";
42 2 1 123,144 "42";
43 0 0 15,141 "43";
44 2 1 55,120 "44";
45 2 1 153,255 "45";
46 2 1 90,227 "46";
47 0 0 55,138 "47";
48 2 0 17,189 "48";
49 1 0 15,231 "49";
50 0 1 12,156 "50";
51 0 1 59,84 "51";
52 2 0 165,170 "52";
53 0 1 0,233 "53";
54 1 1 153,230 "54";
55 0 0 70,191 "55";
56 0 1 48,182 "56";
57 2 1 144,207 "57";
58 0 0 124,224 "58";
59 2 0 135,162 "59";
60 0 0 134,201 "60";
61 0 0 198,248 "61";
62 2 1 0,43 "62";
63 2 1 108,179 "63";
64 0 1 93,121 "64";
65 1 1 28,125 "65";
66 2 1 135,200 "66";
67 0 0 36,70 "67";
68 2 1 186,222 "68";
69 1 1 138,195 "69";
70 2 1 192,254 "70";
71 0 0 60,254 "71";
72 0 0 74,105 "72";
73 2 1 14,65 "73";
74 2 0 65,199 "74";
75 1 0 54,244 "75";
76 2 1 146,221 "76";
77 0 1 170,190 "77";
78 2 1 136,141 "78";
79 1 1 196,220 "79";
80 1 0 72,178 "80";
81 1 1 136,238 "81";
82 0 1 206,251 "82";
83 2 0 82,244 "83";
84 0 0 112,201 "84";
85 2 1 25,101 "85";
86 0 0 110,228 "86";
87 0 1 97,237 "87";
88 2 0 94,177 "88";
89 0 1 215,219 "89";
90 0 0 48,185 "90";
91 0 1 88,173 "91";
92 0 1 83,217 "92";
93 0 1 175,180 "93";
94 2 1 73,159 "94";
95 0 1 152,216 "95";
96 2 1 76,206 "96";
97 2 1 52,224 "97";
98 2 0 49,130 "98";
99 1 0 28,92 "99";
100 2 0 113,174 "100";
101 0 1 4,49 "101";
102 2 1 138,245 "102";
103 1 1 37,44 "103";
104 2 0 22,45 "104";
105 2 0 97,118 "105";
106 0 1 65,172 "106";
107 1 1 253,254 "107";
108 1 0 58,191 "108";
109 1 1 16,83 "109";
110 0 0 114,119 "110";
111 1 1 119,230 "111";
112 0 0 100,176 "112";
113 1 1 195,235 "113";
114 2 0 97,196 "114";
115 2 0 60,79 "115";
116 1 1 185,216 "116";
117 1 1 168,181 "117";
118 1 1 90,161 "118";
119 2 1 122,205 "119";
120 2 0 14,252 "120";
121 0 0 188,193 "121";
122 1 1 151,191 "122";
123 2 1 79,153 "123";
124 2 1 135,207 "124";
125 2 1 42,102 "125";
126 2 0 52,120 "126";
127 2 0 47,145 "127";
128 2 1 110,176 "128";
129 2 0 156,243 "129";
130 0 1 42,69 "130";
131 1 0 115,204 "131";
132 2 0 48,76 "132";
133 2 0 198,217 "133";
134 1 1 107,251 "134";
135 0 0 31,247 "135";
136 0 1 80,177 "136";
137 2 1 96,256 "137";
138 1 0 132,220 "138";
139 2 0 67,259 "139";
140 0 1 90,123 "140";
141 2 0 51,208 "141";
142 1 0 28,207 "142";
143 0 0 140,194 "143";
144 2 0 67,132 "144";
145 1 0 126,250 "145";
146 1 0 40,151 "146";
147 2 0 28,207 "147";
148 2 1 27,199 "148";
149 2 0 148,240 "149";
150 0 1 12,196 "150";
151 1 1 6,214 "151";
152 0 1 91,185 "152";
153 0 0 171,235 "153";
154 2 1 168,184 "154";
155 0 0 43,192 "155";
156 2 0 236,258 "156";
157 0 0 146,152 "157";
158 0 1 170,209 "158";
159 1 0 109,189 "159";
160 1 1 72,189 "160";
161 2 0 122,136 "161";
162 1 1 190,259 "162";
163 0 0 184,235 "163";
164 2 1 91,141 "164";
165 0 0 21,93 "165";
166 0 0 189,232 "166";
167 0 0 133,229 "167";
168 0 1 150,217 "168";
169 1 0 120,129 "169";
170 1 0 59,198 "170";
171 0 1 93,206 "171";
172 0 0 52,61 "172";
173 2 0 154,238 "173";
174 0 0 48,188 "174";
175 0 1 2,145 "175";
176 2 0 147,168 "176";
177 1 1 8,178 "177";
178 0 0 112,191 "178";
179 0 1 70,129 "179";
180 0 0 142,177 "180";
181 0 0 82,153 "181";
182 0 0 157,258 "182";
183 1 0 60,200 "183";
184 1 1 8,180 "184";
185 1 0 221,254 "185";
186 2 1 115,141 "186";
187 2 0 37,217 "187";
188 1 1 20,72 "188";
189 1 0 52,130 "189";
190 0 1 49,139 "190";
191 0 0 41,135 "191";
192 1 0 80,199 "192";
193 1 1 48,215 "193";
194 2 1 60,77 "194";
195 1 0 60,258 "195";
196 0 1 132,183 "196";
197 2 1 96,178 "197";
198 1 1 113,193 "198";
199 0 0 119,254 "199";
200 0 0 189,209 "200";
201 2 1 47,225 "201";
202 1 0 41,55 "202";
203 0 1 31,159 "203";
204 0 0 23,144 "204";
205 0 0 70,104 "205";
206 1 1 9,213 "206";
207 1 0 97,198 "207";
208 2 1 219,237 "208";
209 0 0 13,118 "209";
210 1 1 138,224 "210";
211 1 0 34,100 "211";
212 1 0 154,256 "212";
213 0 1 195,249 "213";
214 2 1 8,53 "214";
215 2 1 3,258 "215";
216 2 0 30,141 "216";
217 1 1 104,233 "217";
218 2 0 217,249 "218";
219 2 0 151,254 "219";
220 0 0 61,70 "220";
221 1 1 88,142 "221";
222 1 0 170,194 "222";
223 2 0 139,225 "223";
224 0 0 139,207 "224";
225 2 0 2,130 "225";
226 1 0 67,228 "226";
227 2 1 38,115 "227";
228 0 1 18,40 "228";
229 0 1 83,129 "229";
230 2 0 28,184 "230";
231 2 0 140,187 "231";
232 2 0 105,106 "232";
233 1 0 156,209 "233";
234 2 1 137,243 "234";
235 2 0 31,168 "235";
236 1 0 12,182 "236";
237 0 0 140,208 "237";
238 2 0 165,216 "238";
239 2 1 64,196 "239";
240 2 0 7,147 "240";
241 1 1 86,196 "241";
242 1 1 194,258 "242";
243 2 1 1,242 "243";
244 0 1 48,112 "244";
245 2 0 47,165 "245";
246 1 1 173,203 "246";
247 0 1 5,15 "247";
248 0 0 186,202 "248";
249 2 1 71,217 "249";
250 0 0 73,240 "250";
251 2 1 42,168 "251";
252 0 0 137,140 "252";
253 0 0 120,209 "253";
254 0 0 144,170 "254";
255 0 1 182,224 "255";
256 2 1 116,153 "256";
257 1 0 2,212 "257";
258 0 0 132,143 "258";
259 2 0 26,64 "259";
