parity 294;
0 2 0 165,175 "0";
1 0 1 129,166 "1";
2 0 0 204,257 "2";
3 2 0 163,265 "3";
4 1 0 20,274 "4";
5 0 1 65,222 "5";
6 0 0 21,155 "6";
7 2 1 14,147 "7";
8 2 1 113,259 "8";
9 1 0 43,284 "9";
10 0 0 23,75 "10";
11 0 1 7,133 "11";
12 2 1 177,186 "12";
13 1 0 96,197 "13";
14 2 0 22,95 "14";
15 0 0 245,263 "15";
16 1 1 144,179 "16";
17 2 0 73,202 "17";
18 0 1 39,231 "18";
19 0 0 174,201 "19";
20 2 0 121,177 "20";
21 1 1 13,111 "21";
22 0 1 21,87 "22";
23 0 1 3,248 "23";
24 1 0 134,289 "24";
25 2 1 18,236 "25";
26 0 0 31,90 "26";
27 0 1 174,288 "27";
28 1 0 193,287 "28";
29 1 0 77,224 "29";
30 2 1 194,284 "30";
31 1 0 194,291 "31";
32 1 1 44,170 "32";
33 2 1 195,263 "33";
34 2 1 22,197 "34";
35 1 1 182,251 "35";
36 1 0 224,278 "36";
37 1 0 125,266 "37";
38 2 1 144,163 "38";
39 1 1 207,255 "39";
40 2 0 147,246 "40";
41 0 1 26,123 "41";
42 2 0 53,178 "42";
43 0 1 55,185 "43";
44 2 1 42,86 "44";
45 2 1 149,164 "45";
46 0 0 47,104 "46";
47 1 1 34,251 "47";
48 0 1 79,178 "48";
49 1 0 52,61 "49";
50 1 0 42,216 "50";
51 2 0 10,155 "51";
52 2 1 158,209 "52";
53 0 1 49,252 "53";
54 0 0 16,134 "54";
55 0 0 128,185 "55";
56 1 0 70,134 "56";
57 1 0 113,216 "57";
58 1 0 154,160 "58";
59 1 1 11,267 "59";
60 1 0 108,178 "60";
61 0 1 170,248 "61";
62 1 0 101,287 "62";
63 1 1 129,205 "63";
64 2 0 122,157 "64";
65 0 0 107,185 "65";
66 0 1 67,259 "66";
67 1 0 62,162 "67";
68 1 0 73,254 "68";
69 0 0 63,135 "69";
70 2 0 134,166 "70";
71 0 0 186,255 "71";
72 2 0 76,135 "72";
73 2 1 153,227 "73";
74 0 1 201,291 "74";
75 1 1 35,113 "75";
76 0 1 95,168 "76";
77 2 1 34,293 "77";
78 0 1 178,220 "78";
79 1 0 139,226 "79";
80 2 1 100,215 "80";
81 0 0 202,246 "81";
82 2 0 49,128 "82";
83 1 0 174,209 "83";
84 0 0 118,168 "84";
85 0 1 45,143 "85";
86 2 1 245,250 "86";
87 0 1 42,196 "87";
88 1 1 87,202 "88";
89 2 1 57,142 "89";
90 0 0 98,276 "90";
91 0 0 173,282 "91";
92 1 0 102,237 "92";
93 2 1 27,278 "93";
94 0 0 115,238 "94";
95 0 0 90,259 "95";
96 0 1 66,246 "96";
97 2 1 160,169 "97";
98 1 0 47,145 "98";
99 1 0 59,71 "99";
100 2 0 0,49 "100";
101 1 0 104,229 "101";
102 1 1 116,273 "102";
103 1 0 20,143 "103";
104 2 0 93,116 "104";
105 0 0 140,215 "105";
106 0 1 12,237 "106";
107 1 0 170,199 "107";
108 1 1 283,290 "108";
109 2 1 153,165 "109";
110 2 1 133,165 "110";
111 0 1 140,141 "111";
112 0 0 170,211 "112";
113 1 1 176,236 "113";
114 1 1 137,213 "114";
115 0 0 36,268 "115";
116 2 0 92,252 "116";
117 0 1 156,193 "117";
118 2 1 52,127 "118";
119 1 1 219,225 "119";
120 1 1 114,123 "120";
121 1 1 168,241 "121";
122 0 0 71,138 "122";
123 2 0 31,149 "123";
124 2 1 166,229 "124";
125 2 1 61,130 "125";
126 2 0 29,88 "126";
127 1 1 116,261 "127";
128 1 1 132,264 "128";
129 1 1 19,96 "129";
130 0 1 136,204 "130";
131 2 1 3,291 "131";
132 1 1 41,270 "132";
133 0 1 238,254 "133";
134 2 0 203,263 "134";
135 2 0 69,162 "135";
136 2 1 10,165 "136";
137 0 0 130,167 "137";
138 1 1 5,48 "138";
139 2 0 114,208 "139";
140 2 0 79,282 "140";
141 2 0 42,214 "141";
142 0 1 120,161 "142";
143 1 0 129,182 "143";
144 0 1 1,259 "144";
145 0 1 23,179 "145";
146 2 1 44,190 "146";
147 1 1 45,224 "147";
148 1 0 62,252 "148";
149 1 0 160,178 "149";
150 0 0 208,291 "150";
151 0 0 57,206 "151";
152 1 1 86,268 "152";
153 1 0 69,246 "153";
154 1 1 200,244 "154";
155 0 1 114,165 "155";
156 1 0 59,64 "156";
157 1 1 244,287 "157";
158 1 1 88,237 "158";
159 1 1 66,87 "159";
160 1 1 10,83 "160";
161 0 1 68,93 "161";
162 2 0 39,269 "162";
163 2 0 36,137 "163";
164 1 1 39,74 "164";
165 1 1 75,87 "165";
166 2 0 174,199 "166";
167 2 1 151,288 "167";
168 2 1 31,152 "168";
169 2 0 78,199 "169";
170 0 1 139,161 "170";
171 1 0 57,169 "171";
172 1 1 100,267 "172";
173 0 1 206,262 "173";
174 2 0 23,229 "174";
175 2 0 230,278 "175";
176 1 0 42,237 "176";
177 2 0 271,292 "177";
178 2 0 252,287 "178";
179 2 0 150,238 "179";
180 2 0 14,142 "180";
181 2 1 115,147 "181";
182 1 0 32,252 "182";
183 2 1 166,264 "183";
184 1 0 2,294 "184";
185 1 0 124,292 "185";
186 0 1 277,292 "186";
187 2 1 128,161 "187";
188 0 1 9,137 "188";
189 0 0 164,206 "189";
190 1 0 31,240 "190";
191 1 1 73,139 "191";
192 2 0 98,178 "192";
193 1 1 117,125 "193";
194 1 1 88,106 "194";
195 0 1 148,205 "195";
196 2 0 195,258 "196";
197 2 0 58,111 "197";
198 0 1 47,53 "198";
199 0 0 38,134 "199";
200 1 1 90,254 "200";
201 0 1 133,194 "201";
202 2 1 141,167 "202";
203 1 0 91,157 "203";
204 2 1 39,206 "204";
205 1 0 18,184 "205";
206 1 1 40,92 "206";
207 0 1 95,197 "207";
208 1 1 23,95 "208";
209 1 1 55,184 "209";
210 0 1 130,173 "210";
211 1 0 27,272 "211";
212 2 0 225,246 "212";
213 2 0 44,55 "213";
214 0 1 143,292 "214";
215 1 0 260,269 "215";
216 2 0 20,288 "216";
217 2 1 67,218 "217";
218 0 0 46,90 "218";
219 2 1 77,210 "219";
220 2 0 33,34 "220";
221 0 1 186,196 "221";
222 0 0 209,265 "222";
223 2 1 187,259 "223";
224 0 1 173,178 "224";
225 1 0 206,256 "225";
226 0 1 6,40 "226";
227 2 0 191,257 "227";
228 0 0 185,278 "228";
229 2 1 25,51 "229";
230 0 0 1,39 "230";
231 2 0 34,71 "231";
232 2 1 111,193 "232";
233 0 1 14,202 "233";
234 0 1 75,80 "234";
235 0 1 95,240 "235";
236 0 1 149,286 "236";
237 1 1 109,224 "237";
238 1 1 75,114 "238";
239 0 0 30,292 "239";
240 0 0 125,234 "240";
241 1 0 96,196 "241";
242 0 0 122,224 "242";
243 0 0 95,163 "243";
244 0 0 29,278 "244";
245 0 1 27,150 "245";
246 1 1 100,179 "246";
247 2 1 29,187 "247";
248 1 0 231,235 "248";
249 2 0 80,209 "249";
250 2 1 66,243 "250";
251 0 1 182,193 "251";
252 2 0 84,237 "252";
253 1 0 252,290 "253";
254 1 0 103,122 "254";
255 0 0 43,104 "255";
256 0 0 98,184 "256";
257 1 1 67,171 "257";
258 1 0 17,124 "258";
259 2 1 100,268 "259";
260 2 1 40,77 "260";
261 1 1 149,172 "261";
262 2 0 76,123 "262";
263 1 1 113,142 "263";
264 0 0 78,83 "264";
265 1 1 75,204 "265";
266 0 1 143,195 "266";
267 2 0 170,271 "267";
268 0 1 32,144 "268";
269 1 0 17,199 "269";
270 1 0 31,52 "270";
271 1 1 47,152 "271";
272 0 0 50,233 "272";
273 2 1 39,58 "273";
274 1 0 171,186 "274";
275 1 0 99,241 "275";
276 2 0 35,275 "276";
277 1 1 17,191 "277";
278 2 1 27,249 "278";
279 2 1 49,241 "279";
280 0 1 26,77 "280";
281 2 1 82,293 "281";
282 0 1 140,227 "282";
283 2 0 18,108 "283";
284 2 0 66,68 "284";
285 1 0 15,275 "285";
286 1 0 165,247 "286";
287 1 1 103,162 "287";
288 0 1 77,80 "288";
289 1 1 48,267 "289";
290 1 0 54,82 "290";
291 0 0 62,92 "291";
292 1 1 31,285 "292";
293 2 0 75,95 "293";
294 0 0 159,227 "294";
