parity 244;
0 0 1 148,223 "0";
1 0 0 123,189 "1";
2 1 0 154,192 "2";
3 2 0 155,166 "3";
4 0 1 54,94 "4";
5 2 0 14,77 "5";
6 1 0 101,214 "6";
7 0 1 33,187 "7";
8 1 1 83,126 "8";
9 1 0 16,158 "9";
10 0 1 48,190 "10";
11 0 0 69,229 "11";
12 1 0 160,182 "12";
13 0 0 32,151 "13";
14 2 1 83,96 "14";
15 2 1 158,171 "15";
16 2 1 48,106 "16";
17 2 0 85,100 "17";
18 2 0 135,192 "18";
19 1 1 15,121 "19";
20 1 0 7,64 "20";
21 0 1 63,212 "21";
22 1 0 173,177 "22";
23 2 0 77,126 "23";
24 2 0 11,139 "24";
25 2 0 35,99 "25";
26 1 0 123,221 "26";
27 2 0 104,165 "27";
28 1 1 106,243 "28";
29 1 1 23,99 "29";
30 0 0 103,133 "30";
31 1 0 91,132 "31";
32 1 1 65,186 "32";
33 1 0 76,94 "33";
34 0 0 102,213 "34";
35 1 0 63,110 "35";
36 1 0 75,118 "36";
37 0 1 56,157 "37";
38 2 1 28,169 "38";
39 0 0 26,56 "39";
40 2 0 35,215 "40";
41 1 1 165,215 "41";
42 0 0 3,231 "42";
43 1 1 86,197 "43";
44 1 1 32,211 "44";
45 1 0 22,98 "45";
46 1 1 49,234 "46";
47 0 0 134,160 "47";
48 1 0 197,232 "48";
49 1 1 192,210 "49";
50 1 0 148,175 "50";
51 2 1 128,157 "51";
52 2 0 59,125 "52";
53 1 1 162,230 "53";
54 2 1 38,214 "54";
55 2 0 100,159 "55";
56 2 0 143,197 "56";
57 2 1 96,118 "57";
58 2 1 13,72 "58";
59 1 1 12,217 "59";
60 1 1 178,217 "60";
61 2 0 3,184 "61";
62 1 0 43,55 "62";
63 0 1 134,155 "63";
64 0 1 78,107 "64";
65 0 1 2,141 "65";
66 2 0 73,220 "66";
67 0 0 146,225 "67";
68 2 0 5,136 "68";
69 2 1 236,240 "69";
70 2 0 78,79 "70";
71 2 0 25,140 "71";
72 0 0 65,166 "72";
73 1 1 45,195 "73";
74 2 1 18,135 "74";
75 0 0 162,181 "75";
76 0 1 183,218 "76";
77 2 1 7,115 "77";
78 1 0 42,136 "78";
79 2 0 199,201 "79";
80 2 0 10,56 "80";
81 0 1 75,104 "81";
82 2 0 115,209 "82";
83 2 1 17,218 "83";
84 0 1 88,143 "84";
85 0 1 179,194 "85";
86 2 0 67,218 "86";
87 1 1 48,210 "87";
88 0 1 90,229 "88";
89 2 1 108,157 "89";
90 1 0 1,187 "90";
91 1 1 48,195 "91";
92 1 0 170,182 "92";
93 1 0 18,150 "93";
94 0 0 49,108 "94";
95 0 1 193,244 "95";
96 0 1 81,181 "96";
97 1 1 12,103 "97";
98 2 1 74,92 "98";
99 0 0 85,134 "99";
100 0 0 157,175 "100";
101 2 0 173,225 "101";
102 1 0 130,224 "102";
103 2 1 60,118 "103";
104 0 1 110,113 "104";
105 1 1 37,140 "105";
106 1 0 18,25 "106";
107 0 1 178,199 "107";
108 2 0 80,146 "108";
109 2 1 149,225 "109";
110 1 0 5,90 "110";
111 2 0 51,91 "111";
112 2 0 4,203 "112";
113 0 0 28,154 "113";
114 0 1 17,132 "114";
115 2 1 83,104 "115";
116 0 0 132,135 "116";
117 2 1 125,199 "117";
118 2 0 1,198 "118";
119 2 0 11,199 "119";
120 1 0 55,111 "120";
121 1 1 152,174 "121";
122 0 1 30,157 "122";
123 2 0 129,139 "123";
124 2 1 105,206 "124";
125 2 0 117,234 "125";
126 2 0 4,101 "126";
127 2 0 39,236 "127";
128 2 0 109,149 "128";
129 2 1 52,140 "129";
130 2 0 159,220 "130";
131 1 0 16,190 "131";
132 2 1 26,119 "132";
133 1 0 110,123 "133";
134 0 1 74,122 "134";
135 2 1 158,219 "135";
136 0 0 92,196 "136";
137 2 0 20,73 "137";
138 2 0 40,156 "138";
139 1 0 77,164 "139";
140 0 0 5,214 "140";
141 2 1 108,133 "141";
142 0 0 76,140 "142";
143 1 0 130,192 "143";
144 0 1 151,211 "144";
145 1 0 40,242 "145";
146 0 1 103,164 "146";
147 0 1 46,118 "147";
148 0 0 13,187 "148";
149 1 1 8,42 "149";
150 1 1 23,44 "150";
151 2 0 210,232 "151";
152 0 1 35,82 "152";
153 2 1 102,196 "153";
154 1 0 195,205 "154";
155 0 0 4,40 "155";
156 0 0 144,153 "156";
157 1 1 219,240 "157";
158 1 1 58,82 "158";
159 2 0 136,238 "159";
160 1 1 23,82 "160";
161 2 0 172,188 "161";
162 2 1 200,219 "162";
163 2 0 56,111 "163";
164 0 0 50,161 "164";
165 1 0 42,97 "165";
166 1 0 116,211 "166";
167 0 0 33,96 "167";
168 2 0 58,89 "168";
169 0 0 37,226 "169";
170 0 1 57,188 "170";
171 0 1 23,223 "171";
172 2 0 3,138 "172";
173 2 0 78,104 "173";
174 1 0 178,235 "174";
175 2 1 120,142 "175";
176 1 0 99,192 "176";
177 0 0 93,185 "177";
178 0 0 78,189 "178";
179 1 0 161,221 "179";
180 2 1 32,61 "180";
181 2 0 63,136 "181";
182 1 1 158,215 "182";
183 1 1 76,237 "183";
184 0 0 2,8 "184";
185 2 1 161,211 "185";
186 1 1 144,174 "186";
187 1 1 80,189 "187";
188 0 0 93,99 "188";
189 1 0 179,215 "189";
190 1 0 14,75 "190";
191 0 1 67,232 "191";
192 1 0 33,54 "192";
193 1 1 112,158 "193";
194 0 0 109,170 "194";
195 2 0 61,170 "195";
196 2 1 10,41 "196";
197 1 0 112,161 "197";
198 2 1 78,114 "198";
199 0 1 115,212 "199";
200 0 0 45,182 "200";
201 2 1 29,213 "201";
202 1 0 48,78 "202";
203 0 0 11,142 "203";
204 2 1 81,126 "204";
205 1 1 62,131 "205";
206 1 0 88,164 "206";
207 0 0 39,98 "207";
208 2 1 54,67 "208";
209 1 1 99,101 "209";
210 1 1 55,182 "210";
211 1 1 11,197 "211";
212 2 0 53,193 "212";
213 2 0 53,206 "213";
214 1 0 77,146 "214";
215 2 1 10,27 "215";
216 2 0 136,186 "216";
217 2 0 99,103 "217";
218 1 1 104,151 "218";
219 1 0 63,108 "219";
220 2 1 2,216 "220";
221 2 1 133,192 "221";
222 0 0 22,90 "222";
223 0 0 108,141 "223";
224 1 0 66,181 "224";
225 0 1 19,141 "225";
226 1 1 87,96 "226";
227 1 0 5,165 "227";
228 1 0 45,122 "228";
229 2 1 104,208 "229";
230 1 1 47,134 "230";
231 2 0 21,238 "231";
232 0 0 132,229 "232";
233 1 0 125,184 "233";
234 0 0 31,167 "234";
235 2 1 18,31 "235";
236 2 0 22,34 "236";
237 1 1 169,196 "237";
238 0 1 236,240 "238";
239 1 1 39,93 "239";
240 1 0 27,223 "240";
241 1 1 151,172 "241";
242 2 1 43,96 "242";
243 0 1 102,174 "243";
244 1 0 30,177 "244";
