parity 294;
0 1 1 11,227 "0";
1 0 1 258,271 "1";
2 2 0 121,134 "2";
3 2 0 45,226 "3";
4 1 1 184,194 "4";
5 2 0 58,244 "5";
6 2 1 15,238 "6";
7 2 1 77,130 "7";
8 0 0 29,79 "8";
9 0 0 81,279 "9";
10 1 0 46,201 "10";
11 2 0 116,284 "11";
12 1 1 240,273 "12";
13 0 0 236,238 "13";
14 2 0 113,187 "14";
15 2 1 72,178 "15";
16 1 0 35,294 "16";
17 2 0 75,100 "17";
18 1 0 20,116 "18";
19 2 0 60,144 "19";
20 1 1 8,13 "20";
21 2 0 43,272 "21";
22 1 0 29,97 "22";
23 0 1 93,142 "23";
24 2 1 222,257 "24";
25 2 1 13,256 "25";
26 2 1 101,226 "26";
27 0 0 40,78 "27";
28 0 1 194,261 "28";
29 2 0 255,291 "29";
30 1 0 214,282 "30";
31 1 1 25,62 "31";
32 0 0 108,119 "32";
33 2 1 11,109 "33";
34 2 0 20,60 "34";
35 0 0 94,253 "35";
36 0 1 6,216 "36";
37 1 0 31,194 "37";
38 2 0 184,213 "38";
39 2 1 75,246 "39";
40 0 0 112,276 "40";
41 2 0 121,200 "41";
42 0 0 72,210 "42";
43 0 1 16,278 "43";
44 2 1 23,26 "44";
45 0 1 73,134 "45";
46 2 1 110,126 "46";
47 0 1 65,121 "47";
48 0 1 202,241 "48";
49 2 0 179,208 "49";
50 0 1 158,269 "50";
51 0 1 54,188 "51";
52 0 0 10,246 "52";
53 2 0 128,137 "53";
54 0 0 174,259 "54";
55 1 1 204,240 "55";
56 2 0 8,37 "56";
57 0 0 2,120 "57";
58 2 1 170,289 "58";
59 2 0 74,281 "59";
60 1 0 87,269 "60";
61 2 0 253,270 "61";
62 1 1 102,289 "62";
63 0 0 70,240 "63";
64 1 0 110,131 "64";
65 0 0 110,245 "65";
66 2 1 125,179 "66";
67 2 1 51,279 "67";
68 0 1 36,230 "68";
69 0 0 82,156 "69";
70 0 1 218,224 "70";
71 2 0 236,250 "71";
72 0 1 84,248 "72";
73 0 1 126,135 "73";
74 2 1 4,134 "74";
75 2 1 168,212 "75";
76 1 1 116,209 "76";
77 1 1 173,194 "77";
78 1 1 44,173 "78";
79 1 1 170,280 "79";
80 0 0 268,288 "80";
81 2 1 83,138 "81";
82 0 1 57,268 "82";
83 0 1 22,101 "83";
84 2 1 3,264 "84";
85 1 1 29,162 "85";
86 1 1 225,235 "86";
87 0 0 111,291 "87";
88 1 1 146,265 "88";
89 0 1 70,145 "89";
90 2 0 123,140 "90";
91 0 0 85,155 "91";
92 0 0 76,207 "92";
93 2 0 168,211 "93";
94 2 1 29,33 "94";
95 1 0 114,184 "95";
96 1 1 192,268 "96";
97 1 0 16,70 "97";
98 2 0 99,203 "98";
99 1 0 61,124 "99";
100 0 0 173,273 "100";
101 1 0 34,68 "101";
102 1 0 79,168 "102";
103 2 0 82,187 "103";
104 1 1 175,267 "104";
105 1 1 195,233 "105";
106 1 1 132,165 "106";
107 0 0 119,267 "107";
108 1 1 85,137 "108";
109 0 1 167,285 "109";
110 1 1 236,251 "110";
111 0 1 110,165 "111";
112 2 0 71,232 "112";
113 1 0 220,286 "113";
114 0 0 18,272 "114";
115 0 0 63,180 "115";
116 2 1 151,216 "116";
117 1 0 1,6 "117";
118 1 1 83,179 "118";
119 0 1 57,62 "119";
120 1 1 8,223 "120";
121 1 1 45,104 "121";
122 0 1 71,285 "122";
123 0 0 118,237 "123";
124 0 0 123,170 "124";
125 0 1 74,118 "125";
126 1 1 5,107 "126";
127 2 0 0,27 "127";
128 2 0 31,241 "128";
129 1 1 202,292 "129";
130 0 1 75,186 "130";
131 2 0 8,167 "131";
132 0 1 50,115 "132";
133 0 1 97,173 "133";
134 2 1 182,212 "134";
135 1 1 166,272 "135";
136 1 1 150,169 "136";
137 1 1 114,241 "137";
138 1 0 114,174 "138";
139 0 0 203,283 "139";
140 1 0 159,271 "140";
141 1 1 202,261 "141";
142 2 1 79,194 "142";
143 0 0 36,130 "143";
144 0 0 14,271 "144";
145 0 1 57,211 "145";
146 2 1 173,183 "146";
147 1 0 156,202 "147";
148 0 0 13,149 "148";
149 0 1 234,245 "149";
150 2 0 208,218 "150";
151 2 0 246,257 "151";
152 1 1 10,121 "152";
153 1 1 4,27 "153";
154 2 1 184,238 "154";
155 0 1 184,251 "155";
156 0 0 120,124 "156";
157 0 0 174,192 "157";
158 2 0 166,174 "158";
159 0 1 57,293 "159";
160 2 0 75,228 "160";
161 0 0 29,147 "161";
162 1 1 77,123 "162";
163 0 0 17,270 "163";
164 2 0 89,200 "164";
165 2 0 182,217 "165";
166 0 0 31,240 "166";
167 1 1 152,182 "167";
168 0 1 135,252 "168";
169 1 1 15,141 "169";
170 0 0 146,151 "170";
171 2 1 189,213 "171";
172 0 1 91,128 "172";
173 1 0 9,64 "173";
174 2 0 152,166 "174";
175 1 1 177,255 "175";
176 1 1 21,79 "176";
177 2 1 246,284 "177";
178 2 0 26,179 "178";
179 1 0 60,82 "179";
180 2 0 12,205 "180";
181 2 0 69,287 "181";
182 1 1 196,211 "182";
183 0 0 83,209 "183";
184 0 0 132,188 "184";
185 2 1 58,235 "185";
186 1 1 180,205 "186";
187 2 0 24,71 "187";
188 0 0 114,226 "188";
189 0 0 116,235 "189";
190 2 1 30,234 "190";
191 1 1 110,190 "191";
192 2 1 278,291 "192";
193 0 1 234,246 "193";
194 1 0 155,199 "194";
195 0 0 49,67 "195";
196 2 1 10,120 "196";
197 0 1 27,100 "197";
198 0 0 54,138 "198";
199 1 0 175,242 "199";
200 2 0 135,257 "200";
201 0 0 5,23 "201";
202 0 0 215,231 "202";
203 2 1 63,67 "203";
204 0 0 117,183 "204";
205 1 0 184,203 "205";
206 2 0 51,224 "206";
207 2 1 32,184 "207";
208 0 1 60,180 "208";
209 2 1 86,161 "209";
210 1 1 64,294 "210";
211 2 1 84,177 "211";
212 0 1 207,229 "212";
213 0 0 159,239 "213";
214 1 0 78,244 "214";
215 1 1 145,204 "215";
216 1 0 63,184 "216";
217 1 0 228,276 "217";
218 0 1 25,241 "218";
219 0 0 44,84 "219";
220 1 0 19,280 "220";
221 0 1 69,210 "221";
222 2 1 66,148 "222";
223 1 1 244,250 "223";
224 0 0 59,185 "224";
225 1 0 72,76 "225";
226 2 1 21,223 "226";
227 1 0 55,294 "227";
228 2 1 0,93 "228";
229 1 0 189,245 "229";
230 1 0 143,210 "230";
231 2 1 60,136 "231";
232 0 0 242,272 "232";
233 2 1 39,244 "233";
234 0 1 87,202 "234";
235 2 1 174,212 "235";
236 2 1 156,283 "236";
237 2 1 64,219 "237";
238 0 1 68,282 "238";
239 2 0 79,202 "239";
240 0 1 13,138 "240";
241 1 1 61,159 "241";
242 0 0 21,217 "242";
243 1 1 195,254 "243";
244 2 1 17,214 "244";
245 2 0 35,259 "245";
246 1 1 221,228 "246";
247 1 1 21,147 "247";
248 1 0 85,221 "248";
249 2 0 136,240 "249";
250 2 0 26,40 "250";
251 1 1 101,106 "251";
252 1 0 29,77 "252";
253 0 0 143,279 "253";
254 1 1 108,163 "254";
255 1 0 193,224 "255";
256 0 1 61,235 "256";
257 2 0 79,262 "257";
258 2 0 238,264 "258";
259 0 0 224,270 "259";
260 0 0 1,95 "260";
261 1 0 112,264 "261";
262 2 0 82,102 "262";
263 0 1 36,137 "263";
264 2 0 222,289 "264";
265 1 0 93,287 "265";
266 2 1 98,195 "266";
267 0 0 213,293 "267";
268 1 1 108,181 "268";
269 1 1 145,221 "269";
270 2 0 9,210 "270";
271 2 1 86,139 "271";
272 2 0 18,108 "272";
273 0 1 41,121 "273";
274 0 0 184,245 "274";
275 2 0 189,199 "275";
276 0 1 49,109 "276";
277 2 0 16,40 "277";
278 1 1 25,232 "278";
279 1 0 40,262 "279";
280 2 0 96,240 "280";
281 0 0 207,216 "281";
282 1 1 222,235 "282";
283 2 1 163,272 "283";
284 1 0 145,194 "284";
285 1 0 224,281 "285";
286 2 1 135,177 "286";
287 2 1 11,24 "287";
288 1 0 8,72 "288";
289 0 0 94,210 "289";
290 2 0 91,162 "290";
291 2 0 55,124 "291";
292 1 1 90,203 "292";
293 2 0 4,269 "293";
294 1 0 171,235 "294";
