parity 284;
0 0 1 25,81 "0";
1 2 0 169,177 "1";
2 0 1 157,258 "2";
3 0 0 99,258 "3";
4 0 0 64,278 "4";
5 0 0 12,151 "5";
6 2 0 100,232 "6";
7 0 0 5,28 "7";
8 1 0 100,136 "8";
9 2 1 199,266 "9";
10 0 1 106,107 "10";
11 0 1 25,110 "11";
12 2 1 250,276 "12";
13 0 0 183,227 "13";
14 2 1 112,278 "14";
15 1 0 100,272 "15";
16 2 0 65,197 "16";
17 1 0 56,179 "17";
18 0 0 51,223 "18";
19 0 1 77,160 "19";
20 2 0 172,200 "20";
21 0 0 205,265 "21";
22 0 1 89,219 "22";
23 0 0 43,249 "23";
24 0 1 121,147 "24";
25 1 0 152,231 "25";
26 2 1 170,266 "26";
27 0 1 98,177 "27";
28 1 0 69,216 "28";
29 0 0 22,173 "29";
30 0 1 17,86 "30";
31 2 1 10,198 "31";
32 1 1 170,172 "32";
33 2 1 129,266 "33";
34 1 1 179,231 "34";
35 1 0 222,245 "35";
36 0 0 6,237 "36";
37 1 0 244,276 "37";
38 2 0 60,64 "38";
39 1 0 223,277 "39";
40 2 1 153,198 "40";
41 1 0 243,262 "41";
42 2 1 79,204 "42";
43 2 1 130,140 "43";
44 2 1 40,58 "44";
45 1 1 124,198 "45";
46 1 1 91,103 "46";
47 1 0 12,275 "47";
48 0 0 18,150 "48";
49 2 0 165,281 "49";
50 2 1 48,195 "50";
51 1 1 36,277 "51";
52 1 0 40,80 "52";
53 1 0 10,113 "53";
54 2 0 5,149 "54";
55 2 0 0,77 "55";
56 0 0 107,130 "56";
57 2 1 116,163 "57";
58 2 0 30,280 "58";
59 1 0 94,261 "59";
60 0 0 1,79 "60";
61 2 0 203,244 "61";
62 0 0 33,166 "62";
63 2 0 1,195 "63";
64 0 0 5,253 "64";
65 1 0 9,242 "65";
66 0 0 112,158 "66";
67 0 1 114,146 "67";
68 2 0 40,275 "68";
69 1 1 59,112 "69";
70 1 1 132,229 "70";
71 1 0 90,200 "71";
72 2 0 100,111 "72";
73 1 1 32,75 "73";
74 0 1 32,235 "74";
75 1 0 144,203 "75";
76 2 0 96,169 "76";
77 0 1 71,170 "77";
78 1 0 83,245 "78";
79 1 1 61,103 "79";
80 1 1 222,231 "80";
81 2 1 59,147 "81";
82 2 0 161,265 "82";
83 0 0 57,279 "83";
84 2 0 235,244 "84";
85 2 0 91,247 "85";
86 1 0 150,170 "86";
87 0 0 136,228 "87";
88 0 0 27,82 "88";
89 2 0 97,125 "89";
90 0 0 60,197 "90";
91 0 1 167,185 "91";
92 0 1 11,279 "92";
93 2 0 116,233 "93";
94 0 1 155,271 "94";
95 0 0 74,138 "95";
96 1 0 71,82 "96";
97 0 1 110,132 "97";
98 0 0 16,29 "98";
99 0 1 156,260 "99";
100 0 0 59,83 "100";
101 0 1 265,277 "101";
102 1 1 50,77 "102";
103 0 1 121,127 "103";
104 1 1 215,224 "104";
105 0 1 26,229 "105";
106 0 1 56,214 "106";
107 0 0 62,134 "107";
108 1 0 169,208 "108";
109 0 0 191,222 "109";
110 2 0 141,191 "110";
111 2 0 105,212 "111";
112 0 1 48,193 "112";
113 2 0 160,263 "113";
114 1 0 84,140 "114";
115 2 1 51,210 "115";
116 2 1 80,247 "116";
117 0 0 72,141 "117";
118 0 1 238,255 "118";
119 2 0 1,163 "119";
120 0 0 75,264 "120";
121 1 1 25,242 "121";
122 0 0 211,266 "122";
123 0 1 199,201 "123";
124 1 0 183,217 "124";
125 0 1 85,118 "125";
126 1 1 188,244 "126";
127 0 1 271,279 "127";
128 0 0 146,251 "128";
129 2 0 88,249 "129";
130 0 1 60,239 "130";
131 0 0 97,273 "131";
132 2 1 65,280 "132";
133 1 1 103,260 "133";
134 1 1 241,246 "134";
135 1 1 22,100 "135";
136 1 0 39,48 "136";
137 2 0 1,205 "137";
138 2 0 67,132 "138";
139 0 0 91,250 "139";
140 1 0 0,83 "140";
141 1 0 52,163 "141";
142 2 0 35,50 "142";
143 2 1 157,200 "143";
144 2 1 15,43 "144";
145 1 0 52,144 "145";
146 1 0 33,262 "146";
147 2 1 91,99 "147";
148 2 1 129,275 "148";
149 2 1 4,252 "149";
150 0 1 59,116 "150";
151 2 0 143,239 "151";
152 2 0 229,275 "152";
153 0 0 133,211 "153";
154 2 1 205,269 "154";
155 2 1 7,89 "155";
156 1 1 129,169 "156";
157 0 0 215,283 "157";
158 1 1 53,116 "158";
159 2 1 55,108 "159";
160 2 1 4,187 "160";
161 2 1 66,234 "161";
162 0 1 6,274 "162";
163 2 1 92,273 "163";
164 2 1 266,273 "164";
165 2 1 171,229 "165";
166 0 0 97,275 "166";
167 0 1 47,197 "167";
168 0 0 23,222 "168";
169 2 0 3,259 "169";
170 0 1 122,263 "170";
171 1 1 57,233 "171";
172 1 1 243,275 "172";
173 0 0 115,263 "173";
174 2 1 11,280 "174";
175 2 0 67,241 "175";
176 1 1 148,150 "176";
177 2 1 126,136 "177";
178 0 0 37,266 "178";
179 1 0 199,233 "179";
180 1 0 11,283 "180";
181 1 1 122,270 "181";
182 1 0 61,177 "182";
183 1 1 94,232 "183";
184 2 0 152,233 "184";
185 0 1 42,244 "185";
186 1 1 220,252 "186";
187 0 0 66,247 "187";
188 1 1 117,268 "188";
189 1 0 63,213 "189";
190 0 0 146,272 "190";
191 1 0 21,120 "191";
192 1 1 205,281 "192";
193 1 0 138,252 "193";
194 2 1 177,213 "194";
195 1 1 11,117 "195";
196 1 0 3,26 "196";
197 2 1 67,224 "197";
198 1 1 135,142 "198";
199 0 1 29,51 "199";
200 1 1 78,106 "200";
201 1 1 58,221 "201";
202 0 1 145,203 "202";
203 1 0 12,224 "203";
204 0 0 69,265 "204";
205 2 0 61,263 "205";
206 0 0 89,261 "206";
207 2 0 28,246 "207";
208 1 1 185,214 "208";
209 2 1 233,238 "209";
210 0 0 9,264 "210";
211 2 1 246,254 "211";
212 0 0 98,114 "212";
213 0 0 145,231 "213";
214 0 1 102,125 "214";
215 1 0 10,102 "215";
216 1 1 232,242 "216";
217 1 0 58,155 "217";
218 1 0 59,202 "218";
219 2 1 145,154 "219";
220 2 1 51,254 "220";
221 1 1 19,179 "221";
222 1 0 210,274 "222";
223 2 1 268,274 "223";
224 1 0 227,255 "224";
225 0 0 145,271 "225";
226 2 0 70,264 "226";
227 2 1 184,215 "227";
228 0 1 4,65 "228";
229 0 1 127,269 "229";
230 1 1 38,203 "230";
231 1 1 55,197 "231";
232 0 0 66,78 "232";
233 1 1 173,231 "233";
234 0 1 67,82 "234";
235 0 0 144,211 "235";
236 0 0 15,104 "236";
237 2 0 125,127 "237";
238 2 1 259,282 "238";
239 0 1 11,137 "239";
240 0 1 197,209 "240";
241 2 1 63,74 "241";
242 2 1 7,142 "242";
243 0 0 203,221 "243";
244 0 0 19,228 "244";
245 2 1 173,284 "245";
246 1 1 78,204 "246";
247 2 0 256,268 "247";
248 1 0 108,268 "248";
249 1 0 217,282 "249";
250 1 1 47,110 "250";
251 0 0 98,191 "251";
252 2 0 153,221 "252";
253 0 1 17,275 "253";
254 1 0 107,167 "254";
255 2 0 20,132 "255";
256 0 0 46,136 "256";
257 1 0 110,269 "257";
258 1 0 164,205 "258";
259 2 1 0,170 "259";
260 2 0 50,180 "260";
261 1 0 153,241 "261";
262 0 1 29,209 "262";
263 0 0 204,212 "263";
264 2 0 233,255 "264";
265 1 0 0,278 "265";
266 1 1 51,150 "266";
267 0 1 127,200 "267";
268 0 0 114,120 "268";
269 0 0 132,256 "269";
270 0 0 32,51 "270";
271 0 1 12,180 "271";
272 0 0 87,231 "272";
273 0 1 71,236 "273";
274 0 0 119,240 "274";
275 1 0 1,151 "275";
276 2 0 104,280 "276";
277 1 1 129,162 "277";
278 1 1 146,175 "278";
279 2 0 31,186 "279";
280 0 0 52,89 "280";
281 1 1 200,270 "281";
282 0 1 75,175 "282";
283 1 0 54,217 "283";
284 0 0 7,127 "284";
