parity 289;
0 2 1 16,138 "0";
1 2 1 235,278 "1";
2 2 0 104,270 "2";
3 1 1 98,235 "3";
4 2 1 122,136 "4";
5 2 0 84,260 "5";
6 1 0 170,288 "6";
7 0 1 160,227 "7";
8 2 1 60,282 "8";
9 1 1 177,243 "9";
10 2 1 93,146 "10";
11 1 1 0,221 "11";
12 2 1 94,284 "12";
13 0 1 96,207 "13";
14 2 0 16,163 "14";
15 0 0 23,270 "15";
16 1 0 51,164 "16";
17 2 1 146,288 "17";
18 1 0 90,194 "18";
19 1 0 91,173 "19";
20 0 0 31,258 "20";
21 2 1 8,287 "21";
22 1 1 30,103 "22";
23 2 1 175,177 "23";
24 1 0 46,80 "24";
25 0 0 117,270 "25";
26 2 0 64,278 "26";
27 0 0 69,273 "27";
28 2 0 100,174 "28";
29 1 0 265,275 "29";
30 0 1 142,170 "30";
31 1 0 20,59 "31";
32 2 1 72,266 "32";
33 1 0 98,130 "33";
34 0 0 59,123 "34";
35 2 0 30,170 "35";
36 1 0 122,187 "36";
37 1 0 46,278 "37";
38 2 1 184,195 "38";
39 0 1 10,165 "39";
40 1 0 9,34 "40";
41 0 1 49,127 "41";
42 0 1 206,240 "42";
43 1 0 60,275 "43";
44 1 1 2,175 "44";
45 2 1 69,106 "45";
46 0 1 9,265 "46";
47 1 0 101,184 "47";
48 0 1 60,285 "48";
49 0 0 46,106 "49";
50 0 1 168,274 "50";
51 1 0 138,243 "51";
52 1 0 266,283 "52";
53 0 1 238,243 "53";
54 0 1 55,130 "54";
55 0 1 113,274 "55";
56 2 1 236,258 "56";
57 2 0 153,246 "57";
58 0 1 125,161 "58";
59 1 0 159,170 "59";
60 1 0 191,234 "60";
61 1 1 32,218 "61";
62 2 1 41,129 "62";
63 1 0 174,184 "63";
64 2 0 41,79 "64";
65 0 1 213,256 "65";
66 1 1 94,176 "66";
67 1 1 100,148 "67";
68 1 1 7,281 "68";
69 1 0 235,279 "69";
70 2 1 204,211 "70";
71 1 0 135,205 "71";
72 0 1 61,138 "72";
73 2 0 124,262 "73";
74 0 1 117,179 "74";
75 0 1 248,263 "75";
76 1 0 63,287 "76";
77 0 1 25,131 "77";
78 2 0 0,237 "78";
79 0 0 215,253 "79";
80 1 0 167,265 "80";
81 0 0 119,253 "81";
82 0 1 67,72 "82";
83 1 0 191,195 "83";
84 2 1 57,125 "84";
85 1 0 42,48 "85";
86 0 1 197,224 "86";
87 0 0 121,252 "87";
88 2 0 97,248 "88";
89 0 0 141,283 "89";
90 0 1 20,267 "90";
91 0 0 150,220 "91";
92 0 0 74,252 "92";
93 2 1 91,189 "93";
94 2 0 84,164 "94";
95 0 1 52,138 "95";
96 1 0 244,269 "96";
97 2 0 153,264 "97";
98 1 0 36,70 "98";
99 1 1 171,189 "99";
100 1 0 196,240 "100";
101 1 1 71,93 "101";
102 0 1 129,133 "102";
103 0 0 128,226 "103";
104 1 1 193,269 "104";
105 0 1 209,256 "105";
106 1 1 114,249 "106";
107 0 0 196,252 "107";
108 1 0 73,221 "108";
109 1 0 164,279 "109";
110 0 1 102,247 "110";
111 2 0 34,160 "111";
112 2 0 81,207 "112";
113 1 1 2,36 "113";
114 0 1 9,207 "114";
115 0 0 182,273 "115";
116 1 1 148,199 "116";
117 0 1 110,219 "117";
118 2 1 43,49 "118";
119 0 1 128,159 "119";
120 0 1 77,81 "120";
121 2 0 21,196 "121";
122 2 1 3,19 "122";
123 2 1 252,270 "123";
124 0 0 18,20 "124";
125 2 0 72,215 "125";
126 1 0 195,221 "126";
127 1 0 53,221 "127";
128 2 0 154,237 "128";
129 2 0 107,249 "129";
130 0 0 24,177 "130";
131 2 1 73,231 "131";
132 2 0 54,178 "132";
133 1 0 106,224 "133";
134 1 0 0,117 "134";
135 0 1 126,246 "135";
136 1 1 32,216 "136";
137 1 1 16,269 "137";
138 1 0 43,48 "138";
139 0 0 53,247 "139";
140 2 0 163,185 "140";
141 1 0 67,153 "141";
142 2 1 62,157 "142";
143 0 1 193,227 "143";
144 2 1 191,207 "144";
145 0 1 9,167 "145";
146 1 0 159,226 "146";
147 0 0 184,212 "147";
148 0 0 235,267 "148";
149 2 0 113,270 "149";
150 2 1 244,271 "150";
151 0 1 60,231 "151";
152 0 0 20,163 "152";
153 0 0 13,174 "153";
154 0 0 42,75 "154";
155 2 1 30,275 "155";
156 2 0 279,282 "156";
157 2 0 118,167 "157";
158 0 1 73,140 "158";
159 2 1 85,90 "159";
160 1 0 22,273 "160";
161 2 1 140,166 "161";
162 1 1 15,278 "162";
163 2 1 275,281 "163";
164 2 1 8,23 "164";
165 0 1 99,177 "165";
166 1 1 73,239 "166";
167 1 0 130,275 "167";
168 2 0 116,163 "168";
169 2 0 61,234 "169";
170 0 1 86,94 "170";
171 1 1 23,134 "171";
172 1 0 174,182 "172";
173 0 1 132,199 "173";
174 1 1 89,226 "174";
175 1 0 191,284 "175";
176 0 0 186,236 "176";
177 2 0 45,262 "177";
178 0 1 247,279 "178";
179 2 1 82,186 "179";
180 0 1 154,287 "180";
181 2 1 87,210 "181";
182 0 0 15,190 "182";
183 1 0 219,276 "183";
184 1 1 187,287 "184";
185 1 1 163,172 "185";
186 1 1 56,143 "186";
187 2 1 105,235 "187";
188 1 1 59,97 "188";
189 0 1 159,234 "189";
190 1 1 25,118 "190";
191 1 0 160,249 "191";
192 1 1 152,166 "192";
193 1 1 133,185 "193";
194 0 0 241,279 "194";
195 0 1 273,283 "195";
196 2 0 132,231 "196";
197 0 1 222,241 "197";
198 2 0 95,194 "198";
199 0 1 74,166 "199";
200 2 0 8,121 "200";
201 1 0 67,102 "201";
202 2 0 37,124 "202";
203 0 0 21,99 "203";
204 2 0 274,281 "204";
205 2 1 21,289 "205";
206 0 1 1,268 "206";
207 1 1 95,136 "207";
208 2 0 74,284 "208";
209 0 0 150,154 "209";
210 2 0 28,151 "210";
211 2 1 141,162 "211";
212 0 1 15,166 "212";
213 2 1 66,133 "213";
214 0 0 28,216 "214";
215 1 0 52,145 "215";
216 1 1 27,169 "216";
217 2 0 98,190 "217";
218 0 0 12,163 "218";
219 0 0 13,77 "219";
220 0 0 76,223 "220";
221 1 0 55,139 "221";
222 1 0 21,268 "222";
223 0 1 140,247 "223";
224 1 1 141,232 "224";
225 1 0 162,267 "225";
226 0 0 13,40 "226";
227 2 1 82,118 "227";
228 1 1 12,287 "228";
229 1 0 193,215 "229";
230 0 0 153,190 "230";
231 1 1 239,276 "231";
232 1 1 136,178 "232";
233 0 0 74,271 "233";
234 2 1 127,138 "234";
235 0 0 92,245 "235";
236 2 1 109,167 "236";
237 1 0 18,224 "237";
238 1 0 108,155 "238";
239 2 1 154,283 "239";
240 2 1 244,258 "240";
241 1 0 12,109 "241";
242 2 1 33,285 "242";
243 1 0 72,132 "243";
244 0 0 118,129 "244";
245 0 0 3,188 "245";
246 0 0 47,182 "246";
247 0 1 96,179 "247";
248 2 1 201,258 "248";
249 1 1 163,227 "249";
250 0 1 121,271 "250";
251 1 0 30,156 "251";
252 2 1 1,239 "252";
253 2 1 27,224 "253";
254 1 0 269,275 "254";
255 2 0 82,283 "255";
256 1 1 47,274 "256";
257 0 1 13,70 "257";
258 0 0 64,239 "258";
259 1 0 127,234 "259";
260 1 1 147,270 "260";
261 2 0 203,246 "261";
262 1 0 91,139 "262";
263 2 0 6,114 "263";
264 1 1 201,284 "264";
265 0 1 61,214 "265";
266 2 1 197,288 "266";
267 1 0 124,230 "267";
268 1 1 104,121 "268";
269 0 0 177,193 "269";
270 1 1 57,179 "270";
271 1 0 208,233 "271";
272 1 1 99,138 "272";
273 1 1 142,263 "273";
274 2 0 126,198 "274";
275 1 0 41,283 "275";
276 2 0 39,258 "276";
277 2 1 32,142 "277";
278 0 1 40,223 "278";
279 0 1 143,183 "279";
280 2 0 56,87 "280";
281 0 0 244,275 "281";
282 2 1 37,114 "282";
283 0 0 136,170 "283";
284 1 1 132,219 "284";
285 1 0 205,270 "285";
286 2 0 97,207 "286";
287 2 0 60,220 "287";
288 1 0 58,179 "288";
289 1 0 112,283 "289";
