parity 224;
0 1 1 56,193 "0";
1 2 1 60,104 "1";
2 0 1 23,142 "2";
3 0 0 25,156 "3";
4 1 1 2,57 "4";
5 1 1 43,220 "5";
6 2 1 128,183 "6";
7 2 0 185,211 "7";
8 2 1 42,70 "8";
9 0 0 46,215 "9";
10 2 0 20,159 "10";
11 0 1 18,145 "11";
12 2 1 72,110 "12";
13 0 0 8,217 "13";
14 2 1 93,212 "14";
15 2 0 48,62 "15";
16 1 0 31,55 "16";
17 0 1 102,223 "17";
18 0 1 70,153 "18";
19 0 0 34,93 "19";
20 2 0 37,202 "20";
21 1 0 61,135 "21";
22 2 1 71,219 "22";
23 1 0 52,71 "23";
24 0 1 88,161 "24";
25 2 0 20,185 "25";
26 1 1 83,85 "26";
27 2 1 84,92 "27";
28 0 1 123,151 "28";
29 2 1 147,176 "29";
30 0 0 4,122 "30";
31 2 1 52,219 "31";
32 2 0 66,217 "32";
33 2 1 126,209 "33";
34 2 1 22,108 "34";
35 1 1 137,209 "35";
36 2 0 71,189 "36";
37 1 0 59,79 "37";
38 2 0 70,211 "38";
39 0 0 18,53 "39";
40 1 1 58,102 "40";
41 2 0 80,160 "41";
42 2 0 165,177 "42";
43 2 1 105,147 "43";
44 0 0 25,55 "44";
45 2 1 40,96 "45";
46 0 1 68,100 "46";
47 0 0 98,141 "47";
48 1 1 73,212 "48";
49 0 1 39,133 "49";
50 0 0 131,174 "50";
51 0 0 172,207 "51";
52 0 1 33,173 "52";
53 0 0 92,219 "53";
54 1 0 1,93 "54";
55 0 1 142,148 "55";
56 2 1 49,214 "56";
57 0 1 15,115 "57";
58 1 0 100,215 "58";
59 0 1 67,176 "59";
60 1 1 104,134 "60";
61 0 0 103,137 "61";
62 2 0 40,87 "62";
63 1 0 68,202 "63";
64 2 1 44,137 "64";
65 2 1 42,170 "65";
66 0 0 26,73 "66";
67 0 0 73,126 "67";
68 0 0 110,150 "68";
69 0 1 47,222 "69";
70 1 0 111,182 "70";
71 1 1 46,133 "71";
72 2 0 8,175 "72";
73 0 0 7,159 "73";
74 2 1 126,187 "74";
75 2 0 51,184 "75";
76 0 0 48,224 "76";
77 2 1 7,73 "77";
78 1 1 187,188 "78";
79 1 1 83,118 "79";
80 2 0 49,184 "80";
81 2 1 1,217 "81";
82 0 0 10,224 "82";
83 2 0 11,94 "83";
84 2 0 121,224 "84";
85 0 1 75,209 "85";
86 1 0 23,63 "86";
87 1 0 20,55 "87";
88 0 1 57,127 "88";
89 0 1 55,159 "89";
90 1 0 170,223 "90";
91 1 1 34,202 "91";
92 2 0 15,35 "92";
93 2 1 30,204 "93";
94 0 0 123,194 "94";
95 1 0 54,102 "95";
96 0 1 36,81 "96";
97 2 0 93,197 "97";
98 1 1 121,144 "98";
99 0 0 159,179 "99";
100 0 0 24,212 "100";
101 0 0 32,102 "101";
102 1 0 169,170 "102";
103 2 0 78,212 "103";
104 0 1 174,206 "104";
105 2 1 11,77 "105";
106 2 0 1,96 "106";
107 2 0 53,69 "107";
108 0 0 38,91 "108";
109 1 1 105,222 "109";
110 0 0 30,164 "110";
111 1 1 17,90 "111";
112 2 0 156,214 "112";
113 1 1 52,187 "113";
114 2 1 102,133 "114";
115 2 1 86,100 "115";
116 1 0 63,162 "116";
117 0 0 16,113 "117";
118 2 1 100,112 "118";
119 0 0 54,132 "119";
120 1 1 99,187 "120";
121 1 1 38,202 "121";
122 2 1 153,183 "122";
123 0 1 32,173 "123";
124 2 1 87,154 "124";
125 2 0 38,209 "125";
126 2 0 44,103 "126";
127 1 1 138,201 "127";
128 1 0 124,171 "128";
129 0 0 85,145 "129";
130 2 0 145,197 "130";
131 1 1 43,139 "131";
132 0 1 82,172 "132";
133 2 1 168,184 "133";
134 2 0 172,215 "134";
135 0 1 68,96 "135";
136 0 0 183,193 "136";
137 0 1 58,201 "137";
138 0 1 84,148 "138";
139 1 0 68,171 "139";
140 2 1 133,183 "140";
141 2 0 13,122 "141";
142 1 1 35,106 "142";
143 2 0 95,196 "143";
144 2 1 1,161 "144";
145 2 1 68,173 "145";
146 1 1 26,186 "146";
147 2 0 58,197 "147";
148 1 1 11,140 "148";
149 1 1 10,122 "149";
150 1 0 69,149 "150";
151 2 1 102,203 "151";
152 2 1 82,141 "152";
153 0 0 26,219 "153";
154 2 1 110,214 "154";
155 2 1 57,67 "155";
156 2 1 96,218 "156";
157 0 0 183,197 "157";
158 0 0 109,168 "158";
159 1 1 91,174 "159";
160 0 0 53,188 "160";
161 0 0 143,191 "161";
162 2 1 25,209 "162";
163 0 0 108,121 "163";
164 1 1 103,174 "164";
165 1 0 113,224 "165";
166 0 0 20,29 "166";
167 2 0 16,152 "167";
168 0 1 41,167 "168";
169 1 0 63,75 "169";
170 1 0 40,52 "170";
171 0 0 91,107 "171";
172 1 0 163,219 "172";
173 0 1 89,178 "173";
174 2 0 4,205 "174";
175 2 0 8,30 "175";
176 2 1 27,220 "176";
177 0 1 111,143 "177";
178 1 1 10,38 "178";
179 2 0 29,33 "179";
180 2 1 67,188 "180";
181 1 1 97,124 "181";
182 0 1 45,134 "182";
183 2 1 99,192 "183";
184 1 0 44,211 "184";
185 0 1 4,10 "185";
186 1 1 25,174 "186";
187 0 1 0,93 "187";
188 1 1 41,212 "188";
189 1 0 163,190 "189";
190 2 1 18,73 "190";
191 2 1 125,200 "191";
192 2 1 32,74 "192";
193 1 0 187,202 "193";
194 0 1 20,63 "194";
195 1 1 9,62 "195";
196 2 0 81,108 "196";
197 0 0 0,121 "197";
198 2 0 75,179 "198";
199 1 0 176,188 "199";
200 0 0 14,150 "200";
201 0 0 85,134 "201";
202 0 1 63,83 "202";
203 2 1 88,194 "203";
204 0 0 93,180 "204";
205 1 1 69,117 "205";
206 0 1 213,217 "206";
207 0 0 149,222 "207";
208 1 0 15,83 "208";
209 2 0 97,116 "209";
210 2 1 143,170 "210";
211 1 0 130,215 "211";
212 1 0 176,180 "212";
213 0 0 189,214 "213";
214 1 1 39,46 "214";
215 0 0 15,209 "215";
216 0 0 15,88 "216";
217 2 0 84,203 "217";
218 1 1 45,174 "218";
219 1 0 65,103 "219";
220 0 1 142,162 "220";
221 1 1 169,213 "221";
222 2 0 48,174 "222";
223 2 0 40,193 "223";
224 0 1 34,105 "224";
