parity 259;
0 1 1 12,202 "0";
1 0 0 209,235 "1";
2 1 1 16,196 "2";
3 2 0 139,247 "3";
4 2 1 67,238 "4";
5 2 1 43,71 "5";
6 0 0 71,116 "6";
7 0 0 102,159 "7";
8 0 1 20,233 "8";
9 0 0 238,249 "9";
10 0 0 91,225 "10";
11 0 0 54,91 "11";
12 0 0 46,249 "12";
13 0 0 38,68 "13";
14 1 1 108,210 "14";
15 2 0 42,237 "15";
16 1 1 31,40 "16";
17 2 1 20,205 "17";
18 2 1 87,144 "18";
19 1 0 63,83 "19";
20 2 1 16,195 "20";
21 1 1 64,228 "21";
22 2 0 92,250 "22";
23 0 1 15,66 "23";
24 1 0 124,190 "24";
25 0 0 0,171 "25";
26 0 1 58,112 "26";
27 1 0 86,254 "27";
28 2 0 26,191 "28";
29 1 1 158,161 "29";
30 1 1 11,35 "30";
31 1 0 128,195 "31";
32 0 0 33,171 "32";
33 0 0 30,174 "33";
34 2 0 87,112 "34";
35 2 1 20,98 "35";
36 1 1 113,200 "36";
37 1 0 101,182 "37";
38 1 1 22,30 "38";
39 0 0 97,217 "39";
40 0 1 5,231 "40";
41 1 1 108,256 "41";
42 2 0 44,231 "42";
43 2 0 11,257 "43";
44 1 0 164,199 "44";
45 2 1 37,184 "45";
46 2 0 73,247 "46";
47 1 0 91,192 "47";
48 2 1 152,248 "48";
49 0 0 15,95 "49";
50 0 1 121,135 "50";
51 2 1 8,43 "51";
52 2 0 64,177 "52";
53 0 0 134,184 "53";
54 2 1 119,259 "54";
55 2 1 32,102 "55";
56 1 1 53,258 "56";
57 1 0 55,251 "57";
58 2 1 173,251 "58";
59 1 0 72,149 "59";
60 2 1 4,135 "60";
61 1 1 221,249 "61";
62 2 0 36,160 "62";
63 0 1 107,232 "63";
64 0 1 43,46 "64";
65 2 0 140,144 "65";
66 1 0 36,161 "66";
67 1 1 38,244 "67";
68 1 0 150,251 "68";
69 0 1 15,99 "69";
70 2 1 109,114 "70";
71 0 1 10,252 "71";
72 2 1 118,216 "72";
73 0 0 16,208 "73";
74 0 0 8,219 "74";
75 1 0 9,55 "75";
76 2 0 97,248 "76";
77 0 0 28,72 "77";
78 1 0 120,250 "78";
79 0 0 88,95 "79";
80 0 0 74,107 "80";
81 0 1 122,227 "81";
82 2 1 16,108 "82";
83 0 1 59,190 "83";
84 1 0 132,252 "84";
85 1 1 46,48 "85";
86 2 1 129,221 "86";
87 0 1 65,215 "87";
88 0 0 40,44 "88";
89 1 0 42,46 "89";
90 0 1 85,174 "90";
91 0 0 74,150 "91";
92 1 1 82,122 "92";
93 1 0 168,182 "93";
94 2 1 159,233 "94";
95 1 1 174,252 "95";
96 0 0 215,243 "96";
97 1 1 164,200 "97";
98 2 1 75,128 "98";
99 1 1 217,247 "99";
100 1 1 204,234 "100";
101 1 0 51,74 "101";
102 0 0 18,129 "102";
103 2 1 168,247 "103";
104 2 1 35,171 "104";
105 2 1 215,224 "105";
106 2 0 33,145 "106";
107 2 1 7,204 "107";
108 1 0 29,218 "108";
109 1 0 243,250 "109";
110 0 0 112,125 "110";
111 1 1 168,254 "111";
112 1 1 12,107 "112";
113 1 1 71,205 "113";
114 1 1 12,24 "114";
115 0 1 7,22 "115";
116 1 0 67,99 "116";
117 2 1 8,139 "117";
118 1 1 15,227 "118";
119 2 1 158,234 "119";
120 2 0 3,38 "120";
121 2 1 75,132 "121";
122 0 0 7,131 "122";
123 2 0 114,154 "123";
124 2 0 38,103 "124";
125 1 0 60,246 "125";
126 1 0 53,59 "126";
127 0 0 26,140 "127";
128 1 0 8,68 "128";
129 2 1 120,169 "129";
130 2 1 1,120 "130";
131 1 0 32,64 "131";
132 1 1 42,181 "132";
133 2 0 29,103 "133";
134 0 0 36,183 "134";
135 2 1 97,156 "135";
136 0 1 31,106 "136";
137 0 1 86,246 "137";
138 2 1 47,182 "138";
139 0 1 106,107 "139";
140 1 0 200,228 "140";
141 0 1 94,125 "141";
142 0 1 94,116 "142";
143 2 1 162,208 "143";
144 0 0 35,73 "144";
145 0 0 25,254 "145";
146 2 0 122,174 "146";
147 0 1 226,230 "147";
148 0 1 115,199 "148";
149 0 0 124,246 "149";
150 1 1 3,138 "150";
151 0 1 183,191 "151";
152 0 1 4,46 "152";
153 2 0 60,182 "153";
154 1 0 18,139 "154";
155 0 0 58,68 "155";
156 2 1 28,179 "156";
157 0 1 42,226 "157";
158 1 1 8,176 "158";
159 0 1 115,157 "159";
160 0 0 4,85 "160";
161 0 1 205,259 "161";
162 0 1 108,207 "162";
163 1 1 110,230 "163";
164 0 0 220,232 "164";
165 1 1 124,176 "165";
166 2 0 142,162 "166";
167 1 1 27,37 "167";
168 2 1 69,249 "168";
169 1 1 118,252 "169";
170 2 1 76,105 "170";
171 1 0 124,178 "171";
172 2 1 40,104 "172";
173 0 0 140,219 "173";
174 1 0 39,168 "174";
175 1 0 115,220 "175";
176 0 1 16,120 "176";
177 1 0 26,61 "177";
178 2 0 63,115 "178";
179 1 1 45,204 "179";
180 2 0 23,118 "180";
181 1 1 192,242 "181";
182 0 0 143,245 "182";
183 1 1 76,130 "183";
184 0 1 236,252 "184";
185 0 0 44,81 "185";
186 1 1 77,195 "186";
187 1 0 195,254 "187";
188 2 1 123,201 "188";
189 1 1 139,157 "189";
190 2 1 144,176 "190";
191 0 0 63,95 "191";
192 1 0 90,123 "192";
193 1 0 105,176 "193";
194 2 0 175,254 "194";
195 0 0 106,145 "195";
196 2 1 225,227 "196";
197 2 0 111,168 "197";
198 0 0 28,85 "198";
199 1 0 46,167 "199";
200 1 1 52,118 "200";
201 1 1 19,117 "201";
202 2 0 28,31 "202";
203 1 1 29,235 "203";
204 0 0 130,200 "204";
205 1 0 156,167 "205";
206 2 0 3,119 "206";
207 1 0 78,136 "207";
208 0 0 176,196 "208";
209 1 1 70,110 "209";
210 1 1 176,208 "210";
211 2 1 33,220 "211";
212 0 0 137,219 "212";
213 2 0 161,245 "213";
214 0 0 43,148 "214";
215 0 1 7,200 "215";
216 0 0 105,204 "216";
217 0 0 32,166 "217";
218 2 1 37,145 "218";
219 2 1 157,177 "219";
220 1 0 143,149 "220";
221 2 0 14,118 "221";
222 1 0 95,160 "222";
223 1 0 13,41 "223";
224 2 1 47,54 "224";
225 1 0 46,171 "225";
226 0 1 50,151 "226";
227 1 1 115,197 "227";
228 0 1 120,128 "228";
229 1 1 46,52 "229";
230 0 0 229,251 "230";
231 0 0 60,62 "231";
232 1 0 163,196 "232";
233 0 1 97,190 "233";
234 2 1 156,204 "234";
235 1 1 0,95 "235";
236 1 1 33,159 "236";
237 0 1 70,208 "237";
238 0 0 48,237 "238";
239 1 0 54,247 "239";
240 0 1 174,251 "240";
241 1 0 220,226 "241";
242 2 1 190,219 "242";
243 2 1 101,230 "243";
244 2 1 75,100 "244";
245 1 1 94,144 "245";
246 2 0 6,208 "246";
247 0 0 160,255 "247";
248 0 1 135,179 "248";
249 2 1 149,184 "249";
250 2 1 82,150 "250";
251 2 0 85,208 "251";
252 1 0 170,220 "252";
253 1 0 116,238 "253";
254 2 0 149,174 "254";
255 2 0 100,256 "255";
256 2 0 77,222 "256";
257 2 1 190,210 "257";
258 2 0 168,215 "258";
259 1 1 114,180 "259";
