parity 294;
0 1 0 173,269 "0";
1 0 0 9,290 "1";
2 2 0 98,127 "2";
3 1 1 9,246 "3";
4 1 0 273,284 "4";
5 1 0 63,292 "5";
6 1 0 0,65 "6";
7 0 1 239,275 "7";
8 1 1 75,288 "8";
9 1 1 187,234 "9";
10 2 0 122,241 "10";
11 2 1 170,240 "11";
12 0 0 209,290 "12";
13 2 1 71,196 "13";
14 1 0 57,67 "14";
15 2 1 59,263 "15";
16 2 0 177,185 "16";
17 2 1 8,16 "17";
18 2 0 189,269 "18";
19 2 0 102,189 "19";
20 1 1 108,244 "20";
21 0 0 20,46 "21";
22 1 1 53,58 "22";
23 2 0 10,55 "23";
24 1 0 85,228 "24";
25 2 1 167,250 "25";
26 1 1 57,77 "26";
27 0 1 242,245 "27";
28 1 1 105,223 "28";
29 2 0 276,283 "29";
30 0 0 161,186 "30";
31 0 1 224,239 "31";
32 1 0 101,234 "32";
33 0 1 41,151 "33";
34 1 0 272,293 "34";
35 2 0 67,102 "35";
36 1 1 58,118 "36";
37 1 1 5,276 "37";
38 1 0 120,224 "38";
39 2 1 0,60 "39";
40 0 0 179,281 "40";
41 2 1 213,262 "41";
42 2 0 59,62 "42";
43 2 1 82,266 "43";
44 1 1 200,215 "44";
45 2 0 36,276 "45";
46 0 1 61,286 "46";
47 0 0 84,271 "47";
48 2 0 104,266 "48";
49 2 0 234,236 "49";
50 1 0 92,215 "50";
51 0 1 168,262 "51";
52 1 0 65,69 "52";
53 1 1 33,145 "53";
54 0 0 52,239 "54";
55 1 0 141,146 "55";
56 2 1 168,179 "56";
57 2 1 159,239 "57";
58 2 0 81,108 "58";
59 1 0 103,138 "59";
60 2 0 158,179 "60";
61 0 1 64,106 "61";
62 1 1 106,186 "62";
63 0 1 11,136 "63";
64 2 0 277,291 "64";
65 1 0 179,196 "65";
66 1 0 44,100 "66";
67 0 0 231,237 "67";
68 2 1 10,179 "68";
69 2 1 48,256 "69";
70 2 1 120,275 "70";
71 1 1 77,104 "71";
72 2 0 200,244 "72";
73 0 1 167,253 "73";
74 2 0 211,230 "74";
75 0 1 44,251 "75";
76 1 0 202,216 "76";
77 2 1 45,162 "77";
78 1 0 177,242 "78";
79 1 1 8,186 "79";
80 1 1 166,173 "80";
81 0 1 116,259 "81";
82 0 1 10,86 "82";
83 1 0 126,289 "83";
84 2 0 154,163 "84";
85 0 1 120,179 "85";
86 2 0 225,251 "86";
87 1 0 18,180 "87";
88 0 0 180,286 "88";
89 2 0 48,61 "89";
90 1 0 131,171 "90";
91 2 0 38,97 "91";
92 1 1 17,47 "92";
93 2 0 28,32 "93";
94 0 0 214,229 "94";
95 0 1 137,215 "95";
96 0 0 183,251 "96";
97 1 1 9,35 "97";
98 0 1 53,237 "98";
99 0 0 22,205 "99";
100 0 0 154,277 "100";
101 2 1 52,183 "101";
102 2 1 168,279 "102";
103 1 1 65,96 "103";
104 2 1 122,243 "104";
105 0 1 124,225 "105";
106 0 0 114,221 "106";
107 2 1 178,264 "107";
108 2 1 32,243 "108";
109 2 1 7,166 "109";
110 1 1 113,265 "110";
111 0 0 175,247 "111";
112 1 0 176,273 "112";
113 2 1 245,288 "113";
114 0 0 123,129 "114";
115 0 0 32,237 "115";
116 2 1 220,237 "116";
117 1 0 73,289 "117";
118 1 0 59,97 "118";
119 2 0 176,194 "119";
120 0 1 49,171 "120";
121 0 0 191,207 "121";
122 1 0 25,213 "122";
123 0 1 65,92 "123";
124 0 1 89,278 "124";
125 2 0 9,186 "125";
126 2 1 52,82 "126";
127 0 1 92,174 "127";
128 0 0 59,257 "128";
129 0 0 124,245 "129";
130 0 1 216,245 "130";
131 1 1 60,106 "131";
132 2 0 4,141 "132";
133 2 1 10,224 "133";
134 1 1 11,54 "134";
135 2 1 79,282 "135";
136 1 1 160,294 "136";
137 2 0 122,228 "137";
138 1 0 18,220 "138";
139 2 0 28,105 "139";
140 0 0 135,244 "140";
141 0 1 203,225 "141";
142 1 0 44,261 "142";
143 1 0 126,148 "143";
144 2 0 48,270 "144";
145 1 0 183,199 "145";
146 0 0 68,147 "146";
147 2 0 223,248 "147";
148 1 1 7,18 "148";
149 0 1 10,206 "149";
150 0 1 60,77 "150";
151 0 0 6,65 "151";
152 0 1 94,115 "152";
153 0 0 63,254 "153";
154 1 0 133,137 "154";
155 0 1 25,94 "155";
156 0 1 169,259 "156";
157 0 1 74,219 "157";
158 0 0 43,109 "158";
159 1 0 80,283 "159";
160 2 1 47,53 "160";
161 0 0 96,211 "161";
162 0 0 7,234 "162";
163 0 0 53,59 "163";
164 1 1 67,176 "164";
165 0 0 9,162 "165";
166 0 0 77,179 "166";
167 0 1 100,206 "167";
168 2 1 121,224 "168";
169 2 0 136,264 "169";
170 0 1 251,256 "170";
171 2 1 56,158 "171";
172 1 1 74,134 "172";
173 2 0 68,185 "173";
174 1 1 27,89 "174";
175 0 1 36,254 "175";
176 1 0 118,184 "176";
177 2 1 94,276 "177";
178 2 1 58,175 "178";
179 1 0 190,221 "179";
180 0 0 225,293 "180";
181 0 1 103,255 "181";
182 2 0 279,294 "182";
183 0 0 228,274 "183";
184 0 0 213,283 "184";
185 2 1 101,288 "185";
186 2 1 48,75 "186";
187 2 1 172,223 "187";
188 2 1 109,275 "188";
189 2 0 151,154 "189";
190 0 1 55,149 "190";
191 1 0 15,73 "191";
192 1 0 48,170 "192";
193 2 1 157,173 "193";
194 2 1 83,146 "194";
195 2 1 90,140 "195";
196 2 1 48,245 "196";
197 1 1 32,90 "197";
198 0 0 97,146 "198";
199 2 1 152,182 "199";
200 2 1 21,46 "200";
201 1 1 28,280 "201";
202 0 1 62,289 "202";
203 0 0 32,81 "203";
204 2 1 49,75 "204";
205 0 1 158,266 "205";
206 1 0 160,274 "206";
207 2 0 76,185 "207";
208 1 1 22,124 "208";
209 2 1 122,170 "209";
210 2 0 223,268 "210";
211 2 1 203,241 "211";
212 2 0 31,259 "212";
213 1 1 49,288 "213";
214 2 1 135,143 "214";
215 0 1 170,172 "215";
216 0 1 62,235 "216";
217 1 1 146,205 "217";
218 2 0 84,148 "218";
219 1 0 39,173 "219";
220 1 1 11,144 "220";
221 0 0 59,184 "221";
222 2 1 12,41 "222";
223 1 1 174,209 "223";
224 1 0 33,78 "224";
225 2 0 7,182 "225";
226 2 1 21,286 "226";
227 1 1 123,294 "227";
228 0 0 226,253 "228";
229 1 0 68,113 "229";
230 2 1 35,206 "230";
231 0 1 58,277 "231";
232 2 1 61,215 "232";
233 2 1 167,176 "233";
234 2 0 166,191 "234";
235 0 1 225,230 "235";
236 2 0 46,258 "236";
237 1 0 3,246 "237";
238 2 0 14,61 "238";
239 0 0 81,141 "239";
240 0 1 62,260 "240";
241 2 1 155,178 "241";
242 0 1 65,105 "242";
243 0 1 25,166 "243";
244 0 1 150,190 "244";
245 0 1 76,289 "245";
246 0 1 208,293 "246";
247 0 1 116,119 "247";
248 1 1 68,87 "248";
249 2 0 125,245 "249";
250 2 1 37,170 "250";
251 2 1 81,83 "251";
252 2 1 132,292 "252";
253 2 1 220,246 "253";
254 2 1 29,252 "254";
255 2 1 17,141 "255";
256 1 0 203,221 "256";
257 2 0 72,81 "257";
258 1 1 115,137 "258";
259 1 1 52,61 "259";
260 1 0 194,288 "260";
261 0 1 54,75 "261";
262 2 0 8,285 "262";
263 2 1 178,205 "263";
264 1 0 103,263 "264";
265 1 1 50,237 "265";
266 1 0 173,227 "266";
267 2 1 235,279 "267";
268 2 1 32,111 "268";
269 2 0 40,122 "269";
270 2 1 69,206 "270";
271 1 1 117,138 "271";
272 2 1 59,282 "272";
273 0 1 125,244 "273";
274 1 1 188,278 "274";
275 1 1 106,265 "275";
276 2 1 2,185 "276";
277 1 1 22,292 "277";
278 1 1 43,75 "278";
279 0 1 168,276 "279";
280 0 0 26,229 "280";
281 1 1 65,176 "281";
282 1 1 28,128 "282";
283 1 0 49,210 "283";
284 0 1 64,261 "284";
285 0 0 84,152 "285";
286 2 0 154,292 "286";
287 0 1 107,126 "287";
288 2 1 26,165 "288";
289 1 1 46,294 "289";
290 0 0 197,283 "290";
291 2 1 59,180 "291";
292 2 1 76,176 "292";
293 1 1 17,194 "293";
294 2 0 75,184 "294";
