parity 234;
0 0 1 11,208 "0";
1 0 1 200,220 "1";
2 2 0 67,207 "2";
3 1 1 44,163 "3";
4 2 0 74,91 "4";
5 1 1 166,170 "5";
6 1 0 113,192 "6";
7 1 0 71,83 "7";
8 0 1 1,71 "8";
9 0 0 72,204 "9";
10 1 0 39,121 "10";
11 2 1 87,178 "11";
12 2 0 79,216 "12";
13 1 1 52,214 "13";
14 1 0 212,230 "14";
15 0 1 17,160 "15";
16 1 0 104,203 "16";
17 0 1 44,52 "17";
18 0 0 28,51 "18";
19 0 1 183,215 "19";
20 0 0 142,182 "20";
21 0 1 51,135 "21";
22 2 1 47,125 "22";
23 2 1 4,130 "23";
24 1 0 79,224 "24";
25 2 0 106,179 "25";
26 1 0 67,136 "26";
27 0 0 18,189 "27";
28 1 1 97,168 "28";
29 1 0 52,68 "29";
30 0 0 188,202 "30";
31 0 0 51,166 "31";
32 0 1 35,164 "32";
33 0 0 0,149 "33";
34 0 1 150,226 "34";
35 2 0 99,146 "35";
36 0 1 23,133 "36";
37 2 0 155,232 "37";
38 2 0 167,180 "38";
39 2 1 13,80 "39";
40 0 1 30,202 "40";
41 2 1 55,67 "41";
42 1 0 74,96 "42";
43 2 1 34,190 "43";
44 0 0 165,201 "44";
45 1 1 4,229 "45";
46 0 1 173,214 "46";
47 1 0 81,185 "47";
48 2 1 90,164 "48";
49 1 0 104,214 "49";
50 1 0 44,211 "50";
51 2 0 48,194 "51";
52 2 0 6,43 "52";
53 2 1 49,155 "53";
54 0 0 73,117 "54";
55 0 0 32,56 "55";
56 0 0 96,213 "56";
57 2 0 32,222 "57";
58 2 1 155,191 "58";
59 1 1 137,231 "59";
60 2 1 51,197 "60";
61 1 1 52,98 "61";
62 1 0 19,55 "62";
63 2 1 75,207 "63";
64 1 1 73,227 "64";
65 0 0 110,185 "65";
66 0 0 18,229 "66";
67 1 0 28,151 "67";
68 2 1 6,152 "68";
69 2 1 50,163 "69";
70 1 1 129,201 "70";
71 0 0 123,234 "71";
72 2 0 27,116 "72";
73 1 0 157,203 "73";
74 1 1 100,224 "74";
75 2 1 123,169 "75";
76 0 1 75,233 "76";
77 2 0 115,206 "77";
78 0 0 6,56 "78";
79 1 0 101,162 "79";
80 2 0 25,81 "80";
81 2 1 60,131 "81";
82 0 0 7,232 "82";
83 0 0 84,113 "83";
84 0 0 108,209 "84";
85 1 0 88,113 "85";
86 2 1 200,207 "86";
87 1 1 137,204 "87";
88 0 0 95,121 "88";
89 1 1 52,166 "89";
90 0 0 32,228 "90";
91 0 0 70,138 "91";
92 1 1 30,98 "92";
93 2 0 132,216 "93";
94 1 0 178,203 "94";
95 0 0 24,120 "95";
96 2 1 78,205 "96";
97 0 0 34,89 "97";
98 2 0 15,64 "98";
99 2 1 97,102 "99";
100 1 1 94,132 "100";
101 2 0 13,152 "101";
102 1 1 105,207 "102";
103 2 1 5,118 "103";
104 2 1 100,146 "104";
105 1 0 41,223 "105";
106 1 1 27,118 "106";
107 1 1 91,94 "107";
108 1 0 4,116 "108";
109 2 0 68,194 "109";
110 0 1 6,200 "110";
111 0 1 119,140 "111";
112 1 0 82,177 "112";
113 2 1 82,199 "113";
114 2 1 159,232 "114";
115 2 0 103,223 "115";
116 0 1 0,46 "116";
117 1 0 21,164 "117";
118 1 0 102,175 "118";
119 2 0 55,85 "119";
120 2 0 87,228 "120";
121 2 1 155,186 "121";
122 0 1 118,228 "122";
123 0 0 102,181 "123";
124 2 0 64,99 "124";
125 2 1 49,51 "125";
126 1 0 110,192 "126";
127 0 0 169,201 "127";
128 1 0 12,40 "128";
129 1 1 119,225 "129";
130 2 1 183,192 "130";
131 2 1 40,160 "131";
132 0 1 37,62 "132";
133 0 1 53,165 "133";
134 0 1 122,143 "134";
135 2 1 54,151 "135";
136 0 1 7,228 "136";
137 1 1 113,184 "137";
138 1 1 3,154 "138";
139 1 0 101,175 "139";
140 2 0 6,93 "140";
141 0 1 98,146 "141";
142 1 1 31,191 "142";
143 0 0 10,22 "143";
144 0 0 79,205 "144";
145 2 0 7,184 "145";
146 0 0 80,145 "146";
147 1 0 150,190 "147";
148 2 0 18,68 "148";
149 0 1 22,141 "149";
150 1 1 17,141 "150";
151 0 0 189,224 "151";
152 2 0 179,207 "152";
153 1 0 206,219 "153";
154 0 0 28,120 "154";
155 2 0 45,111 "155";
156 2 1 147,210 "156";
157 1 0 32,134 "157";
158 2 0 121,186 "158";
159 2 1 37,40 "159";
160 0 1 141,148 "160";
161 0 1 62,192 "161";
162 1 0 84,165 "162";
163 1 1 193,210 "163";
164 1 1 167,171 "164";
165 0 1 65,122 "165";
166 2 1 3,23 "166";
167 2 0 74,103 "167";
168 1 0 150,219 "168";
169 1 1 78,200 "169";
170 1 1 204,208 "170";
171 0 0 27,90 "171";
172 1 0 63,195 "172";
173 1 0 2,141 "173";
174 0 0 125,189 "174";
175 1 0 65,132 "175";
176 0 1 1,36 "176";
177 1 1 65,112 "177";
178 1 1 60,107 "178";
179 2 1 122,146 "179";
180 0 0 32,94 "180";
181 1 1 38,154 "181";
182 1 1 23,27 "182";
183 0 0 126,218 "183";
184 1 1 108,194 "184";
185 2 0 37,173 "185";
186 0 0 168,226 "186";
187 0 1 129,190 "187";
188 2 0 85,133 "188";
189 2 0 43,100 "189";
190 1 1 22,80 "190";
191 2 0 205,220 "191";
192 2 1 96,206 "192";
193 1 1 153,219 "193";
194 2 0 171,213 "194";
195 2 0 13,207 "195";
196 1 0 57,157 "196";
197 2 0 115,209 "197";
198 1 1 49,177 "198";
199 1 0 46,115 "199";
200 2 0 205,214 "200";
201 1 0 52,91 "201";
202 0 0 97,128 "202";
203 1 0 64,85 "203";
204 2 1 96,132 "204";
205 1 0 24,233 "205";
206 1 0 113,177 "206";
207 1 0 107,175 "207";
208 2 0 69,138 "208";
209 1 1 113,159 "209";
210 2 0 12,196 "210";
211 1 1 101,209 "211";
212 2 1 203,232 "212";
213 1 0 66,86 "213";
214 0 0 138,221 "214";
215 2 1 1,20 "215";
216 0 1 76,221 "216";
217 1 0 39,43 "217";
218 1 0 104,178 "218";
219 2 1 152,213 "219";
220 0 1 16,56 "220";
221 0 1 13,138 "221";
222 0 0 49,142 "222";
223 1 1 7,133 "223";
224 2 0 10,188 "224";
225 2 0 133,197 "225";
226 2 0 74,152 "226";
227 2 1 123,211 "227";
228 2 1 117,182 "228";
229 2 1 3,217 "229";
230 1 1 103,107 "230";
231 1 1 27,150 "231";
232 1 0 52,163 "232";
233 0 1 24,42 "233";
234 0 1 122,145 "234";
