parity 244;
0 1 1 29,184 "0";
1 0 1 12,193 "1";
2 0 0 12,46 "2";
3 1 0 168,217 "3";
4 2 0 32,129 "4";
5 2 1 17,190 "5";
6 0 0 15,197 "6";
7 0 0 166,233 "7";
8 1 0 62,162 "8";
9 2 0 92,204 "9";
10 0 1 99,167 "10";
11 2 0 10,135 "11";
12 2 1 115,152 "12";
13 2 1 89,163 "13";
14 1 1 44,223 "14";
15 1 1 65,169 "15";
16 1 0 133,141 "16";
17 2 1 52,178 "17";
18 0 0 162,243 "18";
19 0 1 181,224 "19";
20 0 1 92,215 "20";
21 0 0 22,91 "21";
22 2 1 30,77 "22";
23 0 1 48,179 "23";
24 1 1 109,177 "24";
25 2 1 4,90 "25";
26 1 1 33,36 "26";
27 0 1 120,155 "27";
28 1 1 18,128 "28";
29 2 1 41,97 "29";
30 0 1 169,178 "30";
31 1 1 25,223 "31";
32 0 1 155,212 "32";
33 0 0 118,239 "33";
34 2 1 136,156 "34";
35 2 1 69,217 "35";
36 1 0 148,174 "36";
37 0 1 102,232 "37";
38 0 0 143,155 "38";
39 2 0 90,174 "39";
40 0 1 77,81 "40";
41 2 0 1,235 "41";
42 0 0 4,174 "42";
43 1 1 4,199 "43";
44 0 1 58,138 "44";
45 0 0 92,174 "45";
46 0 1 71,142 "46";
47 2 0 8,96 "47";
48 2 0 19,196 "48";
49 1 1 3,61 "49";
50 2 0 125,148 "50";
51 2 0 49,169 "51";
52 2 0 161,201 "52";
53 0 0 23,40 "53";
54 0 1 211,218 "54";
55 2 1 41,59 "55";
56 2 1 24,54 "56";
57 2 1 35,136 "57";
58 1 0 65,209 "58";
59 0 0 205,235 "59";
60 1 1 139,215 "60";
61 2 0 18,50 "61";
62 0 1 164,193 "62";
63 0 0 51,86 "63";
64 0 1 33,178 "64";
65 2 1 23,120 "65";
66 1 1 127,181 "66";
67 0 1 20,73 "67";
68 0 0 44,212 "68";
69 2 0 48,152 "69";
70 0 0 113,152 "70";
71 1 1 178,190 "71";
72 1 0 21,186 "72";
73 1 0 10,58 "73";
74 0 1 108,113 "74";
75 0 0 84,149 "75";
76 0 0 149,175 "76";
77 0 1 126,215 "77";
78 0 1 102,214 "78";
79 2 0 54,182 "79";
80 2 0 5,91 "80";
81 0 0 69,107 "81";
82 0 0 83,168 "82";
83 0 1 147,189 "83";
84 1 0 116,232 "84";
85 0 1 52,135 "85";
86 1 0 130,174 "86";
87 0 1 4,90 "87";
88 0 1 31,138 "88";
89 2 0 92,136 "89";
90 2 0 131,170 "90";
91 1 1 40,58 "91";
92 2 1 180,236 "92";
93 1 0 86,205 "93";
94 0 1 23,193 "94";
95 0 0 207,208 "95";
96 0 0 58,190 "96";
97 2 1 58,147 "97";
98 2 0 24,113 "98";
99 2 1 96,197 "99";
100 2 1 115,173 "100";
101 1 0 9,94 "101";
102 1 0 91,158 "102";
103 0 1 160,227 "103";
104 2 0 112,199 "104";
105 0 0 64,237 "105";
106 0 1 77,222 "106";
107 1 0 67,244 "107";
108 2 1 200,216 "108";
109 2 1 29,193 "109";
110 0 1 130,209 "110";
111 0 1 164,207 "111";
112 2 1 23,161 "112";
113 0 0 90,129 "113";
114 2 0 0,28 "114";
115 1 0 230,236 "115";
116 1 1 83,195 "116";
117 0 0 18,130 "117";
118 1 0 112,181 "118";
119 2 1 188,231 "119";
120 2 0 29,198 "120";
121 0 1 39,199 "121";
122 1 0 92,194 "122";
123 1 0 3,179 "123";
124 2 0 48,96 "124";
125 0 1 102,239 "125";
126 0 1 17,34 "126";
127 1 0 231,238 "127";
128 0 1 77,189 "128";
129 2 0 28,138 "129";
130 0 0 18,40 "130";
131 2 0 23,157 "131";
132 1 1 36,57 "132";
133 2 1 28,80 "133";
134 2 1 169,212 "134";
135 0 1 12,186 "135";
136 1 0 120,225 "136";
137 2 0 90,190 "137";
138 1 0 70,119 "138";
139 2 0 85,106 "139";
140 2 0 42,183 "140";
141 2 0 51,184 "141";
142 2 0 92,203 "142";
143 1 0 147,217 "143";
144 1 0 120,240 "144";
145 0 1 37,53 "145";
146 2 0 178,213 "146";
147 2 1 149,223 "147";
148 2 0 156,237 "148";
149 0 1 90,173 "149";
150 2 0 71,211 "150";
151 1 0 79,214 "151";
152 0 1 50,75 "152";
153 1 1 70,107 "153";
154 2 0 3,148 "154";
155 1 0 96,168 "155";
156 2 1 107,215 "156";
157 1 1 151,182 "157";
158 1 0 44,219 "158";
159 0 1 98,244 "159";
160 2 0 70,184 "160";
161 1 1 139,169 "161";
162 1 0 138,230 "162";
163 2 0 196,227 "163";
164 1 1 120,134 "164";
165 0 1 39,147 "165";
166 1 0 82,122 "166";
167 2 0 92,112 "167";
168 1 1 165,218 "168";
169 0 1 240,242 "169";
170 0 0 12,65 "170";
171 2 1 180,223 "171";
172 2 0 45,155 "172";
173 1 0 1,96 "173";
174 0 1 44,66 "174";
175 1 1 102,131 "175";
176 1 0 4,135 "176";
177 2 1 18,217 "177";
178 2 0 3,190 "178";
179 0 0 12,162 "179";
180 0 1 40,62 "180";
181 1 1 12,231 "181";
182 2 1 29,113 "182";
183 2 0 17,206 "183";
184 2 1 40,107 "184";
185 2 1 108,207 "185";
186 0 1 78,171 "186";
187 0 0 18,235 "187";
188 0 1 113,137 "188";
189 2 0 53,218 "189";
190 0 0 75,119 "190";
191 1 0 15,204 "191";
192 0 0 113,180 "192";
193 0 0 134,221 "193";
194 2 0 146,221 "194";
195 1 0 102,236 "195";
196 2 1 110,127 "196";
197 0 0 209,220 "197";
198 0 0 156,193 "198";
199 0 0 27,194 "199";
200 2 1 45,57 "200";
201 2 1 75,199 "201";
202 2 0 125,205 "202";
203 1 1 144,217 "203";
204 0 1 48,223 "204";
205 2 0 52,170 "205";
206 0 1 88,159 "206";
207 0 0 47,124 "207";
208 1 1 178,184 "208";
209 1 1 105,165 "209";
210 0 0 42,165 "210";
211 2 1 97,113 "211";
212 1 0 90,133 "212";
213 0 0 94,208 "213";
214 0 0 143,174 "214";
215 1 1 18,84 "215";
216 0 0 33,58 "216";
217 2 0 116,191 "217";
218 1 1 110,228 "218";
219 2 0 2,233 "219";
220 1 0 153,231 "220";
221 2 1 28,216 "221";
222 0 1 58,220 "222";
223 0 1 79,177 "223";
224 0 0 50,122 "224";
225 2 1 175,240 "225";
226 2 1 69,93 "226";
227 0 1 118,172 "227";
228 1 1 80,175 "228";
229 0 1 12,160 "229";
230 0 0 109,166 "230";
231 0 1 148,192 "231";
232 1 0 75,210 "232";
233 1 1 147,234 "233";
234 2 0 5,133 "234";
235 1 0 62,147 "235";
236 1 0 7,98 "236";
237 0 1 17,119 "237";
238 0 1 132,194 "238";
239 0 1 9,47 "239";
240 1 0 137,162 "240";
241 0 1 12,15 "241";
242 0 0 155,168 "242";
243 0 1 173,208 "243";
244 0 0 125,232 "244";
