parity 219;
0 2 1 43,57 "0";
1 2 1 111,192 "1";
2 2 0 27,95 "2";
3 1 1 58,122 "3";
4 1 0 156,189 "4";
5 0 0 30,211 "5";
6 2 1 107,153 "6";
7 0 0 42,177 "7";
8 2 1 2,143 "8";
9 0 0 111,161 "9";
10 0 0 156,170 "10";
11 1 0 72,85 "11";
12 1 0 33,215 "12";
13 2 1 0,52 "13";
14 1 1 188,200 "14";
15 2 0 32,84 "15";
16 1 1 160,175 "16";
17 0 0 16,163 "17";
18 1 0 175,210 "18";
19 2 1 2,3 "19";
20 0 0 80,87 "20";
21 0 0 83,188 "21";
22 2 1 27,193 "22";
23 0 0 143,195 "23";
24 1 1 99,180 "24";
25 0 1 39,156 "25";
26 0 1 164,169 "26";
27 2 1 94,197 "27";
28 2 0 46,209 "28";
29 0 1 87,197 "29";
30 1 1 48,102 "30";
31 1 0 1,73 "31";
32 1 1 132,185 "32";
33 2 0 74,148 "33";
34 1 1 20,43 "34";
35 0 1 110,135 "35";
36 0 1 118,157 "36";
37 0 0 169,201 "37";
38 2 0 71,162 "38";
39 2 1 97,137 "39";
40 2 1 14,129 "40";
41 0 0 29,189 "41";
42 1 1 189,213 "42";
43 1 1 67,106 "43";
44 2 0 98,155 "44";
45 2 0 7,118 "45";
46 1 0 12,125 "46";
47 1 0 103,186 "47";
48 1 0 116,200 "48";
49 0 0 46,175 "49";
50 2 0 24,27 "50";
51 1 1 89,138 "51";
52 0 1 34,201 "52";
53 2 1 73,138 "53";
54 2 0 0,1 "54";
55 0 0 52,117 "55";
56 0 0 71,98 "56";
57 0 0 130,215 "57";
58 2 1 54,174 "58";
59 1 0 21,34 "59";
60 2 0 0,192 "60";
61 1 0 46,95 "61";
62 1 1 65,114 "62";
63 2 0 65,172 "63";
64 0 1 32,128 "64";
65 2 1 188,195 "65";
66 2 0 24,43 "66";
67 0 1 58,98 "67";
68 1 0 59,61 "68";
69 2 1 79,87 "69";
70 0 0 19,209 "70";
71 1 1 159,189 "71";
72 0 0 69,91 "72";
73 2 1 105,172 "73";
74 0 1 29,80 "74";
75 1 1 41,167 "75";
76 0 0 164,184 "76";
77 2 1 5,138 "77";
78 0 0 90,167 "78";
79 1 0 128,165 "79";
80 1 1 49,109 "80";
81 2 1 60,177 "81";
82 1 1 17,134 "82";
83 1 0 54,96 "83";
84 2 0 206,215 "84";
85 2 0 110,161 "85";
86 2 0 54,170 "86";
87 0 0 54,95 "87";
88 1 1 13,155 "88";
89 2 0 51,175 "89";
90 2 1 100,152 "90";
91 2 0 88,218 "91";
92 1 1 68,83 "92";
93 1 0 141,170 "93";
94 2 1 61,73 "94";
95 0 1 0,72 "95";
96 0 0 40,191 "96";
97 1 0 85,212 "97";
98 0 0 64,177 "98";
99 0 1 57,109 "99";
100 1 1 27,217 "100";
101 0 1 3,66 "101";
102 2 0 142,218 "102";
103 2 1 154,218 "103";
104 0 1 120,160 "104";
105 2 0 49,170 "105";
106 2 0 74,171 "106";
107 1 1 105,124 "107";
108 1 1 117,164 "108";
109 1 1 2,129 "109";
110 2 1 132,178 "110";
111 2 1 30,150 "111";
112 1 0 23,32 "112";
113 2 1 45,120 "113";
114 1 1 5,202 "114";
115 0 0 56,162 "115";
116 0 0 81,117 "116";
117 0 0 99,174 "117";
118 0 0 85,130 "118";
119 2 0 16,99 "119";
120 0 0 63,207 "120";
121 1 1 187,201 "121";
122 0 0 109,147 "122";
123 1 1 20,159 "123";
124 0 1 84,192 "124";
125 2 1 103,121 "125";
126 1 1 30,102 "126";
127 1 0 16,199 "127";
128 0 1 133,210 "128";
129 0 1 11,103 "129";
130 1 0 197,208 "130";
131 0 1 77,185 "131";
132 0 0 128,172 "132";
133 1 0 78,211 "133";
134 2 1 71,93 "134";
135 0 1 95,133 "135";
136 2 1 81,140 "136";
137 1 0 170,180 "137";
138 2 0 129,146 "138";
139 1 1 24,155 "139";
140 2 0 85,196 "140";
141 1 1 82,121 "141";
142 2 0 103,179 "142";
143 0 0 81,122 "143";
144 0 0 139,163 "144";
145 2 0 40,96 "145";
146 2 1 48,135 "146";
147 1 1 33,118 "147";
148 0 1 91,105 "148";
149 1 1 7,94 "149";
150 1 0 28,114 "150";
151 1 1 65,190 "151";
152 1 1 98,123 "152";
153 1 1 90,218 "153";
154 0 1 7,199 "154";
155 0 1 14,37 "155";
156 2 0 146,164 "156";
157 2 1 120,154 "157";
158 1 1 98,217 "158";
159 1 1 89,100 "159";
160 1 0 148,159 "160";
161 1 0 42,219 "161";
162 2 1 105,117 "162";
163 0 0 24,170 "163";
164 1 0 189,198 "164";
165 0 0 60,191 "165";
166 2 1 69,186 "166";
167 0 0 161,189 "167";
168 0 1 40,44 "168";
169 1 1 133,166 "169";
170 0 1 67,78 "170";
171 1 0 83,179 "171";
172 1 0 111,181 "172";
173 2 0 39,61 "173";
174 1 0 21,86 "174";
175 0 1 103,136 "175";
176 1 1 50,138 "176";
177 1 0 97,181 "177";
178 0 1 76,204 "178";
179 0 0 81,101 "179";
180 0 0 193,206 "180";
181 0 0 77,157 "181";
182 0 1 87,125 "182";
183 0 1 72,104 "183";
184 0 0 0,24 "184";
185 0 0 102,192 "185";
186 1 1 31,106 "186";
187 0 1 107,216 "187";
188 1 1 25,176 "188";
189 1 1 28,180 "189";
190 2 1 54,216 "190";
191 2 0 176,205 "191";
192 0 1 43,128 "192";
193 1 1 65,196 "193";
194 0 0 51,214 "194";
195 0 1 51,109 "195";
196 2 0 98,128 "196";
197 0 1 16,106 "197";
198 0 0 26,78 "198";
199 2 1 22,136 "199";
200 2 0 167,174 "200";
201 0 0 116,205 "201";
202 0 0 65,86 "202";
203 0 1 102,148 "203";
204 1 0 84,175 "204";
205 1 0 15,187 "205";
206 1 0 149,173 "206";
207 0 0 83,190 "207";
208 0 0 35,161 "208";
209 2 0 6,105 "209";
210 1 1 49,107 "210";
211 0 0 188,189 "211";
212 1 0 23,48 "212";
213 1 1 56,151 "213";
214 0 0 44,157 "214";
215 1 0 60,148 "215";
216 2 0 17,24 "216";
217 1 0 23,143 "217";
218 1 1 37,61 "218";
219 0 0 2,140 "219";
