parity 289;
0 0 0 98,269 "0";
1 1 0 211,271 "1";
2 1 0 77,273 "2";
3 2 0 40,173 "3";
4 0 0 114,161 "4";
5 0 0 82,244 "5";
6 1 0 24,97 "6";
7 1 0 52,157 "7";
8 2 0 174,243 "8";
9 2 0 66,137 "9";
10 1 0 243,288 "10";
11 0 1 158,201 "11";
12 1 1 170,188 "12";
13 0 1 139,251 "13";
14 1 1 78,126 "14";
15 0 1 44,226 "15";
16 2 0 219,261 "16";
17 1 1 6,161 "17";
18 2 1 174,272 "18";
19 0 0 124,136 "19";
20 2 0 83,214 "20";
21 1 0 47,267 "21";
22 0 0 31,89 "22";
23 1 1 41,261 "23";
24 1 0 102,122 "24";
25 2 1 159,185 "25";
26 0 1 124,244 "26";
27 0 1 17,133 "27";
28 2 0 174,262 "28";
29 2 1 81,89 "29";
30 2 0 151,173 "30";
31 0 1 18,251 "31";
32 2 0 101,173 "32";
33 1 1 202,220 "33";
34 1 1 150,161 "34";
35 2 0 144,162 "35";
36 0 0 46,205 "36";
37 0 1 204,280 "37";
38 0 1 125,133 "38";
39 1 0 90,111 "39";
40 0 0 176,194 "40";
41 2 1 22,45 "41";
42 1 0 68,223 "42";
43 0 1 91,133 "43";
44 0 1 17,287 "44";
45 2 0 175,219 "45";
46 2 1 48,69 "46";
47 0 1 68,126 "47";
48 2 0 207,251 "48";
49 1 1 233,257 "49";
50 1 1 83,128 "50";
51 2 0 40,199 "51";
52 0 0 46,98 "52";
53 0 1 194,283 "53";
54 0 1 0,52 "54";
55 0 0 171,231 "55";
56 0 0 143,258 "56";
57 2 1 76,182 "57";
58 1 1 164,245 "58";
59 2 1 47,152 "59";
60 0 0 192,209 "60";
61 0 0 8,21 "61";
62 0 0 183,207 "62";
63 0 0 57,215 "63";
64 1 0 17,238 "64";
65 1 0 124,139 "65";
66 0 1 85,181 "66";
67 2 0 213,282 "67";
68 2 1 98,177 "68";
69 2 0 24,113 "69";
70 0 1 64,207 "70";
71 1 1 26,262 "71";
72 0 0 62,125 "72";
73 0 0 175,239 "73";
74 1 1 169,279 "74";
75 2 0 59,273 "75";
76 0 0 54,215 "76";
77 2 1 56,283 "77";
78 0 1 211,268 "78";
79 1 1 46,187 "79";
80 1 0 13,53 "80";
81 0 0 30,273 "81";
82 1 1 104,177 "82";
83 2 0 115,118 "83";
84 1 0 153,235 "84";
85 2 1 63,66 "85";
86 0 1 47,225 "86";
87 1 1 84,263 "87";
88 0 0 34,97 "88";
89 0 1 36,133 "89";
90 0 1 216,286 "90";
91 2 1 12,252 "91";
92 1 1 158,208 "92";
93 2 1 89,150 "93";
94 1 1 74,152 "94";
95 1 0 198,285 "95";
96 1 0 61,142 "96";
97 0 1 9,98 "97";
98 0 1 178,274 "98";
99 0 0 185,254 "99";
100 1 1 93,112 "100";
101 2 0 1,61 "101";
102 2 0 88,147 "102";
103 1 0 145,240 "103";
104 2 0 68,235 "104";
105 1 1 45,51 "105";
106 1 0 24,278 "106";
107 1 0 68,288 "107";
108 0 1 90,199 "108";
109 1 1 212,259 "109";
110 2 0 22,131 "110";
111 0 1 1,92 "111";
112 1 0 37,49 "112";
113 2 0 92,234 "113";
114 2 0 148,195 "114";
115 2 1 61,217 "115";
116 2 0 72,111 "116";
117 2 1 87,251 "117";
118 1 0 164,261 "118";
119 0 1 23,260 "119";
120 2 0 163,168 "120";
121 2 1 127,222 "121";
122 2 1 138,163 "122";
123 2 1 136,248 "123";
124 2 1 167,257 "124";
125 2 0 8,172 "125";
126 2 1 23,30 "126";
127 2 0 4,186 "127";
128 2 0 122,223 "128";
129 0 1 202,219 "129";
130 1 0 72,82 "130";
131 0 0 57,172 "131";
132 2 0 150,282 "132";
133 0 1 33,235 "133";
134 1 1 68,261 "134";
135 1 0 104,116 "135";
136 2 0 153,189 "136";
137 0 1 86,267 "137";
138 1 1 221,244 "138";
139 0 1 67,202 "139";
140 1 1 77,125 "140";
141 2 0 86,189 "141";
142 0 1 21,260 "142";
143 0 0 55,63 "143";
144 2 1 71,277 "144";
145 2 0 93,206 "145";
146 1 0 182,279 "146";
147 0 1 270,275 "147";
148 2 1 107,206 "148";
149 1 1 98,277 "149";
150 1 0 68,75 "150";
151 2 1 35,219 "151";
152 2 1 109,178 "152";
153 0 0 240,287 "153";
154 1 1 192,268 "154";
155 0 0 21,275 "155";
156 1 0 63,210 "156";
157 1 1 152,233 "157";
158 0 1 36,95 "158";
159 0 0 40,191 "159";
160 0 1 118,180 "160";
161 1 1 59,153 "161";
162 2 1 149,282 "162";
163 2 1 25,56 "163";
164 2 0 119,277 "164";
165 1 1 103,147 "165";
166 1 0 75,89 "166";
167 1 1 72,200 "167";
168 2 1 13,67 "168";
169 0 0 55,271 "169";
170 2 1 69,160 "170";
171 2 0 36,114 "171";
172 1 0 83,157 "172";
173 0 1 88,192 "173";
174 0 0 121,145 "174";
175 1 1 244,258 "175";
176 1 0 43,109 "176";
177 0 0 189,191 "177";
178 0 0 94,230 "178";
179 2 1 101,267 "179";
180 1 1 77,201 "180";
181 0 1 50,255 "181";
182 1 0 79,272 "182";
183 0 0 70,274 "183";
184 2 1 137,222 "184";
185 1 1 58,99 "185";
186 2 0 156,271 "186";
187 2 0 9,287 "187";
188 2 1 170,282 "188";
189 1 0 231,236 "189";
190 2 1 199,240 "190";
191 1 1 180,195 "191";
192 2 0 70,208 "192";
193 1 1 12,150 "193";
194 2 0 131,202 "194";
195 0 1 36,99 "195";
196 0 1 99,234 "196";
197 0 1 80,98 "197";
198 1 0 79,251 "198";
199 1 1 219,257 "199";
200 0 0 13,30 "200";
201 1 1 211,241 "201";
202 0 1 14,230 "202";
203 1 1 101,288 "203";
204 2 0 212,263 "204";
205 0 1 71,131 "205";
206 0 0 127,152 "206";
207 0 1 6,184 "207";
208 2 1 111,158 "208";
209 1 0 44,117 "209";
210 2 0 150,179 "210";
211 2 0 84,208 "211";
212 1 0 73,229 "212";
213 2 0 17,236 "213";
214 0 0 73,156 "214";
215 0 0 228,243 "215";
216 1 1 39,218 "216";
217 0 0 46,191 "217";
218 1 0 42,59 "218";
219 0 1 64,154 "219";
220 0 1 125,166 "220";
221 2 1 117,265 "221";
222 1 0 59,138 "222";
223 1 0 48,265 "223";
224 2 0 275,278 "224";
225 2 0 174,246 "225";
226 2 1 54,244 "226";
227 2 0 60,192 "227";
228 0 1 183,245 "228";
229 2 1 42,92 "229";
230 1 1 50,189 "230";
231 0 1 11,83 "231";
232 1 1 71,128 "232";
233 0 1 103,120 "233";
234 2 1 120,155 "234";
235 0 0 15,282 "235";
236 2 0 80,229 "236";
237 2 0 136,248 "237";
238 2 1 233,256 "238";
239 1 0 222,269 "239";
240 0 1 150,163 "240";
241 2 0 182,268 "241";
242 2 1 175,240 "242";
243 2 1 106,255 "243";
244 1 1 0,102 "244";
245 1 1 58,134 "245";
246 2 0 159,166 "246";
247 0 0 214,264 "247";
248 1 1 23,270 "248";
249 0 0 8,102 "249";
250 0 0 15,261 "250";
251 0 0 46,157 "251";
252 2 1 137,151 "252";
253 2 1 79,166 "253";
254 1 0 233,256 "254";
255 2 1 17,102 "255";
256 1 0 0,149 "256";
257 2 0 147,171 "257";
258 1 1 70,125 "258";
259 1 0 38,140 "259";
260 0 1 54,264 "260";
261 2 1 277,282 "261";
262 0 0 156,191 "262";
263 0 0 19,170 "263";
264 1 1 35,172 "264";
265 0 0 20,277 "265";
266 1 1 91,164 "266";
267 1 0 76,164 "267";
268 1 0 49,250 "268";
269 0 0 54,230 "269";
270 0 1 47,74 "270";
271 1 1 39,186 "271";
272 1 0 87,102 "272";
273 1 0 56,256 "273";
274 0 1 36,205 "274";
275 1 0 159,226 "275";
276 2 1 67,254 "276";
277 2 0 60,131 "277";
278 0 1 97,114 "278";
279 1 1 41,86 "279";
280 0 0 141,202 "280";
281 0 0 232,265 "281";
282 1 0 54,151 "282";
283 1 0 17,148 "283";
284 0 1 64,213 "284";
285 0 0 162,226 "285";
286 2 1 14,204 "286";
287 0 1 43,205 "287";
288 1 0 184,241 "288";
289 2 0 130,228 "289";
