parity 209;
0 1 0 11,113 "0";
1 1 1 100,205 "1";
2 0 0 24,158 "2";
3 1 0 38,49 "3";
4 1 0 74,166 "4";
5 2 0 166,192 "5";
6 2 1 69,143 "6";
7 1 1 110,131 "7";
8 1 0 27,180 "8";
9 1 0 38,185 "9";
10 1 0 71,208 "10";
11 2 0 176,186 "11";
12 2 1 33,199 "12";
13 1 1 14,122 "13";
14 2 0 74,95 "14";
15 1 1 61,194 "15";
16 1 0 98,190 "16";
17 1 0 104,190 "17";
18 1 1 99,104 "18";
19 0 1 27,143 "19";
20 0 1 21,68 "20";
21 1 0 4,68 "21";
22 0 0 0,178 "22";
23 1 1 69,73 "23";
24 1 1 52,180 "24";
25 0 0 6,137 "25";
26 1 1 143,150 "26";
27 1 0 78,130 "27";
28 1 0 3,158 "28";
29 0 0 103,138 "29";
30 0 0 141,206 "30";
31 0 1 67,203 "31";
32 1 0 44,146 "32";
33 2 0 13,103 "33";
34 2 1 75,103 "34";
35 0 1 13,125 "35";
36 1 0 147,175 "36";
37 1 0 6,43 "37";
38 0 0 95,173 "38";
39 0 1 41,195 "39";
40 2 0 106,205 "40";
41 1 1 80,155 "41";
42 2 1 91,104 "42";
43 0 0 67,187 "43";
44 1 1 108,161 "44";
45 1 0 51,105 "45";
46 1 0 20,85 "46";
47 0 1 9,163 "47";
48 0 0 32,85 "48";
49 1 1 125,175 "49";
50 1 0 81,165 "50";
51 2 0 96,100 "51";
52 2 1 28,96 "52";
53 1 0 98,113 "53";
54 0 0 63,206 "54";
55 1 0 115,169 "55";
56 1 0 2,151 "56";
57 0 0 51,208 "57";
58 2 1 18,193 "58";
59 2 1 125,131 "59";
60 2 1 27,204 "60";
61 2 1 116,196 "61";
62 2 1 6,37 "62";
63 0 0 26,142 "63";
64 1 1 13,131 "64";
65 0 1 121,161 "65";
66 1 1 27,163 "66";
67 1 0 56,118 "67";
68 1 0 130,203 "68";
69 2 1 58,60 "69";
70 1 0 71,80 "70";
71 1 1 176,188 "71";
72 0 0 8,159 "72";
73 1 1 42,154 "73";
74 2 1 92,139 "74";
75 1 0 181,189 "75";
76 0 1 104,128 "76";
77 2 1 3,65 "77";
78 0 1 0,108 "78";
79 0 0 35,76 "79";
80 1 0 155,198 "80";
81 0 1 40,51 "81";
82 2 1 81,87 "82";
83 1 0 17,98 "83";
84 0 1 121,196 "84";
85 2 0 103,178 "85";
86 1 0 69,112 "86";
87 2 1 28,168 "87";
88 1 0 85,95 "88";
89 2 1 17,196 "89";
90 0 0 92,117 "90";
91 0 0 93,166 "91";
92 0 0 17,162 "92";
93 0 1 45,113 "93";
94 2 1 153,191 "94";
95 1 0 108,182 "95";
96 0 1 154,184 "96";
97 0 0 161,163 "97";
98 2 1 76,121 "98";
99 1 1 168,198 "99";
100 0 0 21,107 "100";
101 0 0 30,136 "101";
102 2 1 58,75 "102";
103 0 1 113,194 "103";
104 1 0 122,181 "104";
105 1 1 84,92 "105";
106 0 1 129,139 "106";
107 0 1 114,185 "107";
108 0 0 11,161 "108";
109 2 1 39,169 "109";
110 1 0 69,104 "110";
111 0 0 133,195 "111";
112 1 1 54,121 "112";
113 1 0 51,189 "113";
114 2 0 150,209 "114";
115 0 1 16,196 "115";
116 2 0 89,142 "116";
117 0 1 52,124 "117";
118 2 1 20,31 "118";
119 0 1 206,208 "119";
120 2 0 65,190 "120";
121 1 0 68,90 "121";
122 1 1 0,183 "122";
123 2 1 42,178 "123";
124 1 0 144,204 "124";
125 0 0 73,206 "125";
126 2 1 35,82 "126";
127 1 1 7,159 "127";
128 1 1 4,32 "128";
129 1 1 143,173 "129";
130 0 0 128,138 "130";
131 2 0 152,199 "131";
132 0 1 60,202 "132";
133 2 0 7,76 "133";
134 1 0 46,180 "134";
135 2 0 106,122 "135";
136 0 0 124,139 "136";
137 0 0 67,170 "137";
138 2 1 67,151 "138";
139 2 0 44,107 "139";
140 0 1 48,67 "140";
141 0 0 55,195 "141";
142 0 0 62,178 "142";
143 0 1 51,64 "143";
144 1 1 10,60 "144";
145 2 0 18,27 "145";
146 0 0 131,174 "146";
147 0 1 115,180 "147";
148 0 0 73,137 "148";
149 1 0 136,152 "149";
150 0 0 101,166 "150";
151 0 1 66,135 "151";
152 0 0 78,117 "152";
153 2 1 32,131 "153";
154 1 1 53,73 "154";
155 0 1 96,150 "155";
156 2 1 122,127 "156";
157 2 0 34,136 "157";
158 0 1 104,195 "158";
159 1 0 154,204 "159";
160 1 0 190,194 "160";
161 1 0 42,65 "161";
162 2 1 76,190 "162";
163 1 0 70,189 "163";
164 2 0 109,137 "164";
165 1 1 46,163 "165";
166 0 0 16,27 "166";
167 1 1 162,192 "167";
168 2 0 35,111 "168";
169 2 0 186,201 "169";
170 2 0 37,40 "170";
171 2 0 27,175 "171";
172 1 0 4,185 "172";
173 0 1 65,79 "173";
174 2 0 158,202 "174";
175 0 1 38,50 "175";
176 1 0 80,201 "176";
177 2 1 95,191 "177";
178 2 1 101,115 "178";
179 1 0 77,176 "179";
180 2 0 179,193 "180";
181 2 1 39,78 "181";
182 0 1 43,92 "182";
183 1 1 99,178 "183";
184 1 0 12,194 "184";
185 0 1 171,204 "185";
186 0 0 28,165 "186";
187 1 1 174,203 "187";
188 1 0 8,133 "188";
189 2 0 6,91 "189";
190 0 0 187,191 "190";
191 1 1 68,122 "191";
192 2 1 75,106 "192";
193 0 1 6,37 "193";
194 0 1 61,168 "194";
195 1 0 10,60 "195";
196 0 0 88,110 "196";
197 2 1 24,115 "197";
198 1 0 41,102 "198";
199 0 0 71,159 "199";
200 0 1 67,124 "200";
201 1 0 82,183 "201";
202 2 1 22,152 "202";
203 0 1 145,156 "203";
204 0 0 9,74 "204";
205 2 1 169,175 "205";
206 0 1 25,134 "206";
207 0 0 77,171 "207";
208 1 1 110,112 "208";
209 0 1 122,177 "209";
