parity 254;
0 0 1 14,148 "0";
1 2 1 62,84 "1";
2 0 1 120,197 "2";
3 1 0 178,222 "3";
4 2 1 58,91 "4";
5 2 0 112,222 "5";
6 0 1 55,206 "6";
7 2 0 63,101 "7";
8 2 0 42,199 "8";
9 0 0 23,58 "9";
10 2 1 49,156 "10";
11 2 0 4,126 "11";
12 0 1 13,25 "12";
13 1 1 8,121 "13";
14 0 0 208,229 "14";
15 0 0 86,147 "15";
16 0 1 59,236 "16";
17 2 0 59,144 "17";
18 1 1 86,201 "18";
19 0 0 198,205 "19";
20 2 0 1,251 "20";
21 2 1 180,241 "21";
22 1 1 106,134 "22";
23 0 0 38,199 "23";
24 1 1 100,209 "24";
25 2 1 155,196 "25";
26 0 1 151,191 "26";
27 0 1 51,239 "27";
28 1 0 101,192 "28";
29 2 1 123,201 "29";
30 2 0 93,239 "30";
31 0 0 144,195 "31";
32 1 0 137,245 "32";
33 2 1 199,240 "33";
34 2 0 45,186 "34";
35 2 1 84,198 "35";
36 0 1 157,180 "36";
37 2 1 8,81 "37";
38 1 1 17,81 "38";
39 1 0 31,220 "39";
40 1 0 58,98 "40";
41 2 1 176,226 "41";
42 0 1 140,254 "42";
43 2 0 85,189 "43";
44 0 1 24,68 "44";
45 0 0 119,145 "45";
46 2 0 5,44 "46";
47 1 1 155,194 "47";
48 2 0 76,80 "48";
49 2 1 102,248 "49";
50 2 0 31,127 "50";
51 2 0 1,241 "51";
52 1 0 179,182 "52";
53 2 0 79,85 "53";
54 2 0 2,10 "54";
55 2 1 17,84 "55";
56 1 1 33,251 "56";
57 1 1 44,233 "57";
58 0 0 101,119 "58";
59 1 1 9,201 "59";
60 0 1 147,254 "60";
61 1 1 157,203 "61";
62 1 1 25,216 "62";
63 0 0 50,160 "63";
64 2 1 139,228 "64";
65 2 0 59,62 "65";
66 1 1 59,89 "66";
67 1 1 175,236 "67";
68 0 0 48,137 "68";
69 2 0 168,182 "69";
70 0 0 54,86 "70";
71 0 1 138,250 "71";
72 2 0 104,245 "72";
73 0 0 156,201 "73";
74 0 0 84,233 "74";
75 2 0 154,223 "75";
76 0 1 116,219 "76";
77 1 1 187,198 "77";
78 2 0 85,100 "78";
79 1 0 26,248 "79";
80 1 1 92,190 "80";
81 2 0 19,97 "81";
82 0 1 153,214 "82";
83 1 0 213,221 "83";
84 1 1 74,89 "84";
85 0 1 36,111 "85";
86 2 0 62,246 "86";
87 1 0 0,136 "87";
88 1 0 55,97 "88";
89 0 0 86,90 "89";
90 2 0 64,68 "90";
91 1 0 182,226 "91";
92 2 0 120,202 "92";
93 0 0 2,178 "93";
94 0 0 64,238 "94";
95 2 0 9,220 "95";
96 2 0 174,252 "96";
97 1 0 146,217 "97";
98 2 1 0,20 "98";
99 2 0 18,128 "99";
100 1 1 112,114 "100";
101 2 1 18,121 "101";
102 0 0 11,194 "102";
103 0 1 92,106 "103";
104 2 0 21,126 "104";
105 2 1 28,192 "105";
106 2 1 76,138 "106";
107 2 1 143,193 "107";
108 0 0 162,199 "108";
109 0 1 148,172 "109";
110 1 0 182,187 "110";
111 1 0 141,170 "111";
112 1 0 2,88 "112";
113 2 1 4,198 "113";
114 0 0 43,237 "114";
115 1 1 189,193 "115";
116 1 1 85,163 "116";
117 1 0 115,246 "117";
118 2 1 38,69 "118";
119 0 1 118,203 "119";
120 1 0 18,131 "120";
121 0 0 94,165 "121";
122 2 1 15,56 "122";
123 0 0 7,162 "123";
124 0 0 232,236 "124";
125 2 0 162,166 "125";
126 0 1 210,218 "126";
127 1 1 2,119 "127";
128 0 1 89,249 "128";
129 2 1 118,244 "129";
130 1 1 90,181 "130";
131 0 0 40,50 "131";
132 0 0 97,127 "132";
133 1 1 18,135 "133";
134 1 1 124,156 "134";
135 2 1 224,242 "135";
136 1 1 41,109 "136";
137 0 1 48,59 "137";
138 0 0 99,116 "138";
139 1 0 31,108 "139";
140 2 1 27,244 "140";
141 0 1 16,211 "141";
142 0 1 24,193 "142";
143 1 0 228,239 "143";
144 0 1 38,167 "144";
145 0 0 198,230 "145";
146 2 0 154,252 "146";
147 0 1 46,101 "147";
148 1 1 72,107 "148";
149 2 0 126,132 "149";
150 1 0 62,102 "150";
151 2 0 184,188 "151";
152 2 1 4,110 "152";
153 0 0 46,239 "153";
154 2 0 80,93 "154";
155 1 0 197,214 "155";
156 1 1 68,77 "156";
157 2 0 89,225 "157";
158 0 1 90,105 "158";
159 0 1 18,119 "159";
160 1 1 219,236 "160";
161 2 0 5,203 "161";
162 1 0 1,117 "162";
163 2 0 13,243 "163";
164 2 0 74,116 "164";
165 0 1 69,142 "165";
166 1 0 20,238 "166";
167 2 0 66,68 "167";
168 2 0 60,130 "168";
169 0 1 137,161 "169";
170 1 1 23,106 "170";
171 0 0 69,78 "171";
172 1 0 25,95 "172";
173 2 1 67,232 "173";
174 0 0 48,211 "174";
175 0 1 1,84 "175";
176 0 1 88,248 "176";
177 0 0 52,76 "177";
178 0 0 165,206 "178";
179 1 0 115,150 "179";
180 0 0 116,173 "180";
181 0 1 106,207 "181";
182 2 1 134,210 "182";
183 0 0 143,154 "183";
184 1 1 22,122 "184";
185 2 0 136,164 "185";
186 1 0 217,229 "186";
187 2 0 113,243 "187";
188 1 0 186,202 "188";
189 2 0 36,105 "189";
190 0 0 17,236 "190";
191 2 1 77,254 "191";
192 1 1 123,225 "192";
193 0 1 6,112 "193";
194 1 0 66,134 "194";
195 0 0 58,212 "195";
196 1 1 88,188 "196";
197 1 1 9,41 "197";
198 0 0 212,220 "198";
199 1 1 236,241 "199";
200 1 0 67,171 "200";
201 0 1 17,181 "201";
202 1 1 39,131 "202";
203 2 1 15,133 "203";
204 2 1 76,85 "204";
205 2 0 19,120 "205";
206 2 1 125,180 "206";
207 1 1 147,158 "207";
208 1 1 122,215 "208";
209 1 1 16,118 "209";
210 0 1 109,157 "210";
211 0 1 146,190 "211";
212 1 0 0,197 "212";
213 0 0 54,68 "213";
214 1 1 135,177 "214";
215 1 1 68,194 "215";
216 1 0 22,242 "216";
217 2 0 48,62 "217";
218 1 1 0,158 "218";
219 1 0 71,177 "219";
220 0 1 192,218 "220";
221 0 1 188,222 "221";
222 2 0 34,220 "222";
223 2 1 34,120 "223";
224 0 0 14,68 "224";
225 1 1 120,251 "225";
226 2 0 200,225 "226";
227 2 1 0,76 "227";
228 0 1 50,96 "228";
229 1 1 66,127 "229";
230 0 0 156,235 "230";
231 0 0 102,125 "231";
232 0 0 56,192 "232";
233 2 1 84,246 "233";
234 0 0 52,128 "234";
235 2 0 49,194 "235";
236 1 1 195,210 "236";
237 1 1 71,213 "237";
238 1 0 56,203 "238";
239 1 1 129,220 "239";
240 1 1 118,229 "240";
241 0 0 29,138 "241";
242 0 1 58,136 "242";
243 0 1 15,194 "243";
244 0 1 76,206 "244";
245 2 0 55,137 "245";
246 2 1 168,214 "246";
247 1 1 79,142 "247";
248 2 1 108,251 "248";
249 2 1 71,145 "249";
250 1 0 124,247 "250";
251 0 0 209,217 "251";
252 1 1 32,147 "252";
253 0 0 98,243 "253";
254 2 0 48,53 "254";
