parity 249;
0 0 0 208,229 "0";
1 2 1 4,136 "1";
2 2 1 63,118 "2";
3 0 0 36,172 "3";
4 0 1 157,163 "4";
5 2 1 71,85 "5";
6 0 0 0,151 "6";
7 2 0 2,19 "7";
8 0 1 135,220 "8";
9 0 0 11,224 "9";
10 2 0 33,131 "10";
11 2 0 10,102 "11";
12 1 1 3,31 "12";
13 0 0 65,149 "13";
14 0 0 109,247 "14";
15 0 1 116,173 "15";
16 2 1 62,201 "16";
17 0 0 101,163 "17";
18 0 1 14,67 "18";
19 2 1 1,43 "19";
20 1 0 139,221 "20";
21 0 1 116,125 "21";
22 2 1 72,124 "22";
23 2 1 62,166 "23";
24 1 0 35,131 "24";
25 2 1 118,163 "25";
26 2 0 30,121 "26";
27 1 0 70,76 "27";
28 2 1 196,224 "28";
29 2 1 76,203 "29";
30 2 0 3,106 "30";
31 1 1 94,102 "31";
32 1 0 147,236 "32";
33 1 1 74,110 "33";
34 1 1 80,96 "34";
35 1 1 41,52 "35";
36 2 0 118,223 "36";
37 0 0 123,195 "37";
38 0 0 209,222 "38";
39 2 1 15,141 "39";
40 2 0 138,165 "40";
41 0 0 44,50 "41";
42 2 0 38,219 "42";
43 1 0 148,214 "43";
44 1 1 36,168 "44";
45 2 0 183,188 "45";
46 0 0 80,215 "46";
47 1 1 21,240 "47";
48 2 1 129,184 "48";
49 0 1 153,182 "49";
50 1 1 182,184 "50";
51 2 0 13,73 "51";
52 2 1 123,238 "52";
53 2 1 111,177 "53";
54 0 0 82,100 "54";
55 2 1 217,219 "55";
56 2 1 80,122 "56";
57 0 1 204,228 "57";
58 0 1 9,143 "58";
59 2 0 139,240 "59";
60 1 0 2,83 "60";
61 1 1 151,240 "61";
62 1 0 120,152 "62";
63 0 1 43,46 "63";
64 1 0 36,183 "64";
65 2 0 30,221 "65";
66 0 1 17,22 "66";
67 0 1 79,222 "67";
68 1 1 98,181 "68";
69 2 0 31,53 "69";
70 1 0 140,173 "70";
71 1 1 0,94 "71";
72 2 0 26,141 "72";
73 2 0 17,92 "73";
74 2 0 225,238 "74";
75 0 0 67,210 "75";
76 1 1 143,243 "76";
77 2 1 110,209 "77";
78 2 0 105,129 "78";
79 1 1 39,116 "79";
80 1 0 8,243 "80";
81 2 1 15,101 "81";
82 1 1 221,243 "82";
83 1 1 99,172 "83";
84 1 0 162,219 "84";
85 0 0 0,233 "85";
86 1 0 28,148 "86";
87 0 0 123,127 "87";
88 1 0 49,211 "88";
89 2 0 14,244 "89";
90 1 0 99,245 "90";
91 0 1 1,226 "91";
92 1 1 227,247 "92";
93 1 0 83,227 "93";
94 2 0 27,140 "94";
95 1 0 185,201 "95";
96 2 1 49,73 "96";
97 2 0 29,243 "97";
98 0 1 104,148 "98";
99 1 1 26,183 "99";
100 2 1 101,220 "100";
101 2 1 158,181 "101";
102 1 0 16,236 "102";
103 2 0 207,226 "103";
104 0 1 198,231 "104";
105 2 0 86,210 "105";
106 0 0 34,171 "106";
107 2 0 127,208 "107";
108 1 0 93,233 "108";
109 0 1 47,165 "109";
110 2 0 224,230 "110";
111 2 1 187,242 "111";
112 2 0 22,183 "112";
113 0 0 80,144 "113";
114 2 1 51,72 "114";
115 2 0 112,135 "115";
116 0 1 157,212 "116";
117 0 0 88,163 "117";
118 2 1 200,230 "118";
119 0 0 31,74 "119";
120 0 0 102,119 "120";
121 1 0 40,109 "121";
122 2 1 42,117 "122";
123 0 1 21,35 "123";
124 1 0 61,195 "124";
125 1 0 57,126 "125";
126 0 0 215,235 "126";
127 0 1 131,166 "127";
128 1 0 1,173 "128";
129 1 0 231,247 "129";
130 0 1 225,234 "130";
131 0 0 150,177 "131";
132 2 0 61,195 "132";
133 2 1 33,248 "133";
134 2 0 21,240 "134";
135 2 0 58,244 "135";
136 2 0 66,109 "136";
137 2 1 83,200 "137";
138 0 0 109,137 "138";
139 1 0 160,174 "139";
140 0 0 3,51 "140";
141 0 1 1,220 "141";
142 2 0 156,243 "142";
143 0 1 3,12 "143";
144 2 0 134,159 "144";
145 0 0 25,118 "145";
146 0 1 76,190 "146";
147 1 0 98,110 "147";
148 1 0 30,240 "148";
149 1 1 51,113 "149";
150 1 0 49,113 "150";
151 2 1 142,246 "151";
152 0 1 31,160 "152";
153 2 1 59,240 "153";
154 0 1 9,41 "154";
155 2 0 86,154 "155";
156 2 1 135,231 "156";
157 1 1 53,220 "157";
158 0 0 108,120 "158";
159 1 1 121,198 "159";
160 0 0 120,190 "160";
161 2 1 135,200 "161";
162 0 0 108,132 "162";
163 2 1 180,244 "163";
164 1 1 32,147 "164";
165 1 1 37,131 "165";
166 1 0 22,94 "166";
167 0 0 1,181 "167";
168 1 0 78,119 "168";
169 0 1 102,231 "169";
170 2 1 20,198 "170";
171 2 0 8,158 "171";
172 1 0 152,158 "172";
173 1 1 100,175 "173";
174 1 1 49,204 "174";
175 2 1 28,96 "175";
176 0 1 118,189 "176";
177 2 1 101,166 "177";
178 1 1 51,230 "178";
179 1 0 145,221 "179";
180 1 0 24,219 "180";
181 2 0 1,194 "181";
182 2 0 96,151 "182";
183 2 1 42,219 "183";
184 0 0 14,81 "184";
185 0 0 31,196 "185";
186 2 1 32,141 "186";
187 2 1 102,120 "187";
188 0 1 220,248 "188";
189 2 1 20,112 "189";
190 0 0 90,203 "190";
191 2 0 23,86 "191";
192 1 0 52,207 "192";
193 2 1 27,167 "193";
194 1 0 8,59 "194";
195 2 0 64,192 "195";
196 2 1 4,7 "196";
197 0 0 63,118 "197";
198 0 1 76,208 "198";
199 1 1 215,231 "199";
200 0 1 0,47 "200";
201 1 1 17,148 "201";
202 2 0 29,33 "202";
203 0 1 112,116 "203";
204 1 1 15,125 "204";
205 2 0 76,207 "205";
206 0 0 44,160 "206";
207 0 0 4,120 "207";
208 1 1 126,150 "208";
209 0 0 156,164 "209";
210 0 1 24,231 "210";
211 0 0 122,247 "211";
212 2 0 61,166 "212";
213 2 1 33,101 "213";
214 2 0 118,243 "214";
215 0 1 7,12 "215";
216 0 1 167,231 "216";
217 1 0 103,125 "217";
218 1 1 36,69 "218";
219 0 0 42,218 "219";
220 0 1 26,141 "220";
221 2 0 41,209 "221";
222 1 1 41,106 "222";
223 2 0 101,133 "223";
224 1 1 69,82 "224";
225 2 1 3,202 "225";
226 0 1 17,148 "226";
227 1 1 8,23 "227";
228 2 1 129,231 "228";
229 0 1 21,106 "229";
230 2 1 9,51 "230";
231 2 0 183,196 "231";
232 2 1 193,218 "232";
233 1 1 49,229 "233";
234 0 1 13,221 "234";
235 2 0 90,213 "235";
236 2 1 12,214 "236";
237 0 0 82,225 "237";
238 0 0 53,208 "238";
239 0 0 35,210 "239";
240 1 0 5,46 "240";
241 0 1 14,207 "241";
242 1 0 150,161 "242";
243 0 1 61,170 "243";
244 1 0 70,176 "244";
245 1 0 16,38 "245";
246 1 1 63,163 "246";
247 1 1 15,219 "247";
248 0 0 83,201 "248";
249 1 1 201,237 "249";
