parity 269;
0 2 1 118,224 "0";
1 1 0 69,230 "1";
2 0 1 71,104 "2";
3 0 1 5,167 "3";
4 1 1 142,167 "4";
5 0 1 52,266 "5";
6 0 0 13,126 "6";
7 0 1 70,244 "7";
8 1 1 133,140 "8";
9 0 0 108,211 "9";
10 2 0 19,32 "10";
11 1 1 5,111 "11";
12 0 0 133,194 "12";
13 1 1 80,158 "13";
14 1 1 30,204 "14";
15 2 0 14,132 "15";
16 2 1 72,204 "16";
17 1 1 64,123 "17";
18 2 1 14,177 "18";
19 1 0 203,239 "19";
20 0 1 42,154 "20";
21 1 0 149,220 "21";
22 0 1 17,78 "22";
23 0 1 174,257 "23";
24 1 1 18,256 "24";
25 0 1 47,176 "25";
26 0 1 88,168 "26";
27 0 1 70,154 "27";
28 0 1 20,48 "28";
29 1 0 87,189 "29";
30 2 0 129,163 "30";
31 0 1 88,234 "31";
32 0 0 144,252 "32";
33 0 1 146,266 "33";
34 0 1 184,267 "34";
35 0 0 176,250 "35";
36 1 1 244,267 "36";
37 1 0 15,132 "37";
38 2 0 92,136 "38";
39 0 0 43,84 "39";
40 2 1 36,94 "40";
41 1 0 118,213 "41";
42 2 0 241,262 "42";
43 2 0 52,160 "43";
44 2 1 43,146 "44";
45 2 1 88,267 "45";
46 0 0 16,224 "46";
47 2 0 93,142 "47";
48 2 0 10,90 "48";
49 2 0 94,163 "49";
50 2 0 159,263 "50";
51 2 0 82,181 "51";
52 2 0 26,167 "52";
53 0 0 40,191 "53";
54 1 0 178,248 "54";
55 1 0 37,109 "55";
56 0 0 64,219 "56";
57 2 1 5,167 "57";
58 0 1 26,171 "58";
59 1 0 200,213 "59";
60 1 0 2,201 "60";
61 0 1 101,126 "61";
62 2 1 124,130 "62";
63 2 1 112,240 "63";
64 1 0 135,211 "64";
65 1 1 121,191 "65";
66 1 0 81,238 "66";
67 0 0 53,97 "67";
68 2 1 129,170 "68";
69 1 1 45,192 "69";
70 2 1 18,243 "70";
71 0 1 30,42 "71";
72 1 1 40,182 "72";
73 0 0 90,268 "73";
74 1 1 139,162 "74";
75 2 1 132,217 "75";
76 2 0 116,265 "76";
77 2 0 104,187 "77";
78 1 0 21,137 "78";
79 2 0 13,35 "79";
80 2 1 78,207 "80";
81 2 0 95,98 "81";
82 2 0 25,166 "82";
83 2 0 169,193 "83";
84 0 1 111,263 "84";
85 1 1 59,225 "85";
86 2 0 118,130 "86";
87 0 0 45,119 "87";
88 0 1 19,259 "88";
89 0 1 35,222 "89";
90 2 0 23,28 "90";
91 1 0 28,162 "91";
92 2 1 225,233 "92";
93 1 1 1,248 "93";
94 1 1 96,120 "94";
95 1 0 109,240 "95";
96 0 0 205,260 "96";
97 1 0 146,203 "97";
98 1 0 80,236 "98";
99 1 1 77,168 "99";
100 2 1 68,132 "100";
101 0 0 43,110 "101";
102 1 0 4,154 "102";
103 2 0 65,174 "103";
104 0 1 7,214 "104";
105 2 1 65,197 "105";
106 0 0 38,257 "106";
107 0 1 98,210 "107";
108 2 0 142,207 "108";
109 2 1 161,202 "109";
110 0 1 174,227 "110";
111 0 0 88,104 "111";
112 2 0 30,104 "112";
113 2 0 107,214 "113";
114 0 1 55,116 "114";
115 2 1 52,222 "115";
116 2 0 30,154 "116";
117 1 1 34,220 "117";
118 0 1 50,110 "118";
119 0 0 44,135 "119";
120 1 1 124,165 "120";
121 2 1 41,127 "121";
122 1 0 41,138 "122";
123 1 0 107,158 "123";
124 0 1 171,246 "124";
125 0 1 233,249 "125";
126 2 0 123,263 "126";
127 0 1 101,123 "127";
128 0 0 98,172 "128";
129 2 1 117,218 "129";
130 1 0 20,114 "130";
131 0 0 87,207 "131";
132 1 0 5,27 "132";
133 2 1 97,165 "133";
134 2 0 111,256 "134";
135 1 1 19,116 "135";
136 2 1 0,87 "136";
137 0 1 60,235 "137";
138 2 1 65,107 "138";
139 0 1 34,269 "139";
140 1 1 36,237 "140";
141 2 1 43,163 "141";
142 2 0 90,175 "142";
143 0 0 255,261 "143";
144 1 1 136,170 "144";
145 0 1 197,223 "145";
146 2 0 101,233 "146";
147 2 0 162,207 "147";
148 0 0 58,221 "148";
149 2 0 0,14 "149";
150 0 1 75,230 "150";
151 0 1 9,190 "151";
152 1 0 14,145 "152";
153 2 1 18,97 "153";
154 1 0 118,255 "154";
155 1 1 57,115 "155";
156 2 0 10,158 "156";
157 0 0 166,242 "157";
158 1 0 83,85 "158";
159 2 0 96,155 "159";
160 2 0 232,255 "160";
161 1 0 163,191 "161";
162 2 1 122,200 "162";
163 2 0 41,52 "163";
164 0 0 102,149 "164";
165 0 0 54,216 "165";
166 2 0 188,198 "166";
167 1 1 20,228 "167";
168 0 0 2,171 "168";
169 2 1 134,244 "169";
170 2 0 37,212 "170";
171 1 0 39,229 "171";
172 0 0 16,201 "172";
173 2 1 151,220 "173";
174 1 0 115,119 "174";
175 2 0 154,254 "175";
176 1 0 159,166 "176";
177 1 1 155,164 "177";
178 0 1 99,158 "178";
179 1 0 1,62 "179";
180 2 1 184,251 "180";
181 0 0 4,180 "181";
182 1 1 109,113 "182";
183 0 1 65,180 "183";
184 2 0 211,227 "184";
185 1 1 27,119 "185";
186 1 1 167,213 "186";
187 0 0 36,248 "187";
188 0 1 35,173 "188";
189 1 0 105,131 "189";
190 2 1 3,32 "190";
191 2 0 7,60 "191";
192 1 1 89,217 "192";
193 2 1 56,249 "193";
194 0 1 156,216 "194";
195 1 0 62,88 "195";
196 0 0 58,197 "196";
197 0 0 134,165 "197";
198 2 1 232,245 "198";
199 1 1 151,268 "199";
200 0 0 18,234 "200";
201 1 1 90,169 "201";
202 1 0 77,111 "202";
203 2 1 19,196 "203";
204 0 0 92,196 "204";
205 1 0 213,223 "205";
206 0 0 194,203 "206";
207 2 0 49,228 "207";
208 1 0 119,122 "208";
209 2 0 15,171 "209";
210 1 0 151,191 "210";
211 1 0 129,148 "211";
212 1 1 23,193 "212";
213 1 0 67,81 "213";
214 2 0 83,141 "214";
215 2 0 78,211 "215";
216 0 1 16,135 "216";
217 1 1 86,241 "217";
218 0 0 157,160 "218";
219 2 1 52,200 "219";
220 2 0 63,255 "220";
221 2 0 179,231 "221";
222 2 0 71,108 "222";
223 1 0 10,79 "223";
224 1 1 154,228 "224";
225 1 1 145,193 "225";
226 2 1 5,194 "226";
227 2 0 27,222 "227";
228 0 0 78,142 "228";
229 1 0 35,237 "229";
230 2 1 47,263 "230";
231 0 0 38,165 "231";
232 1 1 19,155 "232";
233 2 1 98,161 "233";
234 0 0 59,182 "234";
235 1 0 84,263 "235";
236 1 0 124,148 "236";
237 2 1 169,259 "237";
238 2 0 11,149 "238";
239 2 0 165,240 "239";
240 0 1 25,57 "240";
241 1 0 54,255 "241";
242 1 1 2,71 "242";
243 2 0 21,144 "243";
244 1 1 21,110 "244";
245 0 0 165,225 "245";
246 0 0 152,195 "246";
247 2 1 109,187 "247";
248 0 1 79,101 "248";
249 1 1 169,212 "249";
250 0 1 240,261 "250";
251 1 1 30,222 "251";
252 1 0 66,138 "252";
253 2 0 43,258 "253";
254 0 1 95,152 "254";
255 0 0 52,229 "255";
256 1 1 77,197 "256";
257 0 1 166,225 "257";
258 2 0 175,244 "258";
259 2 1 30,56 "259";
260 1 0 172,236 "260";
261 1 1 143,220 "261";
262 1 1 30,205 "262";
263 2 0 35,225 "263";
264 2 1 139,188 "264";
265 2 1 115,207 "265";
266 1 0 140,196 "266";
267 1 0 210,248 "267";
268 1 1 68,170 "268";
269 2 1 131,217 "269";
