parity 239;
0 0 0 191,217 "0";
1 0 1 26,103 "1";
2 1 1 55,171 "2";
3 0 1 49,218 "3";
4 0 0 132,237 "4";
5 0 1 34,64 "5";
6 2 0 57,169 "6";
7 2 1 110,224 "7";
8 1 0 96,101 "8";
9 0 0 67,147 "9";
10 0 0 52,118 "10";
11 2 1 15,34 "11";
12 1 1 84,130 "12";
13 1 0 79,214 "13";
14 2 0 13,175 "14";
15 0 1 1,239 "15";
16 2 0 140,151 "16";
17 0 0 89,139 "17";
18 1 1 61,130 "18";
19 0 0 110,193 "19";
20 0 1 16,193 "20";
21 1 1 53,188 "21";
22 0 0 55,155 "22";
23 1 1 139,203 "23";
24 1 0 35,91 "24";
25 0 1 3,206 "25";
26 0 1 171,192 "26";
27 0 0 29,35 "27";
28 2 1 79,173 "28";
29 1 0 52,204 "29";
30 0 0 192,200 "30";
31 1 1 13,195 "31";
32 0 1 159,168 "32";
33 2 1 104,119 "33";
34 2 1 42,136 "34";
35 2 0 21,142 "35";
36 1 1 45,95 "36";
37 2 0 74,141 "37";
38 2 0 200,219 "38";
39 0 0 10,183 "39";
40 1 0 5,182 "40";
41 0 1 36,165 "41";
42 0 0 140,175 "42";
43 1 0 93,233 "43";
44 2 0 65,98 "44";
45 0 0 81,107 "45";
46 2 1 138,223 "46";
47 0 1 18,161 "47";
48 0 1 40,172 "48";
49 1 1 228,232 "49";
50 0 0 7,12 "50";
51 0 0 46,102 "51";
52 2 0 159,195 "52";
53 1 0 65,96 "53";
54 0 0 100,140 "54";
55 0 1 2,25 "55";
56 2 1 27,78 "56";
57 2 1 115,239 "57";
58 0 0 109,114 "58";
59 1 1 105,169 "59";
60 0 0 64,72 "60";
61 1 0 20,185 "61";
62 0 1 15,124 "62";
63 1 1 70,236 "63";
64 2 0 50,140 "64";
65 1 0 28,183 "65";
66 2 0 30,148 "66";
67 2 0 47,95 "67";
68 2 1 14,72 "68";
69 1 1 109,143 "69";
70 0 1 89,92 "70";
71 1 0 6,181 "71";
72 1 0 27,30 "72";
73 0 0 152,171 "73";
74 0 1 72,77 "74";
75 1 0 18,42 "75";
76 0 0 52,146 "76";
77 0 0 76,211 "77";
78 1 1 41,77 "78";
79 1 0 120,203 "79";
80 1 0 181,186 "80";
81 0 0 109,160 "81";
82 1 0 87,176 "82";
83 0 1 14,40 "83";
84 2 0 4,130 "84";
85 0 0 38,86 "85";
86 1 0 183,227 "86";
87 2 0 8,212 "87";
88 1 0 81,157 "88";
89 0 0 53,92 "89";
90 2 0 124,173 "90";
91 0 0 130,202 "91";
92 1 1 52,175 "92";
93 0 0 80,96 "93";
94 1 0 59,196 "94";
95 0 0 22,183 "95";
96 2 1 20,147 "96";
97 2 0 69,118 "97";
98 2 0 81,145 "98";
99 2 0 108,163 "99";
100 0 0 85,131 "100";
101 0 1 81,220 "101";
102 0 1 188,222 "102";
103 1 1 57,181 "103";
104 1 1 59,175 "104";
105 1 1 63,238 "105";
106 2 1 8,38 "106";
107 1 0 18,127 "107";
108 0 0 1,199 "108";
109 2 1 197,207 "109";
110 2 1 171,222 "110";
111 2 1 19,65 "111";
112 1 1 54,142 "112";
113 2 0 175,176 "113";
114 2 0 10,17 "114";
115 2 1 141,206 "115";
116 2 1 170,233 "116";
117 0 0 43,73 "117";
118 0 0 183,203 "118";
119 1 0 176,200 "119";
120 2 1 160,208 "120";
121 0 1 59,124 "121";
122 1 0 12,201 "122";
123 0 1 33,55 "123";
124 0 1 67,119 "124";
125 2 1 126,152 "125";
126 0 1 61,151 "126";
127 1 1 14,230 "127";
128 0 0 27,209 "128";
129 2 1 17,30 "129";
130 0 0 4,135 "130";
131 0 1 24,94 "131";
132 2 0 33,45 "132";
133 1 0 201,210 "133";
134 2 0 60,211 "134";
135 0 0 83,175 "135";
136 1 1 45,97 "136";
137 2 0 85,123 "137";
138 0 0 123,210 "138";
139 2 0 178,232 "139";
140 0 1 151,164 "140";
141 2 1 104,114 "141";
142 1 0 190,195 "142";
143 2 1 91,103 "143";
144 2 0 85,115 "144";
145 1 1 44,53 "145";
146 1 0 33,235 "146";
147 0 0 85,112 "147";
148 0 1 18,216 "148";
149 2 1 42,73 "149";
150 1 1 202,229 "150";
151 2 1 142,201 "151";
152 2 0 139,147 "152";
153 2 1 58,238 "153";
154 2 1 45,183 "154";
155 1 0 72,128 "155";
156 1 0 15,219 "156";
157 2 0 109,196 "157";
158 2 0 128,226 "158";
159 0 1 34,95 "159";
160 1 0 190,228 "160";
161 0 0 74,237 "161";
162 2 0 121,136 "162";
163 2 0 17,63 "163";
164 2 1 126,159 "164";
165 1 1 139,201 "165";
166 0 1 51,159 "166";
167 0 1 25,38 "167";
168 0 1 27,178 "168";
169 2 1 48,81 "169";
170 1 1 119,194 "170";
171 0 1 45,87 "171";
172 1 1 4,156 "172";
173 2 1 85,95 "173";
174 0 1 117,195 "174";
175 2 1 115,208 "175";
176 2 1 20,218 "176";
177 0 1 32,73 "177";
178 1 0 29,223 "178";
179 1 1 112,165 "179";
180 1 0 73,102 "180";
181 2 1 5,52 "181";
182 2 1 15,65 "182";
183 2 1 68,229 "183";
184 1 0 18,78 "184";
185 1 1 23,56 "185";
186 0 0 134,217 "186";
187 1 0 7,66 "187";
188 0 1 47,118 "188";
189 2 1 97,139 "189";
190 2 0 32,131 "190";
191 1 1 26,61 "191";
192 0 0 47,140 "192";
193 1 0 65,205 "193";
194 2 0 42,44 "194";
195 1 1 95,152 "195";
196 1 1 87,237 "196";
197 0 0 53,178 "197";
198 1 1 54,132 "198";
199 1 0 12,186 "199";
200 1 1 59,77 "200";
201 1 1 43,162 "201";
202 1 0 128,233 "202";
203 1 1 55,193 "203";
204 1 0 138,197 "204";
205 0 0 27,229 "205";
206 0 1 180,212 "206";
207 0 0 66,83 "207";
208 0 1 67,158 "208";
209 0 1 45,53 "209";
210 1 0 86,114 "210";
211 1 0 103,123 "211";
212 0 1 103,231 "212";
213 0 0 75,76 "213";
214 2 0 47,57 "214";
215 1 1 1,185 "215";
216 0 0 38,197 "216";
217 1 0 94,167 "217";
218 2 1 38,58 "218";
219 0 0 59,79 "219";
220 0 0 29,102 "220";
221 2 0 23,239 "221";
222 1 0 61,167 "222";
223 1 1 31,201 "223";
224 2 1 49,52 "224";
225 1 0 42,108 "225";
226 2 0 134,150 "226";
227 0 1 37,52 "227";
228 2 1 184,197 "228";
229 2 0 19,216 "229";
230 0 1 75,130 "230";
231 1 0 171,209 "231";
232 1 1 7,94 "232";
233 0 1 48,144 "233";
234 2 1 151,152 "234";
235 1 0 26,199 "235";
236 1 1 53,67 "236";
237 0 0 82,95 "237";
238 2 0 120,219 "238";
239 0 1 101,175 "239";
