parity 264;
0 1 0 48,152 "0";
1 2 0 174,195 "1";
2 0 1 0,113 "2";
3 2 0 67,229 "3";
4 2 1 92,175 "4";
5 1 1 106,202 "5";
6 1 1 74,261 "6";
7 0 1 99,221 "7";
8 1 0 9,145 "8";
9 0 1 21,75 "9";
10 0 0 135,164 "10";
11 1 0 115,249 "11";
12 0 0 3,168 "12";
13 2 0 53,223 "13";
14 0 0 210,238 "14";
15 1 1 54,120 "15";
16 2 0 4,26 "16";
17 2 0 86,112 "17";
18 0 1 115,247 "18";
19 1 1 184,237 "19";
20 2 0 47,87 "20";
21 0 1 22,254 "21";
22 2 1 8,69 "22";
23 2 1 212,234 "23";
24 0 0 73,159 "24";
25 2 0 42,174 "25";
26 2 1 220,263 "26";
27 0 1 50,150 "27";
28 0 1 38,174 "28";
29 1 1 75,77 "29";
30 0 1 201,253 "30";
31 1 0 219,228 "31";
32 1 0 51,210 "32";
33 1 0 67,182 "33";
34 2 0 121,203 "34";
35 0 0 7,216 "35";
36 1 1 7,154 "36";
37 1 1 138,226 "37";
38 2 0 14,200 "38";
39 1 1 104,134 "39";
40 2 1 12,166 "40";
41 2 0 11,217 "41";
42 0 0 150,227 "42";
43 1 0 206,213 "43";
44 0 1 55,73 "44";
45 1 0 90,114 "45";
46 0 0 0,173 "46";
47 2 1 105,232 "47";
48 0 1 111,214 "48";
49 1 1 6,135 "49";
50 1 1 34,52 "50";
51 0 1 143,226 "51";
52 2 0 11,20 "52";
53 2 1 52,248 "53";
54 1 1 155,156 "54";
55 0 1 188,244 "55";
56 0 0 114,164 "56";
57 1 0 150,175 "57";
58 2 0 73,248 "58";
59 2 0 133,218 "59";
60 0 1 161,226 "60";
61 1 1 23,138 "61";
62 2 1 75,153 "62";
63 1 1 20,141 "63";
64 2 0 125,225 "64";
65 2 0 68,148 "65";
66 1 0 149,226 "66";
67 2 0 45,68 "67";
68 2 1 45,186 "68";
69 2 0 134,247 "69";
70 2 1 177,191 "70";
71 1 1 88,138 "71";
72 1 0 113,222 "72";
73 2 1 6,142 "73";
74 2 1 22,190 "74";
75 1 1 66,259 "75";
76 1 1 83,197 "76";
77 2 1 145,201 "77";
78 1 0 39,159 "78";
79 1 0 139,192 "79";
80 1 0 128,256 "80";
81 2 0 65,104 "81";
82 0 1 29,156 "82";
83 0 0 16,117 "83";
84 2 0 39,160 "84";
85 2 1 63,172 "85";
86 0 0 37,110 "86";
87 1 1 160,262 "87";
88 0 0 90,160 "88";
89 1 0 125,134 "89";
90 2 0 209,254 "90";
91 2 1 34,39 "91";
92 2 1 13,141 "92";
93 1 1 81,190 "93";
94 0 1 106,183 "94";
95 0 0 42,165 "95";
96 2 1 52,139 "96";
97 1 1 147,234 "97";
98 0 0 10,260 "98";
99 0 1 145,241 "99";
100 1 0 4,51 "100";
101 1 1 250,252 "101";
102 0 1 21,173 "102";
103 2 0 23,233 "103";
104 2 0 184,192 "104";
105 0 0 110,202 "105";
106 2 1 27,249 "106";
107 0 1 38,157 "107";
108 2 1 27,64 "108";
109 0 1 33,223 "109";
110 1 0 152,168 "110";
111 2 0 110,121 "111";
112 1 0 94,130 "112";
113 2 0 187,216 "113";
114 2 1 31,95 "114";
115 0 0 1,158 "115";
116 0 0 96,262 "116";
117 2 1 6,154 "117";
118 2 0 101,168 "118";
119 1 0 10,243 "119";
120 0 0 70,129 "120";
121 1 1 72,184 "121";
122 2 1 66,128 "122";
123 2 0 162,248 "123";
124 0 1 95,149 "124";
125 2 1 136,166 "125";
126 1 0 151,196 "126";
127 1 1 193,212 "127";
128 2 1 67,134 "128";
129 2 0 52,189 "129";
130 1 0 73,227 "130";
131 2 0 100,123 "131";
132 2 1 69,155 "132";
133 2 0 13,254 "133";
134 0 0 50,111 "134";
135 0 0 59,81 "135";
136 1 0 149,251 "136";
137 1 1 31,210 "137";
138 0 1 17,207 "138";
139 0 0 36,122 "139";
140 1 1 69,159 "140";
141 1 1 154,210 "141";
142 1 1 130,228 "142";
143 0 0 14,159 "143";
144 1 0 142,155 "144";
145 2 0 210,252 "145";
146 0 0 128,243 "146";
147 1 1 195,220 "147";
148 2 1 117,194 "148";
149 0 0 51,100 "149";
150 1 1 4,124 "150";
151 1 1 144,145 "151";
152 0 0 178,256 "152";
153 1 1 85,217 "153";
154 0 1 17,67 "154";
155 2 1 64,199 "155";
156 0 0 73,208 "156";
157 2 1 9,178 "157";
158 2 1 40,233 "158";
159 1 0 14,70 "159";
160 0 0 240,241 "160";
161 0 1 42,58 "161";
162 2 0 37,88 "162";
163 1 0 29,169 "163";
164 2 0 112,126 "164";
165 1 0 80,228 "165";
166 1 0 40,167 "166";
167 0 0 115,227 "167";
168 1 1 40,171 "168";
169 0 0 120,236 "169";
170 1 0 41,183 "170";
171 0 0 4,63 "171";
172 2 0 135,224 "172";
173 1 1 172,259 "173";
174 2 0 129,209 "174";
175 0 0 96,176 "175";
176 0 0 121,231 "176";
177 1 1 48,168 "177";
178 1 1 7,111 "178";
179 2 1 160,164 "179";
180 1 1 46,251 "180";
181 1 0 75,223 "181";
182 1 1 42,152 "182";
183 0 1 7,114 "183";
184 0 1 84,180 "184";
185 1 0 46,229 "185";
186 2 0 2,208 "186";
187 2 1 203,209 "187";
188 1 0 69,139 "188";
189 1 0 132,225 "189";
190 0 1 14,108 "190";
191 2 0 32,61 "191";
192 2 1 141,164 "192";
193 1 0 60,220 "193";
194 0 0 5,33 "194";
195 0 1 120,172 "195";
196 0 1 183,243 "196";
197 1 0 185,237 "197";
198 2 0 127,227 "198";
199 0 0 22,130 "199";
200 1 0 101,116 "200";
201 1 0 147,229 "201";
202 2 0 75,99 "202";
203 0 0 23,114 "203";
204 1 1 191,207 "204";
205 0 0 27,92 "205";
206 0 0 132,148 "206";
207 1 1 148,250 "207";
208 0 0 20,156 "208";
209 0 0 118,250 "209";
210 0 0 23,181 "210";
211 2 1 206,207 "211";
212 0 0 111,204 "212";
213 0 0 208,225 "213";
214 2 1 23,129 "214";
215 0 0 183,257 "215";
216 1 1 50,85 "216";
217 0 1 71,199 "217";
218 2 0 48,188 "218";
219 1 0 229,253 "219";
220 0 0 77,132 "220";
221 1 0 32,57 "221";
222 1 0 118,151 "222";
223 0 1 182,209 "223";
224 1 1 147,148 "224";
225 2 1 97,117 "225";
226 2 0 53,262 "226";
227 0 1 177,231 "227";
228 0 1 34,177 "228";
229 2 0 85,258 "229";
230 1 0 186,237 "230";
231 2 1 50,229 "231";
232 1 1 4,86 "232";
233 1 1 54,188 "233";
234 0 1 76,174 "234";
235 0 1 92,116 "235";
236 2 0 162,264 "236";
237 2 1 23,171 "237";
238 2 1 182,234 "238";
239 2 1 43,231 "239";
240 0 1 26,180 "240";
241 1 0 87,166 "241";
242 2 1 124,228 "242";
243 2 1 108,202 "243";
244 0 1 106,214 "244";
245 2 1 119,224 "245";
246 2 1 131,222 "246";
247 0 0 19,65 "247";
248 2 1 31,120 "248";
249 0 1 31,216 "249";
250 0 0 40,99 "250";
251 1 1 171,250 "251";
252 1 0 45,255 "252";
253 2 1 106,177 "253";
254 2 0 87,152 "254";
255 1 1 58,67 "255";
256 0 0 77,203 "256";
257 2 1 39,258 "257";
258 1 0 177,232 "258";
259 0 1 67,92 "259";
260 0 0 182,205 "260";
261 0 1 106,222 "261";
262 0 1 48,57 "262";
263 0 1 38,66 "263";
264 0 0 50,198 "264";
