parity 274;
0 0 1 55,138 "0";
1 1 1 5,215 "1";
2 2 0 5,68 "2";
3 1 1 13,269 "3";
4 1 0 18,224 "4";
5 1 0 23,225 "5";
6 2 1 56,114 "6";
7 1 1 78,245 "7";
8 0 1 157,180 "8";
9 0 1 45,113 "9";
10 1 0 33,236 "10";
11 1 0 95,96 "11";
12 1 0 251,270 "12";
13 1 0 82,242 "13";
14 0 1 80,88 "14";
15 2 0 61,268 "15";
16 2 0 147,193 "16";
17 1 1 143,200 "17";
18 0 0 157,264 "18";
19 1 1 146,156 "19";
20 2 0 127,147 "20";
21 1 1 39,232 "21";
22 2 1 48,242 "22";
23 1 1 130,147 "23";
24 0 0 60,72 "24";
25 1 0 177,268 "25";
26 2 0 75,125 "26";
27 1 1 90,231 "27";
28 1 1 58,191 "28";
29 2 0 28,73 "29";
30 1 1 73,142 "30";
31 2 0 23,57 "31";
32 0 0 16,235 "32";
33 1 0 200,267 "33";
34 1 0 123,237 "34";
35 1 1 78,84 "35";
36 2 0 248,250 "36";
37 0 0 15,99 "37";
38 2 0 126,184 "38";
39 2 1 116,154 "39";
40 0 1 18,201 "40";
41 2 1 141,224 "41";
42 2 0 29,159 "42";
43 1 0 31,40 "43";
44 1 1 17,112 "44";
45 1 1 1,102 "45";
46 2 0 31,55 "46";
47 2 1 82,117 "47";
48 0 1 28,256 "48";
49 1 0 7,102 "49";
50 1 1 69,170 "50";
51 2 0 26,211 "51";
52 1 1 2,192 "52";
53 0 1 46,125 "53";
54 2 0 208,270 "54";
55 2 0 8,119 "55";
56 0 0 170,196 "56";
57 2 0 22,242 "57";
58 2 0 157,243 "58";
59 2 0 30,41 "59";
60 1 0 188,245 "60";
61 1 0 77,168 "61";
62 2 1 157,222 "62";
63 2 1 133,235 "63";
64 1 0 30,204 "64";
65 2 1 49,236 "65";
66 1 0 83,242 "66";
67 1 1 263,273 "67";
68 1 0 59,72 "68";
69 1 1 23,37 "69";
70 2 1 71,101 "70";
71 2 0 19,77 "71";
72 1 1 66,96 "72";
73 0 1 125,147 "73";
74 0 1 105,241 "74";
75 1 1 120,227 "75";
76 2 1 60,206 "76";
77 2 1 42,153 "77";
78 2 1 64,225 "78";
79 0 0 64,185 "79";
80 0 1 141,235 "80";
81 2 0 64,191 "81";
82 0 1 160,230 "82";
83 0 0 182,223 "83";
84 1 1 64,97 "84";
85 2 1 5,31 "85";
86 0 1 98,123 "86";
87 1 1 21,126 "87";
88 0 0 207,234 "88";
89 0 0 199,223 "89";
90 2 1 106,249 "90";
91 1 0 81,150 "91";
92 0 1 107,224 "92";
93 0 0 171,182 "93";
94 0 1 141,156 "94";
95 2 0 143,231 "95";
96 2 0 43,72 "96";
97 0 0 184,271 "97";
98 1 0 104,232 "98";
99 2 1 104,165 "99";
100 0 0 68,104 "100";
101 1 0 52,228 "101";
102 2 1 60,266 "102";
103 2 1 68,263 "103";
104 0 1 10,156 "104";
105 2 1 30,58 "105";
106 2 0 24,40 "106";
107 2 1 24,233 "107";
108 0 0 197,233 "108";
109 0 0 185,220 "109";
110 2 1 167,195 "110";
111 0 0 160,238 "111";
112 2 0 27,103 "112";
113 2 1 128,229 "113";
114 2 0 26,242 "114";
115 2 0 70,132 "115";
116 2 1 133,222 "116";
117 1 1 59,262 "117";
118 2 0 24,63 "118";
119 1 1 50,91 "119";
120 2 0 35,187 "120";
121 1 1 262,265 "121";
122 0 0 42,156 "122";
123 0 1 86,250 "123";
124 1 1 206,253 "124";
125 2 0 52,66 "125";
126 2 1 101,263 "126";
127 2 0 120,176 "127";
128 2 1 77,239 "128";
129 2 0 172,248 "129";
130 2 0 74,257 "130";
131 0 0 61,188 "131";
132 2 0 10,253 "132";
133 1 0 80,218 "133";
134 0 1 49,261 "134";
135 1 1 67,86 "135";
136 1 0 62,127 "136";
137 0 0 98,152 "137";
138 2 0 66,225 "138";
139 0 0 93,235 "139";
140 2 1 139,233 "140";
141 2 0 49,67 "141";
142 0 1 44,186 "142";
143 1 1 64,148 "143";
144 0 1 102,131 "144";
145 2 0 22,221 "145";
146 0 0 161,238 "146";
147 1 1 128,247 "147";
148 1 0 142,212 "148";
149 0 0 213,250 "149";
150 1 1 224,226 "150";
151 1 0 235,255 "151";
152 2 1 215,223 "152";
153 0 1 52,93 "153";
154 2 0 211,268 "154";
155 0 0 13,49 "155";
156 1 0 106,262 "156";
157 0 1 57,268 "157";
158 2 0 5,43 "158";
159 0 0 0,131 "159";
160 1 0 70,207 "160";
161 0 0 194,273 "161";
162 0 1 241,252 "162";
163 0 0 58,151 "163";
164 1 1 37,71 "164";
165 1 1 70,147 "165";
166 2 1 83,256 "166";
167 0 1 26,223 "167";
168 1 1 34,113 "168";
169 2 0 63,140 "169";
170 1 1 103,135 "170";
171 0 0 152,213 "171";
172 2 0 189,236 "172";
173 0 0 59,125 "173";
174 0 0 88,264 "174";
175 2 0 210,257 "175";
176 0 0 7,268 "176";
177 1 1 169,172 "177";
178 1 0 82,262 "178";
179 1 1 3,94 "179";
180 0 0 79,88 "180";
181 2 1 85,96 "181";
182 2 0 67,206 "182";
183 0 0 20,46 "183";
184 1 0 0,208 "184";
185 1 0 198,203 "185";
186 2 1 15,271 "186";
187 2 1 38,165 "187";
188 0 1 174,249 "188";
189 1 1 9,33 "189";
190 1 0 29,123 "190";
191 2 1 11,99 "191";
192 0 1 17,84 "192";
193 2 1 31,33 "193";
194 0 1 207,269 "194";
195 0 0 114,217 "195";
196 0 0 200,261 "196";
197 2 0 49,185 "197";
198 2 1 81,122 "198";
199 0 1 112,143 "199";
200 1 1 40,175 "200";
201 0 0 143,178 "201";
202 1 0 146,204 "202";
203 2 1 76,202 "203";
204 0 1 20,49 "204";
205 1 0 42,165 "205";
206 1 1 126,192 "206";
207 0 1 1,100 "207";
208 0 1 125,188 "208";
209 0 0 11,198 "209";
210 2 1 152,163 "210";
211 0 0 36,66 "211";
212 1 1 187,206 "212";
213 1 0 147,236 "213";
214 0 0 53,102 "214";
215 2 1 59,244 "215";
216 1 0 130,180 "216";
217 2 1 34,229 "217";
218 2 0 134,224 "218";
219 0 1 148,212 "219";
220 0 0 146,236 "220";
221 2 1 50,68 "221";
222 0 0 35,181 "222";
223 1 0 175,230 "223";
224 1 1 8,99 "224";
225 1 1 150,201 "225";
226 1 1 24,206 "226";
227 1 0 64,181 "227";
228 0 1 198,265 "228";
229 1 1 166,178 "229";
230 2 1 138,183 "230";
231 2 0 111,213 "231";
232 1 1 91,135 "232";
233 1 1 180,199 "233";
234 0 0 155,166 "234";
235 0 1 86,111 "235";
236 1 1 65,136 "236";
237 0 1 134,145 "237";
238 0 0 41,181 "238";
239 1 0 118,124 "239";
240 1 1 269,272 "240";
241 2 1 197,270 "241";
242 1 0 145,183 "242";
243 0 0 7,162 "243";
244 2 1 15,88 "244";
245 1 0 10,11 "245";
246 1 1 107,269 "246";
247 2 1 37,264 "247";
248 2 0 150,226 "248";
249 2 1 141,259 "249";
250 1 0 68,139 "250";
251 0 0 5,215 "251";
252 2 1 185,264 "252";
253 0 1 96,156 "253";
254 0 0 38,205 "254";
255 0 1 228,251 "255";
256 1 0 14,139 "256";
257 2 0 63,259 "257";
258 1 0 174,210 "258";
259 2 1 88,258 "259";
260 0 0 25,189 "260";
261 0 1 51,102 "261";
262 1 1 143,248 "262";
263 1 0 52,214 "263";
264 1 0 91,131 "264";
265 1 0 62,83 "265";
266 2 0 169,190 "266";
267 0 0 55,116 "267";
268 2 0 213,232 "268";
269 2 1 50,209 "269";
270 2 1 114,184 "270";
271 0 1 81,272 "271";
272 0 0 130,221 "272";
273 1 0 169,199 "273";
274 1 0 103,202 "274";
