parity 249;
0 0 1 163,172 "0";
1 1 0 171,186 "1";
2 2 0 189,248 "2";
3 2 1 26,206 "3";
4 1 0 47,130 "4";
5 0 1 85,115 "5";
6 1 1 61,216 "6";
7 2 1 32,121 "7";
8 0 1 18,220 "8";
9 2 1 157,230 "9";
10 2 0 38,226 "10";
11 2 0 6,125 "11";
12 0 0 52,200 "12";
13 1 1 86,146 "13";
14 0 0 167,213 "14";
15 0 0 114,244 "15";
16 2 0 90,177 "16";
17 0 1 30,91 "17";
18 2 1 14,84 "18";
19 2 0 162,221 "19";
20 2 0 63,76 "20";
21 2 0 39,120 "21";
22 0 1 150,185 "22";
23 0 1 14,229 "23";
24 1 1 68,235 "24";
25 1 1 61,152 "25";
26 1 0 57,74 "26";
27 0 0 124,129 "27";
28 0 0 173,242 "28";
29 2 0 8,98 "29";
30 1 1 147,201 "30";
31 0 0 7,136 "31";
32 1 0 177,192 "32";
33 2 0 24,90 "33";
34 1 1 144,153 "34";
35 2 1 1,77 "35";
36 1 1 102,143 "36";
37 1 0 31,158 "37";
38 2 0 23,82 "38";
39 2 0 42,50 "39";
40 1 1 21,241 "40";
41 2 0 148,227 "41";
42 2 1 47,245 "42";
43 0 1 67,137 "43";
44 1 1 105,155 "44";
45 2 1 87,162 "45";
46 2 0 65,106 "46";
47 0 0 5,80 "47";
48 2 1 45,249 "48";
49 2 0 159,203 "49";
50 2 0 115,203 "50";
51 0 1 78,247 "51";
52 0 0 27,221 "52";
53 0 1 0,220 "53";
54 0 0 66,102 "54";
55 1 1 25,185 "55";
56 1 0 26,123 "56";
57 2 1 29,118 "57";
58 0 1 74,82 "58";
59 1 1 15,196 "59";
60 2 1 10,158 "60";
61 0 1 10,138 "61";
62 1 1 96,168 "62";
63 2 1 88,224 "63";
64 0 0 81,148 "64";
65 1 1 184,229 "65";
66 2 1 182,228 "66";
67 0 0 4,211 "67";
68 1 1 93,143 "68";
69 2 0 47,59 "69";
70 1 1 95,163 "70";
71 2 0 23,163 "71";
72 0 0 42,84 "72";
73 0 1 88,129 "73";
74 1 1 226,230 "74";
75 2 1 22,108 "75";
76 1 0 45,74 "76";
77 1 0 174,206 "77";
78 0 0 46,161 "78";
79 0 0 133,149 "79";
80 1 0 153,242 "80";
81 1 1 152,200 "81";
82 2 1 61,208 "82";
83 2 0 7,230 "83";
84 0 1 6,162 "84";
85 1 0 45,114 "85";
86 2 1 10,23 "86";
87 1 1 226,241 "87";
88 2 0 66,235 "88";
89 2 1 197,244 "89";
90 1 0 59,239 "90";
91 1 0 37,77 "91";
92 1 1 138,175 "92";
93 2 0 94,153 "93";
94 1 1 41,227 "94";
95 0 1 199,204 "95";
96 2 1 69,198 "96";
97 1 0 28,87 "97";
98 2 0 96,183 "98";
99 1 1 78,113 "99";
100 1 0 3,221 "100";
101 0 0 85,227 "101";
102 2 1 149,203 "102";
103 1 1 84,171 "103";
104 1 0 52,155 "104";
105 2 1 153,212 "105";
106 1 0 174,206 "106";
107 2 0 94,124 "107";
108 0 1 203,243 "108";
109 0 1 25,150 "109";
110 2 1 131,201 "110";
111 1 0 170,183 "111";
112 2 1 137,151 "112";
113 2 1 47,177 "113";
114 0 1 131,208 "114";
115 1 0 77,240 "115";
116 1 0 2,183 "116";
117 2 1 62,107 "117";
118 2 1 10,19 "118";
119 1 0 130,161 "119";
120 0 1 106,137 "120";
121 2 0 158,232 "121";
122 1 0 82,98 "122";
123 0 1 7,172 "123";
124 2 1 33,75 "124";
125 2 0 9,179 "125";
126 2 0 106,214 "126";
127 0 1 201,243 "127";
128 0 1 160,187 "128";
129 1 0 19,150 "129";
130 2 1 80,205 "130";
131 0 0 6,36 "131";
132 1 0 15,113 "132";
133 1 0 75,234 "133";
134 2 0 51,162 "134";
135 2 1 20,147 "135";
136 1 1 89,190 "136";
137 2 1 128,188 "137";
138 1 0 64,77 "138";
139 0 0 141,145 "139";
140 1 0 41,201 "140";
141 0 1 68,154 "141";
142 1 1 188,225 "142";
143 0 0 79,145 "143";
144 0 0 119,214 "144";
145 0 1 52,62 "145";
146 0 0 61,102 "146";
147 0 1 144,211 "147";
148 0 0 125,156 "148";
149 1 1 53,144 "149";
150 2 1 75,112 "150";
151 1 0 12,81 "151";
152 2 0 164,171 "152";
153 2 0 87,147 "153";
154 0 1 17,208 "154";
155 2 1 6,174 "155";
156 0 0 164,239 "156";
157 1 0 109,168 "157";
158 1 0 92,146 "158";
159 2 1 163,241 "159";
160 2 0 69,161 "160";
161 2 1 79,82 "161";
162 2 1 199,219 "162";
163 0 1 55,183 "163";
164 1 0 201,240 "164";
165 0 0 55,181 "165";
166 0 0 83,84 "166";
167 1 1 31,244 "167";
168 1 1 59,213 "168";
169 1 1 25,196 "169";
170 0 1 215,231 "170";
171 2 1 92,131 "171";
172 2 0 132,236 "172";
173 2 1 0,240 "173";
174 0 0 18,235 "174";
175 2 1 85,115 "175";
176 0 1 113,161 "176";
177 1 0 182,211 "177";
178 0 1 6,198 "178";
179 0 1 49,93 "179";
180 2 1 10,220 "180";
181 0 1 34,225 "181";
182 0 0 4,213 "182";
183 0 1 50,94 "183";
184 2 1 2,224 "184";
185 2 1 103,111 "185";
186 2 1 52,167 "186";
187 1 1 64,89 "187";
188 1 0 117,145 "188";
189 2 0 149,216 "189";
190 1 1 19,93 "190";
191 0 1 81,197 "191";
192 0 1 193,202 "192";
193 2 0 68,123 "193";
194 2 1 50,212 "194";
195 1 1 49,92 "195";
196 2 0 163,171 "196";
197 0 0 100,249 "197";
198 1 1 0,240 "198";
199 0 0 174,236 "199";
200 2 0 16,34 "200";
201 2 0 15,69 "201";
202 0 1 4,214 "202";
203 0 0 20,129 "203";
204 0 0 26,185 "204";
205 0 1 55,105 "205";
206 0 1 124,197 "206";
207 1 0 13,186 "207";
208 0 0 31,221 "208";
209 1 1 71,129 "209";
210 0 0 138,178 "210";
211 1 0 39,92 "211";
212 1 0 97,234 "212";
213 0 0 164,227 "213";
214 0 1 19,133 "214";
215 2 0 97,122 "215";
216 0 1 1,24 "216";
217 0 0 180,216 "217";
218 2 0 2,130 "218";
219 2 1 65,136 "219";
220 0 0 131,230 "220";
221 1 1 11,30 "221";
222 1 1 62,164 "222";
223 1 1 132,232 "223";
224 2 0 74,157 "224";
225 2 0 9,85 "225";
226 0 0 157,197 "226";
227 2 0 36,248 "227";
228 2 0 38,99 "228";
229 2 0 141,201 "229";
230 0 1 11,197 "230";
231 2 0 86,239 "231";
232 1 1 98,169 "232";
233 2 1 66,93 "233";
234 0 1 122,171 "234";
235 0 0 31,184 "235";
236 1 1 0,68 "236";
237 2 1 34,157 "237";
238 0 0 57,65 "238";
239 1 0 10,159 "239";
240 1 0 56,75 "240";
241 1 0 10,76 "241";
242 2 0 3,57 "242";
243 0 1 44,227 "243";
244 1 1 8,92 "244";
245 1 1 53,149 "245";
246 2 0 163,240 "246";
247 2 1 43,181 "247";
248 2 1 5,243 "248";
249 0 0 42,92 "249";
