parity 249;
0 1 1 5,92 "0";
1 1 1 151,195 "1";
2 0 1 131,230 "2";
3 1 0 39,175 "3";
4 1 0 38,181 "4";
5 2 0 13,29 "5";
6 2 0 103,245 "6";
7 1 1 201,230 "7";
8 1 1 86,132 "8";
9 0 0 50,197 "9";
10 0 1 68,223 "10";
11 0 0 17,222 "11";
12 0 0 14,49 "12";
13 0 1 79,80 "13";
14 1 1 24,225 "14";
15 0 1 127,228 "15";
16 1 1 63,64 "16";
17 0 0 153,217 "17";
18 2 0 182,241 "18";
19 0 1 132,160 "19";
20 0 1 25,211 "20";
21 1 1 144,201 "21";
22 1 0 27,48 "22";
23 1 1 168,241 "23";
24 2 0 2,71 "24";
25 2 0 182,227 "25";
26 1 1 33,57 "26";
27 2 0 206,245 "27";
28 2 0 111,243 "28";
29 0 1 23,142 "29";
30 1 0 102,177 "30";
31 2 0 211,219 "31";
32 0 0 160,201 "32";
33 0 1 5,43 "33";
34 2 0 29,247 "34";
35 0 0 74,94 "35";
36 2 1 77,248 "36";
37 2 0 17,165 "37";
38 1 1 26,86 "38";
39 1 1 37,216 "39";
40 2 0 136,139 "40";
41 2 0 143,159 "41";
42 2 0 29,185 "42";
43 1 1 31,84 "43";
44 2 1 68,163 "44";
45 1 0 0,35 "45";
46 0 1 3,197 "46";
47 2 1 135,235 "47";
48 2 1 14,72 "48";
49 1 1 31,117 "49";
50 2 0 15,129 "50";
51 2 0 33,139 "51";
52 0 1 37,147 "52";
53 2 1 70,84 "53";
54 1 1 64,122 "54";
55 1 0 67,201 "55";
56 0 1 17,92 "56";
57 0 0 15,198 "57";
58 0 0 239,244 "58";
59 2 0 65,163 "59";
60 2 1 147,228 "60";
61 1 0 46,236 "61";
62 0 1 0,229 "62";
63 1 1 48,162 "63";
64 0 1 63,129 "64";
65 1 1 1,106 "65";
66 2 0 12,88 "66";
67 1 1 3,78 "67";
68 0 1 71,198 "68";
69 2 0 38,152 "69";
70 0 1 103,193 "70";
71 2 0 2,31 "71";
72 1 0 133,191 "72";
73 2 0 23,87 "73";
74 0 1 107,200 "74";
75 0 1 114,183 "75";
76 2 0 104,174 "76";
77 2 0 10,63 "77";
78 0 1 85,162 "78";
79 2 0 1,34 "79";
80 2 0 0,146 "80";
81 2 0 24,106 "81";
82 1 1 143,236 "82";
83 0 0 163,199 "83";
84 2 0 108,123 "84";
85 0 0 168,211 "85";
86 1 1 3,183 "86";
87 1 0 16,177 "87";
88 0 0 120,246 "88";
89 2 1 23,78 "89";
90 1 1 123,140 "90";
91 1 1 42,74 "91";
92 2 1 27,70 "92";
93 0 0 127,155 "93";
94 0 0 33,215 "94";
95 0 1 68,132 "95";
96 2 0 45,58 "96";
97 0 0 76,193 "97";
98 2 1 56,214 "98";
99 0 0 47,119 "99";
100 0 0 42,233 "100";
101 2 1 171,192 "101";
102 0 0 119,130 "102";
103 1 0 71,92 "103";
104 1 0 183,249 "104";
105 0 1 24,81 "105";
106 2 1 81,224 "106";
107 2 0 68,197 "107";
108 2 0 71,127 "108";
109 2 0 55,173 "109";
110 2 0 19,118 "110";
111 1 0 66,205 "111";
112 0 0 165,179 "112";
113 1 1 155,236 "113";
114 2 1 93,198 "114";
115 1 1 105,204 "115";
116 1 1 18,100 "116";
117 2 1 36,99 "117";
118 0 0 92,204 "118";
119 0 0 25,130 "119";
120 0 0 26,117 "120";
121 1 1 38,235 "121";
122 1 1 52,90 "122";
123 1 0 172,232 "123";
124 1 1 45,109 "124";
125 2 0 44,226 "125";
126 2 1 46,133 "126";
127 1 1 84,110 "127";
128 0 1 93,244 "128";
129 2 0 15,155 "129";
130 2 0 38,177 "130";
131 2 0 79,93 "131";
132 2 0 52,59 "132";
133 0 1 162,176 "133";
134 0 1 220,226 "134";
135 0 0 203,231 "135";
136 1 0 188,205 "136";
137 1 1 179,221 "137";
138 0 1 110,151 "138";
139 0 0 189,237 "139";
140 1 0 132,204 "140";
141 1 1 176,242 "141";
142 0 1 47,146 "142";
143 2 0 23,229 "143";
144 2 1 30,146 "144";
145 2 0 40,133 "145";
146 0 0 80,114 "146";
147 2 0 81,83 "147";
148 2 0 74,217 "148";
149 0 0 57,67 "149";
150 0 0 131,164 "150";
151 0 0 17,244 "151";
152 0 0 72,122 "152";
153 1 1 0,97 "153";
154 2 0 185,208 "154";
155 0 0 35,65 "155";
156 2 1 14,126 "156";
157 2 0 98,99 "157";
158 0 0 204,224 "158";
159 1 0 42,57 "159";
160 1 0 49,243 "160";
161 1 0 134,146 "161";
162 1 0 112,120 "162";
163 1 0 52,139 "163";
164 2 0 37,71 "164";
165 0 0 14,104 "165";
166 2 1 81,124 "166";
167 2 1 20,160 "167";
168 1 1 171,212 "168";
169 1 0 28,225 "169";
170 0 0 47,57 "170";
171 0 0 56,97 "171";
172 2 1 9,202 "172";
173 0 1 139,237 "173";
174 0 0 60,161 "174";
175 0 1 66,153 "175";
176 0 1 70,153 "176";
177 0 1 137,230 "177";
178 1 0 79,80 "178";
179 1 0 198,234 "179";
180 2 0 135,174 "180";
181 0 0 135,201 "181";
182 2 0 0,209 "182";
183 1 0 206,219 "183";
184 1 0 187,248 "184";
185 1 1 12,39 "185";
186 2 0 160,209 "186";
187 2 0 90,174 "187";
188 2 1 28,65 "188";
189 0 1 48,232 "189";
190 1 0 106,164 "190";
191 0 0 141,206 "191";
192 0 1 79,189 "192";
193 2 1 90,242 "193";
194 1 0 189,203 "194";
195 2 0 52,137 "195";
196 2 0 87,119 "196";
197 1 1 133,164 "197";
198 0 1 31,82 "198";
199 0 1 5,57 "199";
200 2 0 187,207 "200";
201 1 0 60,217 "201";
202 1 0 21,197 "202";
203 0 0 125,214 "203";
204 1 0 121,123 "204";
205 2 0 116,208 "205";
206 2 1 7,76 "206";
207 1 1 28,179 "207";
208 0 1 68,153 "208";
209 0 1 59,207 "209";
210 0 0 146,158 "210";
211 0 0 73,120 "211";
212 0 1 191,224 "212";
213 0 0 52,193 "213";
214 0 0 32,185 "214";
215 0 0 148,233 "215";
216 0 0 83,237 "216";
217 2 0 16,163 "217";
218 0 1 72,90 "218";
219 2 1 163,173 "219";
220 1 1 82,143 "220";
221 1 0 129,169 "221";
222 2 1 28,47 "222";
223 0 1 149,207 "223";
224 0 1 221,234 "224";
225 2 0 64,164 "225";
226 1 0 104,232 "226";
227 2 1 3,108 "227";
228 0 0 164,209 "228";
229 0 1 55,240 "229";
230 2 1 78,146 "230";
231 1 0 83,175 "231";
232 0 0 20,202 "232";
233 0 0 135,205 "233";
234 1 1 70,91 "234";
235 0 1 39,199 "235";
236 2 1 217,243 "236";
237 1 0 28,66 "237";
238 0 0 77,241 "238";
239 2 1 104,133 "239";
240 1 1 28,210 "240";
241 0 0 63,237 "241";
242 2 1 143,208 "242";
243 0 1 64,230 "243";
244 1 1 161,181 "244";
245 0 1 136,163 "245";
246 1 1 150,217 "246";
247 1 0 163,198 "247";
248 1 1 0,241 "248";
249 1 1 23,195 "249";
