parity 199;
0 0 0 9,114 "0";
1 0 0 110,136 "1";
2 1 0 29,174 "2";
3 0 0 119,149 "3";
4 0 1 16,57 "4";
5 0 0 28,189 "5";
6 0 1 118,191 "6";
7 1 1 65,199 "7";
8 1 0 155,199 "8";
9 1 0 123,181 "9";
10 0 0 50,61 "10";
11 0 1 101,197 "11";
12 0 1 0,113 "12";
13 1 0 72,197 "13";
14 0 0 47,192 "14";
15 0 0 78,185 "15";
16 2 1 52,186 "16";
17 1 0 20,128 "17";
18 1 1 76,103 "18";
19 2 1 52,128 "19";
20 1 0 97,173 "20";
21 0 1 35,184 "21";
22 0 1 89,148 "22";
23 2 0 68,128 "23";
24 1 1 35,174 "24";
25 1 1 170,174 "25";
26 1 1 84,175 "26";
27 2 1 32,70 "27";
28 0 0 105,109 "28";
29 2 1 143,192 "29";
30 0 1 37,185 "30";
31 0 0 43,85 "31";
32 2 0 17,77 "32";
33 1 1 75,79 "33";
34 2 1 131,182 "34";
35 1 1 65,88 "35";
36 0 0 44,110 "36";
37 2 1 4,158 "37";
38 1 0 57,145 "38";
39 1 1 82,189 "39";
40 0 1 24,171 "40";
41 2 1 20,73 "41";
42 2 0 54,87 "42";
43 0 0 17,22 "43";
44 0 0 5,135 "44";
45 1 0 110,121 "45";
46 2 1 34,36 "46";
47 0 1 49,130 "47";
48 2 0 11,69 "48";
49 0 1 29,162 "49";
50 1 0 17,186 "50";
51 1 0 16,135 "51";
52 0 0 5,46 "52";
53 0 0 84,135 "53";
54 0 1 89,129 "54";
55 1 0 63,113 "55";
56 1 0 36,48 "56";
57 0 0 51,172 "57";
58 1 0 100,175 "58";
59 2 1 95,127 "59";
60 0 1 17,189 "60";
61 1 0 34,99 "61";
62 0 0 81,165 "62";
63 1 1 19,177 "63";
64 2 1 33,35 "64";
65 0 1 114,158 "65";
66 0 1 100,179 "66";
67 2 1 71,76 "67";
68 2 0 16,117 "68";
69 2 1 46,94 "69";
70 2 1 128,152 "70";
71 1 0 119,147 "71";
72 2 1 117,198 "72";
73 0 0 155,161 "73";
74 1 1 111,192 "74";
75 2 1 146,180 "75";
76 0 0 65,86 "76";
77 0 0 78,99 "77";
78 0 1 7,88 "78";
79 2 0 72,177 "79";
80 2 1 4,197 "80";
81 1 1 151,174 "81";
82 2 1 31,191 "82";
83 0 0 113,175 "83";
84 2 0 45,163 "84";
85 2 0 163,181 "85";
86 2 1 64,177 "86";
87 1 0 69,117 "87";
88 1 1 129,188 "88";
89 2 0 0,95 "89";
90 0 1 121,159 "90";
91 0 1 140,185 "91";
92 0 0 3,39 "92";
93 1 0 96,102 "93";
94 2 0 104,165 "94";
95 1 0 56,187 "95";
96 1 0 122,132 "96";
97 0 0 16,28 "97";
98 2 0 18,131 "98";
99 0 1 31,84 "99";
100 0 1 63,64 "100";
101 1 1 57,109 "101";
102 1 0 15,65 "102";
103 2 0 164,173 "103";
104 1 0 80,131 "104";
105 0 1 34,116 "105";
106 2 1 19,26 "106";
107 1 1 78,198 "107";
108 0 1 80,148 "108";
109 1 1 41,191 "109";
110 2 0 23,64 "110";
111 0 1 19,179 "111";
112 1 0 32,69 "112";
113 2 0 13,43 "113";
114 0 0 111,126 "114";
115 2 1 70,107 "115";
116 1 0 95,157 "116";
117 1 0 39,138 "117";
118 2 1 116,148 "118";
119 0 0 22,43 "119";
120 1 0 15,140 "120";
121 0 0 66,171 "121";
122 0 0 173,181 "122";
123 2 0 8,72 "123";
124 0 0 29,132 "124";
125 2 0 53,187 "125";
126 2 0 10,49 "126";
127 0 1 23,149 "127";
128 1 0 117,174 "128";
129 1 0 50,55 "129";
130 1 1 60,154 "130";
131 2 1 2,75 "131";
132 1 0 0,118 "132";
133 0 1 49,122 "133";
134 0 1 45,83 "134";
135 2 0 79,154 "135";
136 0 0 64,114 "136";
137 1 0 105,184 "137";
138 2 0 30,122 "138";
139 0 1 82,168 "139";
140 2 1 36,37 "140";
141 2 0 106,111 "141";
142 1 0 37,67 "142";
143 1 0 11,25 "143";
144 0 0 51,147 "144";
145 1 1 16,28 "145";
146 1 0 15,100 "146";
147 2 0 25,40 "147";
148 2 0 57,120 "148";
149 1 0 125,133 "149";
150 2 0 13,174 "150";
151 0 0 16,53 "151";
152 2 1 21,106 "152";
153 0 1 5,135 "153";
154 2 1 81,138 "154";
155 0 0 145,178 "155";
156 2 0 1,131 "156";
157 0 0 31,179 "157";
158 1 1 111,145 "158";
159 2 1 21,154 "159";
160 0 1 4,171 "160";
161 1 0 58,69 "161";
162 2 1 18,184 "162";
163 0 0 41,184 "163";
164 2 1 16,141 "164";
165 0 0 2,59 "165";
166 1 1 31,81 "166";
167 1 0 18,70 "167";
168 2 0 22,148 "168";
169 0 1 34,86 "169";
170 2 1 45,96 "170";
171 1 1 42,128 "171";
172 0 0 15,189 "172";
173 1 0 100,189 "173";
174 2 1 6,57 "174";
175 2 0 43,149 "175";
176 0 1 47,99 "176";
177 2 0 22,87 "177";
178 2 1 169,184 "178";
179 0 0 136,146 "179";
180 1 1 41,135 "180";
181 2 1 38,175 "181";
182 1 0 27,52 "182";
183 2 0 2,76 "183";
184 2 0 31,72 "184";
185 2 1 19,152 "185";
186 2 1 84,184 "186";
187 2 1 121,172 "187";
188 1 1 73,84 "188";
189 0 0 84,99 "189";
190 0 1 65,68 "190";
191 2 0 125,159 "191";
192 1 1 23,131 "192";
193 2 1 98,191 "193";
194 0 1 5,59 "194";
195 1 0 69,140 "195";
196 0 0 10,117 "196";
197 2 1 1,110 "197";
198 0 0 89,152 "198";
199 0 1 65,196 "199";
