parity 289;
0 0 0 53,214 "0";
1 0 1 56,230 "1";
2 1 1 62,161 "2";
3 2 1 72,273 "3";
4 2 0 128,146 "4";
5 2 1 215,218 "5";
6 0 0 10,280 "6";
7 1 1 150,212 "7";
8 0 0 226,261 "8";
9 1 1 266,278 "9";
10 2 1 21,145 "10";
11 1 0 23,140 "11";
12 1 1 174,245 "12";
13 1 0 98,209 "13";
14 2 0 120,268 "14";
15 2 0 105,249 "15";
16 0 0 129,174 "16";
17 0 0 44,238 "17";
18 1 0 41,266 "18";
19 2 1 35,189 "19";
20 0 1 44,195 "20";
21 0 1 98,104 "21";
22 0 0 182,204 "22";
23 1 1 153,249 "23";
24 0 0 58,185 "24";
25 0 0 166,187 "25";
26 0 1 9,59 "26";
27 2 0 95,271 "27";
28 0 0 66,104 "28";
29 0 0 106,289 "29";
30 2 0 27,111 "30";
31 1 0 72,230 "31";
32 0 0 96,283 "32";
33 2 1 8,71 "33";
34 1 0 252,256 "34";
35 1 1 225,249 "35";
36 0 1 118,276 "36";
37 1 1 81,126 "37";
38 1 1 199,239 "38";
39 1 0 135,277 "39";
40 0 0 187,260 "40";
41 0 0 9,212 "41";
42 2 0 183,283 "42";
43 0 0 59,221 "43";
44 0 1 182,286 "44";
45 0 0 2,179 "45";
46 0 1 178,196 "46";
47 2 1 150,221 "47";
48 2 0 127,200 "48";
49 1 0 98,258 "49";
50 2 1 113,132 "50";
51 2 1 125,139 "51";
52 1 0 100,142 "52";
53 0 1 10,144 "53";
54 2 0 58,131 "54";
55 1 1 140,216 "55";
56 2 0 116,227 "56";
57 1 1 93,269 "57";
58 2 0 72,173 "58";
59 0 0 92,210 "59";
60 1 1 79,99 "60";
61 1 1 78,207 "61";
62 0 0 4,241 "62";
63 2 1 192,219 "63";
64 0 0 25,103 "64";
65 1 0 149,167 "65";
66 1 0 4,279 "66";
67 1 1 14,176 "67";
68 0 0 105,273 "68";
69 0 1 30,226 "69";
70 2 1 0,247 "70";
71 1 1 199,204 "71";
72 0 1 131,215 "72";
73 2 0 61,161 "73";
74 2 0 180,233 "74";
75 1 0 11,281 "75";
76 0 1 85,123 "76";
77 2 0 207,258 "77";
78 1 1 162,229 "78";
79 0 1 78,256 "79";
80 0 0 116,173 "80";
81 0 0 257,285 "81";
82 0 1 31,184 "82";
83 2 1 99,284 "83";
84 2 1 22,160 "84";
85 0 0 30,199 "85";
86 0 1 99,271 "86";
87 1 1 15,97 "87";
88 0 1 36,211 "88";
89 2 1 148,159 "89";
90 1 1 36,60 "90";
91 1 1 81,245 "91";
92 2 0 169,175 "92";
93 0 0 62,100 "93";
94 1 1 19,272 "94";
95 0 0 17,156 "95";
96 0 0 68,194 "96";
97 0 0 53,63 "97";
98 1 0 184,216 "98";
99 0 1 70,214 "99";
100 2 0 75,196 "100";
101 0 0 191,242 "101";
102 1 1 101,151 "102";
103 0 1 167,237 "103";
104 2 1 237,278 "104";
105 2 1 151,233 "105";
106 2 1 125,149 "106";
107 1 0 111,146 "107";
108 0 1 83,156 "108";
109 2 1 284,287 "109";
110 0 1 18,27 "110";
111 0 1 46,227 "111";
112 2 1 61,252 "112";
113 2 1 84,197 "113";
114 0 1 30,275 "114";
115 2 0 54,209 "115";
116 1 1 194,234 "116";
117 2 0 130,188 "117";
118 1 0 142,197 "118";
119 2 0 52,176 "119";
120 1 1 253,272 "120";
121 0 0 52,73 "121";
122 1 0 141,171 "122";
123 0 0 149,219 "123";
124 0 0 38,251 "124";
125 2 1 16,19 "125";
126 1 0 107,226 "126";
127 2 1 79,183 "127";
128 0 1 190,207 "128";
129 1 0 6,192 "129";
130 1 0 16,137 "130";
131 0 1 122,288 "131";
132 0 1 35,234 "132";
133 1 1 75,186 "133";
134 2 1 24,275 "134";
135 1 0 224,230 "135";
136 1 0 34,44 "136";
137 0 0 229,231 "137";
138 2 1 153,155 "138";
139 2 1 76,282 "139";
140 1 1 170,256 "140";
141 0 0 6,120 "141";
142 1 1 248,267 "142";
143 2 0 21,174 "143";
144 2 1 40,50 "144";
145 1 1 61,222 "145";
146 2 0 45,90 "146";
147 2 0 89,149 "147";
148 0 1 189,274 "148";
149 2 1 26,175 "149";
150 2 0 32,258 "150";
151 0 0 121,188 "151";
152 0 1 78,96 "152";
153 2 0 98,125 "153";
154 0 0 92,192 "154";
155 0 0 11,169 "155";
156 1 1 37,94 "156";
157 1 0 167,228 "157";
158 0 1 113,169 "158";
159 2 1 131,224 "159";
160 1 1 11,75 "160";
161 1 1 135,278 "161";
162 2 1 169,225 "162";
163 0 1 82,259 "163";
164 2 1 34,239 "164";
165 1 0 224,274 "165";
166 2 1 21,147 "166";
167 2 0 81,125 "167";
168 0 1 33,47 "168";
169 2 0 192,251 "169";
170 2 0 121,258 "170";
171 0 0 207,221 "171";
172 2 0 189,219 "172";
173 0 0 205,285 "173";
174 1 1 2,175 "174";
175 0 0 62,77 "175";
176 1 0 119,282 "176";
177 1 0 211,229 "177";
178 2 1 206,264 "178";
179 1 0 186,252 "179";
180 1 0 134,163 "180";
181 2 0 43,256 "181";
182 2 0 50,82 "182";
183 2 1 139,245 "183";
184 2 1 258,283 "184";
185 0 1 20,189 "185";
186 0 0 132,175 "186";
187 2 0 35,224 "187";
188 0 0 113,246 "188";
189 1 0 96,247 "189";
190 2 1 108,180 "190";
191 0 1 90,117 "191";
192 0 0 35,99 "192";
193 1 1 269,274 "193";
194 1 1 188,239 "194";
195 2 1 150,261 "195";
196 2 0 232,249 "196";
197 0 0 2,60 "197";
198 0 0 6,140 "198";
199 1 0 160,221 "199";
200 0 0 45,104 "200";
201 0 1 150,278 "201";
202 2 0 49,212 "202";
203 1 0 93,185 "203";
204 0 1 59,147 "204";
205 1 1 55,262 "205";
206 1 0 254,286 "206";
207 1 0 24,156 "207";
208 0 1 148,279 "208";
209 2 1 69,191 "209";
210 1 1 18,281 "210";
211 2 1 233,243 "211";
212 0 0 82,175 "212";
213 2 1 9,239 "213";
214 2 0 18,162 "214";
215 2 1 128,138 "215";
216 0 1 46,270 "216";
217 0 1 133,218 "217";
218 0 0 9,42 "218";
219 1 0 33,226 "219";
220 2 1 201,289 "220";
221 2 1 51,92 "221";
222 1 1 134,158 "222";
223 0 1 10,158 "223";
224 0 0 243,280 "224";
225 0 1 194,244 "225";
226 1 0 45,267 "226";
227 0 0 97,203 "227";
228 0 0 168,204 "228";
229 2 0 151,199 "229";
230 0 0 23,226 "230";
231 2 1 193,210 "231";
232 2 0 120,137 "232";
233 1 0 71,228 "233";
234 1 0 114,131 "234";
235 2 0 80,106 "235";
236 0 0 115,177 "236";
237 2 1 122,173 "237";
238 0 0 76,154 "238";
239 1 1 78,208 "239";
240 1 0 143,266 "240";
241 2 1 39,172 "241";
242 0 0 81,254 "242";
243 2 0 20,250 "243";
244 1 1 83,260 "244";
245 1 0 221,259 "245";
246 0 0 249,283 "246";
247 2 1 93,288 "247";
248 0 0 86,191 "248";
249 2 0 18,114 "249";
250 1 0 48,195 "250";
251 2 1 133,265 "251";
252 1 1 178,258 "252";
253 1 0 110,117 "253";
254 2 0 146,172 "254";
255 2 0 61,102 "255";
256 0 0 99,176 "256";
257 2 1 223,281 "257";
258 1 1 112,227 "258";
259 1 0 45,203 "259";
260 0 0 220,263 "260";
261 2 1 109,202 "261";
262 2 0 111,245 "262";
263 0 0 35,184 "263";
264 2 0 48,50 "264";
265 1 0 49,192 "265";
266 2 0 74,246 "266";
267 2 1 106,237 "267";
268 1 1 46,165 "268";
269 2 0 83,204 "269";
270 0 0 187,229 "270";
271 1 1 262,270 "271";
272 2 1 66,75 "272";
273 1 0 13,63 "273";
274 1 0 59,286 "274";
275 2 1 187,252 "275";
276 2 1 131,240 "276";
277 1 1 11,273 "277";
278 0 1 14,247 "278";
279 2 1 12,285 "279";
280 0 1 15,74 "280";
281 0 1 17,151 "281";
282 0 0 85,221 "282";
283 0 1 13,220 "283";
284 1 0 12,18 "284";
285 0 1 7,184 "285";
286 1 0 103,261 "286";
287 1 1 84,191 "287";
288 0 1 69,280 "288";
289 0 0 43,178 "289";
