parity 284;
0 1 1 179,226 "0";
1 2 1 114,188 "1";
2 1 0 258,282 "2";
3 0 0 122,144 "3";
4 1 1 239,259 "4";
5 2 1 92,247 "5";
6 1 0 72,118 "6";
7 2 0 71,100 "7";
8 2 1 24,70 "8";
9 2 0 47,144 "9";
10 2 0 54,133 "10";
11 2 1 187,261 "11";
12 0 1 21,265 "12";
13 1 1 45,101 "13";
14 0 1 12,225 "14";
15 0 0 1,177 "15";
16 0 0 19,104 "16";
17 2 1 163,173 "17";
18 2 0 198,258 "18";
19 2 1 148,169 "19";
20 1 1 148,235 "20";
21 1 0 226,230 "21";
22 2 0 85,245 "22";
23 2 1 213,223 "23";
24 2 0 17,166 "24";
25 2 1 88,97 "25";
26 0 0 228,235 "26";
27 1 1 121,245 "27";
28 2 1 53,133 "28";
29 0 1 127,234 "29";
30 0 1 29,50 "30";
31 1 0 54,126 "31";
32 2 0 89,180 "32";
33 1 1 0,132 "33";
34 2 0 70,252 "34";
35 1 0 62,251 "35";
36 0 1 82,197 "36";
37 0 0 109,282 "37";
38 0 1 49,221 "38";
39 2 1 58,235 "39";
40 2 1 94,139 "40";
41 2 0 110,137 "41";
42 0 0 206,236 "42";
43 1 1 83,93 "43";
44 1 0 220,247 "44";
45 1 1 19,61 "45";
46 1 0 183,251 "46";
47 2 0 48,108 "47";
48 1 1 27,141 "48";
49 2 0 133,220 "49";
50 1 1 99,121 "50";
51 2 0 153,260 "51";
52 1 0 42,156 "52";
53 1 0 108,161 "53";
54 0 0 166,223 "54";
55 1 0 148,193 "55";
56 1 0 130,140 "56";
57 2 1 158,189 "57";
58 0 0 169,262 "58";
59 1 1 187,249 "59";
60 1 0 101,126 "60";
61 2 1 6,124 "61";
62 0 0 268,283 "62";
63 2 0 20,139 "63";
64 0 0 79,86 "64";
65 1 0 51,266 "65";
66 0 1 168,273 "66";
67 1 1 56,150 "67";
68 2 0 28,222 "68";
69 2 1 254,269 "69";
70 1 0 60,216 "70";
71 0 0 77,232 "71";
72 1 1 136,254 "72";
73 1 1 226,273 "73";
74 2 1 166,276 "74";
75 1 1 54,137 "75";
76 1 1 4,197 "76";
77 1 0 144,199 "77";
78 1 0 149,272 "78";
79 1 1 4,22 "79";
80 1 1 54,55 "80";
81 0 1 196,199 "81";
82 2 0 185,236 "82";
83 0 1 15,247 "83";
84 0 1 91,157 "84";
85 2 0 56,267 "85";
86 1 1 109,245 "86";
87 2 0 189,279 "87";
88 1 0 1,125 "88";
89 1 1 81,88 "89";
90 2 0 160,273 "90";
91 0 0 28,191 "91";
92 2 1 47,236 "92";
93 0 1 15,25 "93";
94 0 1 42,91 "94";
95 1 0 148,179 "95";
96 2 0 254,265 "96";
97 1 0 114,217 "97";
98 1 0 217,237 "98";
99 1 0 139,190 "99";
100 2 1 136,173 "100";
101 2 1 23,152 "101";
102 0 0 170,277 "102";
103 0 0 43,65 "103";
104 1 0 241,274 "104";
105 2 0 131,232 "105";
106 2 1 29,105 "106";
107 2 1 121,126 "107";
108 1 0 189,209 "108";
109 2 0 186,280 "109";
110 0 0 139,208 "110";
111 1 1 4,98 "111";
112 0 1 67,208 "112";
113 1 1 10,171 "113";
114 2 0 48,185 "114";
115 0 1 120,223 "115";
116 1 0 85,142 "116";
117 1 1 112,277 "117";
118 0 0 24,268 "118";
119 1 1 104,174 "119";
120 2 0 239,259 "120";
121 1 1 42,51 "121";
122 1 0 142,239 "122";
123 2 1 54,279 "123";
124 0 0 71,114 "124";
125 0 0 150,154 "125";
126 1 1 33,178 "126";
127 0 0 170,216 "127";
128 1 1 45,255 "128";
129 1 1 37,261 "129";
130 1 1 10,245 "130";
131 1 0 17,124 "131";
132 0 0 155,199 "132";
133 0 1 35,124 "133";
134 2 0 118,265 "134";
135 1 1 61,90 "135";
136 0 0 82,243 "136";
137 1 1 131,195 "137";
138 2 1 72,209 "138";
139 1 0 58,85 "139";
140 0 1 96,183 "140";
141 0 0 21,175 "141";
142 2 1 1,239 "142";
143 1 1 2,192 "143";
144 0 0 25,276 "144";
145 1 1 129,178 "145";
146 0 0 262,272 "146";
147 1 1 77,132 "147";
148 2 1 37,228 "148";
149 2 0 114,181 "149";
150 0 0 183,190 "150";
151 1 0 121,227 "151";
152 1 1 78,194 "152";
153 0 1 78,216 "153";
154 2 0 39,166 "154";
155 0 0 171,254 "155";
156 0 1 154,219 "156";
157 2 0 98,189 "157";
158 1 1 40,196 "158";
159 1 1 185,238 "159";
160 2 1 60,75 "160";
161 2 1 118,238 "161";
162 0 1 37,160 "162";
163 1 0 110,257 "163";
164 0 0 68,278 "164";
165 1 1 19,22 "165";
166 2 0 26,189 "166";
167 1 1 68,213 "167";
168 2 0 8,226 "168";
169 1 0 230,236 "169";
170 0 1 25,83 "170";
171 0 0 95,281 "171";
172 2 1 140,187 "172";
173 2 1 166,194 "173";
174 2 1 59,164 "174";
175 1 0 98,250 "175";
176 0 1 92,182 "176";
177 0 1 70,102 "177";
178 2 1 49,65 "178";
179 2 0 184,214 "179";
180 1 0 89,190 "180";
181 1 1 165,275 "181";
182 0 1 93,268 "182";
183 0 1 130,212 "183";
184 1 0 26,33 "184";
185 2 0 16,244 "185";
186 1 1 33,189 "186";
187 2 1 97,142 "187";
188 1 0 67,196 "188";
189 1 1 126,180 "189";
190 2 0 189,246 "190";
191 0 0 0,245 "191";
192 2 0 23,87 "192";
193 1 1 80,116 "193";
194 1 1 179,279 "194";
195 2 1 2,233 "195";
196 2 0 74,229 "196";
197 0 1 115,148 "197";
198 1 1 1,229 "198";
199 0 0 26,121 "199";
200 1 1 75,155 "200";
201 1 1 88,248 "201";
202 2 0 74,150 "202";
203 2 1 113,139 "203";
204 0 1 160,197 "204";
205 2 1 114,168 "205";
206 0 0 23,130 "206";
207 0 0 32,160 "207";
208 1 1 92,262 "208";
209 2 1 136,158 "209";
210 0 0 18,52 "210";
211 1 1 38,265 "211";
212 2 0 92,130 "212";
213 1 0 234,259 "213";
214 1 0 194,207 "214";
215 0 0 113,149 "215";
216 1 1 226,246 "216";
217 0 1 3,181 "217";
218 2 0 161,174 "218";
219 1 1 145,183 "219";
220 2 0 17,60 "220";
221 2 1 146,247 "221";
222 0 1 11,265 "222";
223 0 0 176,274 "223";
224 0 1 36,203 "224";
225 0 1 117,173 "225";
226 2 0 29,131 "226";
227 1 1 186,264 "227";
228 2 1 14,61 "228";
229 1 0 54,259 "229";
230 0 0 181,197 "230";
231 0 1 109,177 "231";
232 2 1 203,276 "232";
233 2 1 38,274 "233";
234 0 1 128,151 "234";
235 2 0 176,265 "235";
236 2 1 77,86 "236";
237 2 0 68,241 "237";
238 1 1 25,107 "238";
239 1 1 82,106 "239";
240 2 1 0,179 "240";
241 2 0 170,242 "241";
242 2 0 49,195 "242";
243 0 1 135,139 "243";
244 2 1 38,64 "244";
245 2 0 110,234 "245";
246 0 0 104,151 "246";
247 2 1 51,219 "247";
248 2 1 229,281 "248";
249 1 1 62,242 "249";
250 0 1 199,225 "250";
251 1 1 189,242 "251";
252 1 1 79,141 "252";
253 2 1 205,269 "253";
254 2 1 113,135 "254";
255 2 0 180,205 "255";
256 2 0 87,254 "256";
257 0 0 85,109 "257";
258 0 1 130,224 "258";
259 2 1 34,231 "259";
260 0 1 150,249 "260";
261 0 0 96,241 "261";
262 1 0 16,73 "262";
263 0 0 4,226 "263";
264 1 1 78,208 "264";
265 0 1 58,248 "265";
266 2 0 111,249 "266";
267 1 1 6,83 "267";
268 1 1 203,226 "268";
269 0 1 121,214 "269";
270 1 0 25,150 "270";
271 0 0 208,247 "271";
272 0 0 3,153 "272";
273 1 0 230,234 "273";
274 0 0 221,247 "274";
275 2 1 45,232 "275";
276 1 1 113,127 "276";
277 1 0 29,212 "277";
278 0 1 159,238 "278";
279 2 1 111,151 "279";
280 1 0 224,231 "280";
281 0 1 199,257 "281";
282 2 1 51,190 "282";
283 1 1 32,248 "283";
284 1 0 188,222 "284";
