parity 279;
0 1 1 25,58 "0";
1 0 0 158,208 "1";
2 1 0 85,122 "2";
3 2 1 112,187 "3";
4 1 1 148,193 "4";
5 2 0 133,167 "5";
6 1 1 116,207 "6";
7 1 0 48,71 "7";
8 2 1 64,76 "8";
9 2 1 132,207 "9";
10 0 0 95,267 "10";
11 0 1 125,191 "11";
12 1 1 44,270 "12";
13 0 1 256,263 "13";
14 0 0 1,105 "14";
15 0 0 45,139 "15";
16 2 1 186,228 "16";
17 0 0 41,53 "17";
18 0 1 60,152 "18";
19 1 0 135,233 "19";
20 1 0 24,32 "20";
21 0 0 40,220 "21";
22 0 1 15,192 "22";
23 0 0 84,144 "23";
24 2 0 32,135 "24";
25 0 0 49,265 "25";
26 1 0 93,163 "26";
27 0 1 145,267 "27";
28 2 0 22,162 "28";
29 2 0 17,212 "29";
30 0 1 166,270 "30";
31 0 0 104,111 "31";
32 2 1 33,137 "32";
33 0 0 57,149 "33";
34 0 0 106,119 "34";
35 2 1 160,165 "35";
36 0 1 39,115 "36";
37 1 1 196,266 "37";
38 0 1 187,218 "38";
39 0 0 124,237 "39";
40 2 1 135,217 "40";
41 1 0 93,146 "41";
42 1 0 216,224 "42";
43 2 1 159,229 "43";
44 2 0 55,60 "44";
45 2 1 1,158 "45";
46 1 1 97,232 "46";
47 2 1 131,217 "47";
48 2 1 17,252 "48";
49 2 0 97,218 "49";
50 0 0 178,253 "50";
51 1 1 131,231 "51";
52 1 0 64,98 "52";
53 1 0 160,275 "53";
54 0 0 15,83 "54";
55 0 0 266,276 "55";
56 0 0 84,131 "56";
57 1 0 42,123 "57";
58 0 1 9,265 "58";
59 2 0 107,172 "59";
60 2 1 24,179 "60";
61 0 0 147,166 "61";
62 1 0 34,190 "62";
63 2 0 17,34 "63";
64 0 1 221,240 "64";
65 2 0 15,187 "65";
66 0 1 115,163 "66";
67 0 0 44,93 "67";
68 0 0 46,142 "68";
69 1 0 9,27 "69";
70 1 0 20,144 "70";
71 1 0 8,53 "71";
72 2 0 47,222 "72";
73 2 1 79,269 "73";
74 2 0 165,175 "74";
75 2 1 83,249 "75";
76 1 0 21,118 "76";
77 1 1 53,168 "77";
78 0 1 33,184 "78";
79 1 0 35,51 "79";
80 1 1 191,221 "80";
81 2 1 40,94 "81";
82 2 1 40,126 "82";
83 2 0 133,196 "83";
84 2 0 76,169 "84";
85 2 1 39,58 "85";
86 2 1 4,54 "86";
87 2 0 203,209 "87";
88 1 1 7,208 "88";
89 1 1 114,167 "89";
90 2 0 203,267 "90";
91 1 0 15,64 "91";
92 1 1 94,211 "92";
93 1 0 56,144 "93";
94 0 0 17,34 "94";
95 2 1 5,110 "95";
96 1 1 26,191 "96";
97 2 0 2,20 "97";
98 1 1 79,140 "98";
99 1 1 78,174 "99";
100 1 0 68,200 "100";
101 0 1 127,200 "101";
102 2 0 170,254 "102";
103 2 0 95,139 "103";
104 2 0 15,38 "104";
105 1 0 171,191 "105";
106 2 1 73,77 "106";
107 1 1 40,153 "107";
108 2 0 4,272 "108";
109 0 0 186,277 "109";
110 2 0 93,178 "110";
111 0 1 98,186 "111";
112 1 0 124,204 "112";
113 0 0 81,127 "113";
114 1 0 180,183 "114";
115 0 1 38,39 "115";
116 2 1 23,183 "116";
117 0 1 147,267 "117";
118 0 1 147,165 "118";
119 0 1 85,203 "119";
120 0 1 130,272 "120";
121 2 0 226,239 "121";
122 2 0 89,209 "122";
123 1 1 76,166 "123";
124 2 1 87,163 "124";
125 2 1 2,105 "125";
126 2 1 94,263 "126";
127 0 0 141,250 "127";
128 1 0 171,216 "128";
129 2 1 42,241 "129";
130 0 0 62,160 "130";
131 2 1 244,274 "131";
132 1 1 41,145 "132";
133 2 0 178,211 "133";
134 1 1 189,196 "134";
135 2 0 129,260 "135";
136 0 1 13,79 "136";
137 0 1 227,262 "137";
138 2 1 52,100 "138";
139 0 1 101,175 "139";
140 2 1 150,209 "140";
141 1 1 39,43 "141";
142 2 1 7,198 "142";
143 0 1 117,227 "143";
144 0 1 45,157 "144";
145 2 0 89,117 "145";
146 0 1 82,154 "146";
147 0 1 86,213 "147";
148 1 0 41,145 "148";
149 1 0 46,124 "149";
150 1 0 72,111 "150";
151 1 0 81,258 "151";
152 1 1 219,256 "152";
153 1 0 93,205 "153";
154 1 1 159,213 "154";
155 1 1 58,170 "155";
156 0 0 200,257 "156";
157 1 0 30,131 "157";
158 0 1 188,274 "158";
159 0 1 164,246 "159";
160 2 0 163,259 "160";
161 1 0 195,226 "161";
162 0 1 58,212 "162";
163 1 1 12,65 "163";
164 2 1 182,210 "164";
165 2 0 219,266 "165";
166 0 0 1,147 "166";
167 1 0 79,211 "167";
168 0 0 154,157 "168";
169 1 1 21,201 "169";
170 0 0 188,193 "170";
171 2 0 59,212 "171";
172 0 0 226,251 "172";
173 0 0 54,233 "173";
174 2 1 146,220 "174";
175 0 0 18,44 "175";
176 0 1 162,227 "176";
177 2 1 97,173 "177";
178 1 1 177,182 "178";
179 0 1 26,204 "179";
180 0 1 63,68 "180";
181 2 0 57,232 "181";
182 1 1 222,256 "182";
183 0 0 44,99 "183";
184 1 0 130,216 "184";
185 1 1 78,238 "185";
186 1 1 81,133 "186";
187 1 1 4,20 "187";
188 2 0 243,251 "188";
189 2 1 0,114 "189";
190 1 1 140,242 "190";
191 2 1 68,241 "191";
192 2 1 34,179 "192";
193 2 1 241,255 "193";
194 1 0 15,140 "194";
195 1 0 3,245 "195";
196 1 1 98,219 "196";
197 2 0 110,150 "197";
198 1 1 38,185 "198";
199 1 0 207,219 "199";
200 0 0 214,235 "200";
201 2 0 59,255 "201";
202 0 1 160,274 "202";
203 2 0 10,131 "203";
204 1 1 4,242 "204";
205 2 1 37,94 "205";
206 2 1 84,179 "206";
207 0 0 81,168 "207";
208 1 0 125,210 "208";
209 2 1 114,264 "209";
210 0 0 37,48 "210";
211 0 1 48,236 "211";
212 2 0 86,239 "212";
213 0 0 55,76 "213";
214 1 1 165,220 "214";
215 1 1 76,109 "215";
216 2 0 84,199 "216";
217 1 1 182,230 "217";
218 1 1 254,264 "218";
219 0 1 214,276 "219";
220 0 1 149,160 "220";
221 0 0 145,233 "221";
222 2 1 180,248 "222";
223 2 0 154,237 "223";
224 0 1 59,248 "224";
225 1 1 8,250 "225";
226 0 0 51,200 "226";
227 2 1 40,132 "227";
228 0 1 32,225 "228";
229 2 0 202,224 "229";
230 1 0 43,244 "230";
231 2 1 107,253 "231";
232 1 1 160,175 "232";
233 1 0 8,272 "233";
234 0 0 212,269 "234";
235 1 0 77,148 "235";
236 2 1 42,108 "236";
237 0 1 156,254 "237";
238 0 1 20,28 "238";
239 1 1 32,54 "239";
240 0 1 157,259 "240";
241 1 1 160,206 "241";
242 1 0 15,163 "242";
243 2 1 132,200 "243";
244 2 1 28,164 "244";
245 0 0 136,260 "245";
246 2 1 56,251 "246";
247 0 0 83,248 "247";
248 0 0 89,137 "248";
249 2 1 136,227 "249";
250 1 1 195,268 "250";
251 2 1 90,138 "251";
252 2 1 49,272 "252";
253 1 1 77,193 "253";
254 2 1 14,38 "254";
255 1 1 226,260 "255";
256 0 1 218,265 "256";
257 2 0 87,147 "257";
258 2 0 226,240 "258";
259 2 1 144,192 "259";
260 2 0 1,57 "260";
261 2 1 55,238 "261";
262 1 1 122,177 "262";
263 2 1 149,174 "263";
264 2 1 11,39 "264";
265 0 1 228,233 "265";
266 2 1 197,260 "266";
267 1 0 29,275 "267";
268 2 0 138,261 "268";
269 1 1 97,131 "269";
270 1 1 51,156 "270";
271 1 0 10,25 "271";
272 0 0 156,188 "272";
273 0 0 10,246 "273";
274 0 1 13,156 "274";
275 1 0 86,263 "275";
276 1 0 21,96 "276";
277 2 1 5,179 "277";
278 1 0 85,183 "278";
279 2 1 10,149 "279";
