parity 264;
0 2 1 99,147 "0";
1 0 1 36,62 "1";
2 1 1 29,117 "2";
3 0 1 25,248 "3";
4 2 0 63,222 "4";
5 0 1 48,58 "5";
6 2 1 188,225 "6";
7 0 1 102,212 "7";
8 1 1 18,34 "8";
9 2 1 18,75 "9";
10 2 0 166,192 "10";
11 2 1 109,147 "11";
12 2 1 18,109 "12";
13 2 1 104,240 "13";
14 1 0 116,140 "14";
15 2 0 203,209 "15";
16 2 0 86,248 "16";
17 2 0 118,193 "17";
18 1 1 99,120 "18";
19 2 0 197,245 "19";
20 1 0 22,190 "20";
21 0 1 110,112 "21";
22 2 0 48,232 "22";
23 2 1 158,226 "23";
24 2 1 197,209 "24";
25 2 1 45,196 "25";
26 2 0 224,246 "26";
27 0 0 170,218 "27";
28 1 1 120,240 "28";
29 2 0 136,225 "29";
30 0 0 35,49 "30";
31 1 0 192,234 "31";
32 0 1 31,215 "32";
33 1 0 204,261 "33";
34 1 1 116,205 "34";
35 2 1 49,158 "35";
36 1 0 89,188 "36";
37 0 1 11,172 "37";
38 2 0 80,249 "38";
39 0 0 38,260 "39";
40 0 1 111,201 "40";
41 2 1 96,119 "41";
42 1 1 15,99 "42";
43 0 0 162,245 "43";
44 0 0 98,200 "44";
45 2 1 19,200 "45";
46 2 0 129,217 "46";
47 2 0 201,207 "47";
48 2 0 109,156 "48";
49 2 0 146,179 "49";
50 1 1 4,260 "50";
51 2 0 93,254 "51";
52 2 1 84,199 "52";
53 0 1 57,77 "53";
54 1 1 20,136 "54";
55 0 1 236,245 "55";
56 2 0 63,231 "56";
57 0 0 168,235 "57";
58 2 1 21,141 "58";
59 2 1 60,166 "59";
60 0 1 166,194 "60";
61 1 0 74,240 "61";
62 2 0 120,220 "62";
63 1 1 177,258 "63";
64 2 0 97,162 "64";
65 1 1 53,62 "65";
66 1 1 24,183 "66";
67 2 0 51,260 "67";
68 2 1 6,24 "68";
69 2 0 133,170 "69";
70 2 1 185,211 "70";
71 0 0 68,88 "71";
72 1 0 157,213 "72";
73 2 0 80,131 "73";
74 1 1 18,43 "74";
75 0 0 125,218 "75";
76 0 0 43,264 "76";
77 1 1 93,202 "77";
78 2 0 58,208 "78";
79 1 1 103,138 "79";
80 0 1 10,222 "80";
81 0 1 138,186 "81";
82 0 0 39,131 "82";
83 2 0 57,218 "83";
84 1 0 188,200 "84";
85 2 1 21,180 "85";
86 0 0 23,82 "86";
87 0 1 43,208 "87";
88 0 1 65,256 "88";
89 1 1 0,115 "89";
90 2 1 161,192 "90";
91 1 0 31,151 "91";
92 1 0 20,227 "92";
93 1 0 72,241 "93";
94 2 0 18,262 "94";
95 1 1 63,162 "95";
96 2 0 106,242 "96";
97 2 1 90,170 "97";
98 0 0 129,132 "98";
99 0 1 20,232 "99";
100 0 0 121,205 "100";
101 2 0 83,245 "101";
102 1 1 8,37 "102";
103 1 1 114,190 "103";
104 1 1 62,99 "104";
105 2 0 162,183 "105";
106 0 1 100,223 "106";
107 0 0 114,210 "107";
108 2 1 16,251 "108";
109 0 0 108,243 "109";
110 1 0 65,192 "110";
111 2 1 134,163 "111";
112 0 0 134,166 "112";
113 1 0 59,246 "113";
114 0 1 156,206 "114";
115 1 0 171,260 "115";
116 2 1 212,249 "116";
117 0 1 13,94 "117";
118 0 1 78,187 "118";
119 1 0 45,233 "119";
120 1 0 191,258 "120";
121 0 1 140,185 "121";
122 1 1 5,186 "122";
123 1 0 0,179 "123";
124 2 1 26,259 "124";
125 1 1 32,254 "125";
126 1 1 112,222 "126";
127 2 1 87,246 "127";
128 0 0 54,139 "128";
129 1 1 11,203 "129";
130 0 1 39,78 "130";
131 0 1 246,248 "131";
132 2 1 156,184 "132";
133 0 1 238,251 "133";
134 2 1 34,92 "134";
135 1 1 37,193 "135";
136 0 0 63,234 "136";
137 2 0 23,64 "137";
138 0 1 129,187 "138";
139 0 0 77,112 "139";
140 2 0 236,247 "140";
141 1 0 90,223 "141";
142 2 1 169,258 "142";
143 0 1 153,180 "143";
144 0 0 31,79 "144";
145 2 1 28,67 "145";
146 2 0 114,143 "146";
147 0 0 165,192 "147";
148 2 0 128,181 "148";
149 2 0 18,251 "149";
150 2 0 49,252 "150";
151 2 0 26,163 "151";
152 0 1 205,210 "152";
153 2 0 69,182 "153";
154 2 0 43,242 "154";
155 2 0 140,183 "155";
156 2 0 15,139 "156";
157 1 0 65,170 "157";
158 2 1 65,260 "158";
159 0 1 96,130 "159";
160 1 0 118,251 "160";
161 2 1 44,232 "161";
162 1 0 11,37 "162";
163 1 1 129,240 "163";
164 2 1 106,135 "164";
165 1 0 32,174 "165";
166 2 1 126,200 "166";
167 2 0 91,184 "167";
168 1 1 104,181 "168";
169 2 0 234,238 "169";
170 0 0 2,63 "170";
171 1 0 17,151 "171";
172 2 0 25,50 "172";
173 0 1 124,252 "173";
174 1 1 143,235 "174";
175 2 0 154,232 "175";
176 1 1 34,116 "176";
177 2 1 91,144 "177";
178 1 1 188,233 "178";
179 0 1 163,213 "179";
180 1 1 113,203 "180";
181 0 1 76,142 "181";
182 1 0 62,126 "182";
183 1 1 44,241 "183";
184 1 0 34,213 "184";
185 1 0 181,244 "185";
186 1 0 25,29 "186";
187 1 1 35,133 "187";
188 0 0 65,216 "188";
189 2 0 135,192 "189";
190 0 1 111,260 "190";
191 1 1 13,217 "191";
192 0 0 101,177 "192";
193 0 1 143,259 "193";
194 2 0 41,191 "194";
195 0 1 91,226 "195";
196 2 1 36,93 "196";
197 1 0 41,219 "197";
198 0 0 150,213 "198";
199 2 1 209,244 "199";
200 0 1 36,78 "200";
201 0 1 11,63 "201";
202 1 0 8,45 "202";
203 2 1 178,250 "203";
204 1 0 144,183 "204";
205 1 0 169,183 "205";
206 2 1 11,39 "206";
207 2 0 24,171 "207";
208 2 0 169,173 "208";
209 1 1 56,238 "209";
210 2 1 14,252 "210";
211 2 0 116,220 "211";
212 1 1 73,78 "212";
213 2 1 44,192 "213";
214 2 1 207,232 "214";
215 2 0 117,196 "215";
216 0 1 1,44 "216";
217 1 0 14,214 "217";
218 2 1 107,242 "218";
219 2 1 19,77 "219";
220 2 0 49,147 "220";
221 2 0 177,183 "221";
222 2 0 79,197 "222";
223 0 1 146,189 "223";
224 0 1 168,171 "224";
225 0 0 14,228 "225";
226 1 1 26,138 "226";
227 0 1 22,81 "227";
228 1 1 31,211 "228";
229 0 0 32,158 "229";
230 0 0 74,107 "230";
231 0 1 20,42 "231";
232 0 0 56,252 "232";
233 1 1 101,133 "233";
234 1 0 26,178 "234";
235 0 1 62,177 "235";
236 0 1 160,238 "236";
237 0 1 19,191 "237";
238 0 0 14,68 "238";
239 0 0 79,93 "239";
240 1 0 81,182 "240";
241 2 1 141,143 "241";
242 2 0 169,258 "242";
243 1 0 198,247 "243";
244 0 1 201,239 "244";
245 1 1 51,130 "245";
246 0 0 3,141 "246";
247 2 1 38,51 "247";
248 1 0 96,122 "248";
249 0 1 54,173 "249";
250 0 1 23,141 "250";
251 2 1 92,222 "251";
252 2 1 19,125 "252";
253 1 1 43,198 "253";
254 1 1 56,67 "254";
255 1 1 29,244 "255";
256 2 1 12,95 "256";
257 1 0 213,225 "257";
258 1 0 22,133 "258";
259 2 1 111,154 "259";
260 0 0 18,99 "260";
261 1 0 31,244 "261";
262 2 1 47,187 "262";
263 2 0 100,233 "263";
264 0 1 91,176 "264";
