parity 204;
0 0 1 108,156 "0";
1 1 1 42,67 "1";
2 0 1 115,132 "2";
3 2 0 11,23 "3";
4 0 1 38,177 "4";
5 1 1 171,188 "5";
6 2 1 128,133 "6";
7 2 0 65,182 "7";
8 0 1 90,192 "8";
9 1 1 170,193 "9";
10 0 1 28,61 "10";
11 1 1 122,201 "11";
12 2 0 49,168 "12";
13 2 1 51,76 "13";
14 0 0 57,202 "14";
15 1 0 107,165 "15";
16 1 0 93,95 "16";
17 1 0 128,196 "17";
18 0 0 57,145 "18";
19 2 1 20,193 "19";
20 0 0 106,141 "20";
21 0 1 68,167 "21";
22 0 0 50,95 "22";
23 2 1 40,174 "23";
24 2 1 131,143 "24";
25 2 0 69,83 "25";
26 0 0 107,184 "26";
27 1 1 95,162 "27";
28 1 0 43,58 "28";
29 1 1 84,197 "29";
30 1 1 97,162 "30";
31 2 1 125,188 "31";
32 2 0 78,153 "32";
33 2 0 68,200 "33";
34 0 1 156,166 "34";
35 1 1 10,112 "35";
36 1 1 45,86 "36";
37 1 0 175,188 "37";
38 2 1 34,152 "38";
39 1 1 52,77 "39";
40 1 0 27,87 "40";
41 2 0 68,91 "41";
42 1 1 68,151 "42";
43 1 1 2,36 "43";
44 2 0 63,99 "44";
45 2 0 36,137 "45";
46 2 0 95,180 "46";
47 2 1 26,135 "47";
48 0 1 133,202 "48";
49 2 0 125,154 "49";
50 0 1 194,198 "50";
51 2 0 65,164 "51";
52 0 1 146,163 "52";
53 2 1 24,178 "53";
54 0 1 31,204 "54";
55 0 1 102,160 "55";
56 1 1 26,71 "56";
57 0 0 39,60 "57";
58 2 0 18,160 "58";
59 2 0 35,158 "59";
60 0 0 177,185 "60";
61 0 1 31,139 "61";
62 1 1 28,90 "62";
63 1 1 80,101 "63";
64 0 0 109,196 "64";
65 1 0 62,119 "65";
66 2 1 75,131 "66";
67 1 1 27,44 "67";
68 2 0 90,129 "68";
69 2 1 103,119 "69";
70 2 1 55,146 "70";
71 1 1 42,74 "71";
72 1 1 30,41 "72";
73 2 1 55,193 "73";
74 1 0 99,190 "74";
75 1 1 177,183 "75";
76 2 1 52,86 "76";
77 1 1 26,196 "77";
78 1 0 157,174 "78";
79 2 1 70,200 "79";
80 2 0 96,146 "80";
81 0 0 2,138 "81";
82 1 1 69,128 "82";
83 2 1 31,71 "83";
84 2 1 108,168 "84";
85 2 0 55,105 "85";
86 0 0 138,202 "86";
87 0 1 68,82 "87";
88 1 1 16,97 "88";
89 1 1 107,180 "89";
90 0 0 47,163 "90";
91 1 0 84,200 "91";
92 1 0 140,199 "92";
93 2 1 4,147 "93";
94 1 0 46,132 "94";
95 2 1 82,146 "95";
96 1 1 83,104 "96";
97 0 1 30,166 "97";
98 1 0 62,177 "98";
99 1 0 37,140 "99";
100 2 1 32,174 "100";
101 1 1 156,187 "101";
102 2 0 8,163 "102";
103 1 0 111,171 "103";
104 1 0 180,192 "104";
105 1 0 45,66 "105";
106 1 1 135,149 "106";
107 1 0 138,192 "107";
108 2 1 112,174 "108";
109 1 1 52,191 "109";
110 1 1 23,108 "110";
111 0 1 1,162 "111";
112 2 1 9,119 "112";
113 0 0 28,61 "113";
114 2 0 56,78 "114";
115 2 0 45,62 "115";
116 1 0 29,173 "116";
117 0 1 87,137 "117";
118 2 0 17,136 "118";
119 2 1 112,154 "119";
120 2 1 108,196 "120";
121 0 1 48,170 "121";
122 2 0 36,191 "122";
123 2 0 96,163 "123";
124 2 0 45,99 "124";
125 1 1 91,110 "125";
126 1 1 119,162 "126";
127 1 1 38,138 "127";
128 1 0 8,173 "128";
129 2 0 65,177 "129";
130 1 0 7,74 "130";
131 2 0 193,201 "131";
132 1 0 5,119 "132";
133 0 1 24,176 "133";
134 2 1 41,189 "134";
135 0 0 4,195 "135";
136 1 1 16,184 "136";
137 2 0 86,193 "137";
138 0 0 51,188 "138";
139 0 1 22,115 "139";
140 1 0 13,69 "140";
141 2 0 94,170 "141";
142 0 0 95,118 "142";
143 0 0 32,92 "143";
144 2 1 64,91 "144";
145 0 0 25,99 "145";
146 1 0 141,199 "146";
147 2 1 33,149 "147";
148 0 0 105,191 "148";
149 0 0 143,168 "149";
150 1 0 109,171 "150";
151 0 0 121,129 "151";
152 2 1 55,173 "152";
153 0 1 8,159 "153";
154 1 1 161,172 "154";
155 0 1 8,31 "155";
156 1 1 87,138 "156";
157 2 1 132,150 "157";
158 1 0 82,83 "158";
159 2 0 142,196 "159";
160 1 0 133,180 "160";
161 0 0 166,179 "161";
162 1 0 49,139 "162";
163 0 1 58,101 "163";
164 0 0 90,201 "164";
165 0 0 31,151 "165";
166 0 0 88,201 "166";
167 1 1 49,54 "167";
168 1 1 121,200 "168";
169 2 1 20,195 "169";
170 1 0 18,82 "170";
171 2 1 55,164 "171";
172 1 1 53,197 "172";
173 2 0 63,193 "173";
174 2 0 101,180 "174";
175 1 0 80,97 "175";
176 0 1 112,127 "176";
177 2 1 23,33 "177";
178 0 1 124,141 "178";
179 2 1 58,74 "179";
180 0 1 20,79 "180";
181 2 1 46,115 "181";
182 2 0 86,94 "182";
183 0 1 74,86 "183";
184 2 1 128,186 "184";
185 2 1 60,175 "185";
186 1 1 164,184 "186";
187 2 0 158,179 "187";
188 2 0 116,175 "188";
189 1 0 135,200 "189";
190 0 1 122,132 "190";
191 1 1 18,164 "191";
192 1 1 131,159 "192";
193 1 0 34,145 "193";
194 2 1 66,140 "194";
195 1 1 38,61 "195";
196 0 0 47,186 "196";
197 0 0 23,164 "197";
198 0 0 97,170 "198";
199 1 1 101,151 "199";
200 0 0 12,145 "200";
201 1 0 24,161 "201";
202 2 1 65,185 "202";
203 2 0 96,119 "203";
204 1 0 38,131 "204";
