parity 229;
0 1 1 82,165 "0";
1 1 1 161,202 "1";
2 2 1 92,209 "2";
3 0 1 38,63 "3";
4 0 0 84,155 "4";
5 1 0 6,88 "5";
6 0 0 86,191 "6";
7 0 0 123,211 "7";
8 2 1 158,220 "8";
9 0 1 44,124 "9";
10 1 1 132,139 "10";
11 2 0 157,169 "11";
12 2 0 66,139 "12";
13 2 0 55,103 "13";
14 0 0 52,68 "14";
15 2 0 135,212 "15";
16 1 1 86,138 "16";
17 1 1 63,127 "17";
18 2 1 22,120 "18";
19 1 0 4,213 "19";
20 1 0 175,190 "20";
21 2 1 120,182 "21";
22 0 0 25,139 "22";
23 0 1 62,129 "23";
24 0 0 60,132 "24";
25 1 1 56,105 "25";
26 0 0 29,90 "26";
27 2 0 97,191 "27";
28 2 1 39,44 "28";
29 1 0 188,201 "29";
30 0 0 43,198 "30";
31 0 1 72,126 "31";
32 1 1 128,157 "32";
33 1 0 185,223 "33";
34 1 1 143,175 "34";
35 1 1 96,111 "35";
36 0 1 31,225 "36";
37 2 1 125,214 "37";
38 2 1 175,225 "38";
39 1 0 44,228 "39";
40 2 1 46,111 "40";
41 2 1 138,202 "41";
42 1 0 75,104 "42";
43 1 1 52,226 "43";
44 1 1 115,169 "44";
45 1 1 95,218 "45";
46 1 0 18,156 "46";
47 0 0 3,63 "47";
48 2 1 95,224 "48";
49 0 0 183,221 "49";
50 0 1 121,148 "50";
51 1 1 153,213 "51";
52 2 1 164,188 "52";
53 0 1 144,149 "53";
54 0 1 22,55 "54";
55 0 0 38,123 "55";
56 2 1 143,160 "56";
57 0 1 84,88 "57";
58 0 1 150,199 "58";
59 1 0 13,24 "59";
60 2 1 13,214 "60";
61 2 0 7,160 "61";
62 0 1 5,151 "62";
63 2 1 18,93 "63";
64 2 0 52,66 "64";
65 0 0 78,86 "65";
66 1 1 114,206 "66";
67 0 1 150,211 "67";
68 0 0 92,166 "68";
69 2 1 68,72 "69";
70 2 0 74,122 "70";
71 1 1 9,92 "71";
72 1 1 135,203 "72";
73 0 0 55,140 "73";
74 2 0 96,192 "74";
75 1 0 135,204 "75";
76 1 1 32,206 "76";
77 2 1 104,124 "77";
78 0 1 37,124 "78";
79 0 0 147,166 "79";
80 2 1 164,198 "80";
81 2 0 55,110 "81";
82 1 1 40,132 "82";
83 0 1 17,126 "83";
84 2 0 107,177 "84";
85 1 0 127,133 "85";
86 0 1 0,112 "86";
87 0 0 84,137 "87";
88 2 1 171,198 "88";
89 1 0 26,174 "89";
90 0 1 32,71 "90";
91 0 1 74,142 "91";
92 2 0 55,189 "92";
93 2 1 45,221 "93";
94 1 1 169,215 "94";
95 2 0 43,121 "95";
96 1 0 42,206 "96";
97 2 1 30,117 "97";
98 0 1 51,89 "98";
99 2 0 162,184 "99";
100 1 1 163,196 "100";
101 1 0 75,90 "101";
102 2 1 61,118 "102";
103 1 0 27,172 "103";
104 0 0 142,144 "104";
105 0 0 176,206 "105";
106 1 0 18,54 "106";
107 2 1 5,66 "107";
108 0 1 91,119 "108";
109 1 1 78,226 "109";
110 2 1 75,164 "110";
111 2 0 114,172 "111";
112 0 1 64,102 "112";
113 1 0 84,131 "113";
114 1 1 59,206 "114";
115 0 0 122,139 "115";
116 0 1 109,171 "116";
117 1 0 34,168 "117";
118 2 0 22,139 "118";
119 0 0 9,185 "119";
120 1 0 54,84 "120";
121 1 0 182,198 "121";
122 0 1 119,163 "122";
123 1 1 109,145 "123";
124 1 1 39,161 "124";
125 1 0 76,146 "125";
126 1 0 103,222 "126";
127 0 1 62,134 "127";
128 1 1 20,108 "128";
129 2 1 26,33 "129";
130 0 1 214,224 "130";
131 1 0 179,208 "131";
132 2 0 79,147 "132";
133 1 1 23,110 "133";
134 0 0 164,198 "134";
135 0 1 51,193 "135";
136 1 0 61,137 "136";
137 0 0 136,172 "137";
138 2 0 71,217 "138";
139 2 0 217,218 "139";
140 1 0 2,96 "140";
141 2 0 45,113 "141";
142 1 1 56,122 "142";
143 2 0 97,225 "143";
144 2 0 102,132 "144";
145 1 0 123,161 "145";
146 2 1 1,67 "146";
147 2 1 120,175 "147";
148 0 1 6,185 "148";
149 2 1 84,108 "149";
150 2 0 18,128 "150";
151 2 1 43,134 "151";
152 0 0 54,88 "152";
153 0 0 21,56 "153";
154 0 0 114,180 "154";
155 1 0 208,211 "155";
156 1 1 130,187 "156";
157 0 0 93,110 "157";
158 2 1 32,82 "158";
159 1 0 61,151 "159";
160 0 1 120,208 "160";
161 1 1 15,107 "161";
162 1 0 35,123 "162";
163 1 1 42,156 "163";
164 2 0 61,103 "164";
165 1 1 55,101 "165";
166 1 0 101,119 "166";
167 0 1 130,202 "167";
168 1 1 11,55 "168";
169 1 0 82,95 "169";
170 1 0 94,123 "170";
171 1 1 33,49 "171";
172 2 0 81,226 "172";
173 0 0 128,175 "173";
174 1 0 194,211 "174";
175 2 0 71,198 "175";
176 0 1 132,204 "176";
177 1 1 157,164 "177";
178 0 1 41,62 "178";
179 2 0 33,140 "179";
180 1 1 47,226 "180";
181 1 0 61,203 "181";
182 2 1 166,174 "182";
183 0 1 114,168 "183";
184 0 1 146,216 "184";
185 0 1 22,59 "185";
186 1 1 201,206 "186";
187 1 0 35,153 "187";
188 2 0 103,129 "188";
189 1 0 143,176 "189";
190 1 0 35,58 "190";
191 1 1 113,199 "191";
192 2 0 37,178 "192";
193 1 0 97,101 "193";
194 1 0 75,95 "194";
195 2 0 129,164 "195";
196 1 0 57,109 "196";
197 1 0 135,170 "197";
198 0 1 79,81 "198";
199 0 1 204,222 "199";
200 2 1 49,206 "200";
201 0 1 0,80 "201";
202 1 0 108,223 "202";
203 0 1 92,110 "203";
204 2 0 47,185 "204";
205 1 1 72,76 "205";
206 2 1 113,140 "206";
207 2 0 83,145 "207";
208 2 1 49,147 "208";
209 0 1 123,198 "209";
210 1 1 0,23 "210";
211 0 0 121,226 "211";
212 0 0 139,188 "212";
213 1 0 84,180 "213";
214 2 0 18,76 "214";
215 1 1 49,80 "215";
216 1 1 75,189 "216";
217 0 0 109,229 "217";
218 2 1 32,112 "218";
219 0 1 8,171 "219";
220 0 1 44,152 "220";
221 2 0 71,228 "221";
222 1 1 89,113 "222";
223 2 1 45,139 "223";
224 1 1 116,128 "224";
225 1 0 196,223 "225";
226 0 1 2,157 "226";
227 1 0 81,136 "227";
228 2 1 208,222 "228";
229 2 1 156,205 "229";
