parity 239;
0 1 0 12,136 "0";
1 1 1 46,89 "1";
2 0 1 134,190 "2";
3 1 1 74,127 "3";
4 2 1 117,150 "4";
5 2 1 39,80 "5";
6 0 1 156,169 "6";
7 2 0 57,97 "7";
8 2 0 69,97 "8";
9 0 0 220,234 "9";
10 0 1 149,229 "10";
11 1 0 109,208 "11";
12 0 0 82,192 "12";
13 2 0 190,218 "13";
14 2 0 194,204 "14";
15 0 0 143,155 "15";
16 2 0 55,228 "16";
17 0 1 60,222 "17";
18 2 0 140,178 "18";
19 1 1 9,79 "19";
20 1 1 61,121 "20";
21 0 1 79,98 "21";
22 2 0 15,164 "22";
23 2 1 173,226 "23";
24 1 0 27,151 "24";
25 0 1 123,208 "25";
26 1 1 203,212 "26";
27 1 0 20,227 "27";
28 1 1 62,76 "28";
29 2 0 99,190 "29";
30 0 1 35,96 "30";
31 2 1 3,164 "31";
32 2 1 51,71 "32";
33 0 0 150,192 "33";
34 1 1 170,200 "34";
35 1 0 174,216 "35";
36 1 1 103,178 "36";
37 1 0 60,64 "37";
38 2 0 25,35 "38";
39 2 0 35,202 "39";
40 2 1 59,162 "40";
41 2 1 29,36 "41";
42 0 1 106,143 "42";
43 0 1 46,81 "43";
44 0 1 157,185 "44";
45 0 1 85,142 "45";
46 2 0 12,74 "46";
47 1 0 52,213 "47";
48 1 1 103,205 "48";
49 0 1 40,118 "49";
50 2 1 119,219 "50";
51 0 1 79,88 "51";
52 1 1 151,217 "52";
53 1 0 87,94 "53";
54 0 0 109,149 "54";
55 0 1 54,63 "55";
56 2 1 120,142 "56";
57 1 0 26,160 "57";
58 0 1 60,75 "58";
59 1 1 22,227 "59";
60 0 0 85,196 "60";
61 1 0 81,110 "61";
62 2 0 124,156 "62";
63 0 1 178,220 "63";
64 0 1 48,167 "64";
65 2 1 22,107 "65";
66 2 1 83,193 "66";
67 1 1 15,137 "67";
68 1 0 34,44 "68";
69 1 0 39,91 "69";
70 0 0 35,184 "70";
71 2 1 42,175 "71";
72 1 1 87,192 "72";
73 2 1 92,107 "73";
74 2 0 8,213 "74";
75 1 0 68,192 "75";
76 2 0 49,225 "76";
77 2 1 62,197 "77";
78 0 1 101,223 "78";
79 1 1 135,178 "79";
80 0 1 210,223 "80";
81 2 0 39,49 "81";
82 2 0 27,118 "82";
83 0 1 84,218 "83";
84 2 0 35,207 "84";
85 2 0 86,135 "85";
86 1 1 11,163 "86";
87 0 1 33,207 "87";
88 2 0 31,180 "88";
89 2 0 63,201 "89";
90 0 0 94,171 "90";
91 1 0 52,196 "91";
92 2 1 50,221 "92";
93 2 1 169,195 "93";
94 0 1 115,190 "94";
95 1 1 205,211 "95";
96 2 1 12,180 "96";
97 0 1 24,54 "97";
98 1 1 14,155 "98";
99 1 0 108,135 "99";
100 0 0 150,222 "100";
101 1 0 15,77 "101";
102 2 0 0,42 "102";
103 0 0 10,42 "103";
104 1 1 83,170 "104";
105 1 0 158,181 "105";
106 1 0 64,188 "106";
107 2 1 89,195 "107";
108 2 1 94,183 "108";
109 2 1 45,56 "109";
110 2 1 55,239 "110";
111 0 1 50,91 "111";
112 0 0 31,142 "112";
113 2 1 25,100 "113";
114 0 0 186,193 "114";
115 0 0 20,65 "115";
116 1 1 117,214 "116";
117 2 0 7,238 "117";
118 2 1 88,162 "118";
119 1 0 130,178 "119";
120 1 0 109,178 "120";
121 2 1 115,195 "121";
122 2 1 83,144 "122";
123 2 0 52,149 "123";
124 2 1 49,138 "124";
125 0 1 89,131 "125";
126 1 0 106,110 "126";
127 2 0 25,230 "127";
128 0 0 17,26 "128";
129 2 0 213,230 "129";
130 1 1 27,99 "130";
131 0 1 174,203 "131";
132 0 0 61,164 "132";
133 2 0 132,231 "133";
134 0 1 173,174 "134";
135 1 1 39,94 "135";
136 0 0 123,165 "136";
137 2 1 44,211 "137";
138 0 1 55,189 "138";
139 0 0 8,123 "139";
140 2 0 78,148 "140";
141 1 0 56,186 "141";
142 0 0 86,239 "142";
143 1 0 11,33 "143";
144 1 1 115,189 "144";
145 2 1 56,233 "145";
146 2 1 53,170 "146";
147 0 0 45,197 "147";
148 1 1 131,219 "148";
149 1 1 134,186 "149";
150 1 1 59,130 "150";
151 2 0 30,76 "151";
152 1 1 46,226 "152";
153 1 1 80,219 "153";
154 0 1 83,100 "154";
155 2 1 69,157 "155";
156 0 0 96,122 "156";
157 2 0 16,84 "157";
158 1 0 27,108 "158";
159 2 0 59,85 "159";
160 2 0 5,219 "160";
161 2 0 215,216 "161";
162 1 1 154,173 "162";
163 0 0 5,178 "163";
164 2 0 75,87 "164";
165 0 0 119,187 "165";
166 1 0 74,235 "166";
167 2 0 33,198 "167";
168 1 1 38,175 "168";
169 2 0 32,151 "169";
170 1 0 134,210 "170";
171 0 1 23,101 "171";
172 2 0 179,211 "172";
173 1 0 87,130 "173";
174 0 1 215,234 "174";
175 0 0 172,180 "175";
176 0 0 7,90 "176";
177 1 0 33,92 "177";
178 1 1 33,148 "178";
179 2 0 22,196 "179";
180 0 0 16,202 "180";
181 1 0 10,115 "181";
182 1 0 43,49 "182";
183 2 1 23,238 "183";
184 2 1 1,99 "184";
185 2 1 106,146 "185";
186 0 0 19,125 "186";
187 2 0 124,205 "187";
188 1 1 81,124 "188";
189 1 1 170,213 "189";
190 1 0 87,199 "190";
191 1 0 107,186 "191";
192 1 0 96,205 "192";
193 2 1 63,168 "193";
194 0 0 21,122 "194";
195 1 1 7,11 "195";
196 1 0 104,194 "196";
197 0 1 71,88 "197";
198 2 1 114,237 "198";
199 0 0 80,225 "199";
200 2 0 14,128 "200";
201 0 1 187,209 "201";
202 1 1 44,148 "202";
203 1 1 55,228 "203";
204 2 0 9,219 "204";
205 1 0 42,105 "205";
206 2 0 18,22 "206";
207 2 1 78,212 "207";
208 2 0 51,92 "208";
209 2 1 52,176 "209";
210 0 1 25,200 "210";
211 1 0 40,168 "211";
212 1 0 87,162 "212";
213 2 1 55,235 "213";
214 0 0 79,127 "214";
215 0 0 24,155 "215";
216 0 1 177,202 "216";
217 2 1 50,237 "217";
218 1 0 101,192 "218";
219 1 1 46,54 "219";
220 2 0 114,165 "220";
221 0 1 116,225 "221";
222 2 1 6,131 "222";
223 1 1 91,212 "223";
224 1 0 8,238 "224";
225 2 0 77,133 "225";
226 0 0 80,152 "226";
227 1 0 55,133 "227";
228 1 1 3,138 "228";
229 2 1 120,129 "229";
230 0 1 44,194 "230";
231 1 0 133,192 "231";
232 1 1 117,137 "232";
233 0 0 156,199 "233";
234 1 0 15,111 "234";
235 0 0 64,149 "235";
236 0 0 23,164 "236";
237 0 1 54,150 "237";
238 0 0 74,173 "238";
239 2 1 23,96 "239";
