parity 264;
0 1 1 102,117 "0";
1 0 0 76,132 "1";
2 2 1 67,259 "2";
3 1 0 71,160 "3";
4 0 0 44,213 "4";
5 2 0 64,73 "5";
6 1 0 11,143 "6";
7 2 1 235,255 "7";
8 2 0 151,214 "8";
9 0 1 81,255 "9";
10 2 0 62,251 "10";
11 1 1 165,244 "11";
12 1 0 132,259 "12";
13 1 0 120,181 "13";
14 1 1 169,193 "14";
15 1 0 29,261 "15";
16 2 0 133,210 "16";
17 2 1 166,254 "17";
18 0 1 54,90 "18";
19 2 1 8,70 "19";
20 2 0 12,43 "20";
21 1 1 106,180 "21";
22 1 0 110,230 "22";
23 2 0 34,219 "23";
24 2 0 93,200 "24";
25 1 1 165,178 "25";
26 1 1 41,212 "26";
27 2 1 171,192 "27";
28 2 0 78,79 "28";
29 1 0 17,167 "29";
30 2 0 3,246 "30";
31 2 0 206,235 "31";
32 2 0 53,253 "32";
33 2 0 160,169 "33";
34 2 0 13,235 "34";
35 1 1 110,141 "35";
36 0 0 158,245 "36";
37 1 0 58,135 "37";
38 0 1 159,254 "38";
39 1 0 146,246 "39";
40 0 1 179,225 "40";
41 0 0 2,161 "41";
42 2 0 169,187 "42";
43 0 1 12,234 "43";
44 0 0 8,240 "44";
45 1 0 116,149 "45";
46 2 1 70,80 "46";
47 2 1 177,250 "47";
48 2 0 38,208 "48";
49 0 0 30,188 "49";
50 2 1 80,149 "50";
51 2 1 63,248 "51";
52 0 0 154,205 "52";
53 0 1 143,172 "53";
54 2 0 35,42 "54";
55 2 0 64,196 "55";
56 2 1 118,124 "56";
57 2 1 81,177 "57";
58 0 1 159,191 "58";
59 1 0 15,182 "59";
60 1 0 50,73 "60";
61 1 0 142,144 "61";
62 2 1 180,182 "62";
63 1 1 20,120 "63";
64 1 0 41,67 "64";
65 2 1 50,169 "65";
66 0 0 105,197 "66";
67 1 1 124,151 "67";
68 2 1 39,94 "68";
69 1 0 44,225 "69";
70 1 1 82,240 "70";
71 2 0 99,202 "71";
72 2 1 198,223 "72";
73 0 0 175,190 "73";
74 1 1 183,258 "74";
75 1 0 149,218 "75";
76 0 0 1,26 "76";
77 2 1 41,59 "77";
78 0 0 80,83 "78";
79 1 0 7,128 "79";
80 0 1 161,223 "80";
81 0 1 67,159 "81";
82 0 1 100,257 "82";
83 0 1 116,163 "83";
84 1 0 4,122 "84";
85 1 1 141,191 "85";
86 2 0 107,250 "86";
87 0 0 16,217 "87";
88 1 0 33,167 "88";
89 2 1 88,104 "89";
90 0 0 86,248 "90";
91 0 0 37,159 "91";
92 2 1 2,223 "92";
93 1 1 190,240 "93";
94 2 1 17,133 "94";
95 2 0 8,217 "95";
96 1 0 136,143 "96";
97 0 1 0,163 "97";
98 2 0 174,192 "98";
99 0 1 2,83 "99";
100 1 0 93,227 "100";
101 2 1 115,125 "101";
102 1 0 38,95 "102";
103 2 0 96,165 "103";
104 1 1 166,227 "104";
105 2 1 19,217 "105";
106 2 0 37,110 "106";
107 2 1 119,154 "107";
108 0 1 218,253 "108";
109 1 1 120,131 "109";
110 1 1 44,175 "110";
111 1 1 169,261 "111";
112 2 0 57,83 "112";
113 1 0 50,219 "113";
114 1 0 11,193 "114";
115 2 1 43,146 "115";
116 1 1 52,256 "116";
117 0 1 33,168 "117";
118 2 1 58,177 "118";
119 0 1 132,173 "119";
120 2 1 181,248 "120";
121 2 0 211,227 "121";
122 2 0 160,224 "122";
123 1 0 124,250 "123";
124 2 0 38,109 "124";
125 2 1 80,144 "125";
126 1 0 128,211 "126";
127 1 1 4,15 "127";
128 2 0 115,199 "128";
129 0 1 32,36 "129";
130 2 0 210,241 "130";
131 2 1 120,158 "131";
132 0 0 16,70 "132";
133 1 1 23,208 "133";
134 2 0 160,184 "134";
135 1 0 0,132 "135";
136 0 0 138,243 "136";
137 0 0 20,198 "137";
138 0 0 43,84 "138";
139 0 1 58,263 "139";
140 1 1 5,55 "140";
141 0 0 136,202 "141";
142 2 0 240,259 "142";
143 1 1 72,213 "143";
144 2 0 66,106 "144";
145 0 1 26,41 "145";
146 0 1 5,230 "146";
147 2 0 238,248 "147";
148 0 1 252,261 "148";
149 0 1 5,156 "149";
150 1 0 23,124 "150";
151 2 1 18,205 "151";
152 1 0 46,167 "152";
153 0 1 212,242 "153";
154 1 1 60,231 "154";
155 1 1 195,253 "155";
156 0 1 2,24 "156";
157 0 1 146,219 "157";
158 2 1 143,193 "158";
159 0 1 67,121 "159";
160 1 0 120,175 "160";
161 2 1 11,53 "161";
162 0 0 206,257 "162";
163 2 0 13,244 "163";
164 1 0 28,234 "164";
165 2 0 35,182 "165";
166 2 0 18,229 "166";
167 2 1 75,204 "167";
168 2 1 24,263 "168";
169 1 0 16,52 "169";
170 0 1 36,257 "170";
171 1 1 15,47 "171";
172 0 0 45,153 "172";
173 1 0 144,249 "173";
174 1 0 95,127 "174";
175 0 0 99,204 "175";
176 2 1 172,255 "176";
177 1 0 133,228 "177";
178 1 1 120,194 "178";
179 1 0 196,247 "179";
180 0 0 116,236 "180";
181 2 1 79,136 "181";
182 2 1 5,183 "182";
183 0 1 209,240 "183";
184 0 1 197,243 "184";
185 0 1 67,182 "185";
186 0 0 6,56 "186";
187 2 1 111,152 "187";
188 2 0 51,221 "188";
189 2 1 65,76 "189";
190 1 0 224,232 "190";
191 1 0 38,98 "191";
192 1 1 1,250 "192";
193 0 0 16,223 "193";
194 0 0 154,196 "194";
195 1 1 8,135 "195";
196 0 1 148,247 "196";
197 0 1 12,143 "197";
198 2 0 36,221 "198";
199 2 0 9,28 "199";
200 1 1 79,174 "200";
201 1 1 94,206 "201";
202 1 0 143,243 "202";
203 2 1 100,144 "203";
204 0 1 52,178 "204";
205 2 1 81,100 "205";
206 1 0 41,205 "206";
207 2 0 21,90 "207";
208 0 0 113,180 "208";
209 0 0 25,180 "209";
210 1 1 46,74 "210";
211 1 1 38,181 "211";
212 1 0 158,181 "212";
213 1 0 24,181 "213";
214 1 0 59,91 "214";
215 1 1 200,251 "215";
216 2 1 51,155 "216";
217 1 0 81,82 "217";
218 2 1 129,243 "218";
219 0 0 30,231 "219";
220 0 0 6,228 "220";
221 2 1 32,34 "221";
222 2 1 82,213 "222";
223 1 0 3,241 "223";
224 0 0 2,65 "224";
225 1 0 148,210 "225";
226 1 0 163,241 "226";
227 0 1 144,188 "227";
228 0 0 163,171 "228";
229 2 0 225,257 "229";
230 1 0 82,218 "230";
231 2 1 16,76 "231";
232 1 0 58,132 "232";
233 0 1 216,225 "233";
234 0 1 6,118 "234";
235 1 1 106,228 "235";
236 2 1 90,207 "236";
237 0 1 39,74 "237";
238 1 0 105,151 "238";
239 1 0 40,249 "239";
240 0 0 19,110 "240";
241 0 0 60,69 "241";
242 0 1 18,135 "242";
243 1 0 64,132 "243";
244 0 1 103,176 "244";
245 0 0 46,184 "245";
246 1 0 106,256 "246";
247 0 0 158,200 "247";
248 0 0 173,180 "248";
249 0 0 96,107 "249";
250 1 1 19,41 "250";
251 2 1 61,153 "251";
252 1 0 51,56 "252";
253 2 0 77,185 "253";
254 0 1 243,263 "254";
255 1 1 1,210 "255";
256 1 1 26,210 "256";
257 2 0 27,219 "257";
258 2 0 73,103 "258";
259 1 0 217,220 "259";
260 2 0 94,103 "260";
261 0 1 20,84 "261";
262 1 1 178,197 "262";
263 1 0 129,264 "263";
264 0 1 123,180 "264";
