parity 259;
0 0 1 26,255 "0";
1 0 0 67,227 "1";
2 0 0 45,115 "2";
3 1 1 214,216 "3";
4 2 0 136,240 "4";
5 0 1 52,175 "5";
6 1 1 10,79 "6";
7 1 1 70,170 "7";
8 1 0 236,246 "8";
9 2 1 43,223 "9";
10 0 0 52,71 "10";
11 1 0 77,201 "11";
12 2 1 76,96 "12";
13 1 1 20,238 "13";
14 0 1 58,188 "14";
15 1 1 19,154 "15";
16 1 0 4,222 "16";
17 2 1 19,251 "17";
18 1 0 151,165 "18";
19 0 1 29,220 "19";
20 1 1 21,42 "20";
21 0 0 65,219 "21";
22 0 0 42,78 "22";
23 2 1 63,220 "23";
24 2 0 37,167 "24";
25 0 1 186,212 "25";
26 0 1 55,129 "26";
27 2 1 26,162 "27";
28 2 1 56,173 "28";
29 1 0 120,239 "29";
30 2 0 243,252 "30";
31 1 1 202,226 "31";
32 0 0 87,259 "32";
33 1 0 109,234 "33";
34 2 0 189,235 "34";
35 0 1 55,146 "35";
36 2 1 162,196 "36";
37 1 0 8,21 "37";
38 0 1 21,44 "38";
39 0 1 30,161 "39";
40 1 1 46,193 "40";
41 0 0 43,247 "41";
42 2 1 105,221 "42";
43 0 0 91,102 "43";
44 1 1 16,175 "44";
45 2 1 1,129 "45";
46 0 0 78,87 "46";
47 1 1 145,183 "47";
48 1 0 47,241 "48";
49 0 1 117,123 "49";
50 1 1 25,76 "50";
51 0 0 87,170 "51";
52 1 1 124,199 "52";
53 2 0 222,246 "53";
54 1 1 134,228 "54";
55 0 0 129,257 "55";
56 1 1 22,107 "56";
57 1 0 2,161 "57";
58 1 0 5,118 "58";
59 1 0 199,223 "59";
60 0 0 86,200 "60";
61 2 1 25,69 "61";
62 1 0 0,16 "62";
63 1 0 17,127 "63";
64 2 0 57,251 "64";
65 0 1 3,98 "65";
66 0 1 69,155 "66";
67 1 0 30,48 "67";
68 2 1 30,157 "68";
69 0 1 134,157 "69";
70 0 1 243,257 "70";
71 0 0 89,199 "71";
72 1 1 93,222 "72";
73 0 1 4,42 "73";
74 1 1 3,157 "74";
75 1 1 147,158 "75";
76 1 0 19,82 "76";
77 2 1 7,48 "77";
78 0 0 50,141 "78";
79 0 0 7,161 "79";
80 1 0 94,134 "80";
81 2 1 111,151 "81";
82 2 0 104,171 "82";
83 0 0 5,140 "83";
84 2 0 92,103 "84";
85 0 0 26,160 "85";
86 1 1 225,237 "86";
87 0 1 83,188 "87";
88 1 0 177,240 "88";
89 0 1 19,47 "89";
90 0 1 118,258 "90";
91 1 0 155,158 "91";
92 1 0 112,116 "92";
93 0 0 67,188 "93";
94 0 0 205,245 "94";
95 0 1 29,139 "95";
96 2 0 17,30 "96";
97 2 1 130,193 "97";
98 2 0 42,58 "98";
99 1 0 155,241 "99";
100 1 0 45,221 "100";
101 2 0 27,122 "101";
102 2 1 177,185 "102";
103 0 1 40,180 "103";
104 2 0 244,255 "104";
105 2 1 136,203 "105";
106 0 0 179,189 "106";
107 2 1 74,135 "107";
108 1 0 43,256 "108";
109 0 0 141,218 "109";
110 2 1 144,232 "110";
111 1 1 35,164 "111";
112 0 0 205,212 "112";
113 2 0 162,259 "113";
114 2 0 36,239 "114";
115 0 0 59,123 "115";
116 1 1 16,200 "116";
117 0 0 53,215 "117";
118 2 1 79,141 "118";
119 1 1 71,206 "119";
120 2 0 153,197 "120";
121 1 0 31,55 "121";
122 2 1 98,147 "122";
123 0 1 5,96 "123";
124 2 1 96,136 "124";
125 2 0 103,193 "125";
126 0 1 11,136 "126";
127 0 0 70,187 "127";
128 1 0 96,179 "128";
129 1 0 171,185 "129";
130 1 1 42,203 "130";
131 1 1 87,125 "131";
132 1 1 136,163 "132";
133 0 1 23,26 "133";
134 0 1 179,237 "134";
135 0 1 55,190 "135";
136 1 0 46,91 "136";
137 0 1 43,95 "137";
138 0 1 144,207 "138";
139 2 1 105,120 "139";
140 0 0 24,149 "140";
141 2 0 204,232 "141";
142 2 1 153,216 "142";
143 1 1 174,206 "143";
144 0 0 33,166 "144";
145 0 0 21,243 "145";
146 2 0 79,165 "146";
147 0 0 94,251 "147";
148 1 1 122,248 "148";
149 0 1 120,193 "149";
150 1 1 6,154 "150";
151 1 1 15,127 "151";
152 2 1 131,212 "152";
153 1 0 50,131 "153";
154 0 1 64,146 "154";
155 0 0 69,98 "155";
156 0 0 23,105 "156";
157 0 0 94,164 "157";
158 0 1 118,199 "158";
159 1 1 114,116 "159";
160 0 1 3,247 "160";
161 0 0 87,219 "161";
162 2 0 75,232 "162";
163 2 1 35,41 "163";
164 2 1 165,179 "164";
165 2 1 151,177 "165";
166 0 1 84,245 "166";
167 2 1 29,111 "167";
168 0 0 10,166 "168";
169 0 0 238,243 "169";
170 0 1 33,46 "170";
171 0 0 38,151 "171";
172 0 0 38,204 "172";
173 2 0 1,108 "173";
174 1 0 45,156 "174";
175 2 0 89,148 "175";
176 1 0 171,218 "176";
177 0 1 32,119 "177";
178 2 1 13,149 "178";
179 2 1 10,117 "179";
180 2 1 119,131 "180";
181 1 0 122,210 "181";
182 2 0 59,160 "182";
183 1 0 235,248 "183";
184 2 0 14,133 "184";
185 1 0 157,232 "185";
186 2 0 4,126 "186";
187 1 0 149,167 "187";
188 1 0 15,236 "188";
189 2 1 132,215 "189";
190 1 1 20,139 "190";
191 2 0 4,103 "191";
192 2 0 244,250 "192";
193 2 0 84,210 "193";
194 0 1 45,212 "194";
195 1 0 201,229 "195";
196 2 0 98,178 "196";
197 2 0 8,232 "197";
198 0 1 42,153 "198";
199 2 0 99,141 "199";
200 2 1 159,174 "200";
201 0 0 2,81 "201";
202 2 1 8,197 "202";
203 0 0 195,213 "203";
204 1 0 69,248 "204";
205 2 0 88,202 "205";
206 0 1 124,227 "206";
207 0 0 163,176 "207";
208 2 0 12,80 "208";
209 2 0 55,90 "209";
210 2 0 164,232 "210";
211 1 1 116,156 "211";
212 0 0 47,252 "212";
213 1 0 101,252 "213";
214 2 0 32,225 "214";
215 2 1 39,240 "215";
216 2 0 14,57 "216";
217 2 1 21,99 "217";
218 0 1 5,168 "218";
219 2 1 4,54 "219";
220 2 0 50,117 "220";
221 1 1 129,141 "221";
222 2 1 130,257 "222";
223 1 1 68,142 "223";
224 1 1 106,179 "224";
225 0 0 85,148 "225";
226 1 1 29,152 "226";
227 1 0 24,186 "227";
228 0 1 14,184 "228";
229 2 0 224,237 "229";
230 1 1 113,179 "230";
231 2 1 11,198 "231";
232 2 0 153,170 "232";
233 2 0 9,151 "233";
234 0 1 66,140 "234";
235 0 0 72,171 "235";
236 1 0 172,195 "236";
237 2 0 162,218 "237";
238 1 1 76,91 "238";
239 0 1 19,91 "239";
240 0 0 112,158 "240";
241 0 1 10,87 "241";
242 2 1 67,108 "242";
243 1 0 3,125 "243";
244 2 0 240,251 "244";
245 1 0 152,161 "245";
246 2 0 225,237 "246";
247 2 0 93,201 "247";
248 0 1 158,226 "248";
249 1 1 75,178 "249";
250 0 1 10,39 "250";
251 1 0 10,87 "251";
252 1 0 64,201 "252";
253 1 1 101,201 "253";
254 0 1 20,136 "254";
255 2 1 159,192 "255";
256 2 0 25,191 "256";
257 2 0 27,54 "257";
258 2 0 133,143 "258";
259 1 1 56,65 "259";
