parity 224;
0 2 1 77,206 "0";
1 0 1 13,111 "1";
2 2 1 89,127 "2";
3 2 0 28,154 "3";
4 2 1 54,93 "4";
5 1 0 14,118 "5";
6 1 1 154,208 "6";
7 2 1 29,114 "7";
8 2 1 58,79 "8";
9 0 0 117,212 "9";
10 2 1 70,179 "10";
11 2 1 24,27 "11";
12 1 0 50,181 "12";
13 0 0 90,155 "13";
14 1 0 1,140 "14";
15 1 1 124,209 "15";
16 2 0 83,132 "16";
17 1 0 22,180 "17";
18 1 0 123,195 "18";
19 1 0 134,168 "19";
20 1 0 43,103 "20";
21 0 1 15,79 "21";
22 0 0 32,155 "22";
23 1 0 71,210 "23";
24 0 1 99,125 "24";
25 1 0 103,104 "25";
26 2 0 86,193 "26";
27 2 1 152,187 "27";
28 1 1 105,211 "28";
29 2 0 91,109 "29";
30 1 0 62,97 "30";
31 2 1 55,146 "31";
32 0 1 24,47 "32";
33 2 0 46,171 "33";
34 1 1 132,176 "34";
35 2 1 45,135 "35";
36 2 0 19,165 "36";
37 0 0 140,199 "37";
38 1 0 73,177 "38";
39 2 1 86,211 "39";
40 0 0 70,81 "40";
41 1 1 5,176 "41";
42 0 0 22,219 "42";
43 2 0 16,20 "43";
44 0 0 18,173 "44";
45 2 1 142,162 "45";
46 0 0 12,125 "46";
47 1 0 115,133 "47";
48 2 0 206,217 "48";
49 2 1 22,207 "49";
50 2 0 23,89 "50";
51 1 1 160,212 "51";
52 0 1 17,120 "52";
53 1 0 38,127 "53";
54 2 1 11,57 "54";
55 2 1 47,56 "55";
56 0 0 184,192 "56";
57 1 1 114,154 "57";
58 2 1 9,211 "58";
59 0 1 85,117 "59";
60 2 1 33,43 "60";
61 1 1 120,136 "61";
62 1 1 8,193 "62";
63 0 1 170,216 "63";
64 0 0 106,167 "64";
65 0 0 1,107 "65";
66 0 1 97,102 "66";
67 2 0 80,165 "67";
68 1 0 82,99 "68";
69 0 1 54,206 "69";
70 2 1 190,212 "70";
71 0 0 49,194 "71";
72 2 1 15,66 "72";
73 1 1 137,173 "73";
74 1 1 21,44 "74";
75 2 1 147,207 "75";
76 2 1 152,213 "76";
77 0 1 44,201 "77";
78 2 1 149,187 "78";
79 1 0 116,219 "79";
80 2 0 13,76 "80";
81 0 1 2,11 "81";
82 0 0 28,122 "82";
83 1 0 15,111 "83";
84 0 1 94,189 "84";
85 2 1 159,194 "85";
86 1 1 62,215 "86";
87 1 0 52,181 "87";
88 2 0 46,59 "88";
89 0 0 39,165 "89";
90 0 0 87,193 "90";
91 0 1 99,131 "91";
92 2 0 64,170 "92";
93 1 0 85,132 "93";
94 1 0 85,211 "94";
95 1 0 57,74 "95";
96 1 1 11,182 "96";
97 1 0 135,175 "97";
98 0 1 221,223 "98";
99 0 1 32,145 "99";
100 2 0 46,80 "100";
101 2 0 137,216 "101";
102 1 0 110,124 "102";
103 2 0 29,94 "103";
104 2 1 183,207 "104";
105 2 0 72,214 "105";
106 2 1 158,199 "106";
107 2 0 93,161 "107";
108 2 1 72,90 "108";
109 1 1 50,91 "109";
110 1 1 126,142 "110";
111 1 0 68,127 "111";
112 2 0 189,200 "112";
113 0 0 19,100 "113";
114 0 0 80,120 "114";
115 0 1 9,185 "115";
116 0 1 89,214 "116";
117 1 0 59,206 "117";
118 0 0 1,69 "118";
119 0 0 88,147 "119";
120 1 0 166,172 "120";
121 1 1 80,141 "121";
122 1 0 91,159 "122";
123 2 0 0,178 "123";
124 2 1 91,156 "124";
125 1 0 37,112 "125";
126 2 1 5,83 "126";
127 1 1 18,124 "127";
128 0 0 147,206 "128";
129 0 1 21,140 "129";
130 0 1 13,197 "130";
131 1 1 112,163 "131";
132 2 0 94,223 "132";
133 1 1 6,55 "133";
134 2 0 74,148 "134";
135 1 1 69,182 "135";
136 2 1 63,68 "136";
137 2 0 38,168 "137";
138 0 1 8,219 "138";
139 2 0 17,90 "139";
140 1 0 150,182 "140";
141 1 1 10,25 "141";
142 0 0 10,194 "142";
143 2 1 36,163 "143";
144 0 1 68,210 "144";
145 2 0 113,219 "145";
146 0 1 80,99 "146";
147 2 0 47,74 "147";
148 0 1 79,136 "148";
149 1 1 210,224 "149";
150 1 1 74,133 "150";
151 2 1 39,74 "151";
152 2 1 101,123 "152";
153 2 0 111,172 "153";
154 0 1 170,222 "154";
155 0 0 67,153 "155";
156 2 0 181,189 "156";
157 2 0 47,154 "157";
158 1 1 5,35 "158";
159 2 1 41,83 "159";
160 0 1 115,208 "160";
161 1 1 57,86 "161";
162 1 0 57,99 "162";
163 1 0 0,17 "163";
164 2 0 42,146 "164";
165 1 1 28,212 "165";
166 1 1 13,64 "166";
167 2 1 24,43 "167";
168 0 1 28,36 "168";
169 1 0 75,141 "169";
170 2 1 31,180 "170";
171 2 1 65,108 "171";
172 1 0 104,176 "172";
173 0 1 110,136 "173";
174 2 0 19,36 "174";
175 1 0 45,63 "175";
176 1 0 18,214 "176";
177 0 1 71,121 "177";
178 0 1 139,147 "178";
179 0 0 131,194 "179";
180 0 0 148,153 "180";
181 2 1 0,6 "181";
182 1 0 108,219 "182";
183 0 1 22,85 "183";
184 2 0 46,52 "184";
185 0 1 19,222 "185";
186 1 1 34,46 "186";
187 1 1 77,119 "187";
188 2 1 29,169 "188";
189 2 0 16,62 "189";
190 2 1 15,224 "190";
191 1 0 32,168 "191";
192 2 1 88,178 "192";
193 2 0 3,210 "193";
194 2 0 105,220 "194";
195 1 1 21,122 "195";
196 1 0 105,221 "196";
197 2 0 131,202 "197";
198 0 0 11,86 "198";
199 2 1 153,157 "199";
200 1 0 56,94 "200";
201 2 1 90,215 "201";
202 1 0 49,201 "202";
203 2 1 65,77 "203";
204 2 1 14,97 "204";
205 1 0 38,125 "205";
206 2 0 35,46 "206";
207 1 1 190,211 "207";
208 1 1 33,109 "208";
209 2 1 92,162 "209";
210 2 0 80,115 "210";
211 1 1 180,185 "211";
212 1 1 125,141 "212";
213 1 1 16,184 "213";
214 0 0 69,153 "214";
215 1 1 20,161 "215";
216 0 0 87,207 "216";
217 1 0 60,69 "217";
218 2 0 136,181 "218";
219 0 0 68,183 "219";
220 0 0 61,177 "220";
221 0 1 54,155 "221";
222 0 1 11,99 "222";
223 0 1 9,25 "223";
224 0 1 152,216 "224";
