parity 264;
0 2 0 32,149 "0";
1 0 0 40,42 "1";
2 1 1 107,166 "2";
3 2 1 7,15 "3";
4 1 1 43,141 "4";
5 0 1 20,205 "5";
6 2 1 154,180 "6";
7 2 1 85,150 "7";
8 0 1 60,182 "8";
9 0 0 51,81 "9";
10 1 1 35,100 "10";
11 2 0 132,175 "11";
12 0 1 23,219 "12";
13 2 0 50,119 "13";
14 0 1 6,190 "14";
15 1 0 128,246 "15";
16 2 0 19,40 "16";
17 2 1 145,219 "17";
18 2 0 14,108 "18";
19 1 0 35,65 "19";
20 1 0 57,205 "20";
21 2 0 22,52 "21";
22 0 0 52,122 "22";
23 1 0 172,185 "23";
24 2 0 64,175 "24";
25 0 1 84,253 "25";
26 1 0 45,88 "26";
27 1 1 89,125 "27";
28 0 1 1,202 "28";
29 2 0 140,151 "29";
30 1 0 68,227 "30";
31 0 1 61,264 "31";
32 2 1 18,109 "32";
33 2 1 149,176 "33";
34 1 0 101,233 "34";
35 2 1 71,204 "35";
36 1 1 74,140 "36";
37 1 1 105,197 "37";
38 0 0 129,231 "38";
39 2 0 9,14 "39";
40 0 1 42,251 "40";
41 1 0 78,139 "41";
42 1 1 138,142 "42";
43 2 1 39,153 "43";
44 0 0 39,94 "44";
45 2 1 90,106 "45";
46 0 1 104,170 "46";
47 0 1 117,152 "47";
48 0 1 122,246 "48";
49 2 1 118,155 "49";
50 0 0 57,226 "50";
51 0 0 55,200 "51";
52 2 0 152,167 "52";
53 0 1 95,115 "53";
54 2 0 20,240 "54";
55 0 0 52,72 "55";
56 2 1 161,170 "56";
57 1 0 129,159 "57";
58 2 0 38,244 "58";
59 0 1 166,200 "59";
60 0 0 216,225 "60";
61 0 0 31,261 "61";
62 2 0 125,228 "62";
63 2 0 16,155 "63";
64 1 0 93,144 "64";
65 0 1 20,46 "65";
66 1 1 136,182 "66";
67 2 1 107,158 "67";
68 2 1 18,178 "68";
69 0 0 8,179 "69";
70 2 1 78,191 "70";
71 0 0 98,237 "71";
72 2 0 71,195 "72";
73 1 1 69,129 "73";
74 0 1 66,149 "74";
75 1 1 45,225 "75";
76 0 1 120,236 "76";
77 2 1 143,234 "77";
78 0 0 48,211 "78";
79 2 1 5,174 "79";
80 0 1 61,118 "80";
81 0 0 93,247 "81";
82 0 1 92,219 "82";
83 1 1 73,224 "83";
84 1 1 172,242 "84";
85 2 1 42,100 "85";
86 2 1 76,263 "86";
87 2 0 175,188 "87";
88 0 0 46,234 "88";
89 2 1 28,233 "89";
90 2 0 145,178 "90";
91 1 1 104,230 "91";
92 2 0 193,245 "92";
93 0 0 126,222 "93";
94 1 1 42,240 "94";
95 1 0 68,163 "95";
96 2 0 83,104 "96";
97 1 0 41,129 "97";
98 0 0 16,117 "98";
99 1 1 3,128 "99";
100 1 1 3,47 "100";
101 0 0 74,75 "101";
102 1 0 46,257 "102";
103 1 0 211,232 "103";
104 0 0 142,170 "104";
105 2 0 169,196 "105";
106 2 1 115,232 "106";
107 1 1 177,219 "107";
108 2 0 157,230 "108";
109 2 1 62,261 "109";
110 0 1 1,32 "110";
111 0 0 29,199 "111";
112 1 1 24,42 "112";
113 1 1 0,245 "113";
114 1 1 35,197 "114";
115 2 1 19,139 "115";
116 2 1 23,171 "116";
117 1 1 123,145 "117";
118 2 0 131,202 "118";
119 2 1 157,261 "119";
120 0 0 113,222 "120";
121 2 1 102,175 "121";
122 2 0 80,216 "122";
123 1 1 23,139 "123";
124 0 0 131,260 "124";
125 1 1 68,213 "125";
126 2 0 110,210 "126";
127 2 0 73,133 "127";
128 2 1 164,219 "128";
129 0 0 18,199 "129";
130 2 0 164,256 "130";
131 1 0 25,219 "131";
132 2 0 219,243 "132";
133 1 1 125,155 "133";
134 0 0 187,234 "134";
135 0 0 8,12 "135";
136 2 1 235,260 "136";
137 0 0 2,189 "137";
138 1 1 184,211 "138";
139 0 0 203,244 "139";
140 1 0 91,168 "140";
141 0 0 38,126 "141";
142 1 0 20,180 "142";
143 2 0 58,245 "143";
144 0 0 73,196 "144";
145 0 1 85,167 "145";
146 0 0 1,100 "146";
147 0 0 132,233 "147";
148 0 1 102,147 "148";
149 2 0 4,43 "149";
150 0 0 133,181 "150";
151 2 1 111,144 "151";
152 0 1 194,251 "152";
153 1 1 66,112 "153";
154 2 1 178,251 "154";
155 2 1 72,116 "155";
156 1 1 146,206 "156";
157 0 1 73,244 "157";
158 2 1 12,63 "158";
159 0 1 116,170 "159";
160 1 1 136,183 "160";
161 0 0 11,66 "161";
162 0 0 15,259 "162";
163 2 0 91,184 "163";
164 1 1 13,124 "164";
165 0 1 102,122 "165";
166 2 1 27,253 "166";
167 1 0 79,217 "167";
168 0 0 35,118 "168";
169 0 0 119,154 "169";
170 0 0 41,187 "170";
171 2 0 162,263 "171";
172 2 0 188,217 "172";
173 1 0 36,198 "173";
174 2 1 218,236 "174";
175 2 1 21,244 "175";
176 2 1 147,181 "176";
177 1 0 67,110 "177";
178 2 1 203,264 "178";
179 0 1 84,154 "179";
180 2 0 240,249 "180";
181 1 0 62,200 "181";
182 2 0 35,79 "182";
183 1 0 19,167 "183";
184 2 1 177,260 "184";
185 2 0 161,238 "185";
186 2 0 17,79 "186";
187 0 0 82,126 "187";
188 1 0 4,261 "188";
189 1 1 150,166 "189";
190 2 0 67,117 "190";
191 2 0 47,222 "191";
192 1 1 58,80 "192";
193 1 1 63,140 "193";
194 0 0 138,193 "194";
195 2 1 145,206 "195";
196 0 0 137,154 "196";
197 2 0 143,250 "197";
198 1 1 35,141 "198";
199 2 1 64,144 "199";
200 0 1 94,187 "200";
201 2 1 131,158 "201";
202 0 1 116,235 "202";
203 1 1 70,83 "203";
204 1 0 198,223 "204";
205 2 1 62,125 "205";
206 1 1 34,69 "206";
207 1 0 85,155 "207";
208 2 0 101,158 "208";
209 1 0 70,121 "209";
210 1 0 33,79 "210";
211 0 0 78,143 "211";
212 2 0 165,193 "212";
213 2 0 55,112 "213";
214 2 0 99,145 "214";
215 0 0 78,185 "215";
216 0 1 95,148 "216";
217 2 1 70,225 "217";
218 2 1 83,231 "218";
219 1 0 72,202 "219";
220 2 1 87,215 "220";
221 2 1 122,224 "221";
222 0 1 47,227 "222";
223 2 0 224,250 "223";
224 0 1 21,87 "224";
225 0 0 37,56 "225";
226 2 1 43,166 "226";
227 1 1 30,178 "227";
228 0 0 60,242 "228";
229 2 1 43,58 "229";
230 2 0 18,252 "230";
231 1 1 80,130 "231";
232 1 0 141,166 "232";
233 2 0 65,257 "233";
234 0 0 42,46 "234";
235 1 1 78,157 "235";
236 2 0 24,149 "236";
237 2 1 26,106 "237";
238 2 1 123,179 "238";
239 0 0 2,43 "239";
240 2 1 48,86 "240";
241 0 0 60,175 "241";
242 0 0 14,174 "242";
243 0 1 189,192 "243";
244 0 0 152,239 "244";
245 0 1 170,182 "245";
246 1 0 49,127 "246";
247 1 1 204,208 "247";
248 1 1 138,230 "248";
249 0 1 104,256 "249";
250 1 0 17,195 "250";
251 0 0 126,181 "251";
252 1 1 83,125 "252";
253 1 0 31,79 "253";
254 1 0 17,20 "254";
255 1 0 2,230 "255";
256 1 0 187,250 "256";
257 0 0 44,167 "257";
258 1 1 68,261 "258";
259 1 1 169,251 "259";
260 0 0 66,247 "260";
261 1 0 56,81 "261";
262 0 0 10,113 "262";
263 1 1 127,185 "263";
264 2 1 150,198 "264";
