parity 224;
0 1 0 133,183 "0";
1 2 0 150,214 "1";
2 2 0 176,179 "2";
3 0 0 52,184 "3";
4 1 1 43,130 "4";
5 1 1 32,135 "5";
6 0 0 7,223 "6";
7 0 1 129,145 "7";
8 0 0 102,132 "8";
9 2 0 51,190 "9";
10 0 0 94,142 "10";
11 2 0 146,171 "11";
12 1 0 184,203 "12";
13 2 1 98,137 "13";
14 0 0 121,154 "14";
15 2 1 55,63 "15";
16 1 1 2,65 "16";
17 0 0 115,177 "17";
18 1 0 89,204 "18";
19 0 1 4,98 "19";
20 1 1 1,56 "20";
21 1 0 76,149 "21";
22 2 1 69,210 "22";
23 2 0 93,135 "23";
24 2 1 131,182 "24";
25 1 0 157,160 "25";
26 2 1 116,117 "26";
27 2 1 78,137 "27";
28 1 0 6,76 "28";
29 0 0 32,54 "29";
30 0 1 84,109 "30";
31 2 0 110,215 "31";
32 0 0 8,95 "32";
33 2 1 121,141 "33";
34 1 0 153,171 "34";
35 0 1 216,222 "35";
36 1 1 71,104 "36";
37 2 1 56,132 "37";
38 1 0 86,174 "38";
39 2 1 45,103 "39";
40 2 1 118,223 "40";
41 2 0 105,162 "41";
42 1 0 93,144 "42";
43 0 1 12,56 "43";
44 1 1 124,128 "44";
45 1 1 85,131 "45";
46 2 1 90,165 "46";
47 0 1 7,28 "47";
48 1 0 58,199 "48";
49 1 0 152,183 "49";
50 0 0 91,172 "50";
51 1 1 1,183 "51";
52 2 1 24,82 "52";
53 1 0 120,180 "53";
54 0 1 105,113 "54";
55 1 0 82,98 "55";
56 0 1 112,176 "56";
57 0 1 100,166 "57";
58 1 0 6,89 "58";
59 1 0 68,154 "59";
60 2 0 32,224 "60";
61 2 1 73,99 "61";
62 2 0 124,173 "62";
63 1 0 105,179 "63";
64 2 0 172,181 "64";
65 2 1 9,16 "65";
66 1 0 135,222 "66";
67 0 0 78,91 "67";
68 0 0 8,168 "68";
69 1 0 22,75 "69";
70 1 1 155,187 "70";
71 1 1 102,121 "71";
72 0 1 149,202 "72";
73 2 0 83,214 "73";
74 1 1 145,187 "74";
75 0 0 29,85 "75";
76 1 0 49,196 "76";
77 1 1 24,31 "77";
78 2 1 54,151 "78";
79 1 0 25,71 "79";
80 0 1 175,222 "80";
81 1 1 14,173 "81";
82 0 1 145,152 "82";
83 2 1 3,53 "83";
84 2 1 126,194 "84";
85 0 1 32,84 "85";
86 0 0 34,82 "86";
87 0 0 72,198 "87";
88 1 0 5,105 "88";
89 0 0 107,112 "89";
90 0 0 164,206 "90";
91 0 1 51,81 "91";
92 2 1 96,134 "92";
93 2 1 53,122 "93";
94 0 0 107,169 "94";
95 0 1 79,117 "95";
96 0 1 26,137 "96";
97 2 0 140,144 "97";
98 2 0 106,164 "98";
99 0 1 126,178 "99";
100 0 0 105,160 "100";
101 2 1 96,185 "101";
102 2 1 146,217 "102";
103 1 0 14,68 "103";
104 0 1 3,217 "104";
105 0 0 81,115 "105";
106 0 0 68,221 "106";
107 0 0 40,97 "107";
108 2 1 116,140 "108";
109 2 1 3,90 "109";
110 1 1 102,130 "110";
111 1 0 16,170 "111";
112 1 1 6,148 "112";
113 2 0 143,181 "113";
114 0 0 190,208 "114";
115 2 1 14,137 "115";
116 2 1 25,217 "116";
117 2 0 67,140 "117";
118 0 1 45,47 "118";
119 2 1 71,157 "119";
120 2 0 193,197 "120";
121 2 0 104,198 "121";
122 0 0 41,217 "122";
123 2 0 61,223 "123";
124 1 0 18,110 "124";
125 1 0 139,202 "125";
126 0 0 107,188 "126";
127 2 0 151,163 "127";
128 1 1 59,204 "128";
129 1 1 44,47 "129";
130 1 0 0,182 "130";
131 0 0 0,60 "131";
132 0 0 160,163 "132";
133 1 0 97,204 "133";
134 0 0 28,95 "134";
135 2 1 19,119 "135";
136 0 0 193,212 "136";
137 1 0 83,222 "137";
138 2 1 88,125 "138";
139 1 0 164,212 "139";
140 0 0 126,192 "140";
141 1 1 30,88 "141";
142 1 0 41,105 "142";
143 1 0 19,76 "143";
144 2 0 158,185 "144";
145 2 1 88,152 "145";
146 2 0 85,129 "146";
147 2 0 32,57 "147";
148 1 0 114,157 "148";
149 1 0 183,219 "149";
150 0 0 80,172 "150";
151 2 1 53,170 "151";
152 1 0 142,160 "152";
153 2 1 73,199 "153";
154 0 0 84,134 "154";
155 1 0 116,186 "155";
156 2 1 203,224 "156";
157 0 1 84,153 "157";
158 1 0 127,200 "158";
159 2 1 52,130 "159";
160 2 0 106,133 "160";
161 2 0 35,187 "161";
162 1 0 32,177 "162";
163 0 0 33,142 "163";
164 2 0 31,85 "164";
165 2 1 186,216 "165";
166 2 1 53,65 "166";
167 2 0 2,35 "167";
168 2 1 36,43 "168";
169 1 1 8,223 "169";
170 0 0 150,215 "170";
171 0 1 83,179 "171";
172 2 0 26,167 "172";
173 2 0 88,109 "173";
174 0 1 68,185 "174";
175 2 0 29,67 "175";
176 2 0 98,167 "176";
177 0 1 136,169 "177";
178 2 0 31,111 "178";
179 0 0 159,200 "179";
180 0 1 76,212 "180";
181 1 0 45,57 "181";
182 0 1 52,224 "182";
183 0 1 140,196 "183";
184 0 0 199,218 "184";
185 1 0 18,174 "185";
186 2 0 70,130 "186";
187 1 1 178,213 "187";
188 0 0 144,191 "188";
189 0 1 2,3 "189";
190 2 0 103,193 "190";
191 1 1 43,149 "191";
192 1 0 16,132 "192";
193 1 0 61,217 "193";
194 0 1 17,170 "194";
195 1 1 15,32 "195";
196 1 0 107,218 "196";
197 1 0 55,168 "197";
198 2 1 119,209 "198";
199 1 1 154,182 "199";
200 1 0 14,20 "200";
201 2 1 25,38 "201";
202 1 0 136,196 "202";
203 0 1 71,111 "203";
204 1 0 13,100 "204";
205 0 0 154,219 "205";
206 0 0 45,193 "206";
207 2 0 132,163 "207";
208 1 0 80,221 "208";
209 2 0 6,130 "209";
210 0 0 194,203 "210";
211 2 0 67,168 "211";
212 2 1 6,126 "212";
213 2 0 134,203 "213";
214 1 1 121,187 "214";
215 2 1 59,198 "215";
216 1 0 17,134 "216";
217 2 0 105,213 "217";
218 1 0 34,134 "218";
219 0 0 59,206 "219";
220 0 0 23,89 "220";
221 0 0 7,224 "221";
222 0 1 84,89 "222";
223 1 0 111,216 "223";
224 1 0 27,99 "224";
