parity 219;
0 1 0 71,216 "0";
1 1 0 58,170 "1";
2 2 1 36,78 "2";
3 1 1 38,107 "3";
4 0 0 61,179 "4";
5 2 1 126,195 "5";
6 0 0 43,201 "6";
7 1 0 132,201 "7";
8 0 1 31,54 "8";
9 0 1 159,160 "9";
10 0 1 112,151 "10";
11 2 1 13,151 "11";
12 0 0 22,40 "12";
13 0 0 189,212 "13";
14 0 1 7,91 "14";
15 0 0 173,210 "15";
16 1 0 41,213 "16";
17 2 1 55,156 "17";
18 1 0 107,121 "18";
19 1 1 23,124 "19";
20 0 0 120,199 "20";
21 0 1 40,141 "21";
22 1 1 118,144 "22";
23 2 0 96,148 "23";
24 1 0 50,91 "24";
25 2 1 2,167 "25";
26 2 1 85,153 "26";
27 2 1 34,126 "27";
28 2 1 16,173 "28";
29 1 0 30,203 "29";
30 2 0 25,211 "30";
31 0 1 116,123 "31";
32 2 0 178,212 "32";
33 2 0 49,134 "33";
34 1 1 117,186 "34";
35 2 1 119,139 "35";
36 0 0 56,112 "36";
37 2 0 49,209 "37";
38 2 0 25,95 "38";
39 1 1 86,173 "39";
40 1 0 87,123 "40";
41 1 0 163,178 "41";
42 1 1 95,178 "42";
43 2 0 121,136 "43";
44 2 1 73,97 "44";
45 1 0 70,77 "45";
46 2 0 33,160 "46";
47 2 0 69,137 "47";
48 2 0 82,98 "48";
49 2 0 114,174 "49";
50 0 0 112,128 "50";
51 1 1 117,198 "51";
52 2 0 150,185 "52";
53 2 1 5,48 "53";
54 2 0 4,203 "54";
55 0 0 49,151 "55";
56 1 1 67,151 "56";
57 1 0 56,117 "57";
58 0 1 168,207 "58";
59 2 1 73,103 "59";
60 1 1 118,145 "60";
61 1 1 42,154 "61";
62 0 0 44,75 "62";
63 2 0 46,153 "63";
64 0 0 22,216 "64";
65 1 1 9,43 "65";
66 0 1 3,148 "66";
67 2 1 84,197 "67";
68 2 0 84,103 "68";
69 0 1 93,219 "69";
70 0 1 78,215 "70";
71 2 0 160,200 "71";
72 2 1 60,219 "72";
73 0 1 53,195 "73";
74 0 1 22,103 "74";
75 2 0 121,215 "75";
76 1 0 177,186 "76";
77 2 0 65,82 "77";
78 2 0 19,145 "78";
79 0 1 91,210 "79";
80 1 0 115,184 "80";
81 2 0 32,153 "81";
82 2 0 79,117 "82";
83 0 1 18,132 "83";
84 0 0 81,214 "84";
85 2 1 92,167 "85";
86 2 0 132,192 "86";
87 0 1 66,210 "87";
88 1 1 78,197 "88";
89 0 0 55,56 "89";
90 1 1 54,173 "90";
91 0 1 13,62 "91";
92 2 1 124,152 "92";
93 2 0 146,181 "93";
94 1 0 97,162 "94";
95 1 1 3,76 "95";
96 0 0 145,147 "96";
97 1 1 145,158 "97";
98 1 0 94,207 "98";
99 0 0 58,158 "99";
100 0 0 69,171 "100";
101 1 0 28,42 "101";
102 0 0 85,161 "102";
103 0 1 15,105 "103";
104 0 0 86,205 "104";
105 2 0 155,202 "105";
106 0 0 24,73 "106";
107 1 0 38,188 "107";
108 0 0 145,185 "108";
109 0 1 68,199 "109";
110 0 0 20,96 "110";
111 0 0 84,153 "111";
112 2 0 6,80 "112";
113 1 0 189,199 "113";
114 1 0 113,184 "114";
115 1 1 108,127 "115";
116 1 1 51,130 "116";
117 1 1 74,111 "117";
118 2 0 1,72 "118";
119 2 1 107,148 "119";
120 0 0 162,217 "120";
121 2 0 2,126 "121";
122 1 0 142,158 "122";
123 1 0 80,128 "123";
124 1 1 4,5 "124";
125 2 1 41,56 "125";
126 2 0 83,106 "126";
127 1 1 17,35 "127";
128 0 1 42,207 "128";
129 0 0 127,199 "129";
130 2 1 10,112 "130";
131 2 1 96,172 "131";
132 1 1 16,40 "132";
133 1 0 108,128 "133";
134 1 1 76,213 "134";
135 0 0 90,157 "135";
136 0 0 5,70 "136";
137 1 0 49,157 "137";
138 2 0 37,51 "138";
139 0 0 30,96 "139";
140 2 0 120,135 "140";
141 2 0 56,157 "141";
142 0 0 97,195 "142";
143 0 0 88,217 "143";
144 0 0 6,166 "144";
145 0 0 106,170 "145";
146 1 0 71,181 "146";
147 0 1 61,201 "147";
148 2 1 34,203 "148";
149 1 0 1,55 "149";
150 1 0 55,183 "150";
151 2 0 24,142 "151";
152 0 1 116,204 "152";
153 0 1 75,129 "153";
154 2 0 25,60 "154";
155 0 1 93,174 "155";
156 2 1 1,24 "156";
157 2 0 123,214 "157";
158 2 1 157,219 "158";
159 0 1 63,140 "159";
160 2 1 28,61 "160";
161 1 0 102,163 "161";
162 1 1 25,59 "162";
163 2 1 152,195 "163";
164 2 0 16,22 "164";
165 2 1 4,119 "165";
166 2 1 128,202 "166";
167 0 1 125,186 "167";
168 1 1 52,174 "168";
169 1 0 151,211 "169";
170 0 0 51,80 "170";
171 2 1 64,176 "171";
172 0 0 12,88 "172";
173 0 1 23,151 "173";
174 0 1 47,148 "174";
175 1 1 7,13 "175";
176 0 0 123,188 "176";
177 1 1 156,206 "177";
178 1 1 7,166 "178";
179 0 1 29,74 "179";
180 1 1 139,200 "180";
181 1 0 40,57 "181";
182 1 0 81,206 "182";
183 1 0 121,218 "183";
184 1 0 53,98 "184";
185 1 0 88,175 "185";
186 1 1 105,193 "186";
187 1 0 133,194 "187";
188 0 1 171,193 "188";
189 0 1 82,158 "189";
190 1 0 82,209 "190";
191 2 1 22,104 "191";
192 0 1 21,186 "192";
193 1 1 136,179 "193";
194 2 1 48,124 "194";
195 1 0 209,212 "195";
196 1 0 163,185 "196";
197 1 1 69,163 "197";
198 0 1 69,155 "198";
199 1 1 109,153 "199";
200 1 0 130,196 "200";
201 1 0 74,173 "201";
202 0 0 69,161 "202";
203 1 1 36,39 "203";
204 0 1 9,30 "204";
205 0 0 57,116 "205";
206 2 0 185,195 "206";
207 2 0 58,118 "207";
208 1 1 58,186 "208";
209 0 1 87,193 "209";
210 1 0 54,73 "210";
211 0 1 27,77 "211";
212 0 1 4,217 "212";
213 0 1 0,13 "213";
214 0 0 17,95 "214";
215 1 1 70,107 "215";
216 1 0 63,66 "216";
217 1 1 108,216 "217";
218 1 0 1,69 "218";
219 1 1 170,198 "219";
