parity 279;
0 0 0 79,98 "0";
1 0 1 61,191 "1";
2 0 1 140,206 "2";
3 0 0 102,268 "3";
4 0 0 97,203 "4";
5 1 1 131,198 "5";
6 0 0 253,255 "6";
7 1 0 212,226 "7";
8 0 1 148,252 "8";
9 1 1 197,208 "9";
10 1 0 131,225 "10";
11 2 0 263,276 "11";
12 2 1 130,135 "12";
13 0 0 164,246 "13";
14 0 1 168,204 "14";
15 0 0 130,133 "15";
16 1 0 77,136 "16";
17 0 0 2,54 "17";
18 1 1 110,162 "18";
19 2 1 33,151 "19";
20 0 0 59,216 "20";
21 0 1 100,172 "21";
22 2 0 182,226 "22";
23 1 1 226,240 "23";
24 0 0 170,182 "24";
25 1 1 133,211 "25";
26 0 0 3,59 "26";
27 2 0 128,177 "27";
28 0 0 50,116 "28";
29 0 0 215,239 "29";
30 1 0 213,264 "30";
31 2 0 58,147 "31";
32 2 0 34,45 "32";
33 2 1 168,248 "33";
34 1 0 62,118 "34";
35 0 0 129,200 "35";
36 0 1 166,212 "36";
37 1 1 155,185 "37";
38 1 1 24,110 "38";
39 1 1 17,53 "39";
40 2 1 53,151 "40";
41 2 0 92,134 "41";
42 0 0 32,158 "42";
43 2 0 203,228 "43";
44 1 1 92,234 "44";
45 1 1 56,208 "45";
46 2 0 208,279 "46";
47 2 1 23,268 "47";
48 1 1 32,207 "48";
49 0 1 42,181 "49";
50 2 0 66,247 "50";
51 1 1 39,203 "51";
52 1 1 148,157 "52";
53 0 1 20,179 "53";
54 2 0 248,258 "54";
55 0 1 221,272 "55";
56 1 0 26,175 "56";
57 1 1 56,134 "57";
58 2 0 136,266 "58";
59 0 1 25,258 "59";
60 1 0 20,106 "60";
61 1 0 102,224 "61";
62 2 0 166,229 "62";
63 2 1 41,213 "63";
64 2 1 144,251 "64";
65 1 1 41,83 "65";
66 1 1 97,241 "66";
67 2 1 127,213 "67";
68 1 0 8,115 "68";
69 0 1 27,228 "69";
70 1 0 120,264 "70";
71 2 1 102,212 "71";
72 0 0 157,187 "72";
73 0 1 74,171 "73";
74 2 0 35,168 "74";
75 0 0 13,238 "75";
76 2 1 137,162 "76";
77 0 0 11,124 "77";
78 2 1 10,214 "78";
79 1 1 17,188 "79";
80 1 0 9,62 "80";
81 1 1 119,222 "81";
82 1 1 24,54 "82";
83 0 0 136,169 "83";
84 1 1 263,275 "84";
85 0 0 7,148 "85";
86 2 1 74,91 "86";
87 0 1 0,95 "87";
88 0 1 147,211 "88";
89 1 0 44,70 "89";
90 1 0 78,266 "90";
91 2 0 16,184 "91";
92 1 1 52,127 "92";
93 1 1 24,148 "93";
94 0 0 99,102 "94";
95 1 0 108,135 "95";
96 0 0 40,83 "96";
97 1 1 51,73 "97";
98 2 0 52,253 "98";
99 1 1 152,172 "99";
100 0 0 240,265 "100";
101 2 1 68,94 "101";
102 2 0 146,194 "102";
103 1 1 117,178 "103";
104 1 1 120,226 "104";
105 1 0 65,217 "105";
106 1 1 94,219 "106";
107 2 1 109,126 "107";
108 1 1 218,268 "108";
109 2 0 169,264 "109";
110 0 0 211,235 "110";
111 2 1 201,216 "111";
112 2 1 32,144 "112";
113 1 0 20,39 "113";
114 0 0 112,260 "114";
115 2 1 9,258 "115";
116 0 0 114,257 "116";
117 0 1 30,35 "117";
118 2 1 106,252 "118";
119 1 1 53,238 "119";
120 1 0 96,277 "120";
121 0 1 53,190 "121";
122 1 1 221,273 "122";
123 1 1 49,162 "123";
124 2 0 51,146 "124";
125 0 1 105,218 "125";
126 2 1 100,120 "126";
127 2 0 7,263 "127";
128 2 0 6,67 "128";
129 2 1 21,31 "129";
130 1 1 84,200 "130";
131 2 0 17,175 "131";
132 2 1 29,62 "132";
133 0 0 0,265 "133";
134 1 1 74,262 "134";
135 1 1 137,270 "135";
136 0 1 22,272 "136";
137 2 0 221,275 "137";
138 2 1 44,222 "138";
139 2 0 51,104 "139";
140 0 1 95,187 "140";
141 1 1 56,237 "141";
142 1 0 103,235 "142";
143 2 0 65,215 "143";
144 2 0 36,216 "144";
145 2 0 85,232 "145";
146 2 0 176,269 "146";
147 1 1 220,259 "147";
148 1 1 44,200 "148";
149 0 0 73,124 "149";
150 0 0 81,231 "150";
151 2 0 32,142 "151";
152 2 0 45,265 "152";
153 0 1 44,63 "153";
154 2 0 28,265 "154";
155 2 1 52,255 "155";
156 1 1 130,271 "156";
157 2 1 23,98 "157";
158 2 0 58,121 "158";
159 0 1 106,137 "159";
160 1 1 47,102 "160";
161 0 1 36,229 "161";
162 0 0 132,239 "162";
163 0 1 237,250 "163";
164 2 1 148,260 "164";
165 1 0 138,217 "165";
166 0 0 22,91 "166";
167 0 0 46,262 "167";
168 2 1 261,274 "168";
169 1 0 28,273 "169";
170 1 1 22,71 "170";
171 0 0 55,218 "171";
172 1 1 39,80 "172";
173 0 0 22,180 "173";
174 1 1 46,255 "174";
175 1 1 46,68 "175";
176 0 0 20,54 "176";
177 2 1 40,55 "177";
178 2 1 61,111 "178";
179 2 1 33,99 "179";
180 1 0 3,112 "180";
181 1 0 211,250 "181";
182 2 1 51,76 "182";
183 2 1 173,237 "183";
184 0 1 19,105 "184";
185 1 1 173,260 "185";
186 0 0 0,274 "186";
187 2 0 117,209 "187";
188 0 0 105,220 "188";
189 0 0 112,157 "189";
190 2 1 117,133 "190";
191 1 1 29,78 "191";
192 2 0 80,212 "192";
193 1 0 98,154 "193";
194 0 0 33,209 "194";
195 0 1 186,262 "195";
196 0 0 20,28 "196";
197 2 1 23,110 "197";
198 2 0 197,214 "198";
199 1 0 74,252 "199";
200 2 1 134,146 "200";
201 1 1 25,79 "201";
202 0 0 190,192 "202";
203 1 1 135,142 "203";
204 1 1 126,209 "204";
205 2 0 121,180 "205";
206 2 0 41,212 "206";
207 0 1 105,206 "207";
208 2 0 29,180 "208";
209 1 1 60,205 "209";
210 2 0 3,26 "210";
211 0 0 172,268 "211";
212 2 1 147,161 "212";
213 2 1 124,214 "213";
214 2 0 54,131 "214";
215 1 1 52,200 "215";
216 0 1 20,23 "216";
217 1 0 104,246 "217";
218 0 1 68,98 "218";
219 2 0 137,154 "219";
220 0 1 56,209 "220";
221 2 0 18,110 "221";
222 1 0 104,144 "222";
223 1 1 72,127 "223";
224 2 1 31,271 "224";
225 1 1 53,269 "225";
226 0 1 140,203 "226";
227 2 1 96,224 "227";
228 2 0 12,64 "228";
229 2 1 30,141 "229";
230 1 1 144,271 "230";
231 1 0 77,228 "231";
232 0 0 61,159 "232";
233 2 1 200,232 "233";
234 0 0 108,139 "234";
235 0 1 48,156 "235";
236 1 1 82,260 "236";
237 1 0 151,206 "237";
238 0 1 100,267 "238";
239 1 0 16,83 "239";
240 1 1 22,65 "240";
241 0 0 8,52 "241";
242 2 0 159,165 "242";
243 2 1 64,180 "243";
244 0 1 3,30 "244";
245 1 0 36,73 "245";
246 0 1 202,273 "246";
247 2 1 95,126 "247";
248 1 1 131,230 "248";
249 0 0 118,260 "249";
250 1 1 139,258 "250";
251 1 1 136,200 "251";
252 2 1 26,111 "252";
253 0 1 70,122 "253";
254 1 0 73,225 "254";
255 0 1 121,203 "255";
256 1 1 42,109 "256";
257 0 1 52,193 "257";
258 2 1 235,251 "258";
259 1 1 189,253 "259";
260 0 0 41,148 "260";
261 2 0 63,133 "261";
262 1 1 178,193 "262";
263 2 1 78,246 "263";
264 0 0 90,137 "264";
265 2 0 107,136 "265";
266 1 0 37,257 "266";
267 1 0 240,260 "267";
268 2 1 120,201 "268";
269 2 1 58,203 "269";
270 0 1 4,159 "270";
271 1 1 233,255 "271";
272 0 0 194,264 "272";
273 2 1 41,160 "273";
274 2 1 51,199 "274";
275 0 0 18,195 "275";
276 0 0 133,140 "276";
277 1 0 49,212 "277";
278 1 0 12,42 "278";
279 1 0 40,242 "279";
