parity 219;
0 1 1 116,177 "0";
1 0 0 27,217 "1";
2 2 0 118,166 "2";
3 0 1 76,106 "3";
4 1 0 6,24 "4";
5 2 1 138,157 "5";
6 2 0 168,197 "6";
7 1 1 91,148 "7";
8 2 1 117,160 "8";
9 0 1 125,153 "9";
10 2 1 31,101 "10";
11 0 0 60,208 "11";
12 1 1 3,62 "12";
13 1 0 156,210 "13";
14 2 1 88,189 "14";
15 0 1 106,148 "15";
16 1 0 10,187 "16";
17 2 0 5,182 "17";
18 0 0 207,215 "18";
19 2 1 10,55 "19";
20 2 0 87,194 "20";
21 2 1 74,206 "21";
22 0 1 58,218 "22";
23 2 1 153,182 "23";
24 1 0 92,205 "24";
25 1 0 94,153 "25";
26 2 1 14,107 "26";
27 0 0 15,214 "27";
28 1 0 6,193 "28";
29 0 0 49,96 "29";
30 2 0 145,203 "30";
31 0 1 8,69 "31";
32 2 1 92,137 "32";
33 0 1 13,168 "33";
34 0 0 133,188 "34";
35 0 0 182,207 "35";
36 1 0 55,136 "36";
37 1 0 116,196 "37";
38 0 1 130,145 "38";
39 0 1 87,141 "39";
40 0 0 173,182 "40";
41 0 1 55,63 "41";
42 2 1 122,181 "42";
43 0 1 161,178 "43";
44 1 0 93,112 "44";
45 0 1 55,191 "45";
46 1 0 94,115 "46";
47 0 1 85,190 "47";
48 0 1 23,157 "48";
49 2 1 88,200 "49";
50 2 1 186,206 "50";
51 0 0 106,134 "51";
52 1 0 109,184 "52";
53 2 1 82,207 "53";
54 1 0 113,185 "54";
55 1 1 91,111 "55";
56 0 0 98,214 "56";
57 0 1 27,196 "57";
58 1 1 107,128 "58";
59 2 0 134,192 "59";
60 2 0 144,155 "60";
61 2 1 77,99 "61";
62 1 0 106,204 "62";
63 2 1 66,86 "63";
64 1 1 23,69 "64";
65 0 0 39,53 "65";
66 0 0 15,210 "66";
67 0 0 92,143 "67";
68 1 1 59,88 "68";
69 1 1 61,127 "69";
70 2 1 138,169 "70";
71 1 0 101,194 "71";
72 1 0 20,82 "72";
73 1 1 67,81 "73";
74 0 1 143,145 "74";
75 0 0 129,157 "75";
76 0 1 144,206 "76";
77 1 0 52,117 "77";
78 2 0 19,173 "78";
79 2 0 89,109 "79";
80 1 0 3,206 "80";
81 0 1 31,106 "81";
82 0 1 0,134 "82";
83 2 1 12,73 "83";
84 2 0 99,186 "84";
85 2 0 13,215 "85";
86 0 1 49,69 "86";
87 2 1 0,176 "87";
88 0 0 42,70 "88";
89 1 0 70,185 "89";
90 0 0 73,173 "90";
91 0 1 59,218 "91";
92 2 1 74,155 "92";
93 2 1 133,160 "93";
94 0 0 3,116 "94";
95 1 1 169,183 "95";
96 1 1 18,140 "96";
97 1 1 77,82 "97";
98 2 0 1,204 "98";
99 1 0 182,196 "99";
100 1 0 15,142 "100";
101 1 0 31,37 "101";
102 2 1 16,72 "102";
103 0 0 185,216 "103";
104 2 1 87,218 "104";
105 0 1 44,75 "105";
106 2 1 13,139 "106";
107 0 1 164,171 "107";
108 1 1 106,203 "108";
109 2 0 122,154 "109";
110 2 1 148,181 "110";
111 1 0 206,216 "111";
112 2 1 3,94 "112";
113 0 0 8,135 "113";
114 1 0 54,123 "114";
115 0 1 107,210 "115";
116 0 0 165,193 "116";
117 2 1 6,126 "117";
118 0 0 32,218 "118";
119 0 0 114,155 "119";
120 2 1 18,208 "120";
121 2 1 22,23 "121";
122 0 1 28,115 "122";
123 2 1 9,101 "123";
124 1 0 166,177 "124";
125 1 0 10,38 "125";
126 2 1 8,53 "126";
127 0 0 137,215 "127";
128 2 1 106,190 "128";
129 0 1 98,107 "129";
130 0 1 7,72 "130";
131 2 1 3,26 "131";
132 0 1 74,157 "132";
133 0 0 32,196 "133";
134 0 1 5,199 "134";
135 2 0 0,54 "135";
136 1 1 17,121 "136";
137 0 0 11,24 "137";
138 1 0 104,113 "138";
139 0 1 8,37 "139";
140 0 0 57,111 "140";
141 1 0 25,75 "141";
142 0 0 99,203 "142";
143 0 0 51,89 "143";
144 1 0 93,99 "144";
145 1 1 160,175 "145";
146 1 1 117,163 "146";
147 2 0 18,46 "147";
148 2 1 35,168 "148";
149 2 1 35,147 "149";
150 2 1 61,130 "150";
151 1 1 121,186 "151";
152 0 1 140,180 "152";
153 1 1 17,72 "153";
154 0 0 40,163 "154";
155 1 0 87,139 "155";
156 2 0 2,123 "156";
157 0 1 136,194 "157";
158 2 0 52,179 "158";
159 0 0 128,185 "159";
160 0 1 89,201 "160";
161 2 0 3,42 "161";
162 1 1 88,148 "162";
163 0 1 58,156 "163";
164 1 0 28,124 "164";
165 0 1 122,164 "165";
166 0 1 68,160 "166";
167 0 1 170,217 "167";
168 1 1 75,155 "168";
169 1 0 67,69 "169";
170 2 1 65,166 "170";
171 2 1 17,208 "171";
172 0 0 123,163 "172";
173 2 0 132,213 "173";
174 1 0 79,167 "174";
175 0 0 148,192 "175";
176 0 0 147,189 "176";
177 2 1 85,127 "177";
178 0 1 120,175 "178";
179 2 0 94,209 "179";
180 2 0 41,148 "180";
181 0 1 49,174 "181";
182 1 0 135,139 "182";
183 0 1 70,86 "183";
184 0 0 121,124 "184";
185 0 1 194,216 "185";
186 0 1 13,77 "186";
187 2 1 128,143 "187";
188 1 0 177,195 "188";
189 0 1 159,214 "189";
190 1 1 112,211 "190";
191 0 0 54,77 "191";
192 1 0 122,126 "192";
193 0 0 45,59 "193";
194 0 0 129,219 "194";
195 1 1 22,116 "195";
196 0 1 74,207 "196";
197 1 1 21,110 "197";
198 1 0 0,195 "198";
199 2 1 17,27 "199";
200 2 0 70,193 "200";
201 0 0 134,207 "201";
202 2 1 19,105 "202";
203 1 1 138,189 "203";
204 2 0 146,194 "204";
205 1 1 30,198 "205";
206 0 1 43,171 "206";
207 2 1 146,181 "207";
208 2 1 6,41 "208";
209 2 0 138,165 "209";
210 2 0 117,206 "210";
211 2 1 82,101 "211";
212 2 1 10,87 "212";
213 2 1 66,187 "213";
214 2 1 170,195 "214";
215 1 0 139,219 "215";
216 0 0 121,185 "216";
217 2 1 125,208 "217";
218 2 1 50,111 "218";
219 1 1 167,181 "219";
