parity 264;
0 0 0 1,170 "0";
1 2 1 177,204 "1";
2 1 0 68,91 "2";
3 0 0 55,75 "3";
4 1 1 199,231 "4";
5 1 0 4,225 "5";
6 0 0 48,75 "6";
7 2 0 35,37 "7";
8 1 0 91,155 "8";
9 0 1 16,84 "9";
10 0 0 52,72 "10";
11 2 1 118,253 "11";
12 2 0 136,203 "12";
13 1 0 202,227 "13";
14 2 1 152,209 "14";
15 2 0 49,217 "15";
16 0 0 58,180 "16";
17 0 0 25,212 "17";
18 0 1 96,244 "18";
19 0 1 29,92 "19";
20 1 1 27,91 "20";
21 1 1 23,25 "21";
22 0 0 169,263 "22";
23 0 1 195,207 "23";
24 1 0 65,123 "24";
25 0 0 35,238 "25";
26 0 1 209,262 "26";
27 0 1 81,203 "27";
28 0 1 22,31 "28";
29 0 0 15,27 "29";
30 0 1 9,45 "30";
31 1 0 73,264 "31";
32 2 1 186,232 "32";
33 1 1 225,250 "33";
34 1 0 40,96 "34";
35 2 0 80,230 "35";
36 0 0 143,202 "36";
37 1 1 70,216 "37";
38 2 0 164,248 "38";
39 2 0 107,118 "39";
40 1 1 189,241 "40";
41 2 0 19,239 "41";
42 1 0 1,116 "42";
43 2 0 41,207 "43";
44 1 1 73,150 "44";
45 2 0 15,212 "45";
46 2 1 56,153 "46";
47 2 1 115,221 "47";
48 1 0 43,74 "48";
49 1 0 119,190 "49";
50 2 1 179,181 "50";
51 1 0 64,203 "51";
52 2 0 244,250 "52";
53 0 0 164,240 "53";
54 1 1 181,238 "54";
55 2 0 127,145 "55";
56 2 1 14,251 "56";
57 2 0 117,120 "57";
58 2 1 60,244 "58";
59 0 0 67,120 "59";
60 1 0 66,230 "60";
61 1 0 58,234 "61";
62 0 1 78,171 "62";
63 1 0 227,242 "63";
64 0 1 151,219 "64";
65 0 0 116,216 "65";
66 2 1 51,85 "66";
67 0 0 193,220 "67";
68 2 1 22,137 "68";
69 2 0 36,223 "69";
70 2 1 93,218 "70";
71 2 0 81,198 "71";
72 1 1 1,264 "72";
73 0 0 6,87 "73";
74 0 0 3,223 "74";
75 0 1 44,177 "75";
76 0 0 43,220 "76";
77 1 1 190,249 "77";
78 2 0 77,139 "78";
79 2 1 182,232 "79";
80 1 0 153,164 "80";
81 0 0 0,262 "81";
82 2 1 154,160 "82";
83 2 0 159,192 "83";
84 0 1 3,64 "84";
85 1 0 123,141 "85";
86 0 1 12,65 "86";
87 0 0 43,110 "87";
88 1 1 162,262 "88";
89 0 1 181,237 "89";
90 0 0 30,64 "90";
91 0 1 21,172 "91";
92 2 1 133,174 "92";
93 2 0 3,234 "93";
94 2 1 88,110 "94";
95 2 1 43,48 "95";
96 0 0 62,93 "96";
97 1 0 94,190 "97";
98 1 1 75,201 "98";
99 0 1 94,231 "99";
100 1 0 80,180 "100";
101 1 0 77,142 "101";
102 1 1 114,116 "102";
103 0 0 57,87 "103";
104 2 0 62,189 "104";
105 0 0 42,77 "105";
106 1 1 101,223 "106";
107 0 0 62,93 "107";
108 1 0 1,69 "108";
109 2 0 21,227 "109";
110 2 1 48,155 "110";
111 1 1 16,160 "111";
112 0 1 25,39 "112";
113 2 1 65,119 "113";
114 0 1 122,183 "114";
115 2 1 24,190 "115";
116 2 1 90,155 "116";
117 0 1 1,241 "117";
118 2 0 7,88 "118";
119 1 1 45,251 "119";
120 2 1 2,262 "120";
121 1 1 78,164 "121";
122 1 0 101,171 "122";
123 1 0 39,73 "123";
124 0 1 72,105 "124";
125 1 1 27,195 "125";
126 1 1 145,204 "126";
127 1 0 112,176 "127";
128 0 0 0,202 "128";
129 1 1 19,82 "129";
130 1 0 150,213 "130";
131 0 1 163,197 "131";
132 1 1 77,142 "132";
133 0 0 197,205 "133";
134 1 1 113,164 "134";
135 1 0 13,65 "135";
136 2 0 98,112 "136";
137 2 1 43,236 "137";
138 2 1 146,191 "138";
139 1 0 112,258 "139";
140 1 1 22,133 "140";
141 1 0 169,215 "141";
142 1 1 62,168 "142";
143 2 0 81,112 "143";
144 2 0 11,86 "144";
145 0 0 11,247 "145";
146 0 1 35,155 "146";
147 0 0 3,83 "147";
148 0 0 65,230 "148";
149 0 0 130,163 "149";
150 1 1 4,240 "150";
151 0 0 226,239 "151";
152 1 1 110,228 "152";
153 2 0 117,250 "153";
154 0 0 36,186 "154";
155 0 0 106,194 "155";
156 2 0 94,110 "156";
157 0 0 18,121 "157";
158 2 1 147,238 "158";
159 1 1 82,148 "159";
160 2 0 174,176 "160";
161 0 1 197,239 "161";
162 0 1 42,69 "162";
163 0 1 217,246 "163";
164 2 1 125,133 "164";
165 2 1 125,185 "165";
166 1 1 16,144 "166";
167 1 1 83,119 "167";
168 2 1 83,163 "168";
169 1 0 12,191 "169";
170 2 1 67,173 "170";
171 0 0 36,186 "171";
172 2 0 128,201 "172";
173 2 1 16,47 "173";
174 1 0 6,189 "174";
175 1 1 117,145 "175";
176 2 1 160,216 "176";
177 0 0 60,127 "177";
178 2 0 71,202 "178";
179 1 0 38,250 "179";
180 1 1 55,156 "180";
181 0 0 166,186 "181";
182 2 1 177,198 "182";
183 2 1 62,257 "183";
184 0 1 196,248 "184";
185 1 0 86,173 "185";
186 0 1 57,160 "186";
187 0 0 117,212 "187";
188 2 0 15,98 "188";
189 0 0 126,187 "189";
190 1 0 228,235 "190";
191 0 1 1,142 "191";
192 0 0 15,243 "192";
193 2 1 3,158 "193";
194 2 1 201,241 "194";
195 1 1 109,204 "195";
196 1 0 186,261 "196";
197 0 1 20,126 "197";
198 2 1 209,257 "198";
199 0 1 100,256 "199";
200 1 0 162,179 "200";
201 0 0 32,55 "201";
202 2 0 64,88 "202";
203 0 1 147,228 "203";
204 0 0 61,213 "204";
205 2 1 36,38 "205";
206 2 1 73,148 "206";
207 0 1 50,217 "207";
208 0 0 107,144 "208";
209 2 0 139,246 "209";
210 0 0 175,213 "210";
211 2 0 58,149 "211";
212 2 1 105,144 "212";
213 2 0 12,17 "213";
214 1 0 36,231 "214";
215 1 1 8,53 "215";
216 2 0 108,237 "216";
217 0 0 32,244 "217";
218 1 0 53,227 "218";
219 1 0 116,120 "219";
220 0 0 35,81 "220";
221 0 1 0,184 "221";
222 2 0 153,253 "222";
223 1 0 207,253 "223";
224 1 0 101,246 "224";
225 1 0 73,83 "225";
226 2 1 132,201 "226";
227 1 1 51,233 "227";
228 2 1 20,21 "228";
229 2 1 41,200 "229";
230 2 1 103,224 "230";
231 0 1 28,109 "231";
232 0 1 239,245 "232";
233 0 0 64,144 "233";
234 1 1 227,242 "234";
235 1 0 37,146 "235";
236 1 1 45,199 "236";
237 1 0 160,228 "237";
238 2 0 66,154 "238";
239 0 1 16,164 "239";
240 0 1 141,190 "240";
241 2 1 228,256 "241";
242 0 0 46,167 "242";
243 0 1 31,68 "243";
244 2 0 217,250 "244";
245 2 1 164,244 "245";
246 0 0 15,87 "246";
247 1 0 84,160 "247";
248 2 1 43,67 "248";
249 2 0 97,261 "249";
250 0 1 8,257 "250";
251 0 0 42,83 "251";
252 2 1 4,244 "252";
253 1 1 78,111 "253";
254 1 0 104,111 "254";
255 2 0 21,214 "255";
256 1 0 45,96 "256";
257 1 1 28,152 "257";
258 0 0 11,164 "258";
259 2 1 92,145 "259";
260 0 0 61,125 "260";
261 2 1 1,30 "261";
262 2 0 205,211 "262";
263 1 0 80,255 "263";
264 1 1 244,249 "264";
