parity 254;
0 0 1 169,239 "0";
1 1 1 32,111 "1";
2 1 1 24,214 "2";
3 2 0 35,40 "3";
4 1 1 0,164 "4";
5 0 0 153,185 "5";
6 1 1 142,195 "6";
7 0 0 122,181 "7";
8 2 1 146,236 "8";
9 1 0 43,119 "9";
10 0 0 79,100 "10";
11 1 1 142,177 "11";
12 2 0 120,174 "12";
13 0 0 139,213 "13";
14 0 1 20,179 "14";
15 1 1 27,252 "15";
16 0 1 39,232 "16";
17 0 0 111,160 "17";
18 0 1 155,242 "18";
19 0 1 147,218 "19";
20 0 0 220,231 "20";
21 1 1 82,97 "21";
22 2 1 110,181 "22";
23 1 0 73,222 "23";
24 1 1 22,84 "24";
25 0 1 26,67 "25";
26 0 0 46,235 "26";
27 2 0 59,211 "27";
28 2 1 14,246 "28";
29 0 1 165,252 "29";
30 2 1 16,170 "30";
31 0 0 32,189 "31";
32 2 1 0,120 "32";
33 2 0 31,180 "33";
34 1 0 64,194 "34";
35 2 0 213,248 "35";
36 2 0 42,106 "36";
37 0 0 225,234 "37";
38 1 1 102,120 "38";
39 2 0 46,198 "39";
40 2 0 2,234 "40";
41 0 0 84,129 "41";
42 1 1 130,137 "42";
43 0 1 90,175 "43";
44 2 1 87,167 "44";
45 1 1 6,160 "45";
46 1 0 244,250 "46";
47 1 0 121,169 "47";
48 2 1 109,190 "48";
49 2 1 21,240 "49";
50 2 1 0,27 "50";
51 0 0 138,224 "51";
52 0 1 80,162 "52";
53 1 0 40,46 "53";
54 0 0 24,97 "54";
55 0 0 72,232 "55";
56 2 1 76,236 "56";
57 1 1 7,203 "57";
58 0 1 247,248 "58";
59 0 0 149,241 "59";
60 2 1 23,118 "60";
61 0 1 20,90 "61";
62 2 1 162,223 "62";
63 0 0 109,151 "63";
64 2 0 82,205 "64";
65 0 1 10,82 "65";
66 1 0 29,139 "66";
67 0 1 80,165 "67";
68 0 0 219,230 "68";
69 0 0 23,187 "69";
70 2 1 34,143 "70";
71 2 0 20,241 "71";
72 0 0 49,232 "72";
73 2 0 178,242 "73";
74 0 1 73,165 "74";
75 2 1 18,106 "75";
76 0 0 35,45 "76";
77 2 1 31,202 "77";
78 0 1 184,201 "78";
79 1 0 30,197 "79";
80 1 0 37,97 "80";
81 2 0 21,204 "81";
82 1 1 64,236 "82";
83 2 0 124,166 "83";
84 0 1 82,231 "84";
85 2 0 147,152 "85";
86 0 0 41,186 "86";
87 1 1 109,154 "87";
88 1 1 98,183 "88";
89 0 1 2,96 "89";
90 1 0 24,187 "90";
91 1 1 167,247 "91";
92 2 0 139,245 "92";
93 1 0 15,218 "93";
94 1 1 2,222 "94";
95 1 1 194,233 "95";
96 1 0 122,127 "96";
97 2 1 37,99 "97";
98 1 1 36,192 "98";
99 2 0 162,241 "99";
100 2 1 140,224 "100";
101 0 0 7,11 "101";
102 0 0 161,237 "102";
103 2 1 0,71 "103";
104 2 0 44,198 "104";
105 1 0 119,173 "105";
106 0 1 130,202 "106";
107 0 1 43,133 "107";
108 2 0 104,124 "108";
109 0 1 36,139 "109";
110 1 0 30,138 "110";
111 1 1 4,7 "111";
112 2 1 137,207 "112";
113 2 0 170,205 "113";
114 1 0 32,219 "114";
115 1 0 80,145 "115";
116 1 1 54,164 "116";
117 2 0 173,251 "117";
118 2 1 127,201 "118";
119 0 0 11,39 "119";
120 2 1 2,69 "120";
121 0 1 13,218 "121";
122 1 0 167,247 "122";
123 0 1 31,99 "123";
124 0 0 150,215 "124";
125 1 0 169,230 "125";
126 2 0 98,127 "126";
127 0 1 67,242 "127";
128 1 0 1,243 "128";
129 2 1 159,202 "129";
130 2 1 37,253 "130";
131 2 1 205,238 "131";
132 0 1 104,169 "132";
133 1 0 52,155 "133";
134 0 0 99,138 "134";
135 0 1 54,56 "135";
136 1 0 12,94 "136";
137 0 0 76,172 "137";
138 1 1 24,157 "138";
139 1 0 18,41 "139";
140 1 0 83,115 "140";
141 2 0 9,97 "141";
142 1 0 65,120 "142";
143 2 1 21,218 "143";
144 2 0 98,227 "144";
145 1 0 52,162 "145";
146 2 0 105,213 "146";
147 1 0 64,166 "147";
148 0 0 170,186 "148";
149 0 1 241,243 "149";
150 0 0 55,138 "150";
151 1 0 133,136 "151";
152 0 0 117,203 "152";
153 0 0 30,32 "153";
154 1 0 145,192 "154";
155 0 0 42,130 "155";
156 2 1 58,88 "156";
157 1 0 32,135 "157";
158 0 0 8,183 "158";
159 1 0 4,6 "159";
160 1 1 84,177 "160";
161 1 0 31,98 "161";
162 2 1 191,238 "162";
163 1 1 23,27 "163";
164 1 0 81,213 "164";
165 1 1 233,239 "165";
166 0 0 99,215 "166";
167 0 1 127,162 "167";
168 0 0 71,206 "168";
169 0 1 23,252 "169";
170 0 0 169,218 "170";
171 0 1 154,242 "171";
172 0 0 197,241 "172";
173 0 1 105,111 "173";
174 2 1 228,235 "174";
175 1 0 104,222 "175";
176 0 1 50,154 "176";
177 2 0 100,202 "177";
178 2 0 138,148 "178";
179 2 1 81,221 "179";
180 2 0 106,232 "180";
181 0 0 61,228 "181";
182 1 1 177,206 "182";
183 2 0 86,218 "183";
184 0 0 38,43 "184";
185 1 0 98,146 "185";
186 2 1 23,212 "186";
187 1 0 4,39 "187";
188 0 0 124,150 "188";
189 2 0 51,154 "189";
190 0 0 8,207 "190";
191 0 1 165,197 "191";
192 2 0 213,251 "192";
193 2 0 26,244 "193";
194 0 1 217,237 "194";
195 1 0 85,90 "195";
196 2 1 50,126 "196";
197 0 1 120,196 "197";
198 0 0 6,30 "198";
199 2 0 71,151 "199";
200 0 0 116,141 "200";
201 1 0 136,218 "201";
202 0 0 37,181 "202";
203 2 0 159,248 "203";
204 0 1 8,62 "204";
205 2 0 96,219 "205";
206 1 1 167,231 "206";
207 2 1 56,192 "207";
208 0 1 42,123 "208";
209 0 1 23,254 "209";
210 2 1 201,216 "210";
211 1 0 6,124 "211";
212 1 0 50,98 "212";
213 1 0 70,230 "213";
214 0 0 107,202 "214";
215 0 1 18,128 "215";
216 1 0 100,196 "216";
217 1 0 25,132 "217";
218 0 1 153,228 "218";
219 0 1 147,237 "219";
220 0 1 106,235 "220";
221 2 1 9,46 "221";
222 0 0 108,205 "222";
223 0 1 4,182 "223";
224 1 1 72,202 "224";
225 0 1 27,139 "225";
226 1 1 44,151 "226";
227 0 1 120,146 "227";
228 2 0 19,66 "228";
229 1 0 174,201 "229";
230 2 0 97,174 "230";
231 0 0 133,176 "231";
232 0 1 53,186 "232";
233 0 0 146,229 "233";
234 0 0 36,179 "234";
235 1 1 165,170 "235";
236 1 1 65,102 "236";
237 0 1 38,116 "237";
238 0 1 120,234 "238";
239 0 1 48,209 "239";
240 2 0 125,150 "240";
241 1 1 56,126 "241";
242 2 0 235,243 "242";
243 2 1 134,230 "243";
244 2 0 114,253 "244";
245 2 0 84,208 "245";
246 2 1 104,230 "246";
247 1 1 16,136 "247";
248 0 0 95,141 "248";
249 1 1 7,97 "249";
250 2 1 69,212 "250";
251 1 1 122,249 "251";
252 1 0 29,33 "252";
253 2 1 166,227 "253";
254 1 1 19,54 "254";
