parity 244;
0 2 1 46,218 "0";
1 2 0 87,93 "1";
2 2 0 0,243 "2";
3 0 0 151,157 "3";
4 1 1 50,96 "4";
5 2 1 133,202 "5";
6 2 0 23,215 "6";
7 0 1 26,135 "7";
8 0 1 11,217 "8";
9 2 1 2,31 "9";
10 2 0 160,214 "10";
11 1 0 174,239 "11";
12 2 0 151,241 "12";
13 1 1 52,222 "13";
14 2 1 13,124 "14";
15 0 1 186,230 "15";
16 1 1 186,192 "16";
17 1 0 106,192 "17";
18 2 1 47,112 "18";
19 1 1 62,143 "19";
20 1 1 6,44 "20";
21 0 1 70,146 "21";
22 1 1 35,206 "22";
23 0 1 98,199 "23";
24 2 1 23,120 "24";
25 1 1 21,111 "25";
26 1 0 34,193 "26";
27 1 0 16,146 "27";
28 1 0 119,230 "28";
29 1 1 65,81 "29";
30 0 1 25,228 "30";
31 1 0 142,154 "31";
32 2 1 23,129 "32";
33 1 1 195,214 "33";
34 1 0 12,63 "34";
35 0 1 36,104 "35";
36 0 0 91,183 "36";
37 2 0 64,91 "37";
38 1 1 1,145 "38";
39 1 0 2,199 "39";
40 2 1 77,115 "40";
41 0 0 90,151 "41";
42 0 0 182,244 "42";
43 2 0 64,177 "43";
44 2 0 62,197 "44";
45 1 1 135,154 "45";
46 2 1 89,217 "46";
47 1 0 27,135 "47";
48 1 0 18,118 "48";
49 1 0 11,54 "49";
50 2 1 15,71 "50";
51 2 1 57,68 "51";
52 0 1 184,239 "52";
53 2 0 64,134 "53";
54 1 0 194,219 "54";
55 1 0 136,208 "55";
56 0 0 105,223 "56";
57 0 0 35,129 "57";
58 1 1 56,194 "58";
59 2 0 25,82 "59";
60 0 1 26,225 "60";
61 0 0 39,241 "61";
62 0 1 34,162 "62";
63 1 0 119,223 "63";
64 2 1 76,172 "64";
65 2 1 30,189 "65";
66 1 0 11,33 "66";
67 1 1 103,108 "67";
68 2 0 142,163 "68";
69 1 0 42,125 "69";
70 2 1 98,191 "70";
71 2 1 18,60 "71";
72 0 0 7,195 "72";
73 0 1 109,142 "73";
74 2 0 16,58 "74";
75 1 0 124,214 "75";
76 0 0 203,218 "76";
77 0 1 140,210 "77";
78 0 0 146,223 "78";
79 0 0 58,202 "79";
80 2 1 26,38 "80";
81 1 0 73,160 "81";
82 1 1 18,210 "82";
83 1 1 61,206 "83";
84 1 1 70,177 "84";
85 0 1 62,213 "85";
86 0 0 6,45 "86";
87 2 1 46,167 "87";
88 2 0 105,109 "88";
89 0 0 107,216 "89";
90 1 0 60,219 "90";
91 1 0 191,239 "91";
92 1 0 95,204 "92";
93 1 1 41,185 "93";
94 2 0 112,170 "94";
95 0 0 97,148 "95";
96 1 1 71,124 "96";
97 1 0 42,146 "97";
98 0 0 22,231 "98";
99 2 0 119,147 "99";
100 1 1 70,219 "100";
101 0 0 93,161 "101";
102 0 0 78,156 "102";
103 0 0 18,194 "103";
104 2 1 152,207 "104";
105 2 1 3,134 "105";
106 1 0 8,63 "106";
107 1 0 61,81 "107";
108 1 0 20,122 "108";
109 1 1 4,49 "109";
110 2 0 143,188 "110";
111 0 1 27,67 "111";
112 2 0 167,169 "112";
113 2 0 111,236 "113";
114 0 0 183,214 "114";
115 0 0 20,100 "115";
116 0 0 75,119 "116";
117 2 0 89,197 "117";
118 0 1 70,74 "118";
119 1 1 53,233 "119";
120 1 0 24,33 "120";
121 2 1 8,202 "121";
122 0 0 123,185 "122";
123 1 0 43,120 "123";
124 0 0 151,206 "124";
125 2 1 22,39 "125";
126 0 0 83,124 "126";
127 0 0 32,206 "127";
128 0 0 112,213 "128";
129 2 0 116,169 "129";
130 2 1 38,207 "130";
131 1 0 70,126 "131";
132 1 0 91,111 "132";
133 1 0 26,235 "133";
134 0 0 77,158 "134";
135 2 0 17,165 "135";
136 1 0 142,229 "136";
137 0 0 59,95 "137";
138 0 1 95,233 "138";
139 1 1 1,84 "139";
140 2 1 21,119 "140";
141 0 1 55,117 "141";
142 2 0 129,213 "142";
143 0 0 117,241 "143";
144 0 1 62,86 "144";
145 1 0 78,87 "145";
146 0 0 185,192 "146";
147 0 0 103,191 "147";
148 2 0 208,225 "148";
149 1 1 103,106 "149";
150 2 0 37,146 "150";
151 1 0 50,225 "151";
152 2 0 33,92 "152";
153 1 1 114,162 "153";
154 0 0 141,205 "154";
155 0 1 16,35 "155";
156 1 1 124,206 "156";
157 0 0 10,241 "157";
158 2 0 101,224 "158";
159 0 1 184,201 "159";
160 2 0 3,220 "160";
161 0 1 160,163 "161";
162 1 1 89,176 "162";
163 0 1 87,103 "163";
164 1 0 18,88 "164";
165 0 1 42,160 "165";
166 2 0 98,151 "166";
167 2 1 121,133 "167";
168 2 0 99,163 "168";
169 2 0 0,82 "169";
170 0 0 27,53 "170";
171 1 1 128,135 "171";
172 2 0 157,234 "172";
173 1 0 41,153 "173";
174 0 1 6,179 "174";
175 0 1 22,108 "175";
176 0 0 57,87 "176";
177 0 0 72,244 "177";
178 1 1 67,201 "178";
179 2 0 6,141 "179";
180 1 0 7,105 "180";
181 2 0 49,142 "181";
182 2 0 106,222 "182";
183 0 1 2,209 "183";
184 2 0 199,221 "184";
185 1 1 101,140 "185";
186 2 0 114,168 "186";
187 1 1 49,200 "187";
188 1 1 3,25 "188";
189 1 1 163,214 "189";
190 0 1 155,185 "190";
191 2 0 0,144 "191";
192 2 1 79,218 "192";
193 0 1 115,218 "193";
194 1 1 5,121 "194";
195 0 1 155,189 "195";
196 2 1 68,103 "196";
197 2 1 103,175 "197";
198 1 0 123,127 "198";
199 2 1 33,242 "199";
200 0 0 9,130 "200";
201 0 1 143,186 "201";
202 2 1 157,236 "202";
203 2 0 10,238 "203";
204 1 0 87,243 "204";
205 0 1 38,111 "205";
206 2 1 42,44 "206";
207 1 0 2,200 "207";
208 2 0 53,184 "208";
209 2 0 67,134 "209";
210 2 0 84,86 "210";
211 1 0 85,141 "211";
212 0 1 34,229 "212";
213 1 1 113,221 "213";
214 0 0 46,243 "214";
215 0 1 18,155 "215";
216 2 1 8,124 "216";
217 2 0 27,184 "217";
218 1 1 125,244 "218";
219 1 0 159,193 "219";
220 2 0 221,233 "220";
221 0 1 79,103 "221";
222 0 0 93,111 "222";
223 1 0 100,194 "223";
224 1 0 34,113 "224";
225 2 1 84,172 "225";
226 0 1 120,233 "226";
227 0 1 110,203 "227";
228 0 1 50,232 "228";
229 0 1 59,165 "229";
230 1 0 69,194 "230";
231 2 1 137,149 "231";
232 1 1 26,223 "232";
233 1 1 4,204 "233";
234 1 1 57,88 "234";
235 1 0 17,32 "235";
236 2 1 232,244 "236";
237 0 1 156,215 "237";
238 1 1 74,186 "238";
239 1 0 64,144 "239";
240 0 1 176,222 "240";
241 0 1 103,225 "241";
242 1 0 216,227 "242";
243 2 0 135,241 "243";
244 2 1 1,235 "244";
