parity 279;
0 0 0 132,252 "0";
1 0 1 204,217 "1";
2 0 0 30,71 "2";
3 2 0 175,180 "3";
4 2 0 11,189 "4";
5 2 1 208,230 "5";
6 1 0 75,104 "6";
7 0 1 70,74 "7";
8 2 0 178,270 "8";
9 2 1 172,210 "9";
10 1 0 90,243 "10";
11 1 1 82,135 "11";
12 2 1 13,123 "12";
13 0 1 80,103 "13";
14 1 0 74,169 "14";
15 1 1 35,77 "15";
16 2 0 70,266 "16";
17 2 1 173,209 "17";
18 2 0 82,246 "18";
19 1 1 164,165 "19";
20 2 0 41,62 "20";
21 2 0 111,166 "21";
22 0 1 27,246 "22";
23 2 0 15,247 "23";
24 0 0 96,163 "24";
25 1 1 53,191 "25";
26 1 1 59,76 "26";
27 0 0 97,227 "27";
28 0 1 45,235 "28";
29 0 1 143,186 "29";
30 0 0 122,260 "30";
31 0 0 66,264 "31";
32 1 0 39,151 "32";
33 2 1 88,193 "33";
34 2 1 154,235 "34";
35 0 0 162,247 "35";
36 0 1 252,269 "36";
37 1 0 153,170 "37";
38 0 0 62,129 "38";
39 0 0 43,226 "39";
40 2 0 14,99 "40";
41 2 1 95,227 "41";
42 2 1 49,134 "42";
43 1 0 22,180 "43";
44 0 0 40,83 "44";
45 0 1 100,187 "45";
46 0 1 176,271 "46";
47 0 0 178,234 "47";
48 2 0 175,202 "48";
49 0 0 108,241 "49";
50 0 0 69,219 "50";
51 1 1 4,120 "51";
52 0 0 32,38 "52";
53 0 0 3,88 "53";
54 0 0 62,198 "54";
55 0 1 126,149 "55";
56 0 0 196,263 "56";
57 2 1 15,40 "57";
58 0 0 30,114 "58";
59 0 0 19,90 "59";
60 2 0 12,118 "60";
61 0 1 65,219 "61";
62 1 0 14,16 "62";
63 2 1 60,167 "63";
64 2 0 14,43 "64";
65 2 1 6,42 "65";
66 2 1 96,255 "66";
67 2 0 23,202 "67";
68 0 0 96,125 "68";
69 0 1 185,191 "69";
70 1 0 25,157 "70";
71 2 0 158,238 "71";
72 2 0 100,255 "72";
73 1 0 38,256 "73";
74 1 0 235,262 "74";
75 1 0 19,201 "75";
76 0 0 126,273 "76";
77 1 0 212,277 "77";
78 2 1 21,167 "78";
79 0 0 65,101 "79";
80 0 1 141,264 "80";
81 2 1 76,179 "81";
82 2 1 151,168 "82";
83 0 1 66,196 "83";
84 1 1 19,115 "84";
85 2 1 6,143 "85";
86 0 0 3,116 "86";
87 1 0 24,275 "87";
88 1 0 187,195 "88";
89 1 1 31,209 "89";
90 1 1 213,235 "90";
91 1 0 147,197 "91";
92 2 0 6,9 "92";
93 1 1 240,246 "93";
94 0 0 68,150 "94";
95 1 0 134,228 "95";
96 2 1 191,278 "96";
97 0 0 14,144 "97";
98 1 0 32,70 "98";
99 2 1 160,167 "99";
100 1 1 32,275 "100";
101 1 1 162,176 "101";
102 2 0 67,240 "102";
103 1 0 149,211 "103";
104 1 1 125,269 "104";
105 2 1 49,117 "105";
106 2 1 8,260 "106";
107 0 0 86,154 "107";
108 1 0 81,150 "108";
109 1 0 57,168 "109";
110 1 1 139,150 "110";
111 1 0 177,206 "111";
112 1 1 228,265 "112";
113 1 0 151,208 "113";
114 2 1 22,113 "114";
115 0 0 12,246 "115";
116 1 1 31,189 "116";
117 0 1 251,274 "117";
118 2 1 93,131 "118";
119 0 0 47,70 "119";
120 1 0 79,277 "120";
121 1 1 124,210 "121";
122 2 1 77,237 "122";
123 0 1 73,122 "123";
124 1 1 41,116 "124";
125 1 0 74,183 "125";
126 0 1 103,167 "126";
127 2 1 32,158 "127";
128 0 0 49,124 "128";
129 0 0 32,252 "129";
130 2 1 71,184 "130";
131 2 1 91,155 "131";
132 1 0 190,234 "132";
133 0 1 92,209 "133";
134 1 0 100,198 "134";
135 2 1 136,149 "135";
136 0 0 68,270 "136";
137 0 0 10,191 "137";
138 0 0 80,131 "138";
139 2 1 172,237 "139";
140 0 0 102,168 "140";
141 2 0 49,134 "141";
142 2 1 21,239 "142";
143 1 0 147,196 "143";
144 2 1 59,66 "144";
145 0 1 89,215 "145";
146 0 1 17,251 "146";
147 2 1 96,118 "147";
148 0 1 31,87 "148";
149 2 0 167,228 "149";
150 2 0 5,23 "150";
151 0 1 101,169 "151";
152 0 1 20,246 "152";
153 2 0 59,150 "153";
154 1 1 2,170 "154";
155 0 1 41,121 "155";
156 0 1 189,202 "156";
157 0 0 17,139 "157";
158 2 1 91,138 "158";
159 0 0 96,186 "159";
160 0 0 167,212 "160";
161 0 1 112,238 "161";
162 1 1 11,24 "162";
163 0 1 176,263 "163";
164 0 1 241,252 "164";
165 0 1 121,194 "165";
166 2 1 142,209 "166";
167 2 1 22,224 "167";
168 1 1 9,150 "168";
169 0 0 128,197 "169";
170 1 0 0,157 "170";
171 0 0 53,279 "171";
172 1 0 100,178 "172";
173 0 1 5,62 "173";
174 0 0 101,272 "174";
175 0 1 11,158 "175";
176 1 1 8,20 "176";
177 2 0 22,167 "177";
178 2 1 14,128 "178";
179 2 0 246,250 "179";
180 0 0 208,231 "180";
181 2 1 41,168 "181";
182 0 0 166,234 "182";
183 0 0 199,268 "183";
184 0 1 4,149 "184";
185 1 0 53,243 "185";
186 1 0 180,207 "186";
187 2 0 49,277 "187";
188 2 0 120,256 "188";
189 2 1 28,193 "189";
190 0 0 53,119 "190";
191 1 1 8,233 "191";
192 1 1 116,189 "192";
193 2 1 101,164 "193";
194 0 0 108,128 "194";
195 1 1 39,197 "195";
196 2 0 106,259 "196";
197 1 0 29,229 "197";
198 1 0 248,261 "198";
199 0 1 171,204 "199";
200 1 1 103,251 "200";
201 2 1 252,255 "201";
202 2 1 111,267 "202";
203 2 0 33,43 "203";
204 0 0 14,228 "204";
205 2 1 32,48 "205";
206 0 0 114,189 "206";
207 0 1 81,166 "207";
208 0 1 60,157 "208";
209 0 1 23,231 "209";
210 1 1 107,186 "210";
211 0 1 112,199 "211";
212 2 1 235,257 "212";
213 1 0 224,248 "213";
214 0 0 130,190 "214";
215 1 1 129,273 "215";
216 0 0 50,235 "216";
217 2 0 34,88 "217";
218 0 0 131,145 "218";
219 2 1 5,257 "219";
220 1 0 153,246 "220";
221 0 0 36,103 "221";
222 1 0 110,163 "222";
223 1 1 12,65 "223";
224 2 1 112,191 "224";
225 1 1 106,262 "225";
226 0 0 21,239 "226";
227 2 0 125,152 "227";
228 2 0 1,145 "228";
229 2 0 133,239 "229";
230 0 1 11,118 "230";
231 2 0 75,247 "231";
232 2 1 151,164 "232";
233 0 1 103,279 "233";
234 1 1 159,187 "234";
235 0 0 61,193 "235";
236 2 0 86,100 "236";
237 0 1 20,81 "237";
238 2 1 36,136 "238";
239 1 1 20,238 "239";
240 0 1 68,146 "240";
241 0 0 203,237 "241";
242 2 1 35,162 "242";
243 1 1 29,232 "243";
244 0 1 54,215 "244";
245 0 0 179,209 "245";
246 1 1 129,259 "246";
247 2 1 151,165 "247";
248 0 0 55,201 "248";
249 0 0 159,244 "249";
250 2 1 24,174 "250";
251 0 0 75,123 "251";
252 2 1 182,236 "252";
253 1 0 27,48 "253";
254 0 0 44,154 "254";
255 2 0 19,102 "255";
256 1 1 19,257 "256";
257 2 0 67,197 "257";
258 2 1 108,261 "258";
259 0 1 82,161 "259";
260 1 1 203,208 "260";
261 1 0 90,185 "261";
262 2 1 22,147 "262";
263 2 0 51,195 "263";
264 0 0 122,218 "264";
265 0 0 35,240 "265";
266 2 1 223,227 "266";
267 2 1 19,204 "267";
268 2 0 89,240 "268";
269 1 1 160,254 "269";
270 2 1 115,197 "270";
271 0 0 102,259 "271";
272 1 0 35,79 "272";
273 1 0 110,166 "273";
274 0 1 62,156 "274";
275 0 1 4,227 "275";
276 1 1 47,161 "276";
277 0 1 127,145 "277";
278 1 0 3,258 "278";
279 1 1 199,214 "279";
