parity 199;
0 2 1 8,165 "0";
1 2 1 189,191 "1";
2 2 0 31,53 "2";
3 1 0 0,99 "3";
4 0 0 86,199 "4";
5 2 1 93,110 "5";
6 2 1 44,92 "6";
7 1 0 57,124 "7";
8 0 1 26,66 "8";
9 2 1 5,54 "9";
10 2 0 39,55 "10";
11 0 1 146,199 "11";
12 0 1 35,70 "12";
13 2 0 7,94 "13";
14 2 1 162,176 "14";
15 1 0 91,104 "15";
16 0 1 117,163 "16";
17 1 0 38,77 "17";
18 2 0 12,192 "18";
19 1 0 118,158 "19";
20 1 0 16,128 "20";
21 2 0 129,185 "21";
22 2 0 15,126 "22";
23 2 0 9,147 "23";
24 1 0 19,164 "24";
25 1 0 120,141 "25";
26 2 0 18,30 "26";
27 0 1 47,158 "27";
28 2 1 62,67 "28";
29 0 1 38,132 "29";
30 0 1 51,181 "30";
31 0 1 68,81 "31";
32 1 0 57,199 "32";
33 2 0 27,173 "33";
34 2 1 74,76 "34";
35 2 1 50,115 "35";
36 0 1 23,171 "36";
37 1 1 98,187 "37";
38 0 1 41,145 "38";
39 2 0 89,131 "39";
40 2 1 47,112 "40";
41 0 0 55,96 "41";
42 1 0 109,190 "42";
43 0 1 9,45 "43";
44 1 1 112,192 "44";
45 0 1 104,130 "45";
46 1 1 96,146 "46";
47 0 1 64,125 "47";
48 0 1 7,166 "48";
49 1 0 11,154 "49";
50 2 1 4,180 "50";
51 1 0 10,140 "51";
52 2 1 123,140 "52";
53 2 1 152,180 "53";
54 0 0 9,168 "54";
55 1 1 22,142 "55";
56 2 1 7,57 "56";
57 1 1 5,114 "57";
58 1 1 47,177 "58";
59 1 0 135,187 "59";
60 2 1 20,163 "60";
61 2 1 121,192 "61";
62 1 1 72,195 "62";
63 0 0 151,157 "63";
64 2 0 28,55 "64";
65 1 1 37,44 "65";
66 2 1 93,185 "66";
67 1 1 188,199 "67";
68 1 0 17,78 "68";
69 1 1 103,188 "69";
70 1 0 72,141 "70";
71 2 0 84,157 "71";
72 2 0 113,124 "72";
73 2 0 83,87 "73";
74 2 0 67,108 "74";
75 2 0 16,175 "75";
76 0 0 14,18 "76";
77 2 0 100,168 "77";
78 2 1 12,123 "78";
79 1 0 61,166 "79";
80 0 0 10,46 "80";
81 0 0 56,116 "81";
82 2 0 69,174 "82";
83 0 0 72,113 "83";
84 1 1 95,97 "84";
85 1 1 46,133 "85";
86 2 0 2,161 "86";
87 2 0 70,106 "87";
88 0 0 68,137 "88";
89 1 0 141,195 "89";
90 1 0 9,158 "90";
91 1 1 155,180 "91";
92 0 1 16,173 "92";
93 1 0 87,178 "93";
94 2 1 79,120 "94";
95 2 0 135,183 "95";
96 1 1 3,41 "96";
97 1 0 111,141 "97";
98 1 0 43,178 "98";
99 1 0 24,72 "99";
100 0 1 5,14 "100";
101 0 0 12,141 "101";
102 2 1 158,191 "102";
103 1 0 122,128 "103";
104 1 1 54,172 "104";
105 0 1 149,152 "105";
106 1 1 140,145 "106";
107 2 0 52,80 "107";
108 1 1 131,189 "108";
109 0 0 107,166 "109";
110 0 0 15,196 "110";
111 2 1 61,93 "111";
112 0 1 11,184 "112";
113 0 1 38,115 "113";
114 2 0 2,117 "114";
115 0 1 7,62 "115";
116 1 1 106,167 "116";
117 2 0 89,133 "117";
118 0 0 155,163 "118";
119 1 1 0,145 "119";
120 0 1 3,67 "120";
121 0 1 101,145 "121";
122 2 0 35,169 "122";
123 1 0 73,82 "123";
124 2 0 107,194 "124";
125 2 1 15,22 "125";
126 0 1 64,123 "126";
127 2 0 10,195 "127";
128 2 1 66,161 "128";
129 0 1 44,166 "129";
130 1 1 52,61 "130";
131 1 0 109,187 "131";
132 0 1 25,156 "132";
133 1 0 62,91 "133";
134 0 0 67,133 "134";
135 2 0 28,59 "135";
136 0 1 75,150 "136";
137 2 0 73,132 "137";
138 1 1 64,150 "138";
139 2 1 8,158 "139";
140 0 1 4,112 "140";
141 2 1 80,153 "141";
142 0 1 107,136 "142";
143 2 0 108,158 "143";
144 0 0 12,67 "144";
145 0 0 140,178 "145";
146 1 1 30,162 "146";
147 2 1 28,125 "147";
148 1 1 19,81 "148";
149 0 1 4,174 "149";
150 0 1 4,123 "150";
151 0 1 89,130 "151";
152 1 1 67,111 "152";
153 2 1 41,161 "153";
154 2 0 109,177 "154";
155 2 0 16,117 "155";
156 2 0 44,107 "156";
157 2 0 190,196 "157";
158 1 1 148,195 "158";
159 2 0 1,122 "159";
160 1 0 48,84 "160";
161 1 1 40,190 "161";
162 1 1 77,96 "162";
163 2 0 6,61 "163";
164 1 0 109,114 "164";
165 0 1 72,77 "165";
166 2 1 162,181 "166";
167 2 0 86,133 "167";
168 1 1 68,162 "168";
169 0 1 55,132 "169";
170 2 1 134,135 "170";
171 0 0 33,56 "171";
172 0 1 21,138 "172";
173 0 1 158,183 "173";
174 2 0 58,68 "174";
175 2 1 42,150 "175";
176 1 1 99,111 "176";
177 2 0 6,197 "177";
178 1 1 8,170 "178";
179 2 0 126,146 "179";
180 1 0 2,14 "180";
181 2 1 123,185 "181";
182 0 0 54,100 "182";
183 2 0 115,126 "183";
184 1 0 109,191 "184";
185 2 0 14,75 "185";
186 2 0 115,143 "186";
187 1 0 35,193 "187";
188 0 0 44,97 "188";
189 0 0 71,87 "189";
190 1 1 36,38 "190";
191 0 0 87,147 "191";
192 0 1 0,4 "192";
193 0 1 145,157 "193";
194 1 0 43,70 "194";
195 0 0 1,161 "195";
196 2 1 148,173 "196";
197 2 1 90,97 "197";
198 2 0 32,39 "198";
199 1 1 17,153 "199";
