parity 234;
0 1 1 12,64 "0";
1 2 1 45,120 "1";
2 0 1 14,214 "2";
3 0 0 140,194 "3";
4 0 0 33,208 "4";
5 0 0 23,232 "5";
6 0 0 138,146 "6";
7 1 1 184,190 "7";
8 0 0 63,128 "8";
9 0 1 20,109 "9";
10 0 0 161,196 "10";
11 0 1 8,42 "11";
12 2 1 14,22 "12";
13 1 0 202,204 "13";
14 1 0 182,203 "14";
15 0 1 79,149 "15";
16 1 0 60,182 "16";
17 0 0 128,184 "17";
18 1 0 56,196 "18";
19 0 1 67,95 "19";
20 1 1 201,219 "20";
21 2 0 109,126 "21";
22 0 1 59,67 "22";
23 1 0 60,149 "23";
24 0 1 21,145 "24";
25 0 1 33,186 "25";
26 2 1 61,69 "26";
27 1 1 72,200 "27";
28 2 1 7,203 "28";
29 2 0 18,203 "29";
30 2 1 3,9 "30";
31 1 0 152,205 "31";
32 2 0 169,177 "32";
33 1 1 30,225 "33";
34 2 0 114,121 "34";
35 1 1 63,222 "35";
36 1 1 39,146 "36";
37 1 1 22,31 "37";
38 1 1 4,54 "38";
39 1 0 57,232 "39";
40 2 1 138,201 "40";
41 2 0 66,126 "41";
42 0 0 61,157 "42";
43 2 1 76,197 "43";
44 2 0 34,84 "44";
45 0 1 98,169 "45";
46 0 1 85,188 "46";
47 0 1 66,164 "47";
48 2 0 151,187 "48";
49 0 1 80,210 "49";
50 0 1 31,126 "50";
51 2 1 1,142 "51";
52 2 1 24,149 "52";
53 0 1 126,168 "53";
54 1 0 111,120 "54";
55 1 1 58,160 "55";
56 2 0 44,58 "56";
57 0 1 47,93 "57";
58 0 0 185,218 "58";
59 0 0 7,118 "59";
60 1 1 78,197 "60";
61 0 0 169,189 "61";
62 1 0 45,151 "62";
63 1 0 11,196 "63";
64 1 0 88,110 "64";
65 0 0 0,119 "65";
66 0 0 133,162 "66";
67 1 0 74,226 "67";
68 1 1 7,217 "68";
69 1 0 14,197 "69";
70 1 0 11,203 "70";
71 1 1 181,195 "71";
72 0 1 113,117 "72";
73 2 0 64,120 "73";
74 2 1 9,176 "74";
75 1 1 41,124 "75";
76 0 1 129,132 "76";
77 1 1 78,218 "77";
78 2 1 105,189 "78";
79 1 1 26,72 "79";
80 0 1 95,206 "80";
81 0 1 7,176 "81";
82 0 0 91,207 "82";
83 2 1 72,97 "83";
84 1 0 70,75 "84";
85 2 0 132,200 "85";
86 1 0 96,216 "86";
87 1 0 26,68 "87";
88 0 1 47,234 "88";
89 0 0 31,178 "89";
90 0 1 144,206 "90";
91 0 0 58,104 "91";
92 1 0 25,104 "92";
93 2 0 72,118 "93";
94 1 0 92,116 "94";
95 1 0 96,103 "95";
96 2 1 170,221 "96";
97 2 1 37,205 "97";
98 2 1 21,91 "98";
99 1 1 49,119 "99";
100 2 1 55,70 "100";
101 1 1 5,201 "101";
102 1 0 51,87 "102";
103 2 1 72,133 "103";
104 1 0 5,139 "104";
105 1 0 40,143 "105";
106 0 0 62,170 "106";
107 2 1 134,201 "107";
108 1 1 88,179 "108";
109 1 0 54,223 "109";
110 2 1 123,180 "110";
111 0 0 45,96 "111";
112 2 0 65,229 "112";
113 2 0 32,53 "113";
114 0 0 14,71 "114";
115 2 0 141,191 "115";
116 2 1 84,229 "116";
117 2 0 214,233 "117";
118 1 0 120,127 "118";
119 2 1 121,152 "119";
120 1 1 56,163 "120";
121 0 1 27,126 "121";
122 1 1 87,208 "122";
123 1 0 61,126 "123";
124 0 1 75,173 "124";
125 1 1 165,170 "125";
126 2 1 115,146 "126";
127 2 0 197,208 "127";
128 0 1 4,188 "128";
129 2 0 16,160 "129";
130 0 1 164,195 "130";
131 2 1 82,224 "131";
132 0 0 172,232 "132";
133 2 0 50,190 "133";
134 0 1 63,188 "134";
135 0 0 94,145 "135";
136 2 0 92,151 "136";
137 1 1 196,219 "137";
138 2 0 204,223 "138";
139 0 0 140,197 "139";
140 0 1 203,220 "140";
141 0 1 101,113 "141";
142 0 0 138,234 "142";
143 0 0 28,155 "143";
144 1 1 38,209 "144";
145 1 1 25,59 "145";
146 1 0 79,224 "146";
147 0 0 57,206 "147";
148 1 1 153,196 "148";
149 2 0 48,233 "149";
150 2 1 113,151 "150";
151 1 0 25,78 "151";
152 2 0 88,94 "152";
153 1 0 53,197 "153";
154 0 0 2,73 "154";
155 0 1 84,212 "155";
156 1 1 73,174 "156";
157 1 1 5,158 "157";
158 0 1 62,219 "158";
159 2 0 12,39 "159";
160 1 1 211,233 "160";
161 1 0 88,231 "161";
162 0 0 98,184 "162";
163 2 0 93,174 "163";
164 0 1 48,179 "164";
165 2 1 110,132 "165";
166 2 0 6,62 "166";
167 0 1 7,170 "167";
168 1 1 35,106 "168";
169 0 0 1,57 "169";
170 0 1 60,222 "170";
171 0 1 129,161 "171";
172 1 0 76,95 "172";
173 2 0 3,104 "173";
174 2 0 126,182 "174";
175 0 0 138,233 "175";
176 0 1 95,194 "176";
177 2 1 198,223 "177";
178 2 0 11,55 "178";
179 2 1 106,228 "179";
180 1 1 19,181 "180";
181 1 0 48,198 "181";
182 0 1 88,198 "182";
183 1 1 56,91 "183";
184 2 1 157,185 "184";
185 0 0 117,182 "185";
186 0 0 17,102 "186";
187 1 0 54,142 "187";
188 2 1 74,185 "188";
189 2 1 101,126 "189";
190 2 1 54,139 "190";
191 0 0 127,149 "191";
192 0 0 64,209 "192";
193 0 1 28,143 "193";
194 1 0 130,204 "194";
195 1 1 33,48 "195";
196 2 0 22,130 "196";
197 0 0 36,164 "197";
198 2 1 115,162 "198";
199 2 0 211,219 "199";
200 2 1 68,124 "200";
201 2 1 85,124 "201";
202 1 0 21,234 "202";
203 2 1 98,228 "203";
204 0 0 68,164 "204";
205 0 1 56,115 "205";
206 0 1 170,221 "206";
207 2 1 66,146 "207";
208 1 0 102,161 "208";
209 1 0 108,173 "209";
210 0 0 140,165 "210";
211 2 0 122,206 "211";
212 2 1 71,205 "212";
213 1 0 15,88 "213";
214 1 1 199,201 "214";
215 2 1 1,8 "215";
216 2 1 43,123 "216";
217 2 1 77,141 "217";
218 2 1 114,181 "218";
219 2 0 116,176 "219";
220 2 1 36,73 "220";
221 1 0 141,165 "221";
222 0 1 11,220 "222";
223 1 1 57,147 "223";
224 1 0 32,151 "224";
225 1 0 51,82 "225";
226 2 0 41,187 "226";
227 0 0 188,206 "227";
228 1 0 124,199 "228";
229 2 0 18,170 "229";
230 1 0 13,91 "230";
231 0 1 95,122 "231";
232 0 1 92,150 "232";
233 0 0 173,198 "233";
234 1 0 111,160 "234";
