parity 219;
0 0 0 141,154 "0";
1 2 0 86,132 "1";
2 2 0 75,119 "2";
3 0 1 9,126 "3";
4 1 1 27,79 "4";
5 1 0 49,153 "5";
6 1 1 46,192 "6";
7 2 1 70,217 "7";
8 2 1 2,111 "8";
9 0 0 63,163 "9";
10 0 0 15,208 "10";
11 1 0 74,96 "11";
12 0 1 11,174 "12";
13 1 1 98,161 "13";
14 1 0 10,45 "14";
15 0 0 140,161 "15";
16 2 0 37,207 "16";
17 2 0 103,141 "17";
18 1 0 124,214 "18";
19 0 0 44,52 "19";
20 2 0 72,160 "20";
21 2 1 86,175 "21";
22 1 0 61,191 "22";
23 0 0 57,69 "23";
24 1 0 92,138 "24";
25 0 0 11,55 "25";
26 1 0 115,212 "26";
27 1 1 76,166 "27";
28 0 0 47,112 "28";
29 0 1 118,181 "29";
30 1 1 141,180 "30";
31 1 1 132,171 "31";
32 0 1 23,85 "32";
33 2 1 179,187 "33";
34 1 0 114,190 "34";
35 0 1 107,164 "35";
36 1 0 6,187 "36";
37 0 1 78,161 "37";
38 0 0 103,160 "38";
39 1 0 31,140 "39";
40 2 0 98,151 "40";
41 0 1 19,29 "41";
42 0 0 28,131 "42";
43 2 0 63,184 "43";
44 1 1 16,88 "44";
45 0 1 77,207 "45";
46 1 0 41,84 "46";
47 0 0 20,206 "47";
48 1 0 60,195 "48";
49 0 0 2,13 "49";
50 0 0 118,193 "50";
51 2 1 114,181 "51";
52 1 0 33,66 "52";
53 1 0 48,151 "53";
54 1 1 17,113 "54";
55 1 1 28,130 "55";
56 1 0 179,191 "56";
57 2 1 54,156 "57";
58 2 0 51,193 "58";
59 1 1 108,184 "59";
60 2 1 176,193 "60";
61 2 0 27,32 "61";
62 1 1 112,152 "62";
63 0 0 73,147 "63";
64 1 1 119,202 "64";
65 0 0 0,77 "65";
66 2 0 1,159 "66";
67 0 1 70,165 "67";
68 1 1 47,150 "68";
69 0 0 67,120 "69";
70 1 1 80,181 "70";
71 1 0 180,193 "71";
72 0 1 79,202 "72";
73 0 0 50,175 "73";
74 0 1 2,204 "74";
75 1 1 3,146 "75";
76 2 1 109,210 "76";
77 2 1 119,161 "77";
78 0 1 23,28 "78";
79 0 0 86,99 "79";
80 2 0 56,146 "80";
81 2 0 106,189 "81";
82 0 0 18,137 "82";
83 0 1 25,97 "83";
84 2 1 201,216 "84";
85 0 0 12,42 "85";
86 1 1 148,199 "86";
87 1 0 31,59 "87";
88 2 0 91,166 "88";
89 0 0 2,47 "89";
90 2 0 47,86 "90";
91 0 1 22,46 "91";
92 2 1 38,102 "92";
93 1 1 43,149 "93";
94 2 1 41,74 "94";
95 2 1 149,202 "95";
96 2 1 10,81 "96";
97 1 1 101,148 "97";
98 0 0 132,152 "98";
99 0 1 62,135 "99";
100 2 1 29,194 "100";
101 2 0 150,180 "101";
102 1 1 32,123 "102";
103 1 1 89,140 "103";
104 0 0 2,34 "104";
105 0 0 103,171 "105";
106 1 0 111,176 "106";
107 1 0 32,214 "107";
108 0 1 1,50 "108";
109 0 0 2,150 "109";
110 1 0 89,114 "110";
111 1 0 36,200 "111";
112 2 0 41,70 "112";
113 2 1 18,34 "113";
114 0 0 93,165 "114";
115 0 0 80,137 "115";
116 2 1 170,204 "116";
117 2 0 6,212 "117";
118 2 1 3,64 "118";
119 2 1 36,125 "119";
120 1 1 42,121 "120";
121 0 1 79,171 "121";
122 2 1 156,184 "122";
123 1 0 47,124 "123";
124 1 0 21,46 "124";
125 2 0 96,172 "125";
126 1 1 3,179 "126";
127 1 0 128,204 "127";
128 0 0 52,102 "128";
129 0 0 111,187 "129";
130 2 0 81,186 "130";
131 2 1 181,217 "131";
132 1 0 78,127 "132";
133 0 1 91,179 "133";
134 2 1 53,177 "134";
135 1 1 40,87 "135";
136 0 1 124,138 "136";
137 1 0 54,94 "137";
138 1 0 9,63 "138";
139 1 1 14,30 "139";
140 0 1 59,144 "140";
141 2 0 71,122 "141";
142 2 1 75,146 "142";
143 2 1 181,197 "143";
144 0 1 54,111 "144";
145 0 1 59,83 "145";
146 1 1 99,152 "146";
147 2 0 162,185 "147";
148 0 1 1,20 "148";
149 1 0 187,213 "149";
150 2 1 124,200 "150";
151 0 1 156,211 "151";
152 1 1 7,92 "152";
153 0 0 19,41 "153";
154 2 0 93,136 "154";
155 0 0 22,136 "155";
156 2 1 16,27 "156";
157 1 0 90,199 "157";
158 0 1 34,83 "158";
159 1 1 9,212 "159";
160 2 1 86,131 "160";
161 2 1 165,215 "161";
162 1 1 135,145 "162";
163 0 1 131,159 "163";
164 0 0 30,123 "164";
165 2 0 1,145 "165";
166 2 0 152,153 "166";
167 2 0 181,199 "167";
168 2 1 184,190 "168";
169 1 1 119,202 "169";
170 0 1 22,201 "170";
171 0 1 20,42 "171";
172 1 1 3,102 "172";
173 1 1 68,121 "173";
174 2 1 25,124 "174";
175 2 1 58,91 "175";
176 1 0 5,126 "176";
177 2 1 126,161 "177";
178 1 1 113,138 "178";
179 2 1 27,91 "179";
180 1 0 98,159 "180";
181 2 1 66,135 "181";
182 1 0 33,47 "182";
183 0 1 43,124 "183";
184 1 0 121,182 "184";
185 2 1 104,176 "185";
186 2 1 188,218 "186";
187 1 0 62,215 "187";
188 2 1 6,160 "188";
189 2 0 42,138 "189";
190 2 0 10,166 "190";
191 0 0 55,74 "191";
192 1 1 35,213 "192";
193 0 1 62,145 "193";
194 2 0 3,54 "194";
195 0 0 54,62 "195";
196 2 0 68,107 "196";
197 2 0 71,113 "197";
198 0 1 59,161 "198";
199 2 1 50,86 "199";
200 2 1 36,50 "200";
201 1 0 8,183 "201";
202 1 0 142,162 "202";
203 1 0 92,148 "203";
204 1 1 75,109 "204";
205 1 1 53,201 "205";
206 1 1 58,91 "206";
207 0 0 32,170 "207";
208 0 1 167,170 "208";
209 0 0 156,207 "209";
210 0 0 147,195 "210";
211 2 0 31,184 "211";
212 2 0 26,67 "212";
213 0 0 66,160 "213";
214 0 1 43,99 "214";
215 2 1 13,110 "215";
216 0 0 29,109 "216";
217 2 0 9,82 "217";
218 1 0 12,170 "218";
219 0 1 57,63 "219";
