parity 219;
0 2 0 146,209 "0";
1 1 1 177,203 "1";
2 2 0 14,202 "2";
3 2 0 80,93 "3";
4 2 1 129,209 "4";
5 2 0 14,51 "5";
6 1 0 87,196 "6";
7 2 1 47,185 "7";
8 0 0 39,199 "8";
9 0 0 149,215 "9";
10 1 0 49,118 "10";
11 2 1 151,196 "11";
12 0 1 7,154 "12";
13 0 0 180,198 "13";
14 0 1 130,211 "14";
15 0 0 12,108 "15";
16 2 0 15,22 "16";
17 1 0 155,192 "17";
18 1 1 7,152 "18";
19 1 0 113,146 "19";
20 2 1 13,206 "20";
21 2 0 156,178 "21";
22 1 0 170,216 "22";
23 0 1 89,141 "23";
24 1 1 0,84 "24";
25 0 1 7,10 "25";
26 0 0 198,204 "26";
27 1 0 117,172 "27";
28 0 0 51,143 "28";
29 2 1 3,148 "29";
30 0 0 58,114 "30";
31 1 0 66,167 "31";
32 1 1 161,166 "32";
33 0 0 44,68 "33";
34 1 0 136,140 "34";
35 1 1 40,165 "35";
36 1 1 67,187 "36";
37 1 1 45,182 "37";
38 2 0 71,99 "38";
39 0 0 78,140 "39";
40 1 1 17,58 "40";
41 2 1 11,207 "41";
42 2 0 37,134 "42";
43 2 1 4,78 "43";
44 2 0 134,165 "44";
45 0 0 82,217 "45";
46 0 0 71,97 "46";
47 2 0 7,145 "47";
48 1 1 31,36 "48";
49 0 0 28,163 "49";
50 1 1 54,97 "50";
51 2 0 99,122 "51";
52 2 0 35,98 "52";
53 0 1 11,57 "53";
54 1 0 62,188 "54";
55 2 0 6,108 "55";
56 0 1 46,58 "56";
57 1 0 76,217 "57";
58 0 1 47,105 "58";
59 2 0 10,45 "59";
60 1 1 64,170 "60";
61 1 1 59,66 "61";
62 0 0 50,110 "62";
63 2 1 111,136 "63";
64 0 0 39,59 "64";
65 2 0 72,150 "65";
66 1 0 124,194 "66";
67 1 0 7,112 "67";
68 1 0 1,35 "68";
69 2 1 135,193 "69";
70 2 0 84,199 "70";
71 0 0 99,217 "71";
72 1 0 33,91 "72";
73 2 0 116,208 "73";
74 0 0 51,146 "74";
75 0 1 8,194 "75";
76 1 1 4,128 "76";
77 2 0 74,168 "77";
78 1 1 64,155 "78";
79 2 1 129,163 "79";
80 2 1 1,25 "80";
81 1 0 92,192 "81";
82 2 0 6,156 "82";
83 0 0 22,155 "83";
84 0 1 134,214 "84";
85 1 1 54,58 "85";
86 0 1 148,168 "86";
87 2 0 62,196 "87";
88 2 0 10,123 "88";
89 2 0 176,199 "89";
90 0 0 156,175 "90";
91 1 1 35,116 "91";
92 1 1 180,213 "92";
93 2 0 22,27 "93";
94 0 0 10,126 "94";
95 2 0 66,213 "95";
96 2 0 105,183 "96";
97 2 0 43,51 "97";
98 0 1 106,111 "98";
99 1 0 36,178 "99";
100 1 0 35,41 "100";
101 2 0 103,117 "101";
102 1 0 49,141 "102";
103 0 0 43,153 "103";
104 1 1 128,186 "104";
105 1 0 26,188 "105";
106 1 1 81,108 "106";
107 1 0 32,71 "107";
108 1 1 46,51 "108";
109 1 0 9,43 "109";
110 1 1 2,23 "110";
111 1 0 61,168 "111";
112 2 0 141,185 "112";
113 0 0 164,174 "113";
114 2 0 16,48 "114";
115 1 1 90,174 "115";
116 1 0 2,164 "116";
117 0 0 3,55 "117";
118 0 1 107,174 "118";
119 1 0 0,85 "119";
120 0 1 58,77 "120";
121 0 1 129,187 "121";
122 2 0 63,137 "122";
123 1 0 107,188 "123";
124 0 0 6,153 "124";
125 1 0 85,191 "125";
126 0 1 26,168 "126";
127 1 0 130,203 "127";
128 0 1 63,145 "128";
129 2 1 15,105 "129";
130 0 0 105,212 "130";
131 1 0 29,95 "131";
132 2 1 108,135 "132";
133 1 1 0,36 "133";
134 0 1 136,205 "134";
135 2 1 64,127 "135";
136 0 1 77,150 "136";
137 2 0 184,216 "137";
138 1 0 17,218 "138";
139 2 1 50,180 "139";
140 2 0 86,152 "140";
141 1 0 13,87 "141";
142 0 1 131,217 "142";
143 0 1 22,74 "143";
144 2 1 17,127 "144";
145 0 1 45,209 "145";
146 2 1 101,152 "146";
147 2 0 117,170 "147";
148 2 1 50,213 "148";
149 0 1 20,113 "149";
150 1 0 40,184 "150";
151 2 1 106,197 "151";
152 1 0 114,142 "152";
153 0 0 34,36 "153";
154 1 0 77,116 "154";
155 0 1 73,84 "155";
156 0 1 43,126 "156";
157 1 0 62,212 "157";
158 0 0 40,182 "158";
159 0 0 143,201 "159";
160 0 0 89,123 "160";
161 2 1 100,114 "161";
162 2 0 193,215 "162";
163 1 0 114,178 "163";
164 2 0 150,171 "164";
165 2 1 2,80 "165";
166 2 0 82,207 "166";
167 0 0 7,19 "167";
168 0 0 22,160 "168";
169 2 0 40,109 "169";
170 0 1 85,142 "170";
171 1 0 97,123 "171";
172 0 0 90,197 "172";
173 0 1 59,165 "173";
174 2 1 62,153 "174";
175 0 0 66,211 "175";
176 2 0 97,214 "176";
177 2 0 38,72 "177";
178 0 1 32,52 "178";
179 2 0 0,152 "179";
180 1 0 123,171 "180";
181 0 0 112,152 "181";
182 1 1 67,117 "182";
183 2 0 30,49 "183";
184 1 0 57,198 "184";
185 0 1 39,178 "185";
186 1 0 68,192 "186";
187 1 1 178,211 "187";
188 1 0 59,181 "188";
189 1 1 81,99 "189";
190 2 0 57,152 "190";
191 0 1 83,92 "191";
192 0 0 85,124 "192";
193 1 0 76,188 "193";
194 2 1 90,183 "194";
195 0 1 30,144 "195";
196 2 0 190,201 "196";
197 0 1 159,162 "197";
198 1 0 57,77 "198";
199 0 0 1,202 "199";
200 1 1 82,126 "200";
201 2 0 73,155 "201";
202 2 1 18,81 "202";
203 0 1 20,95 "203";
204 2 0 87,212 "204";
205 0 1 137,210 "205";
206 1 0 2,113 "206";
207 1 0 76,219 "207";
208 0 1 21,183 "208";
209 1 0 91,125 "209";
210 1 1 163,193 "210";
211 0 0 115,183 "211";
212 2 0 110,178 "212";
213 1 0 21,49 "213";
214 0 0 156,209 "214";
215 1 0 132,211 "215";
216 0 1 61,83 "216";
217 1 1 16,77 "217";
218 0 0 176,177 "218";
219 1 1 76,215 "219";
