parity 279;
0 1 0 130,191 "0";
1 2 0 200,235 "1";
2 1 0 31,156 "2";
3 2 1 50,241 "3";
4 0 1 80,111 "4";
5 2 0 56,129 "5";
6 0 1 11,192 "6";
7 0 1 18,163 "7";
8 0 0 36,55 "8";
9 0 0 236,277 "9";
10 1 0 71,119 "10";
11 0 1 73,146 "11";
12 0 0 60,139 "12";
13 0 1 48,51 "13";
14 2 0 15,276 "14";
15 1 0 32,172 "15";
16 0 1 135,221 "16";
17 1 1 57,70 "17";
18 0 0 13,116 "18";
19 0 1 197,262 "19";
20 1 0 12,67 "20";
21 0 0 221,244 "21";
22 0 0 23,103 "22";
23 1 0 40,129 "23";
24 2 1 155,252 "24";
25 2 0 136,258 "25";
26 2 1 97,184 "26";
27 1 1 160,163 "27";
28 0 1 58,159 "28";
29 2 1 18,249 "29";
30 1 1 31,264 "30";
31 2 0 50,202 "31";
32 0 0 84,156 "32";
33 2 1 182,252 "33";
34 2 1 21,186 "34";
35 0 0 161,268 "35";
36 2 0 103,153 "36";
37 2 1 53,233 "37";
38 0 1 7,62 "38";
39 0 0 31,225 "39";
40 1 1 28,270 "40";
41 1 1 145,223 "41";
42 1 0 73,75 "42";
43 1 1 89,208 "43";
44 1 1 4,149 "44";
45 2 0 31,270 "45";
46 2 0 16,260 "46";
47 0 0 11,46 "47";
48 2 0 120,148 "48";
49 1 1 108,150 "49";
50 1 0 187,212 "50";
51 2 0 128,260 "51";
52 1 1 117,220 "52";
53 2 1 18,86 "53";
54 2 0 70,76 "54";
55 1 1 112,164 "55";
56 0 0 49,243 "56";
57 1 0 160,239 "57";
58 1 0 124,257 "58";
59 1 0 70,233 "59";
60 0 1 218,228 "60";
61 0 1 79,166 "61";
62 2 1 124,174 "62";
63 0 0 167,195 "63";
64 2 0 23,139 "64";
65 2 1 42,145 "65";
66 1 0 154,259 "66";
67 0 0 10,137 "67";
68 2 1 52,133 "68";
69 2 1 160,239 "69";
70 2 1 91,195 "70";
71 2 0 53,77 "71";
72 2 0 2,145 "72";
73 2 0 41,135 "73";
74 2 1 231,247 "74";
75 2 1 220,278 "75";
76 1 1 58,99 "76";
77 2 1 147,208 "77";
78 0 1 43,139 "78";
79 0 0 20,268 "79";
80 2 0 190,276 "80";
81 2 1 114,127 "81";
82 2 0 173,260 "82";
83 2 0 48,107 "83";
84 0 1 220,272 "84";
85 2 1 81,108 "85";
86 0 0 219,274 "86";
87 2 0 172,261 "87";
88 1 1 2,19 "88";
89 0 0 67,187 "89";
90 2 0 102,209 "90";
91 2 1 32,113 "91";
92 0 1 21,66 "92";
93 0 1 163,249 "93";
94 0 0 218,243 "94";
95 2 0 59,76 "95";
96 2 0 183,229 "96";
97 1 1 26,44 "97";
98 1 1 8,136 "98";
99 1 0 124,260 "99";
100 0 1 184,244 "100";
101 1 1 98,209 "101";
102 2 1 41,61 "102";
103 2 1 62,204 "103";
104 2 1 183,199 "104";
105 0 0 62,151 "105";
106 0 0 31,244 "106";
107 1 0 112,178 "107";
108 1 1 162,270 "108";
109 0 1 70,250 "109";
110 0 1 233,258 "110";
111 2 1 114,120 "111";
112 2 1 130,239 "112";
113 1 0 237,263 "113";
114 0 0 104,194 "114";
115 0 1 112,169 "115";
116 2 0 16,189 "116";
117 0 1 177,208 "117";
118 0 1 156,166 "118";
119 0 1 145,202 "119";
120 2 1 70,176 "120";
121 0 0 185,214 "121";
122 0 1 116,183 "122";
123 1 1 152,194 "123";
124 1 0 76,209 "124";
125 1 0 114,255 "125";
126 2 1 53,123 "126";
127 1 0 189,230 "127";
128 2 1 79,84 "128";
129 0 0 11,79 "129";
130 2 0 36,43 "130";
131 2 1 154,245 "131";
132 2 1 28,133 "132";
133 0 1 8,27 "133";
134 1 0 235,239 "134";
135 1 0 219,244 "135";
136 2 0 86,252 "136";
137 0 0 45,208 "137";
138 1 0 33,177 "138";
139 2 1 182,271 "139";
140 0 0 131,218 "140";
141 2 0 0,108 "141";
142 2 1 51,202 "142";
143 1 1 73,227 "143";
144 2 0 29,155 "144";
145 2 1 41,157 "145";
146 0 1 27,158 "146";
147 0 0 174,218 "147";
148 1 1 128,243 "148";
149 1 1 183,218 "149";
150 1 0 1,212 "150";
151 1 1 3,9 "151";
152 2 0 27,103 "152";
153 0 0 83,92 "153";
154 2 1 36,65 "154";
155 1 0 151,156 "155";
156 2 1 66,137 "156";
157 1 1 117,161 "157";
158 1 1 269,277 "158";
159 1 0 4,36 "159";
160 1 1 2,203 "160";
161 0 1 181,252 "161";
162 0 1 13,75 "162";
163 1 1 3,240 "163";
164 0 1 73,167 "164";
165 2 0 93,135 "165";
166 2 0 74,201 "166";
167 2 1 108,142 "167";
168 1 1 69,268 "168";
169 2 1 94,115 "169";
170 1 1 157,202 "170";
171 1 1 0,191 "171";
172 0 1 101,216 "172";
173 1 1 31,92 "173";
174 1 1 29,97 "174";
175 0 1 3,44 "175";
176 1 0 107,211 "176";
177 1 1 74,106 "177";
178 0 0 82,139 "178";
179 2 0 79,127 "179";
180 0 0 6,146 "180";
181 1 0 244,267 "181";
182 0 0 110,121 "182";
183 2 1 16,23 "183";
184 0 1 23,209 "184";
185 2 0 155,209 "185";
186 2 1 243,272 "186";
187 1 1 94,110 "187";
188 0 1 0,142 "188";
189 1 0 32,250 "189";
190 1 1 197,201 "190";
191 1 1 214,276 "191";
192 0 0 189,237 "192";
193 1 0 221,231 "193";
194 0 1 163,247 "194";
195 1 1 55,263 "195";
196 2 0 69,171 "196";
197 2 0 102,240 "197";
198 0 0 5,74 "198";
199 0 0 49,222 "199";
200 2 1 31,48 "200";
201 2 0 32,180 "201";
202 0 1 98,208 "202";
203 2 0 22,154 "203";
204 2 1 94,119 "204";
205 1 1 12,29 "205";
206 2 0 102,107 "206";
207 2 1 99,203 "207";
208 1 0 117,167 "208";
209 0 1 27,131 "209";
210 2 0 36,103 "210";
211 0 1 137,239 "211";
212 0 0 101,110 "212";
213 1 1 197,207 "213";
214 1 0 86,200 "214";
215 1 0 68,250 "215";
216 0 1 35,131 "216";
217 0 1 61,121 "217";
218 1 0 11,34 "218";
219 2 1 34,189 "219";
220 0 1 82,228 "220";
221 2 0 104,184 "221";
222 2 1 120,173 "222";
223 2 1 37,275 "223";
224 1 0 24,110 "224";
225 2 0 74,121 "225";
226 2 0 146,192 "226";
227 2 1 35,199 "227";
228 0 1 275,277 "228";
229 1 1 13,123 "229";
230 2 1 19,161 "230";
231 1 1 116,210 "231";
232 1 0 17,194 "232";
233 2 0 186,215 "233";
234 2 0 33,117 "234";
235 0 0 131,159 "235";
236 1 1 96,252 "236";
237 1 0 77,152 "237";
238 2 0 128,229 "238";
239 0 1 69,212 "239";
240 0 0 54,96 "240";
241 0 0 188,273 "241";
242 1 1 88,109 "242";
243 2 1 160,264 "243";
244 2 0 36,204 "244";
245 0 1 12,103 "245";
246 1 0 42,145 "246";
247 1 0 6,113 "247";
248 0 0 1,140 "248";
249 1 0 204,213 "249";
250 1 1 136,149 "250";
251 0 0 66,210 "251";
252 1 0 218,232 "252";
253 2 1 16,24 "253";
254 0 0 123,145 "254";
255 2 0 64,73 "255";
256 0 1 66,174 "256";
257 1 0 63,252 "257";
258 2 1 224,254 "258";
259 1 0 24,98 "259";
260 1 1 138,165 "260";
261 2 1 24,45 "261";
262 1 0 16,240 "262";
263 0 1 16,27 "263";
264 1 1 225,271 "264";
265 2 0 220,260 "265";
266 2 0 18,78 "266";
267 2 1 204,254 "267";
268 1 1 79,269 "268";
269 2 1 2,67 "269";
270 2 1 167,250 "270";
271 1 1 98,146 "271";
272 2 1 40,102 "272";
273 2 0 8,215 "273";
274 2 0 54,190 "274";
275 0 1 197,272 "275";
276 0 1 203,220 "276";
277 1 1 149,211 "277";
278 0 0 106,245 "278";
279 0 1 17,92 "279";
