parity 214;
0 0 1 51,112 "0";
1 0 0 87,202 "1";
2 0 0 19,108 "2";
3 0 1 30,144 "3";
4 0 0 8,29 "4";
5 2 0 28,153 "5";
6 2 0 55,180 "6";
7 2 0 11,67 "7";
8 2 0 96,119 "8";
9 2 0 8,15 "9";
10 2 0 71,189 "10";
11 1 1 31,79 "11";
12 2 1 1,167 "12";
13 2 0 141,173 "13";
14 1 1 112,148 "14";
15 0 1 21,173 "15";
16 0 0 131,182 "16";
17 2 1 61,208 "17";
18 2 1 11,162 "18";
19 1 0 23,39 "19";
20 0 1 29,105 "20";
21 1 0 55,180 "21";
22 0 1 30,168 "22";
23 2 1 12,112 "23";
24 0 0 28,154 "24";
25 1 0 12,94 "25";
26 2 0 33,174 "26";
27 0 1 64,97 "27";
28 0 0 22,93 "28";
29 0 1 122,151 "29";
30 1 0 158,176 "30";
31 1 1 41,55 "31";
32 0 1 13,66 "32";
33 1 0 16,152 "33";
34 2 0 0,13 "34";
35 0 0 86,192 "35";
36 0 0 34,38 "36";
37 0 1 86,121 "37";
38 0 1 106,161 "38";
39 0 0 107,174 "39";
40 1 1 30,199 "40";
41 1 1 61,121 "41";
42 2 1 93,198 "42";
43 2 1 41,214 "43";
44 0 1 32,123 "44";
45 0 0 16,120 "45";
46 2 0 18,71 "46";
47 1 0 65,108 "47";
48 0 1 87,177 "48";
49 1 0 68,125 "49";
50 1 1 64,115 "50";
51 0 1 46,199 "51";
52 2 0 79,150 "52";
53 2 0 45,213 "53";
54 2 1 3,195 "54";
55 0 1 154,160 "55";
56 1 1 58,92 "56";
57 0 0 52,177 "57";
58 0 1 83,123 "58";
59 0 0 27,133 "59";
60 0 1 47,143 "60";
61 0 0 58,171 "61";
62 0 1 12,160 "62";
63 2 1 131,173 "63";
64 1 1 31,82 "64";
65 2 1 126,154 "65";
66 0 1 6,83 "66";
67 2 1 97,170 "67";
68 2 1 121,203 "68";
69 1 1 59,81 "69";
70 2 1 91,164 "70";
71 2 1 39,83 "71";
72 1 0 56,188 "72";
73 1 0 17,146 "73";
74 1 0 27,184 "74";
75 0 0 48,193 "75";
76 1 0 21,30 "76";
77 2 0 107,122 "77";
78 0 0 11,106 "78";
79 2 0 136,175 "79";
80 1 1 171,198 "80";
81 1 1 49,78 "81";
82 2 0 103,209 "82";
83 1 0 25,80 "83";
84 2 0 30,201 "84";
85 2 0 163,164 "85";
86 1 1 31,209 "86";
87 2 1 15,58 "87";
88 2 1 23,54 "88";
89 0 1 159,165 "89";
90 2 0 9,69 "90";
91 0 0 28,64 "91";
92 1 1 114,167 "92";
93 0 0 90,161 "93";
94 2 0 30,42 "94";
95 0 1 72,195 "95";
96 2 0 20,81 "96";
97 1 1 94,131 "97";
98 1 0 129,186 "98";
99 1 0 48,115 "99";
100 1 1 68,190 "100";
101 1 1 100,142 "101";
102 1 0 48,144 "102";
103 2 0 81,123 "103";
104 1 1 131,160 "104";
105 2 1 89,197 "105";
106 1 1 171,202 "106";
107 0 1 89,103 "107";
108 0 0 23,27 "108";
109 0 0 36,141 "109";
110 0 0 58,121 "110";
111 1 0 79,195 "111";
112 2 1 128,154 "112";
113 1 0 151,179 "113";
114 0 1 16,92 "114";
115 0 1 179,190 "115";
116 0 1 64,119 "116";
117 2 1 151,153 "117";
118 2 1 28,185 "118";
119 1 0 68,202 "119";
120 0 0 96,129 "120";
121 0 1 70,157 "121";
122 1 1 144,187 "122";
123 0 1 6,66 "123";
124 1 0 120,149 "124";
125 0 1 84,203 "125";
126 1 1 129,185 "126";
127 1 1 96,174 "127";
128 0 0 0,32 "128";
129 1 1 34,78 "129";
130 0 1 43,152 "130";
131 2 0 24,188 "131";
132 1 1 129,194 "132";
133 0 0 11,19 "133";
134 0 1 118,189 "134";
135 2 0 106,121 "135";
136 2 0 100,145 "136";
137 1 0 157,177 "137";
138 1 0 12,141 "138";
139 2 1 172,175 "139";
140 2 1 61,204 "140";
141 2 1 72,132 "141";
142 1 1 33,144 "142";
143 2 1 95,156 "143";
144 2 0 59,111 "144";
145 1 1 128,149 "145";
146 1 1 75,96 "146";
147 2 0 61,98 "147";
148 0 0 12,86 "148";
149 2 0 71,108 "149";
150 2 1 68,208 "150";
151 1 0 94,99 "151";
152 1 1 28,57 "152";
153 2 0 94,131 "153";
154 2 0 167,169 "154";
155 2 1 130,163 "155";
156 1 0 95,141 "156";
157 2 0 1,99 "157";
158 1 0 209,213 "158";
159 2 0 28,89 "159";
160 0 1 149,185 "160";
161 1 0 22,139 "161";
162 0 0 102,208 "162";
163 2 0 143,181 "163";
164 1 0 34,131 "164";
165 2 0 103,181 "165";
166 1 0 5,67 "166";
167 1 0 51,163 "167";
168 2 0 91,133 "168";
169 1 0 141,175 "169";
170 1 1 5,59 "170";
171 2 0 132,150 "171";
172 2 0 31,53 "172";
173 2 1 102,154 "173";
174 2 0 98,188 "174";
175 0 0 116,195 "175";
176 0 1 63,162 "176";
177 2 0 18,108 "177";
178 0 0 36,195 "178";
179 1 0 16,103 "179";
180 1 1 114,138 "180";
181 0 1 17,108 "181";
182 2 1 30,214 "182";
183 1 0 2,71 "183";
184 2 1 98,105 "184";
185 2 0 23,142 "185";
186 0 0 40,183 "186";
187 0 1 157,179 "187";
188 0 0 25,138 "188";
189 1 0 33,105 "189";
190 2 1 5,208 "190";
191 1 0 36,165 "191";
192 1 1 73,200 "192";
193 0 1 4,66 "193";
194 2 0 4,181 "194";
195 2 0 40,114 "195";
196 0 0 28,173 "196";
197 2 1 17,200 "197";
198 1 0 160,163 "198";
199 0 1 50,103 "199";
200 2 1 71,142 "200";
201 0 1 15,34 "201";
202 2 0 6,124 "202";
203 1 1 2,11 "203";
204 2 1 44,137 "204";
205 1 1 103,107 "205";
206 0 0 15,91 "206";
207 2 0 61,139 "207";
208 1 1 176,205 "208";
209 2 0 59,171 "209";
210 2 0 73,95 "210";
211 0 0 174,196 "211";
212 2 0 30,122 "212";
213 0 1 167,171 "213";
214 1 0 87,203 "214";
