parity 279;
0 1 1 201,203 "0";
1 2 1 5,127 "1";
2 2 1 233,247 "2";
3 1 0 16,18 "3";
4 2 1 78,143 "4";
5 1 0 178,222 "5";
6 0 1 31,109 "6";
7 1 0 180,210 "7";
8 0 1 204,250 "8";
9 1 1 2,152 "9";
10 2 1 41,106 "10";
11 0 0 237,249 "11";
12 2 0 62,251 "12";
13 2 1 10,148 "13";
14 2 1 45,265 "14";
15 2 1 5,14 "15";
16 0 0 3,247 "16";
17 2 1 77,98 "17";
18 2 1 240,271 "18";
19 1 1 206,215 "19";
20 2 0 47,170 "20";
21 0 0 46,133 "21";
22 1 1 30,205 "22";
23 1 0 162,183 "23";
24 0 0 26,109 "24";
25 1 0 6,57 "25";
26 2 1 123,277 "26";
27 2 1 135,247 "27";
28 0 0 38,201 "28";
29 0 0 90,268 "29";
30 0 0 29,240 "30";
31 2 0 102,199 "31";
32 2 1 79,263 "32";
33 1 1 53,266 "33";
34 2 1 46,200 "34";
35 2 0 12,153 "35";
36 2 0 10,131 "36";
37 2 0 195,275 "37";
38 1 0 28,91 "38";
39 2 0 29,69 "39";
40 0 0 128,203 "40";
41 1 0 92,207 "41";
42 0 1 206,253 "42";
43 2 1 52,74 "43";
44 0 1 16,171 "44";
45 0 0 43,216 "45";
46 2 1 214,219 "46";
47 1 1 168,222 "47";
48 2 1 2,263 "48";
49 0 0 174,217 "49";
50 0 1 84,166 "50";
51 1 1 22,65 "51";
52 0 1 67,146 "52";
53 1 1 189,267 "53";
54 0 0 75,236 "54";
55 0 0 43,202 "55";
56 2 1 208,240 "56";
57 1 0 35,237 "57";
58 2 1 103,122 "58";
59 2 1 249,255 "59";
60 0 0 55,131 "60";
61 1 1 104,222 "61";
62 1 0 118,123 "62";
63 1 0 120,181 "63";
64 2 1 30,58 "64";
65 2 0 49,200 "65";
66 1 1 2,257 "66";
67 1 1 127,250 "67";
68 2 1 79,231 "68";
69 2 0 189,223 "69";
70 1 1 122,167 "70";
71 1 1 144,180 "71";
72 2 0 13,224 "72";
73 1 0 32,89 "73";
74 0 0 221,226 "74";
75 0 0 219,270 "75";
76 2 1 30,229 "76";
77 2 0 87,157 "77";
78 1 1 94,235 "78";
79 2 0 17,206 "79";
80 2 0 245,259 "80";
81 1 1 103,113 "81";
82 2 1 93,192 "82";
83 0 1 125,251 "83";
84 1 1 94,276 "84";
85 2 0 6,243 "85";
86 1 1 1,186 "86";
87 1 0 72,134 "87";
88 1 0 120,163 "88";
89 1 1 32,206 "89";
90 2 0 19,57 "90";
91 0 1 229,265 "91";
92 1 1 113,278 "92";
93 2 1 49,260 "93";
94 1 0 96,245 "94";
95 2 1 28,115 "95";
96 1 1 114,277 "96";
97 2 0 156,230 "97";
98 0 0 132,226 "98";
99 0 0 51,212 "99";
100 2 0 21,168 "100";
101 0 0 15,228 "101";
102 1 0 55,262 "102";
103 2 1 209,269 "103";
104 2 1 106,207 "104";
105 2 0 16,112 "105";
106 1 0 10,112 "106";
107 0 1 65,130 "107";
108 1 0 99,275 "108";
109 1 1 149,250 "109";
110 1 1 77,133 "110";
111 2 0 132,230 "111";
112 2 0 58,253 "112";
113 0 0 47,261 "113";
114 1 0 78,181 "114";
115 2 1 170,263 "115";
116 1 1 94,189 "116";
117 0 1 211,240 "117";
118 1 1 157,197 "118";
119 1 1 175,237 "119";
120 1 1 150,269 "120";
121 0 0 114,229 "121";
122 2 1 41,275 "122";
123 1 0 140,270 "123";
124 0 1 19,204 "124";
125 0 0 35,215 "125";
126 1 0 159,190 "126";
127 2 1 137,211 "127";
128 1 0 49,67 "128";
129 1 1 56,145 "129";
130 2 0 98,122 "130";
131 0 0 86,180 "131";
132 0 0 24,199 "132";
133 2 1 251,269 "133";
134 2 1 141,152 "134";
135 2 1 113,258 "135";
136 1 0 3,252 "136";
137 2 0 60,74 "137";
138 0 1 10,151 "138";
139 0 0 63,133 "139";
140 0 1 12,69 "140";
141 2 0 18,213 "141";
142 1 0 91,277 "142";
143 2 0 62,193 "143";
144 0 0 76,172 "144";
145 2 1 29,121 "145";
146 0 1 46,247 "146";
147 0 1 212,270 "147";
148 1 1 152,193 "148";
149 1 0 93,213 "149";
150 0 0 24,247 "150";
151 1 0 131,133 "151";
152 1 0 55,180 "152";
153 0 0 77,210 "153";
154 2 1 51,200 "154";
155 0 1 126,171 "155";
156 2 1 218,276 "156";
157 0 1 230,273 "157";
158 2 1 45,267 "158";
159 2 1 44,229 "159";
160 1 0 199,264 "160";
161 0 1 76,246 "161";
162 1 0 130,167 "162";
163 0 1 138,225 "163";
164 0 1 11,156 "164";
165 0 1 29,148 "165";
166 0 1 89,222 "166";
167 2 1 104,168 "167";
168 0 0 71,124 "168";
169 2 0 135,279 "169";
170 1 0 200,265 "170";
171 1 1 107,112 "171";
172 0 0 122,188 "172";
173 2 0 199,271 "173";
174 2 0 110,206 "174";
175 2 0 146,278 "175";
176 1 0 186,228 "176";
177 1 0 16,156 "177";
178 0 1 104,220 "178";
179 0 1 137,164 "179";
180 1 0 19,145 "180";
181 0 0 9,14 "181";
182 0 1 108,267 "182";
183 2 0 63,161 "183";
184 2 0 25,240 "184";
185 0 1 80,90 "185";
186 2 1 79,107 "186";
187 0 1 35,237 "187";
188 0 0 97,231 "188";
189 2 0 265,269 "189";
190 0 0 192,212 "190";
191 2 1 99,248 "191";
192 2 0 175,187 "192";
193 2 0 100,239 "193";
194 1 1 108,246 "194";
195 2 0 14,260 "195";
196 2 0 21,258 "196";
197 1 0 74,225 "197";
198 1 1 203,228 "198";
199 0 1 197,206 "199";
200 0 0 46,196 "200";
201 2 0 171,235 "201";
202 0 0 35,78 "202";
203 1 0 95,227 "203";
204 1 0 31,162 "204";
205 2 0 34,80 "205";
206 2 0 1,26 "206";
207 0 1 34,256 "207";
208 0 1 203,230 "208";
209 1 0 43,220 "209";
210 2 0 21,230 "210";
211 1 0 56,126 "211";
212 2 1 172,220 "212";
213 2 0 44,206 "213";
214 2 1 175,198 "214";
215 0 1 14,196 "215";
216 2 0 115,150 "216";
217 0 1 46,82 "217";
218 1 1 10,70 "218";
219 2 0 90,249 "219";
220 0 1 5,57 "220";
221 2 1 14,59 "221";
222 0 1 56,69 "222";
223 2 0 1,35 "223";
224 1 0 71,276 "224";
225 0 0 35,267 "225";
226 2 1 200,276 "226";
227 0 0 143,259 "227";
228 0 1 244,275 "228";
229 2 1 61,106 "229";
230 0 0 40,122 "230";
231 2 0 91,157 "231";
232 2 1 31,149 "232";
233 0 0 15,191 "233";
234 1 1 115,124 "234";
235 0 1 146,152 "235";
236 0 0 202,209 "236";
237 2 0 78,187 "237";
238 2 0 10,251 "238";
239 0 0 87,251 "239";
240 0 0 93,221 "240";
241 0 1 2,43 "241";
242 2 0 115,144 "242";
243 1 1 56,115 "243";
244 0 0 166,266 "244";
245 0 0 33,211 "245";
246 1 1 60,269 "246";
247 1 0 244,269 "247";
248 1 1 37,273 "248";
249 0 0 124,238 "249";
250 1 0 176,232 "250";
251 2 0 254,266 "251";
252 1 1 85,200 "252";
253 2 0 104,144 "253";
254 1 0 143,227 "254";
255 2 0 39,243 "255";
256 2 1 202,252 "256";
257 2 0 46,115 "257";
258 1 1 48,166 "258";
259 1 1 159,276 "259";
260 2 1 66,73 "260";
261 2 1 195,229 "261";
262 0 0 7,43 "262";
263 0 1 118,200 "263";
264 2 1 30,247 "264";
265 2 0 118,274 "265";
266 1 0 20,106 "266";
267 1 0 246,270 "267";
268 0 0 147,168 "268";
269 2 0 31,100 "269";
270 1 1 26,149 "270";
271 0 1 29,161 "271";
272 2 0 31,270 "272";
273 1 0 2,33 "273";
274 2 0 5,183 "274";
275 1 0 278,279 "275";
276 0 0 226,267 "276";
277 0 0 115,135 "277";
278 0 1 149,238 "278";
279 0 0 219,244 "279";
