parity 269;
0 0 1 261,265 "0";
1 2 1 10,14 "1";
2 1 0 165,204 "2";
3 1 0 60,105 "3";
4 2 1 208,260 "4";
5 1 1 110,243 "5";
6 1 1 34,90 "6";
7 2 1 211,260 "7";
8 2 0 61,68 "8";
9 1 1 71,148 "9";
10 2 1 47,268 "10";
11 1 0 108,143 "11";
12 1 0 5,214 "12";
13 1 0 63,161 "13";
14 1 0 34,266 "14";
15 1 1 9,130 "15";
16 0 1 0,157 "16";
17 0 0 121,142 "17";
18 0 0 63,65 "18";
19 2 0 121,221 "19";
20 1 0 49,52 "20";
21 1 0 127,156 "21";
22 0 1 54,143 "22";
23 1 0 126,237 "23";
24 2 0 118,127 "24";
25 1 1 154,215 "25";
26 0 1 13,59 "26";
27 0 1 134,219 "27";
28 0 1 102,166 "28";
29 1 1 197,207 "29";
30 2 1 245,260 "30";
31 1 1 61,265 "31";
32 0 1 48,72 "32";
33 1 0 6,173 "33";
34 0 1 21,226 "34";
35 2 1 88,231 "35";
36 2 1 144,234 "36";
37 0 0 25,107 "37";
38 0 0 19,35 "38";
39 2 1 95,182 "39";
40 2 0 68,163 "40";
41 2 0 102,241 "41";
42 0 0 129,229 "42";
43 0 0 123,154 "43";
44 1 1 38,218 "44";
45 1 1 23,106 "45";
46 0 0 22,29 "46";
47 2 0 24,154 "47";
48 1 1 94,155 "48";
49 0 0 18,51 "49";
50 1 1 21,128 "50";
51 0 1 224,267 "51";
52 1 0 23,171 "52";
53 2 0 15,161 "53";
54 0 1 208,247 "54";
55 1 0 11,236 "55";
56 0 1 221,241 "56";
57 1 1 160,192 "57";
58 2 1 10,85 "58";
59 2 0 132,170 "59";
60 2 1 94,258 "60";
61 2 1 138,201 "61";
62 0 1 145,158 "62";
63 0 1 92,151 "63";
64 2 1 78,194 "64";
65 2 1 31,110 "65";
66 1 0 58,237 "66";
67 1 0 59,234 "67";
68 0 1 47,125 "68";
69 0 0 141,209 "69";
70 1 1 0,130 "70";
71 2 1 19,121 "71";
72 1 0 104,232 "72";
73 2 0 16,141 "73";
74 2 0 118,124 "74";
75 2 1 16,102 "75";
76 0 1 186,238 "76";
77 0 1 48,264 "77";
78 2 1 21,115 "78";
79 2 1 95,212 "79";
80 2 0 54,167 "80";
81 1 1 8,123 "81";
82 0 1 15,206 "82";
83 2 0 59,153 "83";
84 0 1 130,163 "84";
85 0 0 64,267 "85";
86 1 0 29,248 "86";
87 2 1 64,267 "87";
88 2 1 9,211 "88";
89 0 0 81,174 "89";
90 2 0 245,257 "90";
91 1 0 122,164 "91";
92 1 1 37,116 "92";
93 2 0 116,178 "93";
94 1 1 55,178 "94";
95 1 1 119,213 "95";
96 1 1 40,148 "96";
97 2 0 12,101 "97";
98 2 0 112,153 "98";
99 0 1 32,88 "99";
100 1 0 75,137 "100";
101 0 0 199,248 "101";
102 0 0 40,77 "102";
103 0 0 49,142 "103";
104 2 1 59,213 "104";
105 2 1 100,173 "105";
106 0 0 101,112 "106";
107 2 1 53,196 "107";
108 1 0 49,84 "108";
109 1 1 160,164 "109";
110 1 0 181,245 "110";
111 0 1 104,237 "111";
112 1 1 143,218 "112";
113 2 0 1,41 "113";
114 0 1 6,214 "114";
115 2 0 90,223 "115";
116 2 0 78,84 "116";
117 2 1 206,246 "117";
118 2 1 180,246 "118";
119 1 1 124,142 "119";
120 2 1 103,201 "120";
121 2 1 231,243 "121";
122 0 0 8,223 "122";
123 2 0 193,239 "123";
124 1 0 82,89 "124";
125 2 0 147,220 "125";
126 0 1 60,82 "126";
127 2 1 45,82 "127";
128 2 0 68,215 "128";
129 0 1 64,122 "129";
130 2 1 96,114 "130";
131 2 1 13,54 "131";
132 1 1 54,251 "132";
133 0 1 34,156 "133";
134 2 1 7,170 "134";
135 0 1 60,148 "135";
136 1 1 151,183 "136";
137 0 0 25,251 "137";
138 0 1 26,204 "138";
139 2 0 7,116 "139";
140 1 1 5,129 "140";
141 0 1 79,169 "141";
142 1 1 143,190 "142";
143 2 0 141,257 "143";
144 0 1 44,61 "144";
145 0 0 15,112 "145";
146 1 1 65,243 "146";
147 1 0 137,263 "147";
148 2 0 31,171 "148";
149 1 0 2,76 "149";
150 0 0 228,254 "150";
151 0 0 176,241 "151";
152 1 0 140,206 "152";
153 2 0 43,90 "153";
154 2 1 23,196 "154";
155 0 0 13,240 "155";
156 0 1 89,177 "156";
157 0 0 148,256 "157";
158 2 0 201,251 "158";
159 0 1 201,260 "159";
160 0 0 6,159 "160";
161 2 0 237,242 "161";
162 1 1 16,238 "162";
163 0 0 34,254 "163";
164 2 1 68,245 "164";
165 1 1 40,127 "165";
166 2 0 128,205 "166";
167 2 1 51,160 "167";
168 2 0 143,165 "168";
169 1 0 160,235 "169";
170 0 0 28,236 "170";
171 0 0 46,174 "171";
172 0 0 83,223 "172";
173 0 0 119,128 "173";
174 0 0 178,265 "174";
175 2 0 43,169 "175";
176 1 1 62,141 "176";
177 1 0 176,210 "177";
178 0 0 46,182 "178";
179 0 1 15,61 "179";
180 1 1 89,137 "180";
181 0 1 66,135 "181";
182 0 0 94,224 "182";
183 0 0 166,261 "183";
184 1 0 81,263 "184";
185 2 1 91,146 "185";
186 2 0 132,230 "186";
187 0 1 128,140 "187";
188 0 0 162,250 "188";
189 1 1 78,163 "189";
190 1 0 107,185 "190";
191 2 0 228,249 "191";
192 2 1 2,214 "192";
193 0 0 30,142 "193";
194 1 0 147,265 "194";
195 2 0 85,245 "195";
196 0 1 4,254 "196";
197 1 1 19,163 "197";
198 0 1 72,165 "198";
199 2 1 100,101 "199";
200 2 0 250,252 "200";
201 2 1 1,173 "201";
202 2 0 106,140 "202";
203 1 0 72,93 "203";
204 2 0 137,215 "204";
205 1 0 213,249 "205";
206 1 1 96,134 "206";
207 2 0 156,266 "207";
208 2 0 125,237 "208";
209 0 1 147,165 "209";
210 0 0 10,239 "210";
211 1 1 85,102 "211";
212 0 0 97,104 "212";
213 0 0 43,205 "213";
214 1 1 39,216 "214";
215 0 0 92,189 "215";
216 0 1 116,259 "216";
217 0 0 73,220 "217";
218 2 1 118,168 "218";
219 1 1 238,241 "219";
220 0 0 18,180 "220";
221 0 0 56,66 "221";
222 0 0 5,218 "222";
223 2 0 80,171 "223";
224 2 1 69,100 "224";
225 0 0 10,257 "225";
226 2 0 3,14 "226";
227 1 0 217,222 "227";
228 1 1 131,229 "228";
229 0 1 6,156 "229";
230 2 0 68,206 "230";
231 0 0 5,125 "231";
232 0 1 78,113 "232";
233 1 1 74,114 "233";
234 2 1 87,130 "234";
235 1 0 214,253 "235";
236 2 0 1,124 "236";
237 1 1 35,76 "237";
238 1 0 65,266 "238";
239 1 1 4,246 "239";
240 0 0 100,244 "240";
241 1 1 153,191 "241";
242 0 1 148,183 "242";
243 0 0 43,62 "243";
244 1 0 29,248 "244";
245 1 1 41,135 "245";
246 0 0 83,134 "246";
247 0 0 8,253 "247";
248 1 1 91,104 "248";
249 0 1 16,244 "249";
250 0 1 16,182 "250";
251 1 1 108,132 "251";
252 2 0 55,233 "252";
253 1 1 12,166 "253";
254 0 1 129,165 "254";
255 2 0 221,246 "255";
256 1 0 52,58 "256";
257 0 0 122,247 "257";
258 0 1 94,149 "258";
259 2 0 11,232 "259";
260 2 1 139,146 "260";
261 2 0 66,195 "261";
262 2 0 68,126 "262";
263 1 0 33,37 "263";
264 0 1 165,168 "264";
265 2 0 96,128 "265";
266 2 1 92,112 "266";
267 0 0 206,252 "267";
268 2 0 100,156 "268";
269 2 0 21,185 "269";
