parity 294;
0 2 0 26,154 "0";
1 0 0 140,277 "1";
2 1 0 78,245 "2";
3 1 0 9,225 "3";
4 2 1 26,291 "4";
5 1 1 90,215 "5";
6 0 1 15,248 "6";
7 2 1 117,291 "7";
8 0 1 155,182 "8";
9 1 1 28,235 "9";
10 0 0 37,38 "10";
11 2 0 33,74 "11";
12 1 1 154,176 "12";
13 0 0 233,235 "13";
14 2 1 151,262 "14";
15 1 0 63,231 "15";
16 1 0 58,127 "16";
17 2 1 26,250 "17";
18 0 1 171,204 "18";
19 1 1 94,199 "19";
20 0 0 39,289 "20";
21 1 0 139,217 "21";
22 1 0 83,171 "22";
23 0 1 109,213 "23";
24 1 0 143,288 "24";
25 0 0 95,130 "25";
26 1 0 14,109 "26";
27 0 0 88,220 "27";
28 0 1 108,184 "28";
29 1 1 129,231 "29";
30 0 0 87,178 "30";
31 0 0 5,164 "31";
32 1 0 183,287 "32";
33 2 1 135,213 "33";
34 2 1 7,39 "34";
35 0 1 79,85 "35";
36 1 1 231,272 "36";
37 0 1 60,78 "37";
38 1 0 16,256 "38";
39 2 0 23,67 "39";
40 1 1 176,185 "40";
41 2 0 44,171 "41";
42 0 0 140,188 "42";
43 2 1 69,283 "43";
44 1 0 42,97 "44";
45 1 1 57,62 "45";
46 2 0 8,26 "46";
47 0 0 49,62 "47";
48 2 1 207,287 "48";
49 1 0 44,120 "49";
50 0 1 73,109 "50";
51 2 1 225,233 "51";
52 1 0 195,266 "52";
53 2 0 75,189 "53";
54 1 1 21,147 "54";
55 0 0 43,255 "55";
56 0 0 96,174 "56";
57 1 0 214,274 "57";
58 2 1 31,252 "58";
59 2 1 52,108 "59";
60 0 0 215,231 "60";
61 2 1 102,192 "61";
62 0 1 74,200 "62";
63 2 0 29,156 "63";
64 1 0 145,268 "64";
65 0 0 114,210 "65";
66 0 1 213,216 "66";
67 1 1 81,275 "67";
68 2 1 57,219 "68";
69 1 0 101,176 "69";
70 2 1 80,283 "70";
71 0 1 116,146 "71";
72 1 1 110,117 "72";
73 2 1 194,278 "73";
74 2 0 118,253 "74";
75 2 0 65,216 "75";
76 2 1 102,258 "76";
77 2 0 35,78 "77";
78 1 1 136,196 "78";
79 0 1 81,202 "79";
80 2 1 77,219 "80";
81 1 1 40,96 "81";
82 2 0 108,294 "82";
83 2 0 57,146 "83";
84 2 1 69,136 "84";
85 1 1 38,72 "85";
86 0 0 143,228 "86";
87 1 0 189,237 "87";
88 0 1 75,113 "88";
89 2 0 99,194 "89";
90 2 1 16,40 "90";
91 2 0 138,290 "91";
92 2 0 57,268 "92";
93 0 1 42,183 "93";
94 0 1 2,145 "94";
95 1 1 233,268 "95";
96 0 1 77,206 "96";
97 0 1 26,94 "97";
98 0 1 39,178 "98";
99 2 0 3,200 "99";
100 1 1 11,83 "100";
101 0 0 166,284 "101";
102 2 0 22,201 "102";
103 0 1 66,73 "103";
104 1 0 205,260 "104";
105 2 1 7,202 "105";
106 2 1 132,285 "106";
107 1 0 57,284 "107";
108 1 1 48,165 "108";
109 0 1 112,195 "109";
110 0 0 52,209 "110";
111 2 1 89,176 "111";
112 2 0 85,162 "112";
113 1 1 3,22 "113";
114 0 1 194,271 "114";
115 2 0 134,160 "115";
116 1 0 118,294 "116";
117 2 1 165,288 "117";
118 1 0 74,174 "118";
119 2 0 109,122 "119";
120 2 0 51,153 "120";
121 0 0 87,134 "121";
122 1 1 55,208 "122";
123 2 0 194,266 "123";
124 1 1 174,177 "124";
125 0 0 90,97 "125";
126 1 0 22,57 "126";
127 1 0 88,173 "127";
128 2 0 114,261 "128";
129 0 0 85,98 "129";
130 2 0 29,223 "130";
131 2 0 72,183 "131";
132 1 1 87,110 "132";
133 2 0 41,130 "133";
134 0 1 13,15 "134";
135 2 0 19,220 "135";
136 1 0 28,65 "136";
137 0 0 85,129 "137";
138 1 1 84,260 "138";
139 0 1 26,136 "139";
140 0 1 98,246 "140";
141 1 1 177,289 "141";
142 2 0 62,211 "142";
143 1 0 147,236 "143";
144 2 0 101,167 "144";
145 0 1 80,294 "145";
146 1 0 264,278 "146";
147 1 1 12,242 "147";
148 0 0 231,265 "148";
149 0 1 152,233 "149";
150 2 1 63,238 "150";
151 1 0 97,123 "151";
152 2 1 79,272 "152";
153 0 1 234,263 "153";
154 2 0 117,206 "154";
155 2 1 103,173 "155";
156 2 1 18,144 "156";
157 0 1 132,205 "157";
158 1 1 48,67 "158";
159 2 0 58,172 "159";
160 1 0 8,270 "160";
161 0 1 114,292 "161";
162 2 0 34,156 "162";
163 1 1 69,182 "163";
164 0 0 56,288 "164";
165 1 1 9,160 "165";
166 0 1 107,112 "166";
167 0 1 35,141 "167";
168 1 1 207,291 "168";
169 2 1 94,136 "169";
170 0 1 91,205 "170";
171 0 1 76,135 "171";
172 1 1 214,263 "172";
173 0 0 221,232 "173";
174 1 1 177,225 "174";
175 0 0 150,200 "175";
176 0 1 22,101 "176";
177 1 0 201,229 "177";
178 1 1 100,144 "178";
179 0 0 69,134 "179";
180 2 0 105,132 "180";
181 0 0 108,168 "181";
182 0 0 176,198 "182";
183 1 1 30,169 "183";
184 2 0 80,172 "184";
185 1 0 221,247 "185";
186 0 1 28,275 "186";
187 2 1 198,269 "187";
188 2 1 2,151 "188";
189 2 0 38,171 "189";
190 0 0 51,261 "190";
191 2 1 32,159 "191";
192 1 1 18,129 "192";
193 2 0 100,217 "193";
194 1 0 34,212 "194";
195 2 1 74,159 "195";
196 0 1 247,253 "196";
197 2 1 64,187 "197";
198 1 0 32,275 "198";
199 2 1 72,202 "199";
200 2 1 19,246 "200";
201 1 0 37,126 "201";
202 0 0 25,243 "202";
203 2 0 102,193 "203";
204 1 1 120,275 "204";
205 0 1 77,118 "205";
206 2 1 24,178 "206";
207 0 0 35,138 "207";
208 1 0 91,175 "208";
209 1 0 132,135 "209";
210 1 1 48,93 "210";
211 1 1 68,121 "211";
212 1 0 189,235 "212";
213 2 0 202,211 "213";
214 2 0 30,89 "214";
215 2 0 188,254 "215";
216 0 1 83,206 "216";
217 1 0 4,192 "217";
218 0 1 82,270 "218";
219 2 1 32,92 "219";
220 2 0 187,264 "220";
221 0 0 143,282 "221";
222 2 0 151,230 "222";
223 1 0 71,128 "223";
224 2 1 140,286 "224";
225 0 1 49,63 "225";
226 1 0 43,147 "226";
227 1 0 95,256 "227";
228 2 1 232,274 "228";
229 0 0 86,178 "229";
230 0 1 188,233 "230";
231 1 1 18,190 "231";
232 2 1 65,71 "232";
233 2 1 112,273 "233";
234 0 0 1,66 "234";
235 2 1 65,209 "235";
236 2 1 46,292 "236";
237 2 1 42,111 "237";
238 1 1 155,161 "238";
239 1 0 163,252 "239";
240 1 1 87,145 "240";
241 1 0 13,44 "241";
242 1 1 64,147 "242";
243 0 1 180,209 "243";
244 1 0 14,69 "244";
245 2 0 228,271 "245";
246 0 0 99,180 "246";
247 1 1 10,39 "247";
248 2 0 122,189 "248";
249 0 1 48,76 "249";
250 2 1 65,109 "250";
251 0 0 103,225 "251";
252 1 1 108,223 "252";
253 2 1 125,143 "253";
254 0 1 9,134 "254";
255 1 1 102,163 "255";
256 1 1 83,221 "256";
257 2 0 27,31 "257";
258 2 1 158,217 "258";
259 1 0 60,292 "259";
260 0 1 30,249 "260";
261 1 1 265,269 "261";
262 2 0 70,75 "262";
263 0 1 222,291 "263";
264 1 0 65,272 "264";
265 1 0 46,235 "265";
266 2 1 132,221 "266";
267 0 0 94,143 "267";
268 2 0 144,174 "268";
269 0 1 119,128 "269";
270 2 0 37,135 "270";
271 2 1 4,190 "271";
272 0 0 234,254 "272";
273 2 0 205,253 "273";
274 1 0 139,210 "274";
275 2 1 44,185 "275";
276 0 1 49,181 "276";
277 2 0 136,172 "277";
278 2 1 54,213 "278";
279 2 0 58,97 "279";
280 0 0 266,268 "280";
281 1 0 81,177 "281";
282 0 0 23,279 "282";
283 1 0 68,113 "283";
284 1 0 56,172 "284";
285 2 0 144,268 "285";
286 0 0 158,217 "286";
287 0 0 63,66 "287";
288 0 1 193,200 "288";
289 1 0 6,123 "289";
290 1 1 8,153 "290";
291 2 1 157,181 "291";
292 1 0 44,154 "292";
293 1 0 50,285 "293";
294 0 0 12,30 "294";
