parity 219;
0 2 1 29,191 "0";
1 1 0 50,131 "1";
2 2 1 43,189 "2";
3 1 0 108,149 "3";
4 0 1 183,216 "4";
5 2 1 178,185 "5";
6 0 0 50,152 "6";
7 2 0 93,201 "7";
8 0 0 21,78 "8";
9 0 1 46,188 "9";
10 0 0 34,113 "10";
11 1 0 109,156 "11";
12 1 1 16,161 "12";
13 0 1 83,170 "13";
14 2 0 69,123 "14";
15 2 1 38,183 "15";
16 2 0 32,166 "16";
17 0 0 96,205 "17";
18 0 1 176,207 "18";
19 1 0 62,160 "19";
20 0 0 141,210 "20";
21 0 1 149,195 "21";
22 0 0 53,141 "22";
23 0 0 111,158 "23";
24 1 0 41,81 "24";
25 1 0 66,184 "25";
26 1 1 104,216 "26";
27 2 0 94,111 "27";
28 1 1 96,211 "28";
29 1 1 144,196 "29";
30 2 1 86,154 "30";
31 1 0 56,66 "31";
32 2 0 123,146 "32";
33 2 1 51,204 "33";
34 1 1 29,161 "34";
35 2 1 56,190 "35";
36 1 0 3,174 "36";
37 1 0 67,123 "37";
38 0 0 68,217 "38";
39 0 1 57,215 "39";
40 1 0 66,128 "40";
41 1 0 77,196 "41";
42 1 1 182,183 "42";
43 0 1 165,210 "43";
44 2 0 5,154 "44";
45 1 0 9,217 "45";
46 0 1 28,76 "46";
47 2 0 198,202 "47";
48 0 1 38,196 "48";
49 0 0 24,161 "49";
50 2 0 102,206 "50";
51 0 1 136,218 "51";
52 0 0 21,106 "52";
53 0 0 164,194 "53";
54 2 1 52,96 "54";
55 2 1 29,33 "55";
56 0 1 85,157 "56";
57 0 0 26,126 "57";
58 2 0 83,174 "58";
59 2 0 12,51 "59";
60 1 0 201,213 "60";
61 2 1 134,196 "61";
62 2 0 174,200 "62";
63 0 0 22,184 "63";
64 1 0 27,139 "64";
65 2 1 1,146 "65";
66 2 0 184,188 "66";
67 2 0 86,195 "67";
68 1 1 179,196 "68";
69 1 0 8,150 "69";
70 1 1 94,105 "70";
71 0 0 51,214 "71";
72 1 0 50,103 "72";
73 0 1 117,150 "73";
74 2 0 159,160 "74";
75 2 0 158,209 "75";
76 2 0 19,183 "76";
77 1 0 16,160 "77";
78 2 1 95,137 "78";
79 1 1 76,144 "79";
80 2 0 25,43 "80";
81 1 0 42,101 "81";
82 0 1 69,131 "82";
83 1 0 60,215 "83";
84 2 0 24,135 "84";
85 0 0 82,121 "85";
86 2 0 14,184 "86";
87 0 0 65,73 "87";
88 1 1 85,112 "88";
89 2 0 8,197 "89";
90 0 1 97,165 "90";
91 2 0 100,163 "91";
92 2 0 179,195 "92";
93 0 1 179,196 "93";
94 1 1 40,107 "94";
95 0 1 79,206 "95";
96 0 1 118,134 "96";
97 1 1 114,153 "97";
98 2 0 1,102 "98";
99 2 1 45,65 "99";
100 2 1 180,191 "100";
101 0 1 124,198 "101";
102 1 0 14,168 "102";
103 1 1 27,66 "103";
104 0 0 76,208 "104";
105 2 0 113,171 "105";
106 1 0 78,121 "106";
107 2 1 37,139 "107";
108 2 1 15,126 "108";
109 0 1 103,202 "109";
110 1 1 205,207 "110";
111 1 0 37,133 "111";
112 0 0 56,134 "112";
113 2 1 29,153 "113";
114 1 0 10,145 "114";
115 2 0 6,135 "115";
116 0 1 31,110 "116";
117 1 1 32,89 "117";
118 1 1 94,125 "118";
119 0 0 94,218 "119";
120 0 0 3,212 "120";
121 0 0 100,213 "121";
122 0 1 68,110 "122";
123 2 0 145,173 "123";
124 0 0 18,201 "124";
125 0 0 19,87 "125";
126 1 0 137,203 "126";
127 1 0 94,165 "127";
128 1 1 142,180 "128";
129 0 1 30,118 "129";
130 0 1 5,17 "130";
131 2 1 32,160 "131";
132 1 0 105,196 "132";
133 0 0 63,117 "133";
134 2 1 58,133 "134";
135 0 0 48,99 "135";
136 1 0 191,198 "136";
137 0 0 30,71 "137";
138 1 0 3,51 "138";
139 2 1 159,206 "139";
140 2 1 66,164 "140";
141 1 1 18,37 "141";
142 1 1 4,41 "142";
143 1 0 46,169 "143";
144 0 0 73,114 "144";
145 0 1 37,45 "145";
146 1 0 165,213 "146";
147 2 0 14,16 "147";
148 2 0 70,81 "148";
149 0 0 3,173 "149";
150 1 0 53,134 "150";
151 0 1 154,203 "151";
152 1 1 11,140 "152";
153 2 1 19,216 "153";
154 2 0 46,127 "154";
155 1 1 51,77 "155";
156 1 0 178,194 "156";
157 1 1 101,128 "157";
158 2 1 153,164 "158";
159 1 1 20,103 "159";
160 1 0 139,219 "160";
161 2 0 104,210 "161";
162 2 0 81,113 "162";
163 2 0 52,139 "163";
164 1 0 61,136 "164";
165 1 0 100,184 "165";
166 0 0 31,171 "166";
167 2 0 81,122 "167";
168 2 0 36,169 "168";
169 0 1 31,160 "169";
170 2 0 5,82 "170";
171 1 0 46,54 "171";
172 0 1 78,90 "172";
173 1 1 67,163 "173";
174 2 1 28,176 "174";
175 2 1 120,187 "175";
176 2 1 2,189 "176";
177 1 1 172,217 "177";
178 2 1 125,201 "178";
179 1 0 16,167 "179";
180 2 1 16,142 "180";
181 1 0 48,100 "181";
182 2 1 9,115 "182";
183 0 0 43,154 "183";
184 0 0 10,24 "184";
185 1 1 101,123 "185";
186 0 0 90,113 "186";
187 2 1 68,81 "187";
188 2 0 65,170 "188";
189 0 0 134,216 "189";
190 1 1 101,200 "190";
191 0 1 197,200 "191";
192 1 0 114,116 "192";
193 0 1 74,90 "193";
194 2 1 84,167 "194";
195 0 0 0,20 "195";
196 1 1 140,178 "196";
197 2 0 24,158 "197";
198 0 1 78,138 "198";
199 0 1 97,140 "199";
200 1 0 0,107 "200";
201 0 0 174,199 "201";
202 0 0 72,174 "202";
203 1 0 7,156 "203";
204 2 0 167,190 "204";
205 1 0 45,54 "205";
206 2 0 79,111 "206";
207 2 1 133,196 "207";
208 2 0 70,198 "208";
209 0 0 74,108 "209";
210 0 0 64,74 "210";
211 2 1 7,166 "211";
212 0 1 44,179 "212";
213 0 1 3,131 "213";
214 2 1 31,192 "214";
215 1 0 10,141 "215";
216 2 0 72,175 "216";
217 2 1 26,80 "217";
218 0 1 93,188 "218";
219 1 1 109,112 "219";
