parity 224;
0 2 0 174,221 "0";
1 2 0 21,211 "1";
2 2 0 59,182 "2";
3 0 0 65,109 "3";
4 0 0 139,195 "4";
5 0 0 133,153 "5";
6 1 0 67,82 "6";
7 2 0 78,165 "7";
8 2 1 105,224 "8";
9 2 1 53,111 "9";
10 0 0 27,203 "10";
11 2 1 66,149 "11";
12 1 0 47,68 "12";
13 0 0 75,90 "13";
14 0 0 161,162 "14";
15 2 1 134,177 "15";
16 1 1 47,166 "16";
17 1 1 132,206 "17";
18 0 0 41,122 "18";
19 0 1 9,201 "19";
20 1 1 29,214 "20";
21 0 1 33,149 "21";
22 0 0 25,218 "22";
23 2 1 48,161 "23";
24 0 0 40,98 "24";
25 1 0 148,192 "25";
26 0 1 84,163 "26";
27 1 1 89,187 "27";
28 0 0 66,180 "28";
29 2 1 31,151 "29";
30 0 0 46,107 "30";
31 1 1 73,192 "31";
32 1 0 20,117 "32";
33 2 0 45,211 "33";
34 2 1 7,114 "34";
35 1 1 19,116 "35";
36 2 0 12,55 "36";
37 2 1 65,199 "37";
38 1 1 26,164 "38";
39 0 0 88,224 "39";
40 2 1 37,83 "40";
41 1 1 3,52 "41";
42 2 0 75,196 "42";
43 2 0 90,126 "43";
44 2 0 12,31 "44";
45 1 1 4,31 "45";
46 1 0 151,156 "46";
47 0 0 15,46 "47";
48 2 1 35,117 "48";
49 2 1 118,122 "49";
50 0 1 29,217 "50";
51 2 0 48,97 "51";
52 0 1 31,176 "52";
53 2 0 25,121 "53";
54 0 1 35,180 "54";
55 1 1 187,208 "55";
56 2 1 77,87 "56";
57 0 1 173,204 "57";
58 0 1 162,191 "58";
59 1 0 102,116 "59";
60 1 1 73,208 "60";
61 0 0 67,185 "61";
62 1 1 23,182 "62";
63 0 1 44,205 "63";
64 1 0 57,136 "64";
65 1 1 108,138 "65";
66 2 1 0,149 "66";
67 1 0 91,92 "67";
68 0 0 2,15 "68";
69 1 0 10,176 "69";
70 1 0 25,120 "70";
71 0 0 10,63 "71";
72 0 0 133,215 "72";
73 2 0 102,185 "73";
74 1 0 48,164 "74";
75 2 0 8,12 "75";
76 2 1 86,95 "76";
77 0 1 74,118 "77";
78 0 0 53,203 "78";
79 2 0 16,46 "79";
80 0 1 3,153 "80";
81 2 1 36,146 "81";
82 1 0 115,159 "82";
83 0 1 64,110 "83";
84 0 0 134,145 "84";
85 0 0 143,149 "85";
86 2 0 98,161 "86";
87 1 0 6,169 "87";
88 1 0 7,190 "88";
89 1 1 162,213 "89";
90 1 1 156,161 "90";
91 2 0 146,161 "91";
92 1 1 188,195 "92";
93 0 1 102,177 "93";
94 0 1 83,115 "94";
95 1 1 176,221 "95";
96 1 1 54,80 "96";
97 2 1 95,102 "97";
98 2 1 178,201 "98";
99 0 1 178,184 "99";
100 1 1 51,200 "100";
101 1 0 156,213 "101";
102 2 1 30,214 "102";
103 0 0 64,165 "103";
104 2 1 20,56 "104";
105 2 0 37,208 "105";
106 1 0 33,206 "106";
107 2 0 67,127 "107";
108 2 0 69,85 "108";
109 0 1 50,141 "109";
110 2 1 33,100 "110";
111 1 1 7,89 "111";
112 1 0 19,26 "112";
113 0 0 54,157 "113";
114 0 1 59,135 "114";
115 1 0 160,193 "115";
116 0 0 137,201 "116";
117 0 1 118,213 "117";
118 0 1 14,148 "118";
119 2 0 137,194 "119";
120 0 0 29,221 "120";
121 0 0 1,92 "121";
122 1 1 24,65 "122";
123 0 1 170,192 "123";
124 2 0 170,221 "124";
125 1 1 100,155 "125";
126 2 1 47,157 "126";
127 0 0 4,104 "127";
128 1 0 13,67 "128";
129 1 0 147,160 "129";
130 2 1 133,190 "130";
131 0 0 153,184 "131";
132 2 1 48,190 "132";
133 0 1 104,223 "133";
134 1 0 34,125 "134";
135 1 0 51,160 "135";
136 0 1 9,145 "136";
137 1 0 27,85 "137";
138 0 0 23,194 "138";
139 0 1 4,172 "139";
140 0 0 101,148 "140";
141 1 1 16,140 "141";
142 2 0 157,199 "142";
143 2 0 129,181 "143";
144 1 1 75,126 "144";
145 1 0 69,93 "145";
146 0 1 81,119 "146";
147 0 0 7,150 "147";
148 0 1 84,113 "148";
149 2 0 125,150 "149";
150 1 0 27,127 "150";
151 2 1 60,172 "151";
152 1 0 128,190 "152";
153 1 1 92,165 "153";
154 2 1 169,215 "154";
155 0 1 99,202 "155";
156 1 1 34,120 "156";
157 2 1 141,200 "157";
158 0 1 53,60 "158";
159 0 0 43,206 "159";
160 1 0 118,148 "160";
161 0 0 2,144 "161";
162 1 0 5,206 "162";
163 1 1 93,219 "163";
164 1 1 53,200 "164";
165 2 0 76,88 "165";
166 1 1 149,218 "166";
167 2 1 39,145 "167";
168 1 1 146,200 "168";
169 2 1 73,202 "169";
170 1 0 10,153 "170";
171 2 0 54,70 "171";
172 1 0 0,50 "172";
173 0 1 180,200 "173";
174 0 0 7,194 "174";
175 2 0 103,127 "175";
176 1 1 16,56 "176";
177 1 0 49,78 "177";
178 2 0 93,127 "178";
179 1 0 121,131 "179";
180 0 1 38,78 "180";
181 0 1 109,114 "181";
182 2 1 109,188 "182";
183 1 1 22,127 "183";
184 2 0 82,169 "184";
185 1 1 153,160 "185";
186 0 1 12,35 "186";
187 0 1 123,180 "187";
188 0 1 12,55 "188";
189 2 1 44,170 "189";
190 0 1 66,141 "190";
191 2 0 25,199 "191";
192 1 0 125,152 "192";
193 0 1 63,155 "193";
194 0 1 180,220 "194";
195 2 0 126,178 "195";
196 1 0 54,125 "196";
197 1 1 59,126 "197";
198 2 1 85,108 "198";
199 1 0 166,213 "199";
200 1 1 142,165 "200";
201 2 1 59,75 "201";
202 1 1 28,90 "202";
203 2 1 81,109 "203";
204 0 0 2,149 "204";
205 1 1 81,224 "205";
206 0 1 99,155 "206";
207 0 0 183,199 "207";
208 2 1 38,149 "208";
209 1 0 46,167 "209";
210 1 0 35,224 "210";
211 1 0 22,77 "211";
212 0 0 5,67 "212";
213 1 0 3,116 "213";
214 1 0 87,174 "214";
215 0 0 41,146 "215";
216 0 0 88,133 "216";
217 2 1 121,208 "217";
218 0 0 26,154 "218";
219 1 1 94,143 "219";
220 2 0 41,134 "220";
221 0 0 90,95 "221";
222 2 1 39,191 "222";
223 1 1 43,218 "223";
224 2 1 169,211 "224";
