parity 269;
0 0 1 53,157 "0";
1 0 0 172,188 "1";
2 2 1 86,263 "2";
3 2 1 93,179 "3";
4 2 1 85,184 "4";
5 1 1 87,251 "5";
6 2 1 28,244 "6";
7 1 0 117,168 "7";
8 2 1 112,206 "8";
9 1 0 105,232 "9";
10 2 1 22,72 "10";
11 1 0 90,151 "11";
12 1 1 146,198 "12";
13 1 1 53,111 "13";
14 0 0 114,148 "14";
15 1 1 97,109 "15";
16 2 0 156,229 "16";
17 0 0 25,68 "17";
18 2 1 95,230 "18";
19 1 0 16,73 "19";
20 0 1 16,267 "20";
21 0 1 5,130 "21";
22 1 1 213,267 "22";
23 1 1 212,240 "23";
24 2 1 70,108 "24";
25 2 1 38,45 "25";
26 1 1 94,205 "26";
27 2 0 141,152 "27";
28 0 0 109,199 "28";
29 0 0 26,66 "29";
30 2 1 146,179 "30";
31 1 0 15,61 "31";
32 1 0 40,241 "32";
33 0 1 95,178 "33";
34 2 0 148,229 "34";
35 2 1 96,231 "35";
36 0 0 91,175 "36";
37 2 0 16,167 "37";
38 2 1 134,181 "38";
39 2 0 106,205 "39";
40 0 1 70,121 "40";
41 2 0 47,234 "41";
42 0 0 50,142 "42";
43 0 0 15,138 "43";
44 2 0 110,137 "44";
45 0 1 34,72 "45";
46 2 0 72,74 "46";
47 1 0 55,160 "47";
48 2 0 66,85 "48";
49 1 1 103,137 "49";
50 1 1 132,216 "50";
51 1 1 62,115 "51";
52 1 0 118,152 "52";
53 1 0 196,208 "53";
54 1 1 128,202 "54";
55 2 0 2,86 "55";
56 0 1 110,255 "56";
57 1 1 66,95 "57";
58 1 1 67,114 "58";
59 2 0 91,170 "59";
60 1 0 34,200 "60";
61 1 1 30,208 "61";
62 1 0 107,224 "62";
63 2 1 91,129 "63";
64 0 0 181,196 "64";
65 1 1 85,219 "65";
66 1 0 68,110 "66";
67 2 1 42,48 "67";
68 2 1 145,201 "68";
69 1 1 101,241 "69";
70 2 0 2,30 "70";
71 1 1 26,170 "71";
72 1 1 0,6 "72";
73 0 1 173,247 "73";
74 0 0 134,236 "74";
75 1 1 186,190 "75";
76 2 1 14,156 "76";
77 1 0 8,151 "77";
78 2 0 47,187 "78";
79 2 1 16,178 "79";
80 0 1 105,199 "80";
81 1 0 188,214 "81";
82 1 1 40,246 "82";
83 2 1 62,255 "83";
84 1 0 83,91 "84";
85 0 0 251,266 "85";
86 0 1 61,119 "86";
87 0 0 99,217 "87";
88 1 0 59,254 "88";
89 2 0 32,216 "89";
90 0 0 227,261 "90";
91 2 1 42,102 "91";
92 0 1 187,250 "92";
93 2 1 28,257 "93";
94 1 1 76,123 "94";
95 1 0 71,213 "95";
96 1 1 99,210 "96";
97 2 1 67,81 "97";
98 2 0 181,194 "98";
99 0 1 121,190 "99";
100 0 1 109,211 "100";
101 2 1 226,240 "101";
102 2 1 107,134 "102";
103 1 0 182,238 "103";
104 2 1 75,188 "104";
105 2 1 24,243 "105";
106 1 0 128,154 "106";
107 1 1 166,243 "107";
108 0 1 195,201 "108";
109 1 0 105,205 "109";
110 2 0 93,107 "110";
111 1 0 7,41 "111";
112 2 1 5,184 "112";
113 0 0 79,230 "113";
114 1 1 163,269 "114";
115 2 0 128,188 "115";
116 1 1 32,67 "116";
117 1 0 67,151 "117";
118 1 0 123,257 "118";
119 0 0 67,134 "119";
120 1 0 12,171 "120";
121 0 0 224,235 "121";
122 2 0 48,250 "122";
123 2 0 155,192 "123";
124 0 1 103,110 "124";
125 0 0 179,204 "125";
126 1 0 87,119 "126";
127 0 0 49,199 "127";
128 1 0 3,24 "128";
129 0 0 134,179 "129";
130 0 1 116,172 "130";
131 1 0 98,201 "131";
132 0 1 193,261 "132";
133 1 1 29,161 "133";
134 0 1 87,159 "134";
135 2 0 243,266 "135";
136 2 0 50,226 "136";
137 2 0 164,196 "137";
138 2 1 103,122 "138";
139 2 1 183,255 "139";
140 2 1 141,174 "140";
141 1 1 167,176 "141";
142 2 0 121,232 "142";
143 0 1 155,215 "143";
144 1 0 66,133 "144";
145 0 1 50,84 "145";
146 2 0 22,104 "146";
147 1 0 160,226 "147";
148 2 0 47,69 "148";
149 1 1 156,244 "149";
150 0 1 141,158 "150";
151 0 1 4,257 "151";
152 2 1 79,179 "152";
153 0 0 29,240 "153";
154 0 0 130,133 "154";
155 0 0 186,197 "155";
156 1 1 99,212 "156";
157 1 1 75,204 "157";
158 1 1 35,119 "158";
159 1 1 194,234 "159";
160 2 1 106,226 "160";
161 1 0 31,74 "161";
162 2 0 105,226 "162";
163 0 1 170,254 "163";
164 1 1 131,148 "164";
165 2 1 94,152 "165";
166 0 0 34,152 "166";
167 0 0 18,131 "167";
168 0 0 69,159 "168";
169 0 1 100,113 "169";
170 1 0 32,57 "170";
171 0 1 165,168 "171";
172 2 1 15,245 "172";
173 1 0 31,192 "173";
174 0 1 128,231 "174";
175 0 1 155,174 "175";
176 1 1 34,92 "176";
177 1 1 12,51 "177";
178 1 1 13,252 "178";
179 1 1 20,81 "179";
180 2 0 123,242 "180";
181 0 1 16,138 "181";
182 1 1 143,165 "182";
183 0 1 27,61 "183";
184 2 1 13,106 "184";
185 0 1 199,251 "185";
186 2 1 10,175 "186";
187 1 0 50,240 "187";
188 2 1 66,102 "188";
189 1 0 4,74 "189";
190 2 0 93,219 "190";
191 1 1 170,173 "191";
192 0 1 43,151 "192";
193 0 1 101,135 "193";
194 1 0 1,211 "194";
195 0 0 136,194 "195";
196 2 0 66,200 "196";
197 1 1 90,237 "197";
198 1 1 21,109 "198";
199 1 1 180,204 "199";
200 2 1 49,191 "200";
201 0 1 3,231 "201";
202 0 1 98,145 "202";
203 0 1 45,187 "203";
204 1 1 155,163 "204";
205 2 0 141,182 "205";
206 0 0 143,151 "206";
207 1 1 27,110 "207";
208 1 1 96,117 "208";
209 2 1 30,154 "209";
210 2 0 4,60 "210";
211 0 0 184,241 "211";
212 1 1 12,104 "212";
213 1 0 37,80 "213";
214 0 1 105,211 "214";
215 0 0 180,186 "215";
216 0 0 5,242 "216";
217 1 1 21,244 "217";
218 1 1 120,159 "218";
219 1 0 133,207 "219";
220 1 1 76,167 "220";
221 1 1 184,228 "221";
222 2 0 206,246 "222";
223 1 1 33,195 "223";
224 0 0 143,239 "224";
225 1 0 28,57 "225";
226 1 0 169,240 "226";
227 1 0 102,107 "227";
228 2 1 35,89 "228";
229 1 0 222,241 "229";
230 2 1 179,185 "230";
231 0 1 102,113 "231";
232 2 0 65,155 "232";
233 0 0 8,79 "233";
234 1 1 190,246 "234";
235 1 0 116,131 "235";
236 1 0 11,237 "236";
237 1 0 13,164 "237";
238 0 0 0,172 "238";
239 1 1 4,33 "239";
240 2 0 51,145 "240";
241 0 1 41,47 "241";
242 2 0 113,158 "242";
243 1 1 225,237 "243";
244 1 1 60,256 "244";
245 0 1 8,172 "245";
246 1 0 72,168 "246";
247 0 0 8,52 "247";
248 2 1 75,79 "248";
249 2 1 47,217 "249";
250 2 1 64,92 "250";
251 2 0 88,224 "251";
252 2 0 26,258 "252";
253 1 0 50,73 "253";
254 1 1 32,106 "254";
255 2 0 36,111 "255";
256 0 1 7,144 "256";
257 1 1 13,164 "257";
258 2 0 47,173 "258";
259 0 1 128,255 "259";
260 2 1 43,153 "260";
261 1 1 82,101 "261";
262 1 1 98,222 "262";
263 1 1 39,204 "263";
264 2 0 119,171 "264";
265 2 1 194,255 "265";
266 1 0 61,193 "266";
267 2 1 41,90 "267";
268 2 1 54,117 "268";
269 0 1 52,108 "269";
