parity 204;
0 2 0 86,145 "0";
1 1 1 34,140 "1";
2 2 0 124,138 "2";
3 1 1 52,175 "3";
4 0 0 174,188 "4";
5 2 1 10,162 "5";
6 1 0 39,193 "6";
7 1 0 35,162 "7";
8 1 0 115,144 "8";
9 1 0 20,58 "9";
10 1 0 86,87 "10";
11 0 0 153,158 "11";
12 2 0 60,128 "12";
13 2 0 38,183 "13";
14 1 1 46,49 "14";
15 2 0 57,74 "15";
16 0 0 27,127 "16";
17 2 1 27,76 "17";
18 0 1 16,82 "18";
19 0 0 39,122 "19";
20 0 1 75,188 "20";
21 1 0 22,179 "21";
22 1 1 11,60 "22";
23 2 1 134,154 "23";
24 1 1 49,119 "24";
25 2 0 62,85 "25";
26 2 0 64,148 "26";
27 1 1 100,139 "27";
28 0 1 86,143 "28";
29 2 0 76,151 "29";
30 1 0 49,127 "30";
31 2 0 45,129 "31";
32 0 1 85,100 "32";
33 2 1 76,190 "33";
34 2 1 123,175 "34";
35 2 1 46,74 "35";
36 2 0 73,90 "36";
37 0 1 133,155 "37";
38 1 0 22,79 "38";
39 0 1 55,72 "39";
40 1 1 152,168 "40";
41 2 0 113,178 "41";
42 2 0 123,201 "42";
43 0 0 13,148 "43";
44 1 1 98,129 "44";
45 0 0 24,173 "45";
46 2 1 35,134 "46";
47 1 0 125,202 "47";
48 2 0 26,74 "48";
49 2 0 4,21 "49";
50 1 0 78,180 "50";
51 0 1 37,121 "51";
52 1 1 1,190 "52";
53 0 0 0,173 "53";
54 1 0 2,124 "54";
55 1 0 175,186 "55";
56 0 1 83,176 "56";
57 2 1 151,157 "57";
58 2 1 4,83 "58";
59 1 1 79,125 "59";
60 0 1 22,83 "60";
61 2 1 132,167 "61";
62 0 0 14,175 "62";
63 2 0 15,113 "63";
64 2 0 4,172 "64";
65 1 1 71,202 "65";
66 0 0 62,161 "66";
67 1 0 44,78 "67";
68 2 1 170,204 "68";
69 0 0 48,194 "69";
70 0 0 91,167 "70";
71 2 1 37,94 "71";
72 0 1 108,172 "72";
73 0 1 46,53 "73";
74 0 0 14,53 "74";
75 2 0 18,53 "75";
76 2 0 42,100 "76";
77 0 1 100,102 "77";
78 1 0 31,138 "78";
79 2 1 61,103 "79";
80 0 0 41,86 "80";
81 2 1 43,193 "81";
82 1 1 70,99 "82";
83 1 0 104,152 "83";
84 2 0 62,148 "84";
85 0 0 28,160 "85";
86 0 0 137,190 "86";
87 1 0 16,86 "87";
88 1 0 114,198 "88";
89 0 0 14,55 "89";
90 1 0 32,45 "90";
91 0 1 153,170 "91";
92 2 1 56,160 "92";
93 0 1 9,87 "93";
94 1 1 60,197 "94";
95 1 0 117,180 "95";
96 1 0 49,192 "96";
97 0 0 185,190 "97";
98 1 0 77,125 "98";
99 0 0 42,86 "99";
100 1 1 6,72 "100";
101 1 0 10,104 "101";
102 1 1 81,171 "102";
103 2 1 18,42 "103";
104 1 1 28,44 "104";
105 1 0 144,187 "105";
106 1 1 67,186 "106";
107 0 1 80,160 "107";
108 1 1 151,204 "108";
109 2 1 21,118 "109";
110 1 1 55,115 "110";
111 1 0 29,160 "111";
112 1 1 104,168 "112";
113 1 1 36,117 "113";
114 2 0 124,162 "114";
115 1 1 47,161 "115";
116 2 0 25,122 "116";
117 2 0 22,54 "117";
118 2 1 64,200 "118";
119 1 1 62,199 "119";
120 2 0 61,123 "120";
121 1 0 40,189 "121";
122 1 1 54,186 "122";
123 2 0 16,142 "123";
124 2 0 36,115 "124";
125 1 0 112,118 "125";
126 1 1 107,162 "126";
127 1 1 104,121 "127";
128 1 1 38,87 "128";
129 1 1 1,102 "129";
130 0 1 182,198 "130";
131 0 1 73,175 "131";
132 0 1 101,149 "132";
133 2 0 11,176 "133";
134 1 0 122,139 "134";
135 0 0 12,122 "135";
136 2 0 110,162 "136";
137 2 0 30,168 "137";
138 1 1 85,135 "138";
139 2 0 156,182 "139";
140 1 0 123,200 "140";
141 0 0 99,187 "141";
142 2 1 130,133 "142";
143 2 0 110,144 "143";
144 0 0 126,190 "144";
145 1 0 41,90 "145";
146 2 1 90,111 "146";
147 2 0 81,93 "147";
148 2 0 42,163 "148";
149 2 1 24,54 "149";
150 1 0 2,188 "150";
151 0 1 44,132 "151";
152 0 1 89,173 "152";
153 0 1 91,102 "153";
154 1 1 1,152 "154";
155 2 1 38,109 "155";
156 2 1 91,183 "156";
157 0 0 18,178 "157";
158 0 0 60,113 "158";
159 1 1 46,144 "159";
160 2 0 108,200 "160";
161 2 0 25,92 "161";
162 2 0 105,183 "162";
163 2 0 6,146 "163";
164 2 0 83,130 "164";
165 1 0 64,199 "165";
166 1 0 33,79 "166";
167 0 0 24,201 "167";
168 0 1 76,80 "168";
169 1 1 106,150 "169";
170 0 1 152,189 "170";
171 0 1 11,174 "171";
172 0 1 70,170 "172";
173 0 1 25,130 "173";
174 1 0 9,19 "174";
175 1 1 99,191 "175";
176 2 1 152,183 "176";
177 1 0 126,128 "177";
178 1 0 66,76 "178";
179 1 1 41,189 "179";
180 1 0 38,121 "180";
181 1 0 48,110 "181";
182 0 0 121,125 "182";
183 2 1 126,176 "183";
184 1 1 84,93 "184";
185 1 0 127,143 "185";
186 1 0 31,191 "186";
187 0 1 71,88 "187";
188 1 0 44,132 "188";
189 1 0 156,194 "189";
190 0 1 56,77 "190";
191 2 0 41,166 "191";
192 0 0 25,163 "192";
193 2 0 72,77 "193";
194 1 1 99,129 "194";
195 2 0 37,189 "195";
196 1 1 147,200 "196";
197 2 0 27,115 "197";
198 0 0 162,196 "198";
199 1 0 4,12 "199";
200 0 0 112,202 "200";
201 1 1 1,62 "201";
202 1 1 169,193 "202";
203 1 0 11,157 "203";
204 2 0 31,120 "204";
