parity 234;
0 2 0 41,104 "0";
1 2 1 64,162 "1";
2 1 0 43,107 "2";
3 1 1 116,122 "3";
4 1 0 158,229 "4";
5 1 1 40,191 "5";
6 0 0 101,200 "6";
7 1 1 19,69 "7";
8 0 0 143,210 "8";
9 0 1 173,227 "9";
10 1 0 60,174 "10";
11 2 0 51,79 "11";
12 2 1 28,200 "12";
13 0 0 61,179 "13";
14 2 0 6,92 "14";
15 2 1 97,195 "15";
16 2 1 117,128 "16";
17 2 0 15,165 "17";
18 0 0 31,205 "18";
19 1 1 85,129 "19";
20 0 1 54,231 "20";
21 0 1 19,84 "21";
22 1 1 194,225 "22";
23 1 0 185,190 "23";
24 0 1 31,173 "24";
25 2 0 216,223 "25";
26 2 1 148,213 "26";
27 1 0 134,208 "27";
28 0 1 3,93 "28";
29 0 0 194,216 "29";
30 0 1 22,231 "30";
31 0 0 86,219 "31";
32 0 1 81,230 "32";
33 2 1 94,133 "33";
34 0 0 11,46 "34";
35 1 0 19,225 "35";
36 0 0 93,211 "36";
37 2 1 32,234 "37";
38 0 1 52,55 "38";
39 2 0 135,217 "39";
40 1 1 78,227 "40";
41 0 0 42,180 "41";
42 0 0 3,78 "42";
43 0 1 27,193 "43";
44 0 1 72,146 "44";
45 1 0 26,127 "45";
46 1 0 68,130 "46";
47 0 0 70,156 "47";
48 0 1 2,69 "48";
49 2 0 11,96 "49";
50 2 0 150,205 "50";
51 0 0 96,117 "51";
52 0 0 84,169 "52";
53 2 1 7,147 "53";
54 2 0 93,182 "54";
55 1 0 3,127 "55";
56 1 0 26,175 "56";
57 2 1 161,209 "57";
58 1 1 4,229 "58";
59 2 1 9,68 "59";
60 2 0 4,193 "60";
61 2 1 96,184 "61";
62 2 1 12,143 "62";
63 1 0 103,143 "63";
64 2 0 138,200 "64";
65 0 1 39,160 "65";
66 0 1 5,183 "66";
67 2 1 123,224 "67";
68 2 1 173,223 "68";
69 1 0 85,106 "69";
70 0 1 42,207 "70";
71 0 0 60,230 "71";
72 0 0 43,61 "72";
73 2 1 71,132 "73";
74 0 1 130,169 "74";
75 0 0 180,221 "75";
76 1 1 105,200 "76";
77 2 1 65,66 "77";
78 2 1 181,201 "78";
79 2 1 8,229 "79";
80 2 0 38,95 "80";
81 2 1 150,179 "81";
82 0 1 0,99 "82";
83 1 1 107,226 "83";
84 0 1 48,96 "84";
85 1 0 122,176 "85";
86 2 0 79,114 "86";
87 2 1 141,159 "87";
88 0 0 63,208 "88";
89 1 0 42,173 "89";
90 2 0 56,203 "90";
91 0 0 15,212 "91";
92 2 0 28,73 "92";
93 0 1 21,196 "93";
94 0 1 58,78 "94";
95 2 0 137,163 "95";
96 2 1 6,90 "96";
97 2 0 94,206 "97";
98 1 1 107,214 "98";
99 1 0 24,228 "99";
100 1 0 63,229 "100";
101 1 0 88,217 "101";
102 1 1 137,218 "102";
103 0 0 214,232 "103";
104 0 0 92,127 "104";
105 2 1 70,147 "105";
106 2 1 74,199 "106";
107 2 0 114,177 "107";
108 1 0 67,232 "108";
109 1 1 187,192 "109";
110 2 0 107,116 "110";
111 0 1 138,179 "111";
112 1 1 56,208 "112";
113 2 1 96,111 "113";
114 2 1 64,85 "114";
115 0 1 76,130 "115";
116 0 0 111,179 "116";
117 0 1 142,184 "117";
118 2 0 32,150 "118";
119 0 0 85,106 "119";
120 1 1 41,68 "120";
121 1 0 7,151 "121";
122 2 1 15,168 "122";
123 1 1 3,151 "123";
124 2 0 77,128 "124";
125 0 0 97,149 "125";
126 1 0 17,143 "126";
127 1 0 35,92 "127";
128 2 1 72,176 "128";
129 1 0 62,119 "129";
130 2 0 19,184 "130";
131 2 1 84,138 "131";
132 0 1 24,125 "132";
133 1 1 38,49 "133";
134 2 0 166,179 "134";
135 2 0 9,61 "135";
136 1 0 102,168 "136";
137 2 1 226,231 "137";
138 1 0 82,215 "138";
139 1 0 34,111 "139";
140 1 0 109,229 "140";
141 1 0 9,35 "141";
142 2 0 5,11 "142";
143 0 0 18,191 "143";
144 0 0 128,138 "144";
145 1 1 79,211 "145";
146 2 0 85,119 "146";
147 2 0 196,202 "147";
148 1 1 2,71 "148";
149 2 0 79,171 "149";
150 2 1 12,129 "150";
151 0 0 73,116 "151";
152 0 0 94,150 "152";
153 0 1 161,200 "153";
154 0 1 86,98 "154";
155 0 1 61,209 "155";
156 1 0 85,103 "156";
157 1 0 205,233 "157";
158 0 1 50,117 "158";
159 0 1 161,190 "159";
160 0 1 31,96 "160";
161 0 1 54,72 "161";
162 0 1 156,234 "162";
163 2 1 63,137 "163";
164 1 0 15,22 "164";
165 1 1 41,54 "165";
166 1 1 69,111 "166";
167 0 0 143,155 "167";
168 1 0 19,230 "168";
169 2 0 17,174 "169";
170 0 0 38,183 "170";
171 2 1 84,85 "171";
172 2 1 74,181 "172";
173 1 1 66,97 "173";
174 0 1 82,160 "174";
175 0 0 22,187 "175";
176 2 1 79,109 "176";
177 0 1 151,214 "177";
178 0 1 185,230 "178";
179 1 1 91,147 "179";
180 2 0 104,175 "180";
181 1 0 113,203 "181";
182 2 1 191,225 "182";
183 1 0 104,159 "183";
184 1 0 15,202 "184";
185 2 0 184,228 "185";
186 2 0 56,203 "186";
187 2 0 191,230 "187";
188 1 0 127,142 "188";
189 0 1 99,147 "189";
190 2 0 58,82 "190";
191 2 1 125,160 "191";
192 1 1 120,170 "192";
193 2 0 183,230 "193";
194 2 0 50,68 "194";
195 0 0 51,160 "195";
196 2 1 30,73 "196";
197 0 0 72,217 "197";
198 0 1 77,218 "198";
199 2 1 134,160 "199";
200 1 0 158,165 "200";
201 1 0 92,108 "201";
202 2 1 98,156 "202";
203 2 0 2,7 "203";
204 0 0 127,165 "204";
205 2 1 64,211 "205";
206 0 1 54,85 "206";
207 1 1 164,167 "207";
208 2 0 4,79 "208";
209 0 0 77,118 "209";
210 2 0 28,138 "210";
211 2 0 166,228 "211";
212 1 0 161,178 "212";
213 1 1 54,87 "213";
214 2 1 10,27 "214";
215 1 0 14,49 "215";
216 0 1 86,112 "216";
217 0 1 15,89 "217";
218 0 1 79,109 "218";
219 0 0 130,184 "219";
220 2 1 103,142 "220";
221 1 0 42,198 "221";
222 2 0 79,101 "222";
223 0 0 16,171 "223";
224 2 1 63,166 "224";
225 2 1 159,192 "225";
226 0 0 84,188 "226";
227 2 1 42,74 "227";
228 2 0 34,114 "228";
229 1 1 43,122 "229";
230 2 1 72,194 "230";
231 2 0 27,107 "231";
232 1 1 124,170 "232";
233 0 1 119,196 "233";
234 1 1 48,220 "234";
