parity 264;
0 2 1 224,246 "0";
1 0 1 58,95 "1";
2 1 1 32,159 "2";
3 2 1 41,139 "3";
4 0 1 70,203 "4";
5 1 1 249,260 "5";
6 2 1 60,148 "6";
7 0 0 37,123 "7";
8 0 0 23,92 "8";
9 1 0 6,86 "9";
10 0 1 30,193 "10";
11 0 0 219,222 "11";
12 2 0 64,176 "12";
13 2 1 12,200 "13";
14 2 1 131,187 "14";
15 0 0 23,156 "15";
16 2 0 138,150 "16";
17 1 1 16,181 "17";
18 1 0 4,72 "18";
19 2 1 81,114 "19";
20 2 0 52,127 "20";
21 1 0 83,235 "21";
22 0 1 48,228 "22";
23 1 1 51,244 "23";
24 1 1 16,258 "24";
25 0 0 217,244 "25";
26 0 1 7,230 "26";
27 2 1 22,109 "27";
28 1 0 187,244 "28";
29 0 1 92,245 "29";
30 1 1 85,198 "30";
31 1 1 4,25 "31";
32 2 0 36,172 "32";
33 0 1 16,250 "33";
34 1 1 82,189 "34";
35 0 0 108,213 "35";
36 1 0 64,194 "36";
37 0 0 31,151 "37";
38 2 0 2,21 "38";
39 2 1 71,204 "39";
40 2 1 3,28 "40";
41 2 1 4,29 "41";
42 1 0 57,86 "42";
43 2 1 57,123 "43";
44 0 1 113,130 "44";
45 1 0 152,175 "45";
46 2 1 25,235 "46";
47 1 0 21,216 "47";
48 0 0 116,176 "48";
49 2 0 247,249 "49";
50 1 0 43,176 "50";
51 0 0 141,202 "51";
52 2 1 29,181 "52";
53 1 0 78,164 "53";
54 2 1 16,92 "54";
55 0 1 236,238 "55";
56 0 1 54,145 "56";
57 2 0 94,235 "57";
58 0 1 131,264 "58";
59 0 1 65,139 "59";
60 1 0 144,264 "60";
61 1 1 148,169 "61";
62 2 1 81,129 "62";
63 0 0 2,247 "63";
64 0 1 144,201 "64";
65 2 1 151,156 "65";
66 0 0 116,172 "66";
67 2 0 132,223 "67";
68 2 0 60,99 "68";
69 0 0 131,134 "69";
70 0 1 17,46 "70";
71 2 0 9,172 "71";
72 1 1 171,179 "72";
73 2 0 71,126 "73";
74 2 1 166,245 "74";
75 0 1 66,122 "75";
76 2 1 59,260 "76";
77 2 1 22,236 "77";
78 2 0 126,253 "78";
79 2 1 82,206 "79";
80 0 0 21,237 "80";
81 0 0 84,262 "81";
82 0 1 4,96 "82";
83 0 1 140,150 "83";
84 0 0 56,133 "84";
85 0 0 52,108 "85";
86 1 1 177,212 "86";
87 1 1 2,140 "87";
88 1 1 81,241 "88";
89 1 0 128,174 "89";
90 1 1 72,153 "90";
91 1 0 26,149 "91";
92 1 1 33,121 "92";
93 0 0 143,166 "93";
94 2 0 188,231 "94";
95 1 0 42,89 "95";
96 1 1 60,119 "96";
97 1 1 96,170 "97";
98 2 1 122,187 "98";
99 0 1 0,39 "99";
100 0 1 51,264 "100";
101 1 1 95,116 "101";
102 2 1 12,209 "102";
103 2 1 202,224 "103";
104 0 0 185,189 "104";
105 2 0 4,103 "105";
106 2 0 11,88 "106";
107 1 1 213,221 "107";
108 1 1 109,120 "108";
109 1 1 80,169 "109";
110 0 1 153,186 "110";
111 1 0 13,194 "111";
112 0 1 126,251 "112";
113 2 1 23,193 "113";
114 1 0 169,181 "114";
115 2 0 91,172 "115";
116 0 0 157,224 "116";
117 1 0 85,141 "117";
118 2 1 58,222 "118";
119 2 0 121,161 "119";
120 1 1 108,239 "120";
121 0 1 185,216 "121";
122 2 0 95,243 "122";
123 2 1 18,71 "123";
124 0 1 103,145 "124";
125 0 1 36,48 "125";
126 0 1 189,237 "126";
127 0 1 181,202 "127";
128 0 1 233,242 "128";
129 1 1 76,82 "129";
130 0 1 39,168 "130";
131 2 0 156,200 "131";
132 2 0 107,188 "132";
133 0 1 7,137 "133";
134 0 0 39,80 "134";
135 2 1 185,249 "135";
136 1 0 62,227 "136";
137 2 0 215,248 "137";
138 2 1 124,169 "138";
139 1 0 90,249 "139";
140 1 1 15,35 "140";
141 0 0 90,148 "141";
142 2 0 150,242 "142";
143 2 1 199,262 "143";
144 0 1 36,261 "144";
145 1 0 8,254 "145";
146 0 0 78,203 "146";
147 1 0 12,236 "147";
148 2 0 12,133 "148";
149 2 0 102,201 "149";
150 1 0 143,230 "150";
151 1 0 79,147 "151";
152 2 1 84,225 "152";
153 2 0 26,213 "153";
154 1 0 9,163 "154";
155 0 1 107,197 "155";
156 2 1 62,78 "156";
157 2 1 12,18 "157";
158 0 0 144,237 "158";
159 2 1 18,100 "159";
160 0 1 123,193 "160";
161 0 1 85,252 "161";
162 2 0 76,210 "162";
163 0 0 96,135 "163";
164 0 1 118,217 "164";
165 1 0 101,109 "165";
166 2 0 123,163 "166";
167 0 1 106,163 "167";
168 1 1 70,94 "168";
169 0 0 4,231 "169";
170 0 0 252,261 "170";
171 0 1 84,229 "171";
172 0 0 9,59 "172";
173 0 0 157,176 "173";
174 0 0 166,251 "174";
175 2 1 79,86 "175";
176 0 1 6,97 "176";
177 1 1 194,212 "177";
178 0 0 80,166 "178";
179 0 1 110,250 "179";
180 1 1 58,217 "180";
181 1 1 81,217 "181";
182 2 1 171,215 "182";
183 0 0 203,221 "183";
184 0 0 76,176 "184";
185 1 1 11,100 "185";
186 0 0 83,138 "186";
187 2 1 48,197 "187";
188 1 0 42,119 "188";
189 1 0 36,128 "189";
190 0 1 1,146 "190";
191 1 0 24,52 "191";
192 2 0 6,25 "192";
193 1 0 5,262 "193";
194 2 0 238,246 "194";
195 1 0 13,205 "195";
196 1 0 12,195 "196";
197 1 0 21,138 "197";
198 2 1 54,110 "198";
199 2 1 227,240 "199";
200 0 1 133,207 "200";
201 2 0 158,179 "201";
202 1 1 199,247 "202";
203 1 1 122,162 "203";
204 1 1 158,239 "204";
205 0 1 208,244 "205";
206 1 1 5,128 "206";
207 2 0 50,206 "207";
208 2 0 88,222 "208";
209 2 1 36,178 "209";
210 0 1 81,134 "210";
211 0 0 112,207 "211";
212 2 1 98,146 "212";
213 2 0 86,188 "213";
214 1 0 109,152 "214";
215 1 1 77,152 "215";
216 2 1 25,136 "216";
217 2 1 211,227 "217";
218 0 1 148,212 "218";
219 1 0 4,167 "219";
220 1 0 47,120 "220";
221 0 1 70,148 "221";
222 1 1 107,240 "222";
223 0 1 186,232 "223";
224 0 1 75,260 "224";
225 0 1 94,114 "225";
226 0 1 7,108 "226";
227 2 1 96,173 "227";
228 1 1 19,47 "228";
229 0 1 108,195 "229";
230 1 0 37,243 "230";
231 0 1 46,142 "231";
232 1 0 37,86 "232";
233 1 0 86,204 "233";
234 2 0 97,251 "234";
235 1 1 23,104 "235";
236 1 1 64,151 "236";
237 0 1 97,177 "237";
238 0 1 117,179 "238";
239 1 1 132,154 "239";
240 1 1 28,242 "240";
241 1 1 1,208 "241";
242 0 1 0,66 "242";
243 2 0 73,135 "243";
244 2 1 118,246 "244";
245 0 1 59,264 "245";
246 2 1 120,204 "246";
247 2 1 94,249 "247";
248 2 1 36,110 "248";
249 0 1 50,201 "249";
250 2 0 158,237 "250";
251 2 1 87,260 "251";
252 0 0 197,245 "252";
253 0 0 49,210 "253";
254 1 1 237,244 "254";
255 1 1 98,179 "255";
256 1 1 157,179 "256";
257 2 1 58,191 "257";
258 2 1 137,152 "258";
259 1 0 68,106 "259";
260 2 0 147,174 "260";
261 2 0 12,72 "261";
262 2 1 2,7 "262";
263 2 0 31,177 "263";
264 2 1 46,105 "264";
