parity 209;
0 1 0 17,176 "0";
1 1 0 41,134 "1";
2 1 0 176,203 "2";
3 1 0 15,78 "3";
4 1 0 65,140 "4";
5 1 0 112,201 "5";
6 2 1 2,113 "6";
7 0 0 148,152 "7";
8 1 0 98,154 "8";
9 2 1 169,179 "9";
10 2 1 46,157 "10";
11 1 1 78,188 "11";
12 1 1 43,60 "12";
13 2 0 51,181 "13";
14 0 0 22,111 "14";
15 2 1 110,170 "15";
16 0 1 37,103 "16";
17 2 0 26,187 "17";
18 0 0 0,47 "18";
19 1 0 106,125 "19";
20 1 0 199,207 "20";
21 1 1 139,202 "21";
22 0 1 115,191 "22";
23 0 0 17,165 "23";
24 2 0 32,68 "24";
25 2 1 6,145 "25";
26 0 1 3,103 "26";
27 2 1 23,112 "27";
28 1 0 6,169 "28";
29 0 1 134,163 "29";
30 0 1 126,182 "30";
31 1 0 114,135 "31";
32 2 0 93,205 "32";
33 2 1 74,189 "33";
34 0 0 59,208 "34";
35 2 1 112,166 "35";
36 2 0 123,130 "36";
37 1 0 6,116 "37";
38 0 0 5,204 "38";
39 1 1 129,131 "39";
40 2 1 57,161 "40";
41 1 1 21,174 "41";
42 0 0 198,206 "42";
43 0 0 46,93 "43";
44 1 1 66,80 "44";
45 0 1 61,188 "45";
46 2 0 12,61 "46";
47 0 0 144,208 "47";
48 0 1 147,197 "48";
49 0 1 21,64 "49";
50 0 1 131,208 "50";
51 0 1 11,122 "51";
52 1 1 23,127 "52";
53 1 1 173,197 "53";
54 2 0 32,66 "54";
55 1 0 41,78 "55";
56 1 1 108,186 "56";
57 0 1 133,148 "57";
58 2 1 105,206 "58";
59 0 0 111,203 "59";
60 1 1 86,183 "60";
61 1 1 86,109 "61";
62 1 1 54,159 "62";
63 1 1 106,169 "63";
64 1 1 92,130 "64";
65 0 0 164,171 "65";
66 2 1 154,195 "66";
67 1 0 48,207 "67";
68 1 1 17,30 "68";
69 2 0 59,165 "69";
70 0 1 17,176 "70";
71 1 0 9,186 "71";
72 2 0 52,106 "72";
73 1 0 38,147 "73";
74 2 0 51,136 "74";
75 2 0 87,187 "75";
76 0 0 88,188 "76";
77 1 1 139,192 "77";
78 1 0 37,197 "78";
79 0 1 86,164 "79";
80 2 0 113,152 "80";
81 0 1 32,153 "81";
82 1 0 29,64 "82";
83 2 0 34,168 "83";
84 0 1 44,171 "84";
85 0 0 11,184 "85";
86 0 0 132,136 "86";
87 1 1 10,199 "87";
88 2 0 46,169 "88";
89 1 0 184,205 "89";
90 0 0 109,208 "90";
91 1 1 125,147 "91";
92 1 1 10,106 "92";
93 1 0 182,198 "93";
94 1 1 1,17 "94";
95 2 0 36,81 "95";
96 1 0 110,121 "96";
97 1 0 71,176 "97";
98 0 1 12,51 "98";
99 0 0 37,142 "99";
100 2 0 141,167 "100";
101 1 0 143,180 "101";
102 0 0 170,180 "102";
103 1 0 113,122 "103";
104 0 0 23,146 "104";
105 2 1 114,199 "105";
106 1 0 135,183 "106";
107 0 0 149,199 "107";
108 0 1 41,61 "108";
109 1 1 36,164 "109";
110 1 0 164,204 "110";
111 1 1 45,77 "111";
112 2 1 40,179 "112";
113 1 1 109,128 "113";
114 1 1 90,182 "114";
115 2 0 117,153 "115";
116 0 0 128,156 "116";
117 2 1 49,74 "117";
118 0 0 167,189 "118";
119 2 0 103,112 "119";
120 0 1 37,190 "120";
121 1 0 42,157 "121";
122 2 0 131,137 "122";
123 0 0 45,114 "123";
124 1 1 24,190 "124";
125 2 0 19,53 "125";
126 1 0 154,173 "126";
127 1 0 74,106 "127";
128 1 0 115,125 "128";
129 2 1 148,180 "129";
130 0 0 83,95 "130";
131 1 0 12,33 "131";
132 1 1 5,124 "132";
133 0 0 177,184 "133";
134 2 1 29,174 "134";
135 0 0 38,204 "135";
136 1 1 89,114 "136";
137 0 0 1,167 "137";
138 1 1 185,199 "138";
139 0 0 25,51 "139";
140 1 0 111,143 "140";
141 0 0 57,161 "141";
142 0 1 57,169 "142";
143 0 0 148,152 "143";
144 0 1 110,154 "144";
145 0 0 52,80 "145";
146 1 1 71,81 "146";
147 2 0 0,60 "147";
148 1 1 60,170 "148";
149 1 1 9,73 "149";
150 0 0 129,136 "150";
151 1 1 25,100 "151";
152 0 1 2,138 "152";
153 0 1 116,136 "153";
154 0 0 15,47 "154";
155 2 1 19,98 "155";
156 0 1 144,189 "156";
157 0 0 32,116 "157";
158 2 1 76,147 "158";
159 1 1 189,197 "159";
160 1 1 87,105 "160";
161 0 1 90,129 "161";
162 2 1 78,89 "162";
163 0 1 44,206 "163";
164 1 1 183,194 "164";
165 1 1 26,27 "165";
166 1 0 23,138 "166";
167 2 1 64,97 "167";
168 1 0 120,159 "168";
169 0 1 78,200 "169";
170 2 1 136,171 "170";
171 1 1 49,169 "171";
172 1 0 22,114 "172";
173 2 1 104,111 "173";
174 2 1 106,139 "174";
175 0 1 118,166 "175";
176 2 0 98,115 "176";
177 2 1 69,98 "177";
178 1 0 22,55 "178";
179 0 0 142,161 "179";
180 2 1 181,186 "180";
181 1 1 39,63 "181";
182 1 1 60,100 "182";
183 0 1 156,184 "183";
184 1 1 26,165 "184";
185 2 1 72,97 "185";
186 1 1 90,176 "186";
187 1 0 3,138 "187";
188 1 0 93,101 "188";
189 2 0 176,179 "189";
190 0 0 26,123 "190";
191 0 1 8,107 "191";
192 2 1 29,53 "192";
193 2 0 102,192 "193";
194 0 0 10,106 "194";
195 1 1 68,137 "195";
196 2 1 34,148 "196";
197 0 1 128,133 "197";
198 0 1 7,190 "198";
199 0 0 12,134 "199";
200 2 0 11,72 "200";
201 1 0 155,195 "201";
202 2 1 109,156 "202";
203 2 1 80,94 "203";
204 2 1 45,93 "204";
205 1 0 79,206 "205";
206 0 0 10,76 "206";
207 0 1 107,190 "207";
208 1 0 33,203 "208";
209 0 0 140,206 "209";
