parity 244;
0 2 1 57,148 "0";
1 2 1 13,100 "1";
2 0 1 55,101 "2";
3 0 1 0,30 "3";
4 2 0 68,186 "4";
5 1 0 180,205 "5";
6 0 0 136,185 "6";
7 1 1 118,172 "7";
8 0 1 30,118 "8";
9 2 1 41,235 "9";
10 1 0 152,206 "10";
11 0 0 82,163 "11";
12 1 0 196,221 "12";
13 0 0 18,154 "13";
14 0 0 117,137 "14";
15 1 0 16,109 "15";
16 0 1 10,55 "16";
17 0 0 54,214 "17";
18 2 1 147,159 "18";
19 0 0 28,179 "19";
20 2 1 53,216 "20";
21 1 0 12,131 "21";
22 1 0 119,136 "22";
23 1 1 33,166 "23";
24 1 1 139,176 "24";
25 0 1 12,52 "25";
26 2 1 160,191 "26";
27 2 0 5,141 "27";
28 1 1 162,173 "28";
29 0 0 24,60 "29";
30 2 0 101,167 "30";
31 1 1 171,228 "31";
32 0 1 21,203 "32";
33 2 1 140,151 "33";
34 2 1 172,240 "34";
35 1 1 148,234 "35";
36 1 1 37,241 "36";
37 1 0 39,88 "37";
38 2 1 6,123 "38";
39 1 1 166,168 "39";
40 1 0 109,200 "40";
41 2 1 20,160 "41";
42 2 0 109,227 "42";
43 2 0 86,109 "43";
44 2 0 17,196 "44";
45 0 1 94,118 "45";
46 0 1 33,153 "46";
47 0 1 16,234 "47";
48 2 1 158,234 "48";
49 1 0 176,204 "49";
50 2 0 78,208 "50";
51 2 0 71,168 "51";
52 2 0 58,68 "52";
53 1 0 98,156 "53";
54 0 1 164,178 "54";
55 0 0 38,182 "55";
56 2 1 16,145 "56";
57 1 1 146,201 "57";
58 1 0 35,164 "58";
59 0 0 66,159 "59";
60 0 1 109,137 "60";
61 0 0 144,169 "61";
62 2 1 213,215 "62";
63 2 0 160,213 "63";
64 1 1 60,223 "64";
65 2 0 191,230 "65";
66 2 1 147,194 "66";
67 1 1 184,201 "67";
68 1 0 14,56 "68";
69 0 0 79,138 "69";
70 0 0 63,141 "70";
71 2 0 48,173 "71";
72 0 0 182,237 "72";
73 0 0 15,170 "73";
74 2 0 104,114 "74";
75 0 1 9,116 "75";
76 0 0 206,215 "76";
77 2 1 8,196 "77";
78 1 0 176,239 "78";
79 0 1 59,184 "79";
80 1 0 25,28 "80";
81 0 1 72,102 "81";
82 1 1 134,170 "82";
83 0 0 0,36 "83";
84 2 0 9,203 "84";
85 1 0 17,176 "85";
86 2 0 140,212 "86";
87 0 0 69,161 "87";
88 2 1 169,210 "88";
89 2 0 21,149 "89";
90 2 1 141,168 "90";
91 1 1 92,203 "91";
92 0 0 44,130 "92";
93 2 1 15,49 "93";
94 1 1 167,205 "94";
95 0 1 2,146 "95";
96 2 1 29,59 "96";
97 0 1 171,232 "97";
98 1 0 156,205 "98";
99 0 1 110,225 "99";
100 1 0 188,219 "100";
101 1 1 23,132 "101";
102 1 0 99,107 "102";
103 1 1 130,146 "103";
104 2 0 49,114 "104";
105 1 1 159,162 "105";
106 2 1 56,221 "106";
107 0 1 52,127 "107";
108 2 1 95,177 "108";
109 0 1 27,90 "109";
110 1 1 182,218 "110";
111 0 0 104,195 "111";
112 1 1 166,188 "112";
113 0 1 76,202 "113";
114 2 1 7,241 "114";
115 2 1 20,167 "115";
116 2 1 96,133 "116";
117 0 0 15,60 "117";
118 2 1 64,219 "118";
119 0 0 38,134 "119";
120 0 1 159,187 "120";
121 1 0 202,217 "121";
122 1 0 46,183 "122";
123 0 0 2,141 "123";
124 0 0 104,142 "124";
125 1 1 123,224 "125";
126 0 1 80,137 "126";
127 0 0 63,194 "127";
128 0 1 197,243 "128";
129 1 1 34,114 "129";
130 0 0 82,171 "130";
131 2 1 1,11 "131";
132 0 1 183,242 "132";
133 1 0 155,200 "133";
134 2 1 0,44 "134";
135 0 1 58,176 "135";
136 2 1 49,144 "136";
137 2 0 171,182 "137";
138 0 0 35,49 "138";
139 2 1 107,226 "139";
140 1 1 2,183 "140";
141 1 0 36,231 "141";
142 2 1 153,200 "142";
143 2 0 119,158 "143";
144 2 1 3,243 "144";
145 0 0 70,120 "145";
146 1 1 0,203 "146";
147 2 1 85,155 "147";
148 1 1 189,216 "148";
149 2 1 0,193 "149";
150 0 1 195,217 "150";
151 0 0 91,122 "151";
152 1 0 132,231 "152";
153 0 0 151,196 "153";
154 2 0 153,186 "154";
155 2 1 54,93 "155";
156 1 1 42,176 "156";
157 1 1 49,140 "157";
158 1 1 63,201 "158";
159 1 1 166,194 "159";
160 2 0 90,223 "160";
161 2 0 5,9 "161";
162 2 1 141,186 "162";
163 1 0 78,126 "163";
164 1 0 107,183 "164";
165 0 0 192,241 "165";
166 1 0 183,189 "166";
167 1 1 50,217 "167";
168 2 0 79,164 "168";
169 1 1 49,142 "169";
170 0 0 103,166 "170";
171 1 0 63,92 "171";
172 0 1 33,39 "172";
173 0 0 9,204 "173";
174 1 0 45,108 "174";
175 2 1 2,84 "175";
176 2 1 25,114 "176";
177 0 1 119,160 "177";
178 2 1 172,224 "178";
179 2 0 88,92 "179";
180 2 0 94,164 "180";
181 2 0 98,188 "181";
182 2 0 3,89 "182";
183 0 1 43,79 "183";
184 0 0 33,182 "184";
185 1 0 122,227 "185";
186 2 0 11,73 "186";
187 0 1 57,207 "187";
188 2 1 122,191 "188";
189 2 1 7,195 "189";
190 0 1 121,200 "190";
191 0 0 122,218 "191";
192 1 1 15,212 "192";
193 2 0 139,239 "193";
194 1 1 78,228 "194";
195 0 1 97,222 "195";
196 2 0 180,221 "196";
197 1 1 133,206 "197";
198 0 0 24,212 "198";
199 2 1 55,207 "199";
200 0 1 79,153 "200";
201 1 1 64,144 "201";
202 2 0 38,113 "202";
203 0 0 163,221 "203";
204 2 1 106,233 "204";
205 0 0 14,134 "205";
206 2 1 219,230 "206";
207 0 1 144,170 "207";
208 1 0 2,4 "208";
209 1 1 25,34 "209";
210 1 0 39,93 "210";
211 2 1 134,183 "211";
212 0 0 49,243 "212";
213 1 0 182,199 "213";
214 1 0 68,202 "214";
215 1 1 54,132 "215";
216 2 1 71,79 "216";
217 2 0 109,137 "217";
218 0 0 66,168 "218";
219 1 0 156,201 "219";
220 0 1 80,123 "220";
221 2 0 93,152 "221";
222 0 1 106,130 "222";
223 2 1 31,79 "223";
224 0 1 94,100 "224";
225 0 1 7,226 "225";
226 2 0 58,100 "226";
227 0 1 55,223 "227";
228 0 1 17,85 "228";
229 1 0 2,131 "229";
230 0 0 145,156 "230";
231 0 0 65,88 "231";
232 2 1 33,152 "232";
233 2 1 153,162 "233";
234 0 0 48,92 "234";
235 2 0 59,225 "235";
236 2 0 21,137 "236";
237 1 1 10,29 "237";
238 0 0 7,13 "238";
239 2 0 200,238 "239";
240 1 1 182,192 "240";
241 0 1 73,205 "241";
242 1 0 108,168 "242";
243 2 1 103,180 "243";
244 1 1 90,169 "244";
