parity 244;
0 0 0 95,144 "0";
1 0 0 101,103 "1";
2 0 1 21,149 "2";
3 1 0 63,78 "3";
4 0 0 101,195 "4";
5 2 0 68,104 "5";
6 0 0 154,242 "6";
7 1 1 26,113 "7";
8 1 1 116,151 "8";
9 0 0 96,123 "9";
10 0 1 49,213 "10";
11 0 0 17,198 "11";
12 1 0 10,72 "12";
13 2 0 16,88 "13";
14 2 0 65,73 "14";
15 2 1 135,233 "15";
16 1 1 20,126 "16";
17 0 1 13,53 "17";
18 0 1 96,168 "18";
19 2 1 27,49 "19";
20 2 1 32,106 "20";
21 2 0 37,209 "21";
22 0 0 107,217 "22";
23 2 0 151,206 "23";
24 2 1 41,183 "24";
25 0 0 169,188 "25";
26 1 0 87,240 "26";
27 1 0 143,179 "27";
28 1 0 89,210 "28";
29 0 0 44,58 "29";
30 1 1 177,236 "30";
31 2 1 20,201 "31";
32 1 1 24,213 "32";
33 2 1 2,205 "33";
34 2 0 85,120 "34";
35 0 0 51,226 "35";
36 2 1 178,195 "36";
37 2 1 15,78 "37";
38 2 1 173,203 "38";
39 1 1 87,212 "39";
40 0 1 20,37 "40";
41 1 1 73,154 "41";
42 1 1 227,240 "42";
43 0 1 134,198 "43";
44 1 0 133,137 "44";
45 0 1 123,172 "45";
46 2 1 107,168 "46";
47 1 1 109,177 "47";
48 0 1 9,89 "48";
49 0 0 81,156 "49";
50 1 0 54,193 "50";
51 2 1 143,152 "51";
52 0 0 179,240 "52";
53 0 0 9,105 "53";
54 0 0 123,144 "54";
55 1 1 10,60 "55";
56 1 1 151,225 "56";
57 1 0 9,14 "57";
58 0 1 200,241 "58";
59 2 0 97,200 "59";
60 0 1 123,152 "60";
61 1 0 20,48 "61";
62 0 0 139,140 "62";
63 2 1 94,95 "63";
64 2 0 100,196 "64";
65 1 1 15,188 "65";
66 2 1 54,243 "66";
67 2 0 90,222 "67";
68 1 0 128,242 "68";
69 0 0 49,163 "69";
70 1 0 137,156 "70";
71 2 1 133,139 "71";
72 0 0 39,46 "72";
73 0 0 108,117 "73";
74 2 0 221,231 "74";
75 1 0 107,139 "75";
76 1 1 98,167 "76";
77 2 1 134,188 "77";
78 0 1 56,130 "78";
79 0 0 194,199 "79";
80 2 1 35,173 "80";
81 1 1 30,188 "81";
82 2 1 149,188 "82";
83 0 1 119,180 "83";
84 0 1 17,173 "84";
85 1 0 27,176 "85";
86 0 1 124,174 "86";
87 1 0 40,119 "87";
88 0 0 170,220 "88";
89 2 1 3,212 "89";
90 0 1 211,214 "90";
91 1 0 45,153 "91";
92 2 1 52,204 "92";
93 2 0 7,23 "93";
94 0 1 105,138 "94";
95 0 1 29,229 "95";
96 0 0 168,234 "96";
97 2 1 14,170 "97";
98 0 1 182,238 "98";
99 1 1 71,147 "99";
100 1 1 215,230 "100";
101 2 0 43,241 "101";
102 1 1 75,168 "102";
103 2 0 125,218 "103";
104 2 1 15,214 "104";
105 1 1 6,211 "105";
106 1 0 199,206 "106";
107 2 0 32,44 "107";
108 1 0 181,198 "108";
109 0 1 45,153 "109";
110 2 1 40,122 "110";
111 1 1 40,211 "111";
112 0 1 201,243 "112";
113 2 1 119,141 "113";
114 1 1 138,171 "114";
115 2 0 150,237 "115";
116 0 1 94,217 "116";
117 1 1 10,143 "117";
118 0 1 30,134 "118";
119 1 0 99,167 "119";
120 0 0 23,136 "120";
121 1 0 32,168 "121";
122 1 0 132,136 "122";
123 0 0 15,189 "123";
124 1 0 7,176 "124";
125 0 1 25,55 "125";
126 0 1 171,174 "126";
127 2 0 199,229 "127";
128 0 1 142,167 "128";
129 2 0 135,199 "129";
130 1 0 148,187 "130";
131 0 0 29,35 "131";
132 1 1 120,204 "132";
133 1 1 72,90 "133";
134 0 1 29,110 "134";
135 0 0 166,206 "135";
136 0 0 18,212 "136";
137 1 0 3,48 "137";
138 1 0 74,195 "138";
139 0 1 59,173 "139";
140 1 1 151,165 "140";
141 0 1 31,108 "141";
142 1 0 45,91 "142";
143 1 1 51,117 "143";
144 0 0 5,165 "144";
145 2 1 126,200 "145";
146 0 1 127,202 "146";
147 0 0 49,193 "147";
148 2 0 61,93 "148";
149 2 1 66,101 "149";
150 1 0 64,104 "150";
151 1 1 99,119 "151";
152 2 0 80,132 "152";
153 0 0 16,39 "153";
154 1 1 112,157 "154";
155 1 0 109,220 "155";
156 1 1 205,231 "156";
157 2 0 56,148 "157";
158 1 1 181,225 "158";
159 1 0 198,231 "159";
160 1 1 219,223 "160";
161 2 1 12,40 "161";
162 0 0 86,170 "162";
163 2 1 72,229 "163";
164 2 0 18,101 "164";
165 0 1 117,189 "165";
166 0 1 158,175 "166";
167 1 0 110,243 "167";
168 2 1 7,143 "168";
169 2 1 98,170 "169";
170 2 0 32,55 "170";
171 2 1 185,240 "171";
172 1 0 43,219 "172";
173 0 1 35,116 "173";
174 0 0 96,236 "174";
175 0 0 32,147 "175";
176 1 1 65,221 "176";
177 2 1 81,169 "177";
178 2 1 61,214 "178";
179 2 1 14,47 "179";
180 0 1 195,218 "180";
181 2 1 46,198 "181";
182 1 0 6,116 "182";
183 1 0 50,215 "183";
184 1 0 55,94 "184";
185 0 0 126,206 "185";
186 2 0 5,19 "186";
187 1 0 18,232 "187";
188 1 0 129,139 "188";
189 2 0 201,234 "189";
190 2 0 69,127 "190";
191 2 0 114,156 "191";
192 0 0 64,232 "192";
193 2 1 100,238 "193";
194 1 0 198,199 "194";
195 2 0 161,172 "195";
196 2 0 9,161 "196";
197 1 1 44,210 "197";
198 2 0 5,20 "198";
199 2 1 75,164 "199";
200 2 1 154,210 "200";
201 1 1 174,232 "201";
202 1 0 161,241 "202";
203 0 0 108,216 "203";
204 0 0 12,241 "204";
205 2 1 117,194 "205";
206 1 1 5,137 "206";
207 0 0 1,30 "207";
208 0 0 125,205 "208";
209 0 1 58,66 "209";
210 1 1 160,182 "210";
211 2 1 53,105 "211";
212 1 1 81,160 "212";
213 1 0 149,163 "213";
214 1 0 96,235 "214";
215 0 0 72,160 "215";
216 0 0 36,145 "216";
217 2 0 35,131 "217";
218 2 1 130,189 "218";
219 0 0 27,111 "219";
220 1 1 7,173 "220";
221 2 1 96,234 "221";
222 0 0 42,141 "222";
223 2 1 185,212 "223";
224 1 1 28,139 "224";
225 1 1 106,133 "225";
226 2 1 98,178 "226";
227 0 0 86,153 "227";
228 0 0 126,167 "228";
229 2 1 38,220 "229";
230 2 1 143,228 "230";
231 0 1 14,140 "231";
232 0 1 176,240 "232";
233 1 1 14,50 "233";
234 1 0 183,227 "234";
235 1 0 22,67 "235";
236 1 1 6,221 "236";
237 0 1 103,192 "237";
238 0 0 170,223 "238";
239 2 0 26,238 "239";
240 0 0 80,203 "240";
241 0 1 50,104 "241";
242 1 0 116,156 "242";
243 2 1 36,65 "243";
244 1 0 96,118 "244";
