parity 199;
0 2 0 1,128 "0";
1 2 1 101,115 "1";
2 2 1 55,82 "2";
3 0 0 73,169 "3";
4 1 1 34,122 "4";
5 2 1 135,195 "5";
6 0 1 99,111 "6";
7 0 0 1,168 "7";
8 2 1 72,135 "8";
9 2 1 95,105 "9";
10 0 1 56,177 "10";
11 2 0 193,195 "11";
12 1 0 99,197 "12";
13 0 1 153,181 "13";
14 2 1 97,107 "14";
15 0 0 17,178 "15";
16 2 0 14,191 "16";
17 0 0 3,71 "17";
18 0 0 29,165 "18";
19 0 0 124,138 "19";
20 2 0 1,82 "20";
21 0 1 54,96 "21";
22 2 1 65,109 "22";
23 0 1 81,169 "23";
24 0 0 9,90 "24";
25 1 0 110,143 "25";
26 2 1 121,196 "26";
27 0 1 149,185 "27";
28 0 1 47,69 "28";
29 0 1 56,145 "29";
30 2 1 13,140 "30";
31 2 1 8,11 "31";
32 0 1 12,75 "32";
33 2 0 156,195 "33";
34 0 0 87,115 "34";
35 1 1 24,164 "35";
36 1 1 82,150 "36";
37 1 1 15,104 "37";
38 1 0 88,197 "38";
39 2 0 161,197 "39";
40 0 0 31,101 "40";
41 2 1 37,94 "41";
42 0 0 159,163 "42";
43 0 1 31,90 "43";
44 2 1 45,163 "44";
45 2 0 111,142 "45";
46 0 0 162,173 "46";
47 1 0 65,175 "47";
48 0 1 66,80 "48";
49 2 0 24,128 "49";
50 0 0 124,135 "50";
51 0 0 72,175 "51";
52 1 0 109,134 "52";
53 1 1 24,97 "53";
54 2 0 67,118 "54";
55 2 1 69,161 "55";
56 0 1 78,145 "56";
57 0 1 122,138 "57";
58 0 0 7,161 "58";
59 0 1 45,62 "59";
60 2 0 115,144 "60";
61 1 0 85,150 "61";
62 0 1 149,198 "62";
63 0 0 92,131 "63";
64 2 0 84,120 "64";
65 0 0 68,113 "65";
66 2 1 17,84 "66";
67 2 1 89,193 "67";
68 2 1 34,49 "68";
69 2 1 86,198 "69";
70 0 0 56,180 "70";
71 2 1 11,181 "71";
72 2 0 1,109 "72";
73 1 0 137,150 "73";
74 2 0 78,126 "74";
75 0 0 168,170 "75";
76 0 0 51,169 "76";
77 1 0 63,70 "77";
78 2 0 89,102 "78";
79 1 1 83,194 "79";
80 2 0 58,124 "80";
81 2 0 0,48 "81";
82 2 0 62,78 "82";
83 1 1 70,186 "83";
84 1 0 26,72 "84";
85 2 0 36,72 "85";
86 0 0 65,128 "86";
87 2 1 67,86 "87";
88 2 0 84,142 "88";
89 1 0 79,186 "89";
90 1 1 12,155 "90";
91 0 1 159,178 "91";
92 2 0 12,153 "92";
93 0 1 99,149 "93";
94 2 1 54,153 "94";
95 1 0 106,187 "95";
96 0 1 83,137 "96";
97 0 0 28,106 "97";
98 1 1 119,126 "98";
99 2 1 8,140 "99";
100 1 0 37,131 "100";
101 2 0 26,41 "101";
102 1 0 6,96 "102";
103 1 0 40,94 "103";
104 2 1 16,173 "104";
105 2 1 2,63 "105";
106 1 1 61,136 "106";
107 1 1 9,98 "107";
108 0 1 50,112 "108";
109 2 1 112,149 "109";
110 0 0 54,156 "110";
111 0 0 36,40 "111";
112 1 0 101,125 "112";
113 2 1 47,93 "113";
114 2 0 88,91 "114";
115 2 0 56,122 "115";
116 2 1 18,189 "116";
117 0 0 78,172 "117";
118 0 0 43,134 "118";
119 2 1 57,177 "119";
120 1 1 42,100 "120";
121 0 0 110,128 "121";
122 2 0 127,198 "122";
123 1 0 12,80 "123";
124 1 1 35,144 "124";
125 1 1 37,167 "125";
126 1 1 89,164 "126";
127 2 1 61,146 "127";
128 2 0 68,157 "128";
129 1 1 44,66 "129";
130 0 0 1,114 "130";
131 2 0 27,138 "131";
132 0 0 1,30 "132";
133 1 0 87,126 "133";
134 1 0 36,108 "134";
135 2 1 88,101 "135";
136 2 0 179,182 "136";
137 2 1 89,185 "137";
138 2 0 61,74 "138";
139 2 1 7,94 "139";
140 2 1 152,181 "140";
141 2 0 88,189 "141";
142 1 0 118,194 "142";
143 1 1 84,105 "143";
144 1 1 149,190 "144";
145 1 1 131,142 "145";
146 1 0 81,89 "146";
147 0 1 68,88 "147";
148 2 1 89,183 "148";
149 0 0 166,179 "149";
150 0 1 83,109 "150";
151 1 0 67,184 "151";
152 2 1 70,78 "152";
153 0 0 1,106 "153";
154 2 0 134,175 "154";
155 1 0 15,157 "155";
156 2 0 39,52 "156";
157 1 0 48,151 "157";
158 1 0 38,110 "158";
159 0 0 183,190 "159";
160 0 1 13,52 "160";
161 1 0 18,41 "161";
162 1 1 92,122 "162";
163 0 1 104,128 "163";
164 0 0 3,17 "164";
165 2 0 157,164 "165";
166 0 1 66,84 "166";
167 0 0 100,169 "167";
168 2 1 140,165 "168";
169 1 1 51,143 "169";
170 2 0 85,111 "170";
171 0 0 76,172 "171";
172 2 0 23,60 "172";
173 1 0 8,24 "173";
174 2 1 12,94 "174";
175 0 0 134,166 "175";
176 0 1 93,174 "176";
177 1 1 102,143 "177";
178 0 1 98,127 "178";
179 2 0 97,149 "179";
180 0 0 54,132 "180";
181 1 1 119,131 "181";
182 2 1 47,164 "182";
183 0 0 95,126 "183";
184 2 0 21,148 "184";
185 0 1 90,126 "185";
186 1 0 72,198 "186";
187 1 0 105,180 "187";
188 2 0 77,191 "188";
189 1 0 23,126 "189";
190 2 1 75,197 "190";
191 2 0 135,180 "191";
192 0 1 191,196 "192";
193 0 0 111,145 "193";
194 1 1 4,35 "194";
195 2 1 32,47 "195";
196 0 0 154,166 "196";
197 1 1 16,134 "197";
198 2 1 1,86 "198";
199 0 0 2,161 "199";
