parity 224;
0 2 0 94,137 "0";
1 0 0 163,220 "1";
2 1 1 57,201 "2";
3 0 0 84,95 "3";
4 2 1 84,126 "4";
5 0 0 157,222 "5";
6 0 1 88,125 "6";
7 1 0 102,110 "7";
8 1 0 113,187 "8";
9 2 1 172,176 "9";
10 2 1 186,215 "10";
11 0 1 133,157 "11";
12 2 1 117,149 "12";
13 0 1 106,133 "13";
14 1 1 147,197 "14";
15 0 1 86,89 "15";
16 1 0 201,216 "16";
17 1 0 20,59 "17";
18 1 1 33,173 "18";
19 1 0 122,150 "19";
20 1 1 152,219 "20";
21 2 0 104,165 "21";
22 2 1 178,201 "22";
23 0 1 4,190 "23";
24 0 0 134,206 "24";
25 1 0 175,180 "25";
26 2 1 17,135 "26";
27 1 0 141,159 "27";
28 1 0 50,63 "28";
29 0 0 24,222 "29";
30 2 0 144,158 "30";
31 1 1 59,108 "31";
32 2 1 100,176 "32";
33 2 0 70,167 "33";
34 0 0 120,147 "34";
35 1 1 158,184 "35";
36 1 1 149,203 "36";
37 1 0 146,193 "37";
38 1 0 16,124 "38";
39 1 1 146,174 "39";
40 1 0 143,161 "40";
41 0 1 109,117 "41";
42 0 1 40,86 "42";
43 2 1 90,98 "43";
44 0 0 119,124 "44";
45 1 0 41,144 "45";
46 2 0 18,149 "46";
47 1 1 33,129 "47";
48 0 1 63,208 "48";
49 1 0 38,161 "49";
50 1 1 72,164 "50";
51 1 0 94,117 "51";
52 2 0 188,196 "52";
53 1 0 42,161 "53";
54 0 0 29,81 "54";
55 1 1 157,204 "55";
56 1 1 17,35 "56";
57 0 1 72,97 "57";
58 1 0 4,27 "58";
59 0 1 109,223 "59";
60 0 0 154,190 "60";
61 0 0 52,106 "61";
62 2 0 89,134 "62";
63 0 1 59,178 "63";
64 2 0 123,146 "64";
65 1 1 18,128 "65";
66 2 0 87,209 "66";
67 1 0 23,142 "67";
68 1 0 160,218 "68";
69 1 1 181,203 "69";
70 0 0 132,144 "70";
71 0 0 86,147 "71";
72 0 1 127,144 "72";
73 2 0 138,157 "73";
74 2 0 107,159 "74";
75 2 0 127,156 "75";
76 1 0 150,197 "76";
77 0 1 2,170 "77";
78 1 0 43,126 "78";
79 1 0 40,129 "79";
80 1 0 169,221 "80";
81 2 0 35,101 "81";
82 2 0 118,187 "82";
83 0 0 88,140 "83";
84 1 0 111,172 "84";
85 1 1 36,148 "85";
86 1 1 2,152 "86";
87 1 1 15,76 "87";
88 2 0 122,189 "88";
89 0 0 12,178 "89";
90 2 0 74,83 "90";
91 0 0 173,206 "91";
92 2 1 102,161 "92";
93 1 0 23,134 "93";
94 1 1 22,40 "94";
95 2 0 36,64 "95";
96 2 1 59,81 "96";
97 1 0 95,155 "97";
98 2 0 91,176 "98";
99 2 1 32,152 "99";
100 0 0 27,35 "100";
101 1 1 111,224 "101";
102 2 1 46,117 "102";
103 2 0 0,28 "103";
104 1 0 63,170 "104";
105 2 0 71,159 "105";
106 1 0 75,146 "106";
107 2 0 58,59 "107";
108 2 1 30,32 "108";
109 1 1 5,10 "109";
110 1 0 74,215 "110";
111 1 1 60,193 "111";
112 2 0 16,134 "112";
113 2 0 4,178 "113";
114 1 1 58,177 "114";
115 0 0 8,191 "115";
116 0 0 11,147 "116";
117 2 1 168,206 "117";
118 2 0 21,210 "118";
119 0 1 37,200 "119";
120 2 0 104,182 "120";
121 1 1 10,88 "121";
122 0 1 33,89 "122";
123 2 1 159,185 "123";
124 0 1 43,48 "124";
125 0 0 87,222 "125";
126 2 0 101,113 "126";
127 0 0 63,169 "127";
128 2 1 50,124 "128";
129 0 1 98,181 "129";
130 1 1 55,85 "130";
131 2 1 8,182 "131";
132 1 1 111,187 "132";
133 1 0 62,202 "133";
134 0 1 10,98 "134";
135 1 1 80,143 "135";
136 2 1 31,144 "136";
137 1 0 123,138 "137";
138 1 1 79,214 "138";
139 1 0 81,187 "139";
140 1 0 88,108 "140";
141 2 0 37,166 "141";
142 2 1 22,40 "142";
143 1 0 24,119 "143";
144 1 0 190,195 "144";
145 0 1 142,147 "145";
146 1 0 60,92 "146";
147 2 0 10,92 "147";
148 2 1 84,201 "148";
149 1 0 198,217 "149";
150 1 1 28,211 "150";
151 1 1 26,29 "151";
152 1 0 86,143 "152";
153 0 1 38,186 "153";
154 1 0 108,202 "154";
155 0 0 12,108 "155";
156 1 0 109,175 "156";
157 2 1 7,89 "157";
158 0 1 137,208 "158";
159 0 0 14,138 "159";
160 1 1 5,56 "160";
161 2 1 139,148 "161";
162 2 0 121,191 "162";
163 1 1 93,110 "163";
164 1 0 44,99 "164";
165 0 0 22,130 "165";
166 1 1 40,122 "166";
167 0 0 89,124 "167";
168 1 0 2,211 "168";
169 1 1 146,205 "169";
170 2 0 17,59 "170";
171 0 1 172,190 "171";
172 2 1 57,189 "172";
173 1 0 39,90 "173";
174 1 1 43,150 "174";
175 0 1 78,113 "175";
176 1 1 93,185 "176";
177 2 0 69,146 "177";
178 2 0 108,202 "178";
179 0 1 79,191 "179";
180 0 0 112,191 "180";
181 2 1 1,5 "181";
182 2 1 144,204 "182";
183 2 0 163,187 "183";
184 1 0 28,84 "184";
185 1 0 108,116 "185";
186 2 1 21,77 "186";
187 2 0 106,152 "187";
188 2 1 44,217 "188";
189 1 1 195,218 "189";
190 2 0 142,218 "190";
191 2 0 74,86 "191";
192 0 1 28,132 "192";
193 1 0 85,150 "193";
194 0 0 72,156 "194";
195 1 1 53,222 "195";
196 1 0 41,89 "196";
197 1 0 65,161 "197";
198 1 0 177,180 "198";
199 2 1 145,194 "199";
200 0 1 65,144 "200";
201 1 1 197,215 "201";
202 1 0 20,116 "202";
203 1 1 27,44 "203";
204 0 1 55,94 "204";
205 1 1 77,180 "205";
206 0 1 195,197 "206";
207 0 0 62,174 "207";
208 2 1 148,181 "208";
209 0 0 27,54 "209";
210 0 1 79,162 "210";
211 2 1 21,131 "211";
212 0 1 3,17 "212";
213 1 1 28,120 "213";
214 2 1 111,176 "214";
215 1 1 55,121 "215";
216 0 1 69,204 "216";
217 1 0 107,158 "217";
218 0 0 119,137 "218";
219 0 1 164,209 "219";
220 0 0 70,219 "220";
221 2 0 134,186 "221";
222 1 1 1,207 "222";
223 1 1 57,178 "223";
224 0 0 21,33 "224";
