parity 264;
0 2 0 124,236 "0";
1 0 0 84,85 "1";
2 0 1 124,188 "2";
3 0 0 75,160 "3";
4 1 1 10,32 "4";
5 1 0 40,161 "5";
6 1 1 101,193 "6";
7 2 1 45,115 "7";
8 2 0 27,71 "8";
9 2 1 154,189 "9";
10 1 0 12,185 "10";
11 0 1 45,132 "11";
12 1 1 11,200 "12";
13 0 1 39,169 "13";
14 0 1 45,197 "14";
15 0 1 97,164 "15";
16 1 0 51,58 "16";
17 0 1 145,163 "17";
18 2 1 49,87 "18";
19 2 0 108,190 "19";
20 1 0 82,244 "20";
21 0 0 140,176 "21";
22 2 0 47,236 "22";
23 2 0 92,174 "23";
24 2 1 3,254 "24";
25 1 0 93,245 "25";
26 0 1 64,105 "26";
27 0 1 212,226 "27";
28 1 1 83,240 "28";
29 0 1 77,264 "29";
30 0 0 62,112 "30";
31 1 1 198,224 "31";
32 0 1 16,204 "32";
33 1 0 127,259 "33";
34 1 1 167,256 "34";
35 0 1 189,201 "35";
36 2 0 102,155 "36";
37 0 0 38,240 "37";
38 2 0 101,147 "38";
39 1 0 103,226 "39";
40 2 1 129,167 "40";
41 1 1 146,171 "41";
42 1 1 184,260 "42";
43 1 1 105,179 "43";
44 0 1 140,191 "44";
45 0 0 141,218 "45";
46 1 1 54,79 "46";
47 2 0 159,226 "47";
48 1 0 32,156 "48";
49 2 0 175,206 "49";
50 0 1 41,152 "50";
51 2 0 35,167 "51";
52 0 0 79,108 "52";
53 2 1 4,244 "53";
54 0 1 192,217 "54";
55 1 1 50,92 "55";
56 0 1 216,259 "56";
57 0 0 114,213 "57";
58 2 0 133,238 "58";
59 0 1 1,136 "59";
60 1 1 120,158 "60";
61 1 1 29,102 "61";
62 1 1 48,242 "62";
63 0 1 142,221 "63";
64 1 0 89,138 "64";
65 1 0 52,153 "65";
66 0 1 29,159 "66";
67 0 0 147,235 "67";
68 1 0 260,262 "68";
69 1 1 168,239 "69";
70 1 1 169,224 "70";
71 1 1 44,259 "71";
72 0 0 118,199 "72";
73 2 0 30,212 "73";
74 2 0 77,155 "74";
75 0 0 132,165 "75";
76 1 1 221,250 "76";
77 1 0 147,177 "77";
78 2 1 198,205 "78";
79 1 0 26,31 "79";
80 0 1 4,129 "80";
81 2 1 214,251 "81";
82 0 0 29,149 "82";
83 2 1 0,30 "83";
84 2 1 4,226 "84";
85 2 0 230,231 "85";
86 0 1 158,169 "86";
87 1 0 64,67 "87";
88 1 1 25,31 "88";
89 1 0 196,205 "89";
90 0 1 111,147 "90";
91 2 0 188,218 "91";
92 2 0 108,249 "92";
93 1 1 10,218 "93";
94 1 1 166,179 "94";
95 2 0 77,201 "95";
96 1 1 112,250 "96";
97 0 0 69,216 "97";
98 2 0 123,175 "98";
99 2 1 33,41 "99";
100 2 0 127,230 "100";
101 2 1 188,251 "101";
102 0 1 40,203 "102";
103 0 1 36,230 "103";
104 2 0 75,77 "104";
105 2 1 109,212 "105";
106 2 1 4,187 "106";
107 2 1 119,222 "107";
108 1 1 169,256 "108";
109 0 0 20,140 "109";
110 2 1 240,247 "110";
111 1 0 22,74 "111";
112 0 0 51,160 "112";
113 2 0 56,145 "113";
114 1 0 64,200 "114";
115 0 1 19,96 "115";
116 0 0 110,194 "116";
117 2 1 67,143 "117";
118 0 0 115,228 "118";
119 0 0 161,259 "119";
120 2 1 73,240 "120";
121 1 1 118,154 "121";
122 0 1 43,131 "122";
123 0 0 142,194 "123";
124 2 1 13,20 "124";
125 2 1 84,253 "125";
126 0 0 194,245 "126";
127 0 0 128,206 "127";
128 2 0 11,57 "128";
129 1 0 229,258 "129";
130 1 0 7,209 "130";
131 0 0 61,76 "131";
132 2 1 98,115 "132";
133 1 1 159,172 "133";
134 2 0 62,205 "134";
135 0 0 107,231 "135";
136 1 1 28,29 "136";
137 1 0 5,118 "137";
138 2 1 31,56 "138";
139 1 0 215,238 "139";
140 2 1 138,180 "140";
141 0 0 96,262 "141";
142 0 0 213,248 "142";
143 2 1 75,81 "143";
144 0 1 61,219 "144";
145 0 0 36,263 "145";
146 0 0 139,247 "146";
147 2 0 108,150 "147";
148 1 0 111,150 "148";
149 1 1 99,136 "149";
150 2 1 169,209 "150";
151 1 0 164,178 "151";
152 2 0 212,237 "152";
153 1 1 50,58 "153";
154 2 1 224,257 "154";
155 1 0 124,162 "155";
156 1 0 70,104 "156";
157 1 1 5,260 "157";
158 0 1 96,224 "158";
159 2 1 100,163 "159";
160 2 0 127,208 "160";
161 2 1 132,153 "161";
162 1 1 95,248 "162";
163 1 0 24,232 "163";
164 2 1 16,194 "164";
165 0 1 60,77 "165";
166 0 1 73,104 "166";
167 0 1 226,237 "167";
168 1 0 100,108 "168";
169 1 1 5,245 "169";
170 1 0 36,215 "170";
171 2 1 52,64 "171";
172 0 0 85,105 "172";
173 2 1 68,242 "173";
174 1 1 74,151 "174";
175 2 1 90,145 "175";
176 1 1 96,103 "176";
177 2 1 15,91 "177";
178 2 1 47,77 "178";
179 0 1 96,202 "179";
180 1 0 24,255 "180";
181 1 1 105,164 "181";
182 1 0 8,166 "182";
183 0 0 32,176 "183";
184 0 1 115,137 "184";
185 0 0 9,31 "185";
186 1 1 28,228 "186";
187 0 1 193,203 "187";
188 0 0 28,147 "188";
189 2 0 65,233 "189";
190 2 0 12,198 "190";
191 1 1 122,178 "191";
192 1 0 59,251 "192";
193 1 1 19,219 "193";
194 0 1 63,69 "194";
195 1 1 60,181 "195";
196 0 1 42,120 "196";
197 0 1 65,116 "197";
198 0 0 10,121 "198";
199 0 1 165,219 "199";
200 2 1 146,160 "200";
201 1 1 35,258 "201";
202 2 1 221,243 "202";
203 0 1 101,220 "203";
204 2 1 87,215 "204";
205 2 0 17,216 "205";
206 1 1 172,187 "206";
207 1 0 111,201 "207";
208 1 0 22,114 "208";
209 2 1 75,125 "209";
210 1 1 194,240 "210";
211 1 0 110,186 "211";
212 0 1 25,234 "212";
213 1 1 212,214 "213";
214 2 0 74,99 "214";
215 2 1 2,72 "215";
216 1 1 208,212 "216";
217 2 0 108,110 "217";
218 1 0 169,221 "218";
219 0 0 94,221 "219";
220 1 1 33,232 "220";
221 2 1 100,223 "221";
222 2 1 142,179 "222";
223 1 0 175,259 "223";
224 1 1 168,204 "224";
225 1 0 30,147 "225";
226 2 1 38,213 "226";
227 1 0 29,30 "227";
228 2 1 110,243 "228";
229 0 1 98,205 "229";
230 2 1 34,204 "230";
231 2 0 39,71 "231";
232 0 1 49,218 "232";
233 1 1 207,247 "233";
234 2 0 236,251 "234";
235 0 1 126,130 "235";
236 0 1 130,234 "236";
237 1 1 133,232 "237";
238 2 1 237,248 "238";
239 2 1 215,242 "239";
240 1 1 123,191 "240";
241 1 0 23,30 "241";
242 1 1 3,30 "242";
243 2 1 42,114 "243";
244 1 1 27,182 "244";
245 0 1 117,213 "245";
246 0 0 115,251 "246";
247 2 1 122,261 "247";
248 0 1 94,225 "248";
249 2 0 219,264 "249";
250 0 1 177,243 "250";
251 1 1 167,199 "251";
252 2 0 138,200 "252";
253 2 1 25,113 "253";
254 0 1 78,127 "254";
255 1 1 180,248 "255";
256 2 1 96,127 "256";
257 1 1 184,230 "257";
258 2 0 58,161 "258";
259 1 0 110,207 "259";
260 1 0 34,47 "260";
261 0 1 110,227 "261";
262 2 1 0,179 "262";
263 0 1 104,164 "263";
264 1 0 29,186 "264";
