parity 244;
0 2 0 119,148 "0";
1 2 1 29,155 "1";
2 1 1 77,147 "2";
3 1 0 24,152 "3";
4 1 0 110,142 "4";
5 0 0 19,77 "5";
6 0 1 136,183 "6";
7 1 1 129,226 "7";
8 1 1 18,36 "8";
9 0 1 85,204 "9";
10 2 1 86,202 "10";
11 1 1 40,74 "11";
12 0 0 135,237 "12";
13 2 1 31,232 "13";
14 0 1 61,169 "14";
15 1 0 9,190 "15";
16 1 1 65,137 "16";
17 2 1 10,100 "17";
18 0 1 52,218 "18";
19 0 1 4,23 "19";
20 2 1 82,235 "20";
21 0 1 115,185 "21";
22 2 0 37,176 "22";
23 1 1 15,234 "23";
24 2 0 111,172 "24";
25 1 1 97,173 "25";
26 0 0 76,117 "26";
27 2 1 100,180 "27";
28 1 0 47,113 "28";
29 0 0 35,79 "29";
30 1 0 214,222 "30";
31 1 1 87,158 "31";
32 2 0 15,142 "32";
33 1 0 120,131 "33";
34 1 0 140,191 "34";
35 1 0 112,206 "35";
36 0 1 170,232 "36";
37 0 1 118,187 "37";
38 2 0 165,188 "38";
39 2 1 21,121 "39";
40 2 1 10,64 "40";
41 2 0 14,179 "41";
42 1 0 4,103 "42";
43 0 0 116,202 "43";
44 1 0 63,92 "44";
45 2 0 154,156 "45";
46 0 0 83,216 "46";
47 2 1 29,92 "47";
48 0 0 122,232 "48";
49 1 0 126,212 "49";
50 0 1 112,127 "50";
51 1 1 27,217 "51";
52 1 0 16,148 "52";
53 0 1 197,221 "53";
54 2 1 173,189 "54";
55 2 1 119,188 "55";
56 2 0 36,177 "56";
57 0 0 88,108 "57";
58 0 1 83,187 "58";
59 1 0 75,138 "59";
60 1 1 54,215 "60";
61 1 1 144,234 "61";
62 2 0 148,187 "62";
63 2 0 144,213 "63";
64 0 1 7,45 "64";
65 0 1 20,171 "65";
66 1 0 43,90 "66";
67 0 0 115,183 "67";
68 2 0 119,184 "68";
69 1 1 172,227 "69";
70 1 1 119,139 "70";
71 0 0 164,186 "71";
72 1 0 32,149 "72";
73 2 1 86,132 "73";
74 2 1 151,241 "74";
75 2 1 122,180 "75";
76 2 0 153,160 "76";
77 2 0 119,147 "77";
78 1 0 18,59 "78";
79 0 0 75,96 "79";
80 2 1 102,223 "80";
81 0 1 107,241 "81";
82 2 0 4,79 "82";
83 2 1 178,212 "83";
84 1 1 223,234 "84";
85 2 0 148,227 "85";
86 2 1 126,238 "86";
87 2 0 15,108 "87";
88 0 0 123,193 "88";
89 0 1 32,75 "89";
90 1 0 51,74 "90";
91 1 0 137,216 "91";
92 2 1 185,234 "92";
93 0 0 30,46 "93";
94 2 1 128,216 "94";
95 2 0 21,147 "95";
96 0 1 123,166 "96";
97 2 0 76,109 "97";
98 0 1 45,135 "98";
99 0 1 13,121 "99";
100 2 0 86,203 "100";
101 0 1 132,220 "101";
102 1 0 136,225 "102";
103 0 1 155,159 "103";
104 0 0 68,165 "104";
105 2 0 44,91 "105";
106 1 0 155,198 "106";
107 0 1 10,181 "107";
108 0 0 87,171 "108";
109 1 1 48,232 "109";
110 0 0 171,183 "110";
111 2 1 91,110 "111";
112 2 0 19,131 "112";
113 2 0 10,72 "113";
114 0 1 170,195 "114";
115 1 0 61,241 "115";
116 0 1 118,193 "116";
117 2 0 7,63 "117";
118 0 0 22,30 "118";
119 0 0 97,198 "119";
120 1 1 215,243 "120";
121 2 0 201,233 "121";
122 2 1 39,74 "122";
123 1 1 129,138 "123";
124 0 0 89,184 "124";
125 1 0 110,123 "125";
126 0 0 211,232 "126";
127 0 1 26,75 "127";
128 0 0 192,226 "128";
129 1 0 3,108 "129";
130 0 1 172,188 "130";
131 1 1 198,230 "131";
132 2 1 219,230 "132";
133 0 0 155,217 "133";
134 0 0 174,192 "134";
135 1 1 46,139 "135";
136 2 0 140,216 "136";
137 0 0 41,117 "137";
138 1 0 74,150 "138";
139 2 1 42,149 "139";
140 0 0 26,195 "140";
141 0 0 6,171 "141";
142 1 1 104,170 "142";
143 1 0 91,218 "143";
144 0 1 74,76 "144";
145 2 0 0,168 "145";
146 0 1 162,177 "146";
147 2 1 145,212 "147";
148 0 0 36,236 "148";
149 2 1 46,122 "149";
150 2 1 102,118 "150";
151 0 1 2,40 "151";
152 0 0 101,150 "152";
153 1 0 52,226 "153";
154 0 0 127,185 "154";
155 0 0 120,175 "155";
156 0 1 114,150 "156";
157 0 1 21,165 "157";
158 0 0 140,226 "158";
159 1 0 132,174 "159";
160 2 0 55,62 "160";
161 2 0 90,137 "161";
162 2 1 32,35 "162";
163 0 1 5,123 "163";
164 2 0 171,207 "164";
165 0 0 33,146 "165";
166 1 1 21,97 "166";
167 0 0 3,206 "167";
168 0 1 5,42 "168";
169 2 1 11,146 "169";
170 0 1 59,234 "170";
171 2 0 132,185 "171";
172 0 0 226,234 "172";
173 1 0 37,153 "173";
174 0 0 127,228 "174";
175 1 1 62,99 "175";
176 1 1 130,135 "176";
177 1 1 238,244 "177";
178 2 0 32,125 "178";
179 2 0 98,195 "179";
180 1 0 69,219 "180";
181 0 0 3,15 "181";
182 0 0 139,160 "182";
183 0 1 72,98 "183";
184 0 0 7,86 "184";
185 0 1 71,157 "185";
186 0 1 131,213 "186";
187 1 1 119,239 "187";
188 0 1 9,229 "188";
189 0 0 88,220 "189";
190 0 0 124,199 "190";
191 1 1 75,221 "191";
192 1 0 209,216 "192";
193 0 0 35,93 "193";
194 0 0 81,130 "194";
195 1 1 95,214 "195";
196 0 1 114,231 "196";
197 0 1 120,208 "197";
198 2 1 48,193 "198";
199 2 1 76,79 "199";
200 0 0 60,105 "200";
201 0 1 155,183 "201";
202 2 0 126,207 "202";
203 1 0 91,144 "203";
204 2 1 22,229 "204";
205 2 1 5,31 "205";
206 2 0 1,100 "206";
207 2 1 115,132 "207";
208 0 0 18,90 "208";
209 0 1 151,192 "209";
210 1 0 98,145 "210";
211 0 1 134,142 "211";
212 2 1 127,242 "212";
213 1 1 93,150 "213";
214 2 0 6,199 "214";
215 0 1 173,226 "215";
216 0 0 149,240 "216";
217 2 0 190,233 "217";
218 0 1 69,113 "218";
219 0 0 84,180 "219";
220 1 0 71,198 "220";
221 1 0 28,111 "221";
222 1 0 128,219 "222";
223 2 0 74,105 "223";
224 2 0 8,59 "224";
225 2 1 23,135 "225";
226 1 0 52,89 "226";
227 2 0 105,117 "227";
228 0 1 24,117 "228";
229 1 1 104,217 "229";
230 1 1 142,154 "230";
231 0 0 4,221 "231";
232 0 1 59,206 "232";
233 0 0 91,241 "233";
234 1 0 11,99 "234";
235 1 0 112,133 "235";
236 0 0 133,223 "236";
237 1 0 56,167 "237";
238 2 0 10,69 "238";
239 1 0 26,113 "239";
240 1 0 73,77 "240";
241 2 1 60,121 "241";
242 1 1 192,200 "242";
243 0 0 56,129 "243";
244 0 1 5,137 "244";
