parity 234;
0 2 0 180,210 "0";
1 2 1 0,68 "1";
2 1 1 28,194 "2";
3 2 0 85,232 "3";
4 0 1 97,188 "4";
5 1 1 31,117 "5";
6 2 0 50,55 "6";
7 2 0 105,215 "7";
8 2 1 143,170 "8";
9 0 1 22,91 "9";
10 1 1 59,109 "10";
11 0 0 89,142 "11";
12 1 0 83,115 "12";
13 0 1 7,71 "13";
14 0 0 18,65 "14";
15 1 1 41,201 "15";
16 0 1 89,151 "16";
17 1 1 194,209 "17";
18 2 1 174,188 "18";
19 0 1 166,211 "19";
20 1 1 18,86 "20";
21 1 0 72,192 "21";
22 0 0 4,185 "22";
23 0 0 88,203 "23";
24 2 0 111,180 "24";
25 1 1 67,182 "25";
26 1 0 16,58 "26";
27 0 1 44,162 "27";
28 1 1 90,143 "28";
29 2 1 17,156 "29";
30 1 0 57,88 "30";
31 2 1 149,194 "31";
32 1 1 86,172 "32";
33 1 0 114,166 "33";
34 1 0 147,176 "34";
35 0 0 186,197 "35";
36 0 0 3,196 "36";
37 1 1 15,97 "37";
38 0 1 193,215 "38";
39 2 0 19,104 "39";
40 2 1 66,201 "40";
41 1 0 36,133 "41";
42 1 1 8,111 "42";
43 0 0 21,182 "43";
44 0 1 124,181 "44";
45 1 1 13,44 "45";
46 2 0 2,161 "46";
47 2 1 133,177 "47";
48 0 1 23,143 "48";
49 0 1 1,234 "49";
50 2 0 125,200 "50";
51 1 1 63,80 "51";
52 2 1 16,37 "52";
53 2 0 49,167 "53";
54 0 1 87,155 "54";
55 0 1 19,126 "55";
56 1 1 57,167 "56";
57 1 0 51,223 "57";
58 1 0 131,150 "58";
59 2 0 31,190 "59";
60 1 0 2,154 "60";
61 0 1 42,217 "61";
62 0 1 124,134 "62";
63 0 0 22,89 "63";
64 2 0 178,218 "64";
65 2 0 106,117 "65";
66 2 1 125,233 "66";
67 2 1 163,209 "67";
68 0 0 73,111 "68";
69 1 0 68,170 "69";
70 2 1 148,171 "70";
71 2 1 24,72 "71";
72 2 1 109,215 "72";
73 2 0 59,231 "73";
74 0 1 160,222 "74";
75 0 1 12,145 "75";
76 2 0 29,195 "76";
77 1 1 55,196 "77";
78 1 0 38,82 "78";
79 0 1 106,124 "79";
80 0 0 123,155 "80";
81 2 0 79,110 "81";
82 1 0 64,219 "82";
83 0 1 17,36 "83";
84 2 0 96,178 "84";
85 1 0 46,138 "85";
86 2 0 133,145 "86";
87 0 0 138,166 "87";
88 0 0 25,220 "88";
89 0 1 32,99 "89";
90 2 1 46,138 "90";
91 2 1 56,80 "91";
92 1 1 205,224 "92";
93 1 1 149,193 "93";
94 2 1 18,102 "94";
95 0 0 128,162 "95";
96 1 1 21,184 "96";
97 0 0 159,211 "97";
98 0 0 55,108 "98";
99 2 0 199,216 "99";
100 0 1 38,197 "100";
101 2 0 82,206 "101";
102 2 1 75,159 "102";
103 2 1 100,147 "103";
104 2 0 54,203 "104";
105 2 1 143,216 "105";
106 1 1 164,227 "106";
107 1 0 29,105 "107";
108 2 1 134,167 "108";
109 0 1 205,233 "109";
110 2 1 33,230 "110";
111 0 1 80,103 "111";
112 0 0 59,198 "112";
113 2 1 130,181 "113";
114 0 1 30,78 "114";
115 1 1 7,201 "115";
116 0 1 210,217 "116";
117 1 0 10,175 "117";
118 0 1 67,89 "118";
119 0 0 29,157 "119";
120 2 0 19,234 "120";
121 0 0 14,41 "121";
122 0 1 84,160 "122";
123 0 0 43,136 "123";
124 2 0 13,211 "124";
125 0 1 183,232 "125";
126 0 0 143,220 "126";
127 1 0 0,223 "127";
128 1 0 167,178 "128";
129 1 0 24,133 "129";
130 0 1 5,103 "130";
131 2 1 72,183 "131";
132 1 1 183,229 "132";
133 2 1 82,170 "133";
134 1 1 75,214 "134";
135 2 1 35,188 "135";
136 0 1 97,155 "136";
137 0 0 42,56 "137";
138 2 0 56,217 "138";
139 1 1 21,102 "139";
140 0 0 49,109 "140";
141 1 0 186,191 "141";
142 2 0 101,120 "142";
143 1 1 223,230 "143";
144 2 0 39,139 "144";
145 1 1 42,97 "145";
146 2 0 84,115 "146";
147 2 0 47,87 "147";
148 1 1 125,174 "148";
149 1 1 23,212 "149";
150 2 0 138,191 "150";
151 1 1 150,209 "151";
152 2 1 68,110 "152";
153 1 0 57,187 "153";
154 2 0 112,204 "154";
155 2 0 160,167 "155";
156 2 0 52,123 "156";
157 1 0 58,231 "157";
158 2 0 156,202 "158";
159 2 0 184,231 "159";
160 1 1 38,179 "160";
161 1 0 68,90 "161";
162 1 1 37,151 "162";
163 2 1 21,65 "163";
164 2 0 113,153 "164";
165 0 0 62,211 "165";
166 1 1 198,199 "166";
167 0 1 139,216 "167";
168 0 1 61,208 "168";
169 1 0 161,177 "169";
170 2 0 108,110 "170";
171 2 0 91,152 "171";
172 0 0 32,108 "172";
173 1 0 18,165 "173";
174 2 1 43,126 "174";
175 2 1 80,194 "175";
176 2 0 170,232 "176";
177 1 1 53,88 "177";
178 1 0 13,27 "178";
179 1 1 135,180 "179";
180 0 1 23,220 "180";
181 1 0 66,72 "181";
182 1 1 148,232 "182";
183 1 0 90,120 "183";
184 1 0 44,64 "184";
185 0 0 10,69 "185";
186 2 0 22,104 "186";
187 2 0 6,41 "187";
188 2 0 50,83 "188";
189 0 0 103,122 "189";
190 2 0 43,200 "190";
191 0 1 35,228 "191";
192 1 1 86,150 "192";
193 2 1 6,187 "193";
194 0 0 56,201 "194";
195 1 1 9,164 "195";
196 1 1 111,138 "196";
197 2 1 74,137 "197";
198 2 0 141,156 "198";
199 1 1 54,85 "199";
200 2 1 159,206 "200";
201 0 0 206,227 "201";
202 1 1 31,131 "202";
203 0 0 160,202 "203";
204 2 1 37,95 "204";
205 1 1 10,51 "205";
206 2 0 134,218 "206";
207 0 1 88,104 "207";
208 0 0 165,231 "208";
209 2 0 123,140 "209";
210 2 1 67,92 "210";
211 1 1 89,168 "211";
212 1 1 128,189 "212";
213 2 0 130,218 "213";
214 0 0 156,188 "214";
215 1 0 209,233 "215";
216 0 1 115,178 "216";
217 2 1 64,225 "217";
218 2 1 179,231 "218";
219 2 1 62,106 "219";
220 1 0 36,76 "220";
221 2 1 67,115 "221";
222 1 1 109,187 "222";
223 2 0 10,18 "223";
224 0 0 39,163 "224";
225 2 0 26,223 "225";
226 2 0 34,146 "226";
227 0 0 217,231 "227";
228 2 0 15,175 "228";
229 0 0 6,122 "229";
230 0 1 61,102 "230";
231 2 1 62,204 "231";
232 2 0 174,211 "232";
233 1 0 91,137 "233";
234 0 1 21,31 "234";
