parity 294;
0 1 1 163,261 "0";
1 2 1 62,84 "1";
2 1 1 169,217 "2";
3 1 0 227,238 "3";
4 2 0 19,155 "4";
5 0 1 0,262 "5";
6 0 0 230,254 "6";
7 1 0 96,154 "7";
8 1 0 160,190 "8";
9 2 1 231,258 "9";
10 0 0 56,151 "10";
11 0 1 88,171 "11";
12 0 1 27,39 "12";
13 0 1 58,161 "13";
14 1 1 133,163 "14";
15 2 1 22,31 "15";
16 0 0 96,206 "16";
17 2 0 87,135 "17";
18 2 1 3,180 "18";
19 1 1 55,183 "19";
20 0 0 10,140 "20";
21 0 0 19,220 "21";
22 2 0 81,246 "22";
23 1 1 100,172 "23";
24 2 1 61,123 "24";
25 0 1 20,80 "25";
26 1 1 72,98 "26";
27 1 1 115,216 "27";
28 0 0 78,190 "28";
29 0 1 24,181 "29";
30 0 1 37,177 "30";
31 2 0 70,258 "31";
32 2 0 21,138 "32";
33 2 0 42,288 "33";
34 0 1 106,227 "34";
35 2 1 280,288 "35";
36 2 1 97,266 "36";
37 1 1 141,267 "37";
38 1 1 120,292 "38";
39 1 1 15,72 "39";
40 0 1 86,291 "40";
41 2 0 103,170 "41";
42 1 0 170,229 "42";
43 0 0 33,97 "43";
44 0 0 161,198 "44";
45 0 0 121,175 "45";
46 2 1 72,187 "46";
47 1 1 199,239 "47";
48 2 1 16,32 "48";
49 0 0 133,276 "49";
50 2 1 13,15 "50";
51 1 1 170,228 "51";
52 2 1 101,247 "52";
53 1 0 212,285 "53";
54 1 1 22,66 "54";
55 0 1 52,183 "55";
56 2 1 135,223 "56";
57 0 0 4,291 "57";
58 1 1 151,184 "58";
59 0 0 6,288 "59";
60 0 0 8,156 "60";
61 0 0 66,177 "61";
62 1 0 138,197 "62";
63 1 0 76,138 "63";
64 1 1 41,102 "64";
65 0 0 57,214 "65";
66 0 1 190,222 "66";
67 0 0 16,117 "67";
68 2 1 10,241 "68";
69 0 0 192,267 "69";
70 2 1 88,166 "70";
71 0 0 66,115 "71";
72 1 0 32,182 "72";
73 2 0 228,294 "73";
74 0 0 147,255 "74";
75 2 1 38,127 "75";
76 2 0 118,263 "76";
77 1 0 256,289 "77";
78 2 1 25,238 "78";
79 1 0 174,211 "79";
80 2 0 205,227 "80";
81 0 0 213,227 "81";
82 2 1 106,272 "82";
83 1 0 66,156 "83";
84 0 0 24,232 "84";
85 0 0 103,211 "85";
86 2 0 243,245 "86";
87 0 1 166,195 "87";
88 2 0 108,231 "88";
89 0 1 88,99 "89";
90 0 0 127,152 "90";
91 0 0 142,179 "91";
92 1 0 86,204 "92";
93 2 0 61,184 "93";
94 1 0 42,116 "94";
95 1 1 66,114 "95";
96 0 1 229,247 "96";
97 1 1 82,168 "97";
98 1 0 26,239 "98";
99 0 0 169,210 "99";
100 0 0 26,253 "100";
101 0 0 142,218 "101";
102 2 0 134,203 "102";
103 0 1 13,32 "103";
104 1 0 3,128 "104";
105 0 1 170,252 "105";
106 2 1 179,237 "106";
107 2 0 76,176 "107";
108 0 0 115,116 "108";
109 1 0 39,160 "109";
110 0 0 196,213 "110";
111 1 1 3,129 "111";
112 2 1 28,160 "112";
113 2 0 54,89 "113";
114 2 0 76,147 "114";
115 2 0 231,286 "115";
116 0 1 153,278 "116";
117 2 1 175,223 "117";
118 0 1 145,286 "118";
119 0 0 54,204 "119";
120 0 1 65,116 "120";
121 2 1 137,150 "121";
122 1 0 16,152 "122";
123 0 0 79,175 "123";
124 0 0 85,206 "124";
125 2 1 240,265 "125";
126 0 0 96,260 "126";
127 1 0 35,194 "127";
128 2 0 110,239 "128";
129 1 1 24,71 "129";
130 1 1 154,202 "130";
131 1 0 125,195 "131";
132 2 1 53,114 "132";
133 1 0 49,138 "133";
134 0 1 122,191 "134";
135 0 0 156,236 "135";
136 2 0 147,225 "136";
137 0 0 175,291 "137";
138 0 0 128,143 "138";
139 1 1 80,244 "139";
140 0 0 147,192 "140";
141 2 0 43,95 "141";
142 2 0 55,80 "142";
143 2 0 34,194 "143";
144 1 1 90,232 "144";
145 1 1 138,204 "145";
146 0 0 92,105 "146";
147 0 0 230,263 "147";
148 1 1 115,186 "148";
149 1 0 19,28 "149";
150 0 1 49,172 "150";
151 0 0 53,56 "151";
152 1 0 148,200 "152";
153 2 0 63,245 "153";
154 2 0 117,260 "154";
155 1 0 51,251 "155";
156 2 1 228,281 "156";
157 1 0 53,187 "157";
158 2 1 12,85 "158";
159 1 1 57,106 "159";
160 1 1 37,145 "160";
161 0 0 155,263 "161";
162 1 1 41,198 "162";
163 0 1 170,293 "163";
164 2 1 33,116 "164";
165 1 0 22,246 "165";
166 0 1 33,74 "166";
167 2 0 89,276 "167";
168 0 0 61,89 "168";
169 0 0 0,101 "169";
170 2 0 33,139 "170";
171 0 0 135,166 "171";
172 2 1 81,162 "172";
173 1 1 22,60 "173";
174 2 0 59,242 "174";
175 2 1 139,217 "175";
176 2 1 95,166 "176";
177 1 1 75,200 "177";
178 1 1 212,292 "178";
179 1 1 147,248 "179";
180 1 1 53,242 "180";
181 1 1 73,279 "181";
182 0 0 47,227 "182";
183 2 0 85,157 "183";
184 1 0 146,275 "184";
185 2 1 13,53 "185";
186 1 1 15,88 "186";
187 0 1 139,169 "187";
188 2 0 14,131 "188";
189 1 0 82,271 "189";
190 2 0 0,110 "190";
191 2 0 0,19 "191";
192 2 0 71,148 "192";
193 1 1 227,249 "193";
194 0 1 211,240 "194";
195 1 1 180,291 "195";
196 2 1 161,236 "196";
197 2 0 70,74 "197";
198 1 1 22,155 "198";
199 2 1 124,281 "199";
200 0 0 67,258 "200";
201 0 0 219,222 "201";
202 0 1 47,236 "202";
203 0 1 49,182 "203";
204 1 1 87,116 "204";
205 2 0 79,238 "205";
206 2 1 28,254 "206";
207 1 1 126,152 "207";
208 2 0 120,226 "208";
209 2 0 111,179 "209";
210 2 1 59,241 "210";
211 0 0 146,290 "211";
212 1 1 4,290 "212";
213 0 0 109,133 "213";
214 0 0 112,243 "214";
215 0 0 6,13 "215";
216 2 0 2,160 "216";
217 1 0 94,289 "217";
218 2 1 170,239 "218";
219 1 0 230,271 "219";
220 0 1 42,100 "220";
221 2 1 286,291 "221";
222 2 1 8,53 "222";
223 0 0 89,133 "223";
224 2 0 76,259 "224";
225 0 0 80,129 "225";
226 2 1 54,145 "226";
227 1 0 38,253 "227";
228 2 1 2,205 "228";
229 1 1 9,214 "229";
230 0 1 193,283 "230";
231 2 1 2,180 "231";
232 2 0 136,234 "232";
233 0 1 50,59 "233";
234 1 0 40,87 "234";
235 0 0 36,279 "235";
236 2 1 116,243 "236";
237 0 1 42,57 "237";
238 2 0 17,181 "238";
239 2 0 3,61 "239";
240 2 1 25,136 "240";
241 2 1 217,219 "241";
242 0 1 95,168 "242";
243 0 0 218,282 "243";
244 1 1 217,231 "244";
245 0 0 43,196 "245";
246 1 1 101,201 "246";
247 1 0 81,107 "247";
248 1 1 8,192 "248";
249 2 0 4,141 "249";
250 2 0 24,144 "250";
251 0 0 37,47 "251";
252 2 0 124,237 "252";
253 1 1 20,108 "253";
254 0 0 128,268 "254";
255 0 1 117,165 "255";
256 1 1 186,263 "256";
257 2 1 147,234 "257";
258 1 1 24,200 "258";
259 1 1 45,58 "259";
260 0 1 132,229 "260";
261 1 0 228,262 "261";
262 1 1 45,80 "262";
263 0 0 64,96 "263";
264 0 1 137,260 "264";
265 0 0 19,71 "265";
266 2 0 48,93 "266";
267 1 1 120,154 "267";
268 2 0 2,267 "268";
269 2 1 159,223 "269";
270 1 0 182,248 "270";
271 2 0 151,270 "271";
272 2 0 71,278 "272";
273 1 0 165,199 "273";
274 0 1 106,226 "274";
275 1 0 15,189 "275";
276 0 1 64,194 "276";
277 0 1 108,183 "277";
278 1 1 54,265 "278";
279 2 1 171,199 "279";
280 0 0 91,168 "280";
281 0 0 23,238 "281";
282 1 0 91,276 "282";
283 1 1 165,237 "283";
284 2 1 229,260 "284";
285 0 1 11,57 "285";
286 0 1 62,213 "286";
287 1 0 87,177 "287";
288 0 0 104,131 "288";
289 2 0 138,208 "289";
290 2 1 147,238 "290";
291 1 0 187,279 "291";
292 0 0 115,197 "292";
293 2 1 14,19 "293";
294 0 1 109,270 "294";
