parity 229;
0 0 1 13,140 "0";
1 2 0 2,225 "1";
2 1 0 67,184 "2";
3 1 1 13,132 "3";
4 1 1 96,166 "4";
5 0 1 83,144 "5";
6 1 0 84,112 "6";
7 1 1 51,156 "7";
8 2 1 12,30 "8";
9 1 1 51,196 "9";
10 0 0 46,195 "10";
11 2 1 44,96 "11";
12 0 1 44,121 "12";
13 0 0 12,33 "13";
14 1 0 38,50 "14";
15 2 1 0,63 "15";
16 0 0 7,189 "16";
17 0 0 29,128 "17";
18 1 0 87,207 "18";
19 1 1 43,72 "19";
20 0 1 96,106 "20";
21 1 1 105,195 "21";
22 2 0 102,186 "22";
23 2 1 156,170 "23";
24 0 1 99,219 "24";
25 2 0 67,120 "25";
26 1 0 166,213 "26";
27 1 1 64,225 "27";
28 0 1 91,93 "28";
29 0 1 90,155 "29";
30 0 1 15,33 "30";
31 1 1 69,163 "31";
32 1 0 19,186 "32";
33 2 1 105,141 "33";
34 2 1 18,55 "34";
35 0 0 0,189 "35";
36 1 1 64,135 "36";
37 0 1 13,75 "37";
38 1 1 83,145 "38";
39 0 1 1,196 "39";
40 2 1 30,208 "40";
41 2 0 39,43 "41";
42 0 0 132,226 "42";
43 2 1 29,149 "43";
44 0 1 8,20 "44";
45 0 0 153,222 "45";
46 2 0 106,227 "46";
47 1 0 183,205 "47";
48 2 1 134,146 "48";
49 2 0 1,184 "49";
50 2 0 17,148 "50";
51 1 1 62,132 "51";
52 2 1 145,179 "52";
53 1 0 208,218 "53";
54 2 1 95,172 "54";
55 2 0 159,211 "55";
56 1 1 147,178 "56";
57 1 0 58,60 "57";
58 1 0 106,133 "58";
59 0 0 69,134 "59";
60 2 0 71,105 "60";
61 2 1 118,177 "61";
62 1 1 87,113 "62";
63 2 1 79,203 "63";
64 1 1 11,86 "64";
65 1 1 18,146 "65";
66 2 1 59,85 "66";
67 1 0 35,94 "67";
68 2 0 119,179 "68";
69 1 1 76,219 "69";
70 0 0 3,153 "70";
71 1 0 27,180 "71";
72 2 0 30,225 "72";
73 2 0 25,180 "73";
74 0 0 100,102 "74";
75 1 0 158,169 "75";
76 0 0 21,28 "76";
77 2 0 9,107 "77";
78 2 0 38,43 "78";
79 2 0 28,212 "79";
80 0 0 90,214 "80";
81 1 1 89,203 "81";
82 0 1 54,56 "82";
83 2 1 43,137 "83";
84 0 0 0,33 "84";
85 2 0 18,129 "85";
86 0 1 87,153 "86";
87 1 0 2,8 "87";
88 2 0 64,80 "88";
89 1 1 40,91 "89";
90 0 0 9,15 "90";
91 0 1 108,188 "91";
92 0 0 56,184 "92";
93 2 1 61,105 "93";
94 2 1 49,216 "94";
95 2 1 48,57 "95";
96 0 0 82,146 "96";
97 2 0 118,190 "97";
98 2 0 58,104 "98";
99 0 1 168,181 "99";
100 2 1 55,140 "100";
101 2 0 70,85 "101";
102 0 1 149,191 "102";
103 1 1 151,158 "103";
104 0 1 30,173 "104";
105 2 0 119,175 "105";
106 1 1 101,104 "106";
107 1 0 8,150 "107";
108 1 1 37,85 "108";
109 2 0 86,224 "109";
110 2 0 46,207 "110";
111 2 0 28,185 "111";
112 2 1 42,181 "112";
113 1 1 85,119 "113";
114 0 0 14,31 "114";
115 0 1 22,38 "115";
116 1 1 22,229 "116";
117 2 1 66,159 "117";
118 0 1 58,159 "118";
119 1 0 57,124 "119";
120 1 0 24,26 "120";
121 0 1 142,229 "121";
122 0 1 58,215 "122";
123 1 1 116,212 "123";
124 0 1 46,161 "124";
125 0 0 37,80 "125";
126 2 1 62,100 "126";
127 1 0 149,180 "127";
128 1 1 51,130 "128";
129 2 1 40,191 "129";
130 0 0 53,141 "130";
131 1 1 69,73 "131";
132 0 1 21,99 "132";
133 0 1 8,177 "133";
134 1 0 16,203 "134";
135 1 1 15,54 "135";
136 0 1 108,220 "136";
137 1 0 36,144 "137";
138 2 0 170,218 "138";
139 1 1 153,228 "139";
140 0 1 13,175 "140";
141 2 1 106,118 "141";
142 2 1 178,228 "142";
143 0 1 134,215 "143";
144 1 0 17,226 "144";
145 0 0 132,170 "145";
146 2 0 133,198 "146";
147 2 1 20,116 "147";
148 2 1 140,150 "148";
149 1 0 32,164 "149";
150 2 1 14,24 "150";
151 2 1 92,155 "151";
152 1 1 19,164 "152";
153 2 0 89,207 "153";
154 2 1 62,162 "154";
155 1 0 36,198 "155";
156 0 1 191,199 "156";
157 0 1 60,197 "157";
158 2 0 6,58 "158";
159 0 0 9,115 "159";
160 1 0 17,103 "160";
161 2 1 166,229 "161";
162 1 1 71,123 "162";
163 0 1 167,216 "163";
164 2 1 190,221 "164";
165 2 0 2,178 "165";
166 2 0 61,120 "166";
167 2 0 75,128 "167";
168 2 1 139,154 "168";
169 2 0 67,225 "169";
170 0 1 199,215 "170";
171 1 0 66,105 "171";
172 2 0 31,119 "172";
173 0 0 147,207 "173";
174 1 0 139,168 "174";
175 0 0 58,142 "175";
176 1 0 16,170 "176";
177 1 0 127,149 "177";
178 2 0 122,159 "178";
179 2 0 7,59 "179";
180 2 1 36,171 "180";
181 1 1 34,112 "181";
182 1 1 120,127 "182";
183 1 1 31,39 "183";
184 2 0 99,147 "184";
185 1 0 109,155 "185";
186 1 0 47,103 "186";
187 0 1 177,205 "187";
188 2 0 25,168 "188";
189 0 0 198,223 "189";
190 2 1 153,206 "190";
191 0 1 11,52 "191";
192 1 1 166,190 "192";
193 1 0 71,78 "193";
194 0 0 107,207 "194";
195 2 1 92,93 "195";
196 1 0 16,88 "196";
197 0 1 119,122 "197";
198 2 1 172,211 "198";
199 1 1 104,201 "199";
200 1 1 84,102 "200";
201 1 1 24,77 "201";
202 0 0 29,68 "202";
203 0 0 65,89 "203";
204 0 0 58,78 "204";
205 0 0 167,185 "205";
206 2 1 136,194 "206";
207 2 0 40,112 "207";
208 2 0 150,160 "208";
209 2 0 40,156 "209";
210 0 1 181,202 "210";
211 0 1 23,50 "211";
212 0 0 168,214 "212";
213 0 1 112,116 "213";
214 0 0 4,39 "214";
215 2 0 44,214 "215";
216 1 1 138,158 "216";
217 0 0 22,116 "217";
218 0 0 51,207 "218";
219 2 1 42,183 "219";
220 1 0 78,167 "220";
221 0 0 5,6 "221";
222 0 0 17,170 "222";
223 0 0 107,166 "223";
224 1 0 93,215 "224";
225 0 0 186,195 "225";
226 1 0 159,209 "226";
227 2 0 62,163 "227";
228 1 1 39,192 "228";
229 2 1 101,225 "229";
