parity 209;
0 2 0 60,184 "0";
1 0 0 63,199 "1";
2 1 1 36,100 "2";
3 0 0 136,183 "3";
4 0 0 64,172 "4";
5 2 1 77,148 "5";
6 0 0 89,121 "6";
7 2 1 15,99 "7";
8 1 1 53,99 "8";
9 2 1 29,32 "9";
10 0 0 25,195 "10";
11 1 0 1,58 "11";
12 1 1 76,152 "12";
13 0 0 49,134 "13";
14 1 0 117,170 "14";
15 2 0 30,184 "15";
16 1 1 47,207 "16";
17 2 0 32,58 "17";
18 0 1 16,110 "18";
19 1 1 48,122 "19";
20 0 1 78,146 "20";
21 2 1 14,208 "21";
22 2 1 103,128 "22";
23 0 1 28,119 "23";
24 2 0 0,171 "24";
25 0 0 7,21 "25";
26 2 0 0,108 "26";
27 0 1 156,157 "27";
28 2 0 164,184 "28";
29 2 0 136,150 "29";
30 0 1 17,138 "30";
31 0 0 29,102 "31";
32 0 1 12,144 "32";
33 0 0 50,56 "33";
34 1 1 73,97 "34";
35 2 1 149,163 "35";
36 2 1 54,145 "36";
37 0 0 72,119 "37";
38 0 1 69,169 "38";
39 1 1 114,174 "39";
40 1 0 167,207 "40";
41 2 1 5,180 "41";
42 0 1 90,117 "42";
43 1 0 142,197 "43";
44 2 1 37,55 "44";
45 1 1 186,195 "45";
46 0 1 82,203 "46";
47 2 1 85,143 "47";
48 1 1 136,188 "48";
49 2 0 36,134 "49";
50 0 0 13,147 "50";
51 2 1 88,90 "51";
52 2 0 10,109 "52";
53 2 1 22,108 "53";
54 0 0 123,172 "54";
55 0 1 121,187 "55";
56 2 0 135,193 "56";
57 0 0 170,174 "57";
58 2 0 95,117 "58";
59 1 1 20,194 "59";
60 1 0 91,208 "60";
61 2 1 57,76 "61";
62 0 1 6,107 "62";
63 1 1 72,196 "63";
64 0 1 25,139 "64";
65 1 0 107,164 "65";
66 1 1 3,192 "66";
67 1 1 64,146 "67";
68 2 0 2,25 "68";
69 0 1 67,82 "69";
70 0 0 45,68 "70";
71 0 0 119,162 "71";
72 0 0 176,185 "72";
73 2 1 14,71 "73";
74 1 1 77,97 "74";
75 2 1 105,142 "75";
76 2 1 110,205 "76";
77 0 1 122,179 "77";
78 1 0 47,66 "78";
79 0 0 16,103 "79";
80 0 0 83,94 "80";
81 1 0 86,107 "81";
82 1 1 130,157 "82";
83 1 1 81,154 "83";
84 2 0 57,72 "84";
85 2 1 86,198 "85";
86 0 1 24,160 "86";
87 2 0 114,152 "87";
88 0 0 2,188 "88";
89 0 0 129,202 "89";
90 1 1 9,167 "90";
91 1 0 40,179 "91";
92 1 0 11,111 "92";
93 0 1 135,206 "93";
94 2 1 90,199 "94";
95 0 0 63,187 "95";
96 2 0 154,188 "96";
97 0 0 49,136 "97";
98 2 1 162,200 "98";
99 0 0 48,50 "99";
100 0 0 53,121 "100";
101 1 0 23,196 "101";
102 2 1 6,157 "102";
103 0 0 114,160 "103";
104 1 0 16,132 "104";
105 0 1 75,190 "105";
106 1 1 98,120 "106";
107 2 0 83,114 "107";
108 0 1 76,197 "108";
109 1 1 2,84 "109";
110 2 0 64,196 "110";
111 2 1 33,112 "111";
112 2 0 20,130 "112";
113 0 1 39,176 "113";
114 1 0 81,100 "114";
115 2 0 5,84 "115";
116 1 1 61,186 "116";
117 2 0 5,166 "117";
118 2 0 52,178 "118";
119 0 1 24,116 "119";
120 1 0 0,102 "120";
121 0 1 83,132 "121";
122 0 0 132,155 "122";
123 2 0 25,119 "123";
124 0 1 163,168 "124";
125 1 1 41,128 "125";
126 2 1 150,151 "126";
127 1 0 118,129 "127";
128 1 1 81,88 "128";
129 2 1 86,133 "129";
130 0 1 9,135 "130";
131 2 1 164,173 "131";
132 1 0 14,25 "132";
133 2 1 63,121 "133";
134 1 1 106,179 "134";
135 2 1 85,144 "135";
136 0 0 175,194 "136";
137 1 0 48,113 "137";
138 1 0 142,179 "138";
139 2 0 86,145 "139";
140 1 1 172,201 "140";
141 2 0 76,153 "141";
142 0 1 148,152 "142";
143 0 0 8,116 "143";
144 1 0 18,33 "144";
145 2 0 62,129 "145";
146 2 0 13,49 "146";
147 1 1 16,43 "147";
148 1 1 54,136 "148";
149 2 0 48,87 "149";
150 2 0 97,191 "150";
151 0 1 28,199 "151";
152 0 0 30,101 "152";
153 2 1 164,204 "153";
154 0 0 20,80 "154";
155 1 0 47,55 "155";
156 1 1 109,159 "156";
157 2 1 12,138 "157";
158 0 1 8,85 "158";
159 0 0 39,49 "159";
160 1 1 4,8 "160";
161 2 0 13,145 "161";
162 1 0 146,168 "162";
163 0 0 170,175 "163";
164 2 1 39,48 "164";
165 2 0 91,119 "165";
166 1 0 61,85 "166";
167 1 1 58,179 "167";
168 2 1 114,178 "168";
169 1 0 98,179 "169";
170 0 1 95,207 "170";
171 2 1 95,151 "171";
172 0 1 20,88 "172";
173 0 0 51,128 "173";
174 0 0 107,142 "174";
175 0 0 46,138 "175";
176 2 1 39,52 "176";
177 0 1 3,204 "177";
178 2 1 0,146 "178";
179 1 0 15,34 "179";
180 2 1 70,77 "180";
181 0 0 77,164 "181";
182 1 0 49,71 "182";
183 0 0 14,101 "183";
184 0 1 51,191 "184";
185 2 1 6,157 "185";
186 0 0 32,144 "186";
187 1 0 6,154 "187";
188 0 1 52,72 "188";
189 0 1 37,88 "189";
190 1 1 9,159 "190";
191 1 1 18,170 "191";
192 1 1 45,46 "192";
193 0 0 15,121 "193";
194 0 0 21,63 "194";
195 2 0 53,75 "195";
196 1 1 75,102 "196";
197 1 0 40,115 "197";
198 0 1 5,196 "198";
199 2 0 78,109 "199";
200 1 0 28,36 "200";
201 1 1 84,148 "201";
202 1 0 7,94 "202";
203 2 1 64,96 "203";
204 1 1 20,125 "204";
205 1 0 11,100 "205";
206 1 1 102,186 "206";
207 2 0 121,162 "207";
208 2 1 31,192 "208";
209 2 0 50,52 "209";
