parity 249;
0 1 0 37,139 "0";
1 1 0 32,51 "1";
2 2 1 149,187 "2";
3 1 0 150,151 "3";
4 1 1 14,125 "4";
5 0 1 92,226 "5";
6 2 1 100,207 "6";
7 0 0 87,123 "7";
8 1 0 79,173 "8";
9 2 1 82,175 "9";
10 2 1 142,173 "10";
11 2 0 27,230 "11";
12 2 1 131,198 "12";
13 1 1 22,159 "13";
14 1 0 41,132 "14";
15 1 0 32,50 "15";
16 0 0 38,149 "16";
17 0 1 32,201 "17";
18 1 0 35,90 "18";
19 2 1 199,237 "19";
20 2 1 120,181 "20";
21 0 1 37,174 "21";
22 1 1 54,235 "22";
23 1 0 32,131 "23";
24 2 1 110,185 "24";
25 2 1 3,240 "25";
26 2 1 59,169 "26";
27 0 0 143,153 "27";
28 1 0 4,138 "28";
29 0 1 12,67 "29";
30 0 0 167,172 "30";
31 2 1 183,200 "31";
32 0 0 145,200 "32";
33 2 0 96,197 "33";
34 0 0 17,162 "34";
35 0 0 54,123 "35";
36 0 1 125,225 "36";
37 0 1 86,242 "37";
38 0 0 48,123 "38";
39 0 1 182,201 "39";
40 0 0 4,227 "40";
41 0 1 163,193 "41";
42 0 1 126,172 "42";
43 0 1 187,192 "43";
44 2 1 185,239 "44";
45 0 1 65,168 "45";
46 1 1 94,131 "46";
47 2 0 38,112 "47";
48 1 0 7,142 "48";
49 0 0 46,203 "49";
50 1 1 140,190 "50";
51 1 0 9,64 "51";
52 2 0 57,74 "52";
53 1 1 47,237 "53";
54 2 0 83,168 "54";
55 1 0 167,200 "55";
56 2 1 58,88 "56";
57 1 0 43,157 "57";
58 0 0 95,137 "58";
59 2 1 22,84 "59";
60 2 0 88,112 "60";
61 1 1 75,109 "61";
62 1 1 53,65 "62";
63 2 1 84,199 "63";
64 0 1 123,194 "64";
65 0 0 133,187 "65";
66 2 1 60,98 "66";
67 2 1 165,232 "67";
68 0 1 49,178 "68";
69 1 1 11,211 "69";
70 0 1 181,216 "70";
71 0 0 24,73 "71";
72 1 1 171,190 "72";
73 0 1 35,46 "73";
74 2 1 80,134 "74";
75 2 0 44,52 "75";
76 1 0 32,203 "76";
77 2 1 132,215 "77";
78 2 1 72,241 "78";
79 0 0 180,237 "79";
80 1 1 58,66 "80";
81 1 0 206,228 "81";
82 1 0 91,227 "82";
83 0 0 84,105 "83";
84 2 1 4,90 "84";
85 0 0 59,89 "85";
86 2 0 84,198 "86";
87 1 0 172,239 "87";
88 1 0 10,223 "88";
89 2 0 124,164 "89";
90 0 0 230,237 "90";
91 1 0 85,122 "91";
92 0 0 143,246 "92";
93 1 1 149,194 "93";
94 0 1 114,186 "94";
95 2 0 10,168 "95";
96 1 1 68,240 "96";
97 1 1 204,206 "97";
98 0 0 65,203 "98";
99 2 0 134,138 "99";
100 0 1 59,101 "100";
101 1 0 3,247 "101";
102 2 0 75,116 "102";
103 1 0 97,178 "103";
104 1 0 53,183 "104";
105 1 0 218,231 "105";
106 2 1 17,42 "106";
107 1 0 14,72 "107";
108 2 0 3,39 "108";
109 1 1 97,106 "109";
110 0 1 187,241 "110";
111 1 0 8,204 "111";
112 1 1 6,232 "112";
113 0 1 57,194 "113";
114 1 0 68,100 "114";
115 0 1 6,146 "115";
116 1 0 41,178 "116";
117 0 1 35,221 "117";
118 2 0 21,231 "118";
119 1 1 15,200 "119";
120 2 1 152,198 "120";
121 2 1 50,100 "121";
122 1 0 49,84 "122";
123 0 0 41,234 "123";
124 1 0 38,138 "124";
125 0 0 42,52 "125";
126 1 1 61,159 "126";
127 0 0 14,245 "127";
128 1 0 54,225 "128";
129 2 1 5,83 "129";
130 1 1 86,165 "130";
131 2 0 112,240 "131";
132 1 0 111,249 "132";
133 2 1 31,170 "133";
134 1 0 16,238 "134";
135 1 1 120,196 "135";
136 0 0 106,216 "136";
137 0 1 238,248 "137";
138 2 1 39,212 "138";
139 1 1 128,192 "139";
140 2 1 138,211 "140";
141 2 1 19,33 "141";
142 2 0 52,65 "142";
143 2 1 77,213 "143";
144 2 1 70,211 "144";
145 0 0 73,113 "145";
146 1 0 136,228 "146";
147 0 0 129,203 "147";
148 2 1 41,95 "148";
149 0 0 109,142 "149";
150 1 1 4,120 "150";
151 2 1 2,225 "151";
152 2 1 110,137 "152";
153 0 1 89,195 "153";
154 1 0 20,173 "154";
155 2 0 147,206 "155";
156 1 1 92,117 "156";
157 1 0 202,213 "157";
158 2 0 12,32 "158";
159 0 0 40,99 "159";
160 1 1 25,163 "160";
161 1 0 75,136 "161";
162 0 1 24,63 "162";
163 0 0 99,150 "163";
164 1 0 188,207 "164";
165 2 0 128,213 "165";
166 0 1 23,141 "166";
167 2 0 179,221 "167";
168 0 0 161,195 "168";
169 2 1 126,182 "169";
170 1 1 37,136 "170";
171 1 0 9,31 "171";
172 1 0 98,135 "172";
173 0 0 109,210 "173";
174 2 1 54,230 "174";
175 2 0 29,52 "175";
176 1 1 66,185 "176";
177 2 0 48,171 "177";
178 0 0 105,195 "178";
179 1 0 22,205 "179";
180 0 1 61,236 "180";
181 0 0 66,171 "181";
182 2 0 160,169 "182";
183 2 0 114,239 "183";
184 1 1 56,122 "184";
185 0 1 88,184 "185";
186 1 0 53,113 "186";
187 2 1 175,238 "187";
188 2 0 90,105 "188";
189 0 0 62,109 "189";
190 1 1 46,182 "190";
191 1 0 11,43 "191";
192 1 0 87,100 "192";
193 2 0 20,88 "193";
194 2 0 186,206 "194";
195 0 1 225,231 "195";
196 2 1 84,213 "196";
197 2 0 91,237 "197";
198 0 0 22,56 "198";
199 0 1 78,93 "199";
200 2 0 226,236 "200";
201 1 0 22,94 "201";
202 2 0 222,246 "202";
203 1 1 5,43 "203";
204 0 1 61,110 "204";
205 0 0 30,126 "205";
206 0 1 110,175 "206";
207 0 1 79,178 "207";
208 2 1 87,235 "208";
209 1 0 11,61 "209";
210 2 0 96,140 "210";
211 2 0 111,216 "211";
212 1 0 100,239 "212";
213 2 1 52,191 "213";
214 1 0 129,245 "214";
215 0 1 88,157 "215";
216 0 1 36,127 "216";
217 2 0 98,141 "217";
218 2 1 166,212 "218";
219 0 1 75,247 "219";
220 2 1 130,190 "220";
221 0 0 15,189 "221";
222 0 0 84,148 "222";
223 2 0 198,224 "223";
224 0 1 37,233 "224";
225 1 1 38,203 "225";
226 2 0 72,219 "226";
227 0 0 34,195 "227";
228 0 1 192,248 "228";
229 1 1 108,116 "229";
230 1 0 2,68 "230";
231 2 1 13,112 "231";
232 2 0 87,154 "232";
233 0 0 51,62 "233";
234 1 0 149,165 "234";
235 0 1 98,145 "235";
236 1 1 2,106 "236";
237 1 1 108,232 "237";
238 0 1 132,188 "238";
239 2 0 15,245 "239";
240 2 1 9,196 "240";
241 1 0 146,178 "241";
242 2 0 81,244 "242";
243 0 1 163,191 "243";
244 2 1 176,194 "244";
245 2 1 60,180 "245";
246 1 0 45,46 "246";
247 2 1 2,167 "247";
248 1 0 193,234 "248";
249 2 0 97,143 "249";
