parity 209;
0 2 1 79,94 "0";
1 1 0 81,149 "1";
2 2 1 86,159 "2";
3 2 1 139,178 "3";
4 0 1 98,126 "4";
5 0 0 143,182 "5";
6 2 0 31,52 "6";
7 2 1 123,143 "7";
8 1 0 192,201 "8";
9 1 1 19,187 "9";
10 1 0 6,200 "10";
11 1 1 13,79 "11";
12 1 0 114,192 "12";
13 2 1 161,164 "13";
14 1 0 116,123 "14";
15 2 1 4,76 "15";
16 0 0 48,124 "16";
17 1 0 128,145 "17";
18 0 0 41,88 "18";
19 1 0 74,153 "19";
20 2 0 134,150 "20";
21 0 0 9,204 "21";
22 0 1 60,72 "22";
23 2 1 49,134 "23";
24 1 1 29,42 "24";
25 0 1 131,134 "25";
26 1 0 19,160 "26";
27 2 0 132,160 "27";
28 1 1 48,135 "28";
29 0 0 80,174 "29";
30 1 0 116,149 "30";
31 2 0 58,163 "31";
32 2 0 13,190 "32";
33 1 0 9,143 "33";
34 2 0 29,97 "34";
35 1 1 56,83 "35";
36 0 0 62,71 "36";
37 2 1 112,171 "37";
38 2 1 19,49 "38";
39 0 0 67,200 "39";
40 1 1 79,139 "40";
41 2 1 155,198 "41";
42 1 1 19,120 "42";
43 0 1 119,172 "43";
44 1 1 28,81 "44";
45 1 0 86,139 "45";
46 2 0 134,155 "46";
47 2 0 68,161 "47";
48 0 1 131,152 "48";
49 1 1 127,155 "49";
50 1 0 63,83 "50";
51 2 0 2,105 "51";
52 0 0 46,79 "52";
53 0 0 122,196 "53";
54 0 1 61,124 "54";
55 1 0 91,94 "55";
56 0 1 82,85 "56";
57 2 0 92,174 "57";
58 0 1 133,207 "58";
59 2 0 52,107 "59";
60 0 1 68,136 "60";
61 2 0 87,175 "61";
62 0 1 84,111 "62";
63 2 0 111,170 "63";
64 0 1 137,191 "64";
65 2 1 166,190 "65";
66 0 1 8,17 "66";
67 0 0 20,171 "67";
68 0 1 9,150 "68";
69 0 1 43,124 "69";
70 1 1 54,126 "70";
71 1 0 47,169 "71";
72 1 0 118,190 "72";
73 0 0 39,103 "73";
74 1 1 83,110 "74";
75 2 0 0,105 "75";
76 1 1 50,157 "76";
77 2 0 120,166 "77";
78 0 1 150,172 "78";
79 0 0 77,112 "79";
80 0 1 57,62 "80";
81 2 0 117,126 "81";
82 1 1 33,123 "82";
83 2 1 73,205 "83";
84 1 1 8,147 "84";
85 2 1 118,123 "85";
86 2 1 161,180 "86";
87 0 1 63,99 "87";
88 2 1 25,33 "88";
89 0 0 80,106 "89";
90 1 1 20,120 "90";
91 2 0 115,135 "91";
92 0 0 83,96 "92";
93 0 0 29,132 "93";
94 0 1 34,107 "94";
95 2 1 11,187 "95";
96 0 1 81,143 "96";
97 1 1 21,76 "97";
98 0 1 82,199 "98";
99 2 1 61,142 "99";
100 2 0 123,187 "100";
101 1 0 65,196 "101";
102 2 1 106,197 "102";
103 2 1 40,107 "103";
104 0 0 55,116 "104";
105 1 0 175,187 "105";
106 1 0 15,36 "106";
107 2 0 65,129 "107";
108 0 0 17,63 "108";
109 0 0 123,173 "109";
110 0 0 59,177 "110";
111 0 0 163,206 "111";
112 1 1 16,129 "112";
113 2 0 52,114 "113";
114 2 1 123,170 "114";
115 2 0 18,30 "115";
116 1 1 32,171 "116";
117 0 0 31,165 "117";
118 0 0 34,47 "118";
119 2 0 175,206 "119";
120 1 0 18,74 "120";
121 0 0 49,142 "121";
122 1 1 131,209 "122";
123 2 0 180,199 "123";
124 0 0 66,87 "124";
125 2 1 65,119 "125";
126 2 0 27,53 "126";
127 0 1 135,156 "127";
128 2 0 30,209 "128";
129 0 1 137,181 "129";
130 1 0 32,196 "130";
131 0 0 83,154 "131";
132 0 1 72,129 "132";
133 1 1 56,196 "133";
134 0 0 8,115 "134";
135 2 1 6,160 "135";
136 0 1 40,116 "136";
137 0 1 125,181 "137";
138 0 1 18,40 "138";
139 1 0 161,183 "139";
140 0 1 123,138 "140";
141 0 0 130,184 "141";
142 2 0 134,194 "142";
143 1 0 45,154 "143";
144 0 1 31,196 "144";
145 2 0 78,88 "145";
146 1 0 23,112 "146";
147 2 1 16,172 "147";
148 1 1 99,163 "148";
149 0 0 37,172 "149";
150 0 1 146,159 "150";
151 2 0 102,203 "151";
152 1 1 37,86 "152";
153 2 0 23,151 "153";
154 0 1 140,143 "154";
155 0 1 68,206 "155";
156 1 0 112,182 "156";
157 0 1 61,194 "157";
158 1 0 143,147 "158";
159 0 1 58,60 "159";
160 0 0 38,145 "160";
161 1 1 119,143 "161";
162 1 0 3,106 "162";
163 0 0 5,23 "163";
164 2 1 24,36 "164";
165 2 1 171,203 "165";
166 2 1 148,197 "166";
167 1 0 27,158 "167";
168 2 0 57,65 "168";
169 1 1 82,166 "169";
170 1 1 29,78 "170";
171 0 1 144,209 "171";
172 1 1 65,158 "172";
173 1 1 119,200 "173";
174 1 0 90,208 "174";
175 2 0 92,107 "175";
176 2 0 70,146 "176";
177 0 1 95,148 "177";
178 0 1 154,186 "178";
179 1 0 56,185 "179";
180 1 1 47,94 "180";
181 1 1 57,174 "181";
182 1 1 54,82 "182";
183 2 0 8,97 "183";
184 2 1 35,81 "184";
185 2 1 12,55 "185";
186 2 1 56,201 "186";
187 2 1 35,90 "187";
188 0 0 109,138 "188";
189 1 1 128,181 "189";
190 2 0 132,155 "190";
191 1 1 52,205 "191";
192 2 0 113,189 "192";
193 2 0 9,171 "193";
194 0 1 70,142 "194";
195 1 1 52,134 "195";
196 1 1 119,123 "196";
197 1 0 43,127 "197";
198 2 0 144,160 "198";
199 0 0 40,147 "199";
200 0 0 98,135 "200";
201 0 0 10,80 "201";
202 0 1 107,115 "202";
203 2 1 31,164 "203";
204 2 1 42,84 "204";
205 1 1 100,182 "205";
206 2 1 68,87 "206";
207 0 0 68,72 "207";
208 0 0 69,87 "208";
209 1 1 4,115 "209";
