parity 239;
0 0 1 77,232 "0";
1 0 0 12,131 "1";
2 0 1 21,187 "2";
3 1 0 84,239 "3";
4 2 0 33,139 "4";
5 2 0 183,237 "5";
6 0 1 1,106 "6";
7 2 0 91,124 "7";
8 0 1 100,197 "8";
9 2 1 107,202 "9";
10 2 1 189,202 "10";
11 0 1 9,35 "11";
12 1 0 68,132 "12";
13 1 1 79,188 "13";
14 1 1 99,148 "14";
15 1 0 35,140 "15";
16 2 0 81,181 "16";
17 0 0 47,139 "17";
18 2 0 52,95 "18";
19 1 1 8,81 "19";
20 1 1 90,110 "20";
21 1 1 139,224 "21";
22 1 1 160,190 "22";
23 2 1 113,178 "23";
24 2 0 52,67 "24";
25 1 0 107,225 "25";
26 1 0 34,165 "26";
27 2 0 105,156 "27";
28 1 0 59,210 "28";
29 0 0 32,210 "29";
30 2 0 131,154 "30";
31 2 1 15,95 "31";
32 1 0 171,193 "32";
33 0 1 55,87 "33";
34 0 1 18,50 "34";
35 0 1 36,90 "35";
36 0 0 81,196 "36";
37 0 1 115,236 "37";
38 0 1 3,23 "38";
39 1 0 47,145 "39";
40 2 0 15,118 "40";
41 1 1 6,220 "41";
42 2 1 110,191 "42";
43 1 0 2,125 "43";
44 1 1 17,59 "44";
45 2 0 65,217 "45";
46 0 0 88,97 "46";
47 2 0 37,138 "47";
48 2 0 1,8 "48";
49 2 0 24,110 "49";
50 1 1 97,179 "50";
51 0 0 29,232 "51";
52 0 0 11,217 "52";
53 0 1 69,148 "53";
54 0 1 3,132 "54";
55 1 1 102,119 "55";
56 2 0 48,179 "56";
57 2 0 117,127 "57";
58 0 1 114,232 "58";
59 2 0 58,71 "59";
60 1 0 27,102 "60";
61 2 0 205,215 "61";
62 0 1 40,161 "62";
63 1 0 73,84 "63";
64 1 0 30,76 "64";
65 2 0 100,190 "65";
66 1 0 202,227 "66";
67 2 1 144,155 "67";
68 1 0 117,213 "68";
69 0 1 185,197 "69";
70 1 0 78,101 "70";
71 1 0 127,161 "71";
72 2 1 123,202 "72";
73 1 0 130,227 "73";
74 0 1 107,126 "74";
75 1 1 9,21 "75";
76 0 1 16,28 "76";
77 0 0 58,65 "77";
78 2 1 27,158 "78";
79 1 1 135,184 "79";
80 1 1 130,239 "80";
81 1 0 44,235 "81";
82 0 1 41,79 "82";
83 2 1 21,202 "83";
84 0 1 47,145 "84";
85 1 1 68,165 "85";
86 0 0 150,154 "86";
87 0 1 197,236 "87";
88 0 0 35,209 "88";
89 1 1 41,224 "89";
90 2 0 39,105 "90";
91 0 1 99,196 "91";
92 1 1 60,198 "92";
93 2 1 74,127 "93";
94 2 0 12,107 "94";
95 2 1 24,214 "95";
96 2 0 108,193 "96";
97 1 0 41,204 "97";
98 2 1 18,110 "98";
99 0 0 97,162 "99";
100 1 0 179,236 "100";
101 2 0 80,189 "101";
102 2 0 201,227 "102";
103 2 0 7,162 "103";
104 1 1 119,166 "104";
105 1 0 142,204 "105";
106 1 1 126,204 "106";
107 1 1 188,208 "107";
108 1 1 3,168 "108";
109 1 1 200,232 "109";
110 2 0 23,87 "110";
111 1 0 138,182 "111";
112 2 0 74,164 "112";
113 1 1 130,133 "113";
114 1 1 31,89 "114";
115 0 0 46,107 "115";
116 1 0 76,227 "116";
117 1 0 9,146 "117";
118 0 1 111,172 "118";
119 0 0 92,136 "119";
120 1 1 26,232 "120";
121 2 0 79,194 "121";
122 1 1 132,151 "122";
123 2 0 83,115 "123";
124 2 0 61,133 "124";
125 2 1 116,151 "125";
126 1 0 40,73 "126";
127 1 0 2,234 "127";
128 1 1 23,38 "128";
129 1 0 162,229 "129";
130 1 1 102,203 "130";
131 1 1 76,78 "131";
132 1 0 6,170 "132";
133 1 1 79,230 "133";
134 0 1 42,140 "134";
135 1 1 64,226 "135";
136 2 0 21,220 "136";
137 0 1 149,177 "137";
138 0 0 8,92 "138";
139 1 0 112,203 "139";
140 1 0 202,237 "140";
141 0 1 131,203 "141";
142 1 1 24,35 "142";
143 0 0 41,133 "143";
144 1 1 171,200 "144";
145 1 0 90,238 "145";
146 1 0 161,189 "146";
147 1 1 47,190 "147";
148 1 1 108,155 "148";
149 0 1 84,141 "149";
150 1 0 97,165 "150";
151 0 0 116,235 "151";
152 0 0 52,124 "152";
153 0 0 159,203 "153";
154 0 0 195,234 "154";
155 0 1 191,209 "155";
156 2 1 15,205 "156";
157 2 1 1,58 "157";
158 2 0 62,100 "158";
159 0 1 71,135 "159";
160 2 1 70,89 "160";
161 1 0 66,219 "161";
162 1 1 126,200 "162";
163 1 1 116,159 "163";
164 2 1 188,222 "164";
165 0 1 90,125 "165";
166 1 1 40,212 "166";
167 2 1 169,218 "167";
168 0 1 66,128 "168";
169 1 0 19,68 "169";
170 2 1 66,196 "170";
171 0 1 39,196 "171";
172 2 0 38,190 "172";
173 0 1 145,178 "173";
174 1 0 183,234 "174";
175 2 0 7,225 "175";
176 1 1 92,116 "176";
177 0 1 79,223 "177";
178 1 1 70,119 "178";
179 0 1 170,210 "179";
180 1 0 39,189 "180";
181 2 0 197,203 "181";
182 2 1 7,67 "182";
183 0 1 71,197 "183";
184 2 1 8,31 "184";
185 2 0 114,239 "185";
186 2 1 24,183 "186";
187 1 0 42,51 "187";
188 2 0 81,179 "188";
189 2 0 82,126 "189";
190 0 1 0,141 "190";
191 2 0 92,187 "191";
192 2 0 5,82 "192";
193 2 1 49,170 "193";
194 0 0 71,73 "194";
195 0 0 26,135 "195";
196 2 0 16,29 "196";
197 2 1 116,239 "197";
198 0 1 55,222 "198";
199 0 1 12,92 "199";
200 1 1 78,198 "200";
201 2 1 77,135 "201";
202 0 0 53,151 "202";
203 1 0 16,201 "203";
204 2 0 31,35 "204";
205 0 0 90,163 "205";
206 0 1 104,170 "206";
207 1 0 29,182 "207";
208 2 1 105,195 "208";
209 1 1 66,192 "209";
210 0 0 84,222 "210";
211 0 1 18,50 "211";
212 1 1 65,69 "212";
213 1 1 4,94 "213";
214 2 1 139,211 "214";
215 1 1 33,44 "215";
216 1 0 164,183 "216";
217 1 0 58,232 "217";
218 2 1 33,132 "218";
219 0 0 109,211 "219";
220 0 1 28,104 "220";
221 1 1 25,106 "221";
222 1 1 42,150 "222";
223 2 1 191,233 "223";
224 0 0 160,168 "224";
225 0 0 118,138 "225";
226 0 1 16,137 "226";
227 2 1 49,229 "227";
228 2 1 36,191 "228";
229 1 0 224,234 "229";
230 2 0 174,213 "230";
231 1 1 101,181 "231";
232 1 1 195,216 "232";
233 2 0 74,158 "233";
234 0 1 65,120 "234";
235 0 0 78,155 "235";
236 2 0 54,83 "236";
237 1 0 78,233 "237";
238 0 0 67,181 "238";
239 0 1 129,179 "239";
