parity 239;
0 2 1 147,198 "0";
1 0 1 43,121 "1";
2 2 1 190,217 "2";
3 2 0 142,224 "3";
4 0 0 5,41 "4";
5 1 1 0,25 "5";
6 1 0 156,174 "6";
7 0 1 54,158 "7";
8 1 0 49,143 "8";
9 2 0 221,233 "9";
10 1 1 13,215 "10";
11 2 1 58,221 "11";
12 1 0 24,216 "12";
13 1 1 4,175 "13";
14 0 0 62,136 "14";
15 1 0 33,119 "15";
16 0 1 47,215 "16";
17 1 1 0,150 "17";
18 0 1 8,181 "18";
19 2 0 29,223 "19";
20 2 1 53,226 "20";
21 1 1 66,179 "21";
22 0 0 28,102 "22";
23 1 0 151,233 "23";
24 1 0 12,94 "24";
25 2 1 13,91 "25";
26 0 0 18,37 "26";
27 2 0 89,145 "27";
28 0 0 10,135 "28";
29 2 1 38,110 "29";
30 0 0 11,194 "30";
31 0 0 7,67 "31";
32 2 1 37,208 "32";
33 1 0 56,108 "33";
34 2 0 220,237 "34";
35 0 0 33,225 "35";
36 2 0 172,219 "36";
37 1 1 122,201 "37";
38 2 0 51,232 "38";
39 2 0 1,11 "39";
40 2 0 78,107 "40";
41 1 1 74,220 "41";
42 0 1 6,174 "42";
43 2 0 30,95 "43";
44 1 0 144,158 "44";
45 0 1 138,231 "45";
46 1 1 40,64 "46";
47 1 0 53,124 "47";
48 1 1 111,143 "48";
49 0 1 22,167 "49";
50 2 0 1,82 "50";
51 0 1 4,85 "51";
52 1 1 20,107 "52";
53 2 1 118,232 "53";
54 1 1 156,205 "54";
55 0 0 10,85 "55";
56 2 1 151,168 "56";
57 1 1 146,213 "57";
58 2 0 158,202 "58";
59 2 1 20,21 "59";
60 2 0 47,115 "60";
61 2 1 26,91 "61";
62 1 1 91,211 "62";
63 1 0 46,233 "63";
64 0 0 63,194 "64";
65 0 1 159,161 "65";
66 2 1 67,108 "66";
67 1 1 17,121 "67";
68 2 1 52,71 "68";
69 1 1 72,141 "69";
70 2 1 19,146 "70";
71 0 1 33,143 "71";
72 0 1 71,134 "72";
73 0 0 146,212 "73";
74 1 0 153,238 "74";
75 0 1 25,235 "75";
76 1 0 1,51 "76";
77 2 0 13,209 "77";
78 1 1 24,185 "78";
79 2 0 199,230 "79";
80 1 1 53,182 "80";
81 2 0 14,183 "81";
82 1 0 19,197 "82";
83 1 0 11,82 "83";
84 0 0 35,92 "84";
85 1 0 143,228 "85";
86 2 0 44,143 "86";
87 1 0 89,184 "87";
88 2 1 101,132 "88";
89 1 0 35,135 "89";
90 1 0 98,235 "90";
91 0 1 132,152 "91";
92 2 1 132,234 "92";
93 2 0 73,109 "93";
94 2 0 66,213 "94";
95 0 1 193,225 "95";
96 0 1 21,182 "96";
97 2 1 53,155 "97";
98 1 0 42,76 "98";
99 2 0 141,175 "99";
100 1 1 37,88 "100";
101 2 1 84,125 "101";
102 1 0 49,74 "102";
103 0 0 82,149 "103";
104 1 1 75,151 "104";
105 2 1 49,63 "105";
106 2 0 8,60 "106";
107 1 0 83,106 "107";
108 0 0 102,128 "108";
109 1 1 93,232 "109";
110 1 1 127,186 "110";
111 1 0 48,100 "111";
112 1 1 19,120 "112";
113 1 1 92,221 "113";
114 0 0 29,36 "114";
115 1 0 77,132 "115";
116 1 1 102,177 "116";
117 1 1 88,232 "117";
118 2 0 60,143 "118";
119 1 0 24,84 "119";
120 1 0 3,124 "120";
121 0 0 18,77 "121";
122 2 1 26,139 "122";
123 1 1 27,144 "123";
124 2 1 160,235 "124";
125 0 1 59,180 "125";
126 2 0 80,117 "126";
127 1 1 130,154 "127";
128 2 0 18,37 "128";
129 1 0 23,191 "129";
130 0 1 21,180 "130";
131 0 1 20,238 "131";
132 0 0 136,194 "132";
133 2 0 5,227 "133";
134 0 1 153,180 "134";
135 1 0 28,186 "135";
136 1 1 10,81 "136";
137 2 0 36,141 "137";
138 1 1 26,115 "138";
139 2 1 23,173 "139";
140 1 0 139,177 "140";
141 2 1 207,230 "141";
142 0 1 8,109 "142";
143 2 0 29,33 "143";
144 1 0 101,228 "144";
145 1 0 111,150 "145";
146 2 1 21,62 "146";
147 1 1 6,14 "147";
148 0 0 144,146 "148";
149 0 0 105,234 "149";
150 2 0 11,43 "150";
151 2 1 85,223 "151";
152 2 0 29,44 "152";
153 0 1 48,197 "153";
154 0 0 111,176 "154";
155 0 0 142,158 "155";
156 2 1 89,116 "156";
157 0 0 4,211 "157";
158 0 0 49,206 "158";
159 2 1 128,214 "159";
160 1 0 105,190 "160";
161 0 0 103,168 "161";
162 2 0 33,137 "162";
163 1 0 175,210 "163";
164 2 0 161,232 "164";
165 0 0 84,191 "165";
166 1 1 92,119 "166";
167 2 0 97,193 "167";
168 1 0 86,213 "168";
169 1 0 97,195 "169";
170 2 0 56,211 "170";
171 2 0 99,232 "171";
172 0 0 50,158 "172";
173 2 1 224,235 "173";
174 1 1 77,198 "174";
175 1 1 195,233 "175";
176 0 0 86,231 "176";
177 2 1 127,228 "177";
178 1 1 3,160 "178";
179 2 1 130,198 "179";
180 0 0 172,208 "180";
181 0 0 49,159 "181";
182 0 1 14,212 "182";
183 1 1 28,82 "183";
184 0 0 90,187 "184";
185 0 1 61,89 "185";
186 1 1 79,129 "186";
187 2 1 149,190 "187";
188 2 1 54,100 "188";
189 1 0 161,207 "189";
190 0 1 39,144 "190";
191 1 0 29,114 "191";
192 2 0 128,228 "192";
193 1 0 170,204 "193";
194 2 0 135,199 "194";
195 2 1 13,84 "195";
196 2 0 127,217 "196";
197 0 0 133,178 "197";
198 2 1 34,74 "198";
199 2 1 22,32 "199";
200 2 1 100,223 "200";
201 2 0 162,199 "201";
202 2 1 143,181 "202";
203 2 1 23,136 "203";
204 0 1 108,173 "204";
205 0 1 93,212 "205";
206 2 1 66,171 "206";
207 2 0 23,115 "207";
208 0 0 18,184 "208";
209 0 0 31,210 "209";
210 1 1 139,228 "210";
211 1 0 45,73 "211";
212 0 0 15,230 "212";
213 0 0 231,238 "213";
214 1 1 142,197 "214";
215 1 1 186,204 "215";
216 0 0 51,82 "216";
217 1 1 173,216 "217";
218 2 0 11,39 "218";
219 0 0 16,201 "219";
220 1 0 102,170 "220";
221 1 0 23,223 "221";
222 1 1 102,124 "222";
223 2 1 33,100 "223";
224 2 0 3,142 "224";
225 0 1 40,89 "225";
226 1 1 60,71 "226";
227 2 1 0,105 "227";
228 1 0 15,55 "228";
229 1 1 71,222 "229";
230 0 1 93,139 "230";
231 2 0 126,197 "231";
232 1 0 19,62 "232";
233 2 1 55,164 "233";
234 0 0 51,154 "234";
235 0 1 48,225 "235";
236 1 0 38,179 "236";
237 0 1 154,203 "237";
238 2 0 49,62 "238";
239 2 1 23,71 "239";
