parity 259;
0 1 1 23,167 "0";
1 0 1 214,245 "1";
2 1 0 65,138 "2";
3 2 1 17,103 "3";
4 1 1 44,120 "4";
5 2 0 46,251 "5";
6 1 1 84,241 "6";
7 1 0 9,192 "7";
8 2 0 139,204 "8";
9 0 0 154,194 "9";
10 1 0 90,228 "10";
11 1 0 24,208 "11";
12 0 0 33,222 "12";
13 1 0 27,142 "13";
14 1 1 7,156 "14";
15 2 0 49,119 "15";
16 0 0 81,113 "16";
17 0 1 6,108 "17";
18 0 0 58,224 "18";
19 0 0 205,226 "19";
20 2 0 60,162 "20";
21 2 0 82,83 "21";
22 1 0 60,167 "22";
23 2 0 45,224 "23";
24 0 0 112,199 "24";
25 2 1 97,224 "25";
26 1 0 56,105 "26";
27 0 1 158,258 "27";
28 0 0 9,13 "28";
29 0 0 4,228 "29";
30 1 1 41,75 "30";
31 0 0 116,122 "31";
32 0 1 12,138 "32";
33 0 1 58,131 "33";
34 2 1 224,232 "34";
35 0 0 162,225 "35";
36 1 0 137,251 "36";
37 1 0 21,220 "37";
38 1 1 145,167 "38";
39 1 1 135,251 "39";
40 2 0 74,225 "40";
41 2 0 38,134 "41";
42 2 0 18,113 "42";
43 1 1 65,155 "43";
44 0 0 75,203 "44";
45 2 1 180,223 "45";
46 1 1 86,236 "46";
47 0 0 6,172 "47";
48 2 1 128,238 "48";
49 0 0 161,231 "49";
50 1 0 31,210 "50";
51 0 1 37,146 "51";
52 1 0 72,121 "52";
53 1 0 23,203 "53";
54 2 1 18,159 "54";
55 2 1 100,242 "55";
56 1 1 167,250 "56";
57 0 1 9,78 "57";
58 1 1 74,118 "58";
59 2 0 176,205 "59";
60 0 0 61,126 "60";
61 2 1 91,192 "61";
62 2 1 1,49 "62";
63 2 1 134,193 "63";
64 0 1 140,209 "64";
65 1 0 173,223 "65";
66 1 1 120,161 "66";
67 2 1 29,78 "67";
68 1 1 10,202 "68";
69 1 0 162,204 "69";
70 0 1 42,126 "70";
71 2 1 34,110 "71";
72 1 0 51,134 "72";
73 2 1 72,75 "73";
74 0 1 53,131 "74";
75 0 1 38,42 "75";
76 2 0 5,136 "76";
77 1 1 5,98 "77";
78 0 0 141,210 "78";
79 1 0 83,227 "79";
80 2 1 221,257 "80";
81 1 1 166,199 "81";
82 1 0 45,170 "82";
83 2 1 148,200 "83";
84 1 1 28,215 "84";
85 2 1 97,200 "85";
86 0 0 0,158 "86";
87 0 1 121,204 "87";
88 0 1 50,237 "88";
89 2 1 149,246 "89";
90 2 1 107,142 "90";
91 0 1 102,197 "91";
92 0 1 59,259 "92";
93 2 0 26,148 "93";
94 1 1 7,122 "94";
95 0 1 17,197 "95";
96 0 1 200,238 "96";
97 0 1 16,99 "97";
98 0 0 14,199 "98";
99 0 1 193,207 "99";
100 2 1 121,153 "100";
101 1 0 124,199 "101";
102 0 1 133,135 "102";
103 0 0 15,76 "103";
104 2 1 40,246 "104";
105 0 1 49,64 "105";
106 0 0 57,99 "106";
107 1 0 97,173 "107";
108 0 1 14,232 "108";
109 1 1 176,210 "109";
110 0 1 33,180 "110";
111 2 0 55,198 "111";
112 2 1 60,223 "112";
113 1 0 180,227 "113";
114 1 0 89,196 "114";
115 2 1 20,213 "115";
116 1 1 96,237 "116";
117 1 0 112,129 "117";
118 1 1 228,231 "118";
119 1 0 136,149 "119";
120 0 0 117,142 "120";
121 1 0 199,238 "121";
122 0 0 170,189 "122";
123 2 1 90,115 "123";
124 2 1 28,198 "124";
125 1 1 104,222 "125";
126 0 1 52,67 "126";
127 1 1 70,85 "127";
128 0 1 35,38 "128";
129 1 1 83,192 "129";
130 2 0 170,177 "130";
131 1 0 186,246 "131";
132 1 0 209,252 "132";
133 1 0 86,255 "133";
134 2 0 125,180 "134";
135 2 0 124,173 "135";
136 1 0 33,128 "136";
137 1 1 107,253 "137";
138 1 1 16,131 "138";
139 0 0 92,124 "139";
140 2 0 44,259 "140";
141 0 0 84,258 "141";
142 0 1 15,67 "142";
143 1 1 82,100 "143";
144 2 0 5,126 "144";
145 0 1 204,215 "145";
146 1 1 3,166 "146";
147 2 0 121,182 "147";
148 2 0 34,56 "148";
149 2 0 47,99 "149";
150 0 1 18,125 "150";
151 1 1 168,200 "151";
152 1 0 87,95 "152";
153 1 0 192,244 "153";
154 1 0 82,134 "154";
155 0 0 94,170 "155";
156 2 1 126,233 "156";
157 1 1 73,195 "157";
158 0 1 212,217 "158";
159 1 1 39,74 "159";
160 0 1 162,182 "160";
161 2 1 165,220 "161";
162 1 0 66,168 "162";
163 0 1 22,160 "163";
164 2 1 32,145 "164";
165 0 1 161,204 "165";
166 0 0 71,80 "166";
167 1 1 133,162 "167";
168 1 1 228,241 "168";
169 1 1 116,193 "169";
170 2 1 67,146 "170";
171 1 1 79,186 "171";
172 2 0 35,242 "172";
173 0 1 208,229 "173";
174 2 0 1,247 "174";
175 1 1 73,166 "175";
176 2 0 89,214 "176";
177 1 1 23,257 "177";
178 1 0 115,195 "178";
179 2 0 185,226 "179";
180 0 0 75,114 "180";
181 1 0 152,234 "181";
182 0 0 33,164 "182";
183 1 1 58,156 "183";
184 0 0 158,235 "184";
185 1 0 108,213 "185";
186 1 0 36,145 "186";
187 1 0 203,239 "187";
188 0 0 19,157 "188";
189 0 0 8,249 "189";
190 0 0 155,257 "190";
191 0 1 151,223 "191";
192 2 0 10,126 "192";
193 2 1 114,233 "193";
194 2 1 77,202 "194";
195 0 0 0,144 "195";
196 0 1 27,206 "196";
197 1 1 37,112 "197";
198 1 0 51,105 "198";
199 2 1 8,136 "199";
200 2 1 167,206 "200";
201 2 1 155,216 "201";
202 1 1 188,246 "202";
203 1 1 117,204 "203";
204 2 1 24,243 "204";
205 0 1 209,257 "205";
206 2 0 16,49 "206";
207 0 0 100,161 "207";
208 1 1 128,227 "208";
209 1 1 44,108 "209";
210 0 1 138,247 "210";
211 0 1 195,202 "211";
212 1 1 171,234 "212";
213 0 1 82,112 "213";
214 0 0 17,243 "214";
215 2 1 125,132 "215";
216 1 0 84,168 "216";
217 1 1 13,245 "217";
218 0 1 130,135 "218";
219 2 1 74,165 "219";
220 2 0 61,80 "220";
221 2 0 112,251 "221";
222 0 1 94,107 "222";
223 1 0 20,181 "223";
224 2 1 99,213 "224";
225 0 0 147,175 "225";
226 2 0 14,211 "226";
227 1 0 19,76 "227";
228 0 1 75,95 "228";
229 0 1 150,211 "229";
230 2 1 169,244 "230";
231 2 1 232,238 "231";
232 1 0 83,123 "232";
233 0 0 110,126 "233";
234 0 1 16,124 "234";
235 0 1 68,165 "235";
236 2 1 131,185 "236";
237 2 1 77,189 "237";
238 0 0 154,235 "238";
239 2 0 103,182 "239";
240 0 1 11,33 "240";
241 2 1 219,238 "241";
242 0 0 66,158 "242";
243 0 0 143,200 "243";
244 2 0 31,98 "244";
245 0 0 87,116 "245";
246 2 0 50,197 "246";
247 2 0 88,193 "247";
248 2 0 131,256 "248";
249 0 1 35,150 "249";
250 1 1 7,213 "250";
251 0 0 18,99 "251";
252 0 1 7,26 "252";
253 2 0 87,161 "253";
254 1 0 54,69 "254";
255 1 1 80,247 "255";
256 0 0 118,226 "256";
257 1 0 179,211 "257";
258 2 1 95,187 "258";
259 1 1 9,153 "259";
