parity 219;
0 1 0 45,112 "0";
1 1 1 48,76 "1";
2 2 1 48,190 "2";
3 1 0 18,194 "3";
4 1 0 21,174 "4";
5 2 1 27,157 "5";
6 1 1 9,127 "6";
7 0 1 27,152 "7";
8 1 1 28,64 "8";
9 1 0 99,179 "9";
10 1 0 105,159 "10";
11 1 1 3,72 "11";
12 2 0 56,178 "12";
13 2 1 46,122 "13";
14 2 1 7,81 "14";
15 1 1 6,10 "15";
16 1 0 138,215 "16";
17 0 1 83,171 "17";
18 2 0 68,204 "18";
19 1 1 27,90 "19";
20 1 1 113,140 "20";
21 0 0 92,122 "21";
22 0 0 162,180 "22";
23 0 0 169,180 "23";
24 0 1 46,189 "24";
25 0 1 122,184 "25";
26 2 1 42,120 "26";
27 1 0 41,184 "27";
28 2 0 138,216 "28";
29 1 0 58,108 "29";
30 2 0 72,78 "30";
31 0 0 57,96 "31";
32 0 0 25,163 "32";
33 2 0 111,127 "33";
34 2 0 98,107 "34";
35 0 1 26,177 "35";
36 2 0 189,199 "36";
37 0 1 101,214 "37";
38 0 1 19,140 "38";
39 1 1 61,135 "39";
40 0 1 79,213 "40";
41 0 0 10,29 "41";
42 2 1 26,188 "42";
43 2 0 44,143 "43";
44 1 1 81,219 "44";
45 2 0 12,102 "45";
46 1 0 29,60 "46";
47 1 0 186,209 "47";
48 0 1 119,182 "48";
49 0 0 78,116 "49";
50 0 0 95,191 "50";
51 0 1 47,208 "51";
52 1 0 11,41 "52";
53 2 0 166,172 "53";
54 1 0 81,117 "54";
55 2 1 77,178 "55";
56 1 0 12,157 "56";
57 1 1 46,190 "57";
58 1 1 195,203 "58";
59 0 0 87,138 "59";
60 1 1 144,196 "60";
61 0 0 6,53 "61";
62 1 0 59,157 "62";
63 1 0 25,201 "63";
64 0 1 142,154 "64";
65 2 0 33,178 "65";
66 0 1 79,175 "66";
67 0 0 116,118 "67";
68 1 0 141,157 "68";
69 2 0 8,191 "69";
70 2 1 20,197 "70";
71 1 0 103,108 "71";
72 1 1 20,86 "72";
73 1 1 84,131 "73";
74 1 1 30,77 "74";
75 0 1 68,114 "75";
76 1 0 64,184 "76";
77 2 1 57,179 "77";
78 1 0 136,200 "78";
79 0 1 20,190 "79";
80 2 1 95,212 "80";
81 2 1 42,103 "81";
82 1 0 157,172 "82";
83 0 0 123,217 "83";
84 2 0 16,111 "84";
85 2 1 45,98 "85";
86 1 1 78,162 "86";
87 0 0 65,140 "87";
88 0 1 7,169 "88";
89 0 1 39,60 "89";
90 1 0 36,142 "90";
91 0 0 88,214 "91";
92 1 1 121,213 "92";
93 0 1 90,136 "93";
94 0 1 4,167 "94";
95 0 1 123,128 "95";
96 1 1 140,188 "96";
97 2 1 109,130 "97";
98 2 0 58,177 "98";
99 1 1 61,84 "99";
100 1 1 205,210 "100";
101 1 0 117,206 "101";
102 2 1 10,217 "102";
103 0 1 146,204 "103";
104 2 1 23,48 "104";
105 2 0 19,41 "105";
106 2 1 66,100 "106";
107 1 1 79,183 "107";
108 0 1 105,197 "108";
109 2 0 15,205 "109";
110 0 0 60,167 "110";
111 0 0 98,200 "111";
112 2 0 45,217 "112";
113 0 0 115,147 "113";
114 2 0 125,135 "114";
115 2 0 16,53 "115";
116 2 0 70,186 "116";
117 0 1 97,120 "117";
118 2 0 86,126 "118";
119 2 0 1,43 "119";
120 1 1 10,110 "120";
121 2 0 112,206 "121";
122 2 0 4,210 "122";
123 1 0 94,121 "123";
124 1 0 13,84 "124";
125 2 1 138,177 "125";
126 2 1 96,200 "126";
127 1 0 106,172 "127";
128 1 1 62,130 "128";
129 2 0 172,200 "129";
130 0 1 25,39 "130";
131 0 0 28,190 "131";
132 0 0 50,210 "132";
133 2 0 110,113 "133";
134 2 0 177,219 "134";
135 0 0 58,140 "135";
136 2 1 154,202 "136";
137 0 1 107,123 "137";
138 0 0 64,176 "138";
139 0 1 162,176 "139";
140 0 0 114,153 "140";
141 2 1 96,111 "141";
142 2 0 121,136 "142";
143 1 0 51,90 "143";
144 1 0 85,176 "144";
145 2 0 119,189 "145";
146 0 1 207,215 "146";
147 2 1 7,47 "147";
148 2 0 25,40 "148";
149 1 1 45,126 "149";
150 2 1 203,215 "150";
151 2 1 74,90 "151";
152 0 1 91,171 "152";
153 1 0 17,97 "153";
154 2 1 44,80 "154";
155 2 1 4,36 "155";
156 0 1 81,104 "156";
157 1 1 58,78 "157";
158 0 0 46,217 "158";
159 2 0 42,69 "159";
160 2 1 124,174 "160";
161 2 0 172,207 "161";
162 1 0 94,156 "162";
163 2 0 76,104 "163";
164 0 1 96,121 "164";
165 1 1 9,113 "165";
166 2 1 140,162 "166";
167 1 0 44,86 "167";
168 0 0 172,200 "168";
169 0 1 27,173 "169";
170 2 0 53,117 "170";
171 2 1 87,169 "171";
172 0 1 32,94 "172";
173 0 0 14,196 "173";
174 1 1 83,141 "174";
175 2 0 49,189 "175";
176 2 1 119,208 "176";
177 2 0 75,112 "177";
178 2 1 76,126 "178";
179 1 0 139,194 "179";
180 2 0 167,194 "180";
181 2 1 36,40 "181";
182 1 0 61,76 "182";
183 2 0 122,198 "183";
184 0 0 40,102 "184";
185 2 0 57,188 "185";
186 2 1 20,197 "186";
187 1 0 108,156 "187";
188 1 1 10,127 "188";
189 0 1 8,144 "189";
190 2 1 101,180 "190";
191 0 1 89,161 "191";
192 0 0 13,24 "192";
193 2 1 137,143 "193";
194 2 0 101,133 "194";
195 1 0 26,170 "195";
196 1 1 112,161 "196";
197 1 0 76,92 "197";
198 2 1 81,133 "198";
199 1 0 4,150 "199";
200 2 1 38,64 "200";
201 1 1 84,106 "201";
202 2 1 31,112 "202";
203 0 1 89,131 "203";
204 2 1 0,188 "204";
205 0 0 17,191 "205";
206 1 1 18,48 "206";
207 0 1 175,219 "207";
208 1 1 108,157 "208";
209 2 0 44,203 "209";
210 0 0 87,192 "210";
211 0 0 35,77 "211";
212 2 1 11,132 "212";
213 0 0 115,161 "213";
214 2 1 137,152 "214";
215 0 1 197,203 "215";
216 1 1 58,170 "216";
217 0 0 48,206 "217";
218 2 0 10,172 "218";
219 2 1 1,54 "219";
