parity 219;
0 2 0 18,164 "0";
1 1 0 33,170 "1";
2 0 0 56,123 "2";
3 1 0 68,107 "3";
4 0 1 76,201 "4";
5 0 1 53,152 "5";
6 1 1 99,110 "6";
7 1 0 20,219 "7";
8 0 0 115,198 "8";
9 1 0 78,181 "9";
10 2 0 33,116 "10";
11 2 0 70,164 "11";
12 0 0 66,142 "12";
13 0 1 8,61 "13";
14 2 0 74,183 "14";
15 0 0 122,210 "15";
16 0 1 24,138 "16";
17 0 0 43,156 "17";
18 0 0 39,131 "18";
19 2 0 95,211 "19";
20 2 1 50,152 "20";
21 2 0 170,191 "21";
22 2 0 47,88 "22";
23 1 0 77,119 "23";
24 0 1 138,195 "24";
25 0 1 58,131 "25";
26 0 0 70,213 "26";
27 0 0 88,123 "27";
28 2 0 129,170 "28";
29 0 0 85,157 "29";
30 1 1 168,186 "30";
31 0 0 15,140 "31";
32 1 1 59,214 "32";
33 2 1 30,169 "33";
34 1 0 75,200 "34";
35 1 0 176,206 "35";
36 0 1 6,201 "36";
37 2 1 132,187 "37";
38 1 0 100,138 "38";
39 2 1 42,114 "39";
40 2 0 184,212 "40";
41 0 0 86,126 "41";
42 0 0 199,216 "42";
43 1 0 171,181 "43";
44 1 0 39,209 "44";
45 2 0 135,195 "45";
46 2 1 168,170 "46";
47 1 1 45,211 "47";
48 0 1 80,113 "48";
49 1 1 52,123 "49";
50 2 0 66,103 "50";
51 2 1 100,160 "51";
52 1 1 28,159 "52";
53 1 1 17,207 "53";
54 0 1 180,214 "54";
55 1 1 115,144 "55";
56 2 1 40,214 "56";
57 1 0 29,109 "57";
58 2 1 34,158 "58";
59 1 0 83,169 "59";
60 1 1 133,186 "60";
61 2 0 56,199 "61";
62 1 1 94,148 "62";
63 2 0 11,58 "63";
64 2 1 21,105 "64";
65 1 1 22,163 "65";
66 2 1 28,140 "66";
67 2 0 50,129 "67";
68 0 1 129,209 "68";
69 0 0 122,198 "69";
70 2 1 141,187 "70";
71 2 0 175,208 "71";
72 2 0 71,141 "72";
73 0 1 148,176 "73";
74 1 1 140,200 "74";
75 2 0 21,173 "75";
76 0 0 37,173 "76";
77 2 1 157,218 "77";
78 2 1 156,191 "78";
79 2 1 91,182 "79";
80 2 1 55,105 "80";
81 2 0 120,162 "81";
82 0 1 160,177 "82";
83 2 0 21,70 "83";
84 2 0 44,66 "84";
85 0 1 102,181 "85";
86 0 1 56,97 "86";
87 1 0 55,112 "87";
88 1 0 114,158 "88";
89 0 0 165,171 "89";
90 1 0 73,136 "90";
91 0 0 16,203 "91";
92 1 0 104,211 "92";
93 1 1 18,170 "93";
94 0 1 12,181 "94";
95 2 0 16,125 "95";
96 1 1 23,176 "96";
97 0 1 39,114 "97";
98 2 1 57,215 "98";
99 2 0 85,131 "99";
100 1 1 156,178 "100";
101 0 0 111,213 "101";
102 1 0 36,213 "102";
103 2 1 16,105 "103";
104 1 0 7,101 "104";
105 1 0 41,91 "105";
106 0 0 126,178 "106";
107 1 0 20,166 "107";
108 2 0 75,148 "108";
109 1 0 11,111 "109";
110 2 1 140,157 "110";
111 1 1 75,219 "111";
112 1 1 62,171 "112";
113 0 0 158,187 "113";
114 0 0 31,120 "114";
115 2 1 70,174 "115";
116 0 1 7,28 "116";
117 0 1 112,202 "117";
118 1 1 36,81 "118";
119 1 1 14,43 "119";
120 1 1 130,149 "120";
121 1 1 72,94 "121";
122 2 0 10,180 "122";
123 0 1 63,120 "123";
124 1 0 19,176 "124";
125 1 0 19,219 "125";
126 1 0 24,173 "126";
127 2 0 20,54 "127";
128 0 1 162,212 "128";
129 2 0 156,164 "129";
130 0 0 171,187 "130";
131 1 0 102,154 "131";
132 0 0 82,118 "132";
133 0 1 163,200 "133";
134 2 1 6,140 "134";
135 1 1 12,183 "135";
136 1 0 62,140 "136";
137 0 0 59,86 "137";
138 0 1 83,136 "138";
139 1 1 149,156 "139";
140 2 0 29,138 "140";
141 0 1 65,184 "141";
142 0 0 118,215 "142";
143 1 1 157,173 "143";
144 1 0 17,30 "144";
145 0 1 59,109 "145";
146 2 0 54,159 "146";
147 2 0 161,205 "147";
148 2 0 54,114 "148";
149 1 1 42,47 "149";
150 2 0 137,197 "150";
151 0 0 42,157 "151";
152 0 1 31,76 "152";
153 0 1 21,61 "153";
154 0 1 51,79 "154";
155 0 0 63,152 "155";
156 1 0 50,86 "156";
157 2 0 128,211 "157";
158 1 1 34,190 "158";
159 2 0 29,125 "159";
160 1 0 66,121 "160";
161 0 1 46,71 "161";
162 2 1 1,47 "162";
163 1 0 21,205 "163";
164 2 1 48,156 "164";
165 2 0 53,130 "165";
166 0 0 68,130 "166";
167 1 0 85,181 "167";
168 1 0 128,165 "168";
169 1 0 30,211 "169";
170 1 0 116,186 "170";
171 1 1 90,128 "171";
172 1 0 92,165 "172";
173 1 0 7,157 "173";
174 2 0 113,154 "174";
175 2 0 23,33 "175";
176 1 0 78,201 "176";
177 1 1 1,142 "177";
178 1 0 138,205 "178";
179 2 1 101,103 "179";
180 0 1 98,203 "180";
181 2 0 34,162 "181";
182 2 0 56,207 "182";
183 2 1 15,111 "183";
184 2 1 145,179 "184";
185 0 0 45,169 "185";
186 2 0 15,22 "186";
187 1 1 101,189 "187";
188 2 0 16,58 "188";
189 0 1 57,96 "189";
190 1 0 16,75 "190";
191 1 1 41,144 "191";
192 2 1 126,183 "192";
193 1 1 20,89 "193";
194 2 0 136,205 "194";
195 1 0 107,204 "195";
196 2 0 16,198 "196";
197 2 1 10,110 "197";
198 1 1 95,158 "198";
199 2 0 14,32 "199";
200 2 0 52,186 "200";
201 2 0 77,102 "201";
202 1 1 159,170 "202";
203 1 1 17,28 "203";
204 2 0 48,200 "204";
205 0 1 18,172 "205";
206 0 1 190,210 "206";
207 1 1 33,189 "207";
208 2 0 179,218 "208";
209 0 0 66,210 "209";
210 1 1 16,80 "210";
211 0 1 36,158 "211";
212 0 0 49,114 "212";
213 1 0 129,172 "213";
214 0 0 161,198 "214";
215 2 0 50,190 "215";
216 2 0 141,204 "216";
217 1 0 26,203 "217";
218 2 0 37,147 "218";
219 1 1 84,87 "219";
