parity 269;
0 1 1 34,38 "0";
1 2 0 189,200 "1";
2 0 0 255,258 "2";
3 1 0 131,210 "3";
4 0 0 24,137 "4";
5 1 1 7,73 "5";
6 0 1 13,232 "6";
7 1 0 40,121 "7";
8 2 0 40,41 "8";
9 2 1 125,160 "9";
10 0 0 212,234 "10";
11 2 0 21,44 "11";
12 2 0 161,247 "12";
13 1 1 104,203 "13";
14 2 1 156,168 "14";
15 2 0 87,203 "15";
16 0 0 170,213 "16";
17 1 1 33,50 "17";
18 1 0 4,123 "18";
19 1 1 12,52 "19";
20 2 0 23,44 "20";
21 0 1 81,207 "21";
22 2 1 120,193 "22";
23 1 0 117,165 "23";
24 0 1 22,56 "24";
25 1 1 15,169 "25";
26 1 0 68,153 "26";
27 2 1 200,265 "27";
28 0 0 132,208 "28";
29 1 0 76,184 "29";
30 2 1 73,156 "30";
31 1 1 189,215 "31";
32 0 0 4,130 "32";
33 0 0 115,143 "33";
34 0 1 55,180 "34";
35 1 0 152,238 "35";
36 2 1 230,252 "36";
37 0 1 72,98 "37";
38 2 1 60,73 "38";
39 1 0 4,144 "39";
40 0 0 84,255 "40";
41 2 1 132,226 "41";
42 2 0 59,197 "42";
43 2 1 101,233 "43";
44 2 1 94,145 "44";
45 0 1 20,106 "45";
46 2 1 29,229 "46";
47 0 0 94,241 "47";
48 2 0 37,161 "48";
49 0 1 22,43 "49";
50 0 1 148,175 "50";
51 0 0 5,198 "51";
52 1 0 89,162 "52";
53 0 1 49,76 "53";
54 1 0 136,169 "54";
55 0 1 43,184 "55";
56 2 0 9,162 "56";
57 2 0 96,157 "57";
58 2 0 161,183 "58";
59 1 0 20,264 "59";
60 0 0 66,243 "60";
61 2 0 218,239 "61";
62 1 1 153,167 "62";
63 1 1 124,165 "63";
64 0 0 26,236 "64";
65 1 0 96,201 "65";
66 2 0 99,194 "66";
67 2 1 101,136 "67";
68 1 1 39,162 "68";
69 0 1 36,118 "69";
70 0 0 197,261 "70";
71 0 1 157,174 "71";
72 1 0 67,195 "72";
73 2 1 164,175 "73";
74 1 0 55,186 "74";
75 2 0 86,260 "75";
76 1 0 67,88 "76";
77 0 0 75,82 "77";
78 0 0 59,130 "78";
79 1 0 111,128 "79";
80 1 0 154,222 "80";
81 0 0 41,191 "81";
82 0 1 227,241 "82";
83 1 0 118,144 "83";
84 2 0 67,211 "84";
85 2 0 15,91 "85";
86 2 0 116,145 "86";
87 1 1 0,129 "87";
88 2 1 193,216 "88";
89 0 0 54,178 "89";
90 1 1 178,244 "90";
91 0 1 144,159 "91";
92 1 1 36,183 "92";
93 1 0 218,241 "93";
94 2 0 126,244 "94";
95 0 0 82,265 "95";
96 1 1 63,246 "96";
97 2 1 32,166 "97";
98 0 1 157,218 "98";
99 2 0 132,165 "99";
100 2 0 123,211 "100";
101 1 0 55,169 "101";
102 2 0 120,180 "102";
103 1 1 201,207 "103";
104 0 0 5,36 "104";
105 0 1 13,123 "105";
106 2 1 25,165 "106";
107 0 0 26,47 "107";
108 1 0 119,232 "108";
109 1 1 6,155 "109";
110 1 1 76,201 "110";
111 0 1 62,269 "111";
112 1 1 204,240 "112";
113 1 0 28,74 "113";
114 1 1 91,164 "114";
115 2 1 41,173 "115";
116 2 1 121,162 "116";
117 1 1 126,202 "117";
118 0 0 75,231 "118";
119 2 1 117,148 "119";
120 0 1 4,154 "120";
121 1 0 231,249 "121";
122 2 1 104,132 "122";
123 2 1 95,218 "123";
124 0 1 149,228 "124";
125 2 1 18,189 "125";
126 2 1 45,217 "126";
127 0 0 48,260 "127";
128 2 1 36,76 "128";
129 0 1 48,86 "129";
130 1 1 12,256 "130";
131 1 0 170,172 "131";
132 2 1 84,103 "132";
133 2 1 86,256 "133";
134 2 1 171,207 "134";
135 2 0 19,105 "135";
136 0 1 174,229 "136";
137 0 1 215,229 "137";
138 2 0 116,252 "138";
139 1 1 6,200 "139";
140 0 1 22,161 "140";
141 2 1 31,220 "141";
142 1 1 108,130 "142";
143 2 1 110,239 "143";
144 1 1 52,204 "144";
145 1 1 84,90 "145";
146 2 0 65,265 "146";
147 1 0 31,110 "147";
148 0 0 124,232 "148";
149 0 1 92,124 "149";
150 2 1 98,252 "150";
151 1 1 19,120 "151";
152 0 0 96,105 "152";
153 2 0 146,254 "153";
154 1 1 38,94 "154";
155 1 1 57,187 "155";
156 1 1 90,126 "156";
157 2 1 22,230 "157";
158 1 0 113,136 "158";
159 0 0 122,263 "159";
160 2 0 116,131 "160";
161 0 0 75,77 "161";
162 1 1 52,199 "162";
163 2 0 174,234 "163";
164 0 1 167,169 "164";
165 2 1 140,264 "165";
166 0 1 31,82 "166";
167 0 0 74,249 "167";
168 1 1 157,221 "168";
169 2 0 40,188 "169";
170 2 1 20,267 "170";
171 0 0 37,180 "171";
172 0 1 56,107 "172";
173 0 1 31,97 "173";
174 2 1 58,122 "174";
175 0 1 202,263 "175";
176 1 1 167,181 "176";
177 1 1 26,45 "177";
178 2 0 99,131 "178";
179 0 0 138,225 "179";
180 0 1 98,141 "180";
181 0 0 129,130 "181";
182 1 1 126,267 "182";
183 0 1 58,199 "183";
184 0 1 130,170 "184";
185 2 0 167,244 "185";
186 1 1 133,241 "186";
187 2 0 28,147 "187";
188 2 0 98,153 "188";
189 0 0 12,237 "189";
190 0 0 32,261 "190";
191 0 0 144,250 "191";
192 1 1 100,181 "192";
193 2 1 30,144 "193";
194 0 1 64,71 "194";
195 1 0 50,162 "195";
196 1 0 122,159 "196";
197 2 1 0,186 "197";
198 0 0 63,117 "198";
199 2 1 182,197 "199";
200 1 0 37,143 "200";
201 1 0 193,249 "201";
202 1 0 102,118 "202";
203 1 0 8,72 "203";
204 0 1 71,208 "204";
205 1 1 148,262 "205";
206 1 1 130,193 "206";
207 1 1 137,181 "207";
208 1 1 158,212 "208";
209 1 0 82,96 "209";
210 0 1 140,162 "210";
211 2 0 58,94 "211";
212 1 0 55,118 "212";
213 1 1 130,191 "213";
214 2 0 50,75 "214";
215 0 0 59,197 "215";
216 1 0 40,165 "216";
217 1 0 158,228 "217";
218 0 0 129,163 "218";
219 0 1 72,104 "219";
220 0 0 45,54 "220";
221 0 1 128,252 "221";
222 0 0 134,259 "222";
223 2 0 0,14 "223";
224 1 1 51,262 "224";
225 0 0 42,178 "225";
226 2 1 149,182 "226";
227 1 0 45,199 "227";
228 0 1 24,164 "228";
229 0 1 80,163 "229";
230 2 0 64,206 "230";
231 2 1 3,163 "231";
232 2 0 41,180 "232";
233 1 0 158,211 "233";
234 2 0 84,123 "234";
235 1 1 39,110 "235";
236 1 0 22,243 "236";
237 0 0 43,52 "237";
238 1 1 17,169 "238";
239 2 1 81,91 "239";
240 0 1 16,57 "240";
241 0 1 62,174 "241";
242 2 1 5,153 "242";
243 0 1 92,187 "243";
244 0 1 18,252 "244";
245 0 0 134,166 "245";
246 2 1 3,44 "246";
247 2 1 26,262 "247";
248 2 0 8,49 "248";
249 2 1 203,251 "249";
250 1 1 72,214 "250";
251 2 0 150,154 "251";
252 0 0 6,125 "252";
253 1 1 142,179 "253";
254 2 1 8,157 "254";
255 1 0 150,269 "255";
256 0 0 18,51 "256";
257 2 1 9,157 "257";
258 2 1 58,268 "258";
259 0 0 98,208 "259";
260 1 1 91,220 "260";
261 2 0 94,223 "261";
262 2 0 108,143 "262";
263 0 0 41,211 "263";
264 1 1 144,252 "264";
265 1 1 82,216 "265";
266 0 1 215,219 "266";
267 0 0 20,121 "267";
268 0 1 206,231 "268";
269 0 0 28,209 "269";
