parity 289;
0 1 0 96,183 "0";
1 2 0 123,141 "1";
2 1 1 56,186 "2";
3 0 1 137,223 "3";
4 0 1 48,108 "4";
5 1 1 52,114 "5";
6 0 1 44,277 "6";
7 1 0 78,89 "7";
8 0 1 209,272 "8";
9 0 1 90,196 "9";
10 1 0 53,170 "10";
11 2 0 233,249 "11";
12 1 1 9,64 "12";
13 1 0 71,199 "13";
14 1 1 78,169 "14";
15 0 1 20,74 "15";
16 0 1 177,218 "16";
17 1 1 2,29 "17";
18 1 0 33,121 "18";
19 1 0 24,54 "19";
20 0 0 69,75 "20";
21 0 0 7,11 "21";
22 0 0 91,122 "22";
23 0 1 90,228 "23";
24 0 0 215,254 "24";
25 0 1 101,225 "25";
26 0 0 41,142 "26";
27 2 0 135,164 "27";
28 0 1 3,30 "28";
29 2 1 4,196 "29";
30 1 0 262,268 "30";
31 2 0 8,64 "31";
32 2 0 48,172 "32";
33 0 0 62,192 "33";
34 1 1 28,66 "34";
35 0 0 165,258 "35";
36 1 1 9,79 "36";
37 2 0 160,204 "37";
38 2 1 45,243 "38";
39 1 1 25,247 "39";
40 0 1 165,260 "40";
41 0 0 79,206 "41";
42 0 1 21,72 "42";
43 2 0 125,208 "43";
44 0 0 9,81 "44";
45 2 0 264,275 "45";
46 1 0 133,150 "46";
47 0 1 199,215 "47";
48 1 1 209,233 "48";
49 0 1 169,203 "49";
50 1 0 34,257 "50";
51 0 0 170,181 "51";
52 1 0 161,228 "52";
53 0 0 220,281 "53";
54 2 0 55,87 "54";
55 2 0 49,282 "55";
56 1 0 68,178 "56";
57 1 1 122,249 "57";
58 1 1 21,95 "58";
59 2 0 172,201 "59";
60 1 0 103,160 "60";
61 0 0 19,57 "61";
62 2 0 55,174 "62";
63 2 1 66,285 "63";
64 1 1 24,38 "64";
65 1 1 257,274 "65";
66 1 0 30,152 "66";
67 0 1 182,234 "67";
68 0 1 149,240 "68";
69 0 0 22,86 "69";
70 2 0 7,174 "70";
71 2 0 79,134 "71";
72 1 0 44,107 "72";
73 0 0 6,66 "73";
74 1 1 23,145 "74";
75 2 1 44,168 "75";
76 0 1 108,201 "76";
77 1 0 163,189 "77";
78 0 0 154,214 "78";
79 2 0 59,182 "79";
80 2 1 45,263 "80";
81 0 0 50,105 "81";
82 2 1 54,187 "82";
83 2 0 4,61 "83";
84 0 0 94,156 "84";
85 1 1 137,204 "85";
86 1 0 3,243 "86";
87 0 1 14,214 "87";
88 2 1 217,288 "88";
89 2 0 164,274 "89";
90 2 0 101,275 "90";
91 1 1 105,183 "91";
92 1 1 192,279 "92";
93 0 1 45,255 "93";
94 1 0 31,228 "94";
95 1 0 29,167 "95";
96 0 0 40,240 "96";
97 1 1 57,144 "97";
98 1 0 142,155 "98";
99 1 0 118,174 "99";
100 0 0 240,277 "100";
101 1 1 76,87 "101";
102 2 1 158,185 "102";
103 1 0 67,217 "103";
104 1 0 199,208 "104";
105 0 1 89,112 "105";
106 2 1 25,242 "106";
107 2 0 197,252 "107";
108 0 0 29,178 "108";
109 1 1 4,228 "109";
110 2 0 189,261 "110";
111 0 0 90,266 "111";
112 1 1 94,113 "112";
113 2 1 1,230 "113";
114 2 0 96,265 "114";
115 0 0 72,241 "115";
116 1 0 235,261 "116";
117 1 1 9,268 "117";
118 1 1 247,282 "118";
119 1 1 52,138 "119";
120 2 1 213,269 "120";
121 2 0 147,149 "121";
122 1 0 172,196 "122";
123 1 1 50,121 "123";
124 2 1 151,249 "124";
125 1 0 151,234 "125";
126 1 1 60,286 "126";
127 0 0 19,30 "127";
128 0 0 40,109 "128";
129 2 1 42,95 "129";
130 1 0 139,183 "130";
131 0 1 65,166 "131";
132 1 0 48,208 "132";
133 1 1 5,192 "133";
134 0 1 36,97 "134";
135 1 1 55,279 "135";
136 1 0 51,62 "136";
137 2 0 96,258 "137";
138 0 0 77,129 "138";
139 1 0 113,138 "139";
140 2 1 14,37 "140";
141 1 1 52,195 "141";
142 1 0 17,117 "142";
143 1 0 74,176 "143";
144 0 0 210,256 "144";
145 1 0 27,171 "145";
146 2 1 25,197 "146";
147 1 1 49,282 "147";
148 1 0 62,114 "148";
149 0 0 24,88 "149";
150 0 0 200,260 "150";
151 1 0 41,45 "151";
152 0 0 36,115 "152";
153 2 1 44,71 "153";
154 0 1 130,174 "154";
155 1 1 126,280 "155";
156 0 0 16,32 "156";
157 1 0 5,166 "157";
158 1 1 164,223 "158";
159 1 0 25,185 "159";
160 2 0 153,288 "160";
161 0 0 32,188 "161";
162 0 0 8,284 "162";
163 2 1 136,203 "163";
164 0 0 31,203 "164";
165 0 0 198,265 "165";
166 0 0 5,214 "166";
167 0 0 44,204 "167";
168 1 0 243,289 "168";
169 1 1 76,153 "169";
170 2 1 61,151 "170";
171 0 1 78,129 "171";
172 2 0 37,173 "172";
173 1 0 52,68 "173";
174 1 0 26,268 "174";
175 1 0 65,155 "175";
176 1 0 195,211 "176";
177 2 0 2,261 "177";
178 2 1 85,268 "178";
179 1 0 2,178 "179";
180 1 1 278,280 "180";
181 0 0 241,264 "181";
182 0 1 9,275 "182";
183 0 0 233,264 "183";
184 2 1 244,256 "184";
185 0 0 192,205 "185";
186 2 0 85,280 "186";
187 2 0 168,226 "187";
188 1 1 11,158 "188";
189 0 1 138,285 "189";
190 2 0 106,247 "190";
191 1 0 148,182 "191";
192 2 0 122,263 "192";
193 1 1 208,211 "193";
194 0 1 67,102 "194";
195 1 0 40,109 "195";
196 0 1 21,51 "196";
197 1 1 83,139 "197";
198 2 1 104,228 "198";
199 2 0 82,155 "199";
200 2 0 62,127 "200";
201 0 0 65,169 "201";
202 2 1 232,249 "202";
203 2 0 56,246 "203";
204 1 1 130,251 "204";
205 2 1 48,184 "205";
206 2 0 96,103 "206";
207 1 0 62,126 "207";
208 0 0 33,192 "208";
209 1 1 118,285 "209";
210 1 1 12,222 "210";
211 1 1 46,111 "211";
212 1 0 97,256 "212";
213 1 0 11,231 "213";
214 2 1 74,249 "214";
215 2 1 89,246 "215";
216 1 1 131,209 "216";
217 1 0 102,149 "217";
218 0 1 15,92 "218";
219 0 1 9,270 "219";
220 0 0 192,212 "220";
221 0 1 21,139 "221";
222 2 0 30,205 "222";
223 0 0 135,162 "223";
224 0 1 180,184 "224";
225 1 1 112,193 "225";
226 1 1 76,104 "226";
227 2 0 141,206 "227";
228 2 0 13,65 "228";
229 1 0 10,254 "229";
230 1 1 163,250 "230";
231 2 0 16,242 "231";
232 2 0 33,169 "232";
233 2 1 11,172 "233";
234 1 0 124,149 "234";
235 2 1 126,191 "235";
236 1 0 88,201 "236";
237 2 1 212,281 "237";
238 2 1 21,248 "238";
239 2 1 11,28 "239";
240 0 0 24,41 "240";
241 1 1 1,119 "241";
242 0 0 6,217 "242";
243 2 1 181,287 "243";
244 1 0 65,171 "244";
245 2 1 175,187 "245";
246 2 1 166,185 "246";
247 1 1 206,276 "247";
248 1 1 17,287 "248";
249 1 0 18,239 "249";
250 0 0 117,119 "250";
251 1 1 137,211 "251";
252 1 1 90,186 "252";
253 0 0 9,203 "253";
254 1 0 124,199 "254";
255 1 0 15,236 "255";
256 2 0 86,230 "256";
257 0 1 222,240 "257";
258 1 0 89,233 "258";
259 2 1 6,248 "259";
260 2 0 78,183 "260";
261 2 1 0,286 "261";
262 0 0 36,233 "262";
263 1 0 55,113 "263";
264 0 0 120,228 "264";
265 2 0 93,209 "265";
266 1 0 133,275 "266";
267 0 0 35,226 "267";
268 1 1 158,212 "268";
269 0 1 201,282 "269";
270 0 0 41,63 "270";
271 0 1 85,288 "271";
272 2 0 209,218 "272";
273 2 1 203,270 "273";
274 0 1 149,215 "274";
275 2 0 39,141 "275";
276 2 0 70,151 "276";
277 0 0 184,219 "277";
278 0 1 90,127 "278";
279 2 0 192,237 "279";
280 2 0 206,222 "280";
281 2 0 101,272 "281";
282 2 1 65,85 "282";
283 1 0 105,130 "283";
284 0 1 41,63 "284";
285 2 1 33,153 "285";
286 0 0 9,203 "286";
287 1 1 275,278 "287";
288 0 0 147,220 "288";
289 0 0 219,232 "289";
