parity 204;
0 2 0 73,124 "0";
1 0 1 26,139 "1";
2 0 1 83,180 "2";
3 2 1 13,33 "3";
4 2 1 28,106 "4";
5 1 0 42,51 "5";
6 0 0 68,140 "6";
7 0 0 24,199 "7";
8 0 1 42,113 "8";
9 2 0 61,91 "9";
10 2 1 32,76 "10";
11 0 0 172,181 "11";
12 1 1 48,177 "12";
13 2 0 24,83 "13";
14 2 0 23,43 "14";
15 2 0 41,46 "15";
16 2 1 82,117 "16";
17 1 0 23,199 "17";
18 1 1 20,126 "18";
19 2 0 148,150 "19";
20 2 0 10,132 "20";
21 1 0 72,118 "21";
22 0 1 31,134 "22";
23 2 1 96,199 "23";
24 1 0 101,146 "24";
25 1 1 95,172 "25";
26 2 0 55,192 "26";
27 0 1 11,30 "27";
28 2 0 13,25 "28";
29 2 0 16,91 "29";
30 1 0 89,189 "30";
31 1 1 21,91 "31";
32 0 0 59,137 "32";
33 1 0 143,145 "33";
34 1 0 91,131 "34";
35 1 1 70,127 "35";
36 1 0 120,156 "36";
37 2 1 5,24 "37";
38 2 0 44,85 "38";
39 0 0 47,180 "39";
40 2 0 25,27 "40";
41 2 0 10,56 "41";
42 1 1 11,21 "42";
43 2 0 23,148 "43";
44 1 0 82,108 "44";
45 2 0 149,175 "45";
46 2 1 96,162 "46";
47 1 0 39,90 "47";
48 2 0 34,70 "48";
49 1 1 125,151 "49";
50 2 1 97,129 "50";
51 1 1 0,200 "51";
52 1 1 50,94 "52";
53 2 0 60,134 "53";
54 0 1 11,133 "54";
55 0 0 111,195 "55";
56 2 1 125,191 "56";
57 0 0 105,180 "57";
58 0 0 181,199 "58";
59 1 1 46,159 "59";
60 2 0 68,79 "60";
61 2 1 193,202 "61";
62 0 1 85,186 "62";
63 2 0 155,200 "63";
64 0 0 53,118 "64";
65 0 0 144,170 "65";
66 0 0 178,190 "66";
67 2 1 160,198 "67";
68 0 1 143,154 "68";
69 2 1 55,75 "69";
70 1 1 116,164 "70";
71 1 0 23,102 "71";
72 1 1 65,169 "72";
73 0 1 25,142 "73";
74 1 0 58,188 "74";
75 0 1 6,88 "75";
76 1 0 70,165 "76";
77 1 0 29,82 "77";
78 1 0 88,162 "78";
79 0 0 114,169 "79";
80 2 1 114,154 "80";
81 1 1 45,160 "81";
82 2 0 162,172 "82";
83 1 0 95,190 "83";
84 2 1 108,181 "84";
85 0 1 81,98 "85";
86 0 1 117,160 "86";
87 2 1 182,203 "87";
88 0 0 122,158 "88";
89 1 0 25,152 "89";
90 0 1 1,24 "90";
91 1 1 74,203 "91";
92 1 1 41,128 "92";
93 1 0 28,185 "93";
94 1 1 71,132 "94";
95 1 0 138,180 "95";
96 2 0 10,182 "96";
97 2 0 36,153 "97";
98 2 1 125,204 "98";
99 0 1 23,186 "99";
100 2 0 5,181 "100";
101 1 1 123,203 "101";
102 1 1 30,169 "102";
103 2 1 72,104 "103";
104 2 0 111,163 "104";
105 0 1 115,155 "105";
106 1 1 143,181 "106";
107 0 1 81,100 "107";
108 1 0 66,186 "108";
109 0 0 23,171 "109";
110 2 1 113,144 "110";
111 1 1 174,198 "111";
112 2 1 42,58 "112";
113 2 0 96,130 "113";
114 2 1 53,159 "114";
115 1 1 70,77 "115";
116 1 0 62,202 "116";
117 1 0 136,151 "117";
118 2 0 21,33 "118";
119 1 1 15,164 "119";
120 2 0 52,61 "120";
121 0 0 9,192 "121";
122 2 1 11,172 "122";
123 2 1 86,107 "123";
124 1 0 40,109 "124";
125 2 0 52,69 "125";
126 2 1 8,87 "126";
127 1 1 19,134 "127";
128 0 0 26,119 "128";
129 0 0 117,128 "129";
130 1 0 86,152 "130";
131 2 1 83,197 "131";
132 1 1 49,180 "132";
133 1 0 180,191 "133";
134 1 1 1,74 "134";
135 0 0 83,159 "135";
136 0 1 34,175 "136";
137 0 0 82,92 "137";
138 2 1 35,62 "138";
139 2 1 2,13 "139";
140 2 1 57,202 "140";
141 1 0 113,136 "141";
142 1 0 166,188 "142";
143 1 1 140,150 "143";
144 1 0 96,105 "144";
145 2 0 13,49 "145";
146 1 1 11,48 "146";
147 1 1 98,171 "147";
148 2 0 74,176 "148";
149 1 1 69,90 "149";
150 1 1 28,183 "150";
151 2 0 70,129 "151";
152 0 0 40,70 "152";
153 2 0 60,193 "153";
154 2 0 111,142 "154";
155 0 1 37,54 "155";
156 2 0 8,125 "156";
157 0 1 1,166 "157";
158 2 0 83,119 "158";
159 1 1 36,63 "159";
160 2 0 16,28 "160";
161 1 0 74,99 "161";
162 2 0 16,60 "162";
163 2 0 22,42 "163";
164 0 0 23,51 "164";
165 0 0 2,28 "165";
166 0 1 69,151 "166";
167 0 1 78,133 "167";
168 2 1 20,87 "168";
169 2 0 128,141 "169";
170 2 0 47,113 "170";
171 0 0 29,190 "171";
172 2 0 24,46 "172";
173 1 0 84,149 "173";
174 2 0 7,98 "174";
175 0 1 31,100 "175";
176 2 1 74,166 "176";
177 2 1 54,172 "177";
178 0 0 59,103 "178";
179 0 1 188,196 "179";
180 2 0 117,121 "180";
181 1 0 91,102 "181";
182 1 0 74,130 "182";
183 2 1 13,74 "183";
184 1 1 4,148 "184";
185 0 0 55,203 "185";
186 2 1 6,152 "186";
187 2 1 102,176 "187";
188 0 0 63,90 "188";
189 1 1 55,135 "189";
190 2 1 11,116 "190";
191 2 0 52,182 "191";
192 2 0 87,181 "192";
193 0 0 56,179 "193";
194 0 1 113,186 "194";
195 2 0 18,160 "195";
196 0 0 18,198 "196";
197 2 0 9,48 "197";
198 0 1 5,60 "198";
199 2 0 121,178 "199";
200 0 1 133,169 "200";
201 1 1 128,171 "201";
202 0 1 70,203 "202";
203 2 1 24,43 "203";
204 2 1 61,170 "204";
