parity 229;
0 1 0 99,146 "0";
1 0 1 105,133 "1";
2 0 0 188,223 "2";
3 0 0 14,68 "3";
4 0 0 126,205 "4";
5 2 0 13,104 "5";
6 2 0 91,168 "6";
7 0 0 46,155 "7";
8 0 0 28,133 "8";
9 0 0 145,155 "9";
10 2 0 11,60 "10";
11 2 0 159,166 "11";
12 0 1 41,204 "12";
13 1 1 147,200 "13";
14 1 1 53,154 "14";
15 1 0 28,52 "15";
16 2 0 121,132 "16";
17 2 0 97,130 "17";
18 2 0 86,222 "18";
19 1 0 197,227 "19";
20 1 0 180,198 "20";
21 0 0 94,132 "21";
22 0 0 57,68 "22";
23 0 1 103,184 "23";
24 1 0 119,140 "24";
25 2 0 116,122 "25";
26 0 0 9,132 "26";
27 1 1 31,41 "27";
28 1 0 161,222 "28";
29 0 0 40,49 "29";
30 0 0 124,157 "30";
31 2 0 85,93 "31";
32 0 1 182,225 "32";
33 1 0 106,193 "33";
34 1 1 5,104 "34";
35 2 1 170,195 "35";
36 0 1 56,147 "36";
37 2 1 73,95 "37";
38 2 0 80,213 "38";
39 0 1 69,125 "39";
40 2 0 51,54 "40";
41 0 1 28,74 "41";
42 2 1 16,135 "42";
43 1 0 76,225 "43";
44 0 1 31,194 "44";
45 1 0 66,172 "45";
46 0 1 23,196 "46";
47 1 1 84,100 "47";
48 2 1 3,7 "48";
49 0 1 53,208 "49";
50 0 1 155,164 "50";
51 2 0 118,160 "51";
52 2 0 38,103 "52";
53 2 0 76,124 "53";
54 2 0 87,153 "54";
55 1 1 16,97 "55";
56 0 0 113,123 "56";
57 0 0 39,191 "57";
58 1 1 60,194 "58";
59 0 1 90,161 "59";
60 1 1 138,175 "60";
61 0 1 29,169 "61";
62 0 0 18,207 "62";
63 2 1 86,173 "63";
64 0 0 10,183 "64";
65 0 1 25,142 "65";
66 1 0 71,199 "66";
67 2 1 51,146 "67";
68 0 0 98,168 "68";
69 0 0 53,137 "69";
70 1 0 50,109 "70";
71 0 0 12,50 "71";
72 2 0 43,101 "72";
73 0 1 7,164 "73";
74 2 1 45,184 "74";
75 2 1 6,210 "75";
76 1 0 26,85 "76";
77 1 1 138,211 "77";
78 0 0 31,104 "78";
79 2 0 156,183 "79";
80 0 0 146,190 "80";
81 2 0 88,212 "81";
82 2 1 4,76 "82";
83 1 1 8,180 "83";
84 0 1 170,195 "84";
85 2 0 116,119 "85";
86 2 1 32,153 "86";
87 2 1 65,129 "87";
88 0 0 99,215 "88";
89 0 0 60,73 "89";
90 1 1 33,132 "90";
91 0 1 75,143 "91";
92 1 1 84,121 "92";
93 0 0 82,212 "93";
94 2 0 115,193 "94";
95 0 1 43,46 "95";
96 2 0 139,152 "96";
97 1 0 72,118 "97";
98 0 0 19,151 "98";
99 1 0 75,191 "99";
100 1 0 23,125 "100";
101 1 0 74,175 "101";
102 0 1 72,223 "102";
103 0 1 15,133 "103";
104 2 1 1,134 "104";
105 0 1 75,111 "105";
106 1 0 169,178 "106";
107 1 1 4,192 "107";
108 0 1 153,184 "108";
109 0 1 60,149 "109";
110 0 1 71,209 "110";
111 0 1 141,185 "111";
112 1 0 34,131 "112";
113 2 1 159,193 "113";
114 1 1 206,212 "114";
115 1 1 157,172 "115";
116 1 0 50,148 "116";
117 1 0 132,152 "117";
118 0 0 46,110 "118";
119 1 0 82,91 "119";
120 1 0 50,106 "120";
121 2 1 27,159 "121";
122 0 1 119,192 "122";
123 1 1 30,52 "123";
124 0 1 50,73 "124";
125 1 1 59,181 "125";
126 1 1 33,183 "126";
127 1 1 101,175 "127";
128 0 0 30,200 "128";
129 0 1 84,192 "129";
130 0 0 141,169 "130";
131 0 1 1,120 "131";
132 2 0 116,119 "132";
133 1 0 71,180 "133";
134 1 1 27,30 "134";
135 1 1 34,39 "135";
136 0 1 6,53 "136";
137 0 0 27,154 "137";
138 1 1 69,125 "138";
139 0 1 122,210 "139";
140 0 0 119,194 "140";
141 1 0 70,180 "141";
142 2 1 61,83 "142";
143 2 0 3,147 "143";
144 0 1 196,227 "144";
145 0 1 40,153 "145";
146 1 0 6,130 "146";
147 2 1 25,77 "147";
148 1 1 6,94 "148";
149 0 0 21,81 "149";
150 0 0 200,207 "150";
151 1 1 168,169 "151";
152 1 0 21,88 "152";
153 2 1 86,155 "153";
154 0 0 18,122 "154";
155 2 1 61,218 "155";
156 2 0 93,123 "156";
157 1 1 0,175 "157";
158 1 0 105,154 "158";
159 0 1 125,169 "159";
160 0 0 202,210 "160";
161 1 0 46,61 "161";
162 2 1 32,68 "162";
163 2 1 95,116 "163";
164 1 0 19,24 "164";
165 2 1 102,144 "165";
166 2 0 129,206 "166";
167 0 0 35,192 "167";
168 2 1 20,150 "168";
169 2 1 221,224 "169";
170 2 0 199,226 "170";
171 2 1 83,205 "171";
172 2 0 80,185 "172";
173 1 1 75,111 "173";
174 0 1 16,64 "174";
175 2 0 21,37 "175";
176 1 1 139,227 "176";
177 0 1 39,181 "177";
178 0 1 42,54 "178";
179 1 0 130,190 "179";
180 1 1 14,56 "180";
181 1 1 14,191 "181";
182 0 0 88,138 "182";
183 1 1 2,72 "183";
184 0 1 128,211 "184";
185 0 1 13,206 "185";
186 1 1 43,143 "186";
187 0 1 101,109 "187";
188 2 1 96,198 "188";
189 2 1 117,122 "189";
190 2 0 92,112 "190";
191 1 1 76,209 "191";
192 1 0 1,157 "192";
193 0 0 185,190 "193";
194 1 1 65,200 "194";
195 1 0 25,36 "195";
196 1 0 68,214 "196";
197 1 1 2,31 "197";
198 1 1 100,110 "198";
199 0 0 53,94 "199";
200 0 1 14,187 "200";
201 1 1 154,213 "201";
202 0 1 54,61 "202";
203 2 0 131,167 "203";
204 0 1 61,181 "204";
205 1 0 63,134 "205";
206 1 0 39,186 "206";
207 0 0 59,68 "207";
208 0 1 84,209 "208";
209 0 1 20,53 "209";
210 2 1 5,136 "210";
211 1 0 6,100 "211";
212 2 0 115,120 "212";
213 0 0 68,128 "213";
214 1 0 71,146 "214";
215 0 1 82,122 "215";
216 0 1 6,207 "216";
217 1 1 45,61 "217";
218 2 1 94,183 "218";
219 2 0 160,179 "219";
220 1 0 48,92 "220";
221 2 0 87,128 "221";
222 0 0 113,190 "222";
223 2 1 143,180 "223";
224 1 0 1,108 "224";
225 1 0 95,152 "225";
226 0 0 13,170 "226";
227 1 0 105,136 "227";
228 2 0 14,116 "228";
229 0 0 97,211 "229";
