parity 214;
0 0 1 156,159 "0";
1 2 0 87,207 "1";
2 0 0 111,201 "2";
3 0 1 0,71 "3";
4 1 0 48,192 "4";
5 2 0 178,180 "5";
6 0 1 68,195 "6";
7 0 0 175,204 "7";
8 2 1 138,191 "8";
9 2 1 93,113 "9";
10 1 1 62,109 "10";
11 0 0 60,122 "11";
12 1 1 60,104 "12";
13 2 1 155,190 "13";
14 1 1 47,197 "14";
15 0 1 70,78 "15";
16 0 0 19,27 "16";
17 2 0 40,143 "17";
18 1 1 24,65 "18";
19 0 0 131,202 "19";
20 2 1 69,95 "20";
21 0 1 41,94 "21";
22 1 0 48,73 "22";
23 0 1 110,211 "23";
24 2 1 82,213 "24";
25 2 0 34,174 "25";
26 1 1 47,156 "26";
27 1 1 36,189 "27";
28 1 0 10,112 "28";
29 1 1 182,197 "29";
30 0 1 9,122 "30";
31 2 1 53,154 "31";
32 2 1 156,161 "32";
33 1 0 83,99 "33";
34 0 1 62,121 "34";
35 2 0 103,175 "35";
36 0 1 43,199 "36";
37 1 0 2,109 "37";
38 2 0 134,194 "38";
39 1 0 117,167 "39";
40 0 1 29,132 "40";
41 1 1 8,82 "41";
42 2 1 159,185 "42";
43 0 1 45,159 "43";
44 0 0 62,113 "44";
45 1 0 167,195 "45";
46 0 1 135,143 "46";
47 1 1 28,174 "47";
48 0 1 78,91 "48";
49 2 1 56,179 "49";
50 2 1 14,98 "50";
51 1 0 105,140 "51";
52 0 1 1,8 "52";
53 1 1 19,188 "53";
54 0 1 50,157 "54";
55 0 0 23,26 "55";
56 2 1 19,200 "56";
57 2 1 67,160 "57";
58 1 0 89,175 "58";
59 0 0 5,93 "59";
60 0 0 14,177 "60";
61 2 1 5,161 "61";
62 0 0 124,212 "62";
63 1 1 40,70 "63";
64 0 1 55,184 "64";
65 2 0 33,45 "65";
66 1 0 130,202 "66";
67 1 0 157,205 "67";
68 0 1 80,187 "68";
69 1 1 16,130 "69";
70 0 0 97,183 "70";
71 2 0 118,182 "71";
72 0 0 22,77 "72";
73 1 1 189,203 "73";
74 2 1 106,149 "74";
75 0 1 144,195 "75";
76 1 0 1,121 "76";
77 2 1 13,26 "77";
78 1 1 21,136 "78";
79 0 1 100,175 "79";
80 2 1 0,144 "80";
81 1 0 26,93 "81";
82 0 1 31,88 "82";
83 0 1 9,94 "83";
84 2 0 33,211 "84";
85 1 0 33,64 "85";
86 1 1 172,195 "86";
87 0 1 34,94 "87";
88 2 0 44,169 "88";
89 2 0 136,180 "89";
90 0 0 116,120 "90";
91 1 1 7,207 "91";
92 0 0 91,108 "92";
93 0 0 121,192 "93";
94 2 1 75,86 "94";
95 2 0 88,176 "95";
96 2 0 15,61 "96";
97 0 1 2,111 "97";
98 1 1 92,195 "98";
99 1 1 2,145 "99";
100 2 0 120,139 "100";
101 0 0 99,205 "101";
102 1 0 130,209 "102";
103 2 1 8,18 "103";
104 0 0 9,38 "104";
105 0 0 64,88 "105";
106 1 1 7,108 "106";
107 2 0 68,89 "107";
108 2 0 12,21 "108";
109 1 1 9,54 "109";
110 1 0 136,182 "110";
111 0 0 27,185 "111";
112 1 0 5,67 "112";
113 2 0 4,146 "113";
114 0 0 37,170 "114";
115 2 0 73,186 "115";
116 0 1 9,85 "116";
117 2 1 24,158 "117";
118 1 1 135,196 "118";
119 2 0 24,66 "119";
120 2 1 178,190 "120";
121 1 1 138,164 "121";
122 0 0 177,210 "122";
123 1 0 29,168 "123";
124 1 0 53,108 "124";
125 2 1 13,185 "125";
126 0 1 151,161 "126";
127 1 0 55,169 "127";
128 0 1 100,153 "128";
129 1 1 103,211 "129";
130 1 1 118,146 "130";
131 1 0 23,192 "131";
132 1 0 99,166 "132";
133 1 1 130,171 "133";
134 0 0 129,130 "134";
135 2 0 119,138 "135";
136 1 1 111,115 "136";
137 2 1 157,184 "137";
138 1 0 6,169 "138";
139 0 1 16,145 "139";
140 0 0 125,134 "140";
141 1 1 124,165 "141";
142 1 0 88,206 "142";
143 1 1 165,173 "143";
144 0 1 134,208 "144";
145 2 0 75,183 "145";
146 2 1 27,40 "146";
147 0 1 25,51 "147";
148 2 0 82,131 "148";
149 2 0 45,87 "149";
150 1 0 145,152 "150";
151 2 1 185,202 "151";
152 0 1 36,192 "152";
153 2 0 47,161 "153";
154 1 0 49,205 "154";
155 2 1 141,162 "155";
156 0 1 113,133 "156";
157 2 0 98,133 "157";
158 0 0 5,185 "158";
159 0 1 27,29 "159";
160 1 0 3,136 "160";
161 0 1 90,202 "161";
162 0 0 3,29 "162";
163 1 1 20,199 "163";
164 2 1 62,176 "164";
165 2 1 17,88 "165";
166 2 1 56,73 "166";
167 1 0 90,113 "167";
168 1 1 135,156 "168";
169 1 1 22,205 "169";
170 0 1 90,198 "170";
171 1 1 9,193 "171";
172 1 0 165,173 "172";
173 0 0 118,182 "173";
174 2 1 48,182 "174";
175 1 1 178,198 "175";
176 0 0 0,107 "176";
177 1 1 50,58 "177";
178 2 1 70,214 "178";
179 1 1 102,209 "179";
180 1 1 3,80 "180";
181 1 1 156,177 "181";
182 0 0 8,25 "182";
183 2 1 131,155 "183";
184 2 1 117,178 "184";
185 1 1 116,165 "185";
186 0 0 200,209 "186";
187 2 0 65,107 "187";
188 2 1 58,125 "188";
189 1 1 133,207 "189";
190 1 1 158,189 "190";
191 0 1 13,105 "191";
192 0 1 79,87 "192";
193 0 0 84,131 "193";
194 0 1 42,102 "194";
195 0 1 18,64 "195";
196 2 0 107,110 "196";
197 0 1 121,143 "197";
198 0 1 60,146 "198";
199 1 0 41,52 "199";
200 1 1 3,144 "200";
201 2 1 38,66 "201";
202 1 1 107,121 "202";
203 0 0 8,114 "203";
204 1 0 62,118 "204";
205 1 1 0,84 "205";
206 1 1 21,115 "206";
207 2 0 83,214 "207";
208 1 1 137,195 "208";
209 2 1 63,83 "209";
210 0 1 0,78 "210";
211 0 1 12,144 "211";
212 1 1 61,142 "212";
213 1 0 63,120 "213";
214 0 1 102,203 "214";
