parity 284;
0 2 1 135,166 "0";
1 1 1 16,248 "1";
2 2 0 144,268 "2";
3 1 1 175,261 "3";
4 2 1 125,136 "4";
5 0 0 177,215 "5";
6 0 1 196,223 "6";
7 1 1 201,238 "7";
8 1 1 69,255 "8";
9 1 0 70,143 "9";
10 2 1 171,249 "10";
11 2 0 16,108 "11";
12 2 0 6,67 "12";
13 0 0 16,119 "13";
14 1 1 43,225 "14";
15 1 0 89,274 "15";
16 0 0 178,224 "16";
17 1 1 55,238 "17";
18 1 0 62,113 "18";
19 2 1 171,187 "19";
20 0 1 15,264 "20";
21 2 1 241,260 "21";
22 2 0 125,141 "22";
23 0 0 59,62 "23";
24 1 1 127,183 "24";
25 0 0 111,185 "25";
26 2 1 1,85 "26";
27 1 0 214,264 "27";
28 0 1 127,173 "28";
29 0 0 120,172 "29";
30 2 1 163,259 "30";
31 2 1 37,164 "31";
32 2 0 56,157 "32";
33 1 0 104,241 "33";
34 0 0 40,188 "34";
35 0 0 87,94 "35";
36 2 0 69,165 "36";
37 2 1 120,191 "37";
38 1 0 165,176 "38";
39 1 1 128,284 "39";
40 0 0 223,239 "40";
41 0 1 45,71 "41";
42 2 0 231,232 "42";
43 2 0 245,282 "43";
44 1 1 278,284 "44";
45 0 0 85,266 "45";
46 2 1 111,284 "46";
47 2 1 57,234 "47";
48 1 0 146,227 "48";
49 2 0 200,242 "49";
50 1 1 63,128 "50";
51 2 0 38,161 "51";
52 2 1 43,67 "52";
53 0 0 17,84 "53";
54 2 0 128,188 "54";
55 1 1 35,274 "55";
56 1 1 123,275 "56";
57 1 0 268,271 "57";
58 2 1 94,124 "58";
59 1 0 106,164 "59";
60 1 0 58,86 "60";
61 0 0 241,257 "61";
62 2 0 108,119 "62";
63 1 1 107,133 "63";
64 2 1 156,206 "64";
65 2 0 88,138 "65";
66 1 1 33,48 "66";
67 2 1 95,260 "67";
68 1 0 104,226 "68";
69 0 0 157,226 "69";
70 2 0 114,249 "70";
71 1 0 36,222 "71";
72 1 1 231,275 "72";
73 2 0 48,163 "73";
74 0 1 127,158 "74";
75 1 0 157,273 "75";
76 1 1 51,175 "76";
77 0 0 163,211 "77";
78 1 0 121,229 "78";
79 2 1 35,232 "79";
80 2 0 177,197 "80";
81 2 1 26,182 "81";
82 0 0 29,112 "82";
83 2 0 48,280 "83";
84 1 0 106,147 "84";
85 1 1 162,273 "85";
86 1 0 148,155 "86";
87 1 0 157,213 "87";
88 0 1 192,275 "88";
89 2 1 119,249 "89";
90 0 0 77,94 "90";
91 1 1 40,166 "91";
92 0 0 50,77 "92";
93 2 0 3,119 "93";
94 2 1 269,279 "94";
95 1 1 19,275 "95";
96 0 1 183,240 "96";
97 2 1 146,189 "97";
98 2 1 28,182 "98";
99 1 1 28,275 "99";
100 0 0 71,243 "100";
101 1 1 162,247 "101";
102 2 1 142,144 "102";
103 0 1 19,197 "103";
104 2 0 14,268 "104";
105 0 1 88,93 "105";
106 1 1 69,91 "106";
107 2 0 226,281 "107";
108 1 0 125,259 "108";
109 2 1 36,48 "109";
110 1 0 52,118 "110";
111 0 0 44,127 "111";
112 1 0 26,230 "112";
113 1 0 40,165 "113";
114 2 1 7,250 "114";
115 0 0 130,213 "115";
116 0 1 4,266 "116";
117 0 1 69,215 "117";
118 0 0 20,210 "118";
119 2 0 165,203 "119";
120 2 1 54,276 "120";
121 1 1 48,60 "121";
122 0 0 103,187 "122";
123 0 1 26,96 "123";
124 2 0 39,169 "124";
125 2 1 71,168 "125";
126 1 1 116,121 "126";
127 0 1 32,53 "127";
128 0 0 33,77 "128";
129 1 1 32,47 "129";
130 1 1 64,284 "130";
131 2 0 190,206 "131";
132 2 1 176,215 "132";
133 2 0 156,219 "133";
134 0 1 174,252 "134";
135 2 1 210,280 "135";
136 2 1 117,232 "136";
137 1 0 105,208 "137";
138 1 0 39,267 "138";
139 1 1 16,269 "139";
140 0 0 15,90 "140";
141 1 0 16,210 "141";
142 1 1 13,39 "142";
143 0 1 98,219 "143";
144 0 1 52,148 "144";
145 1 1 62,160 "145";
146 1 1 84,274 "146";
147 2 1 42,284 "147";
148 0 1 118,237 "148";
149 0 0 205,280 "149";
150 2 1 130,187 "150";
151 0 0 168,254 "151";
152 0 0 277,281 "152";
153 2 1 37,91 "153";
154 2 1 107,130 "154";
155 0 1 146,258 "155";
156 0 1 82,249 "156";
157 0 1 125,253 "157";
158 1 0 25,118 "158";
159 0 1 4,242 "159";
160 1 1 79,183 "160";
161 1 0 56,73 "161";
162 0 0 130,273 "162";
163 2 1 83,199 "163";
164 1 1 141,184 "164";
165 0 1 166,197 "165";
166 1 0 104,132 "166";
167 0 1 20,164 "167";
168 2 1 35,206 "168";
169 2 0 201,274 "169";
170 1 1 4,267 "170";
171 0 1 93,150 "171";
172 2 1 177,278 "172";
173 1 0 4,11 "173";
174 1 1 114,119 "174";
175 0 1 130,183 "175";
176 2 0 150,170 "176";
177 2 1 246,282 "177";
178 1 0 92,170 "178";
179 1 1 39,68 "179";
180 0 0 66,111 "180";
181 2 1 77,244 "181";
182 2 0 97,245 "182";
183 1 0 148,219 "183";
184 2 0 259,265 "184";
185 1 1 220,266 "185";
186 1 1 130,277 "186";
187 1 1 42,101 "187";
188 2 1 63,95 "188";
189 0 0 9,37 "189";
190 1 0 19,242 "190";
191 1 1 46,109 "191";
192 0 0 89,181 "192";
193 1 0 139,209 "193";
194 0 1 149,282 "194";
195 0 1 63,105 "195";
196 1 0 17,102 "196";
197 2 1 179,250 "197";
198 1 0 12,224 "198";
199 2 0 18,258 "199";
200 1 0 163,186 "200";
201 2 1 3,124 "201";
202 2 1 215,228 "202";
203 2 1 47,134 "203";
204 2 1 231,238 "204";
205 2 1 49,223 "205";
206 1 0 161,228 "206";
207 0 1 99,228 "207";
208 2 0 110,123 "208";
209 0 0 65,238 "209";
210 2 0 9,51 "210";
211 1 0 175,203 "211";
212 2 0 1,15 "212";
213 1 1 249,250 "213";
214 2 1 252,257 "214";
215 0 1 118,184 "215";
216 0 1 58,103 "216";
217 0 1 104,119 "217";
218 2 0 113,193 "218";
219 0 1 154,220 "219";
220 2 1 33,54 "220";
221 1 1 97,249 "221";
222 0 0 21,131 "222";
223 0 0 21,185 "223";
224 0 1 92,158 "224";
225 0 0 102,271 "225";
226 1 1 35,238 "226";
227 0 0 155,245 "227";
228 1 0 44,258 "228";
229 0 0 143,214 "229";
230 1 1 90,248 "230";
231 1 0 135,182 "231";
232 1 0 104,284 "232";
233 0 1 60,99 "233";
234 1 0 153,158 "234";
235 1 1 40,97 "235";
236 2 0 76,279 "236";
237 0 1 124,214 "237";
238 2 0 55,212 "238";
239 0 1 30,222 "239";
240 2 1 83,170 "240";
241 2 1 82,233 "241";
242 2 1 208,280 "242";
243 0 1 43,203 "243";
244 2 0 67,146 "244";
245 0 0 177,268 "245";
246 1 0 146,267 "246";
247 2 0 25,265 "247";
248 2 1 208,267 "248";
249 0 0 92,99 "249";
250 1 1 83,275 "250";
251 0 1 261,269 "251";
252 1 1 82,229 "252";
253 1 1 92,269 "253";
254 1 1 107,185 "254";
255 0 1 159,176 "255";
256 2 1 107,258 "256";
257 2 1 101,250 "257";
258 0 0 186,253 "258";
259 2 1 96,246 "259";
260 0 0 68,206 "260";
261 0 1 52,55 "261";
262 0 0 2,164 "262";
263 1 0 46,141 "263";
264 1 1 112,237 "264";
265 1 0 39,147 "265";
266 1 0 174,228 "266";
267 0 1 7,26 "267";
268 0 0 47,161 "268";
269 1 1 43,142 "269";
270 1 0 4,164 "270";
271 1 0 40,100 "271";
272 1 1 32,229 "272";
273 0 1 154,250 "273";
274 2 1 2,282 "274";
275 1 0 173,187 "275";
276 0 1 46,106 "276";
277 2 1 43,279 "277";
278 1 1 136,163 "278";
279 2 1 150,202 "279";
280 0 1 40,224 "280";
281 1 1 170,270 "281";
282 0 1 86,112 "282";
283 2 1 18,216 "283";
284 0 1 105,129 "284";
