parity 209;
0 1 0 70,183 "0";
1 1 1 96,146 "1";
2 2 1 59,145 "2";
3 2 0 108,167 "3";
4 0 1 134,173 "4";
5 1 1 51,172 "5";
6 0 1 43,191 "6";
7 0 1 16,119 "7";
8 2 1 84,96 "8";
9 0 0 31,180 "9";
10 2 0 51,77 "10";
11 2 0 24,115 "11";
12 2 0 21,75 "12";
13 2 0 53,177 "13";
14 2 0 13,192 "14";
15 2 1 93,165 "15";
16 1 1 57,183 "16";
17 2 0 95,134 "17";
18 1 0 180,201 "18";
19 1 0 83,157 "19";
20 2 0 128,157 "20";
21 1 1 79,141 "21";
22 1 1 15,26 "22";
23 2 0 135,143 "23";
24 1 1 103,134 "24";
25 1 0 75,139 "25";
26 0 0 24,48 "26";
27 1 1 21,114 "27";
28 0 1 55,76 "28";
29 1 1 19,43 "29";
30 2 0 6,101 "30";
31 0 1 138,205 "31";
32 1 1 103,139 "32";
33 0 1 135,182 "33";
34 1 0 108,153 "34";
35 0 0 122,174 "35";
36 2 0 113,174 "36";
37 1 1 56,187 "37";
38 1 1 166,187 "38";
39 2 1 105,190 "39";
40 1 0 149,174 "40";
41 0 1 109,116 "41";
42 0 1 41,172 "42";
43 2 0 94,170 "43";
44 2 0 74,139 "44";
45 1 0 48,169 "45";
46 0 0 72,87 "46";
47 0 0 2,74 "47";
48 1 0 84,192 "48";
49 1 0 123,147 "49";
50 2 0 52,55 "50";
51 2 1 3,44 "51";
52 2 0 186,201 "52";
53 0 1 123,189 "53";
54 0 1 76,86 "54";
55 0 1 51,119 "55";
56 1 1 34,73 "56";
57 2 1 24,88 "57";
58 1 1 55,209 "58";
59 1 1 106,207 "59";
60 0 1 144,167 "60";
61 1 1 44,108 "61";
62 0 1 50,84 "62";
63 1 0 30,209 "63";
64 1 0 34,171 "64";
65 0 0 45,182 "65";
66 1 0 32,196 "66";
67 2 1 33,80 "67";
68 0 1 23,43 "68";
69 0 0 29,113 "69";
70 2 1 84,104 "70";
71 0 1 2,5 "71";
72 0 1 28,140 "72";
73 2 1 22,85 "73";
74 1 0 93,168 "74";
75 2 1 139,147 "75";
76 0 0 55,176 "76";
77 0 0 135,187 "77";
78 2 1 38,108 "78";
79 2 0 51,65 "79";
80 2 0 122,127 "80";
81 1 0 32,171 "81";
82 2 0 81,114 "82";
83 0 1 116,141 "83";
84 0 1 57,123 "84";
85 2 0 9,82 "85";
86 0 0 171,208 "86";
87 0 0 20,162 "87";
88 1 0 7,192 "88";
89 1 0 37,171 "89";
90 2 1 87,123 "90";
91 1 1 183,204 "91";
92 2 0 6,140 "92";
93 0 0 72,134 "93";
94 0 0 33,144 "94";
95 1 0 18,173 "95";
96 2 1 31,33 "96";
97 2 0 129,182 "97";
98 0 0 103,193 "98";
99 0 0 79,101 "99";
100 1 1 111,117 "100";
101 1 1 84,201 "101";
102 2 1 150,171 "102";
103 0 0 160,204 "103";
104 1 0 108,117 "104";
105 0 1 68,197 "105";
106 2 1 64,190 "106";
107 0 1 23,41 "107";
108 1 1 122,136 "108";
109 0 0 53,186 "109";
110 0 1 182,188 "110";
111 0 1 38,40 "111";
112 2 1 64,185 "112";
113 0 0 1,190 "113";
114 2 1 129,144 "114";
115 1 1 27,86 "115";
116 1 1 41,115 "116";
117 2 1 70,104 "117";
118 0 1 34,208 "118";
119 2 0 37,137 "119";
120 0 0 123,197 "120";
121 1 0 63,114 "121";
122 1 0 153,156 "122";
123 2 0 17,71 "123";
124 1 0 60,181 "124";
125 2 0 0,201 "125";
126 0 0 85,135 "126";
127 0 0 12,91 "127";
128 2 1 49,191 "128";
129 2 1 86,161 "129";
130 2 1 33,148 "130";
131 2 1 80,197 "131";
132 0 1 133,157 "132";
133 0 0 100,103 "133";
134 2 1 20,197 "134";
135 0 1 193,203 "135";
136 0 1 88,139 "136";
137 1 1 90,167 "137";
138 1 0 37,100 "138";
139 0 1 150,153 "139";
140 1 0 72,181 "140";
141 2 0 17,161 "141";
142 2 0 11,141 "142";
143 1 0 150,160 "143";
144 1 1 47,201 "144";
145 2 0 130,137 "145";
146 2 0 65,115 "146";
147 0 0 88,98 "147";
148 2 0 25,34 "148";
149 0 0 122,125 "149";
150 1 0 25,135 "150";
151 2 0 33,38 "151";
152 1 1 128,132 "152";
153 0 0 44,50 "153";
154 0 1 161,185 "154";
155 1 1 51,123 "155";
156 1 0 97,162 "156";
157 2 1 98,178 "157";
158 1 1 152,155 "158";
159 1 0 42,83 "159";
160 0 1 74,118 "160";
161 1 1 45,49 "161";
162 2 1 95,134 "162";
163 1 1 35,174 "163";
164 2 0 170,200 "164";
165 0 1 32,162 "165";
166 0 1 61,105 "166";
167 2 0 62,143 "167";
168 0 0 129,135 "168";
169 2 0 25,117 "169";
170 0 0 188,191 "170";
171 0 0 42,110 "171";
172 0 1 29,110 "172";
173 2 1 81,197 "173";
174 2 0 52,170 "174";
175 1 0 116,160 "175";
176 0 0 46,143 "176";
177 2 1 5,82 "177";
178 2 1 107,186 "178";
179 0 1 2,136 "179";
180 1 1 39,169 "180";
181 2 1 31,116 "181";
182 2 0 85,89 "182";
183 2 0 29,127 "183";
184 0 0 104,108 "184";
185 0 0 32,164 "185";
186 1 0 98,200 "186";
187 2 1 72,195 "187";
188 2 1 18,91 "188";
189 2 1 112,137 "189";
190 2 0 106,136 "190";
191 1 1 59,118 "191";
192 2 1 43,130 "192";
193 1 1 31,97 "193";
194 1 0 80,134 "194";
195 1 0 11,49 "195";
196 0 0 46,104 "196";
197 1 1 43,161 "197";
198 0 0 111,173 "198";
199 0 1 57,102 "199";
200 1 1 135,207 "200";
201 0 1 40,91 "201";
202 0 0 41,138 "202";
203 2 0 17,96 "203";
204 1 1 208,209 "204";
205 1 1 69,182 "205";
206 0 1 52,147 "206";
207 1 0 143,163 "207";
208 1 0 180,202 "208";
209 2 1 59,192 "209";
