parity 274;
0 0 1 74,192 "0";
1 0 0 40,239 "1";
2 0 0 40,245 "2";
3 2 0 96,126 "3";
4 1 0 3,189 "4";
5 1 1 82,102 "5";
6 2 0 125,168 "6";
7 1 1 117,132 "7";
8 2 0 132,228 "8";
9 0 0 130,235 "9";
10 2 1 23,194 "10";
11 0 1 73,228 "11";
12 2 1 89,116 "12";
13 2 1 37,147 "13";
14 2 0 27,228 "14";
15 0 1 220,238 "15";
16 2 1 0,202 "16";
17 0 0 175,228 "17";
18 2 0 124,232 "18";
19 2 0 99,226 "19";
20 1 0 19,157 "20";
21 1 1 52,243 "21";
22 1 1 90,264 "22";
23 1 1 150,252 "23";
24 2 1 96,141 "24";
25 0 0 114,133 "25";
26 2 1 104,193 "26";
27 0 0 52,84 "27";
28 1 0 164,233 "28";
29 0 0 43,234 "29";
30 0 1 17,175 "30";
31 0 0 152,224 "31";
32 1 0 72,204 "32";
33 2 0 11,109 "33";
34 1 1 145,152 "34";
35 1 1 41,56 "35";
36 1 1 131,145 "36";
37 1 0 5,131 "37";
38 1 1 27,255 "38";
39 1 1 19,112 "39";
40 1 1 132,194 "40";
41 0 1 78,151 "41";
42 1 1 28,111 "42";
43 1 1 94,202 "43";
44 1 0 87,136 "44";
45 0 0 164,263 "45";
46 1 1 44,187 "46";
47 2 1 129,145 "47";
48 2 1 18,116 "48";
49 0 0 9,140 "49";
50 1 0 130,134 "50";
51 0 0 117,233 "51";
52 0 0 194,269 "52";
53 0 1 157,165 "53";
54 2 1 155,261 "54";
55 2 1 127,210 "55";
56 1 1 46,230 "56";
57 1 1 144,147 "57";
58 1 1 50,139 "58";
59 2 0 118,215 "59";
60 1 0 205,237 "60";
61 1 1 156,260 "61";
62 2 1 99,195 "62";
63 1 0 66,240 "63";
64 0 1 207,213 "64";
65 2 0 191,273 "65";
66 0 0 64,172 "66";
67 0 0 111,127 "67";
68 0 1 63,202 "68";
69 2 0 38,218 "69";
70 0 1 88,183 "70";
71 2 0 50,58 "71";
72 0 0 91,260 "72";
73 0 0 147,225 "73";
74 2 0 51,203 "74";
75 1 1 150,157 "75";
76 0 1 38,117 "76";
77 2 0 221,237 "77";
78 0 1 166,202 "78";
79 1 0 93,147 "79";
80 1 1 49,91 "80";
81 2 0 211,244 "81";
82 0 1 68,97 "82";
83 2 1 81,158 "83";
84 1 0 14,52 "84";
85 0 1 117,231 "85";
86 2 1 10,136 "86";
87 2 1 52,264 "87";
88 1 1 221,226 "88";
89 1 1 202,219 "89";
90 2 0 39,161 "90";
91 2 1 107,143 "91";
92 1 0 24,190 "92";
93 2 1 20,36 "93";
94 2 0 104,106 "94";
95 1 0 227,254 "95";
96 1 0 17,206 "96";
97 1 1 2,178 "97";
98 0 1 12,181 "98";
99 1 1 203,261 "99";
100 0 0 48,210 "100";
101 2 1 48,103 "101";
102 2 1 94,138 "102";
103 2 1 143,192 "103";
104 0 1 200,245 "104";
105 1 1 225,243 "105";
106 1 0 88,189 "106";
107 1 1 32,190 "107";
108 2 1 224,250 "108";
109 2 1 40,156 "109";
110 1 0 0,231 "110";
111 0 0 151,210 "111";
112 1 1 53,138 "112";
113 1 1 9,114 "113";
114 2 1 141,193 "114";
115 1 1 51,241 "115";
116 0 1 242,248 "116";
117 2 0 0,188 "117";
118 1 0 21,185 "118";
119 2 0 23,67 "119";
120 2 1 8,93 "120";
121 0 0 167,218 "121";
122 0 0 56,118 "122";
123 1 0 100,260 "123";
124 1 1 193,204 "124";
125 1 0 72,144 "125";
126 1 0 39,59 "126";
127 2 0 70,199 "127";
128 2 1 205,267 "128";
129 0 0 109,122 "129";
130 0 1 112,227 "130";
131 1 1 16,144 "131";
132 1 0 64,257 "132";
133 0 1 41,188 "133";
134 1 1 190,249 "134";
135 0 0 28,195 "135";
136 0 1 86,256 "136";
137 1 0 136,170 "137";
138 0 0 49,71 "138";
139 1 0 111,115 "139";
140 0 0 31,40 "140";
141 2 1 81,109 "141";
142 2 1 14,39 "142";
143 0 1 86,254 "143";
144 2 1 21,91 "144";
145 2 1 188,238 "145";
146 1 1 3,25 "146";
147 2 1 25,252 "147";
148 2 0 111,152 "148";
149 2 1 30,50 "149";
150 0 0 18,136 "150";
151 0 0 40,220 "151";
152 1 1 41,64 "152";
153 2 1 15,200 "153";
154 1 0 173,199 "154";
155 2 0 5,57 "155";
156 0 1 94,256 "156";
157 2 1 43,164 "157";
158 1 1 88,141 "158";
159 1 1 75,85 "159";
160 1 1 157,206 "160";
161 0 1 17,141 "161";
162 0 0 39,172 "162";
163 2 0 202,205 "163";
164 1 0 91,143 "164";
165 1 1 198,219 "165";
166 1 0 199,262 "166";
167 2 1 116,209 "167";
168 0 1 68,150 "168";
169 1 0 113,227 "169";
170 0 0 121,154 "170";
171 0 0 81,222 "171";
172 0 1 65,98 "172";
173 1 1 91,109 "173";
174 2 0 186,209 "174";
175 2 1 120,206 "175";
176 2 0 18,66 "176";
177 1 0 155,209 "177";
178 0 1 31,226 "178";
179 1 0 155,259 "179";
180 1 0 73,101 "180";
181 2 0 0,174 "181";
182 1 0 35,254 "182";
183 1 1 126,157 "183";
184 0 0 9,43 "184";
185 0 0 89,109 "185";
186 2 1 193,242 "186";
187 2 0 73,175 "187";
188 1 1 116,123 "188";
189 0 0 157,256 "189";
190 1 0 203,236 "190";
191 1 1 164,182 "191";
192 1 1 193,208 "192";
193 2 1 13,45 "193";
194 1 1 133,274 "194";
195 2 0 233,247 "195";
196 0 1 50,81 "196";
197 1 1 18,132 "197";
198 2 0 107,120 "198";
199 1 1 71,257 "199";
200 1 0 135,228 "200";
201 0 0 174,264 "201";
202 2 1 93,198 "202";
203 1 1 136,147 "203";
204 2 0 147,164 "204";
205 0 0 92,256 "205";
206 0 1 94,114 "206";
207 0 0 118,250 "207";
208 1 0 160,235 "208";
209 1 0 179,247 "209";
210 2 1 80,220 "210";
211 1 0 45,230 "211";
212 1 0 14,227 "212";
213 2 0 42,152 "213";
214 2 1 53,107 "214";
215 1 1 135,218 "215";
216 2 0 223,272 "216";
217 1 1 49,260 "217";
218 1 0 136,139 "218";
219 2 0 38,253 "219";
220 2 1 17,234 "220";
221 2 1 49,162 "221";
222 0 1 78,204 "222";
223 2 0 24,64 "223";
224 1 1 46,181 "224";
225 0 0 0,21 "225";
226 0 1 20,89 "226";
227 0 1 46,121 "227";
228 0 1 25,64 "228";
229 2 0 27,97 "229";
230 1 1 20,142 "230";
231 2 1 123,169 "231";
232 2 0 113,182 "232";
233 1 1 50,210 "233";
234 1 1 88,141 "234";
235 2 0 143,269 "235";
236 0 1 129,162 "236";
237 1 1 128,148 "237";
238 2 1 95,117 "238";
239 2 1 55,209 "239";
240 1 1 144,173 "240";
241 0 0 178,224 "241";
242 0 1 16,234 "242";
243 1 0 231,247 "243";
244 1 1 27,167 "244";
245 2 0 79,212 "245";
246 0 1 14,228 "246";
247 1 1 2,58 "247";
248 0 1 163,226 "248";
249 1 0 53,239 "249";
250 0 0 173,236 "250";
251 2 1 53,111 "251";
252 0 0 177,219 "252";
253 0 0 17,224 "253";
254 2 0 104,198 "254";
255 1 0 67,261 "255";
256 0 0 26,253 "256";
257 2 1 3,67 "257";
258 1 0 189,221 "258";
259 1 1 49,149 "259";
260 0 0 93,193 "260";
261 2 1 157,238 "261";
262 2 0 136,221 "262";
263 1 0 195,244 "263";
264 2 0 67,143 "264";
265 2 1 72,105 "265";
266 0 1 153,196 "266";
267 1 1 106,153 "267";
268 0 1 223,251 "268";
269 1 0 78,231 "269";
270 1 0 22,117 "270";
271 2 0 99,198 "271";
272 1 1 37,44 "272";
273 0 1 178,247 "273";
274 0 1 156,178 "274";
