parity 239;
0 2 1 58,64 "0";
1 2 1 87,136 "1";
2 0 1 101,152 "2";
3 1 0 24,111 "3";
4 0 1 127,200 "4";
5 1 0 30,172 "5";
6 2 0 120,154 "6";
7 0 1 200,216 "7";
8 1 1 150,175 "8";
9 1 1 146,185 "9";
10 1 1 193,215 "10";
11 1 0 115,234 "11";
12 2 1 190,233 "12";
13 1 1 48,170 "13";
14 0 1 21,181 "14";
15 1 0 34,81 "15";
16 0 0 4,184 "16";
17 2 0 29,130 "17";
18 1 0 55,145 "18";
19 0 0 70,105 "19";
20 2 1 11,126 "20";
21 2 0 171,209 "21";
22 0 0 131,178 "22";
23 0 1 80,159 "23";
24 2 0 102,173 "24";
25 2 0 90,237 "25";
26 2 0 111,220 "26";
27 0 1 111,155 "27";
28 1 0 23,160 "28";
29 2 1 63,84 "29";
30 0 1 37,235 "30";
31 1 0 58,66 "31";
32 0 0 15,64 "32";
33 2 0 27,120 "33";
34 2 1 39,180 "34";
35 0 0 31,121 "35";
36 2 0 20,81 "36";
37 1 1 45,97 "37";
38 1 0 74,174 "38";
39 1 1 146,214 "39";
40 2 1 66,178 "40";
41 1 0 3,99 "41";
42 1 0 137,217 "42";
43 2 0 35,112 "43";
44 1 0 36,68 "44";
45 0 1 83,185 "45";
46 0 0 98,122 "46";
47 2 1 118,189 "47";
48 1 1 21,221 "48";
49 1 0 116,145 "49";
50 0 1 36,41 "50";
51 1 0 3,21 "51";
52 2 0 36,117 "52";
53 2 1 21,233 "53";
54 1 1 27,153 "54";
55 0 1 152,238 "55";
56 1 1 127,157 "56";
57 2 0 60,213 "57";
58 0 1 93,234 "58";
59 1 0 14,103 "59";
60 2 1 142,232 "60";
61 1 0 147,214 "61";
62 0 1 115,148 "62";
63 2 1 9,26 "63";
64 0 1 114,157 "64";
65 2 1 127,130 "65";
66 1 1 116,230 "66";
67 2 1 63,165 "67";
68 2 0 23,175 "68";
69 1 0 160,195 "69";
70 2 1 106,149 "70";
71 2 1 5,55 "71";
72 0 0 25,156 "72";
73 1 0 7,227 "73";
74 1 0 32,104 "74";
75 0 0 52,210 "75";
76 1 0 109,213 "76";
77 1 1 179,235 "77";
78 1 0 67,155 "78";
79 1 1 161,210 "79";
80 0 0 44,58 "80";
81 2 1 158,188 "81";
82 1 0 50,100 "82";
83 2 1 81,141 "83";
84 1 1 49,75 "84";
85 2 0 2,93 "85";
86 1 1 14,44 "86";
87 2 1 96,155 "87";
88 2 1 132,221 "88";
89 2 1 63,236 "89";
90 0 1 31,147 "90";
91 1 0 61,85 "91";
92 1 1 64,138 "92";
93 0 1 13,126 "93";
94 2 0 32,143 "94";
95 0 1 138,230 "95";
96 2 1 204,209 "96";
97 0 1 75,130 "97";
98 1 1 86,161 "98";
99 1 0 14,42 "99";
100 1 1 109,139 "100";
101 1 0 136,206 "101";
102 0 1 218,225 "102";
103 1 0 193,202 "103";
104 2 0 99,109 "104";
105 2 1 19,222 "105";
106 2 0 7,199 "106";
107 0 0 15,175 "107";
108 2 0 52,230 "108";
109 0 1 49,220 "109";
110 1 1 89,150 "110";
111 0 1 92,175 "111";
112 2 1 60,95 "112";
113 0 0 0,71 "113";
114 1 0 14,201 "114";
115 0 1 15,43 "115";
116 1 1 7,118 "116";
117 1 0 113,118 "117";
118 1 0 152,171 "118";
119 2 0 50,236 "119";
120 1 1 156,186 "120";
121 2 0 127,177 "121";
122 0 0 145,178 "122";
123 2 1 144,201 "123";
124 1 1 126,153 "124";
125 1 0 0,201 "125";
126 0 1 25,107 "126";
127 1 1 122,184 "127";
128 0 0 95,230 "128";
129 0 1 131,238 "129";
130 1 1 121,167 "130";
131 1 1 50,147 "131";
132 1 0 90,153 "132";
133 1 0 25,204 "133";
134 2 1 98,176 "134";
135 2 1 19,86 "135";
136 1 1 101,226 "136";
137 2 0 92,138 "137";
138 1 0 11,35 "138";
139 0 0 15,39 "139";
140 2 1 38,230 "140";
141 1 0 35,77 "141";
142 0 0 108,132 "142";
143 2 0 49,171 "143";
144 2 0 54,215 "144";
145 1 0 114,214 "145";
146 1 1 101,124 "146";
147 0 1 136,150 "147";
148 2 1 58,137 "148";
149 0 1 36,140 "149";
150 1 1 5,12 "150";
151 2 1 40,146 "151";
152 0 1 66,179 "152";
153 2 0 41,224 "153";
154 0 0 35,108 "154";
155 1 1 11,162 "155";
156 1 1 160,165 "156";
157 1 1 47,206 "157";
158 0 0 47,139 "158";
159 2 0 60,121 "159";
160 1 0 105,176 "160";
161 0 0 120,167 "161";
162 0 0 93,205 "162";
163 1 1 48,161 "163";
164 2 0 24,238 "164";
165 2 0 103,209 "165";
166 1 1 96,117 "166";
167 0 0 41,101 "167";
168 2 0 59,170 "168";
169 2 0 82,188 "169";
170 1 0 19,119 "170";
171 1 1 75,144 "171";
172 0 0 21,199 "172";
173 0 1 1,224 "173";
174 0 0 84,91 "174";
175 1 0 106,128 "175";
176 1 0 58,165 "176";
177 2 0 122,193 "177";
178 0 1 123,238 "178";
179 1 1 104,219 "179";
180 1 0 141,208 "180";
181 0 0 182,211 "181";
182 0 1 5,118 "182";
183 0 1 81,206 "183";
184 1 1 86,125 "184";
185 2 1 195,215 "185";
186 2 0 147,184 "186";
187 1 1 29,175 "187";
188 0 1 6,27 "188";
189 1 0 152,204 "189";
190 2 1 65,75 "190";
191 2 0 100,182 "191";
192 2 1 90,122 "192";
193 1 0 49,116 "193";
194 0 1 43,46 "194";
195 0 1 71,214 "195";
196 1 0 141,206 "196";
197 1 1 45,142 "197";
198 0 1 86,159 "198";
199 0 0 55,210 "199";
200 1 1 85,184 "200";
201 0 1 72,229 "201";
202 2 0 20,201 "202";
203 1 0 50,233 "203";
204 1 0 80,211 "204";
205 1 0 13,125 "205";
206 1 0 59,205 "206";
207 1 0 165,194 "207";
208 0 1 7,54 "208";
209 1 0 33,137 "209";
210 2 1 8,72 "210";
211 2 0 3,70 "211";
212 0 0 27,39 "212";
213 0 1 38,122 "213";
214 1 1 35,222 "214";
215 2 0 4,9 "215";
216 2 1 21,141 "216";
217 0 1 16,238 "217";
218 2 0 156,223 "218";
219 2 0 26,221 "219";
220 0 0 56,172 "220";
221 0 1 79,115 "221";
222 2 1 96,146 "222";
223 2 0 214,230 "223";
224 0 1 90,105 "224";
225 2 0 170,183 "225";
226 1 1 51,236 "226";
227 1 0 71,97 "227";
228 0 0 30,204 "228";
229 2 0 42,69 "229";
230 1 0 7,43 "230";
231 1 0 39,114 "231";
232 1 1 130,136 "232";
233 0 0 177,196 "233";
234 0 0 108,130 "234";
235 0 1 82,126 "235";
236 0 1 188,225 "236";
237 0 0 45,54 "237";
238 0 0 142,181 "238";
239 1 1 15,226 "239";
