parity 199;
0 2 1 44,61 "0";
1 1 1 47,108 "1";
2 1 1 67,133 "2";
3 1 1 19,59 "3";
4 1 1 169,188 "4";
5 0 0 27,94 "5";
6 1 1 7,56 "6";
7 1 0 88,174 "7";
8 2 0 6,87 "8";
9 2 1 90,102 "9";
10 0 1 59,132 "10";
11 2 1 130,185 "11";
12 2 1 8,152 "12";
13 1 0 106,186 "13";
14 1 0 64,195 "14";
15 1 1 78,140 "15";
16 1 0 51,100 "16";
17 2 0 128,185 "17";
18 2 0 62,195 "18";
19 0 1 59,73 "19";
20 0 0 25,97 "20";
21 1 0 10,170 "21";
22 2 1 58,85 "22";
23 2 0 78,81 "23";
24 0 1 67,135 "24";
25 1 1 21,188 "25";
26 0 0 1,18 "26";
27 0 0 61,92 "27";
28 1 1 97,142 "28";
29 2 1 73,111 "29";
30 1 1 105,164 "30";
31 1 1 84,183 "31";
32 0 1 186,197 "32";
33 2 1 70,75 "33";
34 1 0 151,177 "34";
35 2 1 144,177 "35";
36 0 1 50,185 "36";
37 0 1 85,175 "37";
38 0 1 66,157 "38";
39 2 0 11,26 "39";
40 0 0 123,144 "40";
41 2 0 50,89 "41";
42 2 0 115,132 "42";
43 0 1 61,124 "43";
44 1 0 83,140 "44";
45 0 1 58,102 "45";
46 1 1 20,121 "46";
47 0 0 114,172 "47";
48 1 1 99,157 "48";
49 1 1 80,152 "49";
50 2 0 150,193 "50";
51 0 0 180,185 "51";
52 2 1 155,169 "52";
53 1 0 3,145 "53";
54 1 1 17,168 "54";
55 2 1 15,190 "55";
56 2 0 9,52 "56";
57 2 0 4,151 "57";
58 1 1 26,190 "58";
59 2 0 1,189 "59";
60 1 0 146,157 "60";
61 0 0 8,92 "61";
62 2 1 43,90 "62";
63 0 1 18,50 "63";
64 1 0 45,135 "64";
65 0 0 105,128 "65";
66 1 0 36,147 "66";
67 2 0 41,149 "67";
68 1 0 47,185 "68";
69 0 1 76,126 "69";
70 1 1 94,146 "70";
71 1 0 74,105 "71";
72 1 1 44,140 "72";
73 0 0 23,137 "73";
74 1 0 31,103 "74";
75 0 1 131,159 "75";
76 0 0 98,184 "76";
77 1 1 83,150 "77";
78 0 0 162,181 "78";
79 0 1 169,190 "79";
80 0 0 6,56 "80";
81 0 0 48,77 "81";
82 1 1 23,157 "82";
83 2 1 26,113 "83";
84 2 1 99,131 "84";
85 0 0 107,191 "85";
86 1 1 60,114 "86";
87 1 0 4,147 "87";
88 2 0 8,72 "88";
89 1 0 173,192 "89";
90 0 1 34,199 "90";
91 2 1 12,65 "91";
92 1 0 36,170 "92";
93 1 0 59,90 "93";
94 2 0 2,35 "94";
95 0 1 17,172 "95";
96 0 1 25,157 "96";
97 1 1 172,178 "97";
98 2 0 93,117 "98";
99 1 1 161,168 "99";
100 1 0 161,194 "100";
101 0 1 16,188 "101";
102 2 0 168,184 "102";
103 2 0 9,53 "103";
104 0 1 49,53 "104";
105 0 0 8,101 "105";
106 2 1 32,111 "106";
107 1 1 112,118 "107";
108 2 0 136,162 "108";
109 2 1 155,169 "109";
110 0 1 11,106 "110";
111 2 0 17,101 "111";
112 0 1 62,127 "112";
113 0 1 116,185 "113";
114 1 0 87,146 "114";
115 2 0 106,144 "115";
116 2 1 7,39 "116";
117 1 1 49,173 "117";
118 2 0 82,175 "118";
119 0 1 52,177 "119";
120 0 1 62,156 "120";
121 1 1 53,195 "121";
122 0 1 11,140 "122";
123 1 0 98,189 "123";
124 0 0 67,125 "124";
125 0 1 54,97 "125";
126 1 0 31,170 "126";
127 2 0 72,101 "127";
128 0 1 60,77 "128";
129 0 0 2,164 "129";
130 2 0 24,101 "130";
131 0 1 10,123 "131";
132 1 1 17,85 "132";
133 0 1 110,174 "133";
134 1 0 74,165 "134";
135 1 0 69,84 "135";
136 0 1 20,39 "136";
137 2 0 191,198 "137";
138 1 0 73,118 "138";
139 1 1 34,138 "139";
140 0 0 27,30 "140";
141 0 1 58,84 "141";
142 1 1 90,148 "142";
143 1 1 27,182 "143";
144 2 0 13,185 "144";
145 2 0 13,41 "145";
146 1 1 98,122 "146";
147 0 0 78,158 "147";
148 1 0 25,83 "148";
149 1 0 144,171 "149";
150 0 0 145,171 "150";
151 0 1 67,87 "151";
152 1 1 6,66 "152";
153 1 1 4,83 "153";
154 0 1 105,146 "154";
155 1 0 33,55 "155";
156 0 1 76,184 "156";
157 1 0 49,85 "157";
158 1 0 45,144 "158";
159 0 0 165,172 "159";
160 1 1 63,191 "160";
161 2 0 7,180 "161";
162 0 1 43,91 "162";
163 2 1 73,154 "163";
164 0 0 46,50 "164";
165 2 1 20,78 "165";
166 2 1 28,118 "166";
167 0 1 89,183 "167";
168 0 1 74,158 "168";
169 2 1 116,118 "169";
170 0 1 12,107 "170";
171 0 0 11,53 "171";
172 0 1 106,157 "172";
173 0 0 26,137 "173";
174 0 1 112,151 "174";
175 1 0 66,76 "175";
176 2 1 83,161 "176";
177 2 0 69,91 "177";
178 2 1 47,168 "178";
179 0 1 12,49 "179";
180 2 1 44,69 "180";
181 1 1 87,184 "181";
182 1 1 17,72 "182";
183 0 0 96,177 "183";
184 0 1 89,94 "184";
185 1 1 60,64 "185";
186 0 0 44,111 "186";
187 2 0 67,127 "187";
188 1 1 72,185 "188";
189 1 1 25,96 "189";
190 2 0 94,102 "190";
191 1 1 11,32 "191";
192 1 1 31,47 "192";
193 1 0 17,98 "193";
194 0 0 37,169 "194";
195 0 0 22,89 "195";
196 0 0 154,179 "196";
197 1 1 21,31 "197";
198 0 1 13,98 "198";
199 1 0 35,102 "199";
