parity 259;
0 2 0 72,124 "0";
1 1 0 168,218 "1";
2 1 1 1,205 "2";
3 2 1 64,131 "3";
4 2 0 92,253 "4";
5 2 1 141,243 "5";
6 1 1 225,232 "6";
7 1 0 8,47 "7";
8 0 0 50,108 "8";
9 2 1 63,106 "9";
10 0 1 86,203 "10";
11 0 1 4,226 "11";
12 0 0 179,191 "12";
13 2 0 4,160 "13";
14 2 0 47,167 "14";
15 1 0 52,80 "15";
16 0 0 103,186 "16";
17 0 1 193,227 "17";
18 0 0 64,232 "18";
19 2 0 49,209 "19";
20 2 0 137,148 "20";
21 1 0 0,165 "21";
22 2 1 103,131 "22";
23 0 0 146,150 "23";
24 1 0 68,109 "24";
25 2 1 168,215 "25";
26 0 0 158,185 "26";
27 0 1 185,237 "27";
28 2 1 60,199 "28";
29 1 1 117,123 "29";
30 2 1 57,241 "30";
31 2 1 52,226 "31";
32 1 1 59,97 "32";
33 2 1 80,124 "33";
34 2 1 75,86 "34";
35 0 0 125,190 "35";
36 0 1 168,196 "36";
37 1 1 129,147 "37";
38 2 1 17,99 "38";
39 2 0 65,183 "39";
40 0 1 138,192 "40";
41 1 1 177,200 "41";
42 0 1 149,216 "42";
43 0 0 20,188 "43";
44 2 0 173,240 "44";
45 1 0 145,153 "45";
46 1 0 64,186 "46";
47 2 1 82,132 "47";
48 1 1 35,196 "48";
49 0 1 37,81 "49";
50 0 0 158,215 "50";
51 2 1 84,244 "51";
52 1 0 99,142 "52";
53 0 1 35,38 "53";
54 0 1 123,209 "54";
55 2 1 32,253 "55";
56 1 1 91,97 "56";
57 2 1 47,68 "57";
58 1 1 12,24 "58";
59 1 0 67,128 "59";
60 2 1 237,242 "60";
61 2 1 186,199 "61";
62 2 0 174,198 "62";
63 2 1 43,166 "63";
64 2 1 60,195 "64";
65 1 1 239,246 "65";
66 0 1 21,227 "66";
67 2 0 34,76 "67";
68 1 0 240,245 "68";
69 2 1 13,56 "69";
70 0 0 1,91 "70";
71 0 1 179,222 "71";
72 1 0 207,217 "72";
73 1 0 52,245 "73";
74 2 0 146,174 "74";
75 1 0 63,70 "75";
76 2 0 44,77 "76";
77 2 1 38,143 "77";
78 2 0 65,247 "78";
79 1 1 20,30 "79";
80 0 0 64,229 "80";
81 0 1 60,87 "81";
82 1 0 6,71 "82";
83 0 1 209,242 "83";
84 1 1 46,185 "84";
85 1 1 8,167 "85";
86 1 1 29,135 "86";
87 2 0 157,227 "87";
88 2 1 76,213 "88";
89 2 0 77,197 "89";
90 1 1 213,242 "90";
91 1 1 153,233 "91";
92 0 0 85,156 "92";
93 1 0 58,233 "93";
94 2 0 58,178 "94";
95 1 0 124,191 "95";
96 1 1 14,145 "96";
97 1 0 27,171 "97";
98 2 1 52,97 "98";
99 0 0 7,24 "99";
100 0 0 110,207 "100";
101 2 0 144,259 "101";
102 0 0 141,243 "102";
103 0 1 65,252 "103";
104 2 0 51,66 "104";
105 0 1 77,85 "105";
106 0 1 66,232 "106";
107 1 0 139,149 "107";
108 1 1 27,169 "108";
109 2 1 30,119 "109";
110 2 1 58,172 "110";
111 0 1 146,195 "111";
112 1 0 109,113 "112";
113 0 0 98,132 "113";
114 1 0 19,29 "114";
115 0 1 95,184 "115";
116 2 1 125,249 "116";
117 2 0 51,213 "117";
118 0 1 79,249 "118";
119 2 1 3,235 "119";
120 0 0 15,143 "120";
121 0 0 194,238 "121";
122 1 0 55,146 "122";
123 0 1 145,164 "123";
124 0 1 87,211 "124";
125 2 1 108,254 "125";
126 0 0 106,201 "126";
127 0 1 179,211 "127";
128 1 1 97,153 "128";
129 0 1 55,131 "129";
130 0 0 86,206 "130";
131 0 0 105,247 "131";
132 0 0 145,179 "132";
133 0 0 6,89 "133";
134 0 0 33,56 "134";
135 0 0 2,244 "135";
136 1 1 47,200 "136";
137 1 1 212,221 "137";
138 2 0 60,129 "138";
139 0 1 20,183 "139";
140 0 0 158,164 "140";
141 2 0 70,113 "141";
142 2 0 30,46 "142";
143 1 1 80,139 "143";
144 0 0 128,135 "144";
145 2 1 71,121 "145";
146 1 0 149,161 "146";
147 2 1 48,152 "147";
148 2 1 1,258 "148";
149 1 0 129,141 "149";
150 0 1 47,164 "150";
151 1 1 24,50 "151";
152 0 1 57,216 "152";
153 1 0 181,187 "153";
154 0 1 135,181 "154";
155 1 0 5,233 "155";
156 0 0 209,231 "156";
157 1 0 83,210 "157";
158 0 1 105,218 "158";
159 2 1 145,181 "159";
160 1 1 57,206 "160";
161 0 0 20,253 "161";
162 0 0 138,230 "162";
163 0 1 35,185 "163";
164 1 1 28,139 "164";
165 0 0 7,23 "165";
166 2 1 189,207 "166";
167 2 0 130,224 "167";
168 2 0 84,203 "168";
169 0 0 26,176 "169";
170 2 1 16,209 "170";
171 0 1 60,240 "171";
172 0 1 9,206 "172";
173 1 0 35,97 "173";
174 2 1 12,238 "174";
175 1 1 50,157 "175";
176 0 1 34,184 "176";
177 1 1 186,256 "177";
178 1 0 157,229 "178";
179 2 0 21,116 "179";
180 2 0 38,210 "180";
181 1 1 101,250 "181";
182 1 1 74,244 "182";
183 2 0 33,202 "183";
184 2 1 54,255 "184";
185 2 0 147,255 "185";
186 1 1 135,256 "186";
187 1 0 2,25 "187";
188 0 1 204,257 "188";
189 2 0 178,258 "189";
190 1 1 108,166 "190";
191 2 1 181,193 "191";
192 1 1 149,234 "192";
193 1 1 143,242 "193";
194 2 1 145,165 "194";
195 1 1 169,198 "195";
196 2 1 103,213 "196";
197 2 0 183,245 "197";
198 0 0 147,170 "198";
199 1 1 45,141 "199";
200 2 1 124,163 "200";
201 0 0 33,104 "201";
202 2 0 134,186 "202";
203 2 0 20,219 "203";
204 2 0 125,219 "204";
205 2 1 35,187 "205";
206 1 1 35,52 "206";
207 2 0 73,137 "207";
208 1 0 110,201 "208";
209 2 1 2,190 "209";
210 0 0 35,100 "210";
211 0 1 184,194 "211";
212 2 1 154,158 "212";
213 2 0 203,239 "213";
214 1 0 159,161 "214";
215 1 1 123,235 "215";
216 0 0 222,224 "216";
217 1 0 211,221 "217";
218 2 0 31,93 "218";
219 2 1 89,110 "219";
220 0 0 87,150 "220";
221 2 1 23,71 "221";
222 1 0 157,211 "222";
223 1 0 103,238 "223";
224 0 1 22,38 "224";
225 2 1 2,7 "225";
226 1 0 14,224 "226";
227 0 0 153,242 "227";
228 2 1 167,188 "228";
229 0 1 5,242 "229";
230 2 0 9,112 "230";
231 2 0 89,186 "231";
232 2 1 35,239 "232";
233 0 0 48,157 "233";
234 2 1 32,208 "234";
235 1 0 15,85 "235";
236 0 0 15,197 "236";
237 2 1 123,196 "237";
238 2 1 217,220 "238";
239 0 1 61,178 "239";
240 2 1 88,213 "240";
241 2 1 160,192 "241";
242 1 1 23,157 "242";
243 1 0 154,175 "243";
244 1 1 3,78 "244";
245 2 0 106,206 "245";
246 0 0 5,104 "246";
247 1 1 175,257 "247";
248 2 0 93,215 "248";
249 2 1 70,132 "249";
250 0 0 111,139 "250";
251 0 0 56,250 "251";
252 1 0 22,193 "252";
253 1 0 16,38 "253";
254 2 1 94,111 "254";
255 2 0 73,132 "255";
256 1 0 38,55 "256";
257 2 0 90,169 "257";
258 2 1 10,194 "258";
259 2 0 47,127 "259";
