parity 269;
0 0 0 160,171 "0";
1 0 1 148,176 "1";
2 1 0 113,256 "2";
3 0 1 39,178 "3";
4 0 1 124,211 "4";
5 2 0 61,83 "5";
6 0 0 41,148 "6";
7 0 1 18,144 "7";
8 2 0 199,257 "8";
9 0 1 11,160 "9";
10 1 0 14,30 "10";
11 0 0 189,242 "11";
12 0 1 94,189 "12";
13 0 0 38,203 "13";
14 1 1 125,165 "14";
15 2 1 134,199 "15";
16 0 1 231,266 "16";
17 2 0 32,68 "17";
18 1 0 76,237 "18";
19 1 1 132,238 "19";
20 0 0 65,192 "20";
21 2 1 211,269 "21";
22 2 0 111,231 "22";
23 0 1 127,145 "23";
24 1 1 113,116 "24";
25 0 0 40,54 "25";
26 0 1 106,153 "26";
27 0 1 74,265 "27";
28 0 0 27,166 "28";
29 2 0 18,210 "29";
30 1 1 84,155 "30";
31 0 1 20,244 "31";
32 1 0 94,182 "32";
33 1 1 34,185 "33";
34 0 0 22,175 "34";
35 2 1 77,230 "35";
36 0 1 30,122 "36";
37 1 1 33,189 "37";
38 1 0 84,183 "38";
39 1 1 106,238 "39";
40 0 0 31,101 "40";
41 2 1 43,231 "41";
42 0 1 2,117 "42";
43 0 1 65,190 "43";
44 2 0 4,94 "44";
45 0 0 35,224 "45";
46 1 0 168,206 "46";
47 0 0 8,74 "47";
48 0 1 11,58 "48";
49 1 0 82,149 "49";
50 0 1 180,238 "50";
51 1 1 54,162 "51";
52 1 0 74,180 "52";
53 0 1 10,247 "53";
54 1 1 151,201 "54";
55 2 1 156,263 "55";
56 1 0 128,216 "56";
57 1 1 60,166 "57";
58 1 1 159,217 "58";
59 2 1 33,73 "59";
60 0 1 206,242 "60";
61 2 0 29,125 "61";
62 2 1 173,182 "62";
63 0 1 96,147 "63";
64 2 1 14,227 "64";
65 0 0 133,180 "65";
66 0 0 24,235 "66";
67 1 1 172,245 "67";
68 0 1 140,264 "68";
69 1 0 73,255 "69";
70 2 0 131,225 "70";
71 2 1 44,70 "71";
72 0 1 83,149 "72";
73 1 0 145,261 "73";
74 1 0 47,90 "74";
75 0 0 29,236 "75";
76 0 1 217,219 "76";
77 0 1 186,196 "77";
78 1 0 57,197 "78";
79 2 0 15,193 "79";
80 0 1 160,251 "80";
81 1 1 190,251 "81";
82 0 1 95,196 "82";
83 1 0 73,205 "83";
84 1 1 187,188 "84";
85 1 1 114,240 "85";
86 0 1 64,98 "86";
87 2 0 149,199 "87";
88 1 1 142,189 "88";
89 1 1 90,170 "89";
90 1 0 99,203 "90";
91 1 1 2,119 "91";
92 2 1 28,163 "92";
93 0 0 58,75 "93";
94 2 1 123,244 "94";
95 0 1 7,181 "95";
96 1 0 19,69 "96";
97 0 1 135,215 "97";
98 1 1 27,227 "98";
99 0 1 16,155 "99";
100 0 1 125,144 "100";
101 2 1 20,248 "101";
102 2 1 48,199 "102";
103 2 0 27,97 "103";
104 2 1 101,249 "104";
105 1 0 46,208 "105";
106 2 1 132,195 "106";
107 0 0 25,224 "107";
108 0 0 170,269 "108";
109 0 0 143,231 "109";
110 1 0 133,202 "110";
111 0 1 80,133 "111";
112 0 0 31,215 "112";
113 0 1 142,224 "113";
114 2 1 179,204 "114";
115 2 0 152,187 "115";
116 1 0 197,248 "116";
117 0 1 15,172 "117";
118 1 1 72,163 "118";
119 0 0 217,220 "119";
120 2 0 47,61 "120";
121 0 1 226,256 "121";
122 1 1 185,240 "122";
123 2 0 46,230 "123";
124 1 0 203,212 "124";
125 0 1 58,235 "125";
126 2 1 212,222 "126";
127 0 1 58,142 "127";
128 2 1 141,165 "128";
129 0 1 10,209 "129";
130 0 0 68,142 "130";
131 0 0 12,209 "131";
132 1 0 45,179 "132";
133 1 1 30,152 "133";
134 1 0 123,227 "134";
135 2 1 101,214 "135";
136 0 1 199,210 "136";
137 2 1 58,110 "137";
138 1 0 128,187 "138";
139 1 1 25,79 "139";
140 1 0 24,73 "140";
141 0 0 77,186 "141";
142 0 0 7,222 "142";
143 0 0 18,231 "143";
144 2 0 10,200 "144";
145 2 0 97,150 "145";
146 1 1 69,145 "146";
147 1 0 22,143 "147";
148 0 1 65,106 "148";
149 1 0 146,234 "149";
150 0 1 185,205 "150";
151 1 0 150,171 "151";
152 0 0 146,259 "152";
153 2 0 2,5 "153";
154 2 1 31,239 "154";
155 0 0 150,255 "155";
156 2 0 91,261 "156";
157 2 0 26,95 "157";
158 2 0 11,133 "158";
159 1 1 132,247 "159";
160 1 1 23,133 "160";
161 0 1 77,243 "161";
162 2 1 30,170 "162";
163 0 0 148,203 "163";
164 0 1 42,109 "164";
165 1 0 16,72 "165";
166 1 1 14,136 "166";
167 0 1 60,141 "167";
168 0 0 82,234 "168";
169 0 0 109,121 "169";
170 0 1 78,263 "170";
171 1 0 10,40 "171";
172 2 1 65,214 "172";
173 1 1 229,269 "173";
174 2 0 80,139 "174";
175 0 1 53,152 "175";
176 0 1 149,220 "176";
177 1 0 24,208 "177";
178 2 1 204,207 "178";
179 0 0 139,240 "179";
180 0 0 62,109 "180";
181 0 0 6,224 "181";
182 1 1 243,259 "182";
183 2 1 58,242 "183";
184 0 0 71,187 "184";
185 2 1 73,109 "185";
186 1 1 121,188 "186";
187 0 1 147,156 "187";
188 1 1 174,250 "188";
189 0 1 85,235 "189";
190 2 1 34,57 "190";
191 1 0 170,182 "191";
192 0 1 48,205 "192";
193 1 0 44,189 "193";
194 0 1 38,104 "194";
195 2 1 5,37 "195";
196 1 1 46,143 "196";
197 1 0 23,264 "197";
198 1 1 131,268 "198";
199 2 1 94,190 "199";
200 0 1 6,189 "200";
201 2 1 71,239 "201";
202 1 0 100,136 "202";
203 0 0 42,174 "203";
204 0 0 59,84 "204";
205 1 1 135,172 "205";
206 1 1 154,220 "206";
207 0 0 106,215 "207";
208 0 1 31,95 "208";
209 2 1 125,172 "209";
210 2 0 149,154 "210";
211 0 0 220,269 "211";
212 2 1 31,118 "212";
213 0 1 45,243 "213";
214 2 1 44,134 "214";
215 2 1 30,209 "215";
216 0 0 70,193 "216";
217 2 0 169,229 "217";
218 1 1 60,240 "218";
219 2 0 76,247 "219";
220 2 1 36,121 "220";
221 2 0 183,215 "221";
222 1 0 68,70 "222";
223 2 0 122,260 "223";
224 2 1 208,210 "224";
225 0 1 21,221 "225";
226 0 1 237,247 "226";
227 0 1 138,190 "227";
228 1 1 29,146 "228";
229 0 1 92,236 "229";
230 1 1 16,74 "230";
231 1 0 141,165 "231";
232 2 0 147,161 "232";
233 2 0 212,260 "233";
234 1 1 23,196 "234";
235 1 1 49,84 "235";
236 1 1 2,119 "236";
237 2 1 75,110 "237";
238 0 1 78,194 "238";
239 0 1 129,267 "239";
240 2 0 23,183 "240";
241 2 0 16,243 "241";
242 1 0 190,207 "242";
243 2 1 143,210 "243";
244 2 1 38,69 "244";
245 1 0 56,238 "245";
246 1 0 173,184 "246";
247 2 0 18,209 "247";
248 1 1 37,224 "248";
249 0 0 42,125 "249";
250 1 1 35,222 "250";
251 0 0 46,262 "251";
252 1 1 156,207 "252";
253 0 0 38,119 "253";
254 0 0 41,181 "254";
255 0 1 100,122 "255";
256 0 1 97,186 "256";
257 1 0 145,220 "257";
258 2 0 57,225 "258";
259 1 1 73,132 "259";
260 0 0 83,170 "260";
261 2 1 64,263 "261";
262 0 1 85,90 "262";
263 0 0 72,210 "263";
264 0 0 95,214 "264";
265 2 1 43,204 "265";
266 0 0 97,178 "266";
267 0 1 14,179 "267";
268 1 1 141,213 "268";
269 1 1 28,189 "269";
