parity 229;
0 1 0 155,173 "0";
1 0 0 166,203 "1";
2 0 0 171,194 "2";
3 2 0 10,97 "3";
4 2 0 94,173 "4";
5 2 1 41,107 "5";
6 2 0 61,81 "6";
7 0 0 8,48 "7";
8 2 1 52,156 "8";
9 1 1 176,227 "9";
10 2 1 129,172 "10";
11 0 0 32,87 "11";
12 2 1 34,168 "12";
13 1 0 69,179 "13";
14 1 0 20,148 "14";
15 2 1 93,100 "15";
16 0 1 164,212 "16";
17 1 1 125,166 "17";
18 2 1 126,222 "18";
19 2 0 2,175 "19";
20 2 1 122,196 "20";
21 0 1 221,225 "21";
22 2 0 35,196 "22";
23 2 1 112,167 "23";
24 2 0 83,99 "24";
25 0 0 83,93 "25";
26 0 1 150,229 "26";
27 2 1 0,207 "27";
28 2 1 159,208 "28";
29 0 0 42,105 "29";
30 1 0 7,101 "30";
31 1 0 57,168 "31";
32 0 0 142,182 "32";
33 2 1 203,204 "33";
34 0 1 96,199 "34";
35 0 1 28,125 "35";
36 0 1 99,157 "36";
37 2 1 90,167 "37";
38 0 0 161,167 "38";
39 2 1 164,182 "39";
40 2 1 73,108 "40";
41 1 1 136,181 "41";
42 0 0 172,221 "42";
43 0 1 10,199 "43";
44 1 0 60,136 "44";
45 2 1 30,149 "45";
46 2 1 1,43 "46";
47 2 0 58,155 "47";
48 1 0 85,110 "48";
49 1 0 114,136 "49";
50 0 1 19,44 "50";
51 0 1 223,229 "51";
52 0 0 178,186 "52";
53 2 1 145,147 "53";
54 1 1 53,96 "54";
55 0 0 19,104 "55";
56 0 0 82,206 "56";
57 0 0 3,22 "57";
58 1 1 13,203 "58";
59 0 0 33,135 "59";
60 1 0 161,189 "60";
61 2 0 20,123 "61";
62 2 0 16,205 "62";
63 0 1 115,200 "63";
64 0 0 74,127 "64";
65 0 0 7,81 "65";
66 2 1 59,189 "66";
67 1 1 110,132 "67";
68 1 1 19,103 "68";
69 2 1 111,137 "69";
70 2 1 86,108 "70";
71 1 1 46,149 "71";
72 1 1 162,190 "72";
73 2 1 104,107 "73";
74 0 0 80,229 "74";
75 0 1 7,173 "75";
76 1 0 93,151 "76";
77 2 1 63,116 "77";
78 0 1 42,93 "78";
79 2 0 40,132 "79";
80 1 0 135,152 "80";
81 1 0 49,75 "81";
82 1 1 152,197 "82";
83 0 1 31,75 "83";
84 2 1 31,206 "84";
85 1 0 24,121 "85";
86 1 1 101,167 "86";
87 0 1 97,168 "87";
88 0 0 45,227 "88";
89 1 0 117,136 "89";
90 0 0 92,171 "90";
91 0 1 135,168 "91";
92 0 1 124,159 "92";
93 2 1 48,72 "93";
94 2 0 36,220 "94";
95 0 1 111,124 "95";
96 0 1 12,220 "96";
97 0 1 71,191 "97";
98 1 0 69,112 "98";
99 1 1 43,103 "99";
100 1 0 102,116 "100";
101 2 0 63,129 "101";
102 0 1 186,188 "102";
103 2 0 101,128 "103";
104 2 0 88,191 "104";
105 2 1 46,88 "105";
106 1 1 79,213 "106";
107 2 0 126,187 "107";
108 1 1 36,99 "108";
109 0 0 138,172 "109";
110 1 0 70,191 "110";
111 1 1 169,221 "111";
112 1 1 151,213 "112";
113 2 0 47,153 "113";
114 1 0 4,183 "114";
115 2 0 98,220 "115";
116 2 0 97,159 "116";
117 1 1 211,228 "117";
118 1 0 116,178 "118";
119 1 0 3,92 "119";
120 2 0 132,211 "120";
121 0 0 150,189 "121";
122 0 0 37,128 "122";
123 2 1 11,150 "123";
124 1 0 99,227 "124";
125 1 1 6,8 "125";
126 0 1 16,88 "126";
127 1 1 86,178 "127";
128 2 0 85,109 "128";
129 0 0 19,128 "129";
130 2 1 88,137 "130";
131 1 1 138,163 "131";
132 2 1 36,213 "132";
133 2 0 173,215 "133";
134 1 1 13,66 "134";
135 0 1 69,119 "135";
136 1 1 63,144 "136";
137 1 0 28,107 "137";
138 2 0 19,131 "138";
139 1 1 60,127 "139";
140 1 1 90,202 "140";
141 1 1 10,159 "141";
142 1 1 22,202 "142";
143 0 1 59,90 "143";
144 2 0 12,115 "144";
145 1 1 130,140 "145";
146 2 1 12,218 "146";
147 1 0 161,186 "147";
148 0 0 50,145 "148";
149 1 1 154,191 "149";
150 0 1 126,176 "150";
151 2 0 110,162 "151";
152 1 1 134,179 "152";
153 0 1 149,166 "153";
154 0 1 13,211 "154";
155 0 1 41,175 "155";
156 1 1 37,109 "156";
157 2 1 54,149 "157";
158 1 1 66,220 "158";
159 2 0 27,209 "159";
160 2 0 83,172 "160";
161 2 0 12,225 "161";
162 2 1 44,220 "162";
163 0 1 3,4 "163";
164 2 1 79,155 "164";
165 0 0 9,49 "165";
166 2 1 28,209 "166";
167 0 0 57,110 "167";
168 0 1 16,194 "168";
169 1 0 10,70 "169";
170 0 0 3,59 "170";
171 2 0 188,208 "171";
172 1 0 123,212 "172";
173 2 0 47,100 "173";
174 0 1 27,224 "174";
175 0 0 172,193 "175";
176 1 0 20,52 "176";
177 0 0 14,124 "177";
178 1 0 180,190 "178";
179 0 0 0,20 "179";
180 0 1 50,72 "180";
181 1 0 29,162 "181";
182 0 1 179,209 "182";
183 1 0 105,157 "183";
184 2 0 21,59 "184";
185 0 0 27,224 "185";
186 1 1 2,201 "186";
187 1 1 77,222 "187";
188 1 1 3,203 "188";
189 1 1 78,117 "189";
190 2 0 48,149 "190";
191 0 0 73,181 "191";
192 0 0 8,184 "192";
193 0 1 64,80 "193";
194 0 1 108,130 "194";
195 1 0 88,145 "195";
196 2 0 69,176 "196";
197 1 0 11,183 "197";
198 1 1 162,184 "198";
199 1 1 52,89 "199";
200 0 1 17,195 "200";
201 2 0 144,190 "201";
202 1 1 20,151 "202";
203 2 0 27,160 "203";
204 1 0 6,224 "204";
205 2 1 123,197 "205";
206 0 1 118,188 "206";
207 2 0 36,145 "207";
208 1 0 120,212 "208";
209 1 0 63,123 "209";
210 1 1 46,199 "210";
211 0 1 13,149 "211";
212 0 0 104,112 "212";
213 0 1 83,187 "213";
214 1 0 91,148 "214";
215 0 0 69,85 "215";
216 1 1 88,175 "216";
217 2 1 29,132 "217";
218 0 1 20,29 "218";
219 0 0 73,200 "219";
220 1 1 176,214 "220";
221 1 0 116,139 "221";
222 2 1 16,124 "222";
223 2 1 41,141 "223";
224 1 1 54,215 "224";
225 2 1 126,219 "225";
226 1 1 17,190 "226";
227 2 1 70,117 "227";
228 1 1 34,45 "228";
229 1 1 69,169 "229";
