parity 209;
0 1 0 13,121 "0";
1 1 0 13,96 "1";
2 1 1 40,186 "2";
3 0 1 6,18 "3";
4 2 0 67,179 "4";
5 0 0 80,158 "5";
6 0 1 147,154 "6";
7 2 0 43,202 "7";
8 0 0 46,81 "8";
9 2 1 89,204 "9";
10 2 1 26,170 "10";
11 2 0 135,190 "11";
12 1 0 40,160 "12";
13 1 1 19,59 "13";
14 1 0 96,153 "14";
15 1 0 112,206 "15";
16 0 0 2,183 "16";
17 1 1 69,84 "17";
18 0 0 176,202 "18";
19 1 0 103,185 "19";
20 0 0 32,179 "20";
21 0 1 7,142 "21";
22 1 1 25,138 "22";
23 0 0 173,178 "23";
24 2 0 155,209 "24";
25 0 0 6,39 "25";
26 1 1 174,181 "26";
27 1 1 50,187 "27";
28 1 1 93,192 "28";
29 0 0 75,77 "29";
30 0 0 12,39 "30";
31 2 0 4,200 "31";
32 2 0 187,205 "32";
33 2 0 114,170 "33";
34 0 0 95,193 "34";
35 1 1 1,21 "35";
36 2 1 18,202 "36";
37 2 1 100,207 "37";
38 0 1 189,192 "38";
39 2 0 135,198 "39";
40 1 0 59,183 "40";
41 0 0 7,184 "41";
42 1 0 141,151 "42";
43 2 1 119,121 "43";
44 0 0 10,97 "44";
45 1 0 20,34 "45";
46 0 1 159,203 "46";
47 2 1 130,171 "47";
48 2 1 40,143 "48";
49 2 0 86,100 "49";
50 1 1 143,194 "50";
51 2 0 92,189 "51";
52 0 1 115,134 "52";
53 0 1 62,136 "53";
54 2 1 52,154 "54";
55 1 0 117,147 "55";
56 2 0 136,150 "56";
57 2 0 117,177 "57";
58 1 1 76,116 "58";
59 1 0 82,112 "59";
60 0 0 38,188 "60";
61 0 1 80,198 "61";
62 2 0 146,164 "62";
63 1 1 100,101 "63";
64 0 0 112,199 "64";
65 0 1 6,71 "65";
66 1 0 91,168 "66";
67 1 1 115,138 "67";
68 1 0 53,182 "68";
69 1 0 77,112 "69";
70 0 1 92,101 "70";
71 2 1 66,194 "71";
72 2 1 37,133 "72";
73 0 0 4,69 "73";
74 1 0 71,132 "74";
75 0 0 93,189 "75";
76 0 0 97,162 "76";
77 1 0 87,158 "77";
78 1 0 59,65 "78";
79 0 0 122,195 "79";
80 0 1 117,178 "80";
81 1 0 33,193 "81";
82 2 1 16,31 "82";
83 0 1 59,74 "83";
84 0 1 68,97 "84";
85 1 1 1,202 "85";
86 2 0 96,150 "86";
87 1 1 105,195 "87";
88 1 0 123,163 "88";
89 1 1 68,112 "89";
90 2 0 8,193 "90";
91 2 1 73,179 "91";
92 2 1 114,133 "92";
93 1 0 52,57 "93";
94 0 1 0,13 "94";
95 1 1 115,178 "95";
96 0 1 115,185 "96";
97 0 1 108,170 "97";
98 1 0 34,69 "98";
99 0 0 14,176 "99";
100 1 1 36,69 "100";
101 1 0 87,186 "101";
102 0 0 19,23 "102";
103 0 1 52,176 "103";
104 2 0 103,126 "104";
105 0 1 26,132 "105";
106 2 1 117,152 "106";
107 2 1 200,208 "107";
108 2 0 127,188 "108";
109 1 0 14,87 "109";
110 1 0 69,174 "110";
111 2 1 122,136 "111";
112 1 0 3,29 "112";
113 1 0 10,97 "113";
114 1 1 55,89 "114";
115 0 0 139,164 "115";
116 1 0 42,200 "116";
117 0 1 59,64 "117";
118 2 1 1,188 "118";
119 1 0 14,136 "119";
120 1 0 77,99 "120";
121 0 0 168,179 "121";
122 0 1 60,113 "122";
123 2 1 23,96 "123";
124 0 1 42,134 "124";
125 0 1 14,189 "125";
126 0 1 173,202 "126";
127 1 1 103,152 "127";
128 1 1 51,60 "128";
129 2 0 32,50 "129";
130 2 0 62,202 "130";
131 1 0 66,202 "131";
132 1 0 33,96 "132";
133 0 0 171,200 "133";
134 2 0 74,191 "134";
135 2 1 44,183 "135";
136 1 1 76,104 "136";
137 0 1 72,176 "137";
138 1 0 136,208 "138";
139 1 1 82,167 "139";
140 0 0 60,159 "140";
141 1 1 36,153 "141";
142 0 0 79,96 "142";
143 1 0 168,195 "143";
144 2 0 14,198 "144";
145 0 1 124,158 "145";
146 1 0 85,179 "146";
147 0 1 164,180 "147";
148 1 0 136,191 "148";
149 1 1 57,143 "149";
150 1 1 157,181 "150";
151 0 0 9,104 "151";
152 1 0 121,207 "152";
153 0 1 21,66 "153";
154 0 1 95,151 "154";
155 2 1 66,189 "155";
156 2 0 40,148 "156";
157 1 1 51,73 "157";
158 2 0 105,162 "158";
159 2 1 2,9 "159";
160 1 0 103,144 "160";
161 2 1 158,163 "161";
162 0 0 156,157 "162";
163 0 0 108,166 "163";
164 0 1 106,134 "164";
165 1 1 39,131 "165";
166 1 0 152,171 "166";
167 2 0 40,138 "167";
168 0 1 139,165 "168";
169 0 0 116,175 "169";
170 1 1 135,149 "170";
171 0 1 43,66 "171";
172 1 0 68,103 "172";
173 2 1 66,198 "173";
174 2 0 25,40 "174";
175 2 1 71,164 "175";
176 2 0 80,124 "176";
177 2 1 117,149 "177";
178 0 0 82,142 "178";
179 0 1 22,82 "179";
180 2 1 77,130 "180";
181 2 0 26,97 "181";
182 1 0 81,149 "182";
183 1 0 11,153 "183";
184 1 0 6,147 "184";
185 0 0 8,121 "185";
186 1 0 81,202 "186";
187 1 0 11,184 "187";
188 0 0 24,192 "188";
189 1 1 85,99 "189";
190 2 1 0,169 "190";
191 0 1 17,86 "191";
192 2 0 43,154 "192";
193 0 1 56,145 "193";
194 1 0 116,138 "194";
195 2 1 28,105 "195";
196 0 0 110,121 "196";
197 1 1 103,154 "197";
198 1 1 100,195 "198";
199 0 0 104,119 "199";
200 1 0 128,138 "200";
201 2 1 142,197 "201";
202 1 1 45,132 "202";
203 1 1 82,138 "203";
204 1 1 186,196 "204";
205 1 0 12,48 "205";
206 0 0 24,203 "206";
207 0 0 89,199 "207";
208 0 0 134,185 "208";
209 1 1 18,174 "209";
