parity 229;
0 2 1 38,174 "0";
1 0 1 27,128 "1";
2 1 0 44,186 "2";
3 1 0 36,207 "3";
4 1 0 25,157 "4";
5 0 1 159,178 "5";
6 0 0 12,213 "6";
7 2 1 58,160 "7";
8 1 1 33,131 "8";
9 0 1 139,171 "9";
10 1 1 62,167 "10";
11 1 1 66,112 "11";
12 0 0 9,216 "12";
13 1 1 151,203 "13";
14 1 1 9,153 "14";
15 2 0 97,117 "15";
16 1 0 122,145 "16";
17 1 0 1,78 "17";
18 2 0 44,75 "18";
19 1 0 60,206 "19";
20 1 0 70,177 "20";
21 2 1 129,186 "21";
22 1 0 2,27 "22";
23 2 0 6,11 "23";
24 0 0 55,154 "24";
25 2 0 97,223 "25";
26 2 1 17,45 "26";
27 1 0 21,130 "27";
28 0 1 87,172 "28";
29 2 0 58,80 "29";
30 1 0 41,213 "30";
31 1 1 18,175 "31";
32 2 0 48,203 "32";
33 1 1 120,163 "33";
34 1 0 181,212 "34";
35 2 1 141,160 "35";
36 0 1 42,146 "36";
37 1 0 70,194 "37";
38 1 1 69,165 "38";
39 1 0 8,207 "39";
40 2 0 39,196 "40";
41 1 0 131,143 "41";
42 2 0 61,99 "42";
43 0 1 166,224 "43";
44 1 1 47,98 "44";
45 1 1 197,229 "45";
46 1 0 109,116 "46";
47 2 0 139,173 "47";
48 2 1 130,218 "48";
49 1 0 63,142 "49";
50 1 0 31,184 "50";
51 0 0 37,47 "51";
52 0 0 21,175 "52";
53 0 1 7,67 "53";
54 0 0 99,163 "54";
55 1 1 8,114 "55";
56 2 0 112,152 "56";
57 0 0 152,153 "57";
58 0 1 75,126 "58";
59 2 0 82,204 "59";
60 0 1 84,170 "60";
61 2 0 16,145 "61";
62 2 0 166,198 "62";
63 2 1 181,182 "63";
64 0 1 10,83 "64";
65 0 0 14,89 "65";
66 2 1 80,101 "66";
67 0 1 167,219 "67";
68 2 1 128,131 "68";
69 1 1 77,86 "69";
70 2 1 196,222 "70";
71 0 1 27,164 "71";
72 0 1 170,224 "72";
73 2 0 45,156 "73";
74 1 0 90,218 "74";
75 0 1 140,167 "75";
76 0 0 176,219 "76";
77 2 0 33,204 "77";
78 1 1 11,109 "78";
79 0 1 77,174 "79";
80 1 0 24,82 "80";
81 1 0 0,133 "81";
82 1 0 211,212 "82";
83 2 0 48,206 "83";
84 2 1 56,175 "84";
85 0 0 74,168 "85";
86 1 1 148,199 "86";
87 2 1 98,219 "87";
88 1 0 20,24 "88";
89 1 1 164,190 "89";
90 0 0 8,13 "90";
91 1 0 150,164 "91";
92 0 1 58,222 "92";
93 1 1 79,229 "93";
94 1 1 72,226 "94";
95 2 0 25,143 "95";
96 0 0 38,180 "96";
97 1 1 119,189 "97";
98 0 1 167,219 "98";
99 1 1 22,42 "99";
100 0 1 12,16 "100";
101 0 1 33,202 "101";
102 2 0 15,202 "102";
103 0 1 17,132 "103";
104 1 0 17,127 "104";
105 1 1 45,65 "105";
106 0 1 91,155 "106";
107 2 1 139,160 "107";
108 0 1 142,170 "108";
109 1 0 120,218 "109";
110 2 0 67,157 "110";
111 2 0 76,80 "111";
112 0 0 133,222 "112";
113 2 0 110,163 "113";
114 2 0 64,195 "114";
115 2 1 5,85 "115";
116 2 0 112,223 "116";
117 0 0 9,20 "117";
118 2 1 35,152 "118";
119 1 1 74,225 "119";
120 2 1 184,216 "120";
121 1 1 11,47 "121";
122 2 0 72,205 "122";
123 0 1 72,153 "123";
124 2 0 154,206 "124";
125 0 0 152,198 "125";
126 1 0 81,229 "126";
127 0 1 36,168 "127";
128 1 0 31,214 "128";
129 1 0 2,116 "129";
130 1 0 58,83 "130";
131 1 1 60,115 "131";
132 0 0 100,134 "132";
133 1 0 116,122 "133";
134 2 1 144,192 "134";
135 0 0 40,170 "135";
136 2 0 50,161 "136";
137 0 0 5,68 "137";
138 1 1 56,71 "138";
139 2 0 113,127 "139";
140 1 0 61,155 "140";
141 2 0 27,228 "141";
142 1 1 53,128 "142";
143 0 1 113,134 "143";
144 1 0 88,182 "144";
145 2 0 75,89 "145";
146 2 1 88,110 "146";
147 2 0 85,158 "147";
148 0 1 132,196 "148";
149 1 0 45,213 "149";
150 1 0 11,203 "150";
151 0 0 0,52 "151";
152 0 1 90,95 "152";
153 2 0 64,219 "153";
154 2 1 17,136 "154";
155 0 1 201,227 "155";
156 2 1 88,100 "156";
157 1 1 107,162 "157";
158 0 0 106,185 "158";
159 2 0 0,39 "159";
160 0 1 51,127 "160";
161 0 1 159,175 "161";
162 1 1 78,97 "162";
163 2 1 129,211 "163";
164 0 1 95,138 "164";
165 2 1 17,134 "165";
166 0 1 56,96 "166";
167 1 0 7,39 "167";
168 2 1 10,18 "168";
169 2 1 92,154 "169";
170 2 1 163,177 "170";
171 1 0 11,40 "171";
172 2 1 48,218 "172";
173 0 1 103,118 "173";
174 1 1 214,228 "174";
175 0 1 28,98 "175";
176 2 0 138,190 "176";
177 2 0 75,207 "177";
178 1 0 34,111 "178";
179 2 0 75,128 "179";
180 1 1 77,212 "180";
181 0 1 52,151 "181";
182 2 0 6,178 "182";
183 1 0 19,26 "183";
184 0 1 190,223 "184";
185 1 0 73,98 "185";
186 0 0 10,129 "186";
187 1 0 21,111 "187";
188 0 1 23,82 "188";
189 2 1 53,87 "189";
190 0 1 88,132 "190";
191 0 0 34,175 "191";
192 2 1 180,198 "192";
193 0 0 159,200 "193";
194 1 1 48,182 "194";
195 0 0 26,88 "195";
196 2 0 15,214 "196";
197 0 0 52,212 "197";
198 0 0 86,222 "198";
199 2 1 12,181 "199";
200 1 1 14,109 "200";
201 2 0 122,200 "201";
202 0 0 149,198 "202";
203 1 1 122,171 "203";
204 0 0 4,199 "204";
205 2 1 8,25 "205";
206 2 0 128,196 "206";
207 2 0 182,184 "207";
208 0 1 144,202 "208";
209 0 0 42,210 "209";
210 0 1 24,29 "210";
211 0 1 38,148 "211";
212 0 1 30,192 "212";
213 0 1 4,152 "213";
214 1 0 38,87 "214";
215 2 0 12,116 "215";
216 2 1 36,193 "216";
217 0 0 11,123 "217";
218 2 0 75,147 "218";
219 2 0 213,229 "219";
220 2 0 13,19 "220";
221 1 1 43,148 "221";
222 1 1 2,219 "222";
223 0 1 49,114 "223";
224 1 1 6,217 "224";
225 2 1 68,86 "225";
226 0 0 33,49 "226";
227 2 0 87,167 "227";
228 1 0 69,113 "228";
229 0 1 31,78 "229";
