parity 254;
0 1 1 41,146 "0";
1 0 1 51,89 "1";
2 0 0 216,231 "2";
3 1 0 66,251 "3";
4 1 0 127,250 "4";
5 2 0 130,154 "5";
6 2 1 61,87 "6";
7 1 0 193,200 "7";
8 1 1 48,142 "8";
9 2 0 44,202 "9";
10 1 0 27,174 "10";
11 2 0 9,171 "11";
12 0 1 34,217 "12";
13 1 1 78,199 "13";
14 2 1 137,178 "14";
15 2 0 21,240 "15";
16 1 1 96,180 "16";
17 0 0 20,114 "17";
18 1 1 111,233 "18";
19 0 0 125,231 "19";
20 0 1 9,124 "20";
21 0 0 128,237 "21";
22 1 1 55,95 "22";
23 1 1 143,236 "23";
24 1 1 55,164 "24";
25 2 1 94,157 "25";
26 1 1 46,152 "26";
27 2 0 65,97 "27";
28 1 1 38,250 "28";
29 0 0 121,130 "29";
30 2 0 22,35 "30";
31 0 0 121,147 "31";
32 0 0 71,198 "32";
33 2 1 95,163 "33";
34 2 1 18,140 "34";
35 0 0 27,227 "35";
36 2 1 160,179 "36";
37 0 1 17,97 "37";
38 1 1 39,90 "38";
39 1 0 19,91 "39";
40 0 0 49,87 "40";
41 1 1 8,105 "41";
42 0 1 52,120 "42";
43 0 1 80,167 "43";
44 2 0 39,218 "44";
45 2 0 81,89 "45";
46 1 1 58,87 "46";
47 0 1 186,224 "47";
48 2 0 89,180 "48";
49 1 1 161,194 "49";
50 0 1 53,88 "50";
51 2 1 136,225 "51";
52 2 0 56,190 "52";
53 0 0 20,36 "53";
54 2 1 0,121 "54";
55 1 0 105,233 "55";
56 2 1 158,168 "56";
57 1 1 71,105 "57";
58 1 0 125,242 "58";
59 2 1 46,215 "59";
60 0 0 26,35 "60";
61 1 0 155,201 "61";
62 2 0 83,87 "62";
63 0 1 70,83 "63";
64 1 0 8,189 "64";
65 2 0 34,91 "65";
66 1 1 12,143 "66";
67 0 0 111,192 "67";
68 1 0 138,157 "68";
69 0 1 100,254 "69";
70 1 0 11,116 "70";
71 0 1 60,176 "71";
72 0 0 131,245 "72";
73 0 0 62,196 "73";
74 0 0 203,220 "74";
75 2 1 141,188 "75";
76 1 0 16,205 "76";
77 1 0 140,188 "77";
78 2 1 48,102 "78";
79 0 1 140,164 "79";
80 2 0 92,171 "80";
81 0 1 11,196 "81";
82 2 1 120,232 "82";
83 0 1 16,65 "83";
84 1 0 21,112 "84";
85 0 0 83,129 "85";
86 1 0 104,147 "86";
87 0 0 43,216 "87";
88 1 0 116,208 "88";
89 0 0 165,202 "89";
90 0 1 161,201 "90";
91 2 0 129,219 "91";
92 1 0 44,203 "92";
93 0 1 61,207 "93";
94 2 1 19,176 "94";
95 0 1 57,61 "95";
96 1 1 117,205 "96";
97 2 0 20,164 "97";
98 2 0 156,207 "98";
99 1 0 13,15 "99";
100 2 0 209,228 "100";
101 0 1 9,11 "101";
102 1 0 168,188 "102";
103 2 1 194,251 "103";
104 2 0 85,152 "104";
105 2 0 52,189 "105";
106 1 1 55,118 "106";
107 0 0 118,170 "107";
108 1 0 179,251 "108";
109 1 0 39,190 "109";
110 2 0 71,144 "110";
111 0 1 25,158 "111";
112 0 1 117,128 "112";
113 0 0 31,188 "113";
114 2 1 218,254 "114";
115 2 1 190,252 "115";
116 1 0 48,115 "116";
117 1 1 1,164 "117";
118 1 1 10,32 "118";
119 1 1 183,188 "119";
120 1 0 188,200 "120";
121 1 0 140,225 "121";
122 2 0 24,184 "122";
123 2 0 35,196 "123";
124 0 0 84,240 "124";
125 1 1 67,195 "125";
126 1 0 89,136 "126";
127 0 0 61,71 "127";
128 2 1 25,44 "128";
129 2 1 15,89 "129";
130 2 0 156,212 "130";
131 1 0 44,223 "131";
132 0 1 18,66 "132";
133 0 1 209,254 "133";
134 2 1 24,79 "134";
135 1 0 216,219 "135";
136 1 0 95,156 "136";
137 1 1 146,237 "137";
138 2 0 26,171 "138";
139 0 0 23,118 "139";
140 1 0 39,117 "140";
141 1 0 175,190 "141";
142 1 1 199,206 "142";
143 2 0 43,238 "143";
144 1 1 68,152 "144";
145 2 0 196,206 "145";
146 0 1 51,79 "146";
147 0 1 32,74 "147";
148 2 1 139,217 "148";
149 2 0 48,154 "149";
150 0 1 133,175 "150";
151 0 1 33,205 "151";
152 0 0 15,198 "152";
153 1 1 20,59 "153";
154 2 0 48,126 "154";
155 1 0 132,161 "155";
156 2 1 118,242 "156";
157 0 1 68,72 "157";
158 1 1 21,60 "158";
159 0 1 184,242 "159";
160 2 1 24,122 "160";
161 0 1 95,233 "161";
162 0 0 20,98 "162";
163 0 0 6,127 "163";
164 2 0 41,182 "164";
165 2 1 216,233 "165";
166 0 1 27,235 "166";
167 0 0 139,215 "167";
168 2 0 133,213 "168";
169 2 1 65,128 "169";
170 0 0 68,168 "170";
171 0 1 12,30 "171";
172 1 1 118,206 "172";
173 0 1 23,68 "173";
174 1 1 49,147 "174";
175 0 1 4,169 "175";
176 1 0 89,140 "176";
177 1 1 39,42 "177";
178 1 0 90,231 "178";
179 1 1 25,117 "179";
180 2 0 1,183 "180";
181 1 0 170,172 "181";
182 2 0 151,213 "182";
183 0 0 114,160 "183";
184 1 1 30,254 "184";
185 1 1 165,201 "185";
186 2 0 139,240 "186";
187 2 0 6,181 "187";
188 1 0 234,241 "188";
189 0 0 177,249 "189";
190 0 1 98,206 "190";
191 0 0 209,245 "191";
192 1 1 126,201 "192";
193 0 0 138,212 "193";
194 0 1 88,146 "194";
195 1 0 113,221 "195";
196 0 0 30,160 "196";
197 2 1 23,95 "197";
198 2 0 175,182 "198";
199 2 1 127,191 "199";
200 2 0 119,126 "200";
201 2 1 1,168 "201";
202 0 1 63,106 "202";
203 0 0 45,224 "203";
204 0 0 66,97 "204";
205 1 0 19,88 "205";
206 2 0 85,152 "206";
207 2 0 73,223 "207";
208 1 1 177,200 "208";
209 1 1 10,114 "209";
210 0 1 76,183 "210";
211 1 1 127,214 "211";
212 2 0 34,196 "212";
213 0 1 31,214 "213";
214 0 1 189,198 "214";
215 2 1 67,224 "215";
216 2 1 19,246 "216";
217 2 1 2,223 "217";
218 1 1 17,151 "218";
219 1 0 145,202 "219";
220 2 0 37,208 "220";
221 1 0 114,144 "221";
222 2 1 21,245 "222";
223 1 0 138,207 "223";
224 0 0 48,134 "224";
225 0 0 51,82 "225";
226 1 0 5,50 "226";
227 1 0 105,195 "227";
228 0 0 116,247 "228";
229 0 1 35,205 "229";
230 1 0 124,151 "230";
231 1 0 18,49 "231";
232 1 0 83,192 "232";
233 2 0 5,74 "233";
234 0 0 69,188 "234";
235 0 0 42,98 "235";
236 1 1 90,232 "236";
237 1 0 67,198 "237";
238 2 1 108,232 "238";
239 0 0 28,109 "239";
240 1 1 12,192 "240";
241 2 0 29,222 "241";
242 0 1 138,249 "242";
243 2 1 135,152 "243";
244 1 1 145,157 "244";
245 0 1 15,141 "245";
246 1 0 94,234 "246";
247 2 1 7,60 "247";
248 2 1 81,105 "248";
249 2 1 172,194 "249";
250 0 0 43,64 "250";
251 1 1 70,234 "251";
252 2 0 62,188 "252";
253 0 1 24,198 "253";
254 1 1 33,217 "254";
