parity 264;
0 2 0 32,194 "0";
1 1 0 41,259 "1";
2 2 1 63,72 "2";
3 1 0 96,227 "3";
4 2 1 185,225 "4";
5 1 1 69,94 "5";
6 2 1 66,74 "6";
7 0 0 102,204 "7";
8 0 1 24,74 "8";
9 2 0 134,251 "9";
10 1 0 111,186 "10";
11 2 1 187,262 "11";
12 0 0 106,182 "12";
13 2 1 1,138 "13";
14 2 1 119,166 "14";
15 2 1 217,261 "15";
16 1 0 13,134 "16";
17 2 1 67,120 "17";
18 0 1 19,107 "18";
19 2 0 173,210 "19";
20 0 0 10,178 "20";
21 2 1 107,137 "21";
22 2 1 60,254 "22";
23 1 0 108,173 "23";
24 2 0 107,126 "24";
25 0 0 33,152 "25";
26 1 0 10,254 "26";
27 0 1 8,150 "27";
28 2 0 60,179 "28";
29 0 0 126,153 "29";
30 1 1 193,258 "30";
31 1 1 166,228 "31";
32 1 0 117,202 "32";
33 1 1 248,262 "33";
34 2 1 91,121 "34";
35 2 0 129,259 "35";
36 0 1 107,145 "36";
37 0 0 49,217 "37";
38 2 1 141,210 "38";
39 2 0 162,229 "39";
40 2 0 73,246 "40";
41 0 1 37,59 "41";
42 1 0 8,187 "42";
43 2 0 24,47 "43";
44 1 1 101,139 "44";
45 1 0 44,179 "45";
46 2 0 190,244 "46";
47 2 0 40,251 "47";
48 0 0 138,228 "48";
49 1 1 114,117 "49";
50 0 0 255,263 "50";
51 1 1 99,150 "51";
52 2 0 36,41 "52";
53 0 1 118,240 "53";
54 0 1 4,112 "54";
55 2 0 90,114 "55";
56 1 0 169,263 "56";
57 2 0 24,258 "57";
58 0 0 41,205 "58";
59 1 0 102,237 "59";
60 0 0 118,182 "60";
61 2 1 211,215 "61";
62 0 1 147,167 "62";
63 1 1 29,88 "63";
64 0 0 18,84 "64";
65 1 1 212,237 "65";
66 2 0 29,60 "66";
67 0 1 123,243 "67";
68 2 1 190,249 "68";
69 0 0 26,253 "69";
70 0 1 54,198 "70";
71 0 1 213,247 "71";
72 1 1 6,79 "72";
73 1 0 66,130 "73";
74 2 0 137,251 "74";
75 1 0 6,62 "75";
76 2 0 4,117 "76";
77 0 0 48,136 "77";
78 1 0 55,256 "78";
79 0 1 116,124 "79";
80 2 0 76,137 "80";
81 2 1 116,118 "81";
82 2 0 188,229 "82";
83 0 1 39,55 "83";
84 2 1 75,244 "84";
85 2 1 20,260 "85";
86 1 1 63,83 "86";
87 0 0 220,245 "87";
88 2 0 99,214 "88";
89 0 1 4,96 "89";
90 2 1 50,158 "90";
91 0 1 147,157 "91";
92 2 0 179,252 "92";
93 1 1 144,251 "93";
94 1 0 3,163 "94";
95 0 0 107,153 "95";
96 0 1 11,190 "96";
97 0 0 88,264 "97";
98 1 0 75,232 "98";
99 0 0 208,213 "99";
100 2 1 23,117 "100";
101 2 0 202,210 "101";
102 1 0 174,205 "102";
103 2 1 37,255 "103";
104 1 0 78,114 "104";
105 1 1 74,256 "105";
106 2 0 88,254 "106";
107 2 0 118,221 "107";
108 0 1 63,263 "108";
109 1 0 209,222 "109";
110 2 1 52,57 "110";
111 0 0 106,134 "111";
112 1 0 150,242 "112";
113 2 0 181,249 "113";
114 0 1 224,245 "114";
115 2 0 23,105 "115";
116 2 0 21,128 "116";
117 0 0 122,246 "117";
118 1 1 56,245 "118";
119 1 1 207,247 "119";
120 0 0 60,216 "120";
121 2 0 20,192 "121";
122 2 0 224,252 "122";
123 1 0 131,217 "123";
124 1 1 20,106 "124";
125 1 1 26,192 "125";
126 0 1 97,139 "126";
127 1 1 0,178 "127";
128 2 1 102,206 "128";
129 1 0 8,29 "129";
130 2 0 174,212 "130";
131 0 1 64,252 "131";
132 0 0 158,198 "132";
133 2 1 63,252 "133";
134 1 1 92,144 "134";
135 2 0 48,208 "135";
136 2 1 171,201 "136";
137 2 0 60,163 "137";
138 2 0 137,234 "138";
139 2 1 17,128 "139";
140 1 0 151,257 "140";
141 1 0 154,223 "141";
142 0 1 113,159 "142";
143 1 0 77,135 "143";
144 2 1 157,249 "144";
145 0 1 124,234 "145";
146 1 1 40,225 "146";
147 1 0 0,18 "147";
148 1 1 11,65 "148";
149 0 0 103,136 "149";
150 0 0 20,108 "150";
151 1 1 11,245 "151";
152 2 1 134,238 "152";
153 0 1 17,256 "153";
154 0 1 1,167 "154";
155 1 1 119,200 "155";
156 1 0 200,219 "156";
157 1 0 20,110 "157";
158 1 1 99,152 "158";
159 2 0 2,64 "159";
160 2 1 114,129 "160";
161 2 0 23,220 "161";
162 2 1 88,246 "162";
163 1 1 34,83 "163";
164 1 0 116,246 "164";
165 2 1 188,216 "165";
166 0 1 144,235 "166";
167 2 1 223,250 "167";
168 2 1 124,176 "168";
169 0 1 45,116 "169";
170 0 0 63,107 "170";
171 0 0 128,204 "171";
172 1 1 99,224 "172";
173 2 1 118,198 "173";
174 1 0 23,117 "174";
175 2 0 91,107 "175";
176 1 0 94,252 "176";
177 1 1 45,223 "177";
178 1 0 167,183 "178";
179 0 1 169,244 "179";
180 0 1 185,193 "180";
181 2 1 146,214 "181";
182 1 0 33,202 "182";
183 2 0 4,138 "183";
184 0 0 100,131 "184";
185 0 1 22,193 "185";
186 0 1 98,136 "186";
187 0 0 75,258 "187";
188 1 1 18,52 "188";
189 0 1 178,199 "189";
190 0 0 109,191 "190";
191 0 1 9,120 "191";
192 0 0 170,198 "192";
193 0 1 125,233 "193";
194 2 0 124,179 "194";
195 2 1 34,233 "195";
196 0 1 71,165 "196";
197 0 0 144,158 "197";
198 2 0 49,98 "198";
199 1 0 143,149 "199";
200 2 1 162,234 "200";
201 0 1 77,160 "201";
202 2 0 57,144 "202";
203 2 0 155,188 "203";
204 1 1 46,66 "204";
205 0 0 98,187 "205";
206 2 1 75,127 "206";
207 0 1 127,232 "207";
208 2 0 61,85 "208";
209 1 0 64,78 "209";
210 2 1 49,205 "210";
211 2 1 161,262 "211";
212 2 1 12,15 "212";
213 1 0 7,255 "213";
214 2 0 3,9 "214";
215 1 0 75,143 "215";
216 2 0 127,218 "216";
217 2 0 24,119 "217";
218 0 0 104,235 "218";
219 0 1 51,263 "219";
220 2 0 89,191 "220";
221 2 1 52,249 "221";
222 1 1 73,175 "222";
223 1 1 107,255 "223";
224 2 1 100,157 "224";
225 0 1 129,146 "225";
226 0 1 138,233 "226";
227 1 0 112,180 "227";
228 0 1 58,215 "228";
229 2 1 174,212 "229";
230 2 0 64,68 "230";
231 2 1 70,73 "231";
232 0 0 107,123 "232";
233 1 0 45,226 "233";
234 2 0 83,205 "234";
235 0 0 11,147 "235";
236 0 0 54,194 "236";
237 2 1 38,174 "237";
238 0 1 76,147 "238";
239 2 0 20,244 "239";
240 2 1 47,155 "240";
241 0 0 73,172 "241";
242 1 0 104,251 "242";
243 0 0 32,258 "243";
244 1 0 213,246 "244";
245 1 1 43,147 "245";
246 0 1 181,202 "246";
247 2 0 65,225 "247";
248 1 1 2,232 "248";
249 2 1 139,236 "249";
250 0 1 93,194 "250";
251 0 1 23,161 "251";
252 0 1 11,142 "252";
253 0 1 51,71 "253";
254 2 0 123,195 "254";
255 1 1 210,217 "255";
256 0 0 63,237 "256";
257 2 0 158,205 "257";
258 0 0 32,103 "258";
259 2 1 147,196 "259";
260 1 0 193,202 "260";
261 0 0 40,112 "261";
262 0 1 65,224 "262";
263 1 0 48,170 "263";
264 2 1 206,254 "264";
