parity 279;
0 0 0 161,177 "0";
1 2 0 108,142 "1";
2 1 0 82,92 "2";
3 0 0 213,265 "3";
4 1 0 87,100 "4";
5 2 1 19,260 "5";
6 1 0 170,258 "6";
7 0 0 25,185 "7";
8 2 1 164,195 "8";
9 2 0 87,254 "9";
10 1 0 7,147 "10";
11 1 0 156,267 "11";
12 0 0 126,146 "12";
13 0 1 106,172 "13";
14 1 1 69,274 "14";
15 2 0 117,268 "15";
16 1 0 20,165 "16";
17 1 1 242,245 "17";
18 1 1 144,174 "18";
19 0 0 44,151 "19";
20 2 0 43,236 "20";
21 2 0 44,125 "21";
22 1 1 105,270 "22";
23 0 1 89,251 "23";
24 1 0 94,137 "24";
25 2 0 38,196 "25";
26 2 0 158,224 "26";
27 0 1 22,224 "27";
28 0 1 99,165 "28";
29 0 1 115,161 "29";
30 2 1 96,102 "30";
31 1 1 53,114 "31";
32 2 0 97,188 "32";
33 0 1 2,214 "33";
34 2 0 2,7 "34";
35 2 0 69,85 "35";
36 1 0 227,233 "36";
37 1 0 131,152 "37";
38 2 1 209,223 "38";
39 2 1 139,167 "39";
40 2 1 121,251 "40";
41 1 1 275,279 "41";
42 1 1 5,55 "42";
43 1 0 227,266 "43";
44 0 1 66,251 "44";
45 2 1 141,245 "45";
46 1 0 39,53 "46";
47 1 1 223,278 "47";
48 2 1 19,218 "48";
49 0 1 10,205 "49";
50 1 0 46,152 "50";
51 1 1 95,181 "51";
52 0 0 50,67 "52";
53 2 1 98,277 "53";
54 1 1 180,260 "54";
55 0 1 222,270 "55";
56 2 1 107,272 "56";
57 2 1 228,268 "57";
58 1 1 9,268 "58";
59 1 0 111,232 "59";
60 0 1 55,191 "60";
61 2 0 84,155 "61";
62 2 1 241,267 "62";
63 0 1 133,275 "63";
64 1 0 86,141 "64";
65 0 1 211,229 "65";
66 1 0 45,121 "66";
67 2 0 143,261 "67";
68 2 0 5,255 "68";
69 1 1 4,205 "69";
70 2 1 33,251 "70";
71 2 1 72,234 "71";
72 2 1 12,204 "72";
73 0 0 46,131 "73";
74 0 0 108,231 "74";
75 2 0 79,106 "75";
76 1 0 59,243 "76";
77 0 0 117,200 "77";
78 2 0 102,273 "78";
79 1 1 51,169 "79";
80 0 0 49,81 "80";
81 1 1 144,244 "81";
82 0 0 196,222 "82";
83 0 1 162,218 "83";
84 1 1 46,99 "84";
85 2 1 198,276 "85";
86 1 1 48,185 "86";
87 0 1 118,129 "87";
88 0 1 58,201 "88";
89 0 0 111,250 "89";
90 2 1 190,244 "90";
91 2 0 116,248 "91";
92 2 0 7,66 "92";
93 2 1 139,200 "93";
94 1 1 115,233 "94";
95 1 1 206,252 "95";
96 2 1 1,24 "96";
97 0 1 20,24 "97";
98 1 0 22,278 "98";
99 2 1 72,156 "99";
100 0 1 84,234 "100";
101 2 1 97,171 "101";
102 1 1 85,97 "102";
103 2 0 30,94 "103";
104 1 1 161,216 "104";
105 0 1 108,266 "105";
106 2 1 205,237 "106";
107 0 0 121,194 "107";
108 1 0 103,118 "108";
109 2 0 91,106 "109";
110 0 1 8,92 "110";
111 0 0 70,253 "111";
112 2 1 64,128 "112";
113 0 1 21,235 "113";
114 2 0 134,243 "114";
115 0 0 168,267 "115";
116 1 1 14,144 "116";
117 0 1 154,179 "117";
118 2 0 111,258 "118";
119 2 1 59,72 "119";
120 2 1 54,157 "120";
121 1 0 228,271 "121";
122 0 0 28,161 "122";
123 2 0 95,169 "123";
124 0 1 133,165 "124";
125 2 1 8,43 "125";
126 2 0 31,238 "126";
127 2 0 57,200 "127";
128 0 1 58,235 "128";
129 2 1 152,241 "129";
130 0 1 50,147 "130";
131 2 1 69,192 "131";
132 1 0 116,139 "132";
133 2 1 227,250 "133";
134 2 0 22,51 "134";
135 2 0 5,88 "135";
136 2 1 220,249 "136";
137 2 0 121,186 "137";
138 2 0 195,255 "138";
139 2 1 48,123 "139";
140 1 1 77,105 "140";
141 2 0 137,259 "141";
142 0 0 101,132 "142";
143 1 1 114,117 "143";
144 1 1 17,147 "144";
145 2 0 133,194 "145";
146 2 1 202,205 "146";
147 0 0 42,126 "147";
148 0 1 38,271 "148";
149 2 0 124,266 "149";
150 0 0 111,269 "150";
151 1 1 26,75 "151";
152 0 1 60,71 "152";
153 2 0 11,73 "153";
154 1 1 202,234 "154";
155 2 1 3,80 "155";
156 0 1 25,268 "156";
157 1 1 258,279 "157";
158 0 0 112,183 "158";
159 0 1 69,144 "159";
160 2 1 78,96 "160";
161 1 1 163,252 "161";
162 0 0 4,15 "162";
163 1 0 133,195 "163";
164 1 0 69,239 "164";
165 0 0 177,272 "165";
166 2 1 48,194 "166";
167 0 1 91,234 "167";
168 0 1 97,128 "168";
169 0 1 27,267 "169";
170 1 0 25,103 "170";
171 2 1 70,100 "171";
172 1 1 26,156 "172";
173 2 1 247,253 "173";
174 1 1 157,262 "174";
175 0 1 150,186 "175";
176 2 0 17,219 "176";
177 2 1 13,21 "177";
178 0 1 94,248 "178";
179 2 1 70,163 "179";
180 1 1 0,169 "180";
181 1 0 8,233 "181";
182 0 0 9,65 "182";
183 1 0 46,91 "183";
184 2 1 156,201 "184";
185 0 1 222,240 "185";
186 1 1 73,135 "186";
187 1 0 64,81 "187";
188 1 0 77,187 "188";
189 1 1 152,177 "189";
190 2 1 55,86 "190";
191 0 1 222,243 "191";
192 2 0 136,176 "192";
193 1 0 161,184 "193";
194 2 1 48,69 "194";
195 2 1 148,264 "195";
196 1 0 15,250 "196";
197 2 0 97,243 "197";
198 2 1 112,202 "198";
199 1 1 54,168 "199";
200 2 1 209,222 "200";
201 2 1 69,167 "201";
202 1 0 7,204 "202";
203 2 1 233,267 "203";
204 2 0 17,72 "204";
205 0 1 196,217 "205";
206 0 1 32,79 "206";
207 2 1 209,277 "207";
208 0 1 115,148 "208";
209 0 1 3,167 "209";
210 2 0 125,191 "210";
211 0 0 54,139 "211";
212 1 1 179,196 "212";
213 0 1 124,217 "213";
214 1 0 101,188 "214";
215 0 1 120,184 "215";
216 2 0 127,153 "216";
217 1 1 106,133 "217";
218 0 0 251,272 "218";
219 0 0 38,56 "219";
220 0 0 190,245 "220";
221 0 1 61,225 "221";
222 2 1 106,142 "222";
223 1 1 23,258 "223";
224 2 1 3,230 "224";
225 1 1 59,235 "225";
226 1 1 238,244 "226";
227 0 1 166,182 "227";
228 2 1 89,112 "228";
229 2 1 172,250 "229";
230 1 1 5,193 "230";
231 1 1 54,66 "231";
232 0 1 20,138 "232";
233 2 1 9,273 "233";
234 2 0 100,135 "234";
235 2 1 26,176 "235";
236 2 0 147,181 "236";
237 2 0 112,179 "237";
238 1 1 25,90 "238";
239 2 0 147,177 "239";
240 0 1 49,165 "240";
241 2 0 125,181 "241";
242 0 0 88,247 "242";
243 2 1 14,259 "243";
244 2 0 19,193 "244";
245 0 0 3,256 "245";
246 1 1 203,225 "246";
247 2 1 121,144 "247";
248 0 1 16,189 "248";
249 0 1 98,251 "249";
250 0 0 11,176 "250";
251 2 0 140,199 "251";
252 1 0 50,112 "252";
253 0 1 182,188 "253";
254 0 1 142,203 "254";
255 2 0 258,271 "255";
256 2 1 120,274 "256";
257 0 1 238,264 "257";
258 2 1 70,113 "258";
259 2 1 86,204 "259";
260 0 1 240,279 "260";
261 1 1 2,124 "261";
262 0 0 124,261 "262";
263 2 0 29,129 "263";
264 0 1 87,111 "264";
265 1 0 10,68 "265";
266 0 0 80,257 "266";
267 1 1 211,275 "267";
268 1 1 84,89 "268";
269 1 1 113,194 "269";
270 2 1 12,255 "270";
271 2 1 17,30 "271";
272 2 1 58,83 "272";
273 2 1 71,274 "273";
274 1 0 32,261 "274";
275 0 0 1,224 "275";
276 1 0 79,81 "276";
277 2 1 139,274 "277";
278 2 1 268,270 "278";
279 2 0 172,235 "279";
