parity 294;
0 0 0 5,25 "0";
1 1 0 56,127 "1";
2 1 0 142,167 "2";
3 1 0 127,199 "3";
4 1 0 58,160 "4";
5 2 0 236,245 "5";
6 1 1 27,71 "6";
7 1 0 4,241 "7";
8 2 1 186,273 "8";
9 2 1 198,222 "9";
10 0 0 116,264 "10";
11 0 1 5,219 "11";
12 2 1 2,236 "12";
13 0 0 210,259 "13";
14 2 0 59,209 "14";
15 1 1 1,148 "15";
16 0 0 35,254 "16";
17 0 1 228,285 "17";
18 0 0 282,294 "18";
19 0 0 107,277 "19";
20 2 1 151,176 "20";
21 2 0 8,253 "21";
22 2 1 80,125 "22";
23 1 0 169,212 "23";
24 2 0 207,210 "24";
25 0 0 66,166 "25";
26 2 1 152,183 "26";
27 1 1 77,252 "27";
28 0 0 114,207 "28";
29 0 1 8,240 "29";
30 1 1 76,190 "30";
31 0 0 240,279 "31";
32 0 1 82,191 "32";
33 0 1 156,163 "33";
34 2 0 16,82 "34";
35 0 0 131,258 "35";
36 2 1 272,281 "36";
37 2 0 176,262 "37";
38 0 1 79,263 "38";
39 2 1 21,248 "39";
40 0 0 52,256 "40";
41 2 1 66,231 "41";
42 1 0 7,259 "42";
43 0 0 52,198 "43";
44 2 1 124,248 "44";
45 1 1 23,34 "45";
46 1 1 14,261 "46";
47 0 0 140,217 "47";
48 0 1 2,184 "48";
49 0 0 130,153 "49";
50 0 1 212,269 "50";
51 2 0 24,101 "51";
52 1 0 31,37 "52";
53 0 0 144,269 "53";
54 1 1 199,287 "54";
55 2 0 21,150 "55";
56 2 0 142,286 "56";
57 0 0 154,175 "57";
58 1 1 231,293 "58";
59 2 0 66,198 "59";
60 0 1 162,232 "60";
61 0 0 123,242 "61";
62 0 0 166,287 "62";
63 2 0 1,206 "63";
64 0 1 81,116 "64";
65 1 1 10,151 "65";
66 1 0 252,290 "66";
67 0 0 44,233 "67";
68 1 0 146,156 "68";
69 1 0 97,294 "69";
70 0 1 8,18 "70";
71 0 0 17,79 "71";
72 2 0 103,159 "72";
73 0 1 139,211 "73";
74 0 1 106,134 "74";
75 1 1 178,218 "75";
76 0 1 18,46 "76";
77 2 1 66,76 "77";
78 0 0 2,41 "78";
79 2 1 30,258 "79";
80 1 1 132,271 "80";
81 1 1 181,236 "81";
82 1 0 62,132 "82";
83 0 1 151,265 "83";
84 2 0 90,253 "84";
85 0 0 52,110 "85";
86 1 1 193,197 "86";
87 2 0 115,240 "87";
88 2 1 206,220 "88";
89 0 0 72,232 "89";
90 1 0 120,172 "90";
91 0 1 224,282 "91";
92 2 0 150,178 "92";
93 0 1 13,178 "93";
94 2 1 17,190 "94";
95 2 1 30,81 "95";
96 2 0 25,109 "96";
97 2 1 24,221 "97";
98 2 1 0,95 "98";
99 2 0 40,220 "99";
100 1 1 155,289 "100";
101 2 0 232,241 "101";
102 2 0 37,110 "102";
103 0 1 69,202 "103";
104 0 1 46,218 "104";
105 1 1 187,230 "105";
106 0 0 168,226 "106";
107 2 1 3,294 "107";
108 1 1 34,37 "108";
109 1 1 91,165 "109";
110 2 1 11,270 "110";
111 1 0 168,182 "111";
112 0 1 154,175 "112";
113 2 1 76,192 "113";
114 0 1 31,278 "114";
115 2 0 54,83 "115";
116 2 1 244,273 "116";
117 1 0 139,158 "117";
118 2 0 59,178 "118";
119 1 0 32,266 "119";
120 2 1 99,236 "120";
121 0 0 93,119 "121";
122 1 1 159,211 "122";
123 1 0 16,38 "123";
124 0 1 89,177 "124";
125 1 0 55,282 "125";
126 2 1 154,255 "126";
127 0 0 68,258 "127";
128 1 0 94,228 "128";
129 2 0 209,215 "129";
130 0 0 1,61 "130";
131 0 1 0,223 "131";
132 0 0 21,54 "132";
133 2 1 121,161 "133";
134 2 0 107,244 "134";
135 0 0 90,220 "135";
136 2 0 96,204 "136";
137 0 0 194,260 "137";
138 2 1 129,203 "138";
139 1 0 0,74 "139";
140 2 1 67,170 "140";
141 2 1 25,217 "141";
142 2 0 68,172 "142";
143 2 0 18,253 "143";
144 0 1 69,162 "144";
145 1 1 22,103 "145";
146 2 1 5,246 "146";
147 0 0 18,48 "147";
148 2 0 8,146 "148";
149 1 1 127,129 "149";
150 0 1 34,162 "150";
151 0 1 147,171 "151";
152 2 1 16,136 "152";
153 0 1 5,259 "153";
154 2 1 164,245 "154";
155 0 1 198,204 "155";
156 1 0 96,177 "156";
157 0 1 152,182 "157";
158 0 0 146,195 "158";
159 0 1 13,206 "159";
160 2 1 69,78 "160";
161 0 1 109,291 "161";
162 2 1 91,255 "162";
163 0 0 17,198 "163";
164 0 0 19,111 "164";
165 0 0 74,220 "165";
166 0 0 13,222 "166";
167 1 1 92,185 "167";
168 1 1 97,113 "168";
169 0 0 100,252 "169";
170 0 0 72,203 "170";
171 0 1 2,142 "171";
172 1 0 36,158 "172";
173 2 1 230,276 "173";
174 0 0 40,206 "174";
175 2 1 132,252 "175";
176 1 1 22,182 "176";
177 1 1 154,287 "177";
178 0 1 80,251 "178";
179 2 0 88,231 "179";
180 0 1 161,215 "180";
181 2 0 38,206 "181";
182 0 1 183,282 "182";
183 1 1 68,284 "183";
184 2 1 31,102 "184";
185 0 0 16,279 "185";
186 2 1 170,277 "186";
187 2 1 100,145 "187";
188 2 0 38,182 "188";
189 0 0 170,280 "189";
190 2 0 45,160 "190";
191 2 0 83,186 "191";
192 0 1 2,228 "192";
193 1 0 73,109 "193";
194 1 0 106,255 "194";
195 0 1 18,154 "195";
196 2 0 101,153 "196";
197 2 0 0,70 "197";
198 0 1 102,228 "198";
199 2 1 39,291 "199";
200 1 1 8,280 "200";
201 1 0 19,250 "201";
202 2 1 84,182 "202";
203 2 0 2,44 "203";
204 0 1 6,95 "204";
205 0 0 145,248 "205";
206 0 0 66,122 "206";
207 2 0 96,222 "207";
208 2 0 216,223 "208";
209 1 1 17,186 "209";
210 2 0 105,131 "210";
211 0 1 232,280 "211";
212 2 0 136,141 "212";
213 1 0 11,229 "213";
214 0 0 176,219 "214";
215 0 0 23,148 "215";
216 1 1 237,292 "216";
217 2 1 20,52 "217";
218 1 1 106,234 "218";
219 2 1 135,156 "219";
220 1 0 45,109 "220";
221 2 1 74,279 "221";
222 1 1 119,215 "222";
223 2 0 28,201 "223";
224 1 1 117,285 "224";
225 0 0 99,149 "225";
226 1 1 68,116 "226";
227 0 0 71,203 "227";
228 1 1 17,211 "228";
229 2 0 27,262 "229";
230 0 0 102,146 "230";
231 2 1 25,258 "231";
232 0 0 139,214 "232";
233 2 1 123,224 "233";
234 0 0 135,259 "234";
235 2 1 155,185 "235";
236 2 1 190,243 "236";
237 1 0 66,134 "237";
238 2 1 31,175 "238";
239 2 1 123,141 "239";
240 1 1 10,143 "240";
241 1 1 7,14 "241";
242 2 0 96,194 "242";
243 0 1 182,247 "243";
244 0 0 4,106 "244";
245 1 0 17,88 "245";
246 1 0 139,195 "246";
247 1 1 161,256 "247";
248 2 0 15,271 "248";
249 0 0 6,214 "249";
250 1 1 115,246 "250";
251 0 1 110,160 "251";
252 0 0 169,187 "252";
253 0 1 61,235 "253";
254 1 0 154,262 "254";
255 1 1 50,132 "255";
256 1 0 169,203 "256";
257 0 0 11,125 "257";
258 0 1 83,131 "258";
259 1 0 114,251 "259";
260 2 1 29,115 "260";
261 2 0 83,172 "261";
262 0 1 75,264 "262";
263 0 1 17,278 "263";
264 1 1 9,145 "264";
265 1 1 81,232 "265";
266 1 0 88,120 "266";
267 1 1 54,121 "267";
268 1 1 274,286 "268";
269 2 0 62,114 "269";
270 1 0 136,260 "270";
271 2 1 9,53 "271";
272 1 1 57,212 "272";
273 2 0 124,130 "273";
274 0 1 8,41 "274";
275 0 0 155,247 "275";
276 1 0 217,262 "276";
277 1 0 128,284 "277";
278 2 0 177,249 "278";
279 1 1 94,145 "279";
280 0 1 193,215 "280";
281 0 0 56,162 "281";
282 2 1 60,150 "282";
283 2 1 2,201 "283";
284 2 0 84,151 "284";
285 1 0 142,241 "285";
286 2 0 24,168 "286";
287 0 1 20,75 "287";
288 0 1 24,78 "288";
289 0 1 6,180 "289";
290 0 0 1,70 "290";
291 1 0 140,149 "291";
292 0 0 49,186 "292";
293 2 1 134,287 "293";
294 0 0 24,96 "294";
