parity 289;
0 1 1 9,143 "0";
1 1 0 212,252 "1";
2 1 1 33,104 "2";
3 0 0 145,231 "3";
4 0 0 96,134 "4";
5 0 1 30,108 "5";
6 0 1 64,237 "6";
7 1 0 111,240 "7";
8 0 0 212,216 "8";
9 0 0 78,185 "9";
10 1 1 104,196 "10";
11 2 0 103,116 "11";
12 1 1 67,96 "12";
13 1 1 143,177 "13";
14 0 0 69,90 "14";
15 1 1 173,213 "15";
16 1 1 36,70 "16";
17 2 1 102,225 "17";
18 0 0 50,242 "18";
19 0 0 38,123 "19";
20 1 0 198,253 "20";
21 2 1 118,208 "21";
22 2 0 86,107 "22";
23 0 0 30,278 "23";
24 1 1 128,239 "24";
25 0 1 124,211 "25";
26 0 0 17,21 "26";
27 0 0 186,276 "27";
28 2 0 105,144 "28";
29 1 1 7,230 "29";
30 0 1 49,276 "30";
31 0 1 22,198 "31";
32 2 0 45,139 "32";
33 2 0 30,272 "33";
34 1 0 70,289 "34";
35 2 1 1,136 "35";
36 0 1 73,259 "36";
37 1 0 188,215 "37";
38 1 1 203,256 "38";
39 2 0 12,110 "39";
40 0 0 76,165 "40";
41 0 1 175,213 "41";
42 1 0 95,162 "42";
43 0 1 36,100 "43";
44 0 0 147,186 "44";
45 1 0 82,271 "45";
46 1 0 33,147 "46";
47 2 0 144,245 "47";
48 1 0 21,91 "48";
49 1 1 65,149 "49";
50 1 0 2,256 "50";
51 2 1 81,139 "51";
52 2 0 156,246 "52";
53 1 1 49,255 "53";
54 1 0 62,87 "54";
55 0 0 43,70 "55";
56 1 0 19,256 "56";
57 1 0 237,284 "57";
58 1 0 10,84 "58";
59 1 1 36,276 "59";
60 0 0 88,151 "60";
61 1 1 259,260 "61";
62 2 0 2,272 "62";
63 1 0 126,130 "63";
64 1 1 108,133 "64";
65 0 0 98,175 "65";
66 1 1 67,136 "66";
67 2 0 177,279 "67";
68 0 0 70,222 "68";
69 0 0 72,245 "69";
70 2 0 29,68 "70";
71 0 1 10,35 "71";
72 2 1 40,149 "72";
73 1 1 159,174 "73";
74 0 0 134,284 "74";
75 2 0 22,250 "75";
76 0 1 34,102 "76";
77 2 1 76,128 "77";
78 0 0 137,148 "78";
79 0 0 40,270 "79";
80 2 1 1,209 "80";
81 2 0 80,279 "81";
82 2 1 4,59 "82";
83 1 1 103,168 "83";
84 0 1 47,242 "84";
85 0 0 49,271 "85";
86 1 1 181,231 "86";
87 0 0 123,182 "87";
88 1 1 50,71 "88";
89 2 0 14,152 "89";
90 0 0 87,164 "90";
91 1 0 1,272 "91";
92 0 1 106,124 "92";
93 1 1 127,243 "93";
94 0 1 153,213 "94";
95 0 1 103,274 "95";
96 2 1 180,213 "96";
97 0 1 167,185 "97";
98 0 1 14,187 "98";
99 0 1 23,175 "99";
100 0 0 101,227 "100";
101 1 0 7,45 "101";
102 2 1 48,98 "102";
103 0 1 0,154 "103";
104 1 1 23,227 "104";
105 1 0 116,263 "105";
106 1 0 202,204 "106";
107 1 0 206,257 "107";
108 0 0 151,257 "108";
109 0 1 167,213 "109";
110 0 0 107,186 "110";
111 0 1 234,278 "111";
112 2 0 164,210 "112";
113 2 0 14,267 "113";
114 0 1 192,241 "114";
115 2 1 171,245 "115";
116 1 0 16,78 "116";
117 2 0 83,223 "117";
118 2 0 66,156 "118";
119 2 0 66,129 "119";
120 1 0 53,164 "120";
121 1 0 75,189 "121";
122 2 1 1,250 "122";
123 2 1 14,143 "123";
124 2 0 80,105 "124";
125 2 0 166,195 "125";
126 2 0 152,270 "126";
127 2 1 9,205 "127";
128 1 1 240,269 "128";
129 0 1 80,81 "129";
130 1 0 144,253 "130";
131 1 1 155,204 "131";
132 0 0 204,228 "132";
133 2 0 10,123 "133";
134 2 0 28,252 "134";
135 1 0 1,121 "135";
136 2 1 157,214 "136";
137 0 0 13,184 "137";
138 2 1 118,223 "138";
139 2 1 37,195 "139";
140 0 1 42,80 "140";
141 1 0 145,247 "141";
142 0 1 14,228 "142";
143 2 0 236,241 "143";
144 1 0 119,169 "144";
145 0 1 222,235 "145";
146 1 0 200,229 "146";
147 0 1 49,88 "147";
148 0 0 56,196 "148";
149 2 0 1,104 "149";
150 0 0 151,158 "150";
151 0 0 131,213 "151";
152 1 1 83,200 "152";
153 1 0 101,109 "153";
154 1 0 81,92 "154";
155 2 1 134,272 "155";
156 0 1 19,120 "156";
157 2 1 42,128 "157";
158 1 0 244,249 "158";
159 1 1 100,161 "159";
160 1 1 92,126 "160";
161 1 0 2,207 "161";
162 1 1 42,208 "162";
163 1 1 146,155 "163";
164 1 1 47,57 "164";
165 1 0 133,242 "165";
166 2 1 43,79 "166";
167 1 1 14,161 "167";
168 1 1 45,186 "168";
169 2 0 49,278 "169";
170 2 1 147,236 "170";
171 1 1 156,162 "171";
172 1 1 80,280 "172";
173 0 1 267,282 "173";
174 0 1 192,256 "174";
175 2 0 110,270 "175";
176 2 1 122,135 "176";
177 1 0 135,170 "177";
178 0 1 150,191 "178";
179 0 1 22,99 "179";
180 0 1 15,85 "180";
181 2 1 60,195 "181";
182 0 1 7,108 "182";
183 2 0 249,251 "183";
184 1 1 117,150 "184";
185 0 1 214,221 "185";
186 2 1 14,65 "186";
187 1 0 5,119 "187";
188 2 1 243,261 "188";
189 1 0 110,140 "189";
190 1 0 83,249 "190";
191 0 0 24,236 "191";
192 0 1 14,209 "192";
193 0 1 12,74 "193";
194 1 0 43,157 "194";
195 1 1 128,258 "195";
196 0 0 8,221 "196";
197 1 1 68,89 "197";
198 1 1 65,133 "198";
199 1 1 27,40 "199";
200 0 0 89,237 "200";
201 0 0 23,217 "201";
202 1 0 108,166 "202";
203 1 1 212,273 "203";
204 0 1 77,184 "204";
205 1 1 195,280 "205";
206 0 0 29,204 "206";
207 0 1 15,160 "207";
208 1 0 30,133 "208";
209 0 0 46,52 "209";
210 2 0 149,212 "210";
211 2 1 15,242 "211";
212 1 1 43,278 "212";
213 0 1 78,117 "213";
214 2 1 242,254 "214";
215 0 0 123,239 "215";
216 0 1 202,282 "216";
217 2 1 91,110 "217";
218 2 1 138,246 "218";
219 1 0 146,199 "219";
220 0 1 0,16 "220";
221 2 1 95,150 "221";
222 0 1 197,218 "222";
223 2 0 28,34 "223";
224 2 1 72,152 "224";
225 1 1 43,88 "225";
226 0 1 59,155 "226";
227 1 0 77,255 "227";
228 2 0 0,262 "228";
229 1 0 116,167 "229";
230 0 0 9,106 "230";
231 1 0 54,284 "231";
232 0 0 142,251 "232";
233 2 0 182,218 "233";
234 1 0 5,107 "234";
235 0 1 188,244 "235";
236 0 0 129,193 "236";
237 0 1 97,114 "237";
238 1 1 185,220 "238";
239 1 0 39,154 "239";
240 0 1 52,209 "240";
241 2 0 172,253 "241";
242 2 0 123,203 "242";
243 1 1 274,284 "243";
244 0 1 15,142 "244";
245 1 1 36,270 "245";
246 2 1 169,241 "246";
247 1 1 76,189 "247";
248 0 0 6,28 "248";
249 2 1 204,209 "249";
250 2 1 178,231 "250";
251 1 1 180,245 "251";
252 0 0 68,226 "252";
253 0 0 22,24 "253";
254 0 0 0,86 "254";
255 1 1 107,224 "255";
256 1 1 158,277 "256";
257 0 1 63,197 "257";
258 1 1 144,238 "258";
259 2 1 49,179 "259";
260 0 1 48,226 "260";
261 0 0 49,162 "261";
262 1 1 5,104 "262";
263 0 0 67,182 "263";
264 1 1 103,174 "264";
265 1 1 114,130 "265";
266 1 0 56,273 "266";
267 1 0 123,256 "267";
268 1 0 137,210 "268";
269 2 0 66,257 "269";
270 2 0 222,251 "270";
271 1 1 66,248 "271";
272 1 1 105,221 "272";
273 1 0 226,244 "273";
274 1 1 97,278 "274";
275 2 1 7,265 "275";
276 0 1 76,177 "276";
277 2 0 29,167 "277";
278 0 1 183,188 "278";
279 0 0 28,157 "279";
280 1 0 142,164 "280";
281 1 1 17,135 "281";
282 1 1 135,179 "282";
283 1 1 134,153 "283";
284 0 1 121,285 "284";
285 0 1 80,160 "285";
286 0 0 17,150 "286";
287 2 1 29,197 "287";
288 2 0 237,263 "288";
289 1 1 265,276 "289";
