parity 254;
0 2 1 134,218 "0";
1 2 0 47,197 "1";
2 0 0 23,221 "2";
3 2 0 128,199 "3";
4 0 1 100,121 "4";
5 1 1 112,165 "5";
6 2 1 41,74 "6";
7 0 1 85,214 "7";
8 0 1 68,170 "8";
9 1 1 54,156 "9";
10 1 1 46,146 "10";
11 1 0 75,252 "11";
12 0 1 77,237 "12";
13 0 1 150,188 "13";
14 0 1 43,127 "14";
15 2 0 54,174 "15";
16 1 0 167,253 "16";
17 0 0 113,203 "17";
18 0 1 36,86 "18";
19 0 0 0,128 "19";
20 0 1 27,140 "20";
21 1 1 60,199 "21";
22 1 0 31,146 "22";
23 0 0 188,228 "23";
24 0 1 22,235 "24";
25 1 1 212,249 "25";
26 2 0 50,102 "26";
27 1 1 24,59 "27";
28 1 0 3,215 "28";
29 2 0 12,37 "29";
30 0 0 22,253 "30";
31 1 0 64,236 "31";
32 0 0 37,53 "32";
33 2 1 98,253 "33";
34 2 1 36,231 "34";
35 2 0 59,154 "35";
36 1 1 28,211 "36";
37 2 0 82,141 "37";
38 1 0 40,153 "38";
39 2 1 1,218 "39";
40 1 0 48,93 "40";
41 0 0 27,219 "41";
42 2 1 135,149 "42";
43 0 0 199,220 "43";
44 0 1 125,181 "44";
45 0 0 186,194 "45";
46 2 1 149,151 "46";
47 2 1 26,187 "47";
48 2 0 9,19 "48";
49 1 0 83,141 "49";
50 2 1 126,224 "50";
51 1 0 22,44 "51";
52 1 1 156,181 "52";
53 1 1 25,68 "53";
54 0 1 227,229 "54";
55 2 1 8,56 "55";
56 2 0 130,163 "56";
57 0 0 38,237 "57";
58 0 1 57,207 "58";
59 0 1 87,168 "59";
60 2 1 39,157 "60";
61 2 0 76,181 "61";
62 0 0 103,153 "62";
63 2 0 194,234 "63";
64 2 0 124,229 "64";
65 0 0 184,206 "65";
66 2 1 87,92 "66";
67 0 0 26,87 "67";
68 2 0 85,113 "68";
69 1 1 50,229 "69";
70 1 0 1,61 "70";
71 0 0 31,108 "71";
72 1 0 55,196 "72";
73 2 0 26,160 "73";
74 2 0 95,105 "74";
75 2 0 217,227 "75";
76 1 1 13,186 "76";
77 2 1 0,123 "77";
78 1 0 166,222 "78";
79 0 1 32,126 "79";
80 0 1 77,241 "80";
81 1 1 32,166 "81";
82 0 1 162,164 "82";
83 0 0 99,107 "83";
84 2 1 63,236 "84";
85 1 1 219,248 "85";
86 0 0 52,247 "86";
87 1 1 96,107 "87";
88 1 1 29,191 "88";
89 1 0 60,73 "89";
90 1 1 60,97 "90";
91 0 0 70,118 "91";
92 2 1 128,235 "92";
93 0 1 57,112 "93";
94 2 0 34,112 "94";
95 0 1 41,108 "95";
96 2 0 25,81 "96";
97 0 1 92,153 "97";
98 0 0 75,163 "98";
99 2 1 172,184 "99";
100 0 1 11,227 "100";
101 2 0 86,246 "101";
102 2 0 10,195 "102";
103 1 0 9,93 "103";
104 0 0 141,220 "104";
105 1 1 212,250 "105";
106 2 1 64,96 "106";
107 0 0 31,156 "107";
108 1 1 205,237 "108";
109 0 1 168,179 "109";
110 1 0 21,114 "110";
111 0 0 214,228 "111";
112 1 1 44,99 "112";
113 2 1 112,226 "113";
114 1 1 161,246 "114";
115 2 0 143,190 "115";
116 0 0 16,186 "116";
117 2 1 55,177 "117";
118 2 1 163,200 "118";
119 1 0 28,64 "119";
120 1 0 66,118 "120";
121 0 1 6,91 "121";
122 0 0 38,159 "122";
123 2 1 20,62 "123";
124 2 0 36,178 "124";
125 1 0 62,243 "125";
126 1 0 183,210 "126";
127 0 0 65,167 "127";
128 1 1 99,138 "128";
129 0 0 6,120 "129";
130 0 1 143,237 "130";
131 0 1 89,150 "131";
132 2 1 19,215 "132";
133 1 0 36,113 "133";
134 2 1 11,164 "134";
135 0 1 14,43 "135";
136 1 1 87,195 "136";
137 0 1 87,106 "137";
138 1 0 13,26 "138";
139 1 0 161,217 "139";
140 0 0 17,30 "140";
141 1 0 157,163 "141";
142 0 0 56,89 "142";
143 2 0 168,251 "143";
144 2 0 125,187 "144";
145 0 1 69,139 "145";
146 2 1 71,160 "146";
147 2 0 38,162 "147";
148 0 1 89,188 "148";
149 0 0 64,98 "149";
150 0 0 114,148 "150";
151 2 0 17,200 "151";
152 0 1 61,233 "152";
153 0 1 38,43 "153";
154 2 0 3,153 "154";
155 0 1 12,230 "155";
156 0 0 162,228 "156";
157 0 0 50,132 "157";
158 2 1 59,103 "158";
159 1 0 132,230 "159";
160 1 1 155,218 "160";
161 2 1 166,226 "161";
162 2 0 85,107 "162";
163 0 1 136,155 "163";
164 2 0 140,210 "164";
165 1 0 135,232 "165";
166 0 0 21,169 "166";
167 2 1 97,199 "167";
168 0 0 74,218 "168";
169 2 0 196,235 "169";
170 1 0 48,185 "170";
171 2 1 237,251 "171";
172 1 1 161,188 "172";
173 1 1 125,248 "173";
174 0 0 137,230 "174";
175 0 1 163,191 "175";
176 1 1 184,189 "176";
177 0 1 163,242 "177";
178 1 1 44,149 "178";
179 1 0 25,132 "179";
180 0 1 79,145 "180";
181 1 1 119,218 "181";
182 2 1 66,215 "182";
183 2 1 32,218 "183";
184 2 0 4,38 "184";
185 1 1 0,250 "185";
186 2 1 38,55 "186";
187 1 0 190,217 "187";
188 0 1 73,231 "188";
189 2 0 30,181 "189";
190 1 0 86,136 "190";
191 1 1 18,118 "191";
192 0 0 201,245 "192";
193 2 1 101,176 "193";
194 2 0 15,80 "194";
195 2 0 68,111 "195";
196 1 0 46,130 "196";
197 1 0 115,124 "197";
198 0 1 117,224 "198";
199 1 0 77,159 "199";
200 0 1 195,248 "200";
201 2 1 36,205 "201";
202 1 1 158,164 "202";
203 2 0 51,114 "203";
204 0 1 82,179 "204";
205 1 1 71,239 "205";
206 2 1 66,104 "206";
207 2 1 204,210 "207";
208 1 0 63,184 "208";
209 2 0 20,159 "209";
210 1 1 45,122 "210";
211 0 1 56,136 "211";
212 2 0 59,222 "212";
213 0 1 157,171 "213";
214 0 1 43,82 "214";
215 2 1 30,47 "215";
216 2 0 148,155 "216";
217 2 1 28,245 "217";
218 2 0 14,220 "218";
219 1 0 23,80 "219";
220 1 1 101,208 "220";
221 1 0 91,100 "221";
222 1 0 0,187 "222";
223 1 0 49,70 "223";
224 1 1 33,215 "224";
225 0 0 165,211 "225";
226 2 1 163,239 "226";
227 2 0 42,249 "227";
228 2 0 4,156 "228";
229 2 0 29,35 "229";
230 2 0 56,250 "230";
231 2 1 101,151 "231";
232 1 1 44,99 "232";
233 0 0 42,64 "233";
234 1 0 204,214 "234";
235 1 0 191,245 "235";
236 0 0 203,205 "236";
237 0 0 77,178 "237";
238 0 0 135,220 "238";
239 2 0 67,204 "239";
240 0 1 73,249 "240";
241 0 0 220,249 "241";
242 1 1 73,96 "242";
243 2 0 164,219 "243";
244 1 0 51,213 "244";
245 2 0 197,205 "245";
246 0 1 43,64 "246";
247 0 0 170,251 "247";
248 0 1 40,145 "248";
249 1 1 100,119 "249";
250 1 1 27,70 "250";
251 2 1 40,199 "251";
252 0 0 25,81 "252";
253 1 0 66,135 "253";
254 2 1 44,56 "254";
