parity 234;
0 2 1 155,210 "0";
1 1 0 25,82 "1";
2 2 1 101,159 "2";
3 2 1 136,154 "3";
4 2 1 53,78 "4";
5 1 1 2,157 "5";
6 1 0 80,194 "6";
7 2 1 31,217 "7";
8 1 0 49,195 "8";
9 2 1 21,209 "9";
10 0 1 39,189 "10";
11 1 0 4,132 "11";
12 1 1 158,234 "12";
13 1 0 140,226 "13";
14 0 0 173,183 "14";
15 1 1 27,214 "15";
16 2 1 190,196 "16";
17 0 1 55,198 "17";
18 2 1 30,192 "18";
19 0 0 48,184 "19";
20 0 1 144,192 "20";
21 0 1 17,55 "21";
22 2 0 90,193 "22";
23 2 0 20,213 "23";
24 0 1 97,113 "24";
25 1 1 220,228 "25";
26 1 1 0,169 "26";
27 0 1 7,191 "27";
28 1 0 153,208 "28";
29 0 0 48,52 "29";
30 0 0 61,192 "30";
31 1 1 4,178 "31";
32 1 0 15,101 "32";
33 2 1 46,86 "33";
34 2 1 139,184 "34";
35 1 1 147,153 "35";
36 2 0 96,185 "36";
37 1 1 0,173 "37";
38 2 1 105,206 "38";
39 0 1 3,155 "39";
40 2 1 104,185 "40";
41 0 0 97,211 "41";
42 2 1 36,167 "42";
43 2 1 15,46 "43";
44 2 1 14,160 "44";
45 0 0 103,126 "45";
46 1 0 14,54 "46";
47 1 0 44,149 "47";
48 2 1 43,103 "48";
49 2 1 149,160 "49";
50 2 0 160,209 "50";
51 2 1 75,125 "51";
52 2 0 26,90 "52";
53 2 1 182,219 "53";
54 0 1 57,122 "54";
55 1 1 20,172 "55";
56 2 0 75,166 "56";
57 0 0 138,230 "57";
58 1 0 73,132 "58";
59 2 1 86,150 "59";
60 2 1 33,122 "60";
61 1 1 161,181 "61";
62 0 0 3,60 "62";
63 0 0 21,123 "63";
64 0 0 20,228 "64";
65 0 0 37,206 "65";
66 0 0 57,183 "66";
67 0 1 4,234 "67";
68 1 0 181,196 "68";
69 2 0 18,46 "69";
70 1 0 77,201 "70";
71 0 0 70,173 "71";
72 1 0 82,127 "72";
73 0 0 7,186 "73";
74 2 1 69,201 "74";
75 0 1 63,178 "75";
76 1 1 47,172 "76";
77 2 1 15,228 "77";
78 1 0 41,82 "78";
79 2 1 146,166 "79";
80 2 0 86,178 "80";
81 2 0 19,158 "81";
82 0 1 59,119 "82";
83 0 1 139,173 "83";
84 0 0 46,167 "84";
85 1 0 72,132 "85";
86 2 0 1,7 "86";
87 1 0 94,176 "87";
88 1 1 52,81 "88";
89 1 1 16,228 "89";
90 0 1 77,176 "90";
91 2 1 158,166 "91";
92 2 1 20,209 "92";
93 1 1 58,200 "93";
94 1 0 180,218 "94";
95 1 0 39,209 "95";
96 2 0 69,107 "96";
97 1 0 169,224 "97";
98 2 1 65,212 "98";
99 1 1 15,203 "99";
100 2 1 102,197 "100";
101 0 1 49,135 "101";
102 1 1 29,173 "102";
103 0 1 9,156 "103";
104 2 1 33,207 "104";
105 2 0 173,184 "105";
106 0 0 66,140 "106";
107 0 1 21,204 "107";
108 0 0 98,105 "108";
109 2 0 220,230 "109";
110 0 1 96,222 "110";
111 1 0 133,150 "111";
112 2 1 67,117 "112";
113 2 0 48,174 "113";
114 2 1 50,106 "114";
115 2 0 15,29 "115";
116 1 1 45,143 "116";
117 2 0 53,221 "117";
118 2 0 34,205 "118";
119 0 0 34,44 "119";
120 1 0 34,108 "120";
121 2 1 2,19 "121";
122 0 0 40,88 "122";
123 2 1 53,102 "123";
124 0 1 18,161 "124";
125 0 1 136,141 "125";
126 2 1 70,135 "126";
127 0 0 61,107 "127";
128 0 0 139,218 "128";
129 1 0 87,131 "129";
130 2 0 156,202 "130";
131 0 0 91,171 "131";
132 1 0 70,193 "132";
133 2 0 145,200 "133";
134 0 0 82,166 "134";
135 0 1 109,149 "135";
136 0 0 59,89 "136";
137 0 1 223,232 "137";
138 0 0 17,130 "138";
139 1 0 103,180 "139";
140 1 0 8,17 "140";
141 1 1 74,161 "141";
142 1 1 15,23 "142";
143 2 1 65,170 "143";
144 1 0 40,116 "144";
145 0 1 27,32 "145";
146 0 1 3,155 "146";
147 0 1 88,218 "147";
148 0 1 2,221 "148";
149 1 0 63,187 "149";
150 1 0 132,220 "150";
151 0 1 45,178 "151";
152 2 0 40,76 "152";
153 1 0 83,109 "153";
154 0 0 51,56 "154";
155 0 0 101,131 "155";
156 1 0 155,159 "156";
157 2 1 96,120 "157";
158 1 1 23,227 "158";
159 0 0 78,84 "159";
160 1 1 5,134 "160";
161 1 0 113,162 "161";
162 0 0 32,200 "162";
163 0 0 40,196 "163";
164 2 0 98,135 "164";
165 0 0 127,213 "165";
166 1 1 1,142 "166";
167 2 0 84,128 "167";
168 0 1 107,127 "168";
169 2 1 61,162 "169";
170 0 1 106,219 "170";
171 0 0 22,216 "171";
172 0 1 19,95 "172";
173 2 1 92,137 "173";
174 0 1 66,121 "174";
175 2 0 26,231 "175";
176 1 0 0,97 "176";
177 1 0 23,122 "177";
178 2 0 112,177 "178";
179 2 0 27,129 "179";
180 0 0 125,183 "180";
181 1 1 54,213 "181";
182 2 1 77,206 "182";
183 1 1 22,141 "183";
184 2 1 204,206 "184";
185 0 0 9,194 "185";
186 1 1 66,150 "186";
187 0 1 52,78 "187";
188 0 1 8,227 "188";
189 1 0 136,200 "189";
190 0 0 6,232 "190";
191 2 0 112,189 "191";
192 1 1 44,233 "192";
193 0 1 114,153 "193";
194 0 1 93,149 "194";
195 2 0 105,162 "195";
196 1 1 122,198 "196";
197 2 1 28,74 "197";
198 1 0 50,142 "198";
199 0 0 29,105 "199";
200 2 0 18,59 "200";
201 0 1 29,159 "201";
202 0 0 77,137 "202";
203 2 1 117,181 "203";
204 2 1 60,143 "204";
205 2 0 165,176 "205";
206 2 1 123,156 "206";
207 1 1 11,227 "207";
208 2 1 107,163 "208";
209 0 0 13,230 "209";
210 1 1 13,142 "210";
211 2 0 196,223 "211";
212 1 0 71,79 "212";
213 0 1 86,206 "213";
214 1 1 112,224 "214";
215 1 1 71,212 "215";
216 0 1 53,82 "216";
217 2 1 84,132 "217";
218 0 1 61,84 "218";
219 1 0 134,182 "219";
220 2 0 107,222 "220";
221 2 0 27,226 "221";
222 1 0 39,199 "222";
223 2 0 54,208 "223";
224 1 1 169,201 "224";
225 0 0 63,171 "225";
226 2 0 56,172 "226";
227 0 0 108,118 "227";
228 1 0 49,159 "228";
229 1 0 106,114 "229";
230 1 1 11,100 "230";
231 2 1 12,169 "231";
232 2 0 65,161 "232";
233 2 0 156,181 "233";
234 0 1 126,133 "234";
