parity 259;
0 2 1 21,223 "0";
1 0 0 122,187 "1";
2 1 1 144,250 "2";
3 2 1 25,114 "3";
4 1 1 194,233 "4";
5 2 1 46,184 "5";
6 2 0 28,46 "6";
7 2 0 60,84 "7";
8 1 1 36,130 "8";
9 0 1 49,203 "9";
10 2 0 64,217 "10";
11 0 0 198,200 "11";
12 2 1 17,231 "12";
13 1 0 73,221 "13";
14 1 1 56,119 "14";
15 1 1 119,176 "15";
16 1 0 96,110 "16";
17 0 0 225,248 "17";
18 0 1 59,73 "18";
19 1 1 86,167 "19";
20 0 0 19,163 "20";
21 0 0 72,140 "21";
22 0 0 36,198 "22";
23 2 1 21,215 "23";
24 0 1 43,132 "24";
25 2 0 154,222 "25";
26 0 0 10,191 "26";
27 0 1 119,244 "27";
28 0 1 159,231 "28";
29 0 0 89,142 "29";
30 0 1 128,186 "30";
31 2 0 57,243 "31";
32 2 1 3,83 "32";
33 2 0 29,151 "33";
34 1 1 185,219 "34";
35 2 1 8,222 "35";
36 0 1 143,248 "36";
37 0 0 169,252 "37";
38 1 0 235,243 "38";
39 2 0 54,185 "39";
40 0 0 44,136 "40";
41 2 1 86,244 "41";
42 1 0 40,222 "42";
43 0 1 74,135 "43";
44 0 1 117,123 "44";
45 1 0 73,239 "45";
46 2 0 123,144 "46";
47 0 0 127,185 "47";
48 1 0 127,140 "48";
49 1 1 57,118 "49";
50 1 1 41,254 "50";
51 1 1 39,117 "51";
52 2 1 208,209 "52";
53 1 0 220,227 "53";
54 2 1 72,209 "54";
55 2 1 178,220 "55";
56 2 1 151,233 "56";
57 2 1 182,248 "57";
58 0 1 72,164 "58";
59 1 1 94,192 "59";
60 1 0 184,227 "60";
61 1 0 213,257 "61";
62 0 0 3,11 "62";
63 0 0 192,202 "63";
64 0 1 124,202 "64";
65 1 0 136,159 "65";
66 0 0 141,187 "66";
67 2 0 7,183 "67";
68 0 0 120,189 "68";
69 1 0 13,254 "69";
70 0 0 35,125 "70";
71 0 1 83,240 "71";
72 2 0 179,213 "72";
73 1 1 6,76 "73";
74 1 1 52,186 "74";
75 1 0 114,132 "75";
76 0 1 85,256 "76";
77 0 0 70,122 "77";
78 1 0 131,206 "78";
79 2 0 3,255 "79";
80 2 0 164,195 "80";
81 2 1 144,163 "81";
82 1 1 27,168 "82";
83 0 0 91,250 "83";
84 0 1 98,208 "84";
85 2 0 47,60 "85";
86 2 1 18,245 "86";
87 1 0 60,137 "87";
88 0 0 122,145 "88";
89 2 0 128,218 "89";
90 2 0 97,253 "90";
91 0 1 11,250 "91";
92 2 1 118,144 "92";
93 0 0 220,228 "93";
94 2 1 108,209 "94";
95 1 1 75,224 "95";
96 1 0 36,54 "96";
97 2 1 25,177 "97";
98 0 0 37,250 "98";
99 1 0 101,112 "99";
100 1 1 57,167 "100";
101 1 1 56,242 "101";
102 2 1 32,40 "102";
103 0 0 38,60 "103";
104 2 0 5,164 "104";
105 1 1 89,219 "105";
106 1 0 133,243 "106";
107 0 0 18,49 "107";
108 2 0 57,73 "108";
109 1 1 28,179 "109";
110 2 1 4,124 "110";
111 0 0 19,252 "111";
112 0 1 35,210 "112";
113 0 1 81,88 "113";
114 1 1 120,133 "114";
115 2 0 58,180 "115";
116 1 1 15,78 "116";
117 1 0 84,153 "117";
118 2 1 149,224 "118";
119 0 1 139,185 "119";
120 1 0 144,195 "120";
121 0 1 12,59 "121";
122 1 1 3,76 "122";
123 2 0 119,147 "123";
124 0 1 105,237 "124";
125 2 1 52,216 "125";
126 1 1 109,175 "126";
127 2 1 49,86 "127";
128 0 1 223,258 "128";
129 0 0 109,206 "129";
130 2 0 193,241 "130";
131 1 0 99,198 "131";
132 2 0 170,233 "132";
133 1 0 52,75 "133";
134 1 0 61,114 "134";
135 1 0 63,183 "135";
136 2 0 178,246 "136";
137 0 0 30,48 "137";
138 0 0 88,252 "138";
139 2 1 34,100 "139";
140 1 1 167,243 "140";
141 1 1 40,123 "141";
142 1 0 14,176 "142";
143 1 1 3,170 "143";
144 2 0 7,141 "144";
145 1 0 101,214 "145";
146 1 0 161,228 "146";
147 0 0 107,109 "147";
148 0 0 37,219 "148";
149 0 1 161,254 "149";
150 2 1 31,38 "150";
151 2 1 9,124 "151";
152 0 1 8,82 "152";
153 0 0 87,122 "153";
154 1 0 40,211 "154";
155 0 0 100,131 "155";
156 1 1 240,257 "156";
157 1 1 25,65 "157";
158 1 0 168,187 "158";
159 2 1 46,209 "159";
160 0 1 68,108 "160";
161 2 1 137,208 "161";
162 1 0 2,36 "162";
163 2 0 68,162 "163";
164 2 1 30,177 "164";
165 2 0 142,245 "165";
166 1 1 95,196 "166";
167 0 0 11,189 "167";
168 1 1 56,79 "168";
169 2 0 84,129 "169";
170 0 1 218,235 "170";
171 1 0 244,251 "171";
172 1 1 104,234 "172";
173 2 1 9,110 "173";
174 0 0 98,143 "174";
175 0 1 158,209 "175";
176 0 1 84,216 "176";
177 1 0 12,181 "177";
178 0 0 2,34 "178";
179 1 0 35,162 "179";
180 1 0 161,184 "180";
181 1 1 55,167 "181";
182 2 0 71,233 "182";
183 0 0 160,242 "183";
184 2 0 11,259 "184";
185 0 1 1,178 "185";
186 1 1 57,86 "186";
187 2 1 11,139 "187";
188 2 1 148,174 "188";
189 2 0 129,191 "189";
190 1 1 160,205 "190";
191 0 1 103,180 "191";
192 0 0 62,253 "192";
193 2 1 42,211 "193";
194 0 0 127,152 "194";
195 2 1 108,141 "195";
196 0 1 122,210 "196";
197 0 0 160,194 "197";
198 1 0 73,175 "198";
199 2 0 26,191 "199";
200 2 1 58,174 "200";
201 0 1 10,29 "201";
202 0 1 129,238 "202";
203 1 0 144,183 "203";
204 0 0 121,126 "204";
205 1 0 177,187 "205";
206 2 1 51,217 "206";
207 0 1 112,147 "207";
208 0 1 115,135 "208";
209 1 0 69,215 "209";
210 2 1 49,222 "210";
211 2 0 241,244 "211";
212 2 0 226,251 "212";
213 0 1 204,239 "213";
214 2 0 39,123 "214";
215 2 1 21,191 "215";
216 1 1 139,190 "216";
217 2 1 35,101 "217";
218 0 0 77,138 "218";
219 2 0 80,119 "219";
220 1 1 77,87 "220";
221 1 1 70,242 "221";
222 0 1 80,168 "222";
223 0 1 63,147 "223";
224 2 0 56,116 "224";
225 0 0 141,154 "225";
226 1 0 14,92 "226";
227 1 1 109,118 "227";
228 2 0 111,226 "228";
229 2 1 25,73 "229";
230 2 0 110,192 "230";
231 0 0 31,215 "231";
232 2 1 161,226 "232";
233 2 0 18,82 "233";
234 0 0 30,221 "234";
235 1 1 106,129 "235";
236 2 1 5,59 "236";
237 0 0 41,128 "237";
238 2 0 84,165 "238";
239 1 0 75,193 "239";
240 1 1 2,243 "240";
241 2 0 35,143 "241";
242 0 1 14,255 "242";
243 0 0 26,194 "243";
244 2 0 178,200 "244";
245 0 0 29,106 "245";
246 2 0 130,139 "246";
247 2 0 147,152 "247";
248 0 0 36,239 "248";
249 0 0 15,101 "249";
250 0 0 54,130 "250";
251 2 0 12,37 "251";
252 1 0 128,174 "252";
253 2 0 165,189 "253";
254 0 0 2,188 "254";
255 0 1 20,56 "255";
256 0 1 107,156 "256";
257 1 0 63,167 "257";
258 0 1 13,209 "258";
259 2 1 47,225 "259";
