parity 259;
0 1 1 183,192 "0";
1 2 1 35,213 "1";
2 2 1 32,97 "2";
3 0 1 68,245 "3";
4 1 1 1,226 "4";
5 2 0 4,181 "5";
6 1 1 78,210 "6";
7 1 0 44,87 "7";
8 2 0 15,23 "8";
9 0 0 102,241 "9";
10 1 1 164,178 "10";
11 2 0 195,217 "11";
12 1 1 31,97 "12";
13 2 0 128,136 "13";
14 2 1 85,110 "14";
15 1 0 23,100 "15";
16 0 1 98,198 "16";
17 2 1 27,163 "17";
18 2 0 113,182 "18";
19 1 0 112,143 "19";
20 0 0 83,87 "20";
21 0 1 41,183 "21";
22 2 1 133,161 "22";
23 2 0 22,54 "23";
24 2 0 203,248 "24";
25 0 0 171,197 "25";
26 1 1 177,241 "26";
27 1 0 134,161 "27";
28 1 1 63,213 "28";
29 1 0 140,200 "29";
30 1 0 21,83 "30";
31 2 1 22,257 "31";
32 1 1 49,160 "32";
33 0 0 34,49 "33";
34 2 0 5,133 "34";
35 0 0 128,215 "35";
36 0 1 157,218 "36";
37 1 0 170,196 "37";
38 2 0 126,183 "38";
39 1 0 18,107 "39";
40 1 1 68,91 "40";
41 1 1 36,62 "41";
42 1 1 7,155 "42";
43 1 1 66,98 "43";
44 0 1 29,156 "44";
45 1 1 19,59 "45";
46 2 1 32,214 "46";
47 0 1 14,169 "47";
48 0 1 195,203 "48";
49 1 1 19,45 "49";
50 1 0 69,132 "50";
51 0 0 104,126 "51";
52 2 1 65,168 "52";
53 2 1 63,187 "53";
54 1 0 1,17 "54";
55 1 0 87,196 "55";
56 0 1 88,212 "56";
57 1 1 58,203 "57";
58 2 1 84,178 "58";
59 0 1 125,187 "59";
60 0 0 5,32 "60";
61 2 0 171,218 "61";
62 0 1 0,74 "62";
63 2 0 7,194 "63";
64 1 1 23,143 "64";
65 0 0 183,221 "65";
66 0 1 200,241 "66";
67 1 1 106,255 "67";
68 2 1 45,54 "68";
69 0 0 111,182 "69";
70 0 0 16,145 "70";
71 2 0 43,252 "71";
72 0 1 128,195 "72";
73 1 0 62,175 "73";
74 1 1 6,49 "74";
75 0 1 63,152 "75";
76 2 1 199,210 "76";
77 1 1 41,240 "77";
78 0 0 106,120 "78";
79 0 0 116,166 "79";
80 0 0 113,172 "80";
81 0 1 35,178 "81";
82 0 0 197,244 "82";
83 2 1 189,236 "83";
84 1 0 20,169 "84";
85 2 0 27,210 "85";
86 2 1 130,235 "86";
87 0 0 62,118 "87";
88 2 1 89,220 "88";
89 2 0 48,196 "89";
90 2 0 24,59 "90";
91 0 0 140,216 "91";
92 1 0 106,166 "92";
93 0 0 0,225 "93";
94 2 1 60,194 "94";
95 0 0 90,212 "95";
96 1 0 8,148 "96";
97 1 0 186,222 "97";
98 0 0 41,219 "98";
99 1 1 184,256 "99";
100 0 0 154,238 "100";
101 0 0 111,205 "101";
102 0 0 23,185 "102";
103 0 1 123,133 "103";
104 2 1 37,252 "104";
105 1 0 56,87 "105";
106 1 0 101,143 "106";
107 0 0 189,213 "107";
108 2 1 111,137 "108";
109 1 0 90,161 "109";
110 1 0 93,173 "110";
111 1 0 0,65 "111";
112 0 1 152,249 "112";
113 1 1 183,213 "113";
114 2 1 119,259 "114";
115 2 1 71,194 "115";
116 0 1 146,212 "116";
117 1 0 28,98 "117";
118 2 1 100,242 "118";
119 0 0 30,180 "119";
120 0 1 121,206 "120";
121 0 0 204,244 "121";
122 1 1 16,194 "122";
123 1 0 17,181 "123";
124 0 1 190,231 "124";
125 2 1 159,179 "125";
126 1 1 50,77 "126";
127 2 1 86,155 "127";
128 1 0 31,98 "128";
129 2 0 21,162 "129";
130 2 1 1,175 "130";
131 0 0 104,243 "131";
132 1 0 56,104 "132";
133 0 1 6,167 "133";
134 2 1 114,152 "134";
135 1 0 1,92 "135";
136 2 0 88,163 "136";
137 2 1 29,117 "137";
138 2 1 186,225 "138";
139 2 1 37,175 "139";
140 0 0 168,254 "140";
141 0 0 2,94 "141";
142 0 0 3,168 "142";
143 1 1 169,180 "143";
144 2 0 39,131 "144";
145 0 0 29,116 "145";
146 2 1 81,185 "146";
147 2 0 33,183 "147";
148 0 0 67,197 "148";
149 1 1 105,153 "149";
150 0 1 72,248 "150";
151 0 1 24,97 "151";
152 1 1 1,183 "152";
153 1 1 36,83 "153";
154 0 0 64,237 "154";
155 1 1 23,104 "155";
156 2 0 13,235 "156";
157 2 1 178,224 "157";
158 0 1 115,180 "158";
159 1 0 19,179 "159";
160 2 0 9,167 "160";
161 2 0 148,173 "161";
162 2 0 75,255 "162";
163 0 0 129,146 "163";
164 0 1 147,199 "164";
165 2 1 80,155 "165";
166 1 0 24,29 "166";
167 2 1 150,162 "167";
168 2 0 253,259 "168";
169 0 0 49,97 "169";
170 0 1 196,218 "170";
171 1 0 209,247 "171";
172 1 0 134,197 "172";
173 2 1 145,253 "173";
174 0 0 56,141 "174";
175 1 0 33,245 "175";
176 2 1 41,88 "176";
177 1 1 55,238 "177";
178 2 0 37,57 "178";
179 1 1 130,247 "179";
180 2 0 101,210 "180";
181 0 0 145,247 "181";
182 2 1 24,47 "182";
183 2 0 133,252 "183";
184 1 0 186,199 "184";
185 1 1 8,23 "185";
186 2 1 41,191 "186";
187 2 0 23,230 "187";
188 0 1 20,83 "188";
189 1 0 30,167 "189";
190 0 0 103,169 "190";
191 2 0 123,184 "191";
192 1 1 24,214 "192";
193 2 1 43,102 "193";
194 1 0 70,104 "194";
195 1 0 166,229 "195";
196 1 1 4,112 "196";
197 1 0 97,111 "197";
198 1 0 178,241 "198";
199 1 0 115,122 "199";
200 1 0 11,133 "200";
201 2 1 76,257 "201";
202 2 1 123,253 "202";
203 1 1 98,122 "203";
204 1 1 20,165 "204";
205 1 1 119,186 "205";
206 2 1 97,210 "206";
207 1 1 108,259 "207";
208 0 1 77,100 "208";
209 2 1 18,72 "209";
210 0 0 23,189 "210";
211 1 1 91,127 "211";
212 0 0 22,128 "212";
213 0 1 122,147 "213";
214 1 0 187,199 "214";
215 1 1 91,187 "215";
216 2 0 109,116 "216";
217 2 1 91,185 "217";
218 0 1 39,233 "218";
219 1 1 169,243 "219";
220 1 1 160,202 "220";
221 1 1 180,210 "221";
222 1 0 232,256 "222";
223 0 0 113,197 "223";
224 1 0 161,229 "224";
225 0 1 92,106 "225";
226 0 0 202,249 "226";
227 1 1 33,121 "227";
228 2 0 180,238 "228";
229 2 0 169,181 "229";
230 2 0 210,248 "230";
231 2 0 31,197 "231";
232 1 0 70,150 "232";
233 1 1 47,94 "233";
234 0 0 91,192 "234";
235 0 1 83,115 "235";
236 2 1 68,90 "236";
237 2 1 185,255 "237";
238 0 0 75,100 "238";
239 2 1 218,228 "239";
240 1 1 49,99 "240";
241 0 1 14,67 "241";
242 1 1 73,100 "242";
243 0 1 68,141 "243";
244 0 0 153,165 "244";
245 2 1 34,52 "245";
246 2 1 128,141 "246";
247 0 1 89,104 "247";
248 0 0 247,256 "248";
249 0 0 34,168 "249";
250 2 1 118,242 "250";
251 1 0 28,133 "251";
252 0 1 10,203 "252";
253 0 0 103,185 "253";
254 0 1 45,130 "254";
255 1 1 179,199 "255";
256 1 1 30,191 "256";
257 1 1 5,157 "257";
258 2 1 113,211 "258";
259 2 0 99,172 "259";
