parity 274;
0 0 1 142,183 "0";
1 0 0 107,202 "1";
2 2 0 29,215 "2";
3 2 0 14,101 "3";
4 0 1 1,256 "4";
5 0 0 211,235 "5";
6 1 0 159,252 "6";
7 2 1 67,94 "7";
8 1 1 98,101 "8";
9 2 0 127,207 "9";
10 1 0 79,129 "10";
11 2 1 79,122 "11";
12 2 1 22,197 "12";
13 1 1 152,243 "13";
14 1 0 135,178 "14";
15 1 1 143,214 "15";
16 0 0 60,249 "16";
17 0 0 34,165 "17";
18 2 1 122,263 "18";
19 1 0 87,186 "19";
20 1 1 30,244 "20";
21 2 0 2,43 "21";
22 1 0 18,139 "22";
23 0 1 0,122 "23";
24 2 0 27,91 "24";
25 0 0 157,163 "25";
26 1 0 72,113 "26";
27 1 1 15,67 "27";
28 2 1 45,53 "28";
29 1 0 145,199 "29";
30 0 0 147,176 "30";
31 1 1 127,177 "31";
32 2 0 74,214 "32";
33 2 0 41,140 "33";
34 0 1 44,102 "34";
35 0 1 3,235 "35";
36 1 1 44,268 "36";
37 0 0 34,224 "37";
38 1 0 164,238 "38";
39 1 1 27,221 "39";
40 0 1 88,178 "40";
41 0 1 150,266 "41";
42 0 0 80,107 "42";
43 1 1 44,149 "43";
44 0 1 102,200 "44";
45 0 1 121,257 "45";
46 1 0 226,258 "46";
47 0 1 163,259 "47";
48 1 1 233,239 "48";
49 0 0 37,61 "49";
50 2 0 162,236 "50";
51 1 1 23,134 "51";
52 1 0 37,146 "52";
53 1 0 204,227 "53";
54 2 1 2,66 "54";
55 1 1 40,98 "55";
56 1 0 154,218 "56";
57 0 1 107,117 "57";
58 2 0 49,66 "58";
59 1 0 126,271 "59";
60 2 0 74,103 "60";
61 1 0 29,203 "61";
62 1 0 177,203 "62";
63 1 1 38,145 "63";
64 1 1 157,254 "64";
65 2 0 166,209 "65";
66 1 1 170,212 "66";
67 1 1 41,247 "67";
68 1 0 115,254 "68";
69 2 0 38,157 "69";
70 1 0 8,215 "70";
71 2 0 203,256 "71";
72 1 0 92,140 "72";
73 0 1 154,263 "73";
74 2 0 80,259 "74";
75 1 0 70,269 "75";
76 1 1 65,149 "76";
77 0 1 87,107 "77";
78 1 0 31,64 "78";
79 0 0 45,242 "79";
80 1 1 118,146 "80";
81 0 0 157,213 "81";
82 0 0 84,205 "82";
83 1 0 71,181 "83";
84 2 0 115,186 "84";
85 0 0 83,240 "85";
86 1 0 127,216 "86";
87 1 0 102,241 "87";
88 2 1 20,171 "88";
89 0 0 59,71 "89";
90 1 1 17,48 "90";
91 0 1 123,138 "91";
92 2 1 0,82 "92";
93 2 0 31,49 "93";
94 0 0 200,223 "94";
95 2 1 5,181 "95";
96 2 1 21,223 "96";
97 2 1 195,274 "97";
98 1 1 47,73 "98";
99 2 1 154,155 "99";
100 2 1 84,229 "100";
101 0 0 143,233 "101";
102 1 0 89,94 "102";
103 1 0 116,196 "103";
104 1 1 39,269 "104";
105 1 0 15,221 "105";
106 0 0 246,265 "106";
107 2 1 90,197 "107";
108 2 1 88,166 "108";
109 0 0 163,253 "109";
110 1 1 74,149 "110";
111 2 1 70,175 "111";
112 2 1 204,239 "112";
113 1 0 15,135 "113";
114 0 0 21,184 "114";
115 1 1 17,186 "115";
116 2 0 25,154 "116";
117 0 1 118,271 "117";
118 0 0 120,265 "118";
119 1 1 56,223 "119";
120 2 1 7,63 "120";
121 2 0 58,250 "121";
122 1 1 52,255 "122";
123 0 0 47,241 "123";
124 0 1 135,160 "124";
125 1 0 13,243 "125";
126 0 0 15,167 "126";
127 2 1 137,211 "127";
128 1 1 250,273 "128";
129 0 1 166,184 "129";
130 2 0 106,261 "130";
131 2 1 11,186 "131";
132 1 0 139,161 "132";
133 1 1 124,140 "133";
134 1 1 8,46 "134";
135 0 0 152,254 "135";
136 1 1 6,274 "136";
137 1 0 170,237 "137";
138 1 0 10,176 "138";
139 0 1 50,78 "139";
140 2 0 164,175 "140";
141 0 0 160,195 "141";
142 0 1 126,201 "142";
143 1 1 55,163 "143";
144 0 0 25,79 "144";
145 2 0 58,86 "145";
146 2 0 93,143 "146";
147 1 0 143,160 "147";
148 0 0 162,268 "148";
149 2 0 172,260 "149";
150 1 1 64,221 "150";
151 2 1 1,196 "151";
152 0 0 171,224 "152";
153 1 1 158,271 "153";
154 1 1 209,259 "154";
155 0 1 10,115 "155";
156 1 1 4,121 "156";
157 2 0 124,144 "157";
158 1 1 55,142 "158";
159 0 1 171,256 "159";
160 0 1 22,107 "160";
161 1 0 15,180 "161";
162 0 1 41,144 "162";
163 2 0 73,172 "163";
164 1 1 73,77 "164";
165 2 1 6,155 "165";
166 1 1 79,243 "166";
167 0 1 17,230 "167";
168 2 1 223,232 "168";
169 2 1 161,207 "169";
170 0 1 57,201 "170";
171 1 0 112,143 "171";
172 2 0 243,259 "172";
173 2 1 105,269 "173";
174 2 0 80,241 "174";
175 1 1 215,230 "175";
176 0 1 16,23 "176";
177 1 1 110,174 "177";
178 2 0 158,199 "178";
179 2 0 254,265 "179";
180 0 0 4,243 "180";
181 0 0 1,223 "181";
182 0 0 70,266 "182";
183 2 0 93,95 "183";
184 2 1 139,153 "184";
185 1 1 55,221 "185";
186 0 0 163,220 "186";
187 0 1 17,91 "187";
188 1 0 37,124 "188";
189 2 0 18,245 "189";
190 1 1 129,191 "190";
191 0 0 204,234 "191";
192 0 0 111,127 "192";
193 2 1 128,161 "193";
194 1 0 18,218 "194";
195 2 1 58,219 "195";
196 2 0 106,136 "196";
197 2 1 84,107 "197";
198 0 0 79,103 "198";
199 2 0 165,234 "199";
200 0 0 204,247 "200";
201 2 0 9,51 "201";
202 1 1 1,214 "202";
203 1 1 101,219 "203";
204 0 1 155,264 "204";
205 2 1 28,176 "205";
206 0 0 114,263 "206";
207 0 1 169,186 "207";
208 0 0 38,234 "208";
209 0 0 38,181 "209";
210 2 0 47,140 "210";
211 0 0 106,210 "211";
212 2 1 123,139 "212";
213 0 1 105,107 "213";
214 2 1 81,257 "214";
215 1 1 27,270 "215";
216 2 0 97,252 "216";
217 2 0 70,95 "217";
218 1 0 3,261 "218";
219 0 0 64,157 "219";
220 0 0 145,198 "220";
221 0 1 36,253 "221";
222 2 1 33,251 "222";
223 0 0 193,226 "223";
224 1 1 45,105 "224";
225 1 0 65,75 "225";
226 1 0 108,144 "226";
227 0 0 13,119 "227";
228 2 1 6,61 "228";
229 1 1 111,211 "229";
230 0 1 104,223 "230";
231 1 0 48,199 "231";
232 0 0 91,122 "232";
233 2 0 5,88 "233";
234 1 0 189,261 "234";
235 0 0 92,159 "235";
236 0 1 232,263 "236";
237 0 1 156,255 "237";
238 2 1 43,105 "238";
239 2 1 122,221 "239";
240 1 0 140,197 "240";
241 0 0 120,264 "241";
242 1 1 12,187 "242";
243 2 1 37,186 "243";
244 0 1 112,131 "244";
245 2 0 54,249 "245";
246 1 0 49,233 "246";
247 1 0 79,220 "247";
248 2 1 44,105 "248";
249 0 0 225,272 "249";
250 0 0 59,160 "250";
251 2 1 186,247 "251";
252 0 0 212,248 "252";
253 1 0 68,181 "253";
254 1 1 8,18 "254";
255 0 0 63,176 "255";
256 0 1 36,134 "256";
257 0 0 98,206 "257";
258 2 0 18,140 "258";
259 2 0 11,244 "259";
260 0 0 233,263 "260";
261 2 1 97,171 "261";
262 1 0 3,223 "262";
263 0 0 72,227 "263";
264 0 0 143,225 "264";
265 0 0 260,267 "265";
266 2 1 206,261 "266";
267 1 1 127,167 "267";
268 2 1 117,209 "268";
269 1 0 180,207 "269";
270 2 0 235,251 "270";
271 1 0 64,162 "271";
272 1 0 103,232 "272";
273 1 0 12,246 "273";
274 2 0 115,126 "274";
