parity 219;
0 1 0 78,143 "0";
1 1 0 16,57 "1";
2 0 1 137,155 "2";
3 1 0 104,123 "3";
4 1 1 192,217 "4";
5 0 1 135,167 "5";
6 2 1 25,196 "6";
7 1 0 2,44 "7";
8 0 0 30,100 "8";
9 1 0 31,157 "9";
10 1 0 104,206 "10";
11 2 1 166,204 "11";
12 2 0 0,41 "12";
13 0 1 2,140 "13";
14 2 1 1,156 "14";
15 2 0 184,201 "15";
16 0 0 106,210 "16";
17 2 0 22,134 "17";
18 0 1 127,216 "18";
19 1 0 32,33 "19";
20 0 1 15,93 "20";
21 1 1 23,37 "21";
22 1 0 110,209 "22";
23 2 0 61,152 "23";
24 0 1 47,136 "24";
25 2 0 29,206 "25";
26 2 1 28,216 "26";
27 1 0 69,142 "27";
28 2 1 89,123 "28";
29 0 1 17,102 "29";
30 0 0 120,209 "30";
31 0 1 109,121 "31";
32 1 1 4,51 "32";
33 1 0 25,179 "33";
34 1 1 64,150 "34";
35 0 1 17,39 "35";
36 0 1 96,149 "36";
37 1 0 59,112 "37";
38 2 1 28,100 "38";
39 1 0 101,176 "39";
40 0 1 99,165 "40";
41 2 1 111,204 "41";
42 2 0 130,216 "42";
43 2 1 160,204 "43";
44 2 0 206,212 "44";
45 2 1 105,216 "45";
46 0 0 116,187 "46";
47 1 1 132,182 "47";
48 2 0 88,189 "48";
49 2 0 83,174 "49";
50 0 1 93,170 "50";
51 2 1 114,136 "51";
52 0 0 78,170 "52";
53 0 1 177,193 "53";
54 2 0 201,214 "54";
55 0 0 82,115 "55";
56 0 1 8,63 "56";
57 0 1 31,59 "57";
58 1 0 35,115 "58";
59 1 0 115,199 "59";
60 1 0 5,31 "60";
61 1 0 107,129 "61";
62 1 1 129,214 "62";
63 1 1 45,90 "63";
64 2 0 25,199 "64";
65 0 0 125,181 "65";
66 0 0 119,205 "66";
67 2 0 115,150 "67";
68 2 1 198,199 "68";
69 0 0 9,82 "69";
70 2 1 47,131 "70";
71 2 1 155,181 "71";
72 1 0 113,157 "72";
73 0 1 12,206 "73";
74 2 0 67,167 "74";
75 2 0 34,144 "75";
76 1 1 44,189 "76";
77 2 0 33,37 "77";
78 2 0 51,60 "78";
79 1 1 180,185 "79";
80 0 1 27,190 "80";
81 0 1 143,191 "81";
82 0 1 124,209 "82";
83 2 1 35,150 "83";
84 2 0 62,72 "84";
85 0 1 99,202 "85";
86 0 1 4,23 "86";
87 2 0 32,188 "87";
88 1 1 46,196 "88";
89 0 0 57,87 "89";
90 0 0 54,201 "90";
91 1 1 126,172 "91";
92 2 1 94,213 "92";
93 2 1 98,157 "93";
94 2 1 28,150 "94";
95 2 0 37,83 "95";
96 2 0 97,210 "96";
97 0 0 25,130 "97";
98 2 1 2,16 "98";
99 1 0 66,74 "99";
100 1 0 68,177 "100";
101 2 0 136,192 "101";
102 1 1 3,71 "102";
103 2 1 4,19 "103";
104 1 0 133,159 "104";
105 1 0 41,216 "105";
106 2 0 180,213 "106";
107 2 0 52,127 "107";
108 0 1 51,200 "108";
109 2 1 19,203 "109";
110 0 1 83,207 "110";
111 2 0 14,64 "111";
112 2 1 49,153 "112";
113 2 0 9,119 "113";
114 0 1 41,70 "114";
115 1 1 48,95 "115";
116 1 1 72,80 "116";
117 0 1 7,189 "117";
118 0 1 94,130 "118";
119 2 0 51,150 "119";
120 1 0 14,209 "120";
121 2 1 120,209 "121";
122 1 1 83,137 "122";
123 2 0 74,174 "123";
124 0 0 57,213 "124";
125 1 0 163,173 "125";
126 0 1 83,116 "126";
127 0 0 157,201 "127";
128 1 0 44,204 "128";
129 0 1 36,118 "129";
130 2 1 44,97 "130";
131 1 1 177,201 "131";
132 1 0 104,108 "132";
133 2 0 27,46 "133";
134 2 0 27,59 "134";
135 0 0 160,176 "135";
136 1 0 49,138 "136";
137 0 1 64,194 "137";
138 1 0 42,74 "138";
139 2 1 89,184 "139";
140 0 1 63,204 "140";
141 0 1 191,205 "141";
142 1 0 48,147 "142";
143 0 0 32,137 "143";
144 1 0 50,101 "144";
145 1 1 115,196 "145";
146 0 1 101,113 "146";
147 0 1 73,195 "147";
148 2 1 120,211 "148";
149 1 0 179,190 "149";
150 2 1 26,94 "150";
151 0 1 65,180 "151";
152 2 1 86,180 "152";
153 2 1 121,138 "153";
154 0 1 106,177 "154";
155 2 0 24,156 "155";
156 1 0 57,176 "156";
157 0 1 17,132 "157";
158 0 1 122,154 "158";
159 2 0 82,143 "159";
160 1 0 89,157 "160";
161 2 1 29,212 "161";
162 0 1 152,191 "162";
163 1 0 57,161 "163";
164 1 0 12,26 "164";
165 0 1 30,199 "165";
166 0 1 100,182 "166";
167 0 1 4,168 "167";
168 0 0 65,138 "168";
169 0 0 38,50 "169";
170 0 1 94,181 "170";
171 2 0 68,147 "171";
172 1 1 49,130 "172";
173 2 1 16,195 "173";
174 2 1 148,186 "174";
175 0 1 17,91 "175";
176 2 1 55,211 "176";
177 1 1 15,63 "177";
178 0 0 102,170 "178";
179 1 1 81,144 "179";
180 2 0 15,129 "180";
181 1 0 96,139 "181";
182 0 1 102,124 "182";
183 1 1 55,99 "183";
184 1 0 31,85 "184";
185 1 0 73,90 "185";
186 1 0 99,194 "186";
187 2 1 41,136 "187";
188 1 0 129,165 "188";
189 2 0 6,121 "189";
190 1 0 11,120 "190";
191 1 1 104,180 "191";
192 1 1 16,113 "192";
193 0 0 159,214 "193";
194 2 1 9,136 "194";
195 2 0 85,152 "195";
196 2 1 38,127 "196";
197 1 0 14,97 "197";
198 0 1 6,12 "198";
199 1 0 59,75 "199";
200 0 1 108,142 "200";
201 0 1 178,206 "201";
202 0 1 166,185 "202";
203 1 1 139,210 "203";
204 0 1 0,18 "204";
205 2 0 83,120 "205";
206 1 1 41,151 "206";
207 2 1 187,218 "207";
208 1 0 68,181 "208";
209 1 1 104,107 "209";
210 0 0 76,130 "210";
211 2 0 215,217 "211";
212 0 0 90,218 "212";
213 2 1 107,149 "213";
214 0 1 58,64 "214";
215 1 1 57,61 "215";
216 1 0 159,167 "216";
217 0 1 210,213 "217";
218 1 1 158,169 "218";
219 0 1 64,120 "219";
