parity 204;
0 0 0 82,194 "0";
1 0 0 69,180 "1";
2 0 1 107,113 "2";
3 1 0 32,147 "3";
4 2 0 15,153 "4";
5 1 1 30,129 "5";
6 1 0 34,104 "6";
7 1 0 117,204 "7";
8 1 0 1,55 "8";
9 2 1 28,32 "9";
10 1 1 49,148 "10";
11 2 0 66,112 "11";
12 0 1 8,108 "12";
13 1 0 20,183 "13";
14 0 0 112,200 "14";
15 0 1 125,143 "15";
16 1 1 18,72 "16";
17 2 1 86,169 "17";
18 1 1 7,190 "18";
19 2 1 63,187 "19";
20 0 1 142,144 "20";
21 1 0 8,191 "21";
22 1 0 7,71 "22";
23 0 0 94,130 "23";
24 0 0 27,111 "24";
25 2 0 75,182 "25";
26 2 0 147,187 "26";
27 0 0 2,163 "27";
28 2 1 34,183 "28";
29 1 0 114,172 "29";
30 2 0 8,173 "30";
31 0 1 96,151 "31";
32 2 0 52,169 "32";
33 1 1 9,117 "33";
34 2 1 84,156 "34";
35 1 1 70,78 "35";
36 2 1 167,190 "36";
37 1 0 93,118 "37";
38 1 0 108,127 "38";
39 1 1 28,31 "39";
40 1 1 77,155 "40";
41 0 1 26,38 "41";
42 1 0 59,133 "42";
43 0 1 151,169 "43";
44 1 1 131,201 "44";
45 0 0 62,66 "45";
46 2 0 26,103 "46";
47 0 1 95,116 "47";
48 2 0 26,105 "48";
49 0 0 29,74 "49";
50 1 0 38,132 "50";
51 2 0 138,178 "51";
52 2 1 18,57 "52";
53 1 1 168,174 "53";
54 2 1 124,195 "54";
55 2 1 9,26 "55";
56 0 1 128,196 "56";
57 2 1 177,204 "57";
58 0 1 150,182 "58";
59 2 0 151,163 "59";
60 0 0 76,198 "60";
61 0 1 47,71 "61";
62 2 0 61,110 "62";
63 2 0 74,196 "63";
64 2 0 29,42 "64";
65 2 1 31,52 "65";
66 2 0 53,103 "66";
67 1 1 82,145 "67";
68 2 1 147,192 "68";
69 1 1 59,104 "69";
70 1 0 186,193 "70";
71 0 0 127,132 "71";
72 1 0 184,186 "72";
73 0 1 22,89 "73";
74 1 0 17,178 "74";
75 0 1 139,173 "75";
76 0 1 97,195 "76";
77 2 1 9,29 "77";
78 0 1 4,16 "78";
79 2 0 19,159 "79";
80 1 0 81,160 "80";
81 0 0 6,161 "81";
82 0 0 165,201 "82";
83 2 1 72,151 "83";
84 2 1 32,122 "84";
85 2 0 46,121 "85";
86 0 1 48,89 "86";
87 1 1 52,188 "87";
88 1 0 67,73 "88";
89 2 1 154,181 "89";
90 1 1 158,191 "90";
91 1 0 1,103 "91";
92 2 1 1,95 "92";
93 0 0 62,94 "93";
94 2 0 140,148 "94";
95 1 0 16,98 "95";
96 0 1 73,102 "96";
97 2 0 29,61 "97";
98 2 0 49,54 "98";
99 2 1 65,166 "99";
100 1 1 137,181 "100";
101 1 0 3,86 "101";
102 0 0 17,103 "102";
103 0 1 2,34 "103";
104 1 1 68,113 "104";
105 2 1 1,73 "105";
106 2 1 113,120 "106";
107 0 1 160,190 "107";
108 1 0 130,146 "108";
109 0 1 55,172 "109";
110 2 0 6,30 "110";
111 1 1 48,70 "111";
112 2 0 83,115 "112";
113 1 0 156,171 "113";
114 1 0 57,119 "114";
115 0 0 112,163 "115";
116 2 0 7,187 "116";
117 0 1 61,189 "117";
118 1 0 69,141 "118";
119 1 1 76,82 "119";
120 1 0 52,140 "120";
121 2 0 21,87 "121";
122 0 1 30,34 "122";
123 2 0 67,119 "123";
124 2 1 74,106 "124";
125 2 0 37,135 "125";
126 2 0 6,181 "126";
127 2 0 93,163 "127";
128 2 1 94,144 "128";
129 2 0 13,189 "129";
130 1 0 35,38 "130";
131 0 1 144,174 "131";
132 0 1 110,136 "132";
133 1 1 0,72 "133";
134 2 0 73,90 "134";
135 0 0 17,203 "135";
136 0 0 27,51 "136";
137 2 1 58,120 "137";
138 0 0 107,170 "138";
139 1 0 5,95 "139";
140 0 0 141,162 "140";
141 1 1 21,53 "141";
142 0 1 67,80 "142";
143 0 0 48,132 "143";
144 1 1 36,116 "144";
145 1 1 94,170 "145";
146 1 0 38,83 "146";
147 0 0 59,156 "147";
148 1 1 80,188 "148";
149 2 1 35,74 "149";
150 2 0 88,90 "150";
151 0 0 105,132 "151";
152 0 1 14,154 "152";
153 0 1 135,139 "153";
154 0 1 42,129 "154";
155 0 0 23,194 "155";
156 0 1 157,184 "156";
157 2 0 34,50 "157";
158 2 1 103,178 "158";
159 0 1 10,203 "159";
160 0 0 77,195 "160";
161 2 0 191,197 "161";
162 2 0 2,142 "162";
163 0 1 131,174 "163";
164 0 1 57,196 "164";
165 2 1 55,139 "165";
166 1 0 62,77 "166";
167 2 1 155,171 "167";
168 0 0 51,93 "168";
169 1 1 72,135 "169";
170 2 1 46,56 "170";
171 2 0 132,193 "171";
172 0 1 151,183 "172";
173 1 1 177,203 "173";
174 1 0 20,108 "174";
175 2 1 75,126 "175";
176 0 1 57,65 "176";
177 0 0 50,152 "177";
178 2 1 15,28 "178";
179 1 0 114,133 "179";
180 2 0 59,85 "180";
181 0 0 10,80 "181";
182 0 0 69,103 "182";
183 1 1 34,100 "183";
184 2 0 139,193 "184";
185 1 0 14,61 "185";
186 0 1 6,147 "186";
187 1 1 2,144 "187";
188 1 0 32,137 "188";
189 2 1 61,187 "189";
190 0 1 22,69 "190";
191 2 0 119,120 "191";
192 1 0 95,157 "192";
193 1 1 58,72 "193";
194 1 0 80,116 "194";
195 0 1 54,95 "195";
196 1 1 36,184 "196";
197 0 1 92,126 "197";
198 2 1 11,119 "198";
199 1 1 22,91 "199";
200 0 0 21,192 "200";
201 1 0 79,163 "201";
202 1 1 96,100 "202";
203 0 1 45,145 "203";
204 0 1 37,166 "204";
