parity 259;
0 2 0 66,95 "0";
1 1 0 62,174 "1";
2 0 0 157,207 "2";
3 1 1 119,197 "3";
4 1 1 109,171 "4";
5 1 1 112,152 "5";
6 1 1 17,21 "6";
7 0 0 144,151 "7";
8 2 0 196,198 "8";
9 0 0 139,170 "9";
10 0 0 0,165 "10";
11 2 1 208,213 "11";
12 2 1 74,254 "12";
13 0 1 42,146 "13";
14 1 1 129,211 "14";
15 1 1 19,105 "15";
16 0 0 112,161 "16";
17 0 0 5,228 "17";
18 0 1 92,141 "18";
19 0 1 11,84 "19";
20 0 0 86,157 "20";
21 0 0 4,147 "21";
22 2 0 109,205 "22";
23 1 1 79,213 "23";
24 1 0 124,130 "24";
25 1 1 35,141 "25";
26 0 0 174,215 "26";
27 2 0 105,254 "27";
28 0 0 164,169 "28";
29 0 1 8,90 "29";
30 2 1 98,203 "30";
31 0 1 106,121 "31";
32 1 1 214,232 "32";
33 1 0 213,216 "33";
34 0 0 75,239 "34";
35 2 0 133,164 "35";
36 1 0 228,234 "36";
37 2 1 20,64 "37";
38 2 1 73,222 "38";
39 1 0 124,152 "39";
40 2 0 20,164 "40";
41 2 1 88,107 "41";
42 0 1 85,219 "42";
43 1 1 17,141 "43";
44 2 0 22,191 "44";
45 1 1 126,203 "45";
46 2 0 11,154 "46";
47 0 1 62,226 "47";
48 1 1 70,239 "48";
49 0 0 0,103 "49";
50 2 0 11,52 "50";
51 1 1 102,158 "51";
52 1 1 117,127 "52";
53 0 0 50,85 "53";
54 1 0 83,112 "54";
55 1 1 16,23 "55";
56 2 1 47,138 "56";
57 1 1 50,167 "57";
58 0 1 183,199 "58";
59 1 1 58,106 "59";
60 0 0 208,233 "60";
61 2 0 39,68 "61";
62 1 1 149,213 "62";
63 2 1 19,65 "63";
64 0 0 177,245 "64";
65 2 0 19,188 "65";
66 2 0 213,251 "66";
67 0 1 172,177 "67";
68 1 1 93,259 "68";
69 2 0 79,247 "69";
70 2 0 171,232 "70";
71 0 0 213,228 "71";
72 2 1 16,53 "72";
73 0 0 65,211 "73";
74 1 0 109,113 "74";
75 1 1 3,64 "75";
76 2 0 95,103 "76";
77 2 0 105,205 "77";
78 1 1 167,225 "78";
79 1 0 117,210 "79";
80 2 1 79,93 "80";
81 1 1 141,231 "81";
82 2 0 65,220 "82";
83 0 0 54,122 "83";
84 0 1 225,229 "84";
85 1 0 159,229 "85";
86 2 0 139,155 "86";
87 2 1 220,236 "87";
88 0 1 78,161 "88";
89 0 1 15,104 "89";
90 0 1 171,237 "90";
91 2 0 138,251 "91";
92 1 1 62,126 "92";
93 1 0 7,23 "93";
94 1 1 36,196 "94";
95 2 0 52,72 "95";
96 2 0 75,202 "96";
97 1 1 17,209 "97";
98 2 1 34,44 "98";
99 0 1 108,168 "99";
100 2 1 47,122 "100";
101 0 0 17,224 "101";
102 1 0 62,136 "102";
103 0 0 69,205 "103";
104 1 0 49,66 "104";
105 1 1 39,73 "105";
106 0 1 188,228 "106";
107 2 0 40,215 "107";
108 1 1 117,153 "108";
109 0 0 238,242 "109";
110 1 0 138,213 "110";
111 1 0 120,243 "111";
112 0 1 42,188 "112";
113 0 1 98,117 "113";
114 0 1 67,187 "114";
115 0 1 43,216 "115";
116 2 0 177,233 "116";
117 1 0 105,172 "117";
118 0 0 6,257 "118";
119 1 1 4,22 "119";
120 2 1 8,47 "120";
121 2 1 44,169 "121";
122 1 0 92,243 "122";
123 2 1 33,148 "123";
124 1 0 17,105 "124";
125 2 1 203,239 "125";
126 0 1 51,83 "126";
127 0 1 120,218 "127";
128 2 0 154,163 "128";
129 0 1 140,243 "129";
130 1 1 21,107 "130";
131 2 1 6,22 "131";
132 0 0 184,251 "132";
133 2 0 51,210 "133";
134 2 0 141,196 "134";
135 2 1 4,88 "135";
136 0 0 50,118 "136";
137 1 0 57,187 "137";
138 1 0 137,220 "138";
139 0 0 7,206 "139";
140 2 1 16,22 "140";
141 1 0 25,213 "141";
142 2 1 43,139 "142";
143 1 1 124,174 "143";
144 0 1 118,166 "144";
145 2 0 143,203 "145";
146 2 0 103,134 "146";
147 0 1 3,241 "147";
148 2 0 52,97 "148";
149 2 0 3,73 "149";
150 0 0 60,234 "150";
151 1 0 165,215 "151";
152 0 1 130,156 "152";
153 2 0 69,120 "153";
154 1 1 96,222 "154";
155 1 0 132,238 "155";
156 2 0 33,173 "156";
157 1 0 54,204 "157";
158 0 1 45,134 "158";
159 1 1 166,186 "159";
160 1 0 90,96 "160";
161 0 0 182,194 "161";
162 2 1 194,205 "162";
163 0 1 48,99 "163";
164 0 1 160,248 "164";
165 0 0 75,143 "165";
166 0 1 66,69 "166";
167 2 0 76,95 "167";
168 2 1 174,255 "168";
169 0 1 170,183 "169";
170 1 1 149,249 "170";
171 0 0 13,172 "171";
172 1 0 247,256 "172";
173 0 1 11,241 "173";
174 1 0 9,162 "174";
175 2 0 10,72 "175";
176 2 1 131,215 "176";
177 2 1 47,78 "177";
178 1 0 78,150 "178";
179 1 0 225,236 "179";
180 0 0 80,205 "180";
181 2 0 78,156 "181";
182 1 1 125,137 "182";
183 0 1 43,159 "183";
184 2 1 160,217 "184";
185 0 0 233,235 "185";
186 2 0 12,26 "186";
187 2 0 73,207 "187";
188 0 0 46,215 "188";
189 1 1 23,238 "189";
190 2 0 163,193 "190";
191 0 1 45,51 "191";
192 1 0 116,181 "192";
193 1 0 199,239 "193";
194 0 0 85,100 "194";
195 2 1 174,180 "195";
196 0 1 138,195 "196";
197 0 0 57,182 "197";
198 2 0 63,259 "198";
199 2 0 27,193 "199";
200 1 0 44,78 "200";
201 0 1 103,184 "201";
202 1 1 194,242 "202";
203 1 1 99,109 "203";
204 0 1 74,194 "204";
205 0 0 61,113 "205";
206 0 0 52,225 "206";
207 1 0 63,106 "207";
208 1 0 137,253 "208";
209 2 1 167,239 "209";
210 2 1 4,204 "210";
211 2 0 70,135 "211";
212 1 0 155,167 "212";
213 0 0 64,84 "213";
214 1 0 29,238 "214";
215 2 0 100,169 "215";
216 0 0 53,87 "216";
217 1 0 31,225 "217";
218 0 1 213,227 "218";
219 1 1 57,162 "219";
220 0 1 172,197 "220";
221 2 1 104,140 "221";
222 1 1 4,221 "222";
223 2 1 45,117 "223";
224 0 1 35,39 "224";
225 0 1 135,202 "225";
226 2 0 82,102 "226";
227 0 0 188,203 "227";
228 0 0 35,129 "228";
229 2 1 8,190 "229";
230 0 1 92,118 "230";
231 2 0 135,191 "231";
232 1 1 205,235 "232";
233 2 1 4,161 "233";
234 0 0 186,246 "234";
235 2 1 223,226 "235";
236 0 1 32,254 "236";
237 2 1 10,19 "237";
238 0 1 163,256 "238";
239 0 0 39,219 "239";
240 0 1 122,195 "240";
241 2 0 55,169 "241";
242 1 0 167,193 "242";
243 0 1 88,220 "243";
244 0 0 23,157 "244";
245 1 1 111,205 "245";
246 1 1 83,87 "246";
247 0 0 158,183 "247";
248 1 0 158,203 "248";
249 1 0 125,248 "249";
250 0 0 39,63 "250";
251 0 1 47,188 "251";
252 2 1 137,150 "252";
253 2 0 91,107 "253";
254 0 1 73,116 "254";
255 0 1 19,107 "255";
256 2 1 1,240 "256";
257 0 0 8,46 "257";
258 2 1 49,194 "258";
259 2 1 40,47 "259";
