parity 279;
0 1 1 175,230 "0";
1 1 1 7,157 "1";
2 2 1 17,132 "2";
3 0 0 60,256 "3";
4 0 0 57,130 "4";
5 2 0 23,193 "5";
6 1 0 10,49 "6";
7 0 1 54,208 "7";
8 2 0 79,111 "8";
9 1 0 65,136 "9";
10 1 1 194,209 "10";
11 0 0 110,252 "11";
12 1 0 148,265 "12";
13 1 1 50,185 "13";
14 0 1 67,139 "14";
15 0 0 193,198 "15";
16 1 1 107,144 "16";
17 0 0 119,205 "17";
18 2 0 73,193 "18";
19 0 1 134,254 "19";
20 0 1 17,202 "20";
21 2 1 126,181 "21";
22 0 0 165,210 "22";
23 2 0 71,74 "23";
24 1 0 72,172 "24";
25 1 1 87,170 "25";
26 0 0 25,224 "26";
27 2 0 7,49 "27";
28 2 0 4,230 "28";
29 1 0 172,263 "29";
30 1 0 144,146 "30";
31 2 1 124,186 "31";
32 2 0 23,71 "32";
33 0 1 49,73 "33";
34 0 0 89,118 "34";
35 1 1 135,244 "35";
36 2 1 227,231 "36";
37 2 0 32,244 "37";
38 1 1 30,68 "38";
39 2 1 62,148 "39";
40 2 0 166,201 "40";
41 0 0 95,260 "41";
42 0 0 227,264 "42";
43 1 0 46,197 "43";
44 1 1 4,139 "44";
45 2 0 102,273 "45";
46 0 0 5,259 "46";
47 1 1 16,26 "47";
48 0 0 42,252 "48";
49 0 0 134,171 "49";
50 1 0 96,152 "50";
51 2 1 83,130 "51";
52 0 1 80,101 "52";
53 2 1 135,244 "53";
54 2 0 87,169 "54";
55 2 0 87,233 "55";
56 1 0 89,173 "56";
57 2 0 105,203 "57";
58 2 0 105,225 "58";
59 1 0 34,178 "59";
60 0 1 151,257 "60";
61 0 0 123,199 "61";
62 2 1 70,80 "62";
63 1 0 19,167 "63";
64 1 1 3,233 "64";
65 0 0 17,59 "65";
66 2 1 4,238 "66";
67 0 1 26,216 "67";
68 1 1 96,115 "68";
69 1 1 86,97 "69";
70 0 1 118,131 "70";
71 2 0 35,94 "71";
72 0 0 49,203 "72";
73 0 1 5,119 "73";
74 2 1 38,134 "74";
75 2 0 99,183 "75";
76 1 1 144,230 "76";
77 2 0 145,183 "77";
78 0 0 75,116 "78";
79 0 0 28,70 "79";
80 1 1 74,219 "80";
81 1 1 127,210 "81";
82 0 0 226,274 "82";
83 2 0 199,265 "83";
84 0 0 122,215 "84";
85 0 1 202,221 "85";
86 1 1 267,273 "86";
87 2 1 131,160 "87";
88 2 0 92,251 "88";
89 2 0 127,156 "89";
90 1 1 117,245 "90";
91 2 0 159,198 "91";
92 2 1 38,215 "92";
93 2 0 125,176 "93";
94 0 1 170,216 "94";
95 1 0 61,97 "95";
96 0 0 58,135 "96";
97 0 1 0,251 "97";
98 2 0 12,277 "98";
99 2 0 106,267 "99";
100 0 1 90,237 "100";
101 0 0 60,75 "101";
102 0 1 32,177 "102";
103 2 1 185,257 "103";
104 0 0 50,217 "104";
105 0 0 90,127 "105";
106 0 0 113,262 "106";
107 0 0 23,106 "107";
108 2 1 246,271 "108";
109 2 0 29,269 "109";
110 0 1 35,133 "110";
111 0 1 46,217 "111";
112 0 0 42,106 "112";
113 2 0 189,233 "113";
114 0 0 79,153 "114";
115 2 1 27,246 "115";
116 1 1 103,221 "116";
117 1 1 131,160 "117";
118 0 0 16,130 "118";
119 2 0 180,192 "119";
120 0 1 110,164 "120";
121 2 1 159,182 "121";
122 0 0 40,89 "122";
123 1 0 200,268 "123";
124 2 0 121,249 "124";
125 1 1 124,159 "125";
126 0 1 76,153 "126";
127 1 1 99,217 "127";
128 1 1 234,248 "128";
129 2 0 49,125 "129";
130 0 1 22,201 "130";
131 1 0 102,144 "131";
132 0 1 125,150 "132";
133 1 1 51,235 "133";
134 0 0 222,243 "134";
135 0 1 93,275 "135";
136 1 1 78,104 "136";
137 0 1 34,144 "137";
138 0 0 21,181 "138";
139 1 0 19,232 "139";
140 2 1 106,268 "140";
141 0 0 50,112 "141";
142 0 0 1,207 "142";
143 0 1 47,269 "143";
144 1 0 173,256 "144";
145 0 1 193,269 "145";
146 1 1 174,177 "146";
147 1 0 51,224 "147";
148 0 0 35,172 "148";
149 1 1 209,228 "149";
150 0 0 7,223 "150";
151 2 0 20,177 "151";
152 1 1 6,19 "152";
153 2 0 72,88 "153";
154 0 0 160,220 "154";
155 1 0 159,186 "155";
156 2 0 202,212 "156";
157 0 1 31,168 "157";
158 0 0 52,242 "158";
159 1 0 165,218 "159";
160 2 0 167,170 "160";
161 0 0 166,198 "161";
162 0 0 37,77 "162";
163 2 1 131,183 "163";
164 0 0 124,175 "164";
165 2 0 0,140 "165";
166 1 0 101,170 "166";
167 0 1 70,129 "167";
168 1 0 50,244 "168";
169 1 1 143,163 "169";
170 2 0 46,207 "170";
171 2 1 235,262 "171";
172 1 0 82,90 "172";
173 2 0 107,235 "173";
174 2 1 202,277 "174";
175 2 1 8,36 "175";
176 0 1 142,187 "176";
177 2 0 198,220 "177";
178 1 1 33,140 "178";
179 0 1 198,222 "179";
180 1 0 69,161 "180";
181 0 0 128,242 "181";
182 2 0 219,257 "182";
183 1 0 1,79 "183";
184 0 1 62,109 "184";
185 0 0 218,276 "185";
186 2 1 171,270 "186";
187 2 1 40,130 "187";
188 1 0 11,215 "188";
189 0 0 128,207 "189";
190 1 1 27,210 "190";
191 1 1 1,252 "191";
192 2 1 46,210 "192";
193 0 1 74,139 "193";
194 0 1 30,208 "194";
195 0 0 6,109 "195";
196 1 1 26,243 "196";
197 0 1 155,173 "197";
198 0 1 59,126 "198";
199 0 0 101,150 "199";
200 0 0 47,134 "200";
201 0 1 135,240 "201";
202 0 0 92,127 "202";
203 2 1 17,209 "203";
204 2 0 171,200 "204";
205 2 0 26,227 "205";
206 1 1 147,236 "206";
207 0 0 17,136 "207";
208 0 1 114,191 "208";
209 1 0 241,268 "209";
210 2 1 42,125 "210";
211 0 1 167,255 "211";
212 0 0 107,186 "212";
213 0 1 161,229 "213";
214 0 1 161,208 "214";
215 0 0 117,257 "215";
216 0 0 71,271 "216";
217 2 0 36,72 "217";
218 2 1 53,125 "218";
219 2 0 91,245 "219";
220 2 1 54,245 "220";
221 2 0 227,255 "221";
222 0 0 7,61 "222";
223 2 0 72,138 "223";
224 0 1 2,157 "224";
225 2 0 55,268 "225";
226 1 1 58,126 "226";
227 0 1 0,114 "227";
228 0 0 137,146 "228";
229 1 1 77,180 "229";
230 2 0 45,249 "230";
231 1 1 29,115 "231";
232 0 1 33,99 "232";
233 0 1 60,129 "233";
234 1 1 172,218 "234";
235 1 0 19,182 "235";
236 1 1 33,128 "236";
237 1 1 77,155 "237";
238 1 0 211,271 "238";
239 1 0 81,82 "239";
240 0 0 51,251 "240";
241 1 1 44,268 "241";
242 0 0 147,202 "242";
243 1 1 110,198 "243";
244 0 0 145,256 "244";
245 2 0 20,26 "245";
246 1 1 48,100 "246";
247 2 1 115,172 "247";
248 1 0 51,78 "248";
249 0 0 92,131 "249";
250 0 1 44,58 "250";
251 1 0 265,276 "251";
252 0 1 61,88 "252";
253 0 1 3,79 "253";
254 0 0 43,257 "254";
255 2 0 172,238 "255";
256 0 1 85,159 "256";
257 1 1 34,129 "257";
258 1 0 103,233 "258";
259 1 0 74,175 "259";
260 1 1 56,174 "260";
261 0 0 45,53 "261";
262 0 0 79,176 "262";
263 1 1 128,216 "263";
264 0 1 61,277 "264";
265 1 0 51,146 "265";
266 2 1 109,120 "266";
267 1 0 210,243 "267";
268 0 0 207,227 "268";
269 0 1 132,177 "269";
270 1 1 235,265 "270";
271 0 0 134,151 "271";
272 0 1 164,201 "272";
273 1 0 138,234 "273";
274 1 0 223,258 "274";
275 0 1 40,224 "275";
276 1 1 84,132 "276";
277 1 1 145,260 "277";
278 2 0 132,187 "278";
279 1 1 32,162 "279";
