parity 254;
0 2 0 6,41 "0";
1 2 0 74,159 "1";
2 1 1 1,198 "2";
3 0 1 90,195 "3";
4 1 0 53,134 "4";
5 0 0 56,124 "5";
6 1 0 73,249 "6";
7 1 0 154,178 "7";
8 1 0 149,234 "8";
9 0 0 26,81 "9";
10 2 0 1,218 "10";
11 0 1 31,105 "11";
12 1 0 135,190 "12";
13 0 1 82,222 "13";
14 2 0 148,217 "14";
15 1 1 28,176 "15";
16 0 0 86,166 "16";
17 2 0 25,233 "17";
18 2 0 27,79 "18";
19 1 1 32,231 "19";
20 2 0 65,174 "20";
21 2 0 72,127 "21";
22 0 1 14,213 "22";
23 0 0 146,168 "23";
24 2 0 54,248 "24";
25 0 1 97,248 "25";
26 0 0 135,240 "26";
27 2 1 0,94 "27";
28 2 1 25,37 "28";
29 0 0 203,224 "29";
30 1 1 73,220 "30";
31 1 0 15,40 "31";
32 1 1 209,250 "32";
33 2 0 150,199 "33";
34 2 0 202,227 "34";
35 0 1 93,240 "35";
36 2 1 1,204 "36";
37 1 0 7,68 "37";
38 1 0 27,210 "38";
39 1 0 12,41 "39";
40 0 1 191,239 "40";
41 0 1 148,166 "41";
42 0 1 7,165 "42";
43 2 0 2,69 "43";
44 1 0 42,178 "44";
45 1 1 30,77 "45";
46 0 0 121,177 "46";
47 1 0 149,198 "47";
48 0 1 169,231 "48";
49 0 1 21,23 "49";
50 2 0 55,77 "50";
51 2 1 10,61 "51";
52 1 1 75,186 "52";
53 0 1 164,205 "53";
54 0 0 32,215 "54";
55 2 1 169,242 "55";
56 0 0 106,215 "56";
57 2 0 227,230 "57";
58 0 0 80,213 "58";
59 0 1 76,141 "59";
60 2 1 54,242 "60";
61 1 1 19,224 "61";
62 1 1 1,64 "62";
63 2 1 47,189 "63";
64 2 1 114,206 "64";
65 2 0 79,209 "65";
66 0 0 107,229 "66";
67 2 1 168,197 "67";
68 2 1 19,121 "68";
69 0 1 56,181 "69";
70 0 0 42,230 "70";
71 0 1 8,225 "71";
72 2 1 76,107 "72";
73 2 0 47,227 "73";
74 1 1 36,211 "74";
75 0 1 100,175 "75";
76 0 0 97,208 "76";
77 2 1 53,242 "77";
78 2 1 19,245 "78";
79 2 1 34,105 "79";
80 0 0 93,231 "80";
81 1 0 10,186 "81";
82 2 1 76,216 "82";
83 1 1 172,185 "83";
84 2 0 37,169 "84";
85 1 1 59,173 "85";
86 1 1 150,178 "86";
87 1 1 107,132 "87";
88 1 1 63,212 "88";
89 0 0 67,247 "89";
90 2 1 11,203 "90";
91 1 0 10,127 "91";
92 0 0 26,109 "92";
93 0 1 135,136 "93";
94 2 0 129,247 "94";
95 2 1 70,149 "95";
96 2 1 28,71 "96";
97 1 1 21,55 "97";
98 2 0 133,253 "98";
99 2 1 198,230 "99";
100 1 0 99,239 "100";
101 1 1 61,156 "101";
102 1 1 0,39 "102";
103 2 1 142,206 "103";
104 1 1 7,134 "104";
105 0 0 36,104 "105";
106 1 0 27,37 "106";
107 1 1 59,226 "107";
108 2 0 21,165 "108";
109 0 1 20,207 "109";
110 2 1 157,249 "110";
111 0 1 20,163 "111";
112 1 0 18,89 "112";
113 1 1 7,142 "113";
114 1 1 2,116 "114";
115 1 1 55,129 "115";
116 1 1 49,114 "116";
117 2 0 109,199 "117";
118 1 0 32,179 "118";
119 2 1 71,218 "119";
120 2 1 65,159 "120";
121 0 1 49,71 "121";
122 0 1 53,178 "122";
123 1 0 239,242 "123";
124 0 1 107,120 "124";
125 1 1 42,78 "125";
126 0 0 31,195 "126";
127 0 0 102,120 "127";
128 1 1 40,173 "128";
129 0 0 60,89 "129";
130 1 0 159,192 "130";
131 1 0 107,224 "131";
132 1 0 60,244 "132";
133 0 1 25,233 "133";
134 1 1 32,203 "134";
135 2 0 175,197 "135";
136 1 1 25,42 "136";
137 0 0 43,173 "137";
138 1 0 22,224 "138";
139 2 0 61,141 "139";
140 2 1 92,132 "140";
141 1 1 155,195 "141";
142 0 0 192,208 "142";
143 0 0 81,205 "143";
144 2 0 90,212 "144";
145 1 0 77,88 "145";
146 1 0 116,147 "146";
147 1 1 122,220 "147";
148 0 0 65,251 "148";
149 2 0 93,254 "149";
150 0 0 16,19 "150";
151 2 0 46,214 "151";
152 2 1 46,183 "152";
153 1 0 84,104 "153";
154 1 0 15,149 "154";
155 0 0 89,160 "155";
156 0 0 145,147 "156";
157 1 0 37,207 "157";
158 0 1 56,191 "158";
159 2 1 123,153 "159";
160 1 1 144,243 "160";
161 1 0 213,221 "161";
162 0 1 36,148 "162";
163 0 0 83,249 "163";
164 0 1 102,160 "164";
165 1 1 115,169 "165";
166 2 0 231,235 "166";
167 1 1 105,244 "167";
168 2 0 58,243 "168";
169 0 1 81,185 "169";
170 2 0 80,227 "170";
171 1 1 146,180 "171";
172 1 0 4,198 "172";
173 0 1 90,137 "173";
174 0 1 17,142 "174";
175 1 0 30,105 "175";
176 2 0 91,249 "176";
177 2 0 121,203 "177";
178 1 1 152,183 "178";
179 1 1 78,180 "179";
180 1 1 191,245 "180";
181 0 0 119,150 "181";
182 2 1 27,114 "182";
183 0 0 64,167 "183";
184 1 0 64,111 "184";
185 2 0 109,248 "185";
186 1 0 10,68 "186";
187 0 0 122,144 "187";
188 1 1 61,116 "188";
189 1 1 63,66 "189";
190 0 0 71,233 "190";
191 1 0 17,27 "191";
192 0 0 5,231 "192";
193 0 0 149,160 "193";
194 1 0 179,181 "194";
195 0 0 56,128 "195";
196 0 1 21,181 "196";
197 2 0 27,84 "197";
198 0 1 137,192 "198";
199 0 1 10,175 "199";
200 1 0 19,36 "200";
201 0 0 34,209 "201";
202 1 1 32,48 "202";
203 1 1 59,125 "203";
204 1 0 33,99 "204";
205 0 1 24,144 "205";
206 2 1 131,190 "206";
207 2 0 17,178 "207";
208 0 1 59,137 "208";
209 1 1 105,130 "209";
210 0 0 116,152 "210";
211 1 0 59,191 "211";
212 1 0 187,209 "212";
213 1 0 64,132 "213";
214 0 0 116,196 "214";
215 2 0 72,163 "215";
216 2 1 41,50 "216";
217 2 1 137,170 "217";
218 0 1 46,112 "218";
219 1 1 98,235 "219";
220 2 1 8,12 "220";
221 2 0 25,225 "221";
222 1 0 28,144 "222";
223 2 1 135,143 "223";
224 2 0 153,183 "224";
225 1 0 40,52 "225";
226 1 0 171,214 "226";
227 0 0 29,75 "227";
228 1 0 188,242 "228";
229 2 1 0,40 "229";
230 1 0 151,206 "230";
231 0 1 2,106 "231";
232 0 1 119,142 "232";
233 2 1 99,173 "233";
234 1 1 12,71 "234";
235 1 1 75,237 "235";
236 1 1 15,235 "236";
237 2 0 5,231 "237";
238 2 0 22,237 "238";
239 0 1 44,87 "239";
240 1 1 55,133 "240";
241 2 0 63,71 "241";
242 2 0 120,170 "242";
243 2 1 161,222 "243";
244 0 0 190,238 "244";
245 1 1 44,158 "245";
246 1 0 9,115 "246";
247 2 1 44,195 "247";
248 0 1 52,218 "248";
249 0 0 35,205 "249";
250 1 1 23,184 "250";
251 0 1 125,143 "251";
252 2 1 79,226 "252";
253 2 0 48,105 "253";
254 0 1 3,241 "254";
