parity 264;
0 0 0 11,163 "0";
1 2 0 52,225 "1";
2 1 0 184,249 "2";
3 1 1 175,249 "3";
4 2 1 6,194 "4";
5 0 0 66,246 "5";
6 0 0 99,206 "6";
7 0 0 54,122 "7";
8 2 0 105,114 "8";
9 2 0 177,209 "9";
10 1 1 174,245 "10";
11 0 1 2,263 "11";
12 2 0 59,64 "12";
13 0 1 38,88 "13";
14 1 1 16,85 "14";
15 0 0 12,74 "15";
16 1 0 46,138 "16";
17 0 0 63,246 "17";
18 0 0 43,187 "18";
19 1 0 59,155 "19";
20 0 1 229,261 "20";
21 0 1 74,187 "21";
22 1 1 231,263 "22";
23 1 1 40,44 "23";
24 0 0 42,84 "24";
25 1 1 29,211 "25";
26 0 0 38,245 "26";
27 0 0 172,243 "27";
28 1 1 27,31 "28";
29 0 0 85,106 "29";
30 1 1 54,101 "30";
31 0 0 200,207 "31";
32 2 0 25,147 "32";
33 2 1 127,171 "33";
34 0 1 40,68 "34";
35 0 1 100,188 "35";
36 1 0 54,206 "36";
37 0 1 237,244 "37";
38 1 1 31,125 "38";
39 0 1 156,250 "39";
40 1 1 124,251 "40";
41 2 1 59,125 "41";
42 0 0 62,120 "42";
43 1 0 47,129 "43";
44 0 0 61,95 "44";
45 2 1 175,188 "45";
46 0 1 32,201 "46";
47 0 1 65,201 "47";
48 1 1 34,196 "48";
49 1 1 6,30 "49";
50 2 1 142,250 "50";
51 2 1 170,203 "51";
52 0 1 28,259 "52";
53 2 1 55,66 "53";
54 2 1 59,115 "54";
55 0 1 95,191 "55";
56 2 0 67,177 "56";
57 0 0 200,235 "57";
58 1 1 93,121 "58";
59 0 1 88,223 "59";
60 1 1 29,144 "60";
61 1 0 80,215 "61";
62 0 1 96,131 "62";
63 2 1 172,195 "63";
64 0 1 33,54 "64";
65 1 0 146,248 "65";
66 0 0 27,220 "66";
67 1 1 126,260 "67";
68 0 0 67,101 "68";
69 2 0 101,125 "69";
70 1 0 84,136 "70";
71 2 0 223,250 "71";
72 1 0 230,231 "72";
73 0 1 91,255 "73";
74 1 0 121,214 "74";
75 0 0 134,140 "75";
76 2 0 89,147 "76";
77 1 1 37,155 "77";
78 1 0 215,239 "78";
79 2 0 93,214 "79";
80 2 0 196,234 "80";
81 2 0 100,134 "81";
82 0 0 131,242 "82";
83 2 1 46,244 "83";
84 1 1 86,189 "84";
85 0 1 76,214 "85";
86 2 1 103,107 "86";
87 1 0 188,239 "87";
88 1 0 14,156 "88";
89 2 1 144,262 "89";
90 2 1 34,43 "90";
91 0 0 132,159 "91";
92 0 0 71,239 "92";
93 1 1 105,119 "93";
94 0 0 47,135 "94";
95 2 0 67,185 "95";
96 1 1 59,256 "96";
97 2 0 92,261 "97";
98 0 0 4,120 "98";
99 2 1 132,220 "99";
100 2 0 3,45 "100";
101 2 0 77,178 "101";
102 0 0 50,222 "102";
103 1 0 116,191 "103";
104 0 0 99,233 "104";
105 2 1 88,252 "105";
106 2 0 169,195 "106";
107 2 1 61,169 "107";
108 1 1 76,77 "108";
109 0 1 27,235 "109";
110 0 0 79,91 "110";
111 2 1 52,156 "111";
112 2 0 152,247 "112";
113 2 1 97,112 "113";
114 1 0 98,127 "114";
115 1 0 187,260 "115";
116 0 0 49,169 "116";
117 0 1 55,247 "117";
118 2 0 86,180 "118";
119 2 0 33,45 "119";
120 1 0 68,150 "120";
121 2 0 13,253 "121";
122 0 0 153,205 "122";
123 2 0 37,112 "123";
124 0 0 57,140 "124";
125 0 0 170,196 "125";
126 0 0 3,70 "126";
127 1 0 15,47 "127";
128 1 1 155,259 "128";
129 2 1 89,151 "129";
130 2 0 31,72 "130";
131 2 0 16,264 "131";
132 0 1 82,208 "132";
133 1 1 84,251 "133";
134 2 1 51,65 "134";
135 2 0 147,242 "135";
136 0 1 189,242 "136";
137 1 1 53,144 "137";
138 0 0 183,223 "138";
139 1 1 94,203 "139";
140 2 0 161,215 "140";
141 2 1 131,244 "141";
142 0 1 47,176 "142";
143 1 0 14,136 "143";
144 0 1 169,190 "144";
145 0 0 5,53 "145";
146 0 0 43,51 "146";
147 2 1 79,193 "147";
148 2 1 53,112 "148";
149 0 1 52,96 "149";
150 2 1 217,251 "150";
151 2 0 2,254 "151";
152 1 0 8,183 "152";
153 2 0 98,232 "153";
154 1 1 106,248 "154";
155 0 0 46,81 "155";
156 2 0 133,223 "156";
157 1 1 155,228 "157";
158 2 1 87,162 "158";
159 1 0 93,144 "159";
160 0 1 29,79 "160";
161 2 0 32,50 "161";
162 2 1 135,182 "162";
163 2 0 4,94 "163";
164 1 0 257,260 "164";
165 2 0 59,143 "165";
166 0 1 178,234 "166";
167 1 1 130,133 "167";
168 0 1 72,214 "168";
169 2 1 40,98 "169";
170 2 1 134,137 "170";
171 0 1 80,161 "171";
172 2 1 210,221 "172";
173 1 1 127,234 "173";
174 0 0 107,218 "174";
175 2 1 92,189 "175";
176 1 1 194,227 "176";
177 0 0 129,197 "177";
178 2 1 86,220 "178";
179 1 0 41,102 "179";
180 2 1 147,192 "180";
181 2 1 60,206 "181";
182 1 1 42,105 "182";
183 0 1 1,2 "183";
184 1 0 33,207 "184";
185 0 0 54,159 "185";
186 1 0 96,143 "186";
187 2 0 242,259 "187";
188 1 1 234,263 "188";
189 2 1 186,212 "189";
190 2 0 28,199 "190";
191 2 0 42,71 "191";
192 1 1 156,248 "192";
193 0 1 118,144 "193";
194 2 1 42,123 "194";
195 1 0 116,253 "195";
196 0 1 82,155 "196";
197 2 0 72,160 "197";
198 2 0 100,170 "198";
199 2 1 86,213 "199";
200 0 0 152,254 "200";
201 1 0 50,182 "201";
202 1 1 56,147 "202";
203 0 1 26,176 "203";
204 0 0 172,222 "204";
205 0 0 33,210 "205";
206 0 0 39,141 "206";
207 1 0 28,124 "207";
208 0 0 219,258 "208";
209 1 0 211,251 "209";
210 0 0 101,169 "210";
211 2 0 128,146 "211";
212 0 1 213,218 "212";
213 2 0 25,208 "213";
214 2 1 28,187 "214";
215 1 0 116,120 "215";
216 2 1 4,170 "216";
217 0 0 128,166 "217";
218 1 0 199,261 "218";
219 0 0 126,245 "219";
220 2 0 167,173 "220";
221 2 1 21,261 "221";
222 2 0 149,182 "222";
223 0 1 12,115 "223";
224 2 1 157,204 "224";
225 0 0 154,166 "225";
226 0 0 54,147 "226";
227 0 0 7,26 "227";
228 1 1 86,170 "228";
229 2 0 71,201 "229";
230 0 0 119,262 "230";
231 0 1 72,75 "231";
232 2 0 4,199 "232";
233 0 1 16,71 "233";
234 0 0 60,224 "234";
235 2 0 0,250 "235";
236 2 0 10,197 "236";
237 0 0 125,219 "237";
238 2 0 55,153 "238";
239 0 1 99,229 "239";
240 0 1 31,202 "240";
241 1 0 71,247 "241";
242 0 1 130,261 "242";
243 2 1 60,262 "243";
244 1 0 183,195 "244";
245 0 1 148,238 "245";
246 0 1 61,149 "246";
247 2 1 118,205 "247";
248 0 1 74,115 "248";
249 0 1 84,150 "249";
250 0 1 19,243 "250";
251 0 0 3,129 "251";
252 2 1 123,255 "252";
253 2 1 108,129 "253";
254 0 1 34,199 "254";
255 0 1 15,258 "255";
256 1 0 25,128 "256";
257 1 0 28,65 "257";
258 1 1 64,67 "258";
259 1 0 129,203 "259";
260 1 0 47,208 "260";
261 0 1 135,176 "261";
262 0 1 13,198 "262";
263 1 1 18,26 "263";
264 0 0 1,175 "264";
