parity 269;
0 2 1 18,35 "0";
1 2 0 176,209 "1";
2 1 0 52,252 "2";
3 0 0 114,165 "3";
4 1 0 80,226 "4";
5 0 1 158,267 "5";
6 2 0 40,56 "6";
7 0 0 47,137 "7";
8 2 0 73,158 "8";
9 1 0 59,267 "9";
10 2 0 114,137 "10";
11 0 0 13,32 "11";
12 1 0 123,189 "12";
13 0 1 98,264 "13";
14 1 0 1,218 "14";
15 0 1 138,214 "15";
16 1 0 179,214 "16";
17 1 0 8,244 "17";
18 0 0 55,59 "18";
19 1 1 67,81 "19";
20 2 1 122,148 "20";
21 0 1 80,93 "21";
22 1 0 177,244 "22";
23 1 0 131,219 "23";
24 1 1 8,64 "24";
25 0 0 138,258 "25";
26 0 0 192,223 "26";
27 1 1 35,179 "27";
28 2 0 151,196 "28";
29 2 0 3,14 "29";
30 2 1 224,252 "30";
31 0 1 117,260 "31";
32 1 0 141,210 "32";
33 2 1 164,186 "33";
34 2 0 57,200 "34";
35 0 0 76,150 "35";
36 0 0 93,213 "36";
37 0 0 40,249 "37";
38 2 1 50,68 "38";
39 0 0 8,223 "39";
40 0 0 5,111 "40";
41 2 0 12,132 "41";
42 0 0 175,260 "42";
43 1 1 188,207 "43";
44 1 0 46,160 "44";
45 0 1 65,246 "45";
46 1 1 82,258 "46";
47 2 0 132,215 "47";
48 1 0 122,250 "48";
49 2 0 86,164 "49";
50 2 0 198,268 "50";
51 0 0 240,263 "51";
52 0 0 27,121 "52";
53 2 1 204,234 "53";
54 1 0 76,228 "54";
55 0 0 145,245 "55";
56 2 1 100,171 "56";
57 1 0 34,229 "57";
58 2 1 12,160 "58";
59 2 1 86,140 "59";
60 1 1 28,213 "60";
61 0 1 11,144 "61";
62 0 1 48,94 "62";
63 2 1 2,62 "63";
64 1 1 216,241 "64";
65 1 1 169,215 "65";
66 1 0 187,202 "66";
67 0 1 89,219 "67";
68 2 0 7,71 "68";
69 1 0 55,162 "69";
70 1 0 56,165 "70";
71 2 0 101,198 "71";
72 0 1 88,252 "72";
73 2 1 151,219 "73";
74 1 0 38,195 "74";
75 1 1 143,180 "75";
76 1 1 73,110 "76";
77 2 0 18,242 "77";
78 2 1 84,169 "78";
79 1 1 47,66 "79";
80 1 0 86,165 "80";
81 0 0 26,108 "81";
82 1 0 178,265 "82";
83 2 1 56,132 "83";
84 1 0 0,118 "84";
85 1 1 86,258 "85";
86 1 0 30,74 "86";
87 2 1 42,169 "87";
88 1 1 0,191 "88";
89 0 1 140,195 "89";
90 1 1 65,136 "90";
91 2 1 75,251 "91";
92 1 1 44,224 "92";
93 0 0 46,254 "93";
94 2 0 38,247 "94";
95 2 1 41,90 "95";
96 0 0 128,221 "96";
97 0 1 56,236 "97";
98 1 1 174,266 "98";
99 2 1 58,237 "99";
100 2 1 24,259 "100";
101 0 0 155,246 "101";
102 0 0 84,202 "102";
103 0 1 10,267 "103";
104 1 0 32,159 "104";
105 0 1 78,97 "105";
106 0 1 30,128 "106";
107 1 0 103,113 "107";
108 2 1 59,142 "108";
109 0 1 115,171 "109";
110 1 0 5,177 "110";
111 0 1 42,103 "111";
112 1 0 158,190 "112";
113 2 1 137,221 "113";
114 0 1 68,247 "114";
115 1 1 180,235 "115";
116 0 0 9,210 "116";
117 0 1 125,250 "117";
118 2 0 169,207 "118";
119 0 0 96,186 "119";
120 0 0 139,239 "120";
121 0 1 48,265 "121";
122 0 0 176,220 "122";
123 2 0 1,45 "123";
124 1 1 157,230 "124";
125 1 1 73,113 "125";
126 1 0 19,50 "126";
127 1 0 4,242 "127";
128 0 1 114,157 "128";
129 0 0 170,229 "129";
130 1 0 52,138 "130";
131 1 1 156,259 "131";
132 0 0 202,245 "132";
133 2 0 83,192 "133";
134 0 1 66,159 "134";
135 0 0 23,174 "135";
136 0 1 117,254 "136";
137 2 1 112,190 "137";
138 1 1 206,268 "138";
139 0 1 181,240 "139";
140 0 0 235,252 "140";
141 1 1 225,249 "141";
142 0 0 232,243 "142";
143 0 0 161,165 "143";
144 0 1 96,183 "144";
145 0 1 87,248 "145";
146 0 0 182,190 "146";
147 1 1 96,211 "147";
148 1 0 75,252 "148";
149 0 0 5,75 "149";
150 2 1 43,60 "150";
151 2 0 53,222 "151";
152 0 0 52,150 "152";
153 1 0 51,91 "153";
154 1 1 53,107 "154";
155 0 0 40,172 "155";
156 0 0 198,224 "156";
157 0 1 41,205 "157";
158 1 1 153,164 "158";
159 0 0 126,227 "159";
160 0 1 19,205 "160";
161 2 1 7,154 "161";
162 0 1 103,185 "162";
163 0 1 19,165 "163";
164 2 1 74,254 "164";
165 2 1 10,156 "165";
166 1 1 13,169 "166";
167 0 1 70,83 "167";
168 0 0 31,145 "168";
169 1 0 173,204 "169";
170 2 0 196,202 "170";
171 1 1 82,203 "171";
172 2 0 82,262 "172";
173 1 1 124,162 "173";
174 0 1 195,233 "174";
175 2 1 98,188 "175";
176 0 1 108,114 "176";
177 2 1 49,216 "177";
178 0 1 74,211 "178";
179 2 1 0,84 "179";
180 0 0 43,55 "180";
181 2 0 30,88 "181";
182 2 0 17,192 "182";
183 2 0 131,261 "183";
184 2 1 102,268 "184";
185 2 1 6,187 "185";
186 1 0 20,242 "186";
187 2 1 49,109 "187";
188 1 1 56,140 "188";
189 2 0 129,243 "189";
190 2 1 144,175 "190";
191 1 1 49,169 "191";
192 0 0 170,228 "192";
193 0 0 12,148 "193";
194 2 1 95,126 "194";
195 0 0 0,140 "195";
196 0 1 61,172 "196";
197 2 1 79,141 "197";
198 0 1 10,32 "198";
199 2 0 59,117 "199";
200 1 1 50,99 "200";
201 1 0 120,175 "201";
202 0 0 221,230 "202";
203 1 0 37,261 "203";
204 1 0 178,188 "204";
205 2 0 60,120 "205";
206 0 0 189,253 "206";
207 0 1 43,90 "207";
208 1 1 8,118 "208";
209 0 0 1,42 "209";
210 1 0 166,248 "210";
211 2 0 148,159 "211";
212 1 1 65,194 "212";
213 0 1 49,265 "213";
214 2 0 42,155 "214";
215 2 1 127,182 "215";
216 0 0 17,132 "216";
217 1 0 118,247 "217";
218 2 0 66,191 "218";
219 1 0 155,235 "219";
220 1 0 105,221 "220";
221 0 1 28,68 "221";
222 2 1 21,36 "222";
223 0 0 27,92 "223";
224 1 1 226,239 "224";
225 1 1 25,218 "225";
226 1 0 140,160 "226";
227 0 1 89,222 "227";
228 1 1 12,70 "228";
229 0 1 58,218 "229";
230 2 1 149,191 "230";
231 0 1 245,264 "231";
232 0 1 134,226 "232";
233 1 0 110,220 "233";
234 0 0 83,161 "234";
235 0 0 27,165 "235";
236 1 1 98,153 "236";
237 0 0 134,269 "237";
238 2 1 178,217 "238";
239 1 1 14,232 "239";
240 1 1 56,209 "240";
241 1 0 172,264 "241";
242 1 1 128,262 "242";
243 2 1 133,231 "243";
244 1 0 101,235 "244";
245 2 1 82,146 "245";
246 2 0 229,261 "246";
247 0 1 178,213 "247";
248 1 0 22,35 "248";
249 2 0 140,220 "249";
250 2 1 240,258 "250";
251 0 1 85,230 "251";
252 2 1 131,151 "252";
253 2 1 72,212 "253";
254 0 1 85,156 "254";
255 0 0 93,253 "255";
256 2 1 246,250 "256";
257 0 1 128,206 "257";
258 2 0 188,237 "258";
259 0 0 173,246 "259";
260 2 1 108,226 "260";
261 0 0 32,225 "261";
262 2 1 66,169 "262";
263 1 1 68,188 "263";
264 1 1 98,169 "264";
265 1 0 216,237 "265";
266 1 1 109,258 "266";
267 1 1 15,187 "267";
268 1 1 28,103 "268";
269 1 0 113,156 "269";
