parity 214;
0 1 0 189,206 "0";
1 0 0 102,183 "1";
2 2 0 79,89 "2";
3 2 1 35,178 "3";
4 1 0 77,98 "4";
5 1 0 86,181 "5";
6 1 0 146,190 "6";
7 1 1 120,205 "7";
8 2 1 176,181 "8";
9 0 0 48,191 "9";
10 1 1 33,86 "10";
11 2 1 119,156 "11";
12 1 0 41,158 "12";
13 1 0 45,108 "13";
14 0 0 100,211 "14";
15 0 0 124,141 "15";
16 1 0 15,80 "16";
17 0 0 51,181 "17";
18 0 0 40,154 "18";
19 2 1 133,185 "19";
20 1 0 76,164 "20";
21 2 1 76,82 "21";
22 2 1 79,151 "22";
23 0 0 27,124 "23";
24 0 1 146,169 "24";
25 1 0 89,211 "25";
26 1 1 4,74 "26";
27 1 0 63,97 "27";
28 1 0 75,110 "28";
29 0 1 88,140 "29";
30 0 0 87,190 "30";
31 2 0 152,195 "31";
32 2 1 38,86 "32";
33 0 0 142,175 "33";
34 2 0 49,107 "34";
35 2 0 136,194 "35";
36 1 0 64,120 "36";
37 2 0 133,195 "37";
38 0 1 100,181 "38";
39 2 1 120,160 "39";
40 2 1 100,137 "40";
41 1 1 7,9 "41";
42 2 1 7,159 "42";
43 0 1 23,66 "43";
44 1 0 49,163 "44";
45 2 0 11,110 "45";
46 2 1 79,135 "46";
47 2 0 65,194 "47";
48 0 0 77,116 "48";
49 2 0 21,32 "49";
50 2 0 15,102 "50";
51 0 0 30,74 "51";
52 2 0 5,143 "52";
53 2 1 72,98 "53";
54 1 1 88,206 "54";
55 1 0 27,193 "55";
56 0 0 112,130 "56";
57 2 0 35,61 "57";
58 1 1 124,199 "58";
59 1 0 41,174 "59";
60 0 1 22,117 "60";
61 0 0 42,203 "61";
62 0 1 68,159 "62";
63 1 1 161,178 "63";
64 2 1 104,166 "64";
65 1 1 126,130 "65";
66 1 0 53,95 "66";
67 2 0 8,130 "67";
68 0 1 3,207 "68";
69 0 0 116,146 "69";
70 2 0 32,108 "70";
71 2 0 28,57 "71";
72 1 1 68,97 "72";
73 0 1 105,197 "73";
74 2 1 24,79 "74";
75 0 1 5,179 "75";
76 1 1 31,145 "76";
77 0 0 116,123 "77";
78 1 0 76,110 "78";
79 1 0 108,153 "79";
80 1 0 143,170 "80";
81 1 1 119,190 "81";
82 0 1 88,180 "82";
83 1 0 120,185 "83";
84 0 0 171,214 "84";
85 2 1 15,55 "85";
86 0 0 56,208 "86";
87 0 1 81,120 "87";
88 1 0 23,210 "88";
89 1 1 169,204 "89";
90 0 1 149,188 "90";
91 0 1 4,133 "91";
92 1 1 112,176 "92";
93 0 1 43,78 "93";
94 0 0 51,140 "94";
95 2 0 36,112 "95";
96 1 1 33,73 "96";
97 0 0 174,184 "97";
98 0 1 175,203 "98";
99 1 1 38,152 "99";
100 2 1 2,93 "100";
101 1 0 6,133 "101";
102 2 0 140,166 "102";
103 0 0 119,195 "103";
104 0 1 60,162 "104";
105 0 1 88,203 "105";
106 1 0 110,204 "106";
107 1 1 44,79 "107";
108 2 0 109,183 "108";
109 1 1 106,179 "109";
110 2 1 98,156 "110";
111 1 1 90,96 "111";
112 1 0 27,141 "112";
113 2 0 6,210 "113";
114 0 0 60,163 "114";
115 1 0 125,184 "115";
116 1 1 51,139 "116";
117 0 0 86,208 "117";
118 2 0 34,128 "118";
119 1 0 23,173 "119";
120 2 0 159,168 "120";
121 2 0 100,191 "121";
122 1 0 137,164 "122";
123 1 0 68,114 "123";
124 2 1 16,30 "124";
125 1 1 28,43 "125";
126 0 1 69,162 "126";
127 1 1 60,160 "127";
128 1 1 64,194 "128";
129 1 1 19,196 "129";
130 2 0 39,42 "130";
131 1 1 23,210 "131";
132 1 0 40,138 "132";
133 0 1 79,205 "133";
134 1 1 1,212 "134";
135 0 1 48,100 "135";
136 0 0 69,106 "136";
137 0 1 1,106 "137";
138 2 0 100,111 "138";
139 2 1 144,176 "139";
140 1 0 100,141 "140";
141 2 1 138,199 "141";
142 2 0 9,67 "142";
143 2 1 30,152 "143";
144 2 1 100,142 "144";
145 0 0 54,177 "145";
146 1 0 10,97 "146";
147 1 0 0,177 "147";
148 2 1 30,68 "148";
149 1 1 39,196 "149";
150 0 1 20,72 "150";
151 0 0 155,179 "151";
152 2 1 57,72 "152";
153 0 0 9,129 "153";
154 0 1 138,182 "154";
155 1 0 197,205 "155";
156 2 1 196,211 "156";
157 0 1 158,184 "157";
158 2 1 33,200 "158";
159 0 1 104,193 "159";
160 0 0 51,179 "160";
161 0 1 0,178 "161";
162 2 0 70,151 "162";
163 2 1 1,108 "163";
164 1 0 102,117 "164";
165 1 1 67,107 "165";
166 2 0 41,140 "166";
167 1 1 46,197 "167";
168 1 1 39,65 "168";
169 2 0 23,141 "169";
170 0 1 138,208 "170";
171 1 0 70,181 "171";
172 0 1 102,134 "172";
173 1 1 95,198 "173";
174 1 0 89,189 "174";
175 2 0 48,166 "175";
176 0 1 43,207 "176";
177 0 1 104,130 "177";
178 0 0 24,133 "178";
179 1 0 74,135 "179";
180 1 0 16,191 "180";
181 1 0 11,159 "181";
182 1 1 22,72 "182";
183 0 0 199,208 "183";
184 2 0 24,26 "184";
185 0 0 48,193 "185";
186 1 1 24,32 "186";
187 1 1 125,149 "187";
188 2 0 166,202 "188";
189 2 0 131,177 "189";
190 0 0 68,172 "190";
191 1 0 20,117 "191";
192 2 1 85,99 "192";
193 0 0 111,171 "193";
194 1 1 68,84 "194";
195 1 0 109,175 "195";
196 0 1 128,141 "196";
197 0 1 44,96 "197";
198 0 0 55,120 "198";
199 1 0 7,131 "199";
200 2 1 1,89 "200";
201 0 0 149,152 "201";
202 0 1 5,44 "202";
203 2 0 20,194 "203";
204 0 0 12,211 "204";
205 1 1 118,199 "205";
206 0 0 40,198 "206";
207 0 0 111,187 "207";
208 0 0 44,172 "208";
209 0 0 61,140 "209";
210 0 0 3,94 "210";
211 2 1 28,198 "211";
212 1 0 49,192 "212";
213 2 1 63,73 "213";
214 0 0 124,147 "214";
