parity 244;
0 2 0 7,41 "0";
1 1 1 85,116 "1";
2 1 1 52,61 "2";
3 1 0 71,97 "3";
4 2 0 91,174 "4";
5 1 0 121,165 "5";
6 1 0 136,225 "6";
7 1 1 10,84 "7";
8 0 0 192,220 "8";
9 0 0 80,167 "9";
10 0 0 77,182 "10";
11 1 1 5,147 "11";
12 2 1 27,96 "12";
13 2 0 18,159 "13";
14 1 1 19,37 "14";
15 0 1 12,135 "15";
16 2 0 131,241 "16";
17 1 0 38,219 "17";
18 0 1 5,199 "18";
19 2 1 67,237 "19";
20 2 1 33,116 "20";
21 1 0 148,161 "21";
22 1 0 136,178 "22";
23 2 1 158,239 "23";
24 0 1 81,164 "24";
25 0 1 132,175 "25";
26 0 0 134,177 "26";
27 1 1 231,234 "27";
28 2 0 60,191 "28";
29 2 1 79,193 "29";
30 0 1 73,177 "30";
31 2 0 46,93 "31";
32 0 1 92,215 "32";
33 2 0 123,207 "33";
34 2 1 54,194 "34";
35 2 1 106,242 "35";
36 1 0 8,196 "36";
37 2 1 59,180 "37";
38 1 1 43,50 "38";
39 0 0 77,112 "39";
40 2 0 91,139 "40";
41 1 1 23,44 "41";
42 2 1 100,215 "42";
43 0 0 177,240 "43";
44 2 0 10,243 "44";
45 2 1 25,165 "45";
46 0 1 135,207 "46";
47 2 1 197,238 "47";
48 2 0 121,150 "48";
49 2 1 193,226 "49";
50 1 1 109,144 "50";
51 1 0 71,101 "51";
52 0 0 229,243 "52";
53 2 1 54,143 "53";
54 0 1 116,220 "54";
55 0 0 48,189 "55";
56 0 0 13,223 "56";
57 1 0 164,206 "57";
58 1 1 2,82 "58";
59 1 1 47,99 "59";
60 0 0 200,220 "60";
61 1 0 51,143 "61";
62 0 0 8,79 "62";
63 1 0 1,150 "63";
64 2 0 10,145 "64";
65 2 0 126,214 "65";
66 2 0 17,24 "66";
67 0 0 135,155 "67";
68 0 0 58,180 "68";
69 2 0 82,138 "69";
70 1 0 57,149 "70";
71 0 1 59,172 "71";
72 1 1 4,126 "72";
73 1 1 166,213 "73";
74 1 0 104,174 "74";
75 2 1 126,218 "75";
76 2 0 204,207 "76";
77 1 1 172,243 "77";
78 2 1 34,195 "78";
79 2 0 69,169 "79";
80 1 0 30,119 "80";
81 1 0 30,224 "81";
82 0 1 36,132 "82";
83 0 1 2,165 "83";
84 2 1 7,9 "84";
85 1 1 186,225 "85";
86 0 0 240,244 "86";
87 0 1 172,186 "87";
88 1 1 208,215 "88";
89 1 0 198,218 "89";
90 2 1 77,107 "90";
91 0 1 62,101 "91";
92 2 1 116,227 "92";
93 1 1 108,149 "93";
94 0 0 10,217 "94";
95 0 1 74,225 "95";
96 1 0 29,48 "96";
97 2 0 48,152 "97";
98 1 0 12,228 "98";
99 1 1 58,162 "99";
100 0 1 33,54 "100";
101 0 0 83,242 "101";
102 0 0 40,130 "102";
103 1 1 9,143 "103";
104 1 1 220,236 "104";
105 2 1 120,179 "105";
106 1 0 102,186 "106";
107 2 0 7,132 "107";
108 0 0 35,192 "108";
109 1 0 86,155 "109";
110 0 1 241,242 "110";
111 1 1 72,77 "111";
112 0 0 68,183 "112";
113 2 0 150,226 "113";
114 1 1 44,195 "114";
115 0 1 62,215 "115";
116 0 1 117,151 "116";
117 1 1 175,228 "117";
118 2 1 192,200 "118";
119 1 0 144,187 "119";
120 2 0 89,194 "120";
121 2 1 55,57 "121";
122 2 1 4,72 "122";
123 1 1 165,219 "123";
124 2 1 7,19 "124";
125 2 1 131,189 "125";
126 0 0 170,242 "126";
127 1 1 17,26 "127";
128 2 1 24,212 "128";
129 2 0 18,220 "129";
130 1 0 126,194 "130";
131 2 0 79,215 "131";
132 0 1 145,227 "132";
133 2 0 96,112 "133";
134 1 1 22,132 "134";
135 0 1 47,238 "135";
136 0 1 70,241 "136";
137 2 0 56,77 "137";
138 0 0 128,163 "138";
139 2 1 12,226 "139";
140 0 1 6,130 "140";
141 1 1 85,188 "141";
142 1 0 35,166 "142";
143 1 1 148,157 "143";
144 1 1 197,226 "144";
145 1 1 229,234 "145";
146 2 1 88,119 "146";
147 0 0 102,240 "147";
148 0 1 7,92 "148";
149 2 0 73,161 "149";
150 0 0 23,52 "150";
151 1 1 69,115 "151";
152 1 0 145,205 "152";
153 0 1 5,129 "153";
154 1 0 62,156 "154";
155 2 0 124,231 "155";
156 1 0 129,203 "156";
157 2 1 3,52 "157";
158 2 1 30,94 "158";
159 0 0 12,221 "159";
160 1 0 135,145 "160";
161 2 1 147,153 "161";
162 0 0 72,226 "162";
163 0 1 11,141 "163";
164 1 1 98,125 "164";
165 0 1 12,58 "165";
166 0 1 219,221 "166";
167 2 0 38,47 "167";
168 1 0 67,229 "168";
169 2 1 74,80 "169";
170 0 0 163,221 "170";
171 0 1 38,44 "171";
172 2 0 88,213 "172";
173 1 1 71,119 "173";
174 0 0 73,79 "174";
175 1 0 199,216 "175";
176 2 0 77,139 "176";
177 1 1 108,236 "177";
178 2 0 126,207 "178";
179 1 1 144,235 "179";
180 0 1 152,242 "180";
181 0 0 67,225 "181";
182 2 1 22,128 "182";
183 2 0 57,204 "183";
184 1 1 158,170 "184";
185 2 1 135,158 "185";
186 2 0 163,197 "186";
187 0 0 144,199 "187";
188 0 1 4,237 "188";
189 2 1 29,30 "189";
190 1 1 77,149 "190";
191 0 0 66,134 "191";
192 2 0 183,234 "192";
193 1 1 189,221 "193";
194 1 0 28,208 "194";
195 1 0 5,200 "195";
196 0 1 80,183 "196";
197 0 0 107,176 "197";
198 1 1 90,174 "198";
199 2 0 13,182 "199";
200 2 1 39,58 "200";
201 2 1 63,154 "201";
202 2 0 16,73 "202";
203 2 1 164,195 "203";
204 1 0 66,78 "204";
205 1 1 98,221 "205";
206 2 1 83,216 "206";
207 0 0 223,234 "207";
208 1 1 107,214 "208";
209 0 0 85,215 "209";
210 2 0 15,110 "210";
211 1 0 1,158 "211";
212 0 0 118,125 "212";
213 0 1 60,141 "213";
214 1 1 117,244 "214";
215 2 0 119,242 "215";
216 0 1 174,214 "216";
217 0 0 86,210 "217";
218 1 1 107,110 "218";
219 2 1 29,201 "219";
220 1 0 97,213 "220";
221 1 1 220,225 "221";
222 1 0 169,215 "222";
223 0 1 179,231 "223";
224 2 0 95,172 "224";
225 1 1 74,106 "225";
226 0 0 94,222 "226";
227 2 0 124,152 "227";
228 0 0 12,106 "228";
229 1 1 71,94 "229";
230 2 1 31,201 "230";
231 1 1 35,164 "231";
232 1 0 20,202 "232";
233 2 1 95,228 "233";
234 2 0 41,224 "234";
235 0 1 12,208 "235";
236 0 0 72,195 "236";
237 0 1 16,219 "237";
238 2 0 17,55 "238";
239 1 0 4,241 "239";
240 0 1 25,163 "240";
241 1 1 164,235 "241";
242 0 0 226,236 "242";
243 2 1 173,218 "243";
244 0 0 115,239 "244";
