parity 234;
0 1 1 4,230 "0";
1 1 1 34,122 "1";
2 2 0 152,211 "2";
3 0 1 72,213 "3";
4 2 0 126,232 "4";
5 1 1 116,202 "5";
6 1 1 31,69 "6";
7 2 0 104,169 "7";
8 1 0 64,145 "8";
9 0 1 56,163 "9";
10 1 0 79,138 "10";
11 2 0 109,145 "11";
12 2 0 99,132 "12";
13 2 0 84,200 "13";
14 2 1 40,52 "14";
15 2 1 52,55 "15";
16 2 1 45,103 "16";
17 1 1 64,173 "17";
18 0 1 31,233 "18";
19 2 1 107,231 "19";
20 2 0 51,105 "20";
21 1 0 59,131 "21";
22 1 1 151,233 "22";
23 1 1 37,161 "23";
24 1 1 114,205 "24";
25 0 1 36,135 "25";
26 2 0 63,103 "26";
27 2 0 59,159 "27";
28 0 0 157,171 "28";
29 0 1 35,104 "29";
30 0 1 33,76 "30";
31 1 1 1,48 "31";
32 2 0 20,193 "32";
33 1 0 58,210 "33";
34 1 0 83,153 "34";
35 2 0 161,215 "35";
36 0 1 66,132 "36";
37 2 0 128,149 "37";
38 2 0 44,179 "38";
39 0 1 98,228 "39";
40 1 1 1,185 "40";
41 0 0 1,25 "41";
42 0 0 120,133 "42";
43 1 0 25,85 "43";
44 0 0 16,212 "44";
45 0 1 178,184 "45";
46 1 0 137,216 "46";
47 1 0 5,89 "47";
48 2 1 31,47 "48";
49 1 0 203,229 "49";
50 0 1 139,203 "50";
51 0 1 133,143 "51";
52 2 1 138,225 "52";
53 1 1 135,171 "53";
54 2 1 107,131 "54";
55 1 0 8,188 "55";
56 2 1 75,84 "56";
57 0 0 121,150 "57";
58 2 0 78,157 "58";
59 0 0 162,202 "59";
60 1 1 74,123 "60";
61 2 0 123,154 "61";
62 1 1 162,206 "62";
63 1 0 50,121 "63";
64 2 0 56,95 "64";
65 2 1 13,58 "65";
66 1 1 130,187 "66";
67 1 1 133,204 "67";
68 0 1 48,69 "68";
69 1 0 65,196 "69";
70 1 0 58,60 "70";
71 1 1 85,149 "71";
72 2 1 105,220 "72";
73 2 1 104,189 "73";
74 2 0 104,117 "74";
75 2 1 122,222 "75";
76 2 0 93,116 "76";
77 2 0 41,78 "77";
78 1 0 99,189 "78";
79 0 1 0,126 "79";
80 0 0 62,160 "80";
81 1 1 45,108 "81";
82 0 0 147,178 "82";
83 2 1 181,202 "83";
84 2 0 81,203 "84";
85 1 0 6,171 "85";
86 0 0 46,101 "86";
87 1 1 199,220 "87";
88 2 0 9,189 "88";
89 1 1 1,156 "89";
90 1 1 79,143 "90";
91 2 0 52,233 "91";
92 1 0 145,173 "92";
93 2 1 7,141 "93";
94 0 1 36,189 "94";
95 2 0 203,231 "95";
96 1 0 148,168 "96";
97 1 0 80,98 "97";
98 2 1 50,156 "98";
99 1 1 16,196 "99";
100 0 1 191,222 "100";
101 0 1 54,76 "101";
102 2 1 106,166 "102";
103 1 0 75,224 "103";
104 0 1 85,191 "104";
105 1 0 204,224 "105";
106 1 1 133,189 "106";
107 1 1 116,201 "107";
108 0 1 202,225 "108";
109 1 1 38,231 "109";
110 0 1 44,139 "110";
111 2 1 13,179 "111";
112 1 1 11,207 "112";
113 0 1 46,163 "113";
114 1 1 30,214 "114";
115 0 1 107,227 "115";
116 1 1 83,106 "116";
117 0 1 125,200 "117";
118 1 0 175,210 "118";
119 1 0 78,131 "119";
120 2 1 24,50 "120";
121 1 1 85,153 "121";
122 1 0 27,138 "122";
123 0 1 87,97 "123";
124 1 0 29,220 "124";
125 2 1 55,197 "125";
126 1 0 41,117 "126";
127 1 1 44,192 "127";
128 2 0 72,102 "128";
129 1 1 62,222 "129";
130 0 0 99,158 "130";
131 1 1 162,221 "131";
132 1 0 13,33 "132";
133 2 0 69,144 "133";
134 1 1 116,168 "134";
135 2 1 20,205 "135";
136 1 0 155,217 "136";
137 2 0 119,202 "137";
138 0 0 102,203 "138";
139 0 1 10,46 "139";
140 1 0 128,178 "140";
141 0 1 138,178 "141";
142 2 0 177,201 "142";
143 1 0 39,153 "143";
144 2 1 170,183 "144";
145 2 0 188,211 "145";
146 1 1 96,137 "146";
147 0 1 59,222 "147";
148 1 1 141,223 "148";
149 1 1 7,13 "149";
150 1 0 172,191 "150";
151 1 0 39,131 "151";
152 0 1 10,78 "152";
153 0 0 1,186 "153";
154 1 1 118,138 "154";
155 0 1 89,181 "155";
156 1 1 142,148 "156";
157 1 1 133,176 "157";
158 2 1 69,178 "158";
159 1 1 142,225 "159";
160 1 1 123,190 "160";
161 2 0 31,46 "161";
162 0 0 37,64 "162";
163 0 0 16,195 "163";
164 0 0 19,128 "164";
165 1 0 127,141 "165";
166 1 1 113,135 "166";
167 2 1 20,178 "167";
168 0 0 78,198 "168";
169 1 1 27,222 "169";
170 0 1 139,162 "170";
171 1 1 30,220 "171";
172 0 0 158,197 "172";
173 2 1 55,222 "173";
174 1 0 3,95 "174";
175 2 1 99,113 "175";
176 0 1 31,124 "176";
177 0 0 109,120 "177";
178 0 0 42,137 "178";
179 2 0 170,183 "179";
180 0 1 30,202 "180";
181 2 1 25,119 "181";
182 0 0 46,152 "182";
183 0 0 32,134 "183";
184 0 0 97,204 "184";
185 1 0 29,53 "185";
186 1 1 79,154 "186";
187 1 0 128,150 "187";
188 0 0 163,181 "188";
189 0 0 36,89 "189";
190 1 1 150,189 "190";
191 0 1 80,99 "191";
192 2 0 31,177 "192";
193 2 1 46,50 "193";
194 1 1 45,214 "194";
195 0 0 95,184 "195";
196 0 0 38,219 "196";
197 2 0 20,176 "197";
198 2 0 30,179 "198";
199 0 0 61,212 "199";
200 1 0 79,153 "200";
201 0 0 10,143 "201";
202 2 0 11,119 "202";
203 1 0 106,197 "203";
204 0 0 76,85 "204";
205 1 1 38,154 "205";
206 1 1 4,103 "206";
207 0 0 51,127 "207";
208 1 0 35,187 "208";
209 2 1 38,52 "209";
210 2 0 61,213 "210";
211 2 1 70,234 "211";
212 1 0 14,190 "212";
213 0 0 167,204 "213";
214 0 0 147,233 "214";
215 2 0 112,161 "215";
216 1 1 14,65 "216";
217 2 1 170,220 "217";
218 0 0 82,223 "218";
219 0 1 40,155 "219";
220 0 0 72,197 "220";
221 1 0 141,220 "221";
222 1 1 61,85 "222";
223 0 0 196,232 "223";
224 2 1 155,213 "224";
225 2 1 33,37 "225";
226 2 1 57,183 "226";
227 2 1 155,201 "227";
228 0 0 21,48 "228";
229 0 0 43,58 "229";
230 0 1 133,155 "230";
231 2 1 154,230 "231";
232 1 0 43,186 "232";
233 2 1 26,157 "233";
234 0 1 44,78 "234";
