parity 254;
0 1 0 25,171 "0";
1 1 0 37,71 "1";
2 2 1 102,204 "2";
3 1 1 25,142 "3";
4 1 1 5,73 "4";
5 1 0 107,142 "5";
6 2 0 152,165 "6";
7 1 1 51,208 "7";
8 2 1 47,227 "8";
9 1 0 49,205 "9";
10 2 0 210,230 "10";
11 2 0 131,199 "11";
12 0 0 140,234 "12";
13 1 1 156,189 "13";
14 1 1 16,251 "14";
15 2 0 53,206 "15";
16 2 1 116,204 "16";
17 0 0 115,140 "17";
18 1 0 65,234 "18";
19 0 1 24,132 "19";
20 0 1 158,220 "20";
21 2 0 204,239 "21";
22 2 0 28,124 "22";
23 2 0 14,138 "23";
24 2 1 9,142 "24";
25 2 1 20,128 "25";
26 1 0 210,234 "26";
27 1 0 79,101 "27";
28 1 0 161,210 "28";
29 1 1 37,186 "29";
30 2 0 164,187 "30";
31 2 0 91,240 "31";
32 1 1 38,184 "32";
33 0 1 122,245 "33";
34 1 1 44,61 "34";
35 0 0 110,195 "35";
36 2 0 71,103 "36";
37 2 1 47,151 "37";
38 1 1 69,181 "38";
39 0 0 120,153 "39";
40 1 0 43,97 "40";
41 0 0 63,228 "41";
42 1 0 98,100 "42";
43 1 0 79,206 "43";
44 2 1 59,207 "44";
45 0 0 218,239 "45";
46 0 0 25,71 "46";
47 1 1 75,123 "47";
48 2 1 47,188 "48";
49 1 1 53,132 "49";
50 1 1 72,194 "50";
51 0 1 60,170 "51";
52 0 0 132,190 "52";
53 0 0 9,218 "53";
54 2 0 169,254 "54";
55 0 0 1,155 "55";
56 2 1 121,221 "56";
57 1 0 48,195 "57";
58 2 1 52,202 "58";
59 1 0 150,187 "59";
60 2 1 61,131 "60";
61 1 1 73,195 "61";
62 1 0 170,224 "62";
63 0 1 186,224 "63";
64 2 0 210,224 "64";
65 0 1 144,217 "65";
66 1 0 3,53 "66";
67 0 1 134,161 "67";
68 1 1 72,154 "68";
69 0 0 58,239 "69";
70 1 0 119,221 "70";
71 1 0 66,93 "71";
72 2 1 139,169 "72";
73 0 1 92,104 "73";
74 1 0 40,167 "74";
75 2 0 57,92 "75";
76 0 0 14,111 "76";
77 0 1 20,70 "77";
78 2 1 88,250 "78";
79 1 1 35,245 "79";
80 2 0 62,194 "80";
81 1 0 106,253 "81";
82 0 0 22,150 "82";
83 2 1 63,232 "83";
84 0 0 87,142 "84";
85 2 0 75,169 "85";
86 2 0 121,164 "86";
87 0 0 175,216 "87";
88 2 1 92,173 "88";
89 2 1 36,152 "89";
90 2 1 120,192 "90";
91 1 0 33,108 "91";
92 1 1 87,163 "92";
93 1 0 37,70 "93";
94 1 1 118,150 "94";
95 0 1 47,178 "95";
96 1 1 55,151 "96";
97 0 0 63,197 "97";
98 2 1 91,102 "98";
99 1 1 172,221 "99";
100 1 0 57,95 "100";
101 1 1 167,224 "101";
102 0 0 2,245 "102";
103 2 1 33,226 "103";
104 0 1 168,214 "104";
105 0 1 158,218 "105";
106 1 0 60,120 "106";
107 1 0 24,51 "107";
108 2 1 111,230 "108";
109 0 1 53,126 "109";
110 0 0 39,130 "110";
111 0 0 2,21 "111";
112 1 0 31,119 "112";
113 0 1 52,212 "113";
114 2 0 81,173 "114";
115 0 0 12,39 "115";
116 0 1 48,198 "116";
117 2 1 55,106 "117";
118 2 1 7,143 "118";
119 1 0 94,187 "119";
120 1 1 7,43 "120";
121 1 0 24,168 "121";
122 1 0 111,253 "122";
123 1 1 33,131 "123";
124 2 1 5,60 "124";
125 0 1 70,177 "125";
126 2 1 62,246 "126";
127 0 0 221,231 "127";
128 0 0 103,222 "128";
129 0 0 218,242 "129";
130 2 1 48,235 "130";
131 1 1 39,113 "131";
132 1 1 158,216 "132";
133 0 0 85,88 "133";
134 2 0 140,173 "134";
135 2 0 37,90 "135";
136 2 1 13,122 "136";
137 2 1 145,233 "137";
138 0 0 225,250 "138";
139 1 0 1,233 "139";
140 1 0 98,136 "140";
141 1 1 60,78 "141";
142 0 0 23,122 "142";
143 2 1 135,200 "143";
144 0 0 125,243 "144";
145 1 0 140,227 "145";
146 1 0 166,232 "146";
147 2 0 67,134 "147";
148 1 1 55,249 "148";
149 2 1 160,171 "149";
150 1 1 9,17 "150";
151 1 0 47,108 "151";
152 0 0 81,227 "152";
153 1 0 75,134 "153";
154 0 1 165,174 "154";
155 0 1 31,129 "155";
156 1 0 1,158 "156";
157 1 0 24,153 "157";
158 1 1 77,216 "158";
159 2 0 92,131 "159";
160 0 1 123,193 "160";
161 2 1 137,225 "161";
162 0 0 148,152 "162";
163 2 0 17,125 "163";
164 0 0 0,166 "164";
165 2 1 11,97 "165";
166 2 1 12,61 "166";
167 2 0 126,218 "167";
168 1 1 216,237 "168";
169 0 0 21,150 "169";
170 1 1 84,252 "170";
171 2 0 9,169 "171";
172 0 1 208,242 "172";
173 2 1 11,115 "173";
174 1 0 140,150 "174";
175 1 0 30,150 "175";
176 2 0 51,216 "176";
177 1 1 70,182 "177";
178 1 1 73,124 "178";
179 1 1 16,108 "179";
180 1 1 59,162 "180";
181 2 0 101,115 "181";
182 0 0 153,225 "182";
183 2 1 100,232 "183";
184 2 1 222,232 "184";
185 0 1 46,195 "185";
186 2 0 168,210 "186";
187 1 0 44,153 "187";
188 0 1 19,124 "188";
189 1 0 100,214 "189";
190 1 1 232,239 "190";
191 2 1 144,145 "191";
192 0 1 34,73 "192";
193 1 1 57,254 "193";
194 0 0 112,120 "194";
195 2 1 139,190 "195";
196 0 1 14,25 "196";
197 0 1 134,143 "197";
198 1 0 114,231 "198";
199 2 1 46,166 "199";
200 1 0 2,240 "200";
201 0 0 66,124 "201";
202 1 0 38,203 "202";
203 2 1 98,251 "203";
204 0 0 211,216 "204";
205 1 0 130,166 "205";
206 0 1 174,254 "206";
207 1 1 133,215 "207";
208 1 0 90,181 "208";
209 2 1 74,85 "209";
210 0 0 40,166 "210";
211 1 1 93,176 "211";
212 1 1 165,198 "212";
213 0 1 128,162 "213";
214 2 1 86,234 "214";
215 0 0 45,53 "215";
216 1 1 243,250 "216";
217 1 0 57,194 "217";
218 2 1 77,150 "218";
219 1 1 21,56 "219";
220 1 0 96,143 "220";
221 1 1 0,218 "221";
222 2 1 71,165 "222";
223 2 0 1,106 "223";
224 2 1 40,101 "224";
225 0 0 107,168 "225";
226 2 1 50,232 "226";
227 1 0 38,102 "227";
228 2 1 11,129 "228";
229 2 0 121,242 "229";
230 2 0 138,164 "230";
231 2 0 10,21 "231";
232 1 1 57,59 "232";
233 2 0 55,184 "233";
234 0 1 113,160 "234";
235 0 1 87,115 "235";
236 1 1 17,187 "236";
237 1 1 140,252 "237";
238 2 0 70,97 "238";
239 2 1 58,224 "239";
240 2 1 190,235 "240";
241 2 1 31,254 "241";
242 2 1 137,197 "242";
243 0 0 84,198 "243";
244 2 1 32,169 "244";
245 2 1 123,173 "245";
246 1 0 19,25 "246";
247 2 0 91,150 "247";
248 2 0 177,192 "248";
249 1 1 149,224 "249";
250 0 0 133,146 "250";
251 2 1 143,148 "251";
252 1 1 18,148 "252";
253 0 1 92,115 "253";
254 0 1 178,242 "254";
