parity 264;
0 0 1 29,134 "0";
1 1 0 182,247 "1";
2 1 1 211,235 "2";
3 2 0 12,148 "3";
4 0 1 105,115 "4";
5 2 0 128,240 "5";
6 1 0 101,250 "6";
7 2 1 24,197 "7";
8 0 0 34,127 "8";
9 1 1 152,193 "9";
10 2 1 51,225 "10";
11 2 1 15,17 "11";
12 2 1 61,92 "12";
13 0 1 176,258 "13";
14 2 1 55,261 "14";
15 0 1 42,87 "15";
16 0 1 98,200 "16";
17 1 1 182,239 "17";
18 1 0 8,117 "18";
19 1 0 69,154 "19";
20 1 1 7,207 "20";
21 1 1 166,260 "21";
22 2 0 113,128 "22";
23 1 0 8,62 "23";
24 0 1 125,155 "24";
25 0 0 149,167 "25";
26 1 0 27,50 "26";
27 2 1 101,125 "27";
28 0 1 101,256 "28";
29 1 0 176,181 "29";
30 2 0 62,83 "30";
31 1 1 108,260 "31";
32 2 0 21,35 "32";
33 2 1 53,237 "33";
34 2 1 123,164 "34";
35 0 1 41,77 "35";
36 0 1 32,71 "36";
37 2 0 44,164 "37";
38 2 1 122,258 "38";
39 1 0 12,44 "39";
40 0 0 75,145 "40";
41 2 0 16,215 "41";
42 2 1 162,264 "42";
43 1 1 44,87 "43";
44 1 0 77,218 "44";
45 0 1 165,168 "45";
46 2 1 131,185 "46";
47 2 0 19,217 "47";
48 1 1 36,206 "48";
49 2 0 79,256 "49";
50 0 0 75,90 "50";
51 0 0 99,242 "51";
52 2 1 6,35 "52";
53 1 0 209,216 "53";
54 0 0 80,90 "54";
55 2 1 178,209 "55";
56 0 0 99,227 "56";
57 0 1 126,143 "57";
58 2 0 72,178 "58";
59 1 0 9,138 "59";
60 0 1 26,218 "60";
61 1 1 19,127 "61";
62 1 0 63,130 "62";
63 0 1 132,226 "63";
64 0 1 22,99 "64";
65 1 1 6,77 "65";
66 1 1 20,89 "66";
67 0 0 118,230 "67";
68 1 1 6,51 "68";
69 1 0 226,262 "69";
70 2 1 107,170 "70";
71 2 1 32,115 "71";
72 2 1 73,216 "72";
73 1 1 151,260 "73";
74 1 0 41,125 "74";
75 0 1 34,109 "75";
76 1 1 43,245 "76";
77 0 1 177,258 "77";
78 1 1 192,263 "78";
79 2 0 1,222 "79";
80 0 1 37,122 "80";
81 1 1 0,60 "81";
82 0 1 69,200 "82";
83 0 1 244,250 "83";
84 0 1 8,121 "84";
85 2 0 122,168 "85";
86 1 0 4,54 "86";
87 0 0 39,63 "87";
88 1 1 186,192 "88";
89 1 1 170,173 "89";
90 1 0 237,245 "90";
91 0 1 79,148 "91";
92 1 1 53,135 "92";
93 2 0 121,216 "93";
94 1 0 35,232 "94";
95 1 0 178,239 "95";
96 0 0 94,245 "96";
97 0 0 14,208 "97";
98 1 1 32,77 "98";
99 0 1 129,261 "99";
100 1 0 44,263 "100";
101 0 1 82,219 "101";
102 1 0 127,129 "102";
103 1 1 99,192 "103";
104 2 0 137,198 "104";
105 0 1 23,124 "105";
106 1 1 86,223 "106";
107 1 1 36,215 "107";
108 1 0 8,195 "108";
109 2 1 132,248 "109";
110 2 1 4,134 "110";
111 2 1 229,245 "111";
112 0 0 151,165 "112";
113 0 1 76,144 "113";
114 1 1 100,200 "114";
115 0 1 86,181 "115";
116 1 1 27,171 "116";
117 2 0 88,188 "117";
118 1 0 38,188 "118";
119 2 1 38,73 "119";
120 2 0 91,246 "120";
121 0 1 173,220 "121";
122 2 1 9,78 "122";
123 2 0 75,253 "123";
124 2 0 81,239 "124";
125 1 1 96,121 "125";
126 0 1 20,96 "126";
127 1 1 59,65 "127";
128 0 0 0,101 "128";
129 2 1 246,263 "129";
130 0 1 13,255 "130";
131 0 1 210,213 "131";
132 1 0 110,175 "132";
133 2 1 73,211 "133";
134 0 1 88,168 "134";
135 0 0 79,158 "135";
136 1 0 17,87 "136";
137 1 1 89,253 "137";
138 1 1 29,120 "138";
139 1 1 69,145 "139";
140 0 0 24,244 "140";
141 2 0 29,165 "141";
142 0 1 80,89 "142";
143 0 0 21,256 "143";
144 1 1 52,230 "144";
145 0 1 91,141 "145";
146 0 0 8,59 "146";
147 2 1 168,251 "147";
148 1 1 87,171 "148";
149 0 0 20,61 "149";
150 0 1 71,159 "150";
151 1 1 106,166 "151";
152 1 1 3,38 "152";
153 2 0 59,116 "153";
154 1 0 108,251 "154";
155 0 0 112,173 "155";
156 2 1 22,190 "156";
157 1 0 100,166 "157";
158 1 0 112,232 "158";
159 0 0 30,230 "159";
160 0 1 129,254 "160";
161 1 1 65,88 "161";
162 1 1 126,214 "162";
163 2 0 143,262 "163";
164 2 0 137,207 "164";
165 2 1 168,263 "165";
166 1 0 101,229 "166";
167 2 1 109,205 "167";
168 2 0 27,252 "168";
169 0 1 115,183 "169";
170 2 1 55,227 "170";
171 2 1 49,157 "171";
172 1 1 29,118 "172";
173 0 1 111,153 "173";
174 1 0 78,108 "174";
175 2 0 183,248 "175";
176 0 1 177,229 "176";
177 0 0 10,221 "177";
178 1 1 36,228 "178";
179 2 1 262,263 "179";
180 1 0 194,232 "180";
181 0 0 142,145 "181";
182 0 0 120,128 "182";
183 1 1 108,184 "183";
184 1 0 189,206 "184";
185 0 1 64,106 "185";
186 0 0 144,215 "186";
187 1 0 55,72 "187";
188 0 0 137,215 "188";
189 1 1 23,146 "189";
190 0 1 40,63 "190";
191 2 0 117,180 "191";
192 0 1 148,152 "192";
193 1 0 31,52 "193";
194 0 1 155,182 "194";
195 2 1 1,72 "195";
196 1 1 5,111 "196";
197 1 1 125,254 "197";
198 1 1 66,160 "198";
199 2 1 28,261 "199";
200 2 0 160,187 "200";
201 2 0 63,74 "201";
202 0 0 86,229 "202";
203 2 1 10,259 "203";
204 2 0 199,212 "204";
205 2 1 177,227 "205";
206 1 1 31,259 "206";
207 0 1 99,202 "207";
208 0 1 178,199 "208";
209 1 1 70,184 "209";
210 0 0 87,251 "210";
211 0 0 122,253 "211";
212 2 0 94,237 "212";
213 0 1 129,187 "213";
214 2 1 48,256 "214";
215 1 0 17,97 "215";
216 2 0 49,164 "216";
217 1 1 105,166 "217";
218 0 1 71,174 "218";
219 2 1 45,65 "219";
220 0 0 120,175 "220";
221 0 1 63,184 "221";
222 1 0 31,180 "222";
223 1 0 119,205 "223";
224 2 0 5,259 "224";
225 1 1 93,255 "225";
226 2 0 145,262 "226";
227 1 1 20,87 "227";
228 2 1 21,145 "228";
229 1 1 114,154 "229";
230 1 0 14,193 "230";
231 0 1 164,200 "231";
232 0 1 185,189 "232";
233 2 0 23,175 "233";
234 2 1 104,124 "234";
235 2 0 7,131 "235";
236 2 1 50,108 "236";
237 0 1 196,215 "237";
238 2 0 131,192 "238";
239 1 1 37,168 "239";
240 1 0 86,219 "240";
241 0 1 59,134 "241";
242 1 0 74,180 "242";
243 1 0 139,204 "243";
244 2 0 102,113 "244";
245 0 1 160,217 "245";
246 0 0 68,217 "246";
247 1 1 15,241 "247";
248 0 0 150,236 "248";
249 0 1 71,84 "249";
250 2 0 16,254 "250";
251 2 0 31,135 "251";
252 1 0 127,151 "252";
253 2 0 76,90 "253";
254 2 1 26,223 "254";
255 1 0 45,230 "255";
256 0 0 9,74 "256";
257 2 1 80,88 "257";
258 0 0 166,251 "258";
259 1 1 46,49 "259";
260 2 1 136,154 "260";
261 1 0 105,253 "261";
262 0 1 108,228 "262";
263 1 1 67,191 "263";
264 2 1 196,256 "264";
