parity 284;
0 0 1 161,199 "0";
1 2 1 99,271 "1";
2 1 0 185,243 "2";
3 1 1 1,280 "3";
4 0 0 128,199 "4";
5 1 0 84,170 "5";
6 1 0 159,186 "6";
7 2 0 37,169 "7";
8 1 1 151,281 "8";
9 2 1 73,255 "9";
10 2 0 203,258 "10";
11 1 0 46,213 "11";
12 1 0 65,146 "12";
13 2 1 50,70 "13";
14 0 1 174,232 "14";
15 0 0 222,280 "15";
16 1 0 57,157 "16";
17 1 0 113,145 "17";
18 1 1 56,102 "18";
19 0 0 46,54 "19";
20 1 0 143,224 "20";
21 2 1 126,142 "21";
22 1 1 130,281 "22";
23 1 0 84,197 "23";
24 1 0 183,204 "24";
25 2 1 79,135 "25";
26 2 1 138,142 "26";
27 0 0 165,262 "27";
28 2 1 19,39 "28";
29 1 0 12,220 "29";
30 2 0 23,213 "30";
31 1 0 73,281 "31";
32 1 0 30,282 "32";
33 2 0 161,281 "33";
34 1 1 182,212 "34";
35 0 1 192,218 "35";
36 2 1 6,59 "36";
37 2 0 8,214 "37";
38 2 1 87,103 "38";
39 1 0 113,246 "39";
40 0 0 129,224 "40";
41 0 0 0,216 "41";
42 0 0 130,233 "42";
43 1 0 5,266 "43";
44 0 0 58,266 "44";
45 0 0 4,144 "45";
46 0 1 97,142 "46";
47 0 0 86,125 "47";
48 0 1 41,241 "48";
49 2 0 68,188 "49";
50 2 1 94,224 "50";
51 2 0 39,228 "51";
52 0 0 27,219 "52";
53 1 1 20,254 "53";
54 0 1 126,252 "54";
55 1 1 39,40 "55";
56 1 0 31,162 "56";
57 0 1 180,278 "57";
58 2 0 99,105 "58";
59 0 0 55,72 "59";
60 2 0 114,133 "60";
61 0 1 88,213 "61";
62 0 1 53,261 "62";
63 2 1 95,101 "63";
64 2 0 152,190 "64";
65 0 1 196,234 "65";
66 0 1 169,172 "66";
67 2 1 25,44 "67";
68 2 0 16,236 "68";
69 0 1 63,273 "69";
70 0 1 244,274 "70";
71 0 0 62,277 "71";
72 2 0 97,264 "72";
73 2 0 79,238 "73";
74 0 1 16,196 "74";
75 1 0 114,216 "75";
76 0 0 115,186 "76";
77 0 1 163,237 "77";
78 0 0 22,211 "78";
79 0 0 109,268 "79";
80 1 1 4,30 "80";
81 1 1 153,170 "81";
82 1 1 163,257 "82";
83 0 1 128,138 "83";
84 0 1 83,166 "84";
85 1 0 99,167 "85";
86 1 1 39,156 "86";
87 0 0 137,150 "87";
88 2 0 2,122 "88";
89 1 1 155,160 "89";
90 0 0 78,149 "90";
91 0 0 39,250 "91";
92 2 1 23,140 "92";
93 2 1 137,189 "93";
94 1 1 93,210 "94";
95 0 1 198,239 "95";
96 2 1 128,178 "96";
97 1 1 78,281 "97";
98 1 0 82,210 "98";
99 2 1 229,258 "99";
100 1 0 86,253 "100";
101 2 1 61,125 "101";
102 0 0 123,173 "102";
103 0 0 19,257 "103";
104 1 1 113,243 "104";
105 0 0 154,161 "105";
106 0 0 40,156 "106";
107 0 0 72,96 "107";
108 2 1 96,281 "108";
109 2 0 86,135 "109";
110 1 1 10,40 "110";
111 0 0 207,272 "111";
112 0 1 11,23 "112";
113 0 0 191,245 "113";
114 1 0 116,186 "114";
115 1 0 182,200 "115";
116 0 1 122,194 "116";
117 2 0 35,107 "117";
118 0 0 154,198 "118";
119 1 1 192,267 "119";
120 1 0 34,80 "120";
121 1 1 265,272 "121";
122 0 1 44,76 "122";
123 2 0 126,237 "123";
124 2 1 82,194 "124";
125 1 1 45,103 "125";
126 1 0 4,279 "126";
127 0 1 142,175 "127";
128 1 0 261,269 "128";
129 2 1 149,150 "129";
130 0 1 46,65 "130";
131 0 0 79,176 "131";
132 2 1 255,276 "132";
133 2 0 186,204 "133";
134 1 0 189,192 "134";
135 0 1 57,261 "135";
136 0 1 149,199 "136";
137 0 0 131,249 "137";
138 0 1 217,225 "138";
139 2 1 56,181 "139";
140 2 0 55,239 "140";
141 2 0 26,41 "141";
142 2 0 72,262 "142";
143 0 1 202,203 "143";
144 0 1 118,124 "144";
145 2 1 40,74 "145";
146 0 1 11,276 "146";
147 2 1 162,176 "147";
148 2 0 20,56 "148";
149 0 0 141,175 "149";
150 0 1 19,126 "150";
151 0 1 61,129 "151";
152 2 1 31,184 "152";
153 0 1 234,284 "153";
154 2 1 163,258 "154";
155 2 0 19,88 "155";
156 0 0 149,246 "156";
157 2 1 72,160 "157";
158 1 0 152,244 "158";
159 2 1 98,149 "159";
160 0 0 99,260 "160";
161 2 0 9,118 "161";
162 2 1 73,121 "162";
163 1 0 177,270 "163";
164 2 1 81,273 "164";
165 0 1 201,251 "165";
166 1 0 141,271 "166";
167 0 0 64,255 "167";
168 2 0 18,273 "168";
169 0 0 45,140 "169";
170 1 0 85,181 "170";
171 0 0 144,163 "171";
172 2 0 103,268 "172";
173 2 0 39,138 "173";
174 0 1 3,221 "174";
175 0 0 4,128 "175";
176 0 0 2,170 "176";
177 1 0 99,278 "177";
178 1 1 185,238 "178";
179 2 0 27,60 "179";
180 1 0 158,266 "180";
181 0 1 184,241 "181";
182 2 1 30,90 "182";
183 1 0 96,113 "183";
184 0 0 38,234 "184";
185 0 1 134,142 "185";
186 0 0 81,108 "186";
187 1 0 37,237 "187";
188 1 0 73,190 "188";
189 0 0 14,145 "189";
190 0 1 74,261 "190";
191 2 0 101,116 "191";
192 2 1 86,138 "192";
193 1 1 73,267 "193";
194 0 0 98,170 "194";
195 1 0 131,241 "195";
196 2 1 216,252 "196";
197 0 1 262,268 "197";
198 0 0 2,255 "198";
199 1 1 137,263 "199";
200 0 1 243,274 "200";
201 0 1 11,268 "201";
202 1 1 161,233 "202";
203 1 0 108,149 "203";
204 1 1 63,130 "204";
205 1 0 23,271 "205";
206 2 0 99,200 "206";
207 0 0 77,199 "207";
208 0 1 210,251 "208";
209 1 1 78,196 "209";
210 0 1 79,187 "210";
211 2 1 24,185 "211";
212 1 1 105,111 "212";
213 0 0 150,240 "213";
214 0 1 114,185 "214";
215 2 1 123,260 "215";
216 0 1 140,182 "216";
217 0 1 100,109 "217";
218 0 1 35,100 "218";
219 0 0 118,156 "219";
220 2 0 51,59 "220";
221 0 0 26,167 "221";
222 2 0 86,245 "222";
223 0 0 14,118 "223";
224 2 1 162,275 "224";
225 2 0 28,107 "225";
226 0 0 57,106 "226";
227 0 0 64,112 "227";
228 2 0 52,267 "228";
229 2 1 12,247 "229";
230 2 1 34,276 "230";
231 2 1 59,165 "231";
232 0 1 93,163 "232";
233 2 0 71,116 "233";
234 2 1 66,183 "234";
235 1 0 31,239 "235";
236 0 0 19,48 "236";
237 1 0 244,282 "237";
238 0 0 175,237 "238";
239 1 1 160,177 "239";
240 1 0 191,195 "240";
241 1 1 9,68 "241";
242 2 0 117,212 "242";
243 0 1 159,221 "243";
244 1 1 42,77 "244";
245 0 0 22,239 "245";
246 1 0 200,223 "246";
247 0 0 28,220 "247";
248 2 1 77,228 "248";
249 1 1 190,254 "249";
250 1 1 156,254 "250";
251 2 1 149,154 "251";
252 1 1 48,64 "252";
253 0 1 226,231 "253";
254 1 1 149,183 "254";
255 1 0 12,29 "255";
256 2 0 178,184 "256";
257 1 1 92,243 "257";
258 2 1 76,215 "258";
259 0 1 24,283 "259";
260 0 1 118,125 "260";
261 1 1 237,266 "261";
262 0 1 42,129 "262";
263 0 1 22,142 "263";
264 0 0 157,251 "264";
265 1 1 5,181 "265";
266 1 1 112,153 "266";
267 2 1 1,212 "267";
268 2 0 134,274 "268";
269 2 0 13,75 "269";
270 2 1 44,71 "270";
271 2 0 202,214 "271";
272 2 1 172,254 "272";
273 0 1 208,255 "273";
274 1 1 11,87 "274";
275 1 0 27,78 "275";
276 2 0 20,96 "276";
277 0 1 141,162 "277";
278 2 0 27,261 "278";
279 2 0 184,211 "279";
280 1 1 178,232 "280";
281 0 0 178,227 "281";
282 0 1 48,94 "282";
283 2 1 109,256 "283";
284 0 1 31,32 "284";
