parity 199;
0 2 1 17,61 "0";
1 1 0 57,111 "1";
2 0 0 83,144 "2";
3 2 0 9,88 "3";
4 0 1 64,181 "4";
5 0 1 23,118 "5";
6 0 0 9,87 "6";
7 1 1 49,105 "7";
8 0 0 34,104 "8";
9 1 1 5,191 "9";
10 1 0 58,104 "10";
11 0 1 165,177 "11";
12 2 0 42,53 "12";
13 1 1 31,186 "13";
14 2 0 74,121 "14";
15 0 0 43,70 "15";
16 1 1 80,170 "16";
17 1 1 73,123 "17";
18 1 0 3,56 "18";
19 0 0 116,188 "19";
20 0 0 65,143 "20";
21 0 0 126,146 "21";
22 0 0 140,147 "22";
23 2 0 63,176 "23";
24 1 1 34,144 "24";
25 1 0 37,86 "25";
26 1 0 110,141 "26";
27 2 1 92,106 "27";
28 0 0 112,191 "28";
29 1 0 86,130 "29";
30 0 1 31,167 "30";
31 2 0 149,196 "31";
32 2 1 40,185 "32";
33 0 0 60,138 "33";
34 0 1 54,70 "34";
35 2 1 119,167 "35";
36 0 0 20,103 "36";
37 2 0 106,196 "37";
38 2 0 44,185 "38";
39 2 0 154,172 "39";
40 1 1 173,198 "40";
41 1 1 19,197 "41";
42 1 1 69,192 "42";
43 1 0 47,181 "43";
44 0 1 32,123 "44";
45 2 1 82,108 "45";
46 1 1 153,192 "46";
47 2 1 100,122 "47";
48 1 0 92,99 "48";
49 1 1 80,189 "49";
50 0 1 103,111 "50";
51 2 1 54,81 "51";
52 1 1 112,151 "52";
53 2 1 68,72 "53";
54 1 1 23,74 "54";
55 0 0 2,196 "55";
56 2 1 17,115 "56";
57 0 0 45,185 "57";
58 2 0 33,185 "58";
59 2 1 68,165 "59";
60 0 1 12,29 "60";
61 1 1 99,158 "61";
62 2 0 119,194 "62";
63 0 0 129,136 "63";
64 2 0 41,53 "64";
65 2 0 136,147 "65";
66 2 0 129,186 "66";
67 0 1 32,175 "67";
68 2 0 63,123 "68";
69 1 0 61,157 "69";
70 2 1 109,155 "70";
71 0 0 158,171 "71";
72 1 1 15,184 "72";
73 1 1 26,160 "73";
74 2 1 40,157 "74";
75 2 1 16,109 "75";
76 0 0 68,92 "76";
77 1 1 100,186 "77";
78 0 1 89,171 "78";
79 1 0 23,99 "79";
80 1 1 97,103 "80";
81 0 0 24,123 "81";
82 2 0 97,127 "82";
83 2 0 34,170 "83";
84 1 1 33,97 "84";
85 0 0 54,129 "85";
86 2 0 5,108 "86";
87 0 0 112,140 "87";
88 2 0 16,197 "88";
89 2 1 114,124 "89";
90 1 1 79,156 "90";
91 1 1 19,130 "91";
92 2 1 99,132 "92";
93 1 1 56,66 "93";
94 2 1 30,85 "94";
95 2 1 5,110 "95";
96 1 0 32,34 "96";
97 0 0 8,25 "97";
98 1 0 29,111 "98";
99 2 1 49,153 "99";
100 1 1 52,158 "100";
101 0 1 27,60 "101";
102 2 0 34,61 "102";
103 2 1 7,140 "103";
104 0 0 122,194 "104";
105 2 0 15,135 "105";
106 2 1 64,67 "106";
107 0 1 19,61 "107";
108 1 0 58,84 "108";
109 2 0 16,110 "109";
110 0 1 16,75 "110";
111 0 0 166,199 "111";
112 2 1 10,125 "112";
113 2 0 50,179 "113";
114 2 1 89,123 "114";
115 2 0 102,125 "115";
116 0 0 132,151 "116";
117 2 0 32,165 "117";
118 1 0 70,121 "118";
119 2 1 8,81 "119";
120 2 1 54,106 "120";
121 1 1 77,98 "121";
122 0 1 158,198 "122";
123 0 0 106,157 "123";
124 1 0 25,198 "124";
125 1 1 3,44 "125";
126 1 1 56,149 "126";
127 2 1 126,184 "127";
128 1 0 122,169 "128";
129 2 1 59,77 "129";
130 0 1 33,84 "130";
131 1 0 48,109 "131";
132 2 1 46,57 "132";
133 0 1 117,182 "133";
134 0 0 24,114 "134";
135 2 0 57,94 "135";
136 2 0 129,186 "136";
137 0 1 7,65 "137";
138 1 1 82,153 "138";
139 0 0 54,141 "139";
140 1 1 64,191 "140";
141 2 0 23,27 "141";
142 2 0 178,180 "142";
143 2 1 43,153 "143";
144 1 1 33,162 "144";
145 2 1 78,131 "145";
146 1 1 21,187 "146";
147 1 0 11,108 "147";
148 2 0 44,67 "148";
149 0 0 15,26 "149";
150 2 1 101,173 "150";
151 2 1 117,122 "151";
152 0 1 13,159 "152";
153 1 1 96,190 "153";
154 2 1 19,107 "154";
155 0 0 10,49 "155";
156 0 0 8,150 "156";
157 0 0 38,81 "157";
158 0 1 125,166 "158";
159 0 0 40,118 "159";
160 0 1 10,132 "160";
161 2 1 11,93 "161";
162 0 0 29,68 "162";
163 2 1 130,193 "163";
164 1 1 15,130 "164";
165 1 1 106,137 "165";
166 2 1 7,157 "166";
167 1 1 43,72 "167";
168 1 1 4,6 "168";
169 1 0 50,97 "169";
170 0 1 129,171 "170";
171 0 1 137,193 "171";
172 0 1 116,192 "172";
173 2 1 0,104 "173";
174 2 0 95,109 "174";
175 2 1 51,164 "175";
176 1 0 23,68 "176";
177 2 0 110,150 "177";
178 2 1 35,38 "178";
179 0 1 4,109 "179";
180 1 1 5,7 "180";
181 2 0 22,121 "181";
182 2 0 57,161 "182";
183 0 0 110,127 "183";
184 1 0 37,159 "184";
185 2 0 90,100 "185";
186 2 1 139,169 "186";
187 2 0 164,189 "187";
188 1 0 8,170 "188";
189 1 1 45,138 "189";
190 0 0 165,167 "190";
191 0 0 169,196 "191";
192 0 0 55,160 "192";
193 2 1 104,127 "193";
194 1 0 97,188 "194";
195 2 1 74,133 "195";
196 2 0 110,165 "196";
197 1 1 39,195 "197";
198 0 1 44,143 "198";
199 1 0 12,132 "199";
