parity 264;
0 1 1 17,247 "0";
1 2 1 114,123 "1";
2 2 0 189,217 "2";
3 0 1 75,257 "3";
4 2 1 10,121 "4";
5 0 1 158,194 "5";
6 0 1 18,110 "6";
7 1 1 97,161 "7";
8 0 0 150,222 "8";
9 2 1 164,174 "9";
10 1 0 180,198 "10";
11 2 1 92,141 "11";
12 1 1 90,138 "12";
13 2 1 208,258 "13";
14 1 0 155,230 "14";
15 2 0 42,97 "15";
16 1 1 15,250 "16";
17 2 1 109,254 "17";
18 1 1 86,94 "18";
19 2 0 2,130 "19";
20 0 0 249,253 "20";
21 2 0 9,12 "21";
22 1 1 14,156 "22";
23 2 1 79,157 "23";
24 2 0 30,46 "24";
25 0 0 143,232 "25";
26 1 0 150,155 "26";
27 1 1 168,259 "27";
28 1 0 256,264 "28";
29 1 1 213,249 "29";
30 2 0 83,171 "30";
31 0 0 79,176 "31";
32 1 0 24,40 "32";
33 0 1 147,183 "33";
34 2 0 117,195 "34";
35 1 0 196,243 "35";
36 0 1 85,163 "36";
37 0 1 61,86 "37";
38 2 0 156,240 "38";
39 2 0 74,147 "39";
40 0 1 191,225 "40";
41 0 0 225,240 "41";
42 0 0 24,101 "42";
43 2 0 51,233 "43";
44 0 0 16,152 "44";
45 0 0 3,201 "45";
46 1 0 4,29 "46";
47 1 1 183,200 "47";
48 2 0 37,86 "48";
49 2 0 112,207 "49";
50 2 1 85,157 "50";
51 1 1 19,189 "51";
52 1 0 81,230 "52";
53 1 1 34,242 "53";
54 1 1 5,78 "54";
55 1 0 128,140 "55";
56 1 0 211,261 "56";
57 0 1 76,230 "57";
58 0 1 174,264 "58";
59 0 1 92,186 "59";
60 1 1 18,51 "60";
61 1 1 154,192 "61";
62 0 1 15,46 "62";
63 1 0 53,178 "63";
64 2 1 78,209 "64";
65 2 1 97,109 "65";
66 0 0 37,61 "66";
67 2 1 4,262 "67";
68 0 1 14,122 "68";
69 2 1 75,177 "69";
70 0 1 172,263 "70";
71 0 0 191,250 "71";
72 1 0 74,231 "72";
73 1 1 143,218 "73";
74 1 0 67,92 "74";
75 2 1 142,156 "75";
76 2 1 4,261 "76";
77 2 0 201,229 "77";
78 0 1 87,90 "78";
79 1 1 93,198 "79";
80 2 0 2,124 "80";
81 0 1 12,151 "81";
82 2 0 245,251 "82";
83 0 0 10,163 "83";
84 2 0 91,129 "84";
85 1 1 19,212 "85";
86 0 1 0,35 "86";
87 2 1 31,155 "87";
88 2 0 73,142 "88";
89 1 0 164,249 "89";
90 2 0 184,204 "90";
91 2 1 72,208 "91";
92 1 1 46,159 "92";
93 1 1 136,156 "93";
94 2 1 10,123 "94";
95 0 1 133,255 "95";
96 0 0 86,223 "96";
97 0 0 19,67 "97";
98 0 1 171,224 "98";
99 0 1 145,229 "99";
100 0 1 39,230 "100";
101 0 0 123,177 "101";
102 2 1 5,19 "102";
103 0 0 134,190 "103";
104 2 1 45,95 "104";
105 2 1 14,90 "105";
106 1 0 153,196 "106";
107 2 1 55,205 "107";
108 2 0 142,196 "108";
109 2 0 40,145 "109";
110 1 0 133,251 "110";
111 2 0 176,179 "111";
112 2 1 106,137 "112";
113 1 1 73,95 "113";
114 0 0 157,191 "114";
115 0 0 105,239 "115";
116 2 1 0,136 "116";
117 0 1 59,189 "117";
118 0 0 46,76 "118";
119 2 0 25,57 "119";
120 1 0 24,57 "120";
121 1 0 205,239 "121";
122 2 1 27,49 "122";
123 1 0 166,187 "123";
124 1 1 66,120 "124";
125 1 1 96,106 "125";
126 2 1 43,122 "126";
127 0 1 63,206 "127";
128 2 0 47,75 "128";
129 2 0 120,224 "129";
130 1 1 100,216 "130";
131 1 1 12,215 "131";
132 1 0 141,192 "132";
133 0 1 175,236 "133";
134 0 1 213,241 "134";
135 2 1 49,203 "135";
136 2 0 34,66 "136";
137 0 0 43,72 "137";
138 2 1 19,132 "138";
139 2 1 142,250 "139";
140 1 1 37,97 "140";
141 1 0 0,191 "141";
142 0 1 170,229 "142";
143 0 0 43,219 "143";
144 0 1 45,255 "144";
145 0 1 57,215 "145";
146 2 1 128,240 "146";
147 0 0 65,256 "147";
148 1 1 35,86 "148";
149 2 1 85,142 "149";
150 1 0 9,155 "150";
151 2 0 154,260 "151";
152 0 0 74,253 "152";
153 1 1 26,236 "153";
154 2 1 128,136 "154";
155 1 1 38,256 "155";
156 0 1 201,224 "156";
157 0 0 93,126 "157";
158 0 1 65,150 "158";
159 1 0 185,206 "159";
160 1 1 80,211 "160";
161 2 0 84,193 "161";
162 2 0 128,215 "162";
163 2 0 6,238 "163";
164 2 0 81,121 "164";
165 2 0 30,70 "165";
166 1 1 60,184 "166";
167 1 0 166,208 "167";
168 0 0 45,82 "168";
169 0 1 195,204 "169";
170 1 0 125,140 "170";
171 1 0 12,111 "171";
172 2 1 90,111 "172";
173 0 1 156,242 "173";
174 0 1 18,59 "174";
175 1 0 87,184 "175";
176 2 1 68,125 "176";
177 2 0 196,216 "177";
178 1 1 110,258 "178";
179 2 1 4,183 "179";
180 1 1 8,254 "180";
181 0 1 80,214 "181";
182 1 0 94,189 "182";
183 1 0 96,186 "183";
184 1 1 56,127 "184";
185 1 1 145,245 "185";
186 1 1 191,212 "186";
187 0 0 8,205 "187";
188 1 0 119,232 "188";
189 2 0 67,90 "189";
190 2 1 64,239 "190";
191 0 0 201,234 "191";
192 2 0 14,20 "192";
193 2 0 154,158 "193";
194 0 1 11,227 "194";
195 1 0 193,200 "195";
196 1 1 158,211 "196";
197 0 0 26,252 "197";
198 2 1 145,193 "198";
199 2 0 133,206 "199";
200 1 1 11,175 "200";
201 2 0 32,199 "201";
202 0 1 28,128 "202";
203 0 0 27,46 "203";
204 1 1 86,164 "204";
205 0 0 46,76 "205";
206 2 0 64,203 "206";
207 2 0 143,145 "207";
208 0 1 15,243 "208";
209 0 1 36,173 "209";
210 1 1 33,133 "210";
211 1 1 189,222 "211";
212 1 1 18,236 "212";
213 2 1 130,160 "213";
214 1 0 146,189 "214";
215 1 1 175,247 "215";
216 1 0 43,208 "216";
217 1 0 115,255 "217";
218 0 1 22,153 "218";
219 1 1 34,101 "219";
220 2 0 97,103 "220";
221 0 1 68,220 "221";
222 2 0 46,124 "222";
223 1 0 36,210 "223";
224 2 1 142,219 "224";
225 0 0 106,181 "225";
226 1 1 166,208 "226";
227 2 0 4,164 "227";
228 1 0 46,160 "228";
229 2 0 58,103 "229";
230 2 0 112,116 "230";
231 2 0 32,138 "231";
232 2 1 8,95 "232";
233 2 0 217,252 "233";
234 0 0 41,257 "234";
235 1 1 104,110 "235";
236 0 1 46,222 "236";
237 2 1 223,241 "237";
238 1 1 31,234 "238";
239 2 0 113,234 "239";
240 2 1 99,139 "240";
241 0 0 76,82 "241";
242 0 0 1,44 "242";
243 1 0 99,178 "243";
244 0 0 56,221 "244";
245 2 1 85,166 "245";
246 0 1 207,243 "246";
247 0 1 34,76 "247";
248 1 0 239,241 "248";
249 0 1 130,142 "249";
250 1 1 29,232 "250";
251 0 0 124,244 "251";
252 1 0 25,217 "252";
253 2 0 63,119 "253";
254 1 1 153,257 "254";
255 0 1 187,222 "255";
256 0 0 53,152 "256";
257 1 0 52,83 "257";
258 0 1 110,158 "258";
259 2 0 99,164 "259";
260 2 1 138,246 "260";
261 0 1 202,217 "261";
262 2 1 135,203 "262";
263 0 1 200,240 "263";
264 2 1 12,246 "264";
