parity 269;
0 0 0 141,159 "0";
1 2 1 31,123 "1";
2 2 0 61,123 "2";
3 2 0 20,166 "3";
4 2 1 188,265 "4";
5 2 0 189,245 "5";
6 0 1 116,189 "6";
7 1 0 63,143 "7";
8 2 0 45,147 "8";
9 1 0 76,77 "9";
10 2 0 14,225 "10";
11 0 1 75,79 "11";
12 2 0 21,42 "12";
13 2 1 166,185 "13";
14 2 1 128,210 "14";
15 1 0 199,264 "15";
16 1 1 102,166 "16";
17 2 0 98,126 "17";
18 0 0 70,112 "18";
19 0 1 125,220 "19";
20 1 0 111,113 "20";
21 1 0 62,114 "21";
22 0 1 87,228 "22";
23 1 1 41,74 "23";
24 2 0 26,212 "24";
25 0 1 65,255 "25";
26 0 0 13,206 "26";
27 0 0 8,207 "27";
28 1 0 146,233 "28";
29 1 0 14,18 "29";
30 0 0 78,162 "30";
31 2 0 96,105 "31";
32 1 1 20,267 "32";
33 2 1 90,201 "33";
34 1 0 121,219 "34";
35 2 1 8,217 "35";
36 0 1 50,173 "36";
37 1 1 24,101 "37";
38 0 1 40,206 "38";
39 1 1 53,200 "39";
40 0 1 138,192 "40";
41 0 1 73,78 "41";
42 0 1 195,268 "42";
43 0 1 4,103 "43";
44 0 1 10,240 "44";
45 2 0 56,134 "45";
46 1 0 138,139 "46";
47 1 1 9,30 "47";
48 0 1 218,220 "48";
49 1 1 37,241 "49";
50 1 1 63,113 "50";
51 2 0 80,179 "51";
52 1 0 122,196 "52";
53 0 0 7,132 "53";
54 2 1 16,223 "54";
55 1 0 121,211 "55";
56 2 0 167,221 "56";
57 2 1 16,126 "57";
58 0 0 179,225 "58";
59 1 0 37,82 "59";
60 0 0 53,134 "60";
61 2 0 37,92 "61";
62 0 0 129,220 "62";
63 1 0 20,46 "63";
64 1 1 94,163 "64";
65 0 1 167,193 "65";
66 1 1 191,251 "66";
67 1 0 79,205 "67";
68 0 1 75,226 "68";
69 2 1 244,257 "69";
70 2 1 150,251 "70";
71 0 0 70,246 "71";
72 0 1 189,244 "72";
73 0 1 207,208 "73";
74 1 0 1,230 "74";
75 2 0 232,258 "75";
76 1 0 65,149 "76";
77 1 1 51,106 "77";
78 2 0 86,127 "78";
79 2 1 45,190 "79";
80 2 0 112,120 "80";
81 0 1 110,114 "81";
82 0 1 1,219 "82";
83 0 0 24,229 "83";
84 0 0 66,241 "84";
85 0 0 210,224 "85";
86 0 1 22,108 "86";
87 2 0 1,258 "87";
88 0 0 59,230 "88";
89 2 0 57,222 "89";
90 2 0 1,164 "90";
91 1 0 52,71 "91";
92 0 1 135,142 "92";
93 0 1 127,201 "93";
94 2 0 83,190 "94";
95 2 0 28,156 "95";
96 0 0 50,225 "96";
97 0 1 84,118 "97";
98 1 0 36,41 "98";
99 0 0 160,255 "99";
100 2 1 104,142 "100";
101 1 0 48,135 "101";
102 2 1 10,191 "102";
103 0 1 147,160 "103";
104 1 1 167,248 "104";
105 1 1 68,250 "105";
106 1 0 39,43 "106";
107 2 0 88,133 "107";
108 1 1 5,133 "108";
109 1 0 183,188 "109";
110 0 0 45,212 "110";
111 2 1 121,140 "111";
112 2 1 90,111 "112";
113 0 1 49,78 "113";
114 2 0 198,245 "114";
115 0 1 231,262 "115";
116 1 0 46,188 "116";
117 0 0 178,242 "117";
118 2 0 70,107 "118";
119 0 0 82,222 "119";
120 2 1 65,205 "120";
121 0 0 29,185 "121";
122 2 1 74,223 "122";
123 0 0 174,240 "123";
124 0 1 23,120 "124";
125 0 0 150,237 "125";
126 2 0 111,197 "126";
127 2 1 27,217 "127";
128 0 0 131,246 "128";
129 1 0 95,189 "129";
130 2 1 13,246 "130";
131 1 0 209,256 "131";
132 1 1 26,175 "132";
133 1 0 48,102 "133";
134 2 0 117,123 "134";
135 2 0 178,216 "135";
136 1 1 33,140 "136";
137 0 0 31,183 "137";
138 1 1 28,159 "138";
139 2 1 86,201 "139";
140 0 0 36,252 "140";
141 2 1 98,152 "141";
142 2 1 51,79 "142";
143 1 0 216,235 "143";
144 0 0 167,203 "144";
145 2 0 53,248 "145";
146 1 0 76,105 "146";
147 2 1 126,185 "147";
148 2 0 94,234 "148";
149 2 0 152,247 "149";
150 0 1 196,225 "150";
151 1 1 138,192 "151";
152 0 1 175,202 "152";
153 0 0 148,206 "153";
154 0 0 59,193 "154";
155 1 1 51,112 "155";
156 0 1 0,186 "156";
157 1 0 87,244 "157";
158 2 1 30,116 "158";
159 1 0 20,83 "159";
160 2 1 231,252 "160";
161 0 0 38,193 "161";
162 0 1 180,192 "162";
163 1 1 170,234 "163";
164 1 1 113,143 "164";
165 2 0 49,167 "165";
166 0 1 13,205 "166";
167 0 1 61,108 "167";
168 0 0 153,176 "168";
169 1 0 200,257 "169";
170 2 0 6,134 "170";
171 2 0 147,241 "171";
172 0 1 149,162 "172";
173 2 0 121,160 "173";
174 2 0 75,144 "174";
175 0 0 153,251 "175";
176 1 1 55,225 "176";
177 1 0 160,182 "177";
178 1 0 51,177 "178";
179 0 1 183,194 "179";
180 1 1 38,138 "180";
181 1 1 18,62 "181";
182 2 1 10,14 "182";
183 0 1 61,216 "183";
184 0 0 0,212 "184";
185 2 0 80,176 "185";
186 2 0 118,247 "186";
187 1 1 24,90 "187";
188 1 0 173,268 "188";
189 1 1 30,103 "189";
190 2 1 182,215 "190";
191 0 0 26,259 "191";
192 0 1 171,190 "192";
193 2 1 7,167 "193";
194 0 0 66,237 "194";
195 1 0 44,78 "195";
196 0 0 28,70 "196";
197 2 0 15,64 "197";
198 0 0 14,122 "198";
199 0 1 225,249 "199";
200 0 0 96,144 "200";
201 1 1 12,261 "201";
202 1 0 95,145 "202";
203 2 0 56,236 "203";
204 1 0 197,240 "204";
205 0 1 191,269 "205";
206 2 0 87,96 "206";
207 0 1 40,63 "207";
208 2 1 62,160 "208";
209 2 0 7,178 "209";
210 0 0 176,219 "210";
211 0 1 3,38 "211";
212 0 0 100,256 "212";
213 1 0 92,158 "213";
214 1 1 170,205 "214";
215 0 1 127,205 "215";
216 0 0 7,146 "216";
217 2 1 28,133 "217";
218 0 1 10,141 "218";
219 0 0 28,160 "219";
220 2 0 79,122 "220";
221 1 0 172,254 "221";
222 1 0 22,57 "222";
223 1 0 14,130 "223";
224 0 0 14,76 "224";
225 0 0 55,141 "225";
226 2 0 82,235 "226";
227 0 0 179,196 "227";
228 2 1 132,155 "228";
229 0 1 61,178 "229";
230 2 1 30,174 "230";
231 1 0 42,238 "231";
232 0 1 66,219 "232";
233 1 1 135,253 "233";
234 0 0 54,189 "234";
235 2 1 40,45 "235";
236 1 1 170,219 "236";
237 2 0 70,202 "237";
238 2 0 37,267 "238";
239 0 0 21,116 "239";
240 0 1 5,124 "240";
241 0 1 121,145 "241";
242 1 0 96,262 "242";
243 1 0 8,137 "243";
244 0 0 156,213 "244";
245 2 1 93,170 "245";
246 2 0 100,168 "246";
247 0 0 158,223 "247";
248 2 0 29,65 "248";
249 1 0 45,95 "249";
250 2 0 17,142 "250";
251 1 0 69,99 "251";
252 0 0 81,222 "252";
253 2 0 43,151 "253";
254 0 1 108,126 "254";
255 1 1 250,264 "255";
256 1 0 94,239 "256";
257 0 0 144,199 "257";
258 1 1 35,154 "258";
259 1 0 99,249 "259";
260 0 0 9,79 "260";
261 1 0 135,225 "261";
262 2 0 233,245 "262";
263 2 0 133,152 "263";
264 2 1 211,257 "264";
265 0 1 85,208 "265";
266 2 1 147,260 "266";
267 2 1 197,227 "267";
268 2 0 22,110 "268";
269 2 0 9,77 "269";
