parity 199;
0 1 0 134,141 "0";
1 1 0 155,182 "1";
2 2 1 67,170 "2";
3 0 1 31,110 "3";
4 2 1 62,181 "4";
5 1 0 29,134 "5";
6 1 0 162,169 "6";
7 2 0 5,82 "7";
8 1 0 165,179 "8";
9 0 1 12,141 "9";
10 1 1 77,156 "10";
11 0 0 62,186 "11";
12 0 1 24,173 "12";
13 2 0 51,110 "13";
14 1 1 9,58 "14";
15 1 0 121,185 "15";
16 1 0 117,188 "16";
17 2 1 36,49 "17";
18 2 1 119,178 "18";
19 1 0 24,76 "19";
20 2 0 97,167 "20";
21 2 1 62,110 "21";
22 2 0 27,79 "22";
23 2 0 104,158 "23";
24 1 0 69,151 "24";
25 0 1 33,134 "25";
26 0 1 117,136 "26";
27 0 1 97,161 "27";
28 2 0 74,79 "28";
29 1 1 180,187 "29";
30 1 0 124,187 "30";
31 2 0 100,111 "31";
32 1 1 36,97 "32";
33 2 0 39,106 "33";
34 0 1 61,135 "34";
35 0 1 56,119 "35";
36 1 0 3,119 "36";
37 0 0 27,177 "37";
38 1 0 31,39 "38";
39 2 0 122,179 "39";
40 1 0 140,180 "40";
41 1 1 43,125 "41";
42 2 1 2,142 "42";
43 2 0 66,172 "43";
44 2 1 37,77 "44";
45 2 0 57,97 "45";
46 2 0 134,199 "46";
47 2 0 5,142 "47";
48 0 0 68,133 "48";
49 1 0 97,194 "49";
50 0 1 115,129 "50";
51 0 0 6,37 "51";
52 1 0 41,89 "52";
53 1 1 7,29 "53";
54 1 1 11,105 "54";
55 2 1 62,169 "55";
56 1 0 63,85 "56";
57 0 0 39,77 "57";
58 0 1 18,129 "58";
59 0 1 96,160 "59";
60 2 1 7,131 "60";
61 0 0 69,77 "61";
62 1 1 102,198 "62";
63 0 1 117,160 "63";
64 0 0 124,183 "64";
65 1 0 23,163 "65";
66 2 0 58,100 "66";
67 1 1 15,153 "67";
68 0 0 102,142 "68";
69 1 1 88,195 "69";
70 2 0 71,178 "70";
71 1 0 30,82 "71";
72 0 0 61,135 "72";
73 0 0 13,74 "73";
74 0 1 19,119 "74";
75 2 1 35,120 "75";
76 1 0 33,91 "76";
77 0 0 79,153 "77";
78 2 0 113,115 "78";
79 0 1 14,37 "79";
80 0 0 6,158 "80";
81 0 0 13,164 "81";
82 1 1 119,121 "82";
83 1 0 48,88 "83";
84 2 0 17,128 "84";
85 2 1 50,155 "85";
86 1 1 175,191 "86";
87 0 1 96,97 "87";
88 0 1 81,198 "88";
89 0 0 143,162 "89";
90 2 1 130,196 "90";
91 1 1 23,57 "91";
92 1 0 86,104 "92";
93 0 0 60,116 "93";
94 2 0 62,68 "94";
95 2 0 10,71 "95";
96 0 0 49,171 "96";
97 0 1 85,199 "97";
98 0 1 81,140 "98";
99 0 1 2,59 "99";
100 1 1 6,25 "100";
101 1 1 39,136 "101";
102 2 0 126,192 "102";
103 0 1 2,189 "103";
104 1 1 33,154 "104";
105 0 0 141,169 "105";
106 0 0 76,142 "106";
107 2 1 83,115 "107";
108 2 0 47,90 "108";
109 0 0 146,183 "109";
110 2 1 124,191 "110";
111 0 0 165,181 "111";
112 2 1 0,80 "112";
113 2 1 57,140 "113";
114 1 0 131,136 "114";
115 0 0 194,199 "115";
116 0 1 176,192 "116";
117 2 0 102,157 "117";
118 2 0 29,84 "118";
119 2 0 147,166 "119";
120 2 0 111,114 "120";
121 2 0 8,85 "121";
122 2 0 41,43 "122";
123 1 0 21,183 "123";
124 1 0 74,169 "124";
125 1 0 24,101 "125";
126 0 1 10,143 "126";
127 2 1 87,99 "127";
128 2 1 97,176 "128";
129 0 1 4,121 "129";
130 2 1 22,101 "130";
131 2 0 9,139 "131";
132 0 0 27,97 "132";
133 0 0 128,157 "133";
134 0 1 9,58 "134";
135 2 0 187,189 "135";
136 0 0 100,190 "136";
137 1 0 19,155 "137";
138 1 0 32,95 "138";
139 1 1 54,176 "139";
140 2 0 13,89 "140";
141 2 0 103,109 "141";
142 2 0 27,66 "142";
143 0 1 17,182 "143";
144 2 0 36,61 "144";
145 2 1 33,92 "145";
146 1 1 77,125 "146";
147 0 0 81,104 "147";
148 0 1 183,190 "148";
149 1 0 37,112 "149";
150 0 1 118,190 "150";
151 1 1 104,146 "151";
152 2 1 125,133 "152";
153 2 1 10,109 "153";
154 0 1 70,100 "154";
155 2 1 97,114 "155";
156 1 1 31,52 "156";
157 1 1 122,141 "157";
158 1 0 30,182 "158";
159 2 1 64,194 "159";
160 2 0 110,117 "160";
161 2 0 22,104 "161";
162 1 0 120,136 "162";
163 1 1 74,111 "163";
164 1 1 21,190 "164";
165 2 1 34,88 "165";
166 1 1 34,114 "166";
167 0 0 73,119 "167";
168 2 0 44,176 "168";
169 1 0 40,129 "169";
170 0 1 113,127 "170";
171 0 0 162,199 "171";
172 0 1 37,106 "172";
173 2 1 28,154 "173";
174 2 1 50,116 "174";
175 2 1 69,119 "175";
176 0 0 126,161 "176";
177 0 0 69,78 "177";
178 1 1 53,79 "178";
179 2 1 34,73 "179";
180 2 0 65,156 "180";
181 1 1 78,184 "181";
182 0 0 25,93 "182";
183 2 0 6,19 "183";
184 0 1 8,75 "184";
185 2 1 9,183 "185";
186 1 0 28,184 "186";
187 1 0 100,139 "187";
188 2 1 69,71 "188";
189 0 1 23,97 "189";
190 0 1 46,159 "190";
191 0 0 140,165 "191";
192 2 0 12,94 "192";
193 1 0 63,126 "193";
194 2 1 148,175 "194";
195 1 1 80,130 "195";
196 1 1 42,155 "196";
197 2 0 25,108 "197";
198 2 0 131,147 "198";
199 1 0 132,136 "199";
