parity 264;
0 2 1 106,220 "0";
1 2 1 24,221 "1";
2 0 1 132,151 "2";
3 2 1 45,255 "3";
4 1 0 51,116 "4";
5 2 1 73,102 "5";
6 2 0 216,223 "6";
7 2 0 67,189 "7";
8 1 0 73,131 "8";
9 0 0 222,228 "9";
10 2 0 191,223 "10";
11 0 1 38,69 "11";
12 1 1 99,251 "12";
13 2 0 197,237 "13";
14 2 1 60,241 "14";
15 2 1 8,48 "15";
16 0 0 43,60 "16";
17 1 0 149,224 "17";
18 2 0 155,177 "18";
19 1 1 64,103 "19";
20 0 1 136,147 "20";
21 2 1 97,113 "21";
22 2 0 80,258 "22";
23 2 1 58,104 "23";
24 1 0 88,202 "24";
25 1 1 40,94 "25";
26 2 0 3,92 "26";
27 0 1 121,171 "27";
28 0 1 62,143 "28";
29 0 1 14,102 "29";
30 2 0 39,120 "30";
31 0 1 1,99 "31";
32 2 0 47,231 "32";
33 0 0 60,174 "33";
34 2 1 136,243 "34";
35 1 1 188,248 "35";
36 1 0 17,235 "36";
37 0 1 128,186 "37";
38 1 0 123,260 "38";
39 0 0 17,52 "39";
40 0 0 70,151 "40";
41 2 1 15,22 "41";
42 1 1 142,192 "42";
43 2 1 168,232 "43";
44 2 1 41,234 "44";
45 2 1 151,260 "45";
46 0 0 58,258 "46";
47 0 0 32,58 "47";
48 0 0 5,44 "48";
49 2 0 163,199 "49";
50 2 0 28,144 "50";
51 1 1 109,161 "51";
52 2 1 79,229 "52";
53 2 0 230,248 "53";
54 1 1 134,199 "54";
55 2 1 86,240 "55";
56 1 0 23,205 "56";
57 2 1 136,226 "57";
58 1 1 90,121 "58";
59 1 0 150,236 "59";
60 0 0 32,98 "60";
61 0 0 190,229 "61";
62 1 0 100,253 "62";
63 1 0 30,75 "63";
64 0 1 73,237 "64";
65 1 1 19,76 "65";
66 2 1 7,69 "66";
67 2 0 73,245 "67";
68 0 0 73,162 "68";
69 2 1 130,151 "69";
70 0 1 66,68 "70";
71 1 1 30,81 "71";
72 1 0 31,68 "72";
73 2 0 11,204 "73";
74 2 0 54,235 "74";
75 2 0 61,133 "75";
76 2 1 210,240 "76";
77 2 1 87,174 "77";
78 0 0 220,264 "78";
79 0 1 68,208 "79";
80 2 0 54,64 "80";
81 2 0 141,199 "81";
82 1 1 5,87 "82";
83 2 0 14,64 "83";
84 0 1 159,189 "84";
85 1 0 38,221 "85";
86 0 1 117,240 "86";
87 0 0 86,178 "87";
88 2 1 31,223 "88";
89 0 1 12,14 "89";
90 2 0 77,132 "90";
91 0 0 19,154 "91";
92 2 1 11,175 "92";
93 1 1 41,117 "93";
94 2 0 145,147 "94";
95 0 1 66,172 "95";
96 1 1 89,117 "96";
97 1 1 128,159 "97";
98 0 0 69,222 "98";
99 2 1 112,148 "99";
100 1 1 73,160 "100";
101 2 0 88,198 "101";
102 2 0 109,150 "102";
103 0 1 67,236 "103";
104 2 1 111,213 "104";
105 0 0 95,257 "105";
106 2 0 44,245 "106";
107 1 1 146,205 "107";
108 1 1 21,137 "108";
109 2 0 27,52 "109";
110 0 0 198,219 "110";
111 0 1 39,255 "111";
112 0 1 71,101 "112";
113 2 1 27,115 "113";
114 1 0 44,213 "114";
115 0 1 138,233 "115";
116 1 0 49,169 "116";
117 2 1 143,149 "117";
118 2 1 121,136 "118";
119 1 1 22,130 "119";
120 1 1 33,96 "120";
121 2 0 3,46 "121";
122 0 1 17,61 "122";
123 1 1 93,108 "123";
124 1 1 60,235 "124";
125 2 1 43,201 "125";
126 2 0 30,107 "126";
127 1 1 52,124 "127";
128 2 1 82,204 "128";
129 0 1 120,229 "129";
130 2 1 82,243 "130";
131 0 1 50,263 "131";
132 2 0 62,153 "132";
133 2 0 141,160 "133";
134 2 1 190,257 "134";
135 1 0 69,215 "135";
136 2 0 123,179 "136";
137 2 0 80,149 "137";
138 0 0 114,226 "138";
139 2 0 154,222 "139";
140 2 0 79,109 "140";
141 1 1 11,33 "141";
142 0 0 184,246 "142";
143 0 1 159,220 "143";
144 2 1 97,102 "144";
145 0 1 203,229 "145";
146 0 1 58,186 "146";
147 1 0 69,212 "147";
148 2 1 0,73 "148";
149 0 1 35,194 "149";
150 2 0 54,75 "150";
151 1 1 94,168 "151";
152 1 1 155,197 "152";
153 1 1 51,215 "153";
154 2 1 33,232 "154";
155 1 0 143,261 "155";
156 2 1 13,81 "156";
157 1 0 12,162 "157";
158 1 0 83,232 "158";
159 2 0 73,227 "159";
160 2 0 0,227 "160";
161 0 0 57,247 "161";
162 0 0 11,248 "162";
163 1 1 42,217 "163";
164 2 0 18,249 "164";
165 2 0 52,61 "165";
166 2 0 136,261 "166";
167 1 1 112,260 "167";
168 1 0 23,140 "168";
169 1 1 125,212 "169";
170 2 1 49,58 "170";
171 0 1 145,203 "171";
172 1 1 53,101 "172";
173 2 0 196,220 "173";
174 2 0 91,254 "174";
175 0 1 201,230 "175";
176 2 1 72,102 "176";
177 0 0 57,146 "177";
178 0 1 146,220 "178";
179 2 0 78,125 "179";
180 2 1 33,115 "180";
181 1 1 117,228 "181";
182 2 1 218,225 "182";
183 1 1 51,59 "183";
184 2 0 101,110 "184";
185 0 1 75,111 "185";
186 2 0 27,263 "186";
187 1 1 64,247 "187";
188 1 1 17,158 "188";
189 2 1 6,24 "189";
190 0 1 47,154 "190";
191 1 1 225,229 "191";
192 2 0 4,85 "192";
193 1 0 60,201 "193";
194 0 0 109,217 "194";
195 1 1 203,249 "195";
196 2 1 229,264 "196";
197 2 1 122,227 "197";
198 0 0 8,168 "198";
199 1 0 4,202 "199";
200 1 0 115,199 "200";
201 0 1 226,251 "201";
202 1 0 62,84 "202";
203 1 0 81,127 "203";
204 1 1 30,228 "204";
205 0 0 153,221 "205";
206 0 1 128,183 "206";
207 0 0 133,191 "207";
208 1 0 25,148 "208";
209 2 0 89,160 "209";
210 0 0 231,244 "210";
211 0 1 72,129 "211";
212 0 0 17,115 "212";
213 0 0 0,218 "213";
214 2 0 11,173 "214";
215 2 0 129,247 "215";
216 0 0 58,113 "216";
217 0 1 114,178 "217";
218 1 0 67,120 "218";
219 1 0 140,148 "219";
220 0 0 17,263 "220";
221 2 1 183,220 "221";
222 1 0 43,101 "222";
223 2 0 151,234 "223";
224 1 0 194,196 "224";
225 1 0 7,152 "225";
226 2 1 182,264 "226";
227 2 1 155,243 "227";
228 1 0 17,117 "228";
229 1 1 36,54 "229";
230 0 1 178,202 "230";
231 2 0 105,129 "231";
232 1 1 12,139 "232";
233 1 0 115,255 "233";
234 0 1 127,260 "234";
235 0 1 64,250 "235";
236 1 1 13,190 "236";
237 2 1 104,129 "237";
238 1 0 113,125 "238";
239 2 1 7,233 "239";
240 1 1 30,155 "240";
241 2 0 2,138 "241";
242 2 0 112,142 "242";
243 2 0 70,127 "243";
244 1 1 96,100 "244";
245 0 1 219,220 "245";
246 2 0 138,213 "246";
247 0 1 63,192 "247";
248 1 1 76,198 "248";
249 1 0 56,184 "249";
250 0 1 51,104 "250";
251 1 0 233,234 "251";
252 0 0 27,75 "252";
253 2 0 69,114 "253";
254 1 0 102,184 "254";
255 2 0 15,46 "255";
256 0 0 7,139 "256";
257 2 1 152,232 "257";
258 1 0 213,255 "258";
259 0 0 186,190 "259";
260 2 1 145,237 "260";
261 2 0 8,201 "261";
262 1 0 108,178 "262";
263 1 1 86,201 "263";
264 1 0 84,184 "264";
