parity 274;
0 2 1 95,195 "0";
1 2 1 160,248 "1";
2 0 1 30,56 "2";
3 2 0 2,199 "3";
4 0 0 56,77 "4";
5 2 0 122,235 "5";
6 1 1 249,265 "6";
7 2 0 37,226 "7";
8 1 1 156,213 "8";
9 1 1 129,243 "9";
10 1 1 130,156 "10";
11 2 0 4,153 "11";
12 1 1 18,87 "12";
13 0 1 17,191 "13";
14 1 0 150,232 "14";
15 0 1 5,25 "15";
16 0 0 26,28 "16";
17 0 1 197,254 "17";
18 2 0 210,264 "18";
19 1 1 108,166 "19";
20 2 0 22,193 "20";
21 2 0 34,97 "21";
22 0 0 178,190 "22";
23 0 0 8,87 "23";
24 0 1 126,223 "24";
25 2 0 41,229 "25";
26 2 0 151,154 "26";
27 0 1 59,81 "27";
28 1 0 104,185 "28";
29 0 0 10,223 "29";
30 1 0 56,271 "30";
31 1 1 89,250 "31";
32 2 0 63,249 "32";
33 2 0 248,258 "33";
34 2 1 128,205 "34";
35 2 1 9,83 "35";
36 2 1 0,38 "36";
37 1 1 175,238 "37";
38 2 0 121,264 "38";
39 2 0 49,79 "39";
40 1 1 161,215 "40";
41 2 0 58,74 "41";
42 0 0 185,190 "42";
43 1 0 147,210 "43";
44 2 0 64,183 "44";
45 1 1 17,177 "45";
46 2 0 170,214 "46";
47 1 0 29,103 "47";
48 2 0 90,132 "48";
49 1 0 56,266 "49";
50 0 0 77,203 "50";
51 0 1 141,232 "51";
52 2 0 17,222 "52";
53 1 0 31,223 "53";
54 2 0 120,214 "54";
55 0 0 56,110 "55";
56 1 1 104,178 "56";
57 2 0 177,247 "57";
58 1 1 46,103 "58";
59 2 1 43,122 "59";
60 2 0 138,176 "60";
61 1 0 60,69 "61";
62 0 0 48,135 "62";
63 1 0 59,69 "63";
64 2 1 199,260 "64";
65 2 0 75,257 "65";
66 0 1 169,247 "66";
67 1 1 100,214 "67";
68 2 1 20,165 "68";
69 0 1 49,172 "69";
70 0 0 45,88 "70";
71 2 0 185,232 "71";
72 1 1 182,237 "72";
73 0 0 8,263 "73";
74 2 1 223,263 "74";
75 2 0 156,192 "75";
76 2 1 4,247 "76";
77 2 1 139,168 "77";
78 1 0 169,218 "78";
79 1 1 8,95 "79";
80 1 0 37,170 "80";
81 1 1 137,173 "81";
82 1 0 93,256 "82";
83 2 1 64,204 "83";
84 1 1 113,267 "84";
85 2 1 42,73 "85";
86 1 1 186,261 "86";
87 2 0 54,77 "87";
88 1 1 55,82 "88";
89 2 1 146,202 "89";
90 0 1 0,14 "90";
91 0 1 45,219 "91";
92 2 0 83,171 "92";
93 0 0 147,215 "93";
94 2 1 81,149 "94";
95 0 0 202,250 "95";
96 0 1 122,266 "96";
97 0 0 140,261 "97";
98 0 1 152,183 "98";
99 1 0 168,206 "99";
100 0 0 9,230 "100";
101 2 1 120,139 "101";
102 2 0 103,225 "102";
103 0 0 69,251 "103";
104 1 0 234,266 "104";
105 0 0 240,250 "105";
106 1 1 194,255 "106";
107 2 0 111,159 "107";
108 1 0 89,217 "108";
109 1 1 93,161 "109";
110 2 0 196,240 "110";
111 1 0 183,196 "111";
112 2 1 118,267 "112";
113 1 0 229,261 "113";
114 0 0 11,104 "114";
115 0 1 120,148 "115";
116 0 0 38,151 "116";
117 2 0 102,272 "117";
118 2 1 38,158 "118";
119 0 0 1,255 "119";
120 1 1 133,207 "120";
121 2 1 68,182 "121";
122 1 0 63,170 "122";
123 2 1 50,86 "123";
124 0 1 143,271 "124";
125 1 0 169,223 "125";
126 1 1 51,90 "126";
127 1 1 123,267 "127";
128 0 1 101,189 "128";
129 1 0 59,119 "129";
130 1 1 103,187 "130";
131 1 0 145,238 "131";
132 2 0 53,94 "132";
133 1 1 18,67 "133";
134 0 1 125,239 "134";
135 1 0 242,262 "135";
136 2 1 257,262 "136";
137 0 0 131,169 "137";
138 2 1 14,256 "138";
139 1 0 78,169 "139";
140 0 1 163,186 "140";
141 1 0 154,194 "141";
142 0 1 220,272 "142";
143 1 0 100,198 "143";
144 2 0 22,243 "144";
145 0 1 35,253 "145";
146 0 0 85,237 "146";
147 2 1 10,181 "147";
148 0 0 128,169 "148";
149 2 1 0,82 "149";
150 2 1 110,126 "150";
151 2 1 121,157 "151";
152 2 1 115,270 "152";
153 1 1 95,167 "153";
154 2 1 90,271 "154";
155 2 1 28,243 "155";
156 1 1 24,120 "156";
157 1 1 142,245 "157";
158 1 0 110,249 "158";
159 2 0 113,161 "159";
160 1 1 13,21 "160";
161 2 1 36,154 "161";
162 0 0 1,170 "162";
163 1 1 21,57 "163";
164 0 0 117,140 "164";
165 0 1 139,164 "165";
166 1 1 125,199 "166";
167 2 0 60,146 "167";
168 2 0 37,182 "168";
169 2 1 102,261 "169";
170 2 0 3,153 "170";
171 2 1 34,113 "171";
172 2 0 5,191 "172";
173 1 0 122,147 "173";
174 1 0 100,203 "174";
175 1 1 61,77 "175";
176 1 1 18,151 "176";
177 0 0 132,233 "177";
178 2 1 186,257 "178";
179 2 1 95,116 "179";
180 0 1 125,204 "180";
181 1 0 15,38 "181";
182 0 0 63,264 "182";
183 1 0 1,74 "183";
184 0 0 128,236 "184";
185 0 0 138,254 "185";
186 1 1 74,188 "186";
187 0 0 55,182 "187";
188 2 0 21,35 "188";
189 1 1 56,187 "189";
190 0 1 64,267 "190";
191 2 0 3,186 "191";
192 1 1 25,274 "192";
193 0 0 106,119 "193";
194 1 0 43,228 "194";
195 2 0 20,121 "195";
196 2 0 43,102 "196";
197 1 0 98,220 "197";
198 1 1 33,265 "198";
199 1 1 75,82 "199";
200 0 0 75,100 "200";
201 1 0 12,190 "201";
202 2 0 40,274 "202";
203 1 1 244,264 "203";
204 1 0 139,161 "204";
205 1 0 124,200 "205";
206 2 0 22,221 "206";
207 2 1 37,234 "207";
208 1 1 33,143 "208";
209 0 0 140,189 "209";
210 1 0 101,172 "210";
211 0 0 1,30 "211";
212 2 1 33,245 "212";
213 1 1 13,96 "213";
214 0 1 112,128 "214";
215 1 0 14,217 "215";
216 1 1 205,227 "216";
217 2 1 69,185 "217";
218 1 0 36,202 "218";
219 1 0 128,215 "219";
220 2 1 42,256 "220";
221 0 0 29,122 "221";
222 1 1 142,217 "222";
223 0 1 29,250 "223";
224 2 1 1,260 "224";
225 1 1 143,264 "225";
226 2 1 63,197 "226";
227 1 1 233,256 "227";
228 2 1 24,128 "228";
229 0 1 54,232 "229";
230 1 1 65,172 "230";
231 0 0 121,138 "231";
232 1 0 120,178 "232";
233 1 1 99,102 "233";
234 1 0 236,274 "234";
235 2 0 39,155 "235";
236 1 0 41,97 "236";
237 0 1 114,271 "237";
238 0 0 8,95 "238";
239 2 0 7,163 "239";
240 0 1 128,264 "240";
241 1 0 120,156 "241";
242 2 1 8,99 "242";
243 2 0 170,176 "243";
244 2 1 45,210 "244";
245 1 0 215,223 "245";
246 1 0 37,238 "246";
247 1 1 176,217 "247";
248 1 0 94,214 "248";
249 1 0 210,271 "249";
250 1 0 34,192 "250";
251 0 1 16,78 "251";
252 0 1 149,193 "252";
253 0 1 1,150 "253";
254 2 0 156,266 "254";
255 1 0 50,192 "255";
256 1 0 19,70 "256";
257 1 0 200,254 "257";
258 0 0 28,41 "258";
259 1 1 25,58 "259";
260 2 0 152,254 "260";
261 1 0 84,172 "261";
262 1 0 32,226 "262";
263 0 0 103,120 "263";
264 1 1 121,251 "264";
265 2 0 44,49 "265";
266 2 1 107,165 "266";
267 2 0 171,177 "267";
268 0 1 141,273 "268";
269 2 0 67,216 "269";
270 2 0 82,145 "270";
271 0 1 132,273 "271";
272 0 0 95,249 "272";
273 1 0 53,140 "273";
274 2 1 53,97 "274";
