parity 239;
0 1 1 13,129 "0";
1 0 0 42,166 "1";
2 2 0 7,161 "2";
3 1 0 61,117 "3";
4 1 0 65,160 "4";
5 2 0 84,198 "5";
6 1 1 140,232 "6";
7 0 0 13,131 "7";
8 1 1 19,34 "8";
9 1 1 13,141 "9";
10 1 1 90,202 "10";
11 0 1 50,148 "11";
12 1 0 181,196 "12";
13 0 1 108,188 "13";
14 2 0 7,16 "14";
15 2 1 47,172 "15";
16 0 0 206,223 "16";
17 1 1 213,217 "17";
18 2 0 86,216 "18";
19 0 0 155,232 "19";
20 1 1 107,148 "20";
21 1 1 8,164 "21";
22 0 0 114,239 "22";
23 2 1 155,221 "23";
24 2 0 15,85 "24";
25 2 0 122,182 "25";
26 1 1 69,214 "26";
27 1 0 7,147 "27";
28 1 0 132,216 "28";
29 2 0 67,238 "29";
30 1 1 106,157 "30";
31 1 1 40,205 "31";
32 2 1 12,123 "32";
33 2 1 47,58 "33";
34 1 1 26,49 "34";
35 0 0 17,205 "35";
36 2 1 39,99 "36";
37 1 0 59,189 "37";
38 1 0 134,204 "38";
39 2 0 35,198 "39";
40 0 1 27,29 "40";
41 2 0 31,72 "41";
42 1 0 95,179 "42";
43 2 0 6,118 "43";
44 1 1 163,191 "44";
45 1 1 18,118 "45";
46 0 0 44,106 "46";
47 0 1 103,130 "47";
48 1 1 43,54 "48";
49 2 0 81,186 "49";
50 2 1 70,122 "50";
51 0 1 81,162 "51";
52 0 0 175,179 "52";
53 0 0 83,217 "53";
54 2 1 59,191 "54";
55 2 1 59,73 "55";
56 1 1 21,89 "56";
57 2 0 83,206 "57";
58 2 1 3,65 "58";
59 2 0 62,71 "59";
60 1 0 127,207 "60";
61 0 0 110,180 "61";
62 2 0 78,103 "62";
63 1 0 18,35 "63";
64 0 1 28,41 "64";
65 1 0 128,156 "65";
66 2 0 134,185 "66";
67 2 1 36,134 "67";
68 1 1 160,219 "68";
69 1 1 37,146 "69";
70 1 0 90,194 "70";
71 1 1 33,123 "71";
72 1 1 124,161 "72";
73 2 0 41,75 "73";
74 0 1 114,141 "74";
75 0 0 13,186 "75";
76 1 1 82,163 "76";
77 2 1 16,168 "77";
78 2 0 196,229 "78";
79 1 0 114,196 "79";
80 2 0 113,119 "80";
81 1 0 5,39 "81";
82 2 0 120,220 "82";
83 2 1 75,164 "83";
84 1 1 10,31 "84";
85 0 1 91,228 "85";
86 1 0 105,239 "86";
87 0 1 86,207 "87";
88 0 1 47,182 "88";
89 1 1 152,208 "89";
90 0 0 198,206 "90";
91 2 0 108,204 "91";
92 0 1 113,144 "92";
93 1 0 102,123 "93";
94 1 0 17,100 "94";
95 0 0 160,174 "95";
96 0 1 186,212 "96";
97 0 0 15,43 "97";
98 1 1 52,136 "98";
99 1 0 47,85 "99";
100 0 0 89,187 "100";
101 0 0 126,225 "101";
102 2 1 57,176 "102";
103 0 1 26,159 "103";
104 1 0 0,175 "104";
105 2 0 64,235 "105";
106 0 1 23,98 "106";
107 1 0 106,200 "107";
108 1 0 35,141 "108";
109 1 0 161,168 "109";
110 2 1 84,104 "110";
111 2 0 83,182 "111";
112 2 1 7,160 "112";
113 0 1 3,71 "113";
114 0 0 15,234 "114";
115 0 0 101,171 "115";
116 2 0 148,169 "116";
117 0 1 42,227 "117";
118 2 0 48,114 "118";
119 0 0 38,156 "119";
120 0 0 39,177 "120";
121 0 0 3,191 "121";
122 1 1 25,123 "122";
123 0 1 81,169 "123";
124 2 0 118,195 "124";
125 1 0 102,150 "125";
126 0 1 141,182 "126";
127 0 1 106,117 "127";
128 0 0 99,151 "128";
129 1 1 119,218 "129";
130 2 0 104,169 "130";
131 2 0 74,215 "131";
132 0 0 131,160 "132";
133 0 1 107,143 "133";
134 1 0 99,232 "134";
135 1 0 53,175 "135";
136 1 1 14,190 "136";
137 2 0 151,195 "137";
138 1 0 26,140 "138";
139 0 1 119,208 "139";
140 2 1 77,141 "140";
141 1 1 72,222 "141";
142 2 0 2,165 "142";
143 2 0 22,141 "143";
144 0 1 47,217 "144";
145 1 0 47,218 "145";
146 1 1 10,170 "146";
147 2 1 154,198 "147";
148 1 1 19,89 "148";
149 0 0 167,203 "149";
150 0 0 15,58 "150";
151 1 0 104,231 "151";
152 1 1 9,87 "152";
153 2 0 14,66 "153";
154 1 0 41,150 "154";
155 0 1 96,115 "155";
156 1 1 0,105 "156";
157 1 0 114,158 "157";
158 0 1 46,207 "158";
159 1 1 153,177 "159";
160 0 1 13,230 "160";
161 0 0 47,74 "161";
162 0 0 96,231 "162";
163 0 1 20,180 "163";
164 1 1 60,126 "164";
165 1 1 152,226 "165";
166 1 0 40,219 "166";
167 0 0 2,179 "167";
168 1 1 151,212 "168";
169 1 1 161,215 "169";
170 1 1 40,100 "170";
171 0 1 88,239 "171";
172 0 0 26,44 "172";
173 1 1 111,233 "173";
174 1 1 91,232 "174";
175 2 0 35,170 "175";
176 2 1 157,189 "176";
177 2 1 128,223 "177";
178 1 0 184,222 "178";
179 0 0 19,27 "179";
180 2 0 153,210 "180";
181 0 0 93,146 "181";
182 0 0 130,157 "182";
183 1 0 2,185 "183";
184 2 1 42,113 "184";
185 1 0 53,146 "185";
186 1 1 5,104 "186";
187 2 0 42,144 "187";
188 1 1 79,196 "188";
189 2 1 24,159 "189";
190 1 0 26,62 "190";
191 0 1 60,102 "191";
192 1 1 114,185 "192";
193 1 0 61,118 "193";
194 1 0 24,193 "194";
195 0 1 14,137 "195";
196 0 1 79,206 "196";
197 2 1 106,227 "197";
198 1 0 68,93 "198";
199 0 0 73,110 "199";
200 2 1 112,122 "200";
201 0 0 75,126 "201";
202 0 0 26,91 "202";
203 2 1 19,172 "203";
204 1 0 87,130 "204";
205 2 1 120,134 "205";
206 2 1 169,194 "206";
207 0 0 114,205 "207";
208 2 1 0,133 "208";
209 1 1 111,234 "209";
210 0 1 14,97 "210";
211 2 0 233,235 "211";
212 0 1 83,181 "212";
213 0 0 137,141 "213";
214 0 1 107,190 "214";
215 2 1 59,186 "215";
216 2 1 67,84 "216";
217 0 1 124,166 "217";
218 2 0 55,225 "218";
219 0 1 31,44 "219";
220 1 0 165,238 "220";
221 1 0 43,228 "221";
222 2 1 61,227 "222";
223 2 1 107,119 "223";
224 2 1 131,233 "224";
225 0 0 86,102 "225";
226 2 1 155,225 "226";
227 0 0 38,72 "227";
228 2 0 87,112 "228";
229 1 1 34,40 "229";
230 0 0 22,25 "230";
231 2 0 35,195 "231";
232 1 0 81,135 "232";
233 1 0 35,159 "233";
234 1 0 129,131 "234";
235 0 0 27,166 "235";
236 2 0 50,109 "236";
237 0 0 159,181 "237";
238 0 0 88,115 "238";
239 1 1 45,206 "239";
