parity 234;
0 0 0 172,184 "0";
1 1 1 143,197 "1";
2 2 1 182,204 "2";
3 0 1 27,37 "3";
4 2 1 0,35 "4";
5 1 1 68,143 "5";
6 1 1 21,155 "6";
7 2 0 91,220 "7";
8 2 0 45,163 "8";
9 0 0 0,146 "9";
10 2 0 41,158 "10";
11 0 1 5,8 "11";
12 1 1 34,62 "12";
13 1 1 184,187 "13";
14 2 1 110,196 "14";
15 2 0 1,33 "15";
16 0 1 11,183 "16";
17 2 1 28,229 "17";
18 2 0 91,123 "18";
19 0 1 197,229 "19";
20 2 0 18,37 "20";
21 0 0 146,159 "21";
22 2 0 16,76 "22";
23 0 1 55,182 "23";
24 2 1 41,230 "24";
25 2 0 129,159 "25";
26 0 0 43,66 "26";
27 1 1 37,93 "27";
28 1 1 99,101 "28";
29 0 1 69,230 "29";
30 0 1 2,222 "30";
31 1 1 93,146 "31";
32 2 0 34,199 "32";
33 0 0 46,54 "33";
34 0 0 47,154 "34";
35 2 1 36,164 "35";
36 1 1 125,159 "36";
37 0 0 155,162 "37";
38 2 0 97,124 "38";
39 2 0 145,206 "39";
40 0 1 115,198 "40";
41 2 1 133,149 "41";
42 2 1 15,36 "42";
43 0 0 0,124 "43";
44 0 0 42,148 "44";
45 0 1 124,222 "45";
46 2 1 218,231 "46";
47 0 0 55,152 "47";
48 1 1 170,219 "48";
49 0 0 123,175 "49";
50 2 0 185,210 "50";
51 1 0 91,101 "51";
52 2 0 66,133 "52";
53 0 1 186,217 "53";
54 2 0 107,177 "54";
55 0 0 85,176 "55";
56 1 1 39,98 "56";
57 1 1 87,123 "57";
58 2 1 75,121 "58";
59 1 1 152,223 "59";
60 1 1 59,66 "60";
61 1 1 126,159 "61";
62 1 1 137,164 "62";
63 1 1 17,107 "63";
64 0 1 24,82 "64";
65 1 0 95,102 "65";
66 1 0 142,233 "66";
67 2 0 20,37 "67";
68 0 1 15,196 "68";
69 0 0 146,224 "69";
70 2 1 73,231 "70";
71 1 0 2,164 "71";
72 0 0 124,162 "72";
73 2 1 131,174 "73";
74 1 1 203,213 "74";
75 1 0 113,169 "75";
76 0 1 116,166 "76";
77 2 1 129,145 "77";
78 1 1 1,180 "78";
79 0 0 144,159 "79";
80 0 1 192,226 "80";
81 2 1 109,230 "81";
82 0 1 44,109 "82";
83 2 1 18,204 "83";
84 1 0 95,175 "84";
85 0 1 136,147 "85";
86 2 0 8,160 "86";
87 1 0 160,232 "87";
88 0 0 15,37 "88";
89 1 1 148,210 "89";
90 2 1 4,61 "90";
91 1 1 84,105 "91";
92 0 1 2,116 "92";
93 1 0 22,40 "93";
94 2 0 28,53 "94";
95 1 0 149,152 "95";
96 2 0 113,195 "96";
97 2 0 7,53 "97";
98 1 0 160,163 "98";
99 2 1 37,102 "99";
100 2 1 169,177 "100";
101 2 0 118,154 "101";
102 2 0 106,217 "102";
103 0 1 50,168 "103";
104 2 0 10,200 "104";
105 1 0 36,154 "105";
106 2 1 34,82 "106";
107 2 0 77,95 "107";
108 0 1 78,112 "108";
109 1 1 28,211 "109";
110 0 1 47,132 "110";
111 2 1 14,211 "111";
112 1 1 185,231 "112";
113 2 0 74,214 "113";
114 2 0 8,12 "114";
115 1 1 99,228 "115";
116 0 0 28,48 "116";
117 2 1 62,96 "117";
118 0 0 71,119 "118";
119 0 0 89,203 "119";
120 0 1 101,217 "120";
121 2 1 130,148 "121";
122 2 1 4,118 "122";
123 0 1 13,229 "123";
124 0 1 139,193 "124";
125 1 0 156,214 "125";
126 2 0 5,95 "126";
127 0 1 19,178 "127";
128 2 0 17,212 "128";
129 0 0 65,176 "129";
130 1 1 226,230 "130";
131 1 1 32,139 "131";
132 0 0 150,183 "132";
133 1 1 21,29 "133";
134 0 1 28,151 "134";
135 2 1 123,131 "135";
136 1 0 43,207 "136";
137 0 0 90,125 "137";
138 2 0 96,123 "138";
139 2 1 5,157 "139";
140 2 0 14,216 "140";
141 1 0 3,114 "141";
142 0 0 26,180 "142";
143 2 0 4,204 "143";
144 0 1 86,118 "144";
145 2 0 13,185 "145";
146 0 1 89,143 "146";
147 2 0 159,208 "147";
148 2 1 32,150 "148";
149 1 0 73,92 "149";
150 1 0 14,90 "150";
151 2 1 180,229 "151";
152 1 0 16,204 "152";
153 2 0 38,102 "153";
154 1 1 36,171 "154";
155 0 0 148,190 "155";
156 1 1 196,207 "156";
157 1 1 88,104 "157";
158 2 0 75,222 "158";
159 0 0 5,188 "159";
160 1 0 27,124 "160";
161 2 1 4,31 "161";
162 1 0 171,199 "162";
163 0 1 70,178 "163";
164 1 1 26,178 "164";
165 0 0 41,49 "165";
166 1 1 78,194 "166";
167 2 1 126,225 "167";
168 1 0 7,24 "168";
169 2 0 163,189 "169";
170 0 0 127,214 "170";
171 1 1 73,94 "171";
172 2 0 148,198 "172";
173 0 0 90,103 "173";
174 0 0 19,76 "174";
175 2 0 35,131 "175";
176 0 1 22,167 "176";
177 0 0 161,170 "177";
178 1 1 136,212 "178";
179 1 1 123,138 "179";
180 2 0 139,184 "180";
181 1 0 14,15 "181";
182 1 1 95,152 "182";
183 1 1 67,123 "183";
184 0 0 37,68 "184";
185 2 0 38,214 "185";
186 2 1 36,113 "186";
187 1 0 9,181 "187";
188 0 1 62,88 "188";
189 1 0 129,203 "189";
190 1 1 160,180 "190";
191 1 0 120,220 "191";
192 0 0 124,206 "192";
193 0 1 22,103 "193";
194 0 1 111,183 "194";
195 2 0 20,196 "195";
196 0 0 94,159 "196";
197 2 0 32,155 "197";
198 2 0 15,150 "198";
199 2 0 107,220 "199";
200 0 1 79,154 "200";
201 1 1 178,212 "201";
202 1 1 18,80 "202";
203 1 1 156,204 "203";
204 2 1 20,118 "204";
205 2 0 93,168 "205";
206 1 1 106,115 "206";
207 1 0 135,148 "207";
208 2 1 160,171 "208";
209 0 0 113,119 "209";
210 2 0 127,230 "210";
211 1 1 124,173 "211";
212 1 0 21,52 "212";
213 2 0 43,226 "213";
214 1 0 81,187 "214";
215 0 0 149,230 "215";
216 0 1 36,161 "216";
217 0 0 3,11 "217";
218 1 1 26,157 "218";
219 1 1 107,214 "219";
220 0 1 71,103 "220";
221 1 0 43,81 "221";
222 2 1 30,207 "222";
223 0 1 20,62 "223";
224 2 1 17,47 "224";
225 2 1 174,189 "225";
226 2 0 95,128 "226";
227 0 0 5,43 "227";
228 1 0 33,66 "228";
229 2 1 137,177 "229";
230 1 0 24,118 "230";
231 1 1 12,125 "231";
232 2 0 130,169 "232";
233 2 1 15,36 "233";
234 0 0 32,127 "234";
