parity 224;
0 1 1 162,223 "0";
1 1 0 41,196 "1";
2 1 0 97,142 "2";
3 2 1 9,107 "3";
4 1 0 17,101 "4";
5 1 0 55,217 "5";
6 2 0 70,150 "6";
7 0 1 19,59 "7";
8 0 1 39,219 "8";
9 2 1 41,44 "9";
10 2 0 31,209 "10";
11 0 0 125,217 "11";
12 2 0 43,165 "12";
13 1 1 29,86 "13";
14 1 0 75,145 "14";
15 0 0 46,197 "15";
16 0 0 31,48 "16";
17 0 0 52,105 "17";
18 1 0 115,145 "18";
19 2 0 42,80 "19";
20 2 1 85,170 "20";
21 2 0 130,169 "21";
22 2 1 39,168 "22";
23 0 0 165,216 "23";
24 0 1 2,126 "24";
25 1 1 185,220 "25";
26 2 1 111,171 "26";
27 1 0 113,199 "27";
28 0 1 43,48 "28";
29 0 0 56,110 "29";
30 2 0 41,204 "30";
31 2 1 156,165 "31";
32 0 1 119,131 "32";
33 1 1 113,206 "33";
34 0 1 6,89 "34";
35 1 0 8,112 "35";
36 1 0 56,147 "36";
37 2 0 43,83 "37";
38 2 0 93,115 "38";
39 0 0 83,214 "39";
40 0 0 116,178 "40";
41 0 1 42,124 "41";
42 1 0 140,202 "42";
43 1 1 7,212 "43";
44 2 1 95,131 "44";
45 2 0 122,171 "45";
46 0 1 118,213 "46";
47 2 1 178,208 "47";
48 1 1 19,75 "48";
49 2 0 136,155 "49";
50 0 1 119,120 "50";
51 2 0 68,176 "51";
52 2 1 29,73 "52";
53 2 1 177,212 "53";
54 1 1 61,176 "54";
55 1 1 61,149 "55";
56 0 1 2,120 "56";
57 0 1 69,224 "57";
58 1 0 10,26 "58";
59 1 0 61,141 "59";
60 0 0 105,153 "60";
61 2 1 37,43 "61";
62 0 0 32,125 "62";
63 1 1 28,96 "63";
64 0 0 17,58 "64";
65 1 0 183,201 "65";
66 2 0 42,78 "66";
67 2 1 156,175 "67";
68 0 1 101,188 "68";
69 2 1 174,208 "69";
70 2 1 172,214 "70";
71 2 0 63,84 "71";
72 2 1 18,120 "72";
73 2 0 85,129 "73";
74 2 0 51,216 "74";
75 2 1 0,2 "75";
76 1 1 19,47 "76";
77 1 1 79,180 "77";
78 2 1 4,51 "78";
79 1 1 15,141 "79";
80 0 0 1,113 "80";
81 2 1 173,176 "81";
82 1 0 110,142 "82";
83 2 1 27,36 "83";
84 2 1 178,219 "84";
85 2 0 14,132 "85";
86 2 1 74,167 "86";
87 0 0 24,190 "87";
88 2 0 96,122 "88";
89 2 0 39,183 "89";
90 2 0 63,149 "90";
91 0 1 69,140 "91";
92 1 1 77,179 "92";
93 1 0 74,139 "93";
94 2 1 148,183 "94";
95 1 1 105,191 "95";
96 1 0 64,110 "96";
97 2 0 27,136 "97";
98 2 1 32,152 "98";
99 2 1 9,46 "99";
100 2 0 221,224 "100";
101 2 1 72,169 "101";
102 0 0 156,189 "102";
103 0 1 159,210 "103";
104 1 0 8,56 "104";
105 1 1 23,51 "105";
106 0 0 145,190 "106";
107 1 1 11,54 "107";
108 1 0 30,67 "108";
109 0 1 17,153 "109";
110 0 1 17,220 "110";
111 2 0 101,219 "111";
112 1 0 77,144 "112";
113 2 1 17,72 "113";
114 1 1 179,190 "114";
115 1 1 37,145 "115";
116 1 1 18,22 "116";
117 1 1 13,146 "117";
118 2 0 88,132 "118";
119 0 1 124,139 "119";
120 0 0 26,155 "120";
121 2 0 51,216 "121";
122 1 1 6,178 "122";
123 0 1 63,81 "123";
124 2 0 81,203 "124";
125 0 0 110,144 "125";
126 0 0 38,192 "126";
127 2 1 69,223 "127";
128 1 0 19,70 "128";
129 2 1 53,224 "129";
130 1 0 31,220 "130";
131 2 1 29,138 "131";
132 0 0 83,192 "132";
133 1 0 110,176 "133";
134 0 1 124,188 "134";
135 2 1 31,114 "135";
136 0 1 121,175 "136";
137 2 0 108,221 "137";
138 0 0 64,91 "138";
139 2 0 181,185 "139";
140 1 0 2,124 "140";
141 2 0 163,168 "141";
142 0 0 88,105 "142";
143 1 1 31,193 "143";
144 1 1 69,73 "144";
145 2 1 143,172 "145";
146 2 1 33,87 "146";
147 2 0 4,172 "147";
148 0 1 0,156 "148";
149 0 0 121,167 "149";
150 2 0 32,50 "150";
151 2 1 124,132 "151";
152 1 0 25,173 "152";
153 2 1 92,170 "153";
154 2 0 192,201 "154";
155 1 1 11,39 "155";
156 1 0 139,194 "156";
157 2 0 63,220 "157";
158 0 1 118,174 "158";
159 0 0 153,211 "159";
160 2 1 116,152 "160";
161 1 1 29,71 "161";
162 0 1 40,138 "162";
163 1 1 117,143 "163";
164 0 0 41,80 "164";
165 0 0 8,152 "165";
166 0 1 182,210 "166";
167 2 0 47,53 "167";
168 0 1 122,188 "168";
169 0 0 66,162 "169";
170 0 1 35,64 "170";
171 1 1 35,134 "171";
172 1 0 55,83 "172";
173 1 0 94,142 "173";
174 2 1 41,82 "174";
175 2 0 119,204 "175";
176 0 1 97,200 "176";
177 0 1 47,78 "177";
178 0 0 49,190 "178";
179 2 1 111,203 "179";
180 2 1 181,203 "180";
181 0 1 85,184 "181";
182 2 1 96,109 "182";
183 1 0 11,188 "183";
184 2 0 175,192 "184";
185 0 1 73,177 "185";
186 2 0 195,215 "186";
187 0 0 22,183 "187";
188 1 0 143,175 "188";
189 2 1 179,201 "189";
190 1 1 63,132 "190";
191 0 1 154,174 "191";
192 1 1 180,209 "192";
193 1 0 130,153 "193";
194 0 1 16,192 "194";
195 2 1 55,147 "195";
196 0 1 40,206 "196";
197 2 0 163,206 "197";
198 2 1 0,140 "198";
199 0 1 8,73 "199";
200 1 0 46,59 "200";
201 2 1 118,179 "201";
202 0 1 77,195 "202";
203 0 0 52,189 "203";
204 1 1 5,185 "204";
205 1 1 199,223 "205";
206 0 1 35,153 "206";
207 1 1 142,160 "207";
208 0 0 71,182 "208";
209 0 1 22,139 "209";
210 0 0 114,132 "210";
211 0 1 44,129 "211";
212 2 1 101,115 "212";
213 0 1 80,114 "213";
214 1 1 71,201 "214";
215 2 1 13,100 "215";
216 1 1 66,145 "216";
217 1 0 138,219 "217";
218 0 1 20,105 "218";
219 0 0 151,180 "219";
220 2 1 34,94 "220";
221 1 1 163,199 "221";
222 0 0 163,165 "222";
223 1 0 16,189 "223";
224 1 0 187,220 "224";
