parity 269;
0 1 0 148,156 "0";
1 1 0 67,242 "1";
2 0 1 47,110 "2";
3 1 1 35,232 "3";
4 1 0 242,269 "4";
5 0 0 197,268 "5";
6 1 1 43,135 "6";
7 1 0 190,234 "7";
8 2 1 32,244 "8";
9 1 1 138,220 "9";
10 1 0 182,207 "10";
11 2 0 83,212 "11";
12 0 0 9,109 "12";
13 1 1 144,269 "13";
14 2 0 80,186 "14";
15 0 1 100,256 "15";
16 1 1 90,113 "16";
17 0 1 245,254 "17";
18 0 1 39,151 "18";
19 1 0 31,202 "19";
20 1 1 207,218 "20";
21 1 1 168,241 "21";
22 2 1 80,101 "22";
23 1 0 84,147 "23";
24 1 0 90,234 "24";
25 1 0 117,233 "25";
26 1 1 103,215 "26";
27 0 0 47,260 "27";
28 2 0 229,261 "28";
29 0 0 26,102 "29";
30 0 1 163,172 "30";
31 0 1 88,138 "31";
32 2 0 1,91 "32";
33 2 1 34,252 "33";
34 1 1 214,221 "34";
35 1 0 98,122 "35";
36 0 0 10,213 "36";
37 0 0 82,182 "37";
38 2 1 54,81 "38";
39 2 1 135,243 "39";
40 2 1 41,241 "40";
41 1 0 42,200 "41";
42 2 1 169,208 "42";
43 1 1 182,251 "43";
44 1 0 87,243 "44";
45 0 0 71,263 "45";
46 2 1 31,47 "46";
47 2 0 152,229 "47";
48 2 0 44,159 "48";
49 0 0 61,103 "49";
50 0 1 35,124 "50";
51 0 0 181,219 "51";
52 1 1 93,231 "52";
53 2 0 90,187 "53";
54 2 0 134,261 "54";
55 0 0 165,189 "55";
56 1 0 28,206 "56";
57 0 0 75,135 "57";
58 2 1 51,226 "58";
59 1 1 75,183 "59";
60 2 1 2,229 "60";
61 2 0 14,19 "61";
62 1 0 212,247 "62";
63 2 0 29,36 "63";
64 1 1 43,223 "64";
65 0 0 67,224 "65";
66 1 1 142,191 "66";
67 0 0 61,128 "67";
68 1 1 77,173 "68";
69 0 0 146,258 "69";
70 1 0 25,185 "70";
71 2 1 25,243 "71";
72 2 1 21,68 "72";
73 2 0 65,216 "73";
74 2 0 115,156 "74";
75 0 1 6,258 "75";
76 0 1 26,139 "76";
77 2 0 70,72 "77";
78 2 1 141,149 "78";
79 2 1 142,203 "79";
80 2 0 0,51 "80";
81 0 0 13,108 "81";
82 2 0 89,229 "82";
83 0 1 46,235 "83";
84 0 1 87,202 "84";
85 1 1 16,48 "85";
86 1 1 6,194 "86";
87 1 0 152,190 "87";
88 0 1 64,160 "88";
89 1 1 20,199 "89";
90 0 1 81,251 "90";
91 0 1 233,244 "91";
92 0 0 133,207 "92";
93 2 1 61,149 "93";
94 2 1 104,112 "94";
95 0 1 104,193 "95";
96 2 0 129,263 "96";
97 1 1 90,148 "97";
98 2 1 15,197 "98";
99 0 0 169,221 "99";
100 1 1 31,248 "100";
101 0 0 142,262 "101";
102 0 1 207,237 "102";
103 0 0 147,205 "103";
104 1 0 74,269 "104";
105 1 0 10,200 "105";
106 2 0 170,180 "106";
107 2 0 155,179 "107";
108 0 0 84,229 "108";
109 1 0 44,70 "109";
110 2 0 127,212 "110";
111 0 1 47,231 "111";
112 1 1 78,136 "112";
113 0 0 29,58 "113";
114 0 0 138,164 "114";
115 2 1 26,91 "115";
116 0 0 129,265 "116";
117 0 1 131,218 "117";
118 1 0 220,265 "118";
119 1 1 142,196 "119";
120 1 0 91,208 "120";
121 2 0 217,223 "121";
122 2 1 127,226 "122";
123 1 1 197,210 "123";
124 0 1 24,56 "124";
125 1 1 126,266 "125";
126 0 1 25,240 "126";
127 1 0 2,259 "127";
128 1 1 228,252 "128";
129 2 0 148,252 "129";
130 0 1 28,198 "130";
131 1 0 150,241 "131";
132 0 1 94,243 "132";
133 1 0 198,228 "133";
134 0 1 80,169 "134";
135 1 0 183,238 "135";
136 0 1 201,269 "136";
137 1 0 175,251 "137";
138 1 0 44,140 "138";
139 1 1 180,189 "139";
140 1 1 156,229 "140";
141 1 1 72,256 "141";
142 1 0 71,240 "142";
143 1 1 162,253 "143";
144 2 0 31,180 "144";
145 0 0 13,264 "145";
146 1 1 48,70 "146";
147 1 1 187,234 "147";
148 0 0 222,247 "148";
149 0 1 31,147 "149";
150 2 1 68,119 "150";
151 1 1 135,242 "151";
152 0 0 120,131 "152";
153 1 0 44,111 "153";
154 0 0 119,206 "154";
155 2 1 56,209 "155";
156 1 0 186,240 "156";
157 2 1 190,206 "157";
158 0 1 48,269 "158";
159 2 0 67,199 "159";
160 1 1 150,156 "160";
161 0 1 229,235 "161";
162 1 1 65,163 "162";
163 0 0 132,219 "163";
164 0 0 109,252 "164";
165 2 1 20,181 "165";
166 2 1 44,120 "166";
167 0 1 199,230 "167";
168 2 0 97,186 "168";
169 2 0 88,263 "169";
170 2 1 38,88 "170";
171 2 0 78,80 "171";
172 0 0 9,225 "172";
173 0 1 202,267 "173";
174 0 1 131,134 "174";
175 2 0 101,103 "175";
176 1 0 17,219 "176";
177 1 1 106,138 "177";
178 0 0 52,154 "178";
179 1 1 2,31 "179";
180 2 1 67,128 "180";
181 2 1 188,190 "181";
182 0 1 3,131 "182";
183 1 0 101,147 "183";
184 1 0 148,255 "184";
185 0 1 71,242 "185";
186 2 1 77,224 "186";
187 1 0 44,230 "187";
188 0 0 50,238 "188";
189 1 0 128,163 "189";
190 0 0 150,164 "190";
191 2 0 99,102 "191";
192 0 0 37,51 "192";
193 1 1 165,233 "193";
194 1 0 82,105 "194";
195 2 0 21,35 "195";
196 2 1 114,143 "196";
197 0 0 175,179 "197";
198 1 0 81,93 "198";
199 1 1 41,101 "199";
200 2 0 133,153 "200";
201 1 1 92,258 "201";
202 2 0 121,174 "202";
203 1 0 168,227 "203";
204 2 0 220,233 "204";
205 0 1 161,206 "205";
206 0 0 62,160 "206";
207 0 1 123,131 "207";
208 1 1 20,84 "208";
209 2 1 250,267 "209";
210 0 0 47,262 "210";
211 0 0 173,223 "211";
212 2 1 159,211 "212";
213 2 0 145,153 "213";
214 2 1 150,154 "214";
215 1 1 125,230 "215";
216 2 1 159,250 "216";
217 1 1 97,237 "217";
218 0 0 156,250 "218";
219 1 1 13,230 "219";
220 0 0 8,40 "220";
221 0 0 25,154 "221";
222 0 1 180,202 "222";
223 0 0 164,176 "223";
224 0 0 40,97 "224";
225 0 1 149,167 "225";
226 1 0 68,238 "226";
227 1 0 44,199 "227";
228 2 0 83,148 "228";
229 0 0 65,156 "229";
230 2 1 70,234 "230";
231 1 0 68,189 "231";
232 2 0 1,183 "232";
233 1 1 39,78 "233";
234 0 1 106,249 "234";
235 2 1 97,106 "235";
236 0 1 116,145 "236";
237 2 0 208,213 "237";
238 1 1 102,227 "238";
239 0 1 69,133 "239";
240 0 1 106,170 "240";
241 0 0 90,238 "241";
242 2 0 79,213 "242";
243 0 0 54,210 "243";
244 0 1 7,142 "244";
245 0 1 81,225 "245";
246 2 0 60,120 "246";
247 0 0 95,143 "247";
248 0 0 23,166 "248";
249 0 0 188,269 "249";
250 1 0 139,158 "250";
251 1 1 143,159 "251";
252 1 1 29,193 "252";
253 0 0 14,216 "253";
254 2 1 14,113 "254";
255 1 1 48,263 "255";
256 2 0 113,191 "256";
257 2 0 174,264 "257";
258 0 1 66,94 "258";
259 2 1 150,214 "259";
260 2 0 33,209 "260";
261 2 0 40,158 "261";
262 1 0 76,81 "262";
263 1 1 9,112 "263";
264 0 0 54,217 "264";
265 2 0 148,165 "265";
266 1 1 81,204 "266";
267 1 0 2,16 "267";
268 2 0 25,247 "268";
269 1 0 158,252 "269";
