parity 234;
0 1 1 118,218 "0";
1 0 0 44,80 "1";
2 2 0 22,120 "2";
3 2 0 54,155 "3";
4 2 1 112,144 "4";
5 1 1 56,192 "5";
6 0 1 107,174 "6";
7 0 1 108,171 "7";
8 2 1 102,168 "8";
9 2 0 70,116 "9";
10 2 1 7,102 "10";
11 0 1 37,47 "11";
12 2 1 89,149 "12";
13 1 1 102,130 "13";
14 1 0 29,86 "14";
15 0 0 219,227 "15";
16 0 1 8,197 "16";
17 0 1 198,217 "17";
18 1 1 23,132 "18";
19 0 0 93,204 "19";
20 0 1 96,176 "20";
21 2 1 34,85 "21";
22 0 0 45,141 "22";
23 2 1 18,113 "23";
24 2 0 23,60 "24";
25 0 0 34,178 "25";
26 0 1 120,168 "26";
27 2 1 177,230 "27";
28 2 1 122,180 "28";
29 0 1 39,218 "29";
30 0 0 25,54 "30";
31 2 1 127,187 "31";
32 0 1 33,204 "32";
33 1 0 61,222 "33";
34 2 1 55,165 "34";
35 1 1 4,70 "35";
36 0 1 119,228 "36";
37 0 1 112,118 "37";
38 0 0 25,91 "38";
39 0 0 182,187 "39";
40 0 1 6,201 "40";
41 0 0 94,213 "41";
42 1 0 11,216 "42";
43 1 1 65,80 "43";
44 2 0 75,133 "44";
45 0 1 6,214 "45";
46 1 1 10,66 "46";
47 1 1 139,206 "47";
48 0 1 96,99 "48";
49 0 1 90,230 "49";
50 2 0 71,81 "50";
51 0 1 10,178 "51";
52 1 0 26,159 "52";
53 2 1 148,224 "53";
54 1 0 174,221 "54";
55 2 0 3,69 "55";
56 1 0 77,215 "56";
57 2 1 18,181 "57";
58 0 0 175,232 "58";
59 1 1 42,86 "59";
60 0 0 74,146 "60";
61 2 0 81,144 "61";
62 0 0 148,158 "62";
63 0 0 102,140 "63";
64 1 0 87,116 "64";
65 1 1 92,217 "65";
66 2 0 118,213 "66";
67 0 1 217,229 "67";
68 0 1 153,165 "68";
69 1 0 136,138 "69";
70 2 0 143,200 "70";
71 0 1 102,166 "71";
72 1 0 196,211 "72";
73 2 0 151,200 "73";
74 1 1 18,122 "74";
75 0 0 104,224 "75";
76 1 0 125,151 "76";
77 0 1 80,137 "77";
78 0 0 191,225 "78";
79 1 1 129,136 "79";
80 1 0 11,23 "80";
81 2 0 66,207 "81";
82 0 1 78,148 "82";
83 2 1 85,99 "83";
84 2 1 34,142 "84";
85 1 1 78,152 "85";
86 0 1 18,233 "86";
87 0 0 82,96 "87";
88 1 0 59,225 "88";
89 0 0 27,42 "89";
90 0 0 17,164 "90";
91 0 0 99,222 "91";
92 1 0 16,85 "92";
93 1 0 19,160 "93";
94 1 1 155,173 "94";
95 1 1 168,184 "95";
96 1 0 49,169 "96";
97 0 0 117,220 "97";
98 1 0 111,201 "98";
99 2 1 9,134 "99";
100 2 1 150,212 "100";
101 1 0 56,113 "101";
102 2 0 105,147 "102";
103 2 0 24,202 "103";
104 1 1 56,124 "104";
105 1 0 51,199 "105";
106 2 0 72,84 "106";
107 1 0 145,225 "107";
108 1 0 46,88 "108";
109 2 1 13,134 "109";
110 2 0 54,64 "110";
111 0 0 170,174 "111";
112 2 0 127,185 "112";
113 0 1 56,153 "113";
114 1 0 8,12 "114";
115 2 1 58,137 "115";
116 1 1 105,226 "116";
117 0 1 17,152 "117";
118 2 1 114,172 "118";
119 1 0 5,80 "119";
120 0 0 139,142 "120";
121 1 1 122,156 "121";
122 0 1 110,165 "122";
123 1 0 98,216 "123";
124 0 1 166,226 "124";
125 1 1 90,198 "125";
126 1 0 40,170 "126";
127 0 0 24,222 "127";
128 2 0 126,129 "128";
129 2 1 50,96 "129";
130 2 0 73,170 "130";
131 0 1 99,105 "131";
132 1 0 52,55 "132";
133 2 1 90,150 "133";
134 0 1 201,226 "134";
135 0 0 5,42 "135";
136 1 1 52,165 "136";
137 2 1 7,146 "137";
138 0 0 76,211 "138";
139 1 0 192,219 "139";
140 1 1 60,84 "140";
141 1 1 174,222 "141";
142 0 1 150,155 "142";
143 2 1 61,183 "143";
144 0 1 124,230 "144";
145 0 1 106,182 "145";
146 1 1 121,123 "146";
147 2 0 135,150 "147";
148 1 1 64,234 "148";
149 1 0 22,210 "149";
150 1 1 153,212 "150";
151 2 1 130,166 "151";
152 1 0 35,62 "152";
153 0 1 51,190 "153";
154 1 0 60,132 "154";
155 0 1 97,113 "155";
156 0 0 47,98 "156";
157 2 0 17,88 "157";
158 1 0 182,220 "158";
159 1 1 17,94 "159";
160 1 0 34,154 "160";
161 0 0 89,216 "161";
162 1 1 205,213 "162";
163 0 0 39,147 "163";
164 2 1 34,95 "164";
165 0 0 26,152 "165";
166 2 0 129,200 "166";
167 1 1 60,77 "167";
168 1 1 222,231 "168";
169 1 1 199,222 "169";
170 0 0 109,179 "170";
171 2 0 96,179 "171";
172 2 0 29,53 "172";
173 0 0 38,146 "173";
174 2 1 78,141 "174";
175 0 1 198,232 "175";
176 1 0 95,143 "176";
177 2 1 75,225 "177";
178 1 0 105,229 "178";
179 2 1 5,132 "179";
180 0 1 63,66 "180";
181 0 0 11,74 "181";
182 2 1 84,116 "182";
183 1 0 127,132 "183";
184 1 1 30,44 "184";
185 0 0 145,148 "185";
186 2 0 60,219 "186";
187 0 1 40,105 "187";
188 0 1 105,172 "188";
189 1 0 1,198 "189";
190 2 1 174,188 "190";
191 0 0 173,210 "191";
192 2 0 57,125 "192";
193 1 0 37,125 "193";
194 0 1 63,102 "194";
195 1 0 97,228 "195";
196 2 1 99,184 "196";
197 2 0 0,154 "197";
198 1 1 20,230 "198";
199 2 0 124,141 "199";
200 2 0 82,103 "200";
201 0 0 9,39 "201";
202 0 0 158,170 "202";
203 1 0 211,222 "203";
204 2 0 142,167 "204";
205 1 1 57,188 "205";
206 0 1 75,114 "206";
207 0 1 106,209 "207";
208 0 1 131,168 "208";
209 1 1 169,215 "209";
210 2 0 73,184 "210";
211 0 0 56,160 "211";
212 2 1 149,210 "212";
213 2 0 30,131 "213";
214 2 1 2,109 "214";
215 0 1 52,77 "215";
216 2 1 84,138 "216";
217 2 0 129,184 "217";
218 2 1 80,132 "218";
219 2 0 109,198 "219";
220 0 1 109,214 "220";
221 2 0 125,228 "221";
222 2 1 8,55 "222";
223 2 1 97,117 "223";
224 0 0 26,117 "224";
225 2 0 207,218 "225";
226 2 0 185,210 "226";
227 1 0 128,197 "227";
228 1 1 147,184 "228";
229 0 1 7,197 "229";
230 1 1 78,232 "230";
231 0 0 187,232 "231";
232 1 0 6,100 "232";
233 1 1 185,203 "233";
234 1 1 11,211 "234";
