parity 249;
0 2 0 146,228 "0";
1 0 0 7,224 "1";
2 1 1 0,245 "2";
3 2 1 77,152 "3";
4 0 1 27,243 "4";
5 1 1 150,235 "5";
6 0 0 114,190 "6";
7 2 1 16,84 "7";
8 2 0 88,200 "8";
9 1 1 38,172 "9";
10 0 1 208,217 "10";
11 0 1 117,132 "11";
12 1 0 88,135 "12";
13 0 1 24,233 "13";
14 0 1 182,207 "14";
15 1 0 164,217 "15";
16 1 0 71,86 "16";
17 0 0 25,114 "17";
18 2 0 55,185 "18";
19 1 1 100,223 "19";
20 2 0 53,220 "20";
21 0 0 137,144 "21";
22 0 1 112,202 "22";
23 2 0 150,201 "23";
24 1 0 38,59 "24";
25 1 0 57,117 "25";
26 0 0 138,217 "26";
27 2 0 43,222 "27";
28 2 0 13,137 "28";
29 0 1 81,86 "29";
30 1 0 82,248 "30";
31 2 0 54,192 "31";
32 0 1 17,33 "32";
33 0 1 51,244 "33";
34 1 1 97,182 "34";
35 2 0 86,187 "35";
36 2 0 106,116 "36";
37 1 1 77,127 "37";
38 2 1 167,207 "38";
39 2 0 61,187 "39";
40 1 1 13,182 "40";
41 1 1 24,185 "41";
42 1 1 136,200 "42";
43 1 0 51,109 "43";
44 0 0 129,147 "44";
45 1 0 203,242 "45";
46 0 0 99,143 "46";
47 2 1 130,152 "47";
48 2 0 76,237 "48";
49 1 0 89,225 "49";
50 2 0 51,123 "50";
51 2 1 135,206 "51";
52 0 1 76,78 "52";
53 1 0 5,75 "53";
54 2 1 63,137 "54";
55 2 1 79,218 "55";
56 0 0 4,115 "56";
57 1 0 22,92 "57";
58 0 1 158,206 "58";
59 1 1 117,191 "59";
60 0 0 111,133 "60";
61 2 0 97,107 "61";
62 0 0 107,203 "62";
63 2 1 123,136 "63";
64 2 0 163,183 "64";
65 1 1 3,17 "65";
66 1 1 26,101 "66";
67 2 0 135,188 "67";
68 2 0 185,193 "68";
69 2 1 79,199 "69";
70 2 1 49,99 "70";
71 0 1 127,158 "71";
72 2 1 18,124 "72";
73 1 0 27,210 "73";
74 2 0 28,71 "74";
75 2 0 80,196 "75";
76 1 0 101,125 "76";
77 1 1 211,225 "77";
78 2 0 21,206 "78";
79 0 0 219,231 "79";
80 0 1 20,75 "80";
81 0 0 168,213 "81";
82 1 1 218,232 "82";
83 1 0 85,136 "83";
84 0 0 134,199 "84";
85 0 0 14,52 "85";
86 2 0 67,162 "86";
87 1 1 97,237 "87";
88 2 0 146,175 "88";
89 1 0 58,218 "89";
90 0 1 71,132 "90";
91 1 0 88,221 "91";
92 0 1 91,235 "92";
93 0 0 33,181 "93";
94 0 1 198,215 "94";
95 2 0 166,181 "95";
96 1 1 116,151 "96";
97 1 0 6,155 "97";
98 0 0 216,222 "98";
99 1 1 8,106 "99";
100 1 1 77,241 "100";
101 0 0 2,13 "101";
102 2 1 90,205 "102";
103 0 1 118,246 "103";
104 2 0 0,48 "104";
105 2 1 57,175 "105";
106 1 1 133,212 "106";
107 0 1 120,131 "107";
108 2 1 64,149 "108";
109 0 0 57,247 "109";
110 2 1 148,153 "110";
111 1 0 21,49 "111";
112 1 0 19,103 "112";
113 0 0 42,63 "113";
114 0 1 99,112 "114";
115 2 1 101,247 "115";
116 0 0 72,118 "116";
117 1 1 171,233 "117";
118 2 1 63,150 "118";
119 2 1 1,128 "119";
120 0 1 52,158 "120";
121 0 0 132,222 "121";
122 0 0 165,193 "122";
123 2 1 24,52 "123";
124 1 0 105,238 "124";
125 1 1 50,113 "125";
126 2 1 17,83 "126";
127 1 0 204,237 "127";
128 2 1 35,144 "128";
129 2 1 16,169 "129";
130 0 0 27,115 "130";
131 0 1 177,208 "131";
132 2 1 54,123 "132";
133 0 1 18,120 "133";
134 2 1 59,219 "134";
135 2 1 24,90 "135";
136 1 1 73,108 "136";
137 0 1 178,195 "137";
138 0 0 21,78 "138";
139 0 0 161,230 "139";
140 2 0 104,198 "140";
141 2 1 17,107 "141";
142 0 0 31,246 "142";
143 1 0 118,201 "143";
144 0 0 140,149 "144";
145 2 1 7,71 "145";
146 0 1 37,83 "146";
147 0 1 124,189 "147";
148 2 0 5,159 "148";
149 0 1 164,180 "149";
150 2 0 27,156 "150";
151 0 1 159,176 "151";
152 0 0 94,190 "152";
153 0 0 113,188 "153";
154 0 1 36,206 "154";
155 2 1 38,219 "155";
156 0 0 81,163 "156";
157 2 1 64,165 "157";
158 1 1 187,188 "158";
159 0 0 22,238 "159";
160 1 1 11,169 "160";
161 1 0 37,246 "161";
162 2 0 18,225 "162";
163 1 1 18,222 "163";
164 0 0 92,113 "164";
165 0 1 145,161 "165";
166 2 0 17,38 "166";
167 0 0 199,226 "167";
168 0 0 135,183 "168";
169 1 1 100,206 "169";
170 2 0 91,135 "170";
171 0 1 64,103 "171";
172 0 1 1,162 "172";
173 1 0 145,201 "173";
174 1 0 75,89 "174";
175 0 0 69,194 "175";
176 0 1 177,221 "176";
177 2 0 36,88 "177";
178 1 1 79,132 "178";
179 2 1 72,79 "179";
180 2 0 12,118 "180";
181 0 0 128,172 "181";
182 2 0 140,210 "182";
183 0 0 37,69 "183";
184 2 1 50,123 "184";
185 0 0 114,116 "185";
186 0 0 29,242 "186";
187 0 0 99,205 "187";
188 1 0 119,229 "188";
189 1 0 115,240 "189";
190 0 1 92,169 "190";
191 2 1 10,95 "191";
192 0 1 131,144 "192";
193 1 1 91,132 "193";
194 0 1 120,125 "194";
195 2 0 8,99 "195";
196 1 0 34,209 "196";
197 0 0 39,139 "197";
198 1 1 131,212 "198";
199 1 1 18,71 "199";
200 1 0 181,237 "200";
201 2 1 18,200 "201";
202 2 0 71,129 "202";
203 2 0 21,164 "203";
204 1 1 151,232 "204";
205 1 1 75,143 "205";
206 2 1 189,211 "206";
207 0 0 158,212 "207";
208 1 0 89,111 "208";
209 2 0 3,126 "209";
210 1 1 76,190 "210";
211 0 0 30,122 "211";
212 1 0 88,229 "212";
213 1 0 75,91 "213";
214 0 0 78,179 "214";
215 0 0 156,235 "215";
216 0 0 153,187 "216";
217 2 1 30,131 "217";
218 2 1 143,215 "218";
219 2 0 185,233 "219";
220 1 0 55,215 "220";
221 2 0 67,98 "221";
222 2 0 151,228 "222";
223 1 0 77,226 "223";
224 2 0 83,202 "224";
225 0 1 29,70 "225";
226 2 1 167,242 "226";
227 2 1 5,240 "227";
228 2 0 8,86 "228";
229 2 0 158,246 "229";
230 1 1 20,37 "230";
231 2 1 12,93 "231";
232 2 1 57,204 "232";
233 0 1 30,110 "233";
234 2 0 162,206 "234";
235 2 0 129,166 "235";
236 0 1 65,245 "236";
237 0 1 20,180 "237";
238 1 0 56,177 "238";
239 1 1 6,65 "239";
240 0 0 115,198 "240";
241 2 0 117,219 "241";
242 2 0 55,196 "242";
243 2 0 38,46 "243";
244 1 1 165,181 "244";
245 2 0 84,227 "245";
246 2 1 32,115 "246";
247 1 0 3,203 "247";
248 2 0 118,127 "248";
249 2 1 30,215 "249";
