parity 209;
0 1 1 58,190 "0";
1 2 1 24,44 "1";
2 0 0 88,117 "2";
3 2 0 38,135 "3";
4 2 0 37,42 "4";
5 1 0 8,50 "5";
6 0 0 18,198 "6";
7 2 1 56,92 "7";
8 0 0 35,82 "8";
9 0 1 196,206 "9";
10 2 1 119,129 "10";
11 0 1 6,197 "11";
12 1 1 89,205 "12";
13 1 0 96,144 "13";
14 0 0 50,55 "14";
15 1 0 24,68 "15";
16 0 0 112,165 "16";
17 1 1 175,204 "17";
18 0 0 82,180 "18";
19 1 0 66,153 "19";
20 0 0 43,191 "20";
21 2 0 121,158 "21";
22 0 0 18,152 "22";
23 2 1 75,107 "23";
24 0 0 113,161 "24";
25 0 1 182,206 "25";
26 1 1 66,105 "26";
27 0 0 195,205 "27";
28 1 1 157,170 "28";
29 2 1 45,127 "29";
30 0 1 6,179 "30";
31 1 0 163,198 "31";
32 0 1 15,153 "32";
33 2 1 82,138 "33";
34 2 1 44,67 "34";
35 0 0 12,70 "35";
36 0 0 133,148 "36";
37 1 1 66,199 "37";
38 1 1 147,156 "38";
39 2 1 52,175 "39";
40 2 0 88,189 "40";
41 0 1 17,183 "41";
42 0 0 22,39 "42";
43 0 0 16,98 "43";
44 2 1 18,41 "44";
45 2 0 117,120 "45";
46 2 1 1,137 "46";
47 2 1 164,169 "47";
48 1 1 27,181 "48";
49 0 1 48,180 "49";
50 2 1 5,177 "50";
51 1 0 205,207 "51";
52 0 0 39,184 "52";
53 1 1 66,127 "53";
54 1 1 100,197 "54";
55 1 1 2,111 "55";
56 1 1 19,90 "56";
57 1 0 93,133 "57";
58 2 1 64,140 "58";
59 0 0 93,179 "59";
60 0 0 5,38 "60";
61 2 1 115,192 "61";
62 2 1 21,23 "62";
63 1 1 2,171 "63";
64 0 1 132,190 "64";
65 2 1 68,102 "65";
66 0 0 39,157 "66";
67 2 1 1,198 "67";
68 0 1 90,204 "68";
69 0 1 15,101 "69";
70 2 0 160,197 "70";
71 0 0 1,74 "71";
72 0 0 118,207 "72";
73 0 0 26,155 "73";
74 0 0 141,188 "74";
75 1 0 80,141 "75";
76 0 0 88,194 "76";
77 2 0 40,149 "77";
78 0 0 54,188 "78";
79 0 0 116,181 "79";
80 1 1 13,110 "80";
81 2 1 36,176 "81";
82 2 1 56,161 "82";
83 1 0 145,197 "83";
84 2 0 118,133 "84";
85 0 1 82,113 "85";
86 1 1 26,185 "86";
87 2 0 59,64 "87";
88 2 0 137,201 "88";
89 1 0 41,55 "89";
90 0 1 169,181 "90";
91 1 0 34,97 "91";
92 0 0 145,202 "92";
93 2 0 55,197 "93";
94 1 1 72,75 "94";
95 1 1 100,187 "95";
96 0 1 1,19 "96";
97 0 0 70,155 "97";
98 1 0 46,141 "98";
99 1 1 25,124 "99";
100 2 0 15,52 "100";
101 2 0 174,205 "101";
102 1 0 21,97 "102";
103 0 1 62,187 "103";
104 2 1 68,102 "104";
105 2 1 33,107 "105";
106 2 0 78,138 "106";
107 0 0 128,209 "107";
108 0 0 118,176 "108";
109 0 0 94,118 "109";
110 1 0 133,192 "110";
111 1 1 92,197 "111";
112 1 0 73,129 "112";
113 2 1 31,81 "113";
114 0 1 116,140 "114";
115 2 1 17,133 "115";
116 1 1 110,167 "116";
117 2 0 24,60 "117";
118 0 1 191,205 "118";
119 2 1 162,192 "119";
120 1 1 57,192 "120";
121 1 1 9,145 "121";
122 2 0 139,171 "122";
123 1 1 2,34 "123";
124 0 1 26,73 "124";
125 0 1 68,195 "125";
126 2 1 165,190 "126";
127 0 0 23,111 "127";
128 2 0 20,34 "128";
129 0 0 57,194 "129";
130 1 1 69,200 "130";
131 2 1 146,177 "131";
132 2 1 99,120 "132";
133 0 0 118,163 "133";
134 2 1 2,20 "134";
135 0 1 19,194 "135";
136 0 1 73,121 "136";
137 1 0 0,126 "137";
138 2 1 21,66 "138";
139 2 1 124,140 "139";
140 2 0 0,149 "140";
141 2 0 178,184 "141";
142 1 0 3,24 "142";
143 1 0 35,60 "143";
144 0 1 18,191 "144";
145 1 1 62,175 "145";
146 0 0 19,139 "146";
147 2 1 67,188 "147";
148 1 1 128,171 "148";
149 1 0 19,81 "149";
150 2 1 55,97 "150";
151 2 0 112,148 "151";
152 0 1 112,165 "152";
153 1 0 26,129 "153";
154 1 0 50,206 "154";
155 2 1 182,201 "155";
156 2 0 26,160 "156";
157 2 0 11,168 "157";
158 2 1 119,142 "158";
159 1 1 48,70 "159";
160 2 0 66,169 "160";
161 1 0 109,192 "161";
162 1 0 130,139 "162";
163 1 1 59,208 "163";
164 0 1 81,197 "164";
165 1 0 1,45 "165";
166 0 1 76,132 "166";
167 0 0 188,205 "167";
168 1 0 24,76 "168";
169 0 0 75,108 "169";
170 1 0 180,202 "170";
171 1 1 110,188 "171";
172 0 0 29,50 "172";
173 1 1 53,126 "173";
174 0 1 70,166 "174";
175 1 0 78,190 "175";
176 0 1 169,203 "176";
177 1 1 54,81 "177";
178 0 1 139,169 "178";
179 2 1 85,175 "179";
180 2 0 176,189 "180";
181 0 0 49,182 "181";
182 1 0 7,64 "182";
183 2 0 129,201 "183";
184 1 1 20,129 "184";
185 0 0 36,174 "185";
186 2 0 103,114 "186";
187 2 0 83,110 "187";
188 0 0 53,89 "188";
189 1 0 54,160 "189";
190 1 1 89,106 "190";
191 1 0 111,142 "191";
192 0 1 118,163 "192";
193 2 1 90,162 "193";
194 0 1 153,158 "194";
195 1 0 74,119 "195";
196 1 1 57,126 "196";
197 2 1 141,151 "197";
198 2 0 19,186 "198";
199 0 0 150,172 "199";
200 0 1 44,101 "200";
201 0 1 90,116 "201";
202 0 1 37,199 "202";
203 0 1 31,84 "203";
204 1 0 3,97 "204";
205 1 1 116,162 "205";
206 2 0 10,68 "206";
207 2 0 147,152 "207";
208 2 1 68,124 "208";
209 0 1 38,107 "209";
