parity 254;
0 0 1 24,33 "0";
1 2 1 75,100 "1";
2 1 1 150,224 "2";
3 2 0 31,242 "3";
4 0 1 26,28 "4";
5 1 1 18,120 "5";
6 0 0 27,165 "6";
7 0 0 91,163 "7";
8 0 0 33,200 "8";
9 1 0 95,181 "9";
10 1 0 48,132 "10";
11 1 1 87,93 "11";
12 1 1 52,113 "12";
13 0 1 93,102 "13";
14 2 0 19,98 "14";
15 0 1 137,207 "15";
16 0 1 9,40 "16";
17 2 0 113,124 "17";
18 1 1 154,203 "18";
19 2 0 146,169 "19";
20 0 1 3,235 "20";
21 2 1 124,185 "21";
22 2 0 101,140 "22";
23 1 1 174,201 "23";
24 2 0 0,29 "24";
25 0 1 51,165 "25";
26 2 1 98,210 "26";
27 1 1 155,163 "27";
28 2 1 41,217 "28";
29 2 0 148,210 "29";
30 0 1 55,239 "30";
31 2 0 30,225 "31";
32 0 0 27,44 "32";
33 2 0 1,32 "33";
34 2 0 22,180 "34";
35 1 0 142,253 "35";
36 0 0 212,219 "36";
37 0 0 11,223 "37";
38 1 0 181,248 "38";
39 2 1 72,77 "39";
40 1 1 170,227 "40";
41 1 1 51,127 "41";
42 0 0 31,148 "42";
43 2 1 38,83 "43";
44 2 1 225,249 "44";
45 0 0 43,48 "45";
46 0 0 224,227 "46";
47 0 1 58,203 "47";
48 0 1 115,156 "48";
49 1 0 118,156 "49";
50 1 0 66,173 "50";
51 1 0 5,141 "51";
52 2 1 98,254 "52";
53 1 0 213,234 "53";
54 2 0 76,237 "54";
55 0 1 30,170 "55";
56 0 1 176,216 "56";
57 0 1 11,111 "57";
58 2 0 100,108 "58";
59 1 0 98,118 "59";
60 0 0 55,237 "60";
61 1 1 139,141 "61";
62 0 1 181,237 "62";
63 1 1 152,225 "63";
64 2 1 93,130 "64";
65 2 1 115,124 "65";
66 0 0 13,102 "66";
67 1 1 144,222 "67";
68 2 0 92,245 "68";
69 0 1 26,71 "69";
70 2 1 85,253 "70";
71 0 1 97,173 "71";
72 0 1 49,240 "72";
73 0 0 148,155 "73";
74 1 1 185,194 "74";
75 1 1 28,156 "75";
76 1 0 207,209 "76";
77 2 0 177,229 "77";
78 2 1 182,194 "78";
79 2 1 87,246 "79";
80 1 0 8,188 "80";
81 2 0 26,155 "81";
82 0 0 50,142 "82";
83 0 0 157,206 "83";
84 1 1 75,157 "84";
85 0 1 17,119 "85";
86 0 0 131,149 "86";
87 1 0 150,168 "87";
88 0 0 91,159 "88";
89 1 1 139,188 "89";
90 0 1 6,148 "90";
91 0 1 126,196 "91";
92 0 0 217,234 "92";
93 0 1 198,218 "93";
94 1 0 68,85 "94";
95 1 1 51,250 "95";
96 0 0 66,140 "96";
97 0 0 12,72 "97";
98 1 0 161,173 "98";
99 1 0 102,194 "99";
100 0 1 184,208 "100";
101 0 1 132,186 "101";
102 1 1 52,54 "102";
103 2 0 21,230 "103";
104 0 1 149,168 "104";
105 0 0 23,32 "105";
106 2 1 24,46 "106";
107 0 0 106,242 "107";
108 1 1 68,168 "108";
109 0 0 13,194 "109";
110 1 0 39,178 "110";
111 1 1 27,123 "111";
112 0 0 147,231 "112";
113 2 0 5,204 "113";
114 0 1 31,87 "114";
115 2 1 156,224 "115";
116 1 1 126,201 "116";
117 2 0 48,190 "117";
118 2 0 134,219 "118";
119 1 1 215,254 "119";
120 2 0 13,151 "120";
121 0 1 142,196 "121";
122 0 0 106,197 "122";
123 0 1 67,162 "123";
124 1 0 147,168 "124";
125 0 0 85,97 "125";
126 2 1 101,163 "126";
127 0 0 58,132 "127";
128 2 1 41,149 "128";
129 1 0 83,200 "129";
130 2 0 61,108 "130";
131 1 1 4,110 "131";
132 0 0 42,45 "132";
133 1 1 0,159 "133";
134 0 1 11,216 "134";
135 1 0 58,112 "135";
136 1 0 34,148 "136";
137 2 1 166,186 "137";
138 0 0 166,176 "138";
139 0 0 147,243 "139";
140 2 1 94,128 "140";
141 0 0 161,210 "141";
142 0 0 144,173 "142";
143 0 0 61,228 "143";
144 0 1 44,167 "144";
145 1 0 13,152 "145";
146 2 1 28,155 "146";
147 2 1 96,199 "147";
148 1 1 77,84 "148";
149 0 0 102,237 "149";
150 0 1 32,151 "150";
151 0 1 107,202 "151";
152 1 0 151,210 "152";
153 2 0 105,131 "153";
154 1 1 31,94 "154";
155 2 1 14,195 "155";
156 1 1 89,171 "156";
157 0 1 83,230 "157";
158 0 0 94,136 "158";
159 1 0 6,233 "159";
160 0 1 56,187 "160";
161 1 0 67,227 "161";
162 2 0 23,231 "162";
163 1 0 24,250 "163";
164 0 1 12,52 "164";
165 0 1 11,100 "165";
166 1 0 184,244 "166";
167 0 0 76,201 "167";
168 1 0 233,249 "168";
169 2 1 89,113 "169";
170 1 0 29,138 "170";
171 0 1 67,129 "171";
172 2 1 199,248 "172";
173 2 0 28,143 "173";
174 1 1 46,53 "174";
175 1 1 167,202 "175";
176 2 0 84,238 "176";
177 1 0 117,127 "177";
178 2 1 96,194 "178";
179 1 1 22,196 "179";
180 1 1 29,186 "180";
181 0 1 19,134 "181";
182 2 0 195,252 "182";
183 1 0 28,115 "183";
184 2 1 19,29 "184";
185 2 0 40,242 "185";
186 1 1 128,241 "186";
187 2 1 103,160 "187";
188 2 1 157,159 "188";
189 0 0 10,12 "189";
190 2 0 84,251 "190";
191 2 1 197,226 "191";
192 1 1 190,240 "192";
193 1 0 24,45 "193";
194 2 1 19,29 "194";
195 0 0 39,67 "195";
196 2 1 26,108 "196";
197 1 1 115,183 "197";
198 1 0 63,188 "198";
199 0 1 165,182 "199";
200 1 0 38,67 "200";
201 2 0 159,194 "201";
202 0 1 71,122 "202";
203 2 1 52,87 "203";
204 1 1 81,151 "204";
205 2 1 114,185 "205";
206 1 0 105,221 "206";
207 0 1 185,220 "207";
208 2 0 0,174 "208";
209 2 1 20,242 "209";
210 0 1 20,53 "210";
211 1 0 29,153 "211";
212 1 0 12,203 "212";
213 2 0 114,130 "213";
214 2 1 226,249 "214";
215 0 0 86,181 "215";
216 0 0 87,249 "216";
217 2 1 2,178 "217";
218 0 1 86,242 "218";
219 1 1 157,254 "219";
220 0 0 57,67 "220";
221 2 1 47,139 "221";
222 1 0 29,61 "222";
223 2 0 83,249 "223";
224 2 0 121,216 "224";
225 0 1 14,27 "225";
226 1 1 21,248 "226";
227 0 0 41,248 "227";
228 0 1 46,239 "228";
229 0 0 37,71 "229";
230 0 0 25,191 "230";
231 1 1 126,215 "231";
232 0 0 34,203 "232";
233 1 0 22,153 "233";
234 1 0 37,41 "234";
235 2 1 237,254 "235";
236 2 0 59,205 "236";
237 1 1 156,208 "237";
238 2 0 118,137 "238";
239 1 0 109,180 "239";
240 2 0 150,158 "240";
241 1 1 29,52 "241";
242 2 0 145,186 "242";
243 0 0 148,225 "243";
244 2 0 201,203 "244";
245 1 1 145,193 "245";
246 1 1 111,157 "246";
247 0 0 23,254 "247";
248 0 1 142,251 "248";
249 2 1 23,133 "249";
250 0 1 128,179 "250";
251 1 0 85,230 "251";
252 0 1 162,235 "252";
253 2 1 20,185 "253";
254 0 0 128,145 "254";
