parity 264;
0 2 0 48,208 "0";
1 2 0 36,218 "1";
2 1 1 71,215 "2";
3 2 0 168,194 "3";
4 2 0 113,262 "4";
5 2 1 108,141 "5";
6 2 1 109,178 "6";
7 0 0 185,209 "7";
8 0 0 90,244 "8";
9 2 0 122,191 "9";
10 1 0 163,192 "10";
11 0 0 47,104 "11";
12 2 0 132,254 "12";
13 0 1 258,263 "13";
14 2 0 147,171 "14";
15 0 0 43,163 "15";
16 0 0 6,163 "16";
17 2 1 71,142 "17";
18 1 1 76,217 "18";
19 0 1 88,172 "19";
20 1 0 119,152 "20";
21 0 0 0,94 "21";
22 1 0 46,69 "22";
23 0 1 17,131 "23";
24 0 1 123,211 "24";
25 2 1 100,178 "25";
26 2 0 16,141 "26";
27 2 0 130,138 "27";
28 2 1 130,240 "28";
29 1 0 91,217 "29";
30 0 1 70,243 "30";
31 1 1 68,251 "31";
32 1 0 92,222 "32";
33 2 0 118,205 "33";
34 1 0 119,146 "34";
35 1 0 37,218 "35";
36 2 1 115,156 "36";
37 1 0 60,85 "37";
38 0 1 60,88 "38";
39 2 0 135,217 "39";
40 1 0 97,127 "40";
41 2 1 22,233 "41";
42 0 0 101,200 "42";
43 0 0 148,152 "43";
44 0 1 208,264 "44";
45 2 0 168,254 "45";
46 2 1 21,165 "46";
47 2 0 27,247 "47";
48 2 0 18,247 "48";
49 0 0 118,235 "49";
50 1 1 77,161 "50";
51 2 0 124,217 "51";
52 2 0 11,46 "52";
53 2 1 16,252 "53";
54 2 1 217,257 "54";
55 1 0 27,241 "55";
56 0 1 7,190 "56";
57 1 1 167,238 "57";
58 2 0 241,258 "58";
59 1 1 158,174 "59";
60 1 1 131,188 "60";
61 0 0 187,261 "61";
62 0 0 131,251 "62";
63 1 1 72,223 "63";
64 1 1 137,229 "64";
65 0 1 24,171 "65";
66 2 0 67,231 "66";
67 0 1 72,186 "67";
68 0 1 83,194 "68";
69 0 0 75,104 "69";
70 0 1 30,112 "70";
71 0 1 62,217 "71";
72 0 1 113,216 "72";
73 2 1 61,85 "73";
74 2 1 0,247 "74";
75 2 1 34,191 "75";
76 2 1 135,136 "76";
77 0 1 28,88 "77";
78 1 0 70,260 "78";
79 2 0 77,167 "79";
80 0 0 56,238 "80";
81 1 0 115,189 "81";
82 2 0 87,132 "82";
83 1 0 58,81 "83";
84 1 0 27,133 "84";
85 1 0 73,78 "85";
86 0 0 128,164 "86";
87 2 0 107,250 "87";
88 2 1 159,168 "88";
89 0 0 199,241 "89";
90 0 0 50,53 "90";
91 2 0 73,254 "91";
92 0 0 3,52 "92";
93 2 1 52,215 "93";
94 0 0 211,226 "94";
95 1 1 108,126 "95";
96 2 0 33,252 "96";
97 0 1 49,96 "97";
98 2 0 1,113 "98";
99 2 1 123,233 "99";
100 0 1 146,198 "100";
101 1 1 177,213 "101";
102 1 1 146,215 "102";
103 1 0 224,259 "103";
104 1 1 75,178 "104";
105 2 0 101,208 "105";
106 0 0 113,165 "106";
107 2 0 199,244 "107";
108 0 0 45,126 "108";
109 1 0 6,106 "109";
110 0 1 167,252 "110";
111 0 1 90,107 "111";
112 1 1 137,150 "112";
113 2 1 125,135 "113";
114 0 0 84,118 "114";
115 2 1 75,184 "115";
116 2 1 135,195 "116";
117 0 1 254,257 "117";
118 2 0 71,256 "118";
119 0 1 129,180 "119";
120 0 0 81,154 "120";
121 1 0 10,243 "121";
122 2 0 217,242 "122";
123 2 0 21,142 "123";
124 2 0 50,116 "124";
125 0 1 213,248 "125";
126 0 1 71,207 "126";
127 2 0 63,188 "127";
128 2 1 66,164 "128";
129 1 1 152,217 "129";
130 0 1 26,89 "130";
131 2 0 64,108 "131";
132 1 1 184,254 "132";
133 1 1 23,199 "133";
134 2 0 39,152 "134";
135 2 1 67,127 "135";
136 2 1 15,240 "136";
137 1 0 38,80 "137";
138 0 0 176,260 "138";
139 2 0 0,19 "139";
140 1 1 74,103 "140";
141 2 1 156,241 "141";
142 0 1 79,163 "142";
143 1 0 56,264 "143";
144 2 1 8,142 "144";
145 0 1 116,182 "145";
146 0 1 160,202 "146";
147 1 0 173,216 "147";
148 1 1 59,101 "148";
149 0 0 80,233 "149";
150 1 0 8,98 "150";
151 2 1 78,220 "151";
152 2 0 51,60 "152";
153 0 1 38,112 "153";
154 0 0 15,224 "154";
155 0 1 81,82 "155";
156 0 0 137,227 "156";
157 0 0 15,189 "157";
158 0 0 51,134 "158";
159 0 0 44,98 "159";
160 2 0 0,248 "160";
161 0 0 105,214 "161";
162 2 1 40,45 "162";
163 0 0 98,129 "163";
164 0 0 94,163 "164";
165 0 1 3,36 "165";
166 1 1 81,199 "166";
167 1 0 56,244 "167";
168 2 1 59,152 "168";
169 0 1 121,181 "169";
170 0 0 51,255 "170";
171 1 0 74,142 "171";
172 2 1 6,103 "172";
173 0 1 96,108 "173";
174 2 0 144,251 "174";
175 0 1 78,186 "175";
176 2 1 100,117 "176";
177 0 1 155,207 "177";
178 2 0 88,206 "178";
179 0 1 10,167 "179";
180 2 1 2,96 "180";
181 0 1 31,237 "181";
182 0 1 76,102 "182";
183 1 0 124,213 "183";
184 0 0 130,186 "184";
185 1 0 119,175 "185";
186 1 1 33,220 "186";
187 0 0 147,219 "187";
188 2 1 35,92 "188";
189 0 1 65,192 "189";
190 0 1 33,96 "190";
191 2 0 85,177 "191";
192 0 0 50,241 "192";
193 0 0 55,103 "193";
194 1 0 106,224 "194";
195 1 0 27,236 "195";
196 1 0 146,216 "196";
197 1 0 112,243 "197";
198 0 0 123,228 "198";
199 1 0 6,194 "199";
200 1 1 12,148 "200";
201 0 0 98,184 "201";
202 0 0 64,183 "202";
203 1 0 162,209 "203";
204 2 1 141,169 "204";
205 1 0 12,237 "205";
206 2 1 106,194 "206";
207 2 1 49,248 "207";
208 1 0 10,43 "208";
209 2 1 28,68 "209";
210 2 1 13,223 "210";
211 0 0 19,27 "211";
212 0 0 87,238 "212";
213 1 0 21,166 "213";
214 2 0 136,173 "214";
215 1 1 26,170 "215";
216 2 1 233,250 "216";
217 0 0 21,133 "217";
218 0 1 138,261 "218";
219 1 0 128,187 "219";
220 2 0 63,252 "220";
221 0 0 182,249 "221";
222 0 0 173,253 "222";
223 0 0 117,255 "223";
224 1 0 163,263 "224";
225 2 1 77,161 "225";
226 1 0 154,157 "226";
227 2 0 27,208 "227";
228 1 1 165,243 "228";
229 2 1 109,205 "229";
230 2 0 5,45 "230";
231 1 0 0,65 "231";
232 1 0 5,263 "232";
233 1 1 16,196 "233";
234 1 0 65,96 "234";
235 0 0 104,136 "235";
236 0 0 165,259 "236";
237 1 0 57,221 "237";
238 2 1 155,217 "238";
239 2 1 41,178 "239";
240 2 0 32,175 "240";
241 1 0 179,218 "241";
242 0 0 72,118 "242";
243 2 1 162,179 "243";
244 2 1 148,217 "244";
245 0 1 107,133 "245";
246 2 1 136,154 "246";
247 0 1 208,243 "247";
248 0 1 152,164 "248";
249 0 0 35,55 "249";
250 2 0 85,118 "250";
251 2 1 141,173 "251";
252 0 0 18,70 "252";
253 0 1 62,236 "253";
254 1 0 127,202 "254";
255 0 0 43,164 "255";
256 0 0 17,218 "256";
257 2 1 140,169 "257";
258 1 1 60,262 "258";
259 0 0 66,125 "259";
260 0 0 70,182 "260";
261 2 1 17,141 "261";
262 1 1 158,203 "262";
263 0 0 166,210 "263";
264 2 1 186,246 "264";
