parity 204;
0 0 1 13,106 "0";
1 1 1 71,110 "1";
2 2 0 93,129 "2";
3 2 0 158,162 "3";
4 2 0 3,67 "4";
5 0 0 169,174 "5";
6 2 1 57,165 "6";
7 1 0 35,169 "7";
8 2 1 90,186 "8";
9 0 1 32,40 "9";
10 1 0 96,165 "10";
11 1 0 70,164 "11";
12 1 0 69,73 "12";
13 1 1 92,172 "13";
14 2 1 22,39 "14";
15 1 1 18,105 "15";
16 2 0 94,134 "16";
17 2 0 49,100 "17";
18 1 0 87,107 "18";
19 1 0 55,58 "19";
20 0 0 120,153 "20";
21 0 1 27,114 "21";
22 0 0 43,74 "22";
23 1 0 126,201 "23";
24 1 0 151,179 "24";
25 1 0 13,160 "25";
26 1 1 19,20 "26";
27 2 1 39,93 "27";
28 2 0 77,172 "28";
29 0 0 111,142 "29";
30 0 1 87,98 "30";
31 1 1 107,166 "31";
32 2 0 11,158 "32";
33 1 0 134,196 "33";
34 2 1 156,166 "34";
35 1 0 9,199 "35";
36 2 0 52,134 "36";
37 2 1 5,158 "37";
38 0 0 75,191 "38";
39 1 0 42,97 "39";
40 1 1 30,73 "40";
41 0 0 96,160 "41";
42 1 1 81,95 "42";
43 2 1 168,177 "43";
44 2 1 105,204 "44";
45 2 0 48,144 "45";
46 0 0 24,198 "46";
47 2 0 90,116 "47";
48 0 1 86,204 "48";
49 2 1 19,47 "49";
50 1 1 146,196 "50";
51 1 1 77,95 "51";
52 1 1 127,173 "52";
53 1 0 6,89 "53";
54 1 1 18,168 "54";
55 2 0 36,103 "55";
56 0 1 38,188 "56";
57 0 0 166,185 "57";
58 2 0 12,183 "58";
59 2 0 49,93 "59";
60 1 1 66,149 "60";
61 0 1 145,183 "61";
62 1 0 77,171 "62";
63 1 0 13,44 "63";
64 1 1 94,150 "64";
65 1 1 14,97 "65";
66 2 0 117,168 "66";
67 2 1 62,149 "67";
68 1 0 17,151 "68";
69 2 1 112,140 "69";
70 2 0 126,186 "70";
71 0 1 162,182 "71";
72 2 1 17,96 "72";
73 1 1 104,195 "73";
74 0 0 114,203 "74";
75 2 1 49,57 "75";
76 1 0 101,144 "76";
77 1 0 23,33 "77";
78 2 0 80,168 "78";
79 0 1 19,150 "79";
80 0 0 16,24 "80";
81 1 1 30,123 "81";
82 1 1 101,125 "82";
83 1 0 6,55 "83";
84 1 0 66,134 "84";
85 1 0 142,192 "85";
86 0 1 3,80 "86";
87 0 0 51,103 "87";
88 0 1 57,148 "88";
89 1 1 13,174 "89";
90 1 1 31,35 "90";
91 0 1 3,167 "91";
92 2 0 2,118 "92";
93 1 0 31,80 "93";
94 2 1 63,72 "94";
95 0 1 35,72 "95";
96 0 0 122,177 "96";
97 2 0 125,189 "97";
98 2 1 19,105 "98";
99 2 0 88,107 "99";
100 1 1 84,106 "100";
101 1 1 103,185 "101";
102 1 0 79,126 "102";
103 2 0 52,185 "103";
104 1 1 58,135 "104";
105 1 1 57,153 "105";
106 1 1 5,20 "106";
107 0 1 94,157 "107";
108 0 1 0,19 "108";
109 1 1 114,157 "109";
110 0 1 43,165 "110";
111 1 1 21,110 "111";
112 0 0 69,192 "112";
113 2 0 15,63 "113";
114 2 0 163,203 "114";
115 2 1 43,56 "115";
116 1 1 111,135 "116";
117 2 1 45,130 "117";
118 1 1 28,105 "118";
119 0 0 62,122 "119";
120 2 1 187,199 "120";
121 2 0 173,183 "121";
122 0 1 6,156 "122";
123 1 1 32,129 "123";
124 2 1 127,158 "124";
125 2 0 30,203 "125";
126 0 0 26,132 "126";
127 0 0 164,177 "127";
128 2 0 14,80 "128";
129 0 0 21,29 "129";
130 2 0 98,172 "130";
131 2 0 73,108 "131";
132 1 0 40,109 "132";
133 0 0 6,67 "133";
134 2 1 6,112 "134";
135 0 1 77,149 "135";
136 1 0 58,170 "136";
137 0 0 127,184 "137";
138 1 0 0,38 "138";
139 1 0 39,81 "139";
140 0 1 117,179 "140";
141 2 0 55,77 "141";
142 2 0 106,167 "142";
143 2 1 115,204 "143";
144 2 0 43,51 "144";
145 2 1 30,134 "145";
146 1 1 1,92 "146";
147 2 1 124,204 "147";
148 2 0 42,86 "148";
149 1 1 22,204 "149";
150 2 0 10,96 "150";
151 0 1 47,92 "151";
152 2 1 75,147 "152";
153 0 1 142,166 "153";
154 1 1 106,159 "154";
155 1 1 148,150 "155";
156 2 0 5,139 "156";
157 2 1 83,177 "157";
158 1 1 92,201 "158";
159 2 0 24,112 "159";
160 1 1 137,190 "160";
161 1 0 22,40 "161";
162 1 1 38,66 "162";
163 1 0 109,203 "163";
164 2 1 118,137 "164";
165 1 1 92,149 "165";
166 0 0 157,167 "166";
167 1 1 27,112 "167";
168 0 0 10,100 "168";
169 2 1 77,103 "169";
170 1 1 22,66 "170";
171 0 1 67,161 "171";
172 1 1 42,198 "172";
173 2 0 56,167 "173";
174 0 1 5,45 "174";
175 0 0 27,119 "175";
176 2 0 10,142 "176";
177 2 0 14,30 "177";
178 1 0 57,153 "178";
179 0 0 93,177 "179";
180 0 0 1,17 "180";
181 2 1 49,176 "181";
182 0 0 98,200 "182";
183 1 0 90,134 "183";
184 0 0 113,168 "184";
185 2 0 28,99 "185";
186 0 1 58,135 "186";
187 1 1 59,186 "187";
188 0 1 101,108 "188";
189 0 1 80,83 "189";
190 0 0 20,177 "190";
191 1 0 69,113 "191";
192 2 1 167,191 "192";
193 2 0 31,158 "193";
194 2 0 64,192 "194";
195 2 1 41,194 "195";
196 0 0 154,175 "196";
197 2 0 83,154 "197";
198 0 0 29,152 "198";
199 2 0 138,150 "199";
200 1 1 79,147 "200";
201 0 1 137,145 "201";
202 2 1 165,167 "202";
203 2 0 20,49 "203";
204 0 0 101,106 "204";
