parity 294;
0 0 1 171,243 "0";
1 2 1 59,68 "1";
2 1 1 112,254 "2";
3 1 0 77,90 "3";
4 2 0 238,252 "4";
5 1 1 82,143 "5";
6 0 1 205,263 "6";
7 0 0 73,128 "7";
8 1 1 16,137 "8";
9 1 1 102,113 "9";
10 1 0 47,120 "10";
11 2 1 30,249 "11";
12 2 1 18,61 "12";
13 1 1 72,221 "13";
14 0 1 84,225 "14";
15 2 1 56,68 "15";
16 2 1 109,189 "16";
17 2 1 85,257 "17";
18 0 0 45,187 "18";
19 0 0 131,276 "19";
20 2 1 56,186 "20";
21 0 1 3,226 "21";
22 2 0 120,179 "22";
23 2 0 94,103 "23";
24 1 1 116,253 "24";
25 2 1 101,108 "25";
26 2 1 151,201 "26";
27 0 0 231,235 "27";
28 2 0 82,257 "28";
29 1 0 174,280 "29";
30 2 1 109,234 "30";
31 1 1 38,258 "31";
32 0 1 171,287 "32";
33 1 1 118,213 "33";
34 2 1 90,105 "34";
35 0 1 36,220 "35";
36 2 0 228,250 "36";
37 1 1 9,155 "37";
38 2 1 11,224 "38";
39 0 0 189,294 "39";
40 1 0 115,120 "40";
41 1 0 179,199 "41";
42 1 0 87,266 "42";
43 0 1 54,181 "43";
44 0 0 91,130 "44";
45 0 1 68,293 "45";
46 1 1 143,155 "46";
47 0 0 134,254 "47";
48 2 1 263,281 "48";
49 0 0 22,73 "49";
50 0 1 0,91 "50";
51 2 1 115,183 "51";
52 1 0 46,55 "52";
53 0 0 171,265 "53";
54 1 0 189,253 "54";
55 2 1 142,241 "55";
56 2 0 38,259 "56";
57 0 0 96,269 "57";
58 0 1 227,266 "58";
59 1 0 16,198 "59";
60 1 0 159,275 "60";
61 2 0 217,272 "61";
62 1 0 124,187 "62";
63 0 0 82,183 "63";
64 2 1 40,236 "64";
65 0 0 180,206 "65";
66 0 1 105,109 "66";
67 2 1 21,256 "67";
68 0 1 98,157 "68";
69 1 0 54,62 "69";
70 1 0 237,260 "70";
71 2 1 171,201 "71";
72 2 1 125,164 "72";
73 2 0 13,208 "73";
74 0 0 84,261 "74";
75 1 1 42,118 "75";
76 1 1 210,279 "76";
77 0 1 21,31 "77";
78 0 0 124,238 "78";
79 2 0 151,257 "79";
80 2 1 20,175 "80";
81 2 1 42,60 "81";
82 2 1 59,225 "82";
83 1 1 137,156 "83";
84 2 0 150,183 "84";
85 0 1 18,46 "85";
86 2 1 36,217 "86";
87 0 1 252,293 "87";
88 2 0 80,135 "88";
89 2 1 6,137 "89";
90 2 0 38,201 "90";
91 1 1 78,117 "91";
92 2 1 136,143 "92";
93 2 0 168,183 "93";
94 1 0 34,199 "94";
95 2 0 88,286 "95";
96 0 1 241,286 "96";
97 1 0 77,150 "97";
98 0 1 53,181 "98";
99 1 0 3,249 "99";
100 1 0 204,247 "100";
101 1 1 167,202 "101";
102 0 1 25,291 "102";
103 2 1 66,285 "103";
104 2 0 27,236 "104";
105 2 1 37,92 "105";
106 2 0 174,278 "106";
107 1 0 113,193 "107";
108 2 0 73,290 "108";
109 0 1 77,287 "109";
110 0 0 21,286 "110";
111 2 0 41,178 "111";
112 1 1 56,87 "112";
113 1 1 98,179 "113";
114 0 0 174,280 "114";
115 1 1 58,251 "115";
116 2 1 15,69 "116";
117 2 1 91,201 "117";
118 2 1 122,249 "118";
119 1 0 154,173 "119";
120 0 1 166,244 "120";
121 1 0 17,54 "121";
122 0 0 96,203 "122";
123 2 1 77,219 "123";
124 2 0 5,233 "124";
125 1 1 179,184 "125";
126 1 1 47,146 "126";
127 1 0 121,273 "127";
128 1 1 107,114 "128";
129 0 1 71,244 "129";
130 2 0 63,151 "130";
131 0 1 54,118 "131";
132 0 0 162,218 "132";
133 2 0 74,255 "133";
134 2 0 77,100 "134";
135 2 0 267,289 "135";
136 0 0 148,243 "136";
137 0 0 205,243 "137";
138 0 1 84,127 "138";
139 2 1 107,244 "139";
140 2 0 122,212 "140";
141 2 1 122,288 "141";
142 1 1 96,243 "142";
143 0 1 35,110 "143";
144 2 0 90,242 "144";
145 0 1 66,258 "145";
146 0 1 116,266 "146";
147 2 1 5,276 "147";
148 2 1 47,156 "148";
149 1 1 24,161 "149";
150 0 1 113,239 "150";
151 2 0 174,216 "151";
152 0 1 93,281 "152";
153 1 1 94,248 "153";
154 2 0 10,270 "154";
155 2 0 11,86 "155";
156 0 0 17,181 "156";
157 1 0 37,276 "157";
158 1 0 7,275 "158";
159 2 1 141,282 "159";
160 2 0 134,272 "160";
161 1 0 69,190 "161";
162 2 0 164,232 "162";
163 1 1 49,115 "163";
164 1 1 133,268 "164";
165 0 0 166,292 "165";
166 0 0 228,283 "166";
167 2 0 114,186 "167";
168 0 1 121,242 "168";
169 2 0 56,285 "169";
170 2 0 21,44 "170";
171 0 1 46,248 "171";
172 2 1 3,72 "172";
173 2 1 121,209 "173";
174 1 0 95,277 "174";
175 2 1 6,258 "175";
176 2 1 28,81 "176";
177 0 1 266,276 "177";
178 2 0 47,187 "178";
179 1 0 13,155 "179";
180 1 0 44,152 "180";
181 2 0 27,86 "181";
182 2 0 74,158 "182";
183 2 0 15,294 "183";
184 0 1 139,210 "184";
185 1 1 35,213 "185";
186 2 1 7,82 "186";
187 0 0 96,166 "187";
188 0 1 138,224 "188";
189 1 1 161,185 "189";
190 2 0 40,76 "190";
191 0 1 69,274 "191";
192 2 1 148,245 "192";
193 0 0 35,212 "193";
194 1 1 266,279 "194";
195 2 0 116,147 "195";
196 0 1 110,279 "196";
197 0 1 26,184 "197";
198 0 1 155,225 "198";
199 1 0 173,278 "199";
200 2 0 125,197 "200";
201 2 1 227,261 "201";
202 2 1 53,107 "202";
203 1 0 38,288 "203";
204 1 0 180,187 "204";
205 2 0 141,262 "205";
206 0 1 149,243 "206";
207 1 0 116,249 "207";
208 2 0 172,193 "208";
209 2 1 178,189 "209";
210 2 0 106,135 "210";
211 2 0 84,92 "211";
212 0 0 82,177 "212";
213 1 1 47,209 "213";
214 0 1 167,232 "214";
215 2 0 65,118 "215";
216 0 0 141,262 "216";
217 2 1 79,178 "217";
218 2 1 32,40 "218";
219 1 1 87,267 "219";
220 1 1 59,63 "220";
221 1 1 159,225 "221";
222 1 1 51,105 "222";
223 2 0 6,139 "223";
224 0 1 79,202 "224";
225 1 0 35,203 "225";
226 0 1 67,165 "226";
227 1 0 7,17 "227";
228 2 0 44,224 "228";
229 2 1 56,178 "229";
230 1 1 35,235 "230";
231 0 0 72,98 "231";
232 1 0 71,292 "232";
233 0 1 88,108 "233";
234 2 0 50,60 "234";
235 1 0 175,228 "235";
236 1 1 182,204 "236";
237 2 0 184,238 "237";
238 1 1 118,183 "238";
239 1 1 18,208 "239";
240 2 0 222,278 "240";
241 0 1 9,149 "241";
242 2 1 47,90 "242";
243 2 1 55,222 "243";
244 0 1 36,269 "244";
245 0 0 4,290 "245";
246 0 0 65,105 "246";
247 0 0 37,157 "247";
248 2 1 32,77 "248";
249 0 1 105,174 "249";
250 2 1 33,287 "250";
251 2 0 265,273 "251";
252 0 1 74,284 "252";
253 0 0 32,204 "253";
254 2 1 4,88 "254";
255 2 0 141,182 "255";
256 0 1 37,60 "256";
257 2 1 77,116 "257";
258 1 1 32,67 "258";
259 2 1 104,201 "259";
260 1 0 7,187 "260";
261 2 0 70,214 "261";
262 0 1 37,274 "262";
263 0 0 151,268 "263";
264 0 1 94,277 "264";
265 2 0 204,260 "265";
266 2 1 74,179 "266";
267 2 0 107,159 "267";
268 1 1 94,261 "268";
269 0 1 39,86 "269";
270 0 1 198,219 "270";
271 1 0 13,52 "271";
272 2 0 138,279 "272";
273 2 0 195,249 "273";
274 2 1 117,119 "274";
275 1 1 67,128 "275";
276 2 1 169,216 "276";
277 2 1 165,215 "277";
278 2 0 91,150 "278";
279 1 1 69,90 "279";
280 2 1 84,157 "280";
281 2 1 72,123 "281";
282 2 1 147,269 "282";
283 0 0 59,134 "283";
284 2 1 51,206 "284";
285 1 0 227,233 "285";
286 1 0 63,152 "286";
287 2 1 38,183 "287";
288 0 0 19,24 "288";
289 0 1 164,265 "289";
290 0 0 41,83 "290";
291 1 0 135,246 "291";
292 2 0 51,176 "292";
293 1 0 56,158 "293";
294 2 0 75,83 "294";
