parity 289;
0 2 1 23,270 "0";
1 2 1 207,215 "1";
2 1 0 118,145 "2";
3 2 1 61,160 "3";
4 2 0 228,262 "4";
5 2 0 153,217 "5";
6 0 1 73,239 "6";
7 0 1 63,181 "7";
8 0 0 41,163 "8";
9 2 1 58,103 "9";
10 1 0 195,226 "10";
11 2 0 133,282 "11";
12 1 0 160,280 "12";
13 1 0 35,231 "13";
14 0 1 158,212 "14";
15 1 1 45,266 "15";
16 2 0 152,167 "16";
17 0 1 206,231 "17";
18 2 1 55,159 "18";
19 2 0 153,207 "19";
20 0 0 17,205 "20";
21 2 0 175,238 "21";
22 0 1 137,235 "22";
23 0 1 180,197 "23";
24 1 1 25,50 "24";
25 2 0 21,175 "25";
26 0 0 279,283 "26";
27 1 0 36,62 "27";
28 0 0 13,195 "28";
29 1 0 49,103 "29";
30 2 0 75,255 "30";
31 2 1 24,156 "31";
32 2 1 101,167 "32";
33 0 0 226,231 "33";
34 1 0 101,210 "34";
35 2 1 62,84 "35";
36 0 1 12,32 "36";
37 2 0 148,247 "37";
38 2 0 137,225 "38";
39 1 1 175,232 "39";
40 1 0 173,258 "40";
41 1 1 48,62 "41";
42 1 0 36,93 "42";
43 1 0 58,166 "43";
44 1 0 76,166 "44";
45 2 0 65,268 "45";
46 1 1 150,171 "46";
47 1 0 92,279 "47";
48 2 0 224,240 "48";
49 2 1 137,238 "49";
50 2 1 148,251 "50";
51 0 0 32,114 "51";
52 1 0 133,248 "52";
53 1 1 25,286 "53";
54 0 0 147,218 "54";
55 2 0 43,238 "55";
56 1 1 70,127 "56";
57 1 1 104,283 "57";
58 1 0 19,275 "58";
59 2 1 171,240 "59";
60 2 1 95,208 "60";
61 2 1 127,230 "61";
62 2 1 37,139 "62";
63 1 1 169,173 "63";
64 1 0 44,85 "64";
65 2 0 103,154 "65";
66 2 0 118,156 "66";
67 2 1 252,263 "67";
68 0 0 66,81 "68";
69 2 1 53,155 "69";
70 1 1 167,255 "70";
71 2 1 146,248 "71";
72 0 1 57,186 "72";
73 0 0 126,236 "73";
74 1 1 187,272 "74";
75 0 1 33,81 "75";
76 2 1 256,270 "76";
77 1 0 1,12 "77";
78 1 0 148,161 "78";
79 2 0 76,193 "79";
80 0 1 136,216 "80";
81 0 0 137,270 "81";
82 2 1 107,151 "82";
83 0 0 100,284 "83";
84 0 1 106,126 "84";
85 2 0 259,264 "85";
86 0 0 35,249 "86";
87 2 1 52,86 "87";
88 2 1 50,119 "88";
89 1 0 95,248 "89";
90 1 1 27,101 "90";
91 2 1 41,109 "91";
92 2 1 15,49 "92";
93 2 1 84,236 "93";
94 0 1 26,45 "94";
95 0 1 136,245 "95";
96 1 1 73,246 "96";
97 0 1 2,125 "97";
98 1 0 36,276 "98";
99 2 1 166,203 "99";
100 1 0 271,274 "100";
101 2 0 166,272 "101";
102 1 0 181,223 "102";
103 2 1 139,175 "103";
104 2 1 157,267 "104";
105 0 0 146,257 "105";
106 2 1 53,253 "106";
107 0 1 41,240 "107";
108 1 0 119,159 "108";
109 0 0 152,211 "109";
110 0 1 93,116 "110";
111 0 1 176,212 "111";
112 1 1 120,171 "112";
113 2 0 38,264 "113";
114 1 1 7,230 "114";
115 1 0 19,160 "115";
116 0 0 61,176 "116";
117 1 0 125,201 "117";
118 0 0 5,210 "118";
119 0 0 157,285 "119";
120 2 1 85,174 "120";
121 2 0 70,274 "121";
122 1 1 237,241 "122";
123 0 0 5,132 "123";
124 0 1 95,119 "124";
125 0 1 10,228 "125";
126 1 1 128,184 "126";
127 0 0 60,182 "127";
128 2 0 8,152 "128";
129 1 1 52,137 "129";
130 0 0 88,189 "130";
131 1 1 14,32 "131";
132 2 1 102,156 "132";
133 0 1 0,234 "133";
134 0 0 161,239 "134";
135 0 0 171,209 "135";
136 0 0 67,252 "136";
137 0 0 142,159 "137";
138 0 0 10,272 "138";
139 1 0 24,152 "139";
140 1 0 19,233 "140";
141 2 0 106,199 "141";
142 0 1 34,98 "142";
143 2 0 120,261 "143";
144 1 1 92,244 "144";
145 1 0 96,263 "145";
146 2 1 190,248 "146";
147 2 0 31,161 "147";
148 1 0 36,176 "148";
149 0 1 102,205 "149";
150 0 0 179,233 "150";
151 0 1 39,204 "151";
152 2 1 0,169 "152";
153 0 0 65,161 "153";
154 0 0 7,168 "154";
155 0 1 21,94 "155";
156 1 0 16,206 "156";
157 1 0 103,252 "157";
158 0 0 263,280 "158";
159 0 1 45,171 "159";
160 2 0 109,270 "160";
161 1 1 200,204 "161";
162 1 1 196,281 "162";
163 0 0 81,252 "163";
164 0 0 152,281 "164";
165 2 1 112,146 "165";
166 2 1 103,204 "166";
167 0 1 54,194 "167";
168 2 1 100,236 "168";
169 1 0 55,212 "169";
170 1 0 198,241 "170";
171 2 0 27,62 "171";
172 2 1 239,279 "172";
173 1 1 118,185 "173";
174 1 0 92,288 "174";
175 0 1 142,203 "175";
176 0 0 45,64 "176";
177 2 0 14,166 "177";
178 0 1 43,66 "178";
179 2 0 64,262 "179";
180 0 0 26,84 "180";
181 1 1 51,134 "181";
182 2 1 106,168 "182";
183 1 0 98,254 "183";
184 0 0 72,186 "184";
185 2 0 77,260 "185";
186 0 0 106,164 "186";
187 1 1 197,263 "187";
188 2 0 128,270 "188";
189 2 1 59,142 "189";
190 0 0 136,284 "190";
191 1 0 159,161 "191";
192 1 0 80,94 "192";
193 2 1 13,16 "193";
194 1 0 28,260 "194";
195 0 1 67,245 "195";
196 0 0 102,189 "196";
197 0 0 34,132 "197";
198 0 0 27,214 "198";
199 1 1 218,243 "199";
200 1 1 31,112 "200";
201 0 1 37,140 "201";
202 0 0 119,199 "202";
203 0 0 225,226 "203";
204 1 1 9,43 "204";
205 0 1 185,271 "205";
206 1 0 36,212 "206";
207 0 1 161,213 "207";
208 1 0 89,173 "208";
209 2 0 105,149 "209";
210 0 1 227,249 "210";
211 1 0 233,259 "211";
212 0 1 72,176 "212";
213 0 1 121,197 "213";
214 2 1 44,115 "214";
215 1 1 63,84 "215";
216 1 1 139,165 "216";
217 0 0 133,180 "217";
218 1 0 234,241 "218";
219 1 1 180,223 "219";
220 2 0 156,199 "220";
221 2 0 196,227 "221";
222 2 0 83,249 "222";
223 0 0 154,246 "223";
224 0 0 8,162 "224";
225 1 0 160,244 "225";
226 0 1 190,241 "226";
227 1 0 72,228 "227";
228 1 1 74,129 "228";
229 0 0 95,100 "229";
230 0 1 30,216 "230";
231 1 0 51,153 "231";
232 1 1 127,204 "232";
233 2 0 176,247 "233";
234 1 0 20,39 "234";
235 0 1 43,104 "235";
236 2 0 23,213 "236";
237 1 1 36,227 "237";
238 2 1 161,277 "238";
239 0 0 251,253 "239";
240 1 0 27,74 "240";
241 1 0 21,74 "241";
242 1 1 12,129 "242";
243 2 1 99,266 "243";
244 0 1 88,119 "244";
245 2 0 207,222 "245";
246 2 0 66,225 "246";
247 2 1 44,192 "247";
248 2 1 66,196 "248";
249 0 0 115,188 "249";
250 1 0 253,276 "250";
251 2 1 6,268 "251";
252 0 0 182,234 "252";
253 0 1 203,289 "253";
254 0 1 6,123 "254";
255 1 0 57,234 "255";
256 0 0 171,233 "256";
257 1 0 44,287 "257";
258 0 0 162,208 "258";
259 1 0 65,162 "259";
260 2 0 21,139 "260";
261 2 1 43,129 "261";
262 1 0 181,239 "262";
263 1 0 85,167 "263";
264 0 1 122,199 "264";
265 2 0 105,168 "265";
266 0 1 19,167 "266";
267 2 1 60,236 "267";
268 2 0 130,162 "268";
269 2 0 118,248 "269";
270 0 0 83,200 "270";
271 2 1 90,127 "271";
272 0 0 145,274 "272";
273 0 1 7,235 "273";
274 0 1 8,233 "274";
275 1 0 176,222 "275";
276 2 1 35,187 "276";
277 1 1 109,156 "277";
278 2 0 57,220 "278";
279 1 0 168,182 "279";
280 2 0 111,192 "280";
281 2 0 132,154 "281";
282 0 1 97,132 "282";
283 0 1 12,24 "283";
284 0 0 108,228 "284";
285 1 1 122,126 "285";
286 2 1 223,280 "286";
287 1 1 132,276 "287";
288 1 0 154,177 "288";
289 1 0 121,179 "289";
