parity 279;
0 1 1 35,102 "0";
1 0 0 9,269 "1";
2 2 1 27,57 "2";
3 2 1 63,152 "3";
4 2 0 139,275 "4";
5 1 1 93,166 "5";
6 2 0 93,220 "6";
7 1 0 15,144 "7";
8 0 0 248,267 "8";
9 1 0 114,118 "9";
10 0 0 47,214 "10";
11 0 1 8,244 "11";
12 1 0 82,84 "12";
13 0 1 169,244 "13";
14 2 0 50,177 "14";
15 0 1 71,123 "15";
16 1 1 8,194 "16";
17 2 0 115,278 "17";
18 0 1 97,99 "18";
19 2 0 28,73 "19";
20 2 1 10,216 "20";
21 2 0 216,263 "21";
22 0 1 16,103 "22";
23 0 0 11,26 "23";
24 1 1 82,209 "24";
25 1 1 46,216 "25";
26 1 1 75,102 "26";
27 1 0 130,270 "27";
28 1 0 52,101 "28";
29 0 0 60,216 "29";
30 1 1 51,96 "30";
31 1 1 38,151 "31";
32 0 0 58,263 "32";
33 2 0 94,102 "33";
34 2 1 27,64 "34";
35 1 1 202,236 "35";
36 2 1 30,184 "36";
37 2 0 138,261 "37";
38 2 1 133,208 "38";
39 0 0 8,132 "39";
40 1 0 207,243 "40";
41 1 1 224,253 "41";
42 0 1 54,187 "42";
43 0 1 133,243 "43";
44 2 0 233,271 "44";
45 0 1 8,13 "45";
46 2 0 163,276 "46";
47 0 0 183,255 "47";
48 1 1 139,264 "48";
49 1 1 58,265 "49";
50 2 0 48,279 "50";
51 0 0 70,168 "51";
52 2 1 64,114 "52";
53 2 0 51,161 "53";
54 2 1 211,262 "54";
55 1 1 11,172 "55";
56 2 0 57,243 "56";
57 0 1 68,146 "57";
58 0 1 122,183 "58";
59 2 0 19,195 "59";
60 0 1 246,270 "60";
61 1 1 183,265 "61";
62 0 0 127,172 "62";
63 1 1 131,179 "63";
64 1 1 111,268 "64";
65 1 0 109,127 "65";
66 0 0 96,240 "66";
67 0 1 54,99 "67";
68 0 1 36,99 "68";
69 2 1 81,117 "69";
70 0 0 130,172 "70";
71 0 0 76,140 "71";
72 0 0 145,225 "72";
73 0 0 122,225 "73";
74 1 1 43,261 "74";
75 0 1 103,105 "75";
76 2 1 20,113 "76";
77 1 1 234,244 "77";
78 0 0 135,200 "78";
79 0 0 73,159 "79";
80 0 0 17,157 "80";
81 1 1 47,95 "81";
82 0 1 96,200 "82";
83 2 1 5,189 "83";
84 0 0 130,175 "84";
85 0 0 117,172 "85";
86 2 0 121,276 "86";
87 1 0 20,261 "87";
88 2 0 168,249 "88";
89 0 1 19,148 "89";
90 1 1 103,109 "90";
91 0 0 47,54 "91";
92 0 1 43,102 "92";
93 0 1 171,191 "93";
94 0 0 14,172 "94";
95 0 1 41,251 "95";
96 2 0 75,225 "96";
97 2 1 249,269 "97";
98 1 1 121,209 "98";
99 1 0 140,160 "99";
100 1 1 33,130 "100";
101 0 0 50,74 "101";
102 1 1 36,218 "102";
103 1 0 108,157 "103";
104 1 1 95,100 "104";
105 2 0 106,127 "105";
106 2 0 212,265 "106";
107 1 1 89,236 "107";
108 0 1 116,121 "108";
109 0 0 61,92 "109";
110 2 1 69,218 "110";
111 0 0 101,140 "111";
112 0 1 100,151 "112";
113 2 0 173,212 "113";
114 2 1 38,62 "114";
115 2 0 100,256 "115";
116 0 1 63,175 "116";
117 1 0 181,256 "117";
118 2 1 239,245 "118";
119 1 1 51,134 "119";
120 2 0 153,159 "120";
121 0 1 119,171 "121";
122 1 1 75,129 "122";
123 1 1 117,172 "123";
124 2 0 49,233 "124";
125 2 0 207,266 "125";
126 0 0 228,275 "126";
127 0 0 142,278 "127";
128 1 1 71,75 "128";
129 2 1 79,173 "129";
130 2 0 100,131 "130";
131 0 0 76,81 "131";
132 2 0 34,166 "132";
133 2 1 180,270 "133";
134 1 0 60,136 "134";
135 2 1 32,214 "135";
136 0 0 8,116 "136";
137 2 0 25,139 "137";
138 1 0 32,200 "138";
139 1 1 66,151 "139";
140 0 1 27,155 "140";
141 0 0 128,279 "141";
142 1 1 131,184 "142";
143 0 1 107,118 "143";
144 0 1 4,38 "144";
145 0 0 210,252 "145";
146 1 0 1,138 "146";
147 2 0 30,210 "147";
148 1 0 35,158 "148";
149 2 1 118,235 "149";
150 1 1 103,106 "150";
151 0 0 93,279 "151";
152 1 1 1,267 "152";
153 1 1 159,214 "153";
154 0 1 5,153 "154";
155 0 0 23,123 "155";
156 1 1 130,233 "156";
157 2 1 0,73 "157";
158 2 1 180,211 "158";
159 1 0 36,184 "159";
160 1 1 75,240 "160";
161 0 1 59,222 "161";
162 0 0 2,47 "162";
163 1 1 152,154 "163";
164 1 0 145,209 "164";
165 1 1 56,168 "165";
166 0 0 13,269 "166";
167 0 1 111,191 "167";
168 1 1 96,204 "168";
169 1 0 84,179 "169";
170 0 1 263,277 "170";
171 1 1 154,222 "171";
172 1 0 210,244 "172";
173 0 1 155,253 "173";
174 0 1 77,147 "174";
175 0 1 3,108 "175";
176 0 0 103,135 "176";
177 2 0 241,263 "177";
178 2 0 50,154 "178";
179 2 0 67,212 "179";
180 2 1 139,246 "180";
181 0 0 0,94 "181";
182 0 1 68,140 "182";
183 2 1 261,267 "183";
184 1 0 115,118 "184";
185 1 0 9,104 "185";
186 1 0 73,142 "186";
187 2 0 43,207 "187";
188 0 1 122,146 "188";
189 1 1 43,136 "189";
190 0 1 182,213 "190";
191 2 0 148,150 "191";
192 0 1 235,237 "192";
193 2 0 66,93 "193";
194 0 0 84,205 "194";
195 2 1 160,183 "195";
196 0 0 36,172 "196";
197 0 0 155,224 "197";
198 1 1 8,279 "198";
199 1 1 238,266 "199";
200 2 0 4,36 "200";
201 2 1 180,268 "201";
202 0 0 41,201 "202";
203 0 1 195,208 "203";
204 2 1 8,169 "204";
205 1 1 102,190 "205";
206 2 0 108,260 "206";
207 1 0 118,279 "207";
208 2 1 4,145 "208";
209 1 1 10,86 "209";
210 0 1 61,99 "210";
211 0 1 112,138 "211";
212 0 1 10,206 "212";
213 1 0 134,204 "213";
214 1 1 177,211 "214";
215 2 1 69,252 "215";
216 1 0 103,111 "216";
217 2 1 92,246 "217";
218 0 0 45,133 "218";
219 2 1 124,164 "219";
220 1 1 155,188 "220";
221 2 0 24,34 "221";
222 0 0 20,64 "222";
223 1 1 70,227 "223";
224 1 1 205,268 "224";
225 2 0 150,234 "225";
226 0 0 128,225 "226";
227 0 1 127,224 "227";
228 1 0 133,207 "228";
229 0 0 171,272 "229";
230 0 1 90,123 "230";
231 2 1 191,237 "231";
232 0 0 0,257 "232";
233 1 1 89,103 "233";
234 1 1 19,72 "234";
235 2 1 216,255 "235";
236 0 0 87,274 "236";
237 0 1 172,232 "237";
238 2 0 44,128 "238";
239 1 0 84,112 "239";
240 0 1 157,254 "240";
241 0 0 28,266 "241";
242 2 1 44,264 "242";
243 0 1 123,150 "243";
244 0 0 99,241 "244";
245 1 0 103,236 "245";
246 0 0 99,228 "246";
247 1 0 74,274 "247";
248 0 1 54,216 "248";
249 2 1 66,183 "249";
250 2 0 184,211 "250";
251 1 0 114,180 "251";
252 0 1 19,128 "252";
253 1 1 38,84 "253";
254 0 0 24,204 "254";
255 2 0 10,239 "255";
256 2 0 9,51 "256";
257 2 0 156,223 "257";
258 0 1 33,188 "258";
259 1 1 111,115 "259";
260 1 0 90,204 "260";
261 2 0 52,221 "261";
262 0 1 164,267 "262";
263 1 1 5,186 "263";
264 1 0 134,166 "264";
265 0 0 43,131 "265";
266 2 0 2,164 "266";
267 2 0 61,194 "267";
268 1 0 98,210 "268";
269 0 0 58,95 "269";
270 2 0 47,249 "270";
271 0 0 84,228 "271";
272 0 1 31,223 "272";
273 0 0 173,205 "273";
274 1 0 52,104 "274";
275 1 0 83,224 "275";
276 0 0 177,267 "276";
277 2 1 100,248 "277";
278 1 0 177,187 "278";
279 2 1 117,136 "279";
