parity 234;
0 2 1 85,103 "0";
1 0 1 38,117 "1";
2 2 1 213,218 "2";
3 2 1 94,102 "3";
4 0 0 27,216 "4";
5 2 1 214,215 "5";
6 1 0 86,142 "6";
7 0 0 216,231 "7";
8 1 1 54,177 "8";
9 0 1 109,146 "9";
10 1 0 168,190 "10";
11 0 1 80,173 "11";
12 2 0 116,177 "12";
13 0 0 170,208 "13";
14 1 1 102,153 "14";
15 2 1 133,193 "15";
16 0 0 55,168 "16";
17 2 0 24,206 "17";
18 0 1 96,116 "18";
19 2 1 112,214 "19";
20 0 0 10,166 "20";
21 1 0 126,136 "21";
22 1 1 134,149 "22";
23 0 1 0,148 "23";
24 1 1 23,89 "24";
25 2 1 41,130 "25";
26 2 1 62,179 "26";
27 1 1 68,115 "27";
28 2 1 3,170 "28";
29 0 0 96,226 "29";
30 2 1 87,134 "30";
31 2 1 34,50 "31";
32 1 1 68,228 "32";
33 0 0 11,31 "33";
34 1 1 30,149 "34";
35 0 1 77,170 "35";
36 2 0 215,224 "36";
37 1 1 95,121 "37";
38 0 1 61,73 "38";
39 2 0 163,200 "39";
40 2 0 115,125 "40";
41 2 0 66,170 "41";
42 1 1 35,204 "42";
43 1 1 154,188 "43";
44 1 1 83,184 "44";
45 0 1 11,78 "45";
46 2 0 188,192 "46";
47 2 0 150,162 "47";
48 0 0 64,122 "48";
49 1 0 165,213 "49";
50 2 0 48,147 "50";
51 1 0 106,136 "51";
52 2 1 19,80 "52";
53 1 0 164,197 "53";
54 1 0 72,169 "54";
55 2 0 11,165 "55";
56 2 1 34,124 "56";
57 1 0 63,202 "57";
58 0 1 76,227 "58";
59 2 0 188,226 "59";
60 0 1 5,145 "60";
61 0 1 74,162 "61";
62 0 0 139,168 "62";
63 1 0 198,221 "63";
64 2 1 35,66 "64";
65 1 1 25,177 "65";
66 2 1 16,68 "66";
67 2 0 49,221 "67";
68 0 0 39,202 "68";
69 2 0 37,189 "69";
70 1 0 53,178 "70";
71 0 0 84,96 "71";
72 0 0 138,228 "72";
73 1 0 153,227 "73";
74 0 1 23,187 "74";
75 1 1 70,204 "75";
76 2 1 200,216 "76";
77 0 0 111,234 "77";
78 2 0 40,182 "78";
79 2 0 77,192 "79";
80 0 1 126,139 "80";
81 0 0 22,58 "81";
82 2 0 59,65 "82";
83 2 0 137,187 "83";
84 1 0 100,128 "84";
85 0 0 74,102 "85";
86 2 1 15,197 "86";
87 1 0 23,28 "87";
88 2 1 54,169 "88";
89 2 1 38,225 "89";
90 1 1 9,82 "90";
91 1 0 204,213 "91";
92 0 0 35,91 "92";
93 0 1 89,196 "93";
94 1 0 170,192 "94";
95 1 1 125,137 "95";
96 2 0 108,216 "96";
97 0 1 4,165 "97";
98 1 1 112,200 "98";
99 0 0 118,130 "99";
100 2 1 158,211 "100";
101 0 1 198,207 "101";
102 0 1 6,192 "102";
103 0 0 39,102 "103";
104 2 0 47,55 "104";
105 1 0 72,214 "105";
106 0 0 60,113 "106";
107 0 0 71,84 "107";
108 2 0 114,171 "108";
109 1 0 14,214 "109";
110 2 1 169,175 "110";
111 1 1 137,145 "111";
112 1 1 30,95 "112";
113 1 0 40,141 "113";
114 1 0 146,152 "114";
115 2 1 66,179 "115";
116 1 1 7,94 "116";
117 2 1 19,36 "117";
118 0 1 166,186 "118";
119 1 1 0,74 "119";
120 0 1 64,126 "120";
121 0 1 61,116 "121";
122 0 1 149,229 "122";
123 0 1 65,194 "123";
124 1 0 165,226 "124";
125 0 0 151,199 "125";
126 2 0 131,185 "126";
127 0 1 12,67 "127";
128 1 0 166,193 "128";
129 2 1 122,140 "129";
130 1 1 4,101 "130";
131 0 1 86,109 "131";
132 1 1 65,191 "132";
133 1 1 4,7 "133";
134 1 0 21,33 "134";
135 2 1 55,128 "135";
136 1 0 15,132 "136";
137 0 1 3,162 "137";
138 1 1 20,213 "138";
139 0 1 117,171 "139";
140 0 1 96,156 "140";
141 1 0 57,152 "141";
142 1 1 161,219 "142";
143 1 1 177,225 "143";
144 0 1 24,217 "144";
145 0 0 138,211 "145";
146 0 1 124,225 "146";
147 1 1 54,167 "147";
148 1 1 29,165 "148";
149 0 0 197,222 "149";
150 1 1 18,193 "150";
151 0 0 108,129 "151";
152 0 0 180,188 "152";
153 1 1 38,168 "153";
154 2 1 17,234 "154";
155 2 1 61,204 "155";
156 1 0 4,155 "156";
157 0 0 55,97 "157";
158 1 0 71,119 "158";
159 1 0 94,208 "159";
160 0 0 165,197 "160";
161 1 1 17,119 "161";
162 1 0 130,225 "162";
163 1 0 33,234 "163";
164 0 1 6,110 "164";
165 0 1 26,225 "165";
166 2 0 21,132 "166";
167 0 0 39,85 "167";
168 1 1 86,215 "168";
169 1 1 40,152 "169";
170 0 0 74,101 "170";
171 1 1 152,221 "171";
172 1 0 38,100 "172";
173 1 1 190,216 "173";
174 2 1 175,214 "174";
175 1 0 147,215 "175";
176 1 1 46,63 "176";
177 2 1 50,226 "177";
178 2 0 136,216 "178";
179 2 1 40,53 "179";
180 1 1 13,91 "180";
181 2 0 78,99 "181";
182 1 1 30,163 "182";
183 2 1 27,231 "183";
184 0 0 77,197 "184";
185 2 1 29,119 "185";
186 0 1 158,175 "186";
187 0 1 160,215 "187";
188 1 1 55,214 "188";
189 2 0 39,131 "189";
190 0 1 117,180 "190";
191 2 0 179,208 "191";
192 0 1 17,88 "192";
193 0 0 10,20 "193";
194 1 1 82,232 "194";
195 1 0 60,234 "195";
196 2 0 65,210 "196";
197 0 1 9,105 "197";
198 1 1 12,197 "198";
199 1 0 41,233 "199";
200 2 1 42,128 "200";
201 2 0 100,176 "201";
202 2 0 38,77 "202";
203 0 0 26,219 "203";
204 0 1 52,206 "204";
205 1 0 121,138 "205";
206 1 0 41,151 "206";
207 2 1 6,74 "207";
208 0 0 104,179 "208";
209 0 1 88,229 "209";
210 2 0 39,49 "210";
211 0 0 31,172 "211";
212 0 1 90,175 "212";
213 1 0 42,148 "213";
214 0 1 91,129 "214";
215 1 0 10,58 "215";
216 2 0 158,202 "216";
217 1 0 143,213 "217";
218 1 1 12,176 "218";
219 2 0 92,222 "219";
220 0 1 85,217 "220";
221 0 0 58,113 "221";
222 2 0 4,232 "222";
223 0 0 75,233 "223";
224 0 0 136,216 "224";
225 0 0 115,143 "225";
226 2 0 40,43 "226";
227 1 1 35,233 "227";
228 1 0 94,217 "228";
229 1 0 78,88 "229";
230 1 1 6,227 "230";
231 0 0 14,228 "231";
232 0 0 98,164 "232";
233 2 0 2,229 "233";
234 1 0 92,171 "234";
