parity 219;
0 1 1 55,196 "0";
1 0 1 79,121 "1";
2 0 1 55,105 "2";
3 1 0 208,213 "3";
4 0 0 77,167 "4";
5 1 0 53,155 "5";
6 0 1 54,115 "6";
7 2 0 203,216 "7";
8 1 1 0,49 "8";
9 1 1 29,62 "9";
10 0 0 145,175 "10";
11 2 0 6,108 "11";
12 2 0 127,159 "12";
13 0 1 100,201 "13";
14 2 1 144,209 "14";
15 2 0 59,193 "15";
16 0 1 80,133 "16";
17 1 1 120,189 "17";
18 0 0 96,122 "18";
19 0 0 29,124 "19";
20 2 0 158,166 "20";
21 2 0 133,148 "21";
22 0 1 192,207 "22";
23 2 1 51,97 "23";
24 0 0 1,22 "24";
25 2 1 103,113 "25";
26 2 1 177,179 "26";
27 2 1 66,167 "27";
28 1 0 61,110 "28";
29 1 1 27,101 "29";
30 1 1 3,50 "30";
31 0 1 27,43 "31";
32 1 0 60,165 "32";
33 2 0 113,212 "33";
34 2 1 158,177 "34";
35 0 1 50,202 "35";
36 2 0 46,161 "36";
37 0 0 186,205 "37";
38 0 0 69,112 "38";
39 1 0 101,174 "39";
40 2 0 57,125 "40";
41 2 1 6,38 "41";
42 2 0 40,96 "42";
43 2 1 35,200 "43";
44 2 0 61,168 "44";
45 0 1 64,213 "45";
46 2 1 106,168 "46";
47 0 0 151,168 "47";
48 2 0 33,202 "48";
49 0 0 100,185 "49";
50 2 0 42,76 "50";
51 1 1 73,75 "51";
52 2 0 66,128 "52";
53 2 0 111,208 "53";
54 2 0 162,182 "54";
55 1 1 17,26 "55";
56 1 1 20,36 "56";
57 1 0 132,144 "57";
58 1 0 43,171 "58";
59 2 0 54,99 "59";
60 0 0 80,216 "60";
61 2 1 92,180 "61";
62 1 0 94,133 "62";
63 1 1 46,51 "63";
64 2 1 204,212 "64";
65 1 1 12,17 "65";
66 0 1 58,115 "66";
67 0 0 168,176 "67";
68 0 1 164,218 "68";
69 2 0 48,217 "69";
70 0 1 90,102 "70";
71 2 0 8,13 "71";
72 0 1 123,160 "72";
73 1 1 3,202 "73";
74 1 1 86,215 "74";
75 1 0 33,42 "75";
76 1 0 4,71 "76";
77 2 1 70,192 "77";
78 1 0 25,207 "78";
79 2 0 114,154 "79";
80 2 1 36,63 "80";
81 0 0 85,108 "81";
82 0 0 59,186 "82";
83 2 1 1,132 "83";
84 1 0 139,210 "84";
85 1 1 7,110 "85";
86 2 0 49,203 "86";
87 0 0 119,132 "87";
88 2 1 130,174 "88";
89 1 0 26,170 "89";
90 2 0 64,73 "90";
91 2 1 12,44 "91";
92 2 1 53,68 "92";
93 0 0 84,171 "93";
94 1 0 38,205 "94";
95 0 0 113,159 "95";
96 1 1 93,128 "96";
97 0 1 15,59 "97";
98 0 1 121,185 "98";
99 2 1 34,152 "99";
100 2 0 152,185 "100";
101 1 0 113,185 "101";
102 1 1 137,207 "102";
103 1 0 79,213 "103";
104 1 1 134,160 "104";
105 1 0 143,144 "105";
106 1 1 118,219 "106";
107 0 0 16,21 "107";
108 0 1 2,63 "108";
109 1 0 111,132 "109";
110 0 1 140,169 "110";
111 0 0 61,201 "111";
112 1 1 36,141 "112";
113 1 1 33,107 "113";
114 1 0 84,143 "114";
115 1 1 4,206 "115";
116 0 1 63,195 "116";
117 2 0 25,154 "117";
118 1 0 49,114 "118";
119 0 1 47,209 "119";
120 2 1 2,216 "120";
121 0 1 28,108 "121";
122 2 1 201,210 "122";
123 1 1 26,62 "123";
124 1 0 0,110 "124";
125 2 1 13,144 "125";
126 0 1 6,212 "126";
127 0 0 91,122 "127";
128 2 0 59,136 "128";
129 1 1 93,108 "129";
130 2 0 35,209 "130";
131 2 1 180,183 "131";
132 1 1 24,100 "132";
133 0 0 65,91 "133";
134 1 1 74,95 "134";
135 2 1 89,218 "135";
136 2 0 178,184 "136";
137 0 0 142,187 "137";
138 1 1 15,70 "138";
139 1 1 56,180 "139";
140 2 1 17,189 "140";
141 2 0 32,66 "141";
142 0 0 6,147 "142";
143 0 0 184,196 "143";
144 0 1 80,93 "144";
145 1 1 6,131 "145";
146 0 0 15,35 "146";
147 0 0 111,198 "147";
148 1 1 140,146 "148";
149 2 1 27,208 "149";
150 1 1 52,215 "150";
151 1 1 2,148 "151";
152 2 1 3,67 "152";
153 0 0 38,154 "153";
154 1 1 0,117 "154";
155 2 1 28,108 "155";
156 2 1 125,170 "156";
157 1 1 17,151 "157";
158 2 0 200,213 "158";
159 2 1 33,115 "159";
160 2 1 135,162 "160";
161 1 0 34,159 "161";
162 1 0 34,98 "162";
163 1 0 2,172 "163";
164 0 1 31,204 "164";
165 1 0 185,203 "165";
166 1 1 142,198 "166";
167 1 1 19,42 "167";
168 0 0 5,29 "168";
169 2 0 101,203 "169";
170 0 0 17,182 "170";
171 1 1 143,196 "171";
172 2 0 130,199 "172";
173 2 1 138,186 "173";
174 2 1 199,205 "174";
175 0 0 132,185 "175";
176 1 1 53,147 "176";
177 1 0 90,173 "177";
178 1 1 42,171 "178";
179 1 0 190,203 "179";
180 2 0 115,141 "180";
181 0 0 110,155 "181";
182 2 1 150,169 "182";
183 0 0 2,90 "183";
184 1 1 120,135 "184";
185 2 0 135,209 "185";
186 0 0 202,204 "186";
187 0 1 170,212 "187";
188 0 0 76,135 "188";
189 0 1 41,92 "189";
190 0 0 45,171 "190";
191 0 1 83,84 "191";
192 1 1 92,120 "192";
193 2 1 102,153 "193";
194 0 0 90,151 "194";
195 0 0 7,136 "195";
196 2 1 22,42 "196";
197 1 1 20,95 "197";
198 0 1 111,135 "198";
199 2 0 10,208 "199";
200 0 1 145,195 "200";
201 2 1 98,181 "201";
202 0 0 7,106 "202";
203 0 1 30,187 "203";
204 0 0 190,214 "204";
205 0 0 78,171 "205";
206 1 1 68,156 "206";
207 2 1 139,197 "207";
208 0 0 6,200 "208";
209 1 1 51,142 "209";
210 0 0 4,202 "210";
211 0 1 97,169 "211";
212 1 0 30,61 "212";
213 2 1 37,184 "213";
214 0 0 143,147 "214";
215 1 1 23,70 "215";
216 0 0 15,115 "216";
217 0 0 105,195 "217";
218 2 1 25,154 "218";
219 2 1 164,176 "219";
