parity 214;
0 2 0 57,67 "0";
1 1 1 15,196 "1";
2 2 0 1,83 "2";
3 1 0 105,147 "3";
4 0 0 34,64 "4";
5 2 0 132,164 "5";
6 2 0 90,147 "6";
7 0 1 187,194 "7";
8 1 1 48,171 "8";
9 0 0 37,146 "9";
10 0 1 16,183 "10";
11 1 0 129,198 "11";
12 0 1 15,72 "12";
13 0 1 191,195 "13";
14 1 0 55,62 "14";
15 2 1 178,207 "15";
16 1 1 131,191 "16";
17 0 1 22,62 "17";
18 1 0 44,111 "18";
19 2 1 25,74 "19";
20 1 1 27,214 "20";
21 0 0 7,184 "21";
22 0 1 82,100 "22";
23 0 1 92,121 "23";
24 1 0 15,25 "24";
25 2 0 42,97 "25";
26 1 0 113,185 "26";
27 2 1 8,212 "27";
28 0 0 19,69 "28";
29 1 0 105,139 "29";
30 1 0 35,163 "30";
31 2 0 3,80 "31";
32 2 1 111,192 "32";
33 2 1 79,192 "33";
34 0 0 19,42 "34";
35 2 0 38,129 "35";
36 1 1 198,200 "36";
37 1 0 100,137 "37";
38 1 1 119,178 "38";
39 2 1 45,214 "39";
40 1 0 51,179 "40";
41 1 1 83,200 "41";
42 1 1 16,203 "42";
43 0 0 113,121 "43";
44 2 1 41,166 "44";
45 0 0 18,97 "45";
46 1 0 87,198 "46";
47 0 1 131,190 "47";
48 0 1 116,202 "48";
49 0 0 24,156 "49";
50 2 1 192,210 "50";
51 1 1 126,183 "51";
52 1 1 91,131 "52";
53 0 0 27,50 "53";
54 1 1 8,167 "54";
55 1 1 95,197 "55";
56 1 0 119,212 "56";
57 2 1 14,122 "57";
58 1 0 72,106 "58";
59 1 0 111,166 "59";
60 2 1 3,100 "60";
61 0 0 19,91 "61";
62 1 0 33,89 "62";
63 1 0 24,106 "63";
64 2 0 7,68 "64";
65 1 0 27,201 "65";
66 2 0 162,200 "66";
67 1 1 46,210 "67";
68 1 0 154,192 "68";
69 2 1 37,184 "69";
70 0 0 73,141 "70";
71 0 1 3,208 "71";
72 0 0 130,161 "72";
73 2 1 80,206 "73";
74 0 1 189,205 "74";
75 1 0 103,191 "75";
76 0 1 100,142 "76";
77 0 0 89,112 "77";
78 1 1 30,177 "78";
79 1 1 142,186 "79";
80 1 0 12,28 "80";
81 2 1 28,77 "81";
82 1 0 37,43 "82";
83 2 0 34,208 "83";
84 0 1 21,65 "84";
85 0 1 44,84 "85";
86 2 0 3,9 "86";
87 1 0 176,209 "87";
88 1 1 37,57 "88";
89 2 1 50,78 "89";
90 0 1 92,207 "90";
91 1 1 38,180 "91";
92 0 0 36,37 "92";
93 1 1 36,51 "93";
94 0 0 71,127 "94";
95 1 0 111,195 "95";
96 2 1 44,176 "96";
97 1 1 130,165 "97";
98 2 0 121,186 "98";
99 1 1 107,193 "99";
100 0 0 10,204 "100";
101 2 0 11,138 "101";
102 1 1 9,151 "102";
103 2 1 74,196 "103";
104 2 1 97,131 "104";
105 1 0 49,170 "105";
106 1 1 63,205 "106";
107 2 1 6,196 "107";
108 2 1 99,207 "108";
109 1 0 10,213 "109";
110 1 1 55,205 "110";
111 1 1 50,67 "111";
112 1 0 74,81 "112";
113 0 0 106,114 "113";
114 0 1 140,190 "114";
115 2 0 43,129 "115";
116 1 1 5,14 "116";
117 1 0 18,164 "117";
118 0 0 50,87 "118";
119 0 0 114,140 "119";
120 1 0 104,151 "120";
121 1 0 100,157 "121";
122 0 0 194,202 "122";
123 0 1 1,49 "123";
124 1 0 96,164 "124";
125 2 0 22,150 "125";
126 1 1 141,192 "126";
127 2 0 113,138 "127";
128 0 1 150,177 "128";
129 1 0 27,136 "129";
130 0 1 32,120 "130";
131 1 1 84,188 "131";
132 0 1 42,134 "132";
133 1 1 10,117 "133";
134 2 0 145,178 "134";
135 2 0 98,207 "135";
136 0 1 54,171 "136";
137 0 1 113,186 "137";
138 2 1 64,141 "138";
139 2 1 39,69 "139";
140 2 0 151,189 "140";
141 1 1 20,65 "141";
142 0 0 163,214 "142";
143 2 1 12,202 "143";
144 1 0 165,182 "144";
145 0 0 2,45 "145";
146 2 0 35,159 "146";
147 2 1 27,71 "147";
148 2 1 112,191 "148";
149 0 1 51,59 "149";
150 2 0 20,36 "150";
151 2 0 67,141 "151";
152 0 1 55,162 "152";
153 0 0 19,118 "153";
154 0 0 115,203 "154";
155 1 1 9,99 "155";
156 2 0 116,145 "156";
157 0 0 11,174 "157";
158 2 1 188,201 "158";
159 1 1 28,139 "159";
160 1 0 66,76 "160";
161 2 0 133,157 "161";
162 1 0 43,180 "162";
163 1 1 14,67 "163";
164 1 1 26,128 "164";
165 1 1 1,139 "165";
166 0 0 55,199 "166";
167 0 0 87,161 "167";
168 1 1 58,99 "168";
169 1 1 40,66 "169";
170 0 1 164,198 "170";
171 1 1 76,191 "171";
172 1 0 97,118 "172";
173 0 0 143,205 "173";
174 0 1 127,196 "174";
175 1 0 159,194 "175";
176 0 0 61,122 "176";
177 0 1 93,174 "177";
178 1 0 113,210 "178";
179 1 0 6,151 "179";
180 0 1 76,130 "180";
181 2 1 19,24 "181";
182 0 0 7,47 "182";
183 0 1 33,192 "183";
184 2 0 107,127 "184";
185 2 1 64,202 "185";
186 0 0 108,111 "186";
187 2 0 53,176 "187";
188 0 0 24,90 "188";
189 2 1 24,147 "189";
190 0 1 63,102 "190";
191 0 1 106,141 "191";
192 2 1 22,39 "192";
193 0 0 112,131 "193";
194 0 1 1,15 "194";
195 2 1 89,132 "195";
196 1 0 38,212 "196";
197 0 0 1,148 "197";
198 0 1 62,199 "198";
199 1 0 110,190 "199";
200 1 0 81,161 "200";
201 1 0 61,186 "201";
202 1 0 87,98 "202";
203 1 1 89,186 "203";
204 1 1 101,151 "204";
205 0 0 33,100 "205";
206 2 1 197,214 "206";
207 0 0 136,183 "207";
208 2 0 7,121 "208";
209 1 0 73,157 "209";
210 0 1 95,170 "210";
211 2 1 17,194 "211";
212 2 0 0,46 "212";
213 0 0 10,20 "213";
214 2 0 22,93 "214";
