parity 234;
0 1 0 38,88 "0";
1 2 0 145,211 "1";
2 2 0 49,215 "2";
3 0 0 170,177 "3";
4 2 0 94,198 "4";
5 0 1 104,118 "5";
6 0 1 11,104 "6";
7 1 1 55,207 "7";
8 1 0 38,180 "8";
9 2 1 93,113 "9";
10 0 0 139,230 "10";
11 2 1 20,204 "11";
12 1 0 77,196 "12";
13 2 0 33,68 "13";
14 1 0 97,206 "14";
15 0 0 75,148 "15";
16 2 1 6,103 "16";
17 2 0 30,193 "17";
18 1 0 5,166 "18";
19 0 1 9,64 "19";
20 0 0 86,190 "20";
21 2 1 134,141 "21";
22 2 0 16,70 "22";
23 1 0 35,37 "23";
24 2 0 38,226 "24";
25 2 1 34,148 "25";
26 0 1 160,227 "26";
27 2 1 32,141 "27";
28 2 1 44,227 "28";
29 2 0 162,199 "29";
30 1 1 0,15 "30";
31 2 1 33,103 "31";
32 2 1 90,131 "32";
33 0 1 100,177 "33";
34 1 0 24,232 "34";
35 2 1 42,198 "35";
36 0 1 46,89 "36";
37 2 1 16,191 "37";
38 0 1 104,228 "38";
39 0 0 137,218 "39";
40 1 0 146,196 "40";
41 1 0 39,82 "41";
42 1 0 97,188 "42";
43 2 1 1,147 "43";
44 2 0 187,202 "44";
45 1 0 141,162 "45";
46 0 1 98,108 "46";
47 2 1 124,217 "47";
48 1 1 51,175 "48";
49 0 1 92,227 "49";
50 1 1 131,171 "50";
51 2 1 102,207 "51";
52 0 0 119,136 "52";
53 1 0 167,231 "53";
54 2 1 56,85 "54";
55 2 1 59,209 "55";
56 1 1 58,149 "56";
57 0 0 79,179 "57";
58 1 0 8,226 "58";
59 1 0 46,207 "59";
60 2 1 47,192 "60";
61 1 1 142,223 "61";
62 1 1 13,85 "62";
63 2 0 79,214 "63";
64 1 0 138,159 "64";
65 1 0 55,173 "65";
66 0 1 15,196 "66";
67 0 0 43,128 "67";
68 1 1 160,207 "68";
69 1 0 12,222 "69";
70 1 1 16,185 "70";
71 0 1 6,218 "71";
72 0 0 77,104 "72";
73 0 1 29,141 "73";
74 0 1 48,211 "74";
75 2 1 158,169 "75";
76 1 0 69,133 "76";
77 0 1 8,20 "77";
78 1 1 115,121 "78";
79 0 1 189,190 "79";
80 0 1 195,230 "80";
81 2 0 31,109 "81";
82 2 0 115,153 "82";
83 2 1 73,112 "83";
84 1 1 18,114 "84";
85 2 1 1,232 "85";
86 0 1 68,162 "86";
87 0 1 99,200 "87";
88 2 0 52,172 "88";
89 1 1 68,192 "89";
90 0 1 65,190 "90";
91 2 0 137,193 "91";
92 2 1 17,175 "92";
93 0 1 77,233 "93";
94 1 0 106,162 "94";
95 0 0 86,112 "95";
96 2 1 147,191 "96";
97 1 0 63,217 "97";
98 0 1 71,117 "98";
99 0 0 74,170 "99";
100 1 0 60,118 "100";
101 2 1 104,177 "101";
102 1 0 105,190 "102";
103 0 0 95,155 "103";
104 2 0 40,150 "104";
105 2 1 30,234 "105";
106 1 1 144,204 "106";
107 1 1 57,181 "107";
108 0 1 18,121 "108";
109 1 1 169,210 "109";
110 0 1 58,208 "110";
111 1 0 78,89 "111";
112 1 0 83,162 "112";
113 0 0 48,71 "113";
114 2 0 37,107 "114";
115 0 1 81,134 "115";
116 1 1 57,124 "116";
117 0 0 34,46 "117";
118 2 1 155,219 "118";
119 2 0 86,160 "119";
120 1 0 57,80 "120";
121 1 0 103,175 "121";
122 1 1 62,212 "122";
123 1 1 0,118 "123";
124 1 0 100,202 "124";
125 1 1 183,197 "125";
126 0 0 75,138 "126";
127 1 1 68,232 "127";
128 1 0 107,233 "128";
129 0 0 46,219 "129";
130 1 0 16,188 "130";
131 1 1 28,209 "131";
132 0 0 179,183 "132";
133 1 1 43,204 "133";
134 0 1 113,171 "134";
135 0 1 13,102 "135";
136 0 1 81,211 "136";
137 1 0 110,219 "137";
138 0 1 57,178 "138";
139 0 0 46,75 "139";
140 2 1 147,153 "140";
141 1 0 54,122 "141";
142 2 1 107,202 "142";
143 0 0 55,162 "143";
144 2 0 13,101 "144";
145 2 1 129,159 "145";
146 1 0 1,159 "146";
147 1 1 0,98 "147";
148 1 1 75,86 "148";
149 2 1 20,233 "149";
150 2 1 87,155 "150";
151 1 1 47,178 "151";
152 2 1 53,209 "152";
153 2 0 107,185 "153";
154 1 0 10,226 "154";
155 1 0 118,131 "155";
156 0 1 65,78 "156";
157 2 0 98,132 "157";
158 1 0 71,183 "158";
159 0 0 24,26 "159";
160 0 1 128,222 "160";
161 2 0 41,219 "161";
162 1 0 112,203 "162";
163 2 0 179,184 "163";
164 0 0 53,151 "164";
165 0 0 32,96 "165";
166 1 0 13,72 "166";
167 1 1 36,117 "167";
168 1 0 56,67 "168";
169 2 0 16,31 "169";
170 0 1 64,175 "170";
171 1 0 8,83 "171";
172 0 0 53,222 "172";
173 1 0 132,147 "173";
174 2 0 5,170 "174";
175 0 1 83,182 "175";
176 1 1 60,97 "176";
177 1 0 19,109 "177";
178 2 0 103,208 "178";
179 2 0 44,198 "179";
180 0 1 9,185 "180";
181 2 0 81,119 "181";
182 1 1 88,143 "182";
183 2 1 114,160 "183";
184 2 1 119,129 "184";
185 2 0 47,66 "185";
186 1 1 90,100 "186";
187 1 0 151,176 "187";
188 1 1 0,108 "188";
189 0 0 93,217 "189";
190 0 1 89,165 "190";
191 2 0 15,116 "191";
192 2 1 65,217 "192";
193 1 1 60,156 "193";
194 0 0 87,160 "194";
195 0 1 63,214 "195";
196 1 1 70,213 "196";
197 1 0 17,207 "197";
198 0 1 7,85 "198";
199 0 1 27,204 "199";
200 1 0 69,230 "200";
201 0 0 115,153 "201";
202 2 1 85,142 "202";
203 0 0 109,234 "203";
204 2 1 142,197 "204";
205 2 1 128,224 "205";
206 1 1 154,207 "206";
207 1 1 62,92 "207";
208 0 0 111,211 "208";
209 1 1 116,155 "209";
210 1 1 55,225 "210";
211 2 1 58,68 "211";
212 0 0 0,72 "212";
213 2 0 145,214 "213";
214 1 0 53,209 "214";
215 0 1 50,62 "215";
216 0 1 151,182 "216";
217 2 0 39,139 "217";
218 0 1 89,207 "218";
219 0 0 88,170 "219";
220 1 0 169,172 "220";
221 2 0 37,39 "221";
222 1 0 203,210 "222";
223 0 1 162,210 "223";
224 1 0 14,119 "224";
225 0 1 37,145 "225";
226 1 1 176,234 "226";
227 0 1 53,217 "227";
228 0 1 9,218 "228";
229 2 0 16,115 "229";
230 2 1 102,221 "230";
231 1 1 152,205 "231";
232 1 1 18,215 "232";
233 0 1 27,172 "233";
234 1 0 130,192 "234";
