parity 294;
0 2 0 52,191 "0";
1 1 0 93,109 "1";
2 1 1 68,179 "2";
3 2 1 10,37 "3";
4 0 0 63,145 "4";
5 2 1 23,168 "5";
6 1 1 111,182 "6";
7 0 1 24,60 "7";
8 2 1 87,293 "8";
9 2 0 190,218 "9";
10 2 0 9,185 "10";
11 2 0 9,219 "11";
12 2 1 253,274 "12";
13 2 1 201,228 "13";
14 2 1 34,132 "14";
15 0 0 26,226 "15";
16 0 1 4,207 "16";
17 1 0 119,121 "17";
18 0 1 0,59 "18";
19 0 0 60,86 "19";
20 2 0 67,182 "20";
21 1 1 140,275 "21";
22 1 1 262,272 "22";
23 0 0 55,139 "23";
24 0 0 201,229 "24";
25 1 0 158,238 "25";
26 2 0 85,207 "26";
27 2 1 92,217 "27";
28 1 1 97,280 "28";
29 2 0 152,205 "29";
30 1 0 262,288 "30";
31 1 1 9,81 "31";
32 2 0 65,133 "32";
33 2 1 109,225 "33";
34 2 1 141,164 "34";
35 0 1 126,152 "35";
36 0 0 126,165 "36";
37 0 0 31,259 "37";
38 1 1 223,292 "38";
39 2 0 40,206 "39";
40 0 1 38,199 "40";
41 1 0 119,233 "41";
42 2 1 100,174 "42";
43 1 0 35,70 "43";
44 0 0 184,222 "44";
45 2 1 31,243 "45";
46 1 0 55,250 "46";
47 2 1 64,263 "47";
48 0 0 131,204 "48";
49 0 0 4,41 "49";
50 1 1 95,231 "50";
51 2 0 70,220 "51";
52 0 0 40,115 "52";
53 0 1 150,182 "53";
54 2 0 17,39 "54";
55 2 0 261,271 "55";
56 2 0 97,179 "56";
57 2 0 19,231 "57";
58 2 0 51,145 "58";
59 2 1 26,288 "59";
60 2 0 42,227 "60";
61 1 0 111,178 "61";
62 2 1 108,167 "62";
63 2 1 36,50 "63";
64 0 0 130,233 "64";
65 1 0 10,33 "65";
66 0 0 45,194 "66";
67 0 1 78,102 "67";
68 1 1 167,237 "68";
69 0 0 33,181 "69";
70 0 1 156,160 "70";
71 2 1 115,276 "71";
72 1 1 98,197 "72";
73 2 1 89,284 "73";
74 0 1 31,200 "74";
75 0 1 11,288 "75";
76 0 0 209,273 "76";
77 0 0 143,215 "77";
78 1 1 198,271 "78";
79 2 0 24,256 "79";
80 1 0 85,290 "80";
81 2 0 189,232 "81";
82 1 1 93,223 "82";
83 2 0 44,194 "83";
84 0 1 78,260 "84";
85 2 1 41,56 "85";
86 0 1 6,260 "86";
87 2 0 2,147 "87";
88 0 1 68,143 "88";
89 2 1 137,161 "89";
90 2 0 39,84 "90";
91 2 1 90,167 "91";
92 2 0 194,217 "92";
93 2 1 13,136 "93";
94 0 0 122,154 "94";
95 0 0 165,231 "95";
96 1 1 154,180 "96";
97 1 1 91,98 "97";
98 1 1 67,128 "98";
99 1 0 109,196 "99";
100 2 0 4,286 "100";
101 2 1 95,270 "101";
102 1 1 65,140 "102";
103 2 0 63,286 "103";
104 2 0 145,262 "104";
105 1 0 7,216 "105";
106 1 0 42,157 "106";
107 2 0 20,217 "107";
108 0 0 169,276 "108";
109 0 0 171,179 "109";
110 0 0 85,231 "110";
111 0 1 55,220 "111";
112 0 0 57,183 "112";
113 1 0 27,262 "113";
114 1 0 73,161 "114";
115 2 0 15,186 "115";
116 2 0 47,238 "116";
117 1 1 90,252 "117";
118 2 0 163,203 "118";
119 2 0 226,283 "119";
120 1 1 13,245 "120";
121 1 0 30,101 "121";
122 2 0 12,112 "122";
123 1 1 157,189 "123";
124 1 1 25,191 "124";
125 2 1 91,123 "125";
126 2 0 94,199 "126";
127 2 0 13,262 "127";
128 2 0 58,109 "128";
129 0 1 104,151 "129";
130 0 0 13,260 "130";
131 0 1 72,155 "131";
132 2 0 89,236 "132";
133 1 1 19,275 "133";
134 2 1 166,247 "134";
135 1 0 45,87 "135";
136 0 1 96,147 "136";
137 2 0 57,269 "137";
138 1 0 15,103 "138";
139 2 1 83,129 "139";
140 1 1 223,271 "140";
141 1 0 139,288 "141";
142 0 1 258,276 "142";
143 0 1 147,250 "143";
144 1 0 57,75 "144";
145 0 0 35,225 "145";
146 2 0 64,269 "146";
147 1 1 129,291 "147";
148 1 0 78,115 "148";
149 2 0 169,290 "149";
150 2 1 186,222 "150";
151 1 1 118,241 "151";
152 1 1 48,245 "152";
153 2 0 0,243 "153";
154 1 0 109,247 "154";
155 0 0 124,244 "155";
156 0 0 2,206 "156";
157 0 1 107,133 "157";
158 0 1 14,219 "158";
159 0 0 66,248 "159";
160 0 1 75,282 "160";
161 2 0 56,289 "161";
162 0 0 191,259 "162";
163 1 1 57,226 "163";
164 0 0 7,15 "164";
165 1 1 33,63 "165";
166 1 1 9,25 "166";
167 2 0 26,37 "167";
168 2 0 136,280 "168";
169 1 0 106,149 "169";
170 1 1 73,272 "170";
171 0 0 20,106 "171";
172 0 1 18,66 "172";
173 1 0 138,218 "173";
174 1 0 64,83 "174";
175 0 0 160,258 "175";
176 2 1 39,237 "176";
177 1 0 129,211 "177";
178 2 1 54,74 "178";
179 0 1 21,245 "179";
180 0 0 88,214 "180";
181 1 0 36,290 "181";
182 1 1 173,257 "182";
183 2 1 163,276 "183";
184 0 0 112,291 "184";
185 0 0 32,98 "185";
186 0 0 50,250 "186";
187 0 0 74,89 "187";
188 0 0 9,228 "188";
189 1 1 258,279 "189";
190 2 1 133,278 "190";
191 1 1 56,174 "191";
192 0 0 25,87 "192";
193 2 1 90,292 "193";
194 1 0 248,277 "194";
195 2 0 150,275 "195";
196 2 0 55,167 "196";
197 0 0 168,276 "197";
198 1 1 4,140 "198";
199 0 0 46,272 "199";
200 0 1 184,241 "200";
201 0 1 184,285 "201";
202 1 1 117,224 "202";
203 2 1 6,108 "203";
204 1 0 22,95 "204";
205 0 1 225,294 "205";
206 0 1 126,165 "206";
207 0 1 196,281 "207";
208 0 0 32,117 "208";
209 0 1 145,192 "209";
210 1 0 68,292 "210";
211 1 1 134,280 "211";
212 1 0 101,117 "212";
213 0 1 58,126 "213";
214 1 1 14,225 "214";
215 1 1 32,81 "215";
216 0 0 75,263 "216";
217 2 1 45,255 "217";
218 1 0 87,163 "218";
219 2 0 63,131 "219";
220 0 0 159,199 "220";
221 2 0 77,189 "221";
222 1 1 100,130 "222";
223 2 1 87,117 "223";
224 0 0 140,289 "224";
225 0 0 33,233 "225";
226 1 0 193,272 "226";
227 1 0 85,214 "227";
228 2 1 52,175 "228";
229 2 1 173,215 "229";
230 0 0 187,272 "230";
231 2 0 97,286 "231";
232 0 1 88,168 "232";
233 0 0 20,204 "233";
234 0 0 168,269 "234";
235 1 1 69,208 "235";
236 2 1 158,221 "236";
237 2 1 46,263 "237";
238 2 0 75,254 "238";
239 0 1 84,107 "239";
240 1 0 188,198 "240";
241 1 0 46,76 "241";
242 1 0 2,128 "242";
243 1 1 171,175 "243";
244 2 1 95,228 "244";
245 0 1 21,167 "245";
246 1 0 151,247 "246";
247 2 0 42,143 "247";
248 0 1 95,227 "248";
249 2 1 116,131 "249";
250 2 0 18,193 "250";
251 2 1 59,102 "251";
252 2 0 38,66 "252";
253 0 1 144,206 "253";
254 1 0 107,168 "254";
255 2 1 89,252 "255";
256 0 0 253,287 "256";
257 2 0 144,251 "257";
258 0 0 97,108 "258";
259 1 1 7,157 "259";
260 2 1 4,240 "260";
261 1 0 54,148 "261";
262 0 0 133,219 "262";
263 2 1 222,242 "263";
264 1 0 241,283 "264";
265 1 0 168,264 "265";
266 0 0 96,198 "266";
267 1 0 54,209 "267";
268 2 0 175,176 "268";
269 2 1 95,193 "269";
270 1 1 26,290 "270";
271 2 1 172,246 "271";
272 0 0 64,285 "272";
273 0 1 48,97 "273";
274 0 0 144,152 "274";
275 1 1 180,270 "275";
276 0 0 289,291 "276";
277 0 1 7,190 "277";
278 1 1 36,119 "278";
279 2 0 15,19 "279";
280 1 1 261,288 "280";
281 0 0 239,265 "281";
282 1 0 185,208 "282";
283 1 0 75,292 "283";
284 1 1 1,85 "284";
285 1 0 53,200 "285";
286 0 0 177,189 "286";
287 2 0 235,269 "287";
288 2 0 56,122 "288";
289 0 0 191,234 "289";
290 0 0 59,271 "290";
291 2 1 42,47 "291";
292 1 0 80,189 "292";
293 2 1 205,223 "293";
294 0 0 53,196 "294";
