parity 294;
0 2 1 112,289 "0";
1 1 0 71,156 "1";
2 1 0 187,288 "2";
3 0 1 48,201 "3";
4 2 0 56,285 "4";
5 0 1 222,228 "5";
6 1 1 8,270 "6";
7 0 0 63,121 "7";
8 1 1 216,235 "8";
9 0 0 31,63 "9";
10 0 0 191,194 "10";
11 0 0 99,222 "11";
12 1 0 170,191 "12";
13 0 0 53,174 "13";
14 0 0 140,258 "14";
15 1 0 126,149 "15";
16 1 0 84,160 "16";
17 2 1 46,107 "17";
18 1 1 19,253 "18";
19 2 1 11,96 "19";
20 0 0 65,131 "20";
21 2 1 47,159 "21";
22 2 0 51,147 "22";
23 2 0 215,294 "23";
24 1 0 29,112 "24";
25 2 0 151,163 "25";
26 1 1 158,256 "26";
27 1 0 22,192 "27";
28 2 1 108,292 "28";
29 0 1 49,292 "29";
30 1 1 23,164 "30";
31 0 0 7,227 "31";
32 1 1 131,245 "32";
33 1 0 241,282 "33";
34 2 0 28,263 "34";
35 1 0 0,160 "35";
36 2 1 214,265 "36";
37 1 1 31,263 "37";
38 1 0 102,194 "38";
39 1 0 64,279 "39";
40 0 1 5,120 "40";
41 2 0 163,191 "41";
42 0 0 46,197 "42";
43 2 0 21,78 "43";
44 2 1 89,214 "44";
45 0 1 2,93 "45";
46 0 0 23,69 "46";
47 0 1 21,111 "47";
48 0 1 13,209 "48";
49 0 0 200,270 "49";
50 0 0 5,238 "50";
51 2 1 47,100 "51";
52 0 1 239,271 "52";
53 2 0 76,218 "53";
54 2 0 213,270 "54";
55 1 0 34,227 "55";
56 1 1 137,274 "56";
57 0 1 119,163 "57";
58 1 0 13,55 "58";
59 0 0 129,221 "59";
60 0 0 53,229 "60";
61 0 1 169,240 "61";
62 1 0 67,201 "62";
63 1 0 51,96 "63";
64 1 0 247,271 "64";
65 0 1 1,196 "65";
66 2 0 100,129 "66";
67 1 0 52,83 "67";
68 0 0 67,145 "68";
69 0 0 26,147 "69";
70 1 1 82,160 "70";
71 1 1 95,270 "71";
72 1 1 14,86 "72";
73 0 0 59,120 "73";
74 0 0 231,279 "74";
75 2 1 2,65 "75";
76 2 0 59,87 "76";
77 0 0 222,258 "77";
78 0 1 166,259 "78";
79 1 1 67,128 "79";
80 2 1 83,256 "80";
81 2 1 186,293 "81";
82 0 0 60,290 "82";
83 0 1 265,272 "83";
84 1 0 123,285 "84";
85 2 1 51,274 "85";
86 2 1 3,164 "86";
87 0 0 57,255 "87";
88 2 0 121,218 "88";
89 2 0 101,178 "89";
90 1 1 49,158 "90";
91 2 1 100,103 "91";
92 1 0 54,129 "92";
93 0 0 60,164 "93";
94 2 1 46,99 "94";
95 0 0 213,224 "95";
96 1 1 141,144 "96";
97 0 1 103,230 "97";
98 1 0 225,281 "98";
99 2 1 85,153 "99";
100 2 0 182,224 "100";
101 0 1 14,76 "101";
102 0 1 23,285 "102";
103 1 0 6,284 "103";
104 2 0 86,290 "104";
105 1 0 166,250 "105";
106 0 0 151,173 "106";
107 2 0 38,156 "107";
108 0 1 47,127 "108";
109 1 0 231,274 "109";
110 0 0 80,102 "110";
111 2 0 91,136 "111";
112 2 1 238,248 "112";
113 0 1 28,240 "113";
114 0 0 36,72 "114";
115 0 1 65,224 "115";
116 0 1 96,113 "116";
117 0 1 33,243 "117";
118 1 0 45,140 "118";
119 0 0 47,111 "119";
120 0 1 8,58 "120";
121 0 1 49,237 "121";
122 0 0 29,288 "122";
123 0 0 26,167 "123";
124 2 0 113,164 "124";
125 1 1 123,223 "125";
126 0 0 163,223 "126";
127 0 0 38,129 "127";
128 0 0 207,272 "128";
129 0 1 10,256 "129";
130 2 1 146,274 "130";
131 2 1 115,271 "131";
132 1 0 267,272 "132";
133 0 0 66,121 "133";
134 1 0 195,234 "134";
135 2 0 114,174 "135";
136 2 0 15,238 "136";
137 1 0 24,244 "137";
138 0 0 51,53 "138";
139 2 1 83,257 "139";
140 2 1 62,246 "140";
141 1 1 61,193 "141";
142 0 1 157,214 "142";
143 1 0 166,221 "143";
144 0 1 130,214 "144";
145 1 0 9,236 "145";
146 2 1 149,178 "146";
147 1 1 76,103 "147";
148 1 1 189,222 "148";
149 2 1 135,218 "149";
150 0 1 214,283 "150";
151 0 1 0,121 "151";
152 0 0 86,100 "152";
153 1 1 61,81 "153";
154 1 1 155,208 "154";
155 1 1 54,170 "155";
156 0 1 110,224 "156";
157 0 1 43,282 "157";
158 1 1 5,217 "158";
159 0 0 47,62 "159";
160 0 1 32,130 "160";
161 1 1 128,242 "161";
162 0 0 51,151 "162";
163 1 1 108,114 "163";
164 2 0 66,205 "164";
165 2 0 68,257 "165";
166 2 1 25,127 "166";
167 0 0 117,211 "167";
168 0 0 98,135 "168";
169 2 0 70,131 "169";
170 1 0 17,252 "170";
171 2 1 68,239 "171";
172 0 1 153,286 "172";
173 2 0 205,269 "173";
174 1 0 153,253 "174";
175 1 1 216,238 "175";
176 1 1 270,274 "176";
177 1 0 5,196 "177";
178 0 1 201,259 "178";
179 1 1 45,247 "179";
180 1 0 90,225 "180";
181 0 1 213,223 "181";
182 1 0 199,255 "182";
183 2 0 195,200 "183";
184 0 1 96,273 "184";
185 1 1 175,245 "185";
186 2 0 73,148 "186";
187 0 0 132,202 "187";
188 2 0 139,194 "188";
189 1 0 141,279 "189";
190 0 0 114,182 "190";
191 2 0 145,292 "191";
192 2 1 66,129 "192";
193 0 1 5,93 "193";
194 0 1 97,155 "194";
195 1 1 160,257 "195";
196 0 0 59,65 "196";
197 0 1 50,111 "197";
198 1 1 46,76 "198";
199 0 0 42,145 "199";
200 0 1 2,202 "200";
201 0 0 48,291 "201";
202 2 1 157,206 "202";
203 2 1 59,117 "203";
204 2 1 178,291 "204";
205 1 1 158,180 "205";
206 1 1 122,203 "206";
207 0 0 100,238 "207";
208 0 0 14,94 "208";
209 0 1 134,166 "209";
210 2 1 180,255 "210";
211 1 0 162,201 "211";
212 2 0 89,211 "212";
213 1 0 147,177 "213";
214 1 1 143,251 "214";
215 1 0 20,51 "215";
216 0 0 139,254 "216";
217 2 1 71,148 "217";
218 2 1 97,190 "218";
219 2 1 36,191 "219";
220 2 0 19,25 "220";
221 1 0 42,242 "221";
222 0 1 76,160 "222";
223 0 0 64,161 "223";
224 2 1 57,246 "224";
225 0 1 32,126 "225";
226 2 0 109,229 "226";
227 0 1 221,235 "227";
228 0 1 143,188 "228";
229 0 1 96,171 "229";
230 0 0 151,289 "230";
231 2 0 149,220 "231";
232 0 0 174,233 "232";
233 0 1 139,244 "233";
234 0 0 110,249 "234";
235 1 0 143,162 "235";
236 0 0 43,184 "236";
237 1 0 75,139 "237";
238 0 0 159,206 "238";
239 2 1 134,177 "239";
240 2 1 114,207 "240";
241 1 0 137,265 "241";
242 0 1 102,193 "242";
243 2 0 59,154 "243";
244 0 0 91,232 "244";
245 1 1 77,89 "245";
246 0 1 22,273 "246";
247 2 0 193,256 "247";
248 2 1 177,259 "248";
249 0 1 59,184 "249";
250 2 0 16,115 "250";
251 0 1 30,285 "251";
252 0 1 85,156 "252";
253 0 0 193,286 "253";
254 0 1 23,117 "254";
255 2 0 234,276 "255";
256 2 0 144,216 "256";
257 1 0 26,53 "257";
258 0 1 42,280 "258";
259 1 1 83,209 "259";
260 2 1 50,176 "260";
261 0 0 28,96 "261";
262 2 0 268,287 "262";
263 0 0 155,222 "263";
264 1 0 172,236 "264";
265 2 0 48,147 "265";
266 1 1 71,74 "266";
267 2 0 212,245 "267";
268 2 1 26,145 "268";
269 1 1 140,289 "269";
270 0 0 127,243 "270";
271 0 1 124,224 "271";
272 1 0 208,230 "272";
273 2 1 126,237 "273";
274 0 1 72,192 "274";
275 1 0 206,270 "275";
276 0 1 95,201 "276";
277 2 0 58,196 "277";
278 0 0 148,292 "278";
279 2 1 192,294 "279";
280 0 1 38,93 "280";
281 2 0 40,213 "281";
282 2 1 69,171 "282";
283 0 1 157,267 "283";
284 2 1 168,274 "284";
285 1 0 86,112 "285";
286 0 1 2,109 "286";
287 2 1 14,17 "287";
288 0 1 14,265 "288";
289 0 0 12,76 "289";
290 1 1 107,244 "290";
291 1 0 96,165 "291";
292 2 1 82,137 "292";
293 1 0 28,227 "293";
294 2 0 27,290 "294";
