parity 259;
0 1 1 1,185 "0";
1 2 0 87,166 "1";
2 1 1 118,137 "2";
3 1 1 22,132 "3";
4 1 0 70,117 "4";
5 1 1 40,175 "5";
6 2 1 123,212 "6";
7 0 1 77,201 "7";
8 0 1 60,172 "8";
9 2 1 61,157 "9";
10 1 0 200,233 "10";
11 1 0 99,258 "11";
12 1 0 29,183 "12";
13 0 0 48,209 "13";
14 0 1 138,187 "14";
15 0 1 176,189 "15";
16 0 0 12,41 "16";
17 1 1 195,206 "17";
18 1 1 36,120 "18";
19 2 0 73,219 "19";
20 0 0 35,233 "20";
21 0 1 129,259 "21";
22 1 0 138,158 "22";
23 2 0 102,220 "23";
24 0 0 234,240 "24";
25 2 0 147,259 "25";
26 2 1 110,150 "26";
27 0 0 7,214 "27";
28 1 0 99,186 "28";
29 1 1 168,221 "29";
30 2 0 108,190 "30";
31 0 1 58,178 "31";
32 0 1 48,239 "32";
33 2 1 88,91 "33";
34 1 0 128,146 "34";
35 1 1 80,145 "35";
36 1 0 102,108 "36";
37 2 1 65,207 "37";
38 0 1 55,228 "38";
39 2 1 81,185 "39";
40 2 1 89,187 "40";
41 2 1 9,70 "41";
42 0 1 19,210 "42";
43 1 0 39,253 "43";
44 0 1 56,143 "44";
45 0 1 38,222 "45";
46 1 1 71,167 "46";
47 1 1 171,210 "47";
48 2 0 152,235 "48";
49 2 0 43,129 "49";
50 0 0 67,113 "50";
51 1 1 127,198 "51";
52 2 1 121,176 "52";
53 1 1 151,225 "53";
54 2 1 10,176 "54";
55 0 0 71,184 "55";
56 2 1 60,71 "56";
57 2 1 4,258 "57";
58 1 1 28,222 "58";
59 1 1 39,161 "59";
60 2 0 89,219 "60";
61 1 0 109,138 "61";
62 2 0 182,252 "62";
63 2 1 169,234 "63";
64 0 1 60,183 "64";
65 1 0 170,251 "65";
66 1 1 12,161 "66";
67 2 1 157,179 "67";
68 2 0 165,256 "68";
69 2 1 2,217 "69";
70 1 0 96,127 "70";
71 2 1 99,210 "71";
72 0 0 37,61 "72";
73 1 1 40,77 "73";
74 2 1 75,148 "74";
75 2 1 139,171 "75";
76 0 1 32,259 "76";
77 0 1 80,108 "77";
78 1 0 10,235 "78";
79 2 1 32,221 "79";
80 1 1 145,193 "80";
81 1 0 6,227 "81";
82 0 1 147,205 "82";
83 2 0 113,252 "83";
84 1 0 56,87 "84";
85 1 1 31,89 "85";
86 0 1 67,83 "86";
87 1 1 149,259 "87";
88 0 0 194,254 "88";
89 2 0 222,259 "89";
90 0 0 88,156 "90";
91 1 0 151,233 "91";
92 2 1 84,208 "92";
93 1 0 89,211 "93";
94 2 0 43,175 "94";
95 0 1 84,123 "95";
96 1 1 186,224 "96";
97 1 0 196,215 "97";
98 0 1 202,219 "98";
99 1 1 157,201 "99";
100 2 1 116,138 "100";
101 0 0 206,240 "101";
102 2 1 196,202 "102";
103 2 0 21,53 "103";
104 1 1 38,49 "104";
105 1 1 196,256 "105";
106 1 1 48,201 "106";
107 0 0 140,163 "107";
108 0 1 0,157 "108";
109 1 0 62,255 "109";
110 2 1 171,235 "110";
111 2 0 129,157 "111";
112 1 1 224,255 "112";
113 1 0 72,187 "113";
114 2 1 17,220 "114";
115 0 0 106,252 "115";
116 0 0 105,108 "116";
117 1 1 0,93 "117";
118 0 1 39,124 "118";
119 0 1 44,79 "119";
120 1 1 132,211 "120";
121 0 1 106,227 "121";
122 0 1 134,235 "122";
123 0 1 62,251 "123";
124 0 0 111,146 "124";
125 1 1 9,58 "125";
126 1 1 115,239 "126";
127 2 1 57,211 "127";
128 0 0 150,227 "128";
129 1 0 164,186 "129";
130 2 0 53,224 "130";
131 1 0 43,216 "131";
132 2 0 78,244 "132";
133 2 0 28,212 "133";
134 1 0 141,221 "134";
135 1 0 16,92 "135";
136 2 1 110,150 "136";
137 1 1 22,182 "137";
138 1 1 194,245 "138";
139 0 0 177,179 "139";
140 1 0 88,143 "140";
141 1 0 55,111 "141";
142 0 0 25,105 "142";
143 2 0 217,256 "143";
144 2 1 9,118 "144";
145 2 1 58,66 "145";
146 1 1 7,101 "146";
147 1 0 35,218 "147";
148 0 1 43,211 "148";
149 0 1 133,148 "149";
150 2 1 32,70 "150";
151 1 0 136,208 "151";
152 0 0 62,243 "152";
153 1 0 1,136 "153";
154 0 1 88,207 "154";
155 1 0 53,143 "155";
156 0 1 123,227 "156";
157 0 1 198,238 "157";
158 0 0 130,201 "158";
159 1 0 44,111 "159";
160 2 0 232,247 "160";
161 0 1 85,178 "161";
162 0 1 135,171 "162";
163 0 0 161,257 "163";
164 2 1 3,81 "164";
165 0 1 53,68 "165";
166 1 1 30,126 "166";
167 1 0 41,131 "167";
168 2 0 113,194 "168";
169 1 1 98,133 "169";
170 0 1 91,121 "170";
171 0 1 40,166 "171";
172 0 0 45,112 "172";
173 2 0 37,216 "173";
174 0 1 186,234 "174";
175 0 1 131,138 "175";
176 0 1 52,145 "176";
177 2 1 28,99 "177";
178 1 1 82,113 "178";
179 2 1 69,254 "179";
180 1 0 72,129 "180";
181 1 0 230,255 "181";
182 0 1 92,225 "182";
183 2 0 177,207 "183";
184 1 0 26,146 "184";
185 1 0 31,180 "185";
186 0 1 1,133 "186";
187 2 0 99,116 "187";
188 0 1 54,253 "188";
189 1 0 1,258 "189";
190 2 0 91,155 "190";
191 0 1 76,100 "191";
192 2 1 126,128 "192";
193 1 0 96,192 "193";
194 2 1 1,152 "194";
195 0 1 110,140 "195";
196 0 1 71,188 "196";
197 0 0 73,141 "197";
198 1 1 51,239 "198";
199 1 0 89,143 "199";
200 2 1 152,256 "200";
201 0 1 85,203 "201";
202 1 0 28,222 "202";
203 2 0 5,234 "203";
204 2 1 42,240 "204";
205 2 0 130,140 "205";
206 0 1 135,232 "206";
207 1 0 147,153 "207";
208 2 0 31,172 "208";
209 1 0 150,208 "209";
210 1 0 127,255 "210";
211 1 0 20,62 "211";
212 0 0 85,170 "212";
213 0 0 7,172 "213";
214 0 1 176,222 "214";
215 0 0 130,141 "215";
216 1 1 110,135 "216";
217 0 1 19,193 "217";
218 0 1 45,239 "218";
219 0 1 38,246 "219";
220 2 0 3,170 "220";
221 1 0 9,100 "221";
222 1 0 130,214 "222";
223 0 0 173,189 "223";
224 0 1 21,217 "224";
225 0 1 162,182 "225";
226 1 1 133,167 "226";
227 0 0 119,231 "227";
228 2 1 147,148 "228";
229 2 1 11,149 "229";
230 0 1 59,253 "230";
231 1 0 88,127 "231";
232 2 1 56,172 "232";
233 0 1 246,251 "233";
234 1 1 55,74 "234";
235 2 1 183,224 "235";
236 1 0 151,211 "236";
237 2 1 1,58 "237";
238 0 1 27,99 "238";
239 1 0 134,159 "239";
240 1 0 27,200 "240";
241 1 0 218,239 "241";
242 2 1 40,192 "242";
243 1 0 217,225 "243";
244 2 0 4,82 "244";
245 1 1 118,232 "245";
246 1 0 165,252 "246";
247 2 0 24,108 "247";
248 0 1 188,189 "248";
249 0 1 200,241 "249";
250 0 1 20,139 "250";
251 0 1 59,217 "251";
252 0 0 130,146 "252";
253 1 0 13,65 "253";
254 0 0 45,155 "254";
255 0 0 19,143 "255";
256 1 1 71,248 "256";
257 0 1 64,209 "257";
258 1 1 97,238 "258";
259 0 1 201,250 "259";
