parity 254;
0 0 0 39,125 "0";
1 2 0 114,192 "1";
2 2 1 231,233 "2";
3 1 0 157,220 "3";
4 2 0 28,216 "4";
5 2 1 92,141 "5";
6 1 0 200,254 "6";
7 0 0 189,240 "7";
8 0 1 64,184 "8";
9 1 0 62,149 "9";
10 1 0 159,182 "10";
11 2 0 84,222 "11";
12 0 0 60,215 "12";
13 0 1 210,220 "13";
14 1 0 182,192 "14";
15 2 0 3,90 "15";
16 1 0 40,173 "16";
17 2 0 126,202 "17";
18 2 0 16,200 "18";
19 1 0 72,205 "19";
20 0 0 119,197 "20";
21 1 1 123,228 "21";
22 2 1 139,248 "22";
23 0 0 50,195 "23";
24 2 1 15,39 "24";
25 1 1 141,190 "25";
26 0 0 68,75 "26";
27 0 1 10,206 "27";
28 0 1 119,151 "28";
29 2 1 139,251 "29";
30 2 0 23,110 "30";
31 1 0 54,78 "31";
32 0 1 41,137 "32";
33 0 1 27,193 "33";
34 1 0 165,243 "34";
35 0 0 55,63 "35";
36 2 1 207,229 "36";
37 2 1 193,233 "37";
38 2 0 86,88 "38";
39 1 0 44,190 "39";
40 2 0 28,94 "40";
41 1 0 3,171 "41";
42 0 0 27,123 "42";
43 0 0 18,210 "43";
44 1 0 23,55 "44";
45 2 1 25,32 "45";
46 0 1 7,127 "46";
47 0 1 67,211 "47";
48 1 1 74,105 "48";
49 2 0 41,169 "49";
50 0 1 230,243 "50";
51 1 0 129,162 "51";
52 1 1 177,247 "52";
53 1 0 137,194 "53";
54 2 1 71,93 "54";
55 2 1 172,192 "55";
56 0 0 50,150 "56";
57 1 1 0,140 "57";
58 2 0 3,246 "58";
59 2 0 42,216 "59";
60 1 0 155,250 "60";
61 0 1 82,161 "61";
62 1 0 99,210 "62";
63 0 1 105,223 "63";
64 2 1 0,141 "64";
65 0 0 96,222 "65";
66 0 0 20,230 "66";
67 2 1 93,133 "67";
68 2 0 230,253 "68";
69 1 1 213,232 "69";
70 1 0 86,129 "70";
71 0 1 68,123 "71";
72 0 0 152,224 "72";
73 2 1 160,192 "73";
74 1 1 81,162 "74";
75 2 1 160,220 "75";
76 0 1 91,224 "76";
77 0 1 87,176 "77";
78 0 0 29,184 "78";
79 0 0 190,202 "79";
80 0 1 120,248 "80";
81 2 0 50,220 "81";
82 0 0 40,213 "82";
83 2 0 13,188 "83";
84 0 0 120,126 "84";
85 0 0 59,194 "85";
86 0 0 153,243 "86";
87 1 0 142,232 "87";
88 1 1 90,171 "88";
89 0 1 42,168 "89";
90 1 1 22,72 "90";
91 1 1 74,103 "91";
92 2 1 81,143 "92";
93 1 0 143,157 "93";
94 2 0 65,89 "94";
95 1 1 75,247 "95";
96 1 1 81,193 "96";
97 1 0 68,228 "97";
98 0 0 12,163 "98";
99 0 0 60,72 "99";
100 0 1 80,175 "100";
101 1 1 40,64 "101";
102 1 1 82,245 "102";
103 2 0 42,151 "103";
104 1 1 98,156 "104";
105 2 1 71,127 "105";
106 2 0 128,200 "106";
107 1 0 122,201 "107";
108 2 0 6,139 "108";
109 1 1 10,205 "109";
110 0 1 146,214 "110";
111 2 1 26,35 "111";
112 2 0 194,235 "112";
113 1 0 71,106 "113";
114 1 0 66,77 "114";
115 0 0 132,209 "115";
116 1 0 60,142 "116";
117 0 1 14,174 "117";
118 2 0 104,105 "118";
119 0 1 150,156 "119";
120 2 1 59,223 "120";
121 2 1 90,151 "121";
122 1 1 79,219 "122";
123 1 1 5,154 "123";
124 2 0 9,177 "124";
125 1 0 226,242 "125";
126 0 0 160,177 "126";
127 0 1 210,218 "127";
128 0 0 93,131 "128";
129 0 1 77,154 "129";
130 0 0 164,228 "130";
131 1 1 46,47 "131";
132 1 0 122,251 "132";
133 0 1 197,225 "133";
134 2 0 71,130 "134";
135 1 1 10,254 "135";
136 0 0 199,245 "136";
137 1 0 24,223 "137";
138 2 1 121,212 "138";
139 1 1 79,207 "139";
140 1 1 28,115 "140";
141 1 1 130,175 "141";
142 2 0 36,80 "142";
143 1 1 20,95 "143";
144 2 1 150,182 "144";
145 2 0 55,67 "145";
146 1 1 43,158 "146";
147 0 1 14,76 "147";
148 0 0 59,91 "148";
149 0 0 79,217 "149";
150 0 1 229,242 "150";
151 0 1 83,96 "151";
152 1 0 6,43 "152";
153 0 0 81,94 "153";
154 1 1 37,123 "154";
155 0 1 6,214 "155";
156 2 1 53,79 "156";
157 2 0 41,126 "157";
158 0 0 54,118 "158";
159 2 1 172,207 "159";
160 2 0 42,163 "160";
161 0 0 62,232 "161";
162 1 0 205,247 "162";
163 1 1 97,132 "163";
164 1 1 147,190 "164";
165 2 1 74,162 "165";
166 2 0 30,212 "166";
167 1 0 115,153 "167";
168 1 0 33,252 "168";
169 2 1 4,201 "169";
170 0 0 149,218 "170";
171 1 0 204,236 "171";
172 0 0 7,124 "172";
173 2 1 103,164 "173";
174 2 1 128,140 "174";
175 0 0 136,217 "175";
176 1 0 37,44 "176";
177 0 1 99,193 "177";
178 2 0 28,240 "178";
179 0 1 71,198 "179";
180 2 1 124,188 "180";
181 1 1 66,112 "181";
182 2 1 31,37 "182";
183 0 1 23,107 "183";
184 2 1 88,169 "184";
185 1 1 54,201 "185";
186 2 0 7,252 "186";
187 0 0 13,147 "187";
188 0 1 202,224 "188";
189 0 0 94,236 "189";
190 1 0 31,155 "190";
191 1 0 10,242 "191";
192 1 1 59,109 "192";
193 0 0 92,164 "193";
194 1 0 97,126 "194";
195 0 0 55,70 "195";
196 2 1 20,185 "196";
197 1 0 17,223 "197";
198 0 0 41,207 "198";
199 0 1 165,176 "199";
200 1 0 9,219 "200";
201 2 1 210,235 "201";
202 0 1 186,216 "202";
203 2 0 119,146 "203";
204 0 1 133,173 "204";
205 1 0 9,53 "205";
206 0 1 33,151 "206";
207 2 0 43,236 "207";
208 0 0 162,248 "208";
209 0 0 56,98 "209";
210 0 1 94,231 "210";
211 2 0 18,19 "211";
212 2 0 149,168 "212";
213 2 1 24,240 "213";
214 2 0 28,116 "214";
215 1 0 7,190 "215";
216 0 1 1,72 "216";
217 1 0 94,215 "217";
218 2 0 168,211 "218";
219 2 0 60,249 "219";
220 1 1 2,62 "220";
221 2 0 144,189 "221";
222 2 0 62,78 "222";
223 2 0 110,202 "223";
224 0 1 126,197 "224";
225 0 1 22,195 "225";
226 1 1 122,252 "226";
227 0 1 6,136 "227";
228 1 0 41,172 "228";
229 0 0 126,202 "229";
230 1 1 153,187 "230";
231 0 1 173,197 "231";
232 2 1 56,91 "232";
233 0 1 25,198 "233";
234 1 1 3,195 "234";
235 0 1 69,177 "235";
236 2 1 200,219 "236";
237 2 1 151,214 "237";
238 2 0 53,140 "238";
239 0 1 88,197 "239";
240 1 0 184,205 "240";
241 2 0 53,153 "241";
242 1 1 186,227 "242";
243 1 1 69,252 "243";
244 0 0 40,60 "244";
245 2 0 29,84 "245";
246 2 0 0,3 "246";
247 0 1 18,186 "247";
248 1 0 91,230 "248";
249 2 0 223,253 "249";
250 1 0 45,76 "250";
251 1 0 77,249 "251";
252 2 0 40,155 "252";
253 1 1 58,119 "253";
254 1 1 88,208 "254";
