parity 269;
0 0 0 77,113 "0";
1 1 1 61,253 "1";
2 0 1 214,234 "2";
3 1 0 72,133 "3";
4 0 0 115,257 "4";
5 1 1 63,188 "5";
6 0 1 130,217 "6";
7 1 0 173,198 "7";
8 1 0 164,168 "8";
9 0 0 33,156 "9";
10 0 1 47,219 "10";
11 0 0 133,172 "11";
12 0 0 123,185 "12";
13 0 1 118,223 "13";
14 2 0 27,138 "14";
15 2 0 20,136 "15";
16 0 0 109,136 "16";
17 1 1 170,223 "17";
18 1 1 51,159 "18";
19 0 1 28,58 "19";
20 0 0 199,238 "20";
21 0 0 96,261 "21";
22 1 0 27,214 "22";
23 2 1 24,138 "23";
24 0 1 6,31 "24";
25 2 1 52,260 "25";
26 0 0 164,252 "26";
27 1 1 112,203 "27";
28 0 1 8,105 "28";
29 0 1 204,251 "29";
30 2 1 57,162 "30";
31 2 0 154,159 "31";
32 1 1 242,243 "32";
33 2 1 3,147 "33";
34 0 0 53,110 "34";
35 1 0 67,119 "35";
36 1 1 3,152 "36";
37 2 1 44,50 "37";
38 0 0 59,86 "38";
39 1 0 107,118 "39";
40 1 1 99,267 "40";
41 2 0 30,245 "41";
42 1 0 121,162 "42";
43 0 1 17,194 "43";
44 1 1 112,218 "44";
45 2 0 169,195 "45";
46 0 1 5,217 "46";
47 1 1 33,40 "47";
48 1 1 26,170 "48";
49 0 0 9,88 "49";
50 2 1 11,232 "50";
51 0 1 99,147 "51";
52 2 1 0,213 "52";
53 1 1 126,201 "53";
54 0 1 94,128 "54";
55 0 0 147,199 "55";
56 1 0 88,253 "56";
57 2 1 93,122 "57";
58 2 0 33,77 "58";
59 2 0 145,203 "59";
60 1 0 72,104 "60";
61 2 0 106,110 "61";
62 1 0 76,259 "62";
63 0 1 64,100 "63";
64 2 0 6,172 "64";
65 0 0 2,250 "65";
66 1 0 177,210 "66";
67 1 0 55,194 "67";
68 2 0 166,169 "68";
69 0 1 132,232 "69";
70 2 0 104,152 "70";
71 2 0 14,260 "71";
72 0 0 224,226 "72";
73 2 0 44,141 "73";
74 1 0 57,138 "74";
75 1 1 228,238 "75";
76 2 1 60,169 "76";
77 2 0 125,192 "77";
78 1 0 55,207 "78";
79 2 0 189,216 "79";
80 2 1 97,194 "80";
81 1 0 60,240 "81";
82 1 0 158,186 "82";
83 2 0 124,258 "83";
84 2 1 69,159 "84";
85 0 0 56,205 "85";
86 0 1 68,94 "86";
87 2 1 28,254 "87";
88 2 1 14,133 "88";
89 2 0 43,87 "89";
90 0 1 192,249 "90";
91 2 1 1,209 "91";
92 1 0 62,260 "92";
93 2 0 29,143 "93";
94 0 0 54,121 "94";
95 0 1 201,246 "95";
96 1 1 56,213 "96";
97 0 0 69,155 "97";
98 1 1 195,231 "98";
99 0 0 43,244 "99";
100 1 1 51,142 "100";
101 2 1 0,169 "101";
102 1 0 248,265 "102";
103 1 1 27,125 "103";
104 1 0 10,201 "104";
105 0 1 1,187 "105";
106 0 1 25,253 "106";
107 1 0 120,183 "107";
108 1 1 159,226 "108";
109 0 0 222,243 "109";
110 1 0 243,260 "110";
111 0 0 57,145 "111";
112 1 0 100,123 "112";
113 2 1 94,178 "113";
114 1 1 13,254 "114";
115 2 1 188,253 "115";
116 2 1 80,261 "116";
117 2 0 34,261 "117";
118 0 0 121,242 "118";
119 2 1 50,59 "119";
120 2 1 113,197 "120";
121 1 1 69,100 "121";
122 2 1 138,220 "122";
123 1 0 91,232 "123";
124 0 1 28,191 "124";
125 0 1 71,75 "125";
126 0 0 86,191 "126";
127 1 0 18,268 "127";
128 0 1 40,162 "128";
129 0 1 110,231 "129";
130 0 1 148,167 "130";
131 2 0 150,189 "131";
132 0 1 165,168 "132";
133 1 1 63,124 "133";
134 1 0 68,132 "134";
135 0 1 158,167 "135";
136 2 0 145,225 "136";
137 0 1 144,151 "137";
138 0 0 86,164 "138";
139 1 0 15,92 "139";
140 1 0 127,180 "140";
141 0 0 36,63 "141";
142 1 0 50,197 "142";
143 2 0 47,198 "143";
144 2 1 123,151 "144";
145 0 1 125,131 "145";
146 2 1 24,238 "146";
147 1 0 114,119 "147";
148 0 1 94,248 "148";
149 0 1 55,91 "149";
150 0 1 26,139 "150";
151 2 0 147,213 "151";
152 0 0 4,135 "152";
153 2 0 141,170 "153";
154 1 0 49,133 "154";
155 1 1 112,264 "155";
156 0 1 157,176 "156";
157 2 0 110,173 "157";
158 2 0 53,157 "158";
159 0 1 6,120 "159";
160 2 0 21,224 "160";
161 0 1 40,156 "161";
162 0 0 117,138 "162";
163 1 1 22,125 "163";
164 1 0 78,130 "164";
165 2 1 55,96 "165";
166 1 1 41,85 "166";
167 2 1 130,221 "167";
168 1 1 130,218 "168";
169 0 0 12,20 "169";
170 0 0 105,259 "170";
171 2 1 28,227 "171";
172 2 0 124,260 "172";
173 2 1 99,156 "173";
174 1 1 152,227 "174";
175 0 0 56,229 "175";
176 2 0 51,222 "176";
177 0 0 210,247 "177";
178 0 1 117,169 "178";
179 2 0 76,225 "179";
180 2 0 27,239 "180";
181 2 0 64,128 "181";
182 0 1 8,100 "182";
183 0 1 65,197 "183";
184 0 0 55,155 "184";
185 1 0 40,230 "185";
186 2 1 83,231 "186";
187 0 0 91,257 "187";
188 0 0 31,77 "188";
189 2 0 44,141 "189";
190 1 1 17,136 "190";
191 0 0 9,130 "191";
192 1 1 95,203 "192";
193 0 0 99,215 "193";
194 0 1 4,7 "194";
195 1 0 196,262 "195";
196 1 1 3,26 "196";
197 0 0 25,121 "197";
198 0 1 185,260 "198";
199 2 1 160,198 "199";
200 2 0 38,228 "200";
201 0 0 86,186 "201";
202 2 1 211,264 "202";
203 2 1 129,228 "203";
204 1 0 16,206 "204";
205 2 0 60,165 "205";
206 1 0 79,142 "206";
207 1 0 89,193 "207";
208 0 0 65,115 "208";
209 2 1 6,120 "209";
210 0 1 10,134 "210";
211 0 0 121,195 "211";
212 1 1 55,266 "212";
213 2 0 42,265 "213";
214 0 1 23,243 "214";
215 2 1 198,200 "215";
216 1 1 82,108 "216";
217 0 0 170,195 "217";
218 1 0 52,117 "218";
219 1 0 109,269 "219";
220 0 0 0,127 "220";
221 2 1 241,248 "221";
222 2 0 140,210 "222";
223 2 1 190,244 "223";
224 0 0 74,159 "224";
225 1 0 22,134 "225";
226 0 1 56,236 "226";
227 0 1 15,238 "227";
228 0 1 42,244 "228";
229 1 0 16,203 "229";
230 2 0 91,170 "230";
231 2 0 41,195 "231";
232 1 1 6,207 "232";
233 2 0 44,225 "233";
234 1 1 72,256 "234";
235 1 0 38,83 "235";
236 0 1 99,138 "236";
237 1 0 158,259 "237";
238 0 1 146,244 "238";
239 1 1 67,87 "239";
240 2 0 96,210 "240";
241 0 0 111,130 "241";
242 1 1 113,179 "242";
243 2 1 96,196 "243";
244 0 0 10,253 "244";
245 2 1 47,51 "245";
246 0 0 110,200 "246";
247 1 0 90,119 "247";
248 0 0 3,131 "248";
249 2 0 70,117 "249";
250 2 1 245,248 "250";
251 1 1 146,181 "251";
252 0 1 41,148 "252";
253 0 1 96,177 "253";
254 0 0 233,262 "254";
255 0 0 106,127 "255";
256 2 0 174,203 "256";
257 0 0 91,112 "257";
258 1 1 67,130 "258";
259 0 0 99,148 "259";
260 2 1 167,239 "260";
261 1 1 27,84 "261";
262 0 1 16,229 "262";
263 0 0 149,239 "263";
264 0 0 37,259 "264";
265 2 1 78,113 "265";
266 1 0 25,240 "266";
267 1 1 84,230 "267";
268 2 0 35,70 "268";
269 2 1 141,217 "269";
