parity 284;
0 0 0 19,262 "0";
1 2 1 22,63 "1";
2 2 1 57,91 "2";
3 1 0 83,149 "3";
4 1 0 87,253 "4";
5 0 0 2,174 "5";
6 1 1 71,106 "6";
7 0 0 36,143 "7";
8 1 1 147,260 "8";
9 2 0 70,280 "9";
10 0 1 132,185 "10";
11 1 0 21,232 "11";
12 2 0 31,246 "12";
13 0 0 22,205 "13";
14 0 1 57,203 "14";
15 2 1 43,125 "15";
16 0 0 100,281 "16";
17 1 0 18,122 "17";
18 0 1 251,260 "18";
19 1 1 168,216 "19";
20 2 0 205,263 "20";
21 0 0 24,274 "21";
22 2 1 96,190 "22";
23 2 0 81,83 "23";
24 2 1 258,264 "24";
25 0 0 112,134 "25";
26 2 0 100,149 "26";
27 1 1 81,90 "27";
28 2 0 1,202 "28";
29 0 0 48,61 "29";
30 0 1 147,240 "30";
31 2 1 96,113 "31";
32 0 1 131,172 "32";
33 2 0 255,272 "33";
34 0 1 78,224 "34";
35 2 1 10,114 "35";
36 0 1 3,89 "36";
37 1 0 195,279 "37";
38 0 0 14,78 "38";
39 1 1 63,273 "39";
40 1 0 26,271 "40";
41 1 0 151,158 "41";
42 1 1 105,116 "42";
43 0 0 75,245 "43";
44 1 1 127,136 "44";
45 0 0 140,226 "45";
46 2 0 139,219 "46";
47 0 0 33,230 "47";
48 0 1 15,70 "48";
49 1 0 168,190 "49";
50 2 1 123,203 "50";
51 1 1 6,203 "51";
52 0 1 16,171 "52";
53 2 1 127,140 "53";
54 0 1 28,81 "54";
55 1 0 31,106 "55";
56 2 1 44,138 "56";
57 1 1 136,263 "57";
58 2 0 49,202 "58";
59 2 0 1,143 "59";
60 2 0 42,122 "60";
61 1 1 22,148 "61";
62 1 1 50,51 "62";
63 2 0 41,228 "63";
64 1 1 135,272 "64";
65 1 1 29,266 "65";
66 1 0 95,232 "66";
67 0 0 242,284 "67";
68 0 0 186,252 "68";
69 0 1 25,92 "69";
70 2 0 5,130 "70";
71 1 1 103,203 "71";
72 0 1 25,197 "72";
73 1 1 88,142 "73";
74 1 0 269,274 "74";
75 1 1 160,203 "75";
76 1 0 114,190 "76";
77 0 1 149,268 "77";
78 2 1 104,257 "78";
79 0 1 37,123 "79";
80 0 0 75,125 "80";
81 2 1 126,272 "81";
82 1 1 7,47 "82";
83 2 1 15,180 "83";
84 1 0 94,140 "84";
85 2 0 26,59 "85";
86 0 1 47,284 "86";
87 0 0 152,181 "87";
88 1 1 80,196 "88";
89 2 0 119,228 "89";
90 0 0 150,216 "90";
91 1 1 12,214 "91";
92 0 1 170,174 "92";
93 2 0 159,260 "93";
94 0 1 21,55 "94";
95 0 0 161,181 "95";
96 1 0 165,177 "96";
97 0 1 11,53 "97";
98 0 1 65,213 "98";
99 1 0 71,250 "99";
100 0 0 219,251 "100";
101 0 1 174,191 "101";
102 0 0 3,94 "102";
103 1 1 73,226 "103";
104 0 1 166,273 "104";
105 0 1 56,206 "105";
106 1 1 23,128 "106";
107 0 1 145,216 "107";
108 0 0 72,94 "108";
109 2 0 139,158 "109";
110 2 1 32,157 "110";
111 0 1 56,276 "111";
112 1 1 213,239 "112";
113 2 0 103,116 "113";
114 0 0 63,93 "114";
115 2 0 38,176 "115";
116 2 1 76,109 "116";
117 1 0 193,263 "117";
118 0 1 73,179 "118";
119 2 1 176,209 "119";
120 1 1 185,282 "120";
121 1 0 2,62 "121";
122 0 1 99,274 "122";
123 2 1 93,122 "123";
124 1 1 177,251 "124";
125 0 0 109,269 "125";
126 0 0 167,224 "126";
127 0 1 134,139 "127";
128 1 0 46,143 "128";
129 0 0 180,272 "129";
130 2 1 67,175 "130";
131 0 1 86,187 "131";
132 0 1 169,184 "132";
133 2 0 28,122 "133";
134 1 1 152,264 "134";
135 0 1 152,221 "135";
136 1 1 14,131 "136";
137 0 0 92,105 "137";
138 2 0 36,192 "138";
139 1 0 142,169 "139";
140 0 0 218,273 "140";
141 2 0 17,190 "141";
142 2 1 118,201 "142";
143 1 1 56,162 "143";
144 0 0 8,220 "144";
145 2 0 174,201 "145";
146 0 0 120,140 "146";
147 1 0 42,149 "147";
148 1 1 223,282 "148";
149 2 1 27,277 "149";
150 2 0 165,177 "150";
151 0 0 107,279 "151";
152 0 1 25,103 "152";
153 0 1 16,243 "153";
154 0 1 65,133 "154";
155 0 0 41,58 "155";
156 1 0 160,187 "156";
157 2 0 137,214 "157";
158 2 0 45,283 "158";
159 2 0 63,240 "159";
160 0 1 30,58 "160";
161 1 0 28,30 "161";
162 0 1 88,264 "162";
163 1 1 199,243 "163";
164 0 0 35,46 "164";
165 2 1 26,197 "165";
166 0 1 71,140 "166";
167 0 1 209,269 "167";
168 0 1 103,193 "168";
169 2 0 244,269 "169";
170 1 0 79,232 "170";
171 1 1 33,84 "171";
172 0 0 143,248 "172";
173 1 1 72,93 "173";
174 0 0 2,141 "174";
175 1 0 19,80 "175";
176 1 0 222,235 "176";
177 2 0 104,151 "177";
178 1 1 127,223 "178";
179 1 0 264,268 "179";
180 1 0 41,65 "180";
181 0 0 158,270 "181";
182 1 0 112,209 "182";
183 1 1 155,194 "183";
184 1 0 30,154 "184";
185 1 0 84,124 "185";
186 0 0 20,163 "186";
187 2 0 36,208 "187";
188 0 0 107,262 "188";
189 2 0 78,160 "189";
190 2 1 62,134 "190";
191 1 0 205,250 "191";
192 1 1 56,179 "192";
193 0 0 19,229 "193";
194 2 0 148,170 "194";
195 0 0 181,190 "195";
196 1 0 185,204 "196";
197 2 1 207,255 "197";
198 1 1 88,264 "198";
199 0 1 126,181 "199";
200 1 0 9,228 "200";
201 2 1 110,236 "201";
202 0 1 84,124 "202";
203 1 0 120,229 "203";
204 2 1 32,254 "204";
205 2 0 145,215 "205";
206 1 1 69,279 "206";
207 0 0 216,228 "207";
208 2 0 7,271 "208";
209 1 0 65,179 "209";
210 1 0 139,175 "210";
211 1 1 236,251 "211";
212 2 0 33,260 "212";
213 2 1 76,146 "213";
214 1 1 136,215 "214";
215 2 1 78,177 "215";
216 0 0 80,239 "216";
217 0 1 244,272 "217";
218 1 1 44,50 "218";
219 2 0 162,170 "219";
220 0 1 110,229 "220";
221 0 0 48,111 "221";
222 0 1 23,190 "222";
223 1 0 104,247 "223";
224 0 1 163,195 "224";
225 0 1 178,245 "225";
226 2 0 115,121 "226";
227 0 1 190,232 "227";
228 2 1 174,268 "228";
229 2 0 4,149 "229";
230 2 1 42,200 "230";
231 1 1 70,230 "231";
232 1 1 77,164 "232";
233 0 1 215,261 "233";
234 0 1 136,218 "234";
235 2 0 96,199 "235";
236 1 0 12,174 "236";
237 1 1 28,67 "237";
238 2 0 222,269 "238";
239 1 1 38,188 "239";
240 2 0 82,193 "240";
241 0 0 119,218 "241";
242 2 1 82,128 "242";
243 2 0 271,274 "243";
244 0 0 145,155 "244";
245 1 0 40,95 "245";
246 2 0 186,195 "246";
247 0 1 6,89 "247";
248 0 1 193,249 "248";
249 2 1 52,76 "249";
250 1 0 183,249 "250";
251 2 1 64,257 "251";
252 2 1 128,242 "252";
253 0 1 39,168 "253";
254 1 1 30,181 "254";
255 0 0 25,248 "255";
256 1 0 84,127 "256";
257 1 0 215,251 "257";
258 1 1 46,76 "258";
259 0 0 127,233 "259";
260 2 1 132,233 "260";
261 0 1 140,227 "261";
262 0 1 111,178 "262";
263 2 0 12,61 "263";
264 2 1 42,243 "264";
265 2 0 217,237 "265";
266 1 0 12,158 "266";
267 0 0 141,225 "267";
268 1 1 62,158 "268";
269 0 1 19,59 "269";
270 2 0 70,276 "270";
271 2 0 231,246 "271";
272 2 1 63,239 "272";
273 0 1 35,202 "273";
274 0 1 63,202 "274";
275 2 1 57,147 "275";
276 2 1 126,228 "276";
277 2 0 101,185 "277";
278 2 0 83,135 "278";
279 2 1 75,110 "279";
280 1 1 200,230 "280";
281 0 1 216,247 "281";
282 0 0 88,99 "282";
283 0 0 135,139 "283";
284 2 0 248,277 "284";
