parity 224;
0 2 1 41,134 "0";
1 2 0 13,174 "1";
2 2 1 57,140 "2";
3 1 0 50,200 "3";
4 0 1 57,115 "4";
5 2 0 110,181 "5";
6 1 0 30,100 "6";
7 1 1 60,136 "7";
8 2 0 79,171 "8";
9 0 0 105,220 "9";
10 2 1 25,46 "10";
11 2 0 73,149 "11";
12 0 0 111,143 "12";
13 2 0 22,23 "13";
14 0 0 159,183 "14";
15 2 0 149,216 "15";
16 0 1 44,205 "16";
17 0 1 177,183 "17";
18 2 1 201,223 "18";
19 2 1 103,192 "19";
20 1 0 7,155 "20";
21 1 1 26,194 "21";
22 0 0 110,117 "22";
23 0 1 15,124 "23";
24 2 1 19,142 "24";
25 2 0 9,116 "25";
26 2 0 53,108 "26";
27 2 1 60,213 "27";
28 2 1 117,167 "28";
29 1 0 58,217 "29";
30 2 0 102,163 "30";
31 0 1 1,164 "31";
32 0 0 36,77 "32";
33 2 1 19,105 "33";
34 2 1 65,78 "34";
35 1 1 63,132 "35";
36 1 1 50,217 "36";
37 0 0 20,55 "37";
38 2 1 87,150 "38";
39 0 1 187,191 "39";
40 2 0 123,129 "40";
41 2 1 55,160 "41";
42 1 1 43,98 "42";
43 1 1 23,151 "43";
44 0 1 20,54 "44";
45 0 0 27,146 "45";
46 2 1 34,109 "46";
47 0 1 77,206 "47";
48 0 0 45,151 "48";
49 2 0 172,216 "49";
50 2 1 18,104 "50";
51 2 1 43,85 "51";
52 2 1 16,217 "52";
53 0 0 26,174 "53";
54 1 0 4,26 "54";
55 2 1 11,208 "55";
56 1 0 32,185 "56";
57 0 0 118,219 "57";
58 0 0 215,222 "58";
59 0 0 8,177 "59";
60 0 1 6,165 "60";
61 0 0 55,96 "61";
62 2 0 130,186 "62";
63 2 0 189,211 "63";
64 2 1 164,216 "64";
65 2 1 33,55 "65";
66 1 0 88,176 "66";
67 1 0 41,55 "67";
68 0 1 79,100 "68";
69 1 1 16,109 "69";
70 2 1 156,222 "70";
71 0 1 90,116 "71";
72 0 1 47,144 "72";
73 1 0 0,2 "73";
74 2 0 67,86 "74";
75 2 1 47,96 "75";
76 2 0 15,20 "76";
77 2 0 95,133 "77";
78 0 1 102,200 "78";
79 2 1 90,134 "79";
80 1 0 84,135 "80";
81 1 0 92,187 "81";
82 1 0 130,206 "82";
83 1 0 50,67 "83";
84 2 0 30,170 "84";
85 1 1 4,6 "85";
86 2 0 11,55 "86";
87 1 1 27,206 "87";
88 1 0 30,76 "88";
89 2 0 133,223 "89";
90 1 1 62,133 "90";
91 2 1 88,170 "91";
92 2 0 20,201 "92";
93 1 1 137,212 "93";
94 2 0 80,213 "94";
95 0 0 92,164 "95";
96 1 0 66,77 "96";
97 1 1 10,173 "97";
98 1 0 1,56 "98";
99 2 1 67,213 "99";
100 2 1 189,211 "100";
101 0 1 54,187 "101";
102 0 1 20,220 "102";
103 0 1 148,185 "103";
104 1 0 30,213 "104";
105 0 1 71,203 "105";
106 1 0 128,161 "106";
107 2 1 82,147 "107";
108 2 0 18,31 "108";
109 0 0 15,110 "109";
110 2 1 72,132 "110";
111 0 1 107,113 "111";
112 0 0 214,217 "112";
113 0 0 72,196 "113";
114 2 0 80,221 "114";
115 2 0 151,218 "115";
116 0 1 46,109 "116";
117 1 0 63,66 "117";
118 1 0 74,181 "118";
119 2 0 134,158 "119";
120 1 1 5,96 "120";
121 1 0 119,182 "121";
122 1 1 86,159 "122";
123 0 0 53,80 "123";
124 2 0 19,152 "124";
125 1 1 49,185 "125";
126 1 1 133,157 "126";
127 0 0 119,141 "127";
128 2 1 146,207 "128";
129 0 1 18,209 "129";
130 0 0 6,203 "130";
131 2 1 145,147 "131";
132 0 1 82,147 "132";
133 2 1 68,128 "133";
134 1 1 159,200 "134";
135 1 1 190,224 "135";
136 2 0 148,217 "136";
137 0 0 98,132 "137";
138 0 1 95,157 "138";
139 2 1 50,74 "139";
140 0 0 197,215 "140";
141 0 0 8,197 "141";
142 2 1 46,123 "142";
143 1 0 11,191 "143";
144 0 0 113,161 "144";
145 0 1 43,103 "145";
146 1 1 192,214 "146";
147 2 0 0,143 "147";
148 1 1 8,151 "148";
149 2 0 61,220 "149";
150 1 1 40,84 "150";
151 0 0 70,181 "151";
152 2 1 164,191 "152";
153 2 0 41,94 "153";
154 2 0 75,162 "154";
155 0 0 18,109 "155";
156 0 1 16,17 "156";
157 2 1 108,224 "157";
158 0 1 20,208 "158";
159 1 0 101,189 "159";
160 2 1 5,137 "160";
161 1 1 112,189 "161";
162 0 0 84,87 "162";
163 1 0 75,103 "163";
164 1 0 24,169 "164";
165 1 0 93,125 "165";
166 2 1 113,170 "166";
167 2 1 204,213 "167";
168 0 1 27,84 "168";
169 0 1 95,180 "169";
170 0 0 99,156 "170";
171 0 0 13,61 "171";
172 2 0 57,114 "172";
173 0 0 74,98 "173";
174 0 0 119,185 "174";
175 1 0 20,34 "175";
176 1 0 56,158 "176";
177 1 0 72,182 "177";
178 2 0 127,148 "178";
179 0 1 11,88 "179";
180 2 0 167,216 "180";
181 2 0 119,183 "181";
182 1 1 48,70 "182";
183 2 1 55,130 "183";
184 0 1 32,43 "184";
185 2 0 72,102 "185";
186 2 0 131,202 "186";
187 0 0 68,99 "187";
188 1 0 26,181 "188";
189 1 1 33,180 "189";
190 1 1 51,54 "190";
191 2 1 63,180 "191";
192 2 0 27,36 "192";
193 0 0 146,200 "193";
194 1 1 25,87 "194";
195 2 1 11,213 "195";
196 1 1 152,192 "196";
197 1 0 83,157 "197";
198 2 1 157,215 "198";
199 2 1 10,56 "199";
200 1 0 92,113 "200";
201 1 1 118,178 "201";
202 2 0 1,86 "202";
203 1 1 80,165 "203";
204 0 1 152,191 "204";
205 0 1 96,189 "205";
206 1 1 46,135 "206";
207 1 0 160,222 "207";
208 0 0 149,158 "208";
209 0 1 14,48 "209";
210 0 1 19,208 "210";
211 1 0 122,132 "211";
212 1 1 164,184 "212";
213 0 1 61,83 "213";
214 2 0 90,159 "214";
215 1 1 13,15 "215";
216 2 0 103,170 "216";
217 2 1 47,88 "217";
218 2 0 164,175 "218";
219 1 0 127,220 "219";
220 0 0 3,195 "220";
221 0 1 86,222 "221";
222 0 0 11,13 "222";
223 0 1 42,161 "223";
224 2 0 23,174 "224";
