parity 249;
0 1 0 1,113 "0";
1 0 0 66,134 "1";
2 0 0 89,162 "2";
3 2 1 164,206 "3";
4 1 0 173,201 "4";
5 1 0 155,168 "5";
6 1 0 8,125 "6";
7 2 1 30,69 "7";
8 0 1 29,243 "8";
9 2 1 217,246 "9";
10 2 1 29,149 "10";
11 0 0 18,44 "11";
12 0 1 73,247 "12";
13 2 1 76,159 "13";
14 0 0 47,161 "14";
15 2 0 37,169 "15";
16 1 0 34,249 "16";
17 0 1 102,135 "17";
18 0 1 33,166 "18";
19 0 0 48,70 "19";
20 1 0 10,220 "20";
21 0 0 33,108 "21";
22 1 1 16,73 "22";
23 1 0 127,175 "23";
24 1 1 74,190 "24";
25 0 0 207,243 "25";
26 2 0 106,160 "26";
27 0 0 15,109 "27";
28 2 1 86,174 "28";
29 1 0 159,209 "29";
30 0 1 132,226 "30";
31 0 0 46,221 "31";
32 0 1 191,238 "32";
33 0 0 9,249 "33";
34 0 0 10,149 "34";
35 1 1 0,243 "35";
36 2 0 90,122 "36";
37 2 1 40,120 "37";
38 0 0 96,228 "38";
39 0 0 5,183 "39";
40 2 0 25,242 "40";
41 2 1 19,219 "41";
42 0 1 62,93 "42";
43 0 1 151,199 "43";
44 2 1 63,227 "44";
45 2 1 15,68 "45";
46 2 0 49,210 "46";
47 1 1 77,216 "47";
48 0 0 98,181 "48";
49 2 1 114,215 "49";
50 2 1 114,245 "50";
51 0 1 60,84 "51";
52 1 1 118,235 "52";
53 1 1 58,60 "53";
54 1 0 46,237 "54";
55 2 0 59,134 "55";
56 0 0 97,174 "56";
57 2 1 42,111 "57";
58 0 0 118,195 "58";
59 2 1 169,207 "59";
60 1 1 21,202 "60";
61 1 1 128,192 "61";
62 1 1 71,201 "62";
63 0 1 95,152 "63";
64 2 0 143,163 "64";
65 0 1 7,216 "65";
66 2 0 47,59 "66";
67 2 1 38,71 "67";
68 2 0 113,163 "68";
69 2 0 96,210 "69";
70 0 1 87,137 "70";
71 1 1 39,177 "71";
72 2 0 126,155 "72";
73 2 1 20,41 "73";
74 1 1 56,225 "74";
75 1 1 70,244 "75";
76 1 1 102,155 "76";
77 0 1 87,162 "77";
78 0 0 164,228 "78";
79 1 0 121,173 "79";
80 2 1 117,121 "80";
81 0 1 80,195 "81";
82 2 0 80,84 "82";
83 1 0 0,66 "83";
84 2 0 215,219 "84";
85 2 1 94,148 "85";
86 1 0 84,156 "86";
87 2 1 14,105 "87";
88 0 1 44,170 "88";
89 0 1 103,133 "89";
90 2 0 40,58 "90";
91 1 1 77,214 "91";
92 1 1 15,166 "92";
93 1 0 49,185 "93";
94 2 0 110,146 "94";
95 1 1 68,73 "95";
96 2 0 143,188 "96";
97 0 0 55,233 "97";
98 2 1 51,247 "98";
99 2 0 100,187 "99";
100 0 0 66,245 "100";
101 1 0 82,131 "101";
102 1 1 69,75 "102";
103 0 0 188,215 "103";
104 2 1 23,204 "104";
105 2 1 45,210 "105";
106 1 0 28,136 "106";
107 0 1 189,238 "107";
108 0 0 52,61 "108";
109 2 0 61,180 "109";
110 2 0 20,178 "110";
111 1 0 8,115 "111";
112 0 0 158,219 "112";
113 2 1 54,232 "113";
114 2 0 195,217 "114";
115 0 1 112,233 "115";
116 2 1 148,198 "116";
117 1 0 80,217 "117";
118 2 0 174,249 "118";
119 0 0 74,114 "119";
120 2 1 113,126 "120";
121 1 1 8,218 "121";
122 0 0 156,159 "122";
123 1 1 238,244 "123";
124 0 0 83,231 "124";
125 2 0 80,170 "125";
126 2 1 89,97 "126";
127 2 1 165,194 "127";
128 2 1 92,132 "128";
129 1 1 168,227 "129";
130 1 1 158,190 "130";
131 0 1 12,227 "131";
132 0 1 65,214 "132";
133 1 0 67,166 "133";
134 2 1 68,88 "134";
135 2 1 168,208 "135";
136 2 1 9,238 "136";
137 2 1 68,74 "137";
138 1 0 56,97 "138";
139 2 0 8,48 "139";
140 0 0 43,237 "140";
141 0 1 76,177 "141";
142 1 1 21,135 "142";
143 2 0 82,134 "143";
144 1 0 123,240 "144";
145 0 1 134,228 "145";
146 1 0 218,231 "146";
147 1 1 58,132 "147";
148 2 0 176,186 "148";
149 1 1 179,190 "149";
150 2 1 60,216 "150";
151 0 0 118,215 "151";
152 0 0 25,97 "152";
153 1 0 69,80 "153";
154 1 1 37,189 "154";
155 1 0 31,234 "155";
156 2 1 19,196 "156";
157 0 1 55,74 "157";
158 1 0 164,197 "158";
159 0 1 131,246 "159";
160 2 0 117,156 "160";
161 2 0 10,200 "161";
162 1 0 12,202 "162";
163 2 1 98,102 "163";
164 0 1 147,212 "164";
165 1 1 136,197 "165";
166 2 1 187,205 "166";
167 1 1 196,206 "167";
168 0 1 67,101 "168";
169 0 0 16,48 "169";
170 0 1 143,171 "170";
171 0 0 32,239 "171";
172 0 0 121,215 "172";
173 0 0 115,143 "173";
174 1 0 199,208 "174";
175 1 1 9,108 "175";
176 1 0 57,108 "176";
177 2 1 137,144 "177";
178 2 0 125,138 "178";
179 1 0 4,178 "179";
180 0 0 209,224 "180";
181 1 0 104,220 "181";
182 2 1 139,243 "182";
183 2 1 10,61 "183";
184 2 1 210,242 "184";
185 2 1 48,171 "185";
186 1 1 38,187 "186";
187 1 0 161,190 "187";
188 0 0 118,137 "188";
189 1 0 134,166 "189";
190 2 0 47,107 "190";
191 0 0 58,240 "191";
192 1 1 8,35 "192";
193 0 0 79,106 "193";
194 2 1 46,97 "194";
195 2 0 94,243 "195";
196 0 1 8,219 "196";
197 1 1 30,245 "197";
198 0 0 10,196 "198";
199 1 1 84,211 "199";
200 1 0 212,214 "200";
201 2 0 99,149 "201";
202 2 1 176,216 "202";
203 2 0 38,43 "203";
204 0 1 32,90 "204";
205 0 0 48,181 "205";
206 2 1 26,238 "206";
207 0 0 85,208 "207";
208 2 1 119,172 "208";
209 2 0 129,206 "209";
210 1 0 240,243 "210";
211 2 0 102,229 "211";
212 1 0 55,229 "212";
213 2 0 5,141 "213";
214 2 1 0,126 "214";
215 0 0 186,212 "215";
216 0 1 139,182 "216";
217 0 0 96,169 "217";
218 2 1 64,154 "218";
219 0 1 125,145 "219";
220 1 1 139,206 "220";
221 0 0 164,173 "221";
222 1 1 128,191 "222";
223 0 0 31,192 "223";
224 1 0 45,126 "224";
225 0 1 119,219 "225";
226 2 1 77,91 "226";
227 2 1 23,248 "227";
228 0 0 6,18 "228";
229 0 0 63,74 "229";
230 1 0 21,81 "230";
231 2 1 44,157 "231";
232 0 1 14,239 "232";
233 1 0 73,127 "233";
234 1 0 160,177 "234";
235 1 1 118,182 "235";
236 1 0 50,150 "236";
237 0 1 164,202 "237";
238 1 1 0,13 "238";
239 1 0 79,137 "239";
240 1 0 64,224 "240";
241 0 0 170,188 "241";
242 1 1 144,194 "242";
243 0 0 4,147 "243";
244 0 0 126,205 "244";
245 0 1 64,212 "245";
246 0 0 150,207 "246";
247 0 0 64,206 "247";
248 0 0 95,98 "248";
249 1 1 16,174 "249";
