parity 274;
0 1 0 137,249 "0";
1 2 1 21,36 "1";
2 2 1 219,240 "2";
3 2 0 107,208 "3";
4 2 0 10,85 "4";
5 0 0 162,176 "5";
6 0 0 3,158 "6";
7 0 0 97,198 "7";
8 2 0 44,160 "8";
9 0 0 36,66 "9";
10 2 1 62,78 "10";
11 2 0 38,199 "11";
12 1 0 113,186 "12";
13 1 0 65,272 "13";
14 0 1 86,93 "14";
15 1 1 25,75 "15";
16 2 1 238,274 "16";
17 0 0 132,138 "17";
18 1 1 108,157 "18";
19 0 0 108,120 "19";
20 0 0 57,139 "20";
21 2 0 86,129 "21";
22 0 0 126,247 "22";
23 0 1 44,245 "23";
24 1 0 16,90 "24";
25 1 0 146,214 "25";
26 1 0 211,245 "26";
27 2 0 92,117 "27";
28 1 1 198,205 "28";
29 1 0 80,152 "29";
30 0 0 14,61 "30";
31 1 0 74,270 "31";
32 0 1 30,57 "32";
33 2 1 88,153 "33";
34 1 1 110,148 "34";
35 0 0 168,228 "35";
36 1 1 82,161 "36";
37 2 1 220,272 "37";
38 1 0 58,186 "38";
39 1 1 76,256 "39";
40 1 1 233,241 "40";
41 2 1 21,223 "41";
42 1 0 67,78 "42";
43 2 0 128,263 "43";
44 2 1 230,273 "44";
45 2 1 26,122 "45";
46 2 0 134,259 "46";
47 2 0 78,118 "47";
48 2 0 6,223 "48";
49 0 1 185,231 "49";
50 1 1 103,242 "50";
51 0 0 15,207 "51";
52 1 0 69,207 "52";
53 0 0 90,155 "53";
54 2 0 27,269 "54";
55 1 1 35,229 "55";
56 1 0 5,66 "56";
57 2 1 66,130 "57";
58 1 1 127,186 "58";
59 0 0 37,90 "59";
60 2 0 148,233 "60";
61 1 1 2,272 "61";
62 2 1 20,250 "62";
63 2 1 60,79 "63";
64 0 1 216,256 "64";
65 1 0 83,119 "65";
66 0 1 122,223 "66";
67 1 0 61,111 "67";
68 1 0 40,266 "68";
69 1 0 89,199 "69";
70 2 0 18,217 "70";
71 1 0 113,266 "71";
72 1 1 114,225 "72";
73 2 0 65,235 "73";
74 2 1 91,262 "74";
75 2 0 30,113 "75";
76 2 0 61,235 "76";
77 1 0 135,235 "77";
78 0 0 111,238 "78";
79 2 0 138,211 "79";
80 2 0 179,225 "80";
81 2 0 65,169 "81";
82 2 0 51,263 "82";
83 0 1 20,119 "83";
84 2 1 28,145 "84";
85 0 0 125,234 "85";
86 2 1 96,146 "86";
87 2 1 63,219 "87";
88 1 1 11,82 "88";
89 0 1 164,245 "89";
90 1 0 79,250 "90";
91 1 1 183,205 "91";
92 0 0 97,252 "92";
93 1 0 140,207 "93";
94 2 0 37,229 "94";
95 1 1 43,209 "95";
96 1 1 100,139 "96";
97 0 0 45,75 "97";
98 2 1 61,251 "98";
99 1 1 83,87 "99";
100 1 0 53,117 "100";
101 2 1 112,124 "101";
102 1 0 187,257 "102";
103 2 1 77,79 "103";
104 0 1 2,268 "104";
105 1 1 56,131 "105";
106 0 0 209,260 "106";
107 2 0 119,212 "107";
108 2 1 197,240 "108";
109 0 1 54,62 "109";
110 1 1 12,25 "110";
111 0 0 28,184 "111";
112 0 0 123,268 "112";
113 2 1 100,116 "113";
114 0 0 102,253 "114";
115 0 0 54,230 "115";
116 2 1 68,239 "116";
117 1 0 191,224 "117";
118 2 1 212,270 "118";
119 1 1 37,235 "119";
120 1 0 157,203 "120";
121 0 0 112,254 "121";
122 0 1 82,187 "122";
123 1 0 107,185 "123";
124 2 1 38,44 "124";
125 2 0 7,213 "125";
126 2 1 163,193 "126";
127 0 0 116,211 "127";
128 1 1 135,247 "128";
129 2 1 38,174 "129";
130 1 1 16,64 "130";
131 0 1 99,260 "131";
132 2 0 35,78 "132";
133 2 0 18,151 "133";
134 2 1 91,92 "134";
135 1 1 70,148 "135";
136 2 1 1,225 "136";
137 1 1 106,113 "137";
138 2 1 152,206 "138";
139 2 0 10,109 "139";
140 1 1 101,130 "140";
141 2 1 86,232 "141";
142 2 1 22,50 "142";
143 0 0 102,120 "143";
144 0 0 19,160 "144";
145 2 0 46,201 "145";
146 1 0 126,185 "146";
147 1 1 154,169 "147";
148 0 0 134,274 "148";
149 2 1 190,229 "149";
150 0 0 96,240 "150";
151 0 0 176,210 "151";
152 0 0 68,214 "152";
153 0 0 27,139 "153";
154 2 0 54,127 "154";
155 2 1 48,249 "155";
156 0 1 107,233 "156";
157 1 0 118,156 "157";
158 2 0 236,265 "158";
159 1 0 97,145 "159";
160 0 0 11,43 "160";
161 1 1 213,239 "161";
162 0 0 219,271 "162";
163 0 0 30,155 "163";
164 2 1 79,129 "164";
165 1 0 199,260 "165";
166 2 1 70,270 "166";
167 1 0 131,204 "167";
168 0 1 50,93 "168";
169 1 1 4,117 "169";
170 2 1 177,226 "170";
171 2 0 99,238 "171";
172 2 1 9,263 "172";
173 1 1 2,148 "173";
174 0 0 122,228 "174";
175 1 0 77,133 "175";
176 1 0 85,87 "176";
177 0 0 94,175 "177";
178 0 0 43,56 "178";
179 1 1 52,119 "179";
180 1 1 5,113 "180";
181 1 1 190,236 "181";
182 0 1 124,260 "182";
183 1 0 69,120 "183";
184 2 1 126,170 "184";
185 1 0 176,211 "185";
186 1 1 180,215 "186";
187 0 1 46,91 "187";
188 0 0 119,155 "188";
189 0 1 33,125 "189";
190 0 0 83,158 "190";
191 2 1 162,216 "191";
192 1 1 129,156 "192";
193 0 1 42,76 "193";
194 0 0 79,175 "194";
195 1 1 159,217 "195";
196 1 1 55,197 "196";
197 2 1 69,272 "197";
198 2 1 137,225 "198";
199 2 0 133,197 "199";
200 2 1 144,205 "200";
201 0 1 50,100 "201";
202 0 0 206,226 "202";
203 2 0 126,234 "203";
204 0 1 70,236 "204";
205 2 1 34,251 "205";
206 0 1 111,241 "206";
207 0 1 119,247 "207";
208 2 0 20,233 "208";
209 0 1 18,33 "209";
210 1 1 74,203 "210";
211 0 1 179,209 "211";
212 1 1 64,147 "212";
213 0 0 261,268 "213";
214 1 1 84,226 "214";
215 1 0 181,189 "215";
216 2 1 108,206 "216";
217 2 1 102,111 "217";
218 1 0 36,77 "218";
219 1 1 13,109 "219";
220 0 0 67,193 "220";
221 1 0 110,141 "221";
222 1 0 47,256 "222";
223 0 0 34,250 "223";
224 2 1 63,99 "224";
225 1 1 93,129 "225";
226 2 0 239,257 "226";
227 2 1 184,262 "227";
228 1 0 13,28 "228";
229 0 1 6,45 "229";
230 2 0 47,239 "230";
231 0 0 12,239 "231";
232 1 1 11,165 "232";
233 1 1 203,245 "233";
234 1 1 197,257 "234";
235 0 0 86,108 "235";
236 0 0 92,255 "236";
237 2 1 122,156 "237";
238 0 0 11,169 "238";
239 1 0 171,231 "239";
240 2 1 56,263 "240";
241 0 1 17,134 "241";
242 1 1 40,202 "242";
243 0 0 69,80 "243";
244 2 1 53,75 "244";
245 2 1 95,106 "245";
246 1 1 99,225 "246";
247 1 0 45,219 "247";
248 2 0 26,196 "248";
249 0 1 26,229 "249";
250 2 1 10,68 "250";
251 2 1 93,209 "251";
252 2 0 84,141 "252";
253 0 1 146,236 "253";
254 2 1 95,179 "254";
255 0 0 29,269 "255";
256 1 0 147,163 "256";
257 2 1 243,245 "257";
258 1 0 146,186 "258";
259 0 1 67,158 "259";
260 0 0 91,205 "260";
261 0 1 184,214 "261";
262 0 0 240,271 "262";
263 1 0 153,266 "263";
264 0 1 19,46 "264";
265 2 1 115,163 "265";
266 0 1 12,121 "266";
267 2 1 9,54 "267";
268 1 1 92,240 "268";
269 1 0 1,142 "269";
270 1 1 138,202 "270";
271 2 1 46,199 "271";
272 0 1 161,232 "272";
273 2 0 229,268 "273";
274 2 1 30,84 "274";
