parity 244;
0 2 0 101,235 "0";
1 2 1 70,225 "1";
2 1 1 42,78 "2";
3 2 0 62,177 "3";
4 0 0 199,217 "4";
5 2 0 57,225 "5";
6 2 1 110,130 "6";
7 1 1 98,100 "7";
8 2 0 122,219 "8";
9 1 0 94,101 "9";
10 2 0 19,81 "10";
11 1 0 60,109 "11";
12 1 0 44,174 "12";
13 0 0 146,230 "13";
14 2 0 143,151 "14";
15 1 1 72,76 "15";
16 2 0 15,137 "16";
17 2 0 63,114 "17";
18 0 0 27,189 "18";
19 1 1 24,51 "19";
20 1 0 178,237 "20";
21 2 0 93,172 "21";
22 2 1 75,156 "22";
23 1 0 156,165 "23";
24 2 1 35,174 "24";
25 2 1 45,196 "25";
26 1 1 5,142 "26";
27 1 1 143,153 "27";
28 0 1 69,218 "28";
29 2 0 36,97 "29";
30 1 1 58,76 "30";
31 0 1 30,34 "31";
32 1 0 79,163 "32";
33 1 1 63,171 "33";
34 0 0 39,71 "34";
35 2 1 114,164 "35";
36 2 0 34,120 "36";
37 2 0 35,162 "37";
38 2 1 9,71 "38";
39 2 1 169,233 "39";
40 0 0 74,182 "40";
41 0 0 66,140 "41";
42 1 0 67,106 "42";
43 2 1 136,240 "43";
44 1 0 161,194 "44";
45 1 0 118,239 "45";
46 2 0 51,94 "46";
47 0 1 13,130 "47";
48 1 1 167,230 "48";
49 0 0 51,167 "49";
50 0 0 26,55 "50";
51 1 0 142,192 "51";
52 2 1 3,86 "52";
53 0 1 24,196 "53";
54 0 1 162,236 "54";
55 0 1 172,233 "55";
56 2 0 137,179 "56";
57 2 0 16,38 "57";
58 2 0 98,99 "58";
59 1 1 82,100 "59";
60 1 0 131,148 "60";
61 2 0 14,124 "61";
62 0 0 214,224 "62";
63 2 0 92,110 "63";
64 2 0 138,199 "64";
65 2 1 188,244 "65";
66 1 1 51,76 "66";
67 2 0 86,106 "67";
68 1 1 16,212 "68";
69 0 0 34,80 "69";
70 2 0 142,156 "70";
71 0 1 75,180 "71";
72 0 1 148,156 "72";
73 0 0 55,103 "73";
74 0 1 122,166 "74";
75 1 1 61,199 "75";
76 2 1 67,244 "76";
77 0 1 99,240 "77";
78 2 1 8,123 "78";
79 0 0 74,119 "79";
80 0 1 113,157 "80";
81 2 1 65,97 "81";
82 0 1 62,232 "82";
83 2 0 87,151 "83";
84 1 1 22,172 "84";
85 2 1 113,240 "85";
86 1 1 174,230 "86";
87 0 0 30,155 "87";
88 0 0 6,95 "88";
89 0 1 86,96 "89";
90 0 0 134,224 "90";
91 0 0 114,162 "91";
92 1 0 60,171 "92";
93 1 0 12,18 "93";
94 0 1 88,176 "94";
95 2 1 14,110 "95";
96 0 1 11,64 "96";
97 2 1 180,212 "97";
98 2 0 20,215 "98";
99 2 0 18,233 "99";
100 1 1 25,241 "100";
101 1 0 142,149 "101";
102 0 0 214,218 "102";
103 2 1 85,138 "103";
104 0 0 51,128 "104";
105 0 0 72,167 "105";
106 1 0 104,222 "106";
107 2 1 150,206 "107";
108 2 1 153,190 "108";
109 0 1 117,146 "109";
110 2 0 137,160 "110";
111 0 0 40,188 "111";
112 2 0 201,215 "112";
113 0 1 120,193 "113";
114 0 0 171,182 "114";
115 2 0 3,244 "115";
116 2 0 148,155 "116";
117 0 1 217,235 "117";
118 0 0 56,163 "118";
119 2 0 76,191 "119";
120 2 0 81,151 "120";
121 1 0 7,240 "121";
122 2 1 35,97 "122";
123 0 1 9,188 "123";
124 2 0 21,194 "124";
125 2 0 3,103 "125";
126 2 1 17,239 "126";
127 0 0 72,144 "127";
128 2 1 25,167 "128";
129 0 0 16,143 "129";
130 0 0 18,229 "130";
131 1 0 13,185 "131";
132 2 1 24,46 "132";
133 1 1 104,170 "133";
134 0 0 108,231 "134";
135 1 1 63,164 "135";
136 1 1 13,22 "136";
137 1 0 96,124 "137";
138 1 0 33,114 "138";
139 1 0 158,220 "139";
140 0 1 91,150 "140";
141 2 0 47,153 "141";
142 1 0 42,145 "142";
143 0 1 133,149 "143";
144 0 0 8,128 "144";
145 2 0 22,146 "145";
146 2 1 76,158 "146";
147 0 0 18,221 "147";
148 1 1 140,241 "148";
149 2 1 12,96 "149";
150 2 1 197,228 "150";
151 1 1 147,237 "151";
152 1 0 204,214 "152";
153 0 0 27,108 "153";
154 2 0 133,189 "154";
155 2 1 132,224 "155";
156 2 0 64,105 "156";
157 0 1 60,131 "157";
158 1 1 67,110 "158";
159 2 0 19,113 "159";
160 0 1 45,89 "160";
161 0 0 115,179 "161";
162 0 0 150,187 "162";
163 1 0 99,180 "163";
164 0 0 62,125 "164";
165 1 0 7,153 "165";
166 1 1 67,115 "166";
167 1 0 39,88 "167";
168 1 0 56,184 "168";
169 2 1 2,42 "169";
170 2 1 82,197 "170";
171 0 0 52,231 "171";
172 1 0 75,234 "172";
173 2 0 11,226 "173";
174 0 1 3,128 "174";
175 0 0 58,104 "175";
176 1 1 90,195 "176";
177 1 0 47,143 "177";
178 0 1 165,231 "178";
179 2 0 67,169 "179";
180 1 1 5,86 "180";
181 2 1 220,231 "181";
182 2 1 75,233 "182";
183 0 1 9,213 "183";
184 0 1 4,57 "184";
185 0 1 136,142 "185";
186 0 1 54,190 "186";
187 2 1 15,17 "187";
188 0 0 123,219 "188";
189 0 0 44,175 "189";
190 2 0 87,161 "190";
191 0 1 159,232 "191";
192 1 0 129,151 "192";
193 2 0 4,147 "193";
194 1 0 91,131 "194";
195 0 1 112,190 "195";
196 1 1 74,230 "196";
197 2 0 193,194 "197";
198 0 0 165,231 "198";
199 1 1 120,176 "199";
200 1 1 61,239 "200";
201 1 1 1,30 "201";
202 2 0 15,62 "202";
203 1 1 79,189 "203";
204 2 0 79,213 "204";
205 0 0 23,97 "205";
206 2 0 126,184 "206";
207 2 0 75,203 "207";
208 1 0 14,210 "208";
209 0 1 14,111 "209";
210 2 1 112,178 "210";
211 1 0 3,73 "211";
212 1 1 117,156 "212";
213 0 1 20,85 "213";
214 1 1 2,94 "214";
215 0 0 93,225 "215";
216 2 1 59,226 "216";
217 0 1 55,102 "217";
218 2 0 187,193 "218";
219 0 0 49,144 "219";
220 2 0 149,202 "220";
221 1 0 71,158 "221";
222 1 0 62,223 "222";
223 1 1 13,57 "223";
224 2 1 34,54 "224";
225 0 1 140,238 "225";
226 0 0 75,244 "226";
227 2 1 54,142 "227";
228 0 0 76,80 "228";
229 1 0 205,214 "229";
230 1 0 83,104 "230";
231 0 1 72,188 "231";
232 2 1 78,200 "232";
233 1 1 171,206 "233";
234 2 0 130,222 "234";
235 0 1 23,43 "235";
236 0 0 92,186 "236";
237 2 1 58,72 "237";
238 2 0 95,98 "238";
239 2 0 7,217 "239";
240 1 1 6,182 "240";
241 2 0 192,215 "241";
242 0 0 36,117 "242";
243 1 1 82,226 "243";
244 1 1 57,212 "244";
