parity 219;
0 0 0 53,121 "0";
1 0 0 76,125 "1";
2 2 0 45,94 "2";
3 1 0 73,124 "3";
4 1 1 104,188 "4";
5 1 0 57,218 "5";
6 2 1 40,123 "6";
7 1 1 93,175 "7";
8 2 1 70,122 "8";
9 0 1 20,94 "9";
10 1 0 133,203 "10";
11 0 0 4,172 "11";
12 0 1 131,164 "12";
13 0 0 158,219 "13";
14 1 1 10,26 "14";
15 0 1 97,124 "15";
16 2 0 40,132 "16";
17 0 1 40,75 "17";
18 0 1 133,178 "18";
19 1 0 8,63 "19";
20 1 1 103,192 "20";
21 1 0 58,184 "21";
22 2 1 47,136 "22";
23 0 0 125,157 "23";
24 0 0 132,197 "24";
25 0 1 40,146 "25";
26 1 1 49,78 "26";
27 1 0 29,52 "27";
28 2 1 74,132 "28";
29 1 0 83,218 "29";
30 0 1 67,205 "30";
31 0 0 28,143 "31";
32 0 0 41,99 "32";
33 2 1 117,168 "33";
34 1 1 21,116 "34";
35 1 0 77,85 "35";
36 1 0 106,173 "36";
37 0 1 182,191 "37";
38 2 0 81,149 "38";
39 2 1 122,195 "39";
40 1 1 151,209 "40";
41 0 0 15,19 "41";
42 2 1 10,155 "42";
43 2 1 35,177 "43";
44 0 0 132,198 "44";
45 1 0 76,144 "45";
46 0 0 73,152 "46";
47 2 1 78,96 "47";
48 0 0 13,201 "48";
49 0 1 106,184 "49";
50 2 1 61,218 "50";
51 0 1 154,181 "51";
52 0 0 22,167 "52";
53 0 0 29,136 "53";
54 1 0 150,190 "54";
55 0 0 37,137 "55";
56 2 0 95,150 "56";
57 2 1 74,181 "57";
58 2 0 100,206 "58";
59 0 1 70,149 "59";
60 2 1 68,179 "60";
61 2 0 12,197 "61";
62 1 1 27,111 "62";
63 2 1 113,194 "63";
64 2 1 80,189 "64";
65 1 1 29,119 "65";
66 1 1 169,171 "66";
67 1 1 100,108 "67";
68 1 0 147,162 "68";
69 1 0 117,213 "69";
70 2 0 38,104 "70";
71 0 0 50,180 "71";
72 1 0 67,102 "72";
73 2 1 1,164 "73";
74 0 1 68,76 "74";
75 0 0 39,219 "75";
76 2 1 64,111 "76";
77 2 1 33,130 "77";
78 0 1 114,129 "78";
79 1 0 116,126 "79";
80 2 0 15,138 "80";
81 0 1 61,103 "81";
82 1 1 43,116 "82";
83 1 0 28,89 "83";
84 1 0 11,146 "84";
85 0 0 35,200 "85";
86 0 1 152,177 "86";
87 2 0 171,180 "87";
88 2 1 29,127 "88";
89 2 0 127,157 "89";
90 0 1 41,179 "90";
91 2 0 50,85 "91";
92 2 0 207,217 "92";
93 1 1 28,74 "93";
94 0 1 117,145 "94";
95 0 1 100,139 "95";
96 2 1 82,113 "96";
97 0 1 41,67 "97";
98 1 0 21,123 "98";
99 2 1 51,154 "99";
100 2 0 67,81 "100";
101 0 0 141,150 "101";
102 2 1 34,134 "102";
103 2 1 54,146 "103";
104 2 0 49,170 "104";
105 2 1 114,169 "105";
106 1 1 92,160 "106";
107 2 1 129,215 "107";
108 1 1 29,144 "108";
109 0 0 47,128 "109";
110 2 0 53,103 "110";
111 2 1 148,214 "111";
112 1 0 4,15 "112";
113 2 0 186,216 "113";
114 2 0 151,177 "114";
115 2 1 130,179 "115";
116 2 1 175,207 "116";
117 2 0 27,154 "117";
118 2 1 28,219 "118";
119 0 1 67,170 "119";
120 2 0 154,178 "120";
121 0 1 15,21 "121";
122 2 1 6,136 "122";
123 2 0 97,215 "123";
124 2 1 24,190 "124";
125 2 0 142,219 "125";
126 2 1 64,90 "126";
127 0 0 149,166 "127";
128 2 0 126,160 "128";
129 0 0 96,170 "129";
130 1 1 92,214 "130";
131 0 1 53,105 "131";
132 1 1 12,105 "132";
133 2 1 34,187 "133";
134 0 0 121,127 "134";
135 1 1 14,194 "135";
136 1 0 166,196 "136";
137 2 0 122,207 "137";
138 2 0 161,215 "138";
139 1 0 15,80 "139";
140 0 1 146,178 "140";
141 1 1 106,172 "141";
142 1 0 168,203 "142";
143 0 1 88,92 "143";
144 2 1 81,203 "144";
145 0 1 0,91 "145";
146 0 1 119,179 "146";
147 2 0 12,118 "147";
148 0 1 71,134 "148";
149 2 1 25,204 "149";
150 2 1 161,193 "150";
151 0 1 10,131 "151";
152 1 0 19,27 "152";
153 0 1 34,215 "153";
154 0 0 179,187 "154";
155 2 1 8,37 "155";
156 2 1 17,130 "156";
157 0 1 83,195 "157";
158 2 1 97,134 "158";
159 2 0 59,200 "159";
160 2 1 131,171 "160";
161 1 1 54,198 "161";
162 0 0 41,155 "162";
163 1 1 151,214 "163";
164 2 0 4,83 "164";
165 2 1 60,113 "165";
166 1 0 62,94 "166";
167 2 1 22,72 "167";
168 2 0 19,199 "168";
169 0 1 30,115 "169";
170 0 0 63,128 "170";
171 1 1 184,207 "171";
172 2 0 119,214 "172";
173 2 1 63,122 "173";
174 2 0 120,146 "174";
175 0 0 181,198 "175";
176 1 0 21,83 "176";
177 0 1 80,99 "177";
178 1 1 21,145 "178";
179 1 1 20,95 "179";
180 1 0 48,151 "180";
181 0 0 25,182 "181";
182 2 0 1,63 "182";
183 2 0 92,173 "183";
184 2 1 38,216 "184";
185 0 0 67,166 "185";
186 2 0 35,200 "186";
187 0 1 7,156 "187";
188 2 0 123,143 "188";
189 2 1 98,103 "189";
190 0 1 90,168 "190";
191 2 1 202,219 "191";
192 2 0 14,35 "192";
193 2 1 6,9 "193";
194 2 0 202,217 "194";
195 2 1 53,95 "195";
196 0 0 68,219 "196";
197 0 1 135,208 "197";
198 1 1 143,218 "198";
199 1 0 123,149 "199";
200 0 0 81,94 "200";
201 1 1 97,121 "201";
202 2 1 139,171 "202";
203 1 1 2,119 "203";
204 1 0 45,179 "204";
205 0 0 74,127 "205";
206 1 0 141,156 "206";
207 1 1 142,189 "207";
208 0 1 34,57 "208";
209 1 1 43,165 "209";
210 1 0 147,170 "210";
211 1 0 161,193 "211";
212 2 0 124,207 "212";
213 2 1 48,133 "213";
214 0 1 179,209 "214";
215 1 1 124,140 "215";
216 2 1 25,39 "216";
217 0 1 115,134 "217";
218 2 1 76,95 "218";
219 0 1 27,189 "219";
