parity 279;
0 0 1 46,91 "0";
1 1 0 207,229 "1";
2 1 0 42,116 "2";
3 0 1 29,63 "3";
4 1 1 142,190 "4";
5 2 1 9,16 "5";
6 0 0 9,270 "6";
7 1 1 128,220 "7";
8 0 0 231,260 "8";
9 0 0 0,123 "9";
10 0 1 8,83 "10";
11 0 1 148,167 "11";
12 0 0 106,216 "12";
13 2 1 55,140 "13";
14 2 1 13,33 "14";
15 0 0 99,237 "15";
16 0 1 44,97 "16";
17 2 1 99,157 "17";
18 2 1 233,250 "18";
19 1 0 78,214 "19";
20 1 1 153,206 "20";
21 2 0 11,202 "21";
22 2 0 191,255 "22";
23 1 1 35,50 "23";
24 2 1 85,120 "24";
25 1 1 91,191 "25";
26 0 0 123,163 "26";
27 1 1 89,202 "27";
28 1 1 158,226 "28";
29 1 1 97,110 "29";
30 0 0 18,103 "30";
31 0 1 64,123 "31";
32 1 1 45,138 "32";
33 2 0 95,272 "33";
34 1 1 7,278 "34";
35 2 1 43,278 "35";
36 2 1 7,183 "36";
37 2 1 4,85 "37";
38 1 1 76,154 "38";
39 0 1 217,244 "39";
40 0 0 117,190 "40";
41 2 0 16,216 "41";
42 1 0 55,62 "42";
43 2 1 128,201 "43";
44 0 0 60,171 "44";
45 1 1 66,235 "45";
46 1 1 200,254 "46";
47 1 1 37,160 "47";
48 0 1 153,212 "48";
49 1 0 74,240 "49";
50 0 0 42,93 "50";
51 2 1 106,145 "51";
52 1 0 31,158 "52";
53 1 1 163,220 "53";
54 0 1 39,155 "54";
55 2 1 140,225 "55";
56 1 0 108,262 "56";
57 2 0 80,128 "57";
58 0 0 9,89 "58";
59 2 1 131,279 "59";
60 0 1 113,115 "60";
61 2 1 84,232 "61";
62 1 0 2,221 "62";
63 1 1 158,193 "63";
64 1 0 122,266 "64";
65 1 1 150,154 "65";
66 2 1 19,59 "66";
67 0 0 6,114 "67";
68 1 1 82,181 "68";
69 0 1 195,202 "69";
70 1 0 29,118 "70";
71 2 1 44,263 "71";
72 1 1 8,251 "72";
73 1 0 148,264 "73";
74 1 0 153,192 "74";
75 0 0 37,178 "75";
76 2 1 182,239 "76";
77 1 0 172,198 "77";
78 1 1 109,132 "78";
79 0 0 160,173 "79";
80 0 1 99,114 "80";
81 0 1 109,154 "81";
82 2 0 36,178 "82";
83 2 1 116,238 "83";
84 0 0 80,279 "84";
85 2 1 46,141 "85";
86 2 0 227,231 "86";
87 0 1 150,236 "87";
88 0 0 95,114 "88";
89 0 1 131,225 "89";
90 1 1 240,253 "90";
91 2 0 32,254 "91";
92 2 0 151,232 "92";
93 2 1 180,272 "93";
94 1 1 163,166 "94";
95 0 1 154,225 "95";
96 2 0 7,208 "96";
97 2 0 248,263 "97";
98 1 1 30,103 "98";
99 2 0 67,275 "99";
100 0 1 59,203 "100";
101 1 0 198,210 "101";
102 0 0 148,261 "102";
103 1 1 120,137 "103";
104 1 0 22,256 "104";
105 2 0 208,233 "105";
106 0 0 4,278 "106";
107 1 0 126,171 "107";
108 0 1 219,226 "108";
109 0 0 52,166 "109";
110 1 0 28,66 "110";
111 1 0 225,279 "111";
112 0 0 26,208 "112";
113 2 1 42,152 "113";
114 2 1 154,156 "114";
115 0 0 11,188 "115";
116 2 1 75,95 "116";
117 2 0 97,204 "117";
118 0 0 246,254 "118";
119 1 1 8,83 "119";
120 1 1 8,208 "120";
121 2 0 171,199 "121";
122 2 1 40,110 "122";
123 0 1 44,226 "123";
124 2 0 51,220 "124";
125 2 1 216,257 "125";
126 0 0 4,196 "126";
127 1 1 20,274 "127";
128 2 0 22,86 "128";
129 1 0 11,188 "129";
130 2 1 85,135 "130";
131 1 0 144,146 "131";
132 2 0 158,176 "132";
133 2 1 32,61 "133";
134 0 1 31,239 "134";
135 1 1 111,127 "135";
136 0 0 12,63 "136";
137 2 1 73,156 "137";
138 0 1 243,247 "138";
139 1 0 54,140 "139";
140 0 1 83,250 "140";
141 1 1 159,246 "141";
142 0 0 156,235 "142";
143 2 0 18,64 "143";
144 2 0 118,235 "144";
145 2 1 152,265 "145";
146 2 1 25,147 "146";
147 1 0 15,37 "147";
148 2 0 0,110 "148";
149 2 0 79,124 "149";
150 1 0 103,185 "150";
151 1 0 69,217 "151";
152 0 0 206,214 "152";
153 1 0 142,266 "153";
154 2 1 63,86 "154";
155 1 1 108,243 "155";
156 2 0 169,217 "156";
157 2 0 66,95 "157";
158 0 1 64,113 "158";
159 2 0 158,253 "159";
160 0 1 76,166 "160";
161 1 1 104,213 "161";
162 0 0 52,153 "162";
163 0 0 11,273 "163";
164 0 0 165,194 "164";
165 2 0 37,263 "165";
166 2 1 133,223 "166";
167 0 1 88,275 "167";
168 1 0 219,242 "168";
169 2 0 75,122 "169";
170 0 0 161,233 "170";
171 0 0 147,267 "171";
172 2 0 190,250 "172";
173 1 0 147,239 "173";
174 0 0 27,234 "174";
175 0 1 129,140 "175";
176 2 1 14,208 "176";
177 1 0 120,140 "177";
178 0 1 155,279 "178";
179 1 1 200,274 "179";
180 0 1 11,124 "180";
181 2 1 92,259 "181";
182 1 0 75,115 "182";
183 0 0 204,240 "183";
184 1 1 118,153 "184";
185 2 1 21,143 "185";
186 0 0 28,141 "186";
187 0 1 6,273 "187";
188 2 1 50,258 "188";
189 0 0 53,166 "189";
190 0 1 73,117 "190";
191 1 0 253,267 "191";
192 1 1 215,228 "192";
193 2 1 175,217 "193";
194 1 0 221,277 "194";
195 2 0 99,113 "195";
196 2 0 232,269 "196";
197 0 1 134,210 "197";
198 2 1 86,221 "198";
199 1 0 254,267 "199";
200 1 1 271,275 "200";
201 1 0 1,123 "201";
202 2 1 70,238 "202";
203 0 1 125,165 "203";
204 0 0 153,263 "204";
205 2 1 66,130 "205";
206 2 1 66,92 "206";
207 2 1 75,191 "207";
208 2 1 166,221 "208";
209 2 1 57,161 "209";
210 2 1 16,236 "210";
211 0 1 205,220 "211";
212 0 1 95,162 "212";
213 1 0 141,262 "213";
214 1 1 68,106 "214";
215 0 0 134,147 "215";
216 1 1 82,234 "216";
217 1 1 18,269 "217";
218 1 0 131,266 "218";
219 1 1 29,141 "219";
220 2 0 95,230 "220";
221 1 1 34,103 "221";
222 2 1 11,268 "222";
223 1 1 150,158 "223";
224 1 0 207,232 "224";
225 0 0 61,71 "225";
226 1 0 41,231 "226";
227 1 1 28,211 "227";
228 1 1 114,124 "228";
229 0 0 203,239 "229";
230 1 0 4,76 "230";
231 0 1 5,115 "231";
232 2 0 41,144 "232";
233 0 1 16,265 "233";
234 1 0 80,125 "234";
235 0 1 166,227 "235";
236 0 1 86,160 "236";
237 2 0 50,129 "237";
238 1 0 204,253 "238";
239 1 1 39,203 "239";
240 1 0 83,98 "240";
241 0 0 94,243 "241";
242 1 0 166,201 "242";
243 1 0 31,88 "243";
244 0 0 36,176 "244";
245 0 0 213,229 "245";
246 1 0 82,140 "246";
247 2 0 63,255 "247";
248 1 0 32,198 "248";
249 1 1 98,175 "249";
250 1 1 73,194 "250";
251 0 1 105,128 "251";
252 1 1 65,140 "252";
253 1 1 79,247 "253";
254 1 0 100,146 "254";
255 0 0 26,59 "255";
256 0 1 8,261 "256";
257 0 1 244,260 "257";
258 2 1 134,149 "258";
259 0 1 0,213 "259";
260 0 1 40,60 "260";
261 1 1 222,252 "261";
262 2 1 108,198 "262";
263 0 1 109,214 "263";
264 1 1 25,228 "264";
265 0 0 34,52 "265";
266 2 1 66,93 "266";
267 2 0 23,47 "267";
268 2 1 227,258 "268";
269 2 0 152,244 "269";
270 2 0 72,120 "270";
271 0 1 110,138 "271";
272 0 1 1,66 "272";
273 2 1 101,226 "273";
274 0 0 140,163 "274";
275 1 0 195,217 "275";
276 0 1 100,107 "276";
277 1 1 19,135 "277";
278 0 1 47,56 "278";
279 1 0 80,85 "279";
