parity 204;
0 1 0 145,171 "0";
1 0 1 108,197 "1";
2 1 1 131,165 "2";
3 2 1 35,105 "3";
4 2 0 109,135 "4";
5 0 0 78,122 "5";
6 2 0 180,199 "6";
7 1 0 25,170 "7";
8 0 1 61,82 "8";
9 0 0 124,159 "9";
10 2 0 5,65 "10";
11 0 0 19,141 "11";
12 2 0 4,53 "12";
13 0 0 8,120 "13";
14 0 0 86,116 "14";
15 2 1 112,204 "15";
16 1 1 5,21 "16";
17 2 1 13,107 "17";
18 1 1 29,60 "18";
19 2 0 149,180 "19";
20 2 1 114,124 "20";
21 1 0 146,159 "21";
22 2 0 108,122 "22";
23 1 1 123,158 "23";
24 1 1 119,151 "24";
25 1 1 15,61 "25";
26 2 1 7,22 "26";
27 2 1 37,164 "27";
28 0 0 104,122 "28";
29 2 1 31,165 "29";
30 2 1 94,202 "30";
31 0 0 138,165 "31";
32 0 1 33,147 "32";
33 0 1 37,145 "33";
34 1 0 78,141 "34";
35 2 1 21,194 "35";
36 2 1 82,141 "36";
37 1 0 40,66 "37";
38 2 1 11,189 "38";
39 2 0 120,145 "39";
40 0 1 108,166 "40";
41 2 0 131,199 "41";
42 0 0 15,134 "42";
43 2 0 72,122 "43";
44 0 1 48,54 "44";
45 2 0 13,57 "45";
46 2 1 20,155 "46";
47 2 0 19,68 "47";
48 2 0 13,78 "48";
49 1 1 105,144 "49";
50 0 0 76,197 "50";
51 0 0 0,171 "51";
52 0 1 98,116 "52";
53 0 0 118,121 "53";
54 2 0 61,169 "54";
55 2 0 93,191 "55";
56 1 0 92,132 "56";
57 2 1 184,204 "57";
58 2 0 53,62 "58";
59 2 1 190,197 "59";
60 0 1 7,45 "60";
61 0 0 79,169 "61";
62 1 1 27,176 "62";
63 1 1 78,157 "63";
64 0 0 43,51 "64";
65 1 0 13,155 "65";
66 1 1 77,157 "66";
67 1 0 5,45 "67";
68 1 0 110,162 "68";
69 2 0 12,49 "69";
70 0 1 119,155 "70";
71 0 0 57,151 "71";
72 1 1 120,137 "72";
73 0 1 15,154 "73";
74 1 0 112,119 "74";
75 0 0 64,183 "75";
76 2 1 64,188 "76";
77 2 1 106,112 "77";
78 2 1 20,167 "78";
79 1 0 54,59 "79";
80 2 1 3,180 "80";
81 2 0 27,184 "81";
82 2 0 1,143 "82";
83 2 0 26,158 "83";
84 0 1 93,182 "84";
85 2 1 134,173 "85";
86 0 0 36,179 "86";
87 2 0 10,30 "87";
88 2 0 43,145 "88";
89 1 1 152,178 "89";
90 0 1 30,123 "90";
91 1 1 47,138 "91";
92 2 0 36,143 "92";
93 2 1 30,110 "93";
94 1 1 49,64 "94";
95 0 0 8,12 "95";
96 0 0 89,191 "96";
97 2 1 83,101 "97";
98 2 0 25,32 "98";
99 0 1 152,199 "99";
100 0 1 120,168 "100";
101 2 0 41,159 "101";
102 1 1 93,124 "102";
103 0 0 79,137 "103";
104 2 0 114,140 "104";
105 2 1 43,68 "105";
106 0 1 164,176 "106";
107 1 1 120,128 "107";
108 1 0 16,178 "108";
109 1 1 63,195 "109";
110 1 0 17,146 "110";
111 0 0 41,188 "111";
112 1 1 84,89 "112";
113 2 1 105,123 "113";
114 2 0 128,153 "114";
115 2 0 81,177 "115";
116 1 1 60,148 "116";
117 2 1 95,120 "117";
118 2 0 88,95 "118";
119 0 0 162,165 "119";
120 2 1 117,164 "120";
121 1 1 92,201 "121";
122 1 0 59,131 "122";
123 1 1 158,204 "123";
124 0 1 6,33 "124";
125 2 0 111,119 "125";
126 1 0 22,41 "126";
127 2 0 3,33 "127";
128 2 0 34,62 "128";
129 0 1 48,68 "129";
130 1 1 73,90 "130";
131 0 1 32,73 "131";
132 1 0 18,23 "132";
133 2 1 12,155 "133";
134 1 0 60,109 "134";
135 2 1 4,158 "135";
136 1 1 80,202 "136";
137 2 0 84,197 "137";
138 0 0 108,139 "138";
139 1 1 88,189 "139";
140 2 1 71,158 "140";
141 1 0 95,162 "141";
142 2 1 29,128 "142";
143 2 0 110,187 "143";
144 2 0 120,132 "144";
145 0 1 28,89 "145";
146 0 1 24,28 "146";
147 1 0 162,177 "147";
148 1 0 15,120 "148";
149 1 0 5,45 "149";
150 2 0 46,200 "150";
151 0 1 118,125 "151";
152 0 0 25,68 "152";
153 1 0 3,71 "153";
154 2 0 15,202 "154";
155 0 0 3,126 "155";
156 2 0 36,159 "156";
157 1 1 22,126 "157";
158 0 0 4,202 "158";
159 0 0 122,186 "159";
160 1 1 86,143 "160";
161 2 1 19,203 "161";
162 2 1 160,174 "162";
163 1 0 146,194 "163";
164 1 1 74,136 "164";
165 0 1 61,88 "165";
166 2 1 8,97 "166";
167 2 1 40,178 "167";
168 1 1 64,196 "168";
169 2 0 23,102 "169";
170 0 1 10,55 "170";
171 0 1 26,39 "171";
172 0 0 26,95 "172";
173 1 1 159,202 "173";
174 0 1 40,54 "174";
175 2 1 55,142 "175";
176 1 1 25,72 "176";
177 1 1 38,130 "177";
178 0 0 55,83 "178";
179 2 1 133,151 "179";
180 2 1 63,175 "180";
181 1 1 130,197 "181";
182 1 0 96,135 "182";
183 1 1 83,133 "183";
184 2 1 81,136 "184";
185 2 0 66,161 "185";
186 2 1 6,110 "186";
187 0 1 140,203 "187";
188 0 1 22,176 "188";
189 2 1 73,166 "189";
190 2 1 111,120 "190";
191 0 1 103,120 "191";
192 1 0 81,140 "192";
193 0 1 71,164 "193";
194 2 0 26,188 "194";
195 0 0 3,89 "195";
196 2 1 16,186 "196";
197 0 1 12,26 "197";
198 1 0 137,169 "198";
199 0 0 57,66 "199";
200 2 0 21,192 "200";
201 1 0 114,158 "201";
202 1 0 119,165 "202";
203 1 0 120,177 "203";
204 2 1 36,53 "204";
