parity 199;
0 2 0 114,144 "0";
1 1 0 36,100 "1";
2 2 0 27,93 "2";
3 2 1 7,131 "3";
4 2 1 91,121 "4";
5 0 0 140,160 "5";
6 1 1 13,74 "6";
7 0 0 125,131 "7";
8 2 0 47,195 "8";
9 0 1 66,180 "9";
10 2 0 166,195 "10";
11 1 0 84,163 "11";
12 2 0 72,112 "12";
13 2 0 56,76 "13";
14 2 0 53,129 "14";
15 1 1 178,186 "15";
16 1 1 115,127 "16";
17 0 0 36,186 "17";
18 0 0 47,197 "18";
19 1 1 70,184 "19";
20 1 1 108,144 "20";
21 0 0 37,174 "21";
22 0 1 14,99 "22";
23 1 1 95,196 "23";
24 0 1 102,118 "24";
25 1 1 135,141 "25";
26 1 0 29,170 "26";
27 2 1 62,191 "27";
28 1 1 38,149 "28";
29 2 0 64,191 "29";
30 1 0 20,87 "30";
31 2 1 26,50 "31";
32 2 0 43,152 "32";
33 0 0 57,188 "33";
34 0 0 23,35 "34";
35 2 0 2,166 "35";
36 0 0 1,56 "36";
37 1 0 55,143 "37";
38 0 1 13,119 "38";
39 2 1 5,13 "39";
40 1 1 43,114 "40";
41 1 0 39,89 "41";
42 1 1 50,178 "42";
43 1 0 59,185 "43";
44 2 1 5,52 "44";
45 2 1 46,184 "45";
46 2 0 107,183 "46";
47 1 1 44,95 "47";
48 1 1 32,168 "48";
49 2 0 48,171 "49";
50 1 0 154,194 "50";
51 1 0 97,173 "51";
52 1 0 71,185 "52";
53 2 0 8,193 "53";
54 0 0 51,94 "54";
55 1 0 53,138 "55";
56 2 0 39,52 "56";
57 0 0 80,158 "57";
58 0 1 79,89 "58";
59 1 0 40,152 "59";
60 2 1 64,198 "60";
61 1 1 92,120 "61";
62 1 1 47,100 "62";
63 1 1 13,128 "63";
64 0 0 33,180 "64";
65 0 0 3,5 "65";
66 2 1 49,151 "66";
67 0 1 57,149 "67";
68 1 1 104,179 "68";
69 0 1 56,191 "69";
70 0 0 74,145 "70";
71 2 0 90,167 "71";
72 0 0 117,142 "72";
73 1 0 95,97 "73";
74 2 0 130,151 "74";
75 0 1 23,37 "75";
76 0 1 135,148 "76";
77 2 0 89,140 "77";
78 0 1 174,190 "78";
79 1 1 55,174 "79";
80 1 0 28,41 "80";
81 0 0 135,196 "81";
82 0 0 102,126 "82";
83 2 0 97,130 "83";
84 2 1 179,184 "84";
85 0 0 87,186 "85";
86 1 1 37,65 "86";
87 2 1 180,182 "87";
88 0 1 64,83 "88";
89 2 1 71,170 "89";
90 0 1 44,53 "90";
91 0 0 127,131 "91";
92 0 0 67,133 "92";
93 1 0 82,187 "93";
94 2 0 111,159 "94";
95 2 0 137,154 "95";
96 0 0 129,180 "96";
97 2 1 93,178 "97";
98 1 0 26,149 "98";
99 1 1 87,151 "99";
100 1 1 118,130 "100";
101 0 1 151,190 "101";
102 2 0 6,127 "102";
103 2 1 9,64 "103";
104 1 1 8,27 "104";
105 0 1 139,199 "105";
106 1 0 54,171 "106";
107 1 0 80,186 "107";
108 2 1 119,175 "108";
109 0 1 12,41 "109";
110 1 1 150,177 "110";
111 2 0 128,168 "111";
112 1 0 138,144 "112";
113 0 0 147,192 "113";
114 1 1 82,113 "114";
115 0 1 48,151 "115";
116 0 0 48,107 "116";
117 1 0 44,198 "117";
118 2 0 117,147 "118";
119 0 1 165,169 "119";
120 2 1 24,146 "120";
121 1 1 26,41 "121";
122 1 0 85,174 "122";
123 0 0 112,188 "123";
124 2 1 37,173 "124";
125 0 1 51,136 "125";
126 0 1 92,152 "126";
127 2 0 32,188 "127";
128 2 0 31,84 "128";
129 1 0 31,109 "129";
130 2 0 0,139 "130";
131 0 0 34,160 "131";
132 0 1 110,178 "132";
133 1 0 6,198 "133";
134 1 1 19,198 "134";
135 0 0 45,160 "135";
136 0 0 19,52 "136";
137 2 1 69,127 "137";
138 2 0 98,179 "138";
139 1 0 20,181 "139";
140 2 1 127,170 "140";
141 0 1 157,197 "141";
142 2 1 77,97 "142";
143 1 1 134,147 "143";
144 0 0 33,84 "144";
145 0 0 36,40 "145";
146 2 1 15,189 "146";
147 2 1 23,108 "147";
148 0 0 24,129 "148";
149 0 1 45,133 "149";
150 0 1 112,169 "150";
151 0 0 63,117 "151";
152 0 0 15,186 "152";
153 0 0 100,106 "153";
154 0 1 75,113 "154";
155 0 0 100,129 "155";
156 0 0 8,132 "156";
157 0 0 22,32 "157";
158 1 1 22,115 "158";
159 2 0 29,75 "159";
160 2 0 46,179 "160";
161 1 1 83,113 "161";
162 2 0 67,196 "162";
163 2 1 47,107 "163";
164 1 0 15,17 "164";
165 0 0 75,150 "165";
166 0 0 4,8 "166";
167 2 0 165,191 "167";
168 2 0 98,163 "168";
169 1 1 43,70 "169";
170 2 0 44,90 "170";
171 1 1 121,136 "171";
172 0 0 78,117 "172";
173 2 1 58,62 "173";
174 2 1 70,163 "174";
175 0 1 157,190 "175";
176 0 0 15,41 "176";
177 1 1 42,133 "177";
178 1 0 22,70 "178";
179 1 1 56,96 "179";
180 1 1 131,185 "180";
181 1 1 34,164 "181";
182 1 1 108,137 "182";
183 0 0 90,149 "183";
184 0 0 59,84 "184";
185 0 1 114,166 "185";
186 2 0 108,143 "186";
187 2 0 20,104 "187";
188 0 1 50,182 "188";
189 2 0 94,160 "189";
190 0 0 15,51 "190";
191 1 0 47,123 "191";
192 1 1 42,178 "192";
193 2 0 85,157 "193";
194 0 0 24,32 "194";
195 2 1 77,181 "195";
196 2 0 78,116 "196";
197 0 1 164,166 "197";
198 0 0 82,140 "198";
199 2 1 18,36 "199";
