parity 244;
0 1 1 25,119 "0";
1 2 1 9,36 "1";
2 1 0 40,204 "2";
3 2 1 80,178 "3";
4 2 0 174,225 "4";
5 2 0 9,204 "5";
6 2 1 7,9 "6";
7 1 1 152,211 "7";
8 2 0 54,186 "8";
9 0 0 7,77 "9";
10 1 0 144,162 "10";
11 2 1 113,123 "11";
12 0 0 130,228 "12";
13 2 0 31,112 "13";
14 2 0 76,139 "14";
15 0 1 95,122 "15";
16 0 1 103,198 "16";
17 2 0 207,210 "17";
18 0 0 193,224 "18";
19 0 1 61,158 "19";
20 2 0 145,231 "20";
21 2 0 127,186 "21";
22 1 0 164,209 "22";
23 1 0 93,195 "23";
24 0 0 83,180 "24";
25 1 1 23,79 "25";
26 0 1 81,122 "26";
27 2 0 45,134 "27";
28 2 1 18,65 "28";
29 0 0 41,233 "29";
30 0 0 143,241 "30";
31 1 1 13,194 "31";
32 1 1 17,94 "32";
33 2 1 208,237 "33";
34 2 0 1,18 "34";
35 0 1 207,220 "35";
36 1 1 74,113 "36";
37 1 1 39,120 "37";
38 2 0 150,207 "38";
39 1 0 10,185 "39";
40 0 1 95,240 "40";
41 2 1 195,227 "41";
42 1 0 125,242 "42";
43 1 1 131,220 "43";
44 2 1 24,171 "44";
45 1 0 39,186 "45";
46 0 1 54,61 "46";
47 2 0 145,235 "47";
48 0 0 24,117 "48";
49 0 0 125,143 "49";
50 2 1 34,125 "50";
51 0 1 96,135 "51";
52 0 1 4,195 "52";
53 2 0 204,224 "53";
54 2 0 137,156 "54";
55 0 1 68,121 "55";
56 0 0 193,220 "56";
57 1 0 155,186 "57";
58 0 1 95,163 "58";
59 1 0 184,231 "59";
60 1 1 17,174 "60";
61 1 0 219,244 "61";
62 2 1 83,136 "62";
63 1 1 189,195 "63";
64 1 1 122,201 "64";
65 1 0 32,142 "65";
66 1 1 199,241 "66";
67 0 1 6,40 "67";
68 0 1 135,166 "68";
69 0 0 14,45 "69";
70 0 0 140,196 "70";
71 2 1 49,193 "71";
72 0 0 43,203 "72";
73 0 1 21,179 "73";
74 2 1 2,200 "74";
75 1 1 225,244 "75";
76 0 1 92,213 "76";
77 1 1 32,34 "77";
78 1 1 73,88 "78";
79 2 0 1,111 "79";
80 0 0 67,137 "80";
81 0 1 75,229 "81";
82 2 0 26,108 "82";
83 0 0 75,185 "83";
84 1 0 7,27 "84";
85 1 0 154,169 "85";
86 1 1 138,139 "86";
87 0 1 113,168 "87";
88 0 1 149,157 "88";
89 1 0 4,27 "89";
90 0 0 27,212 "90";
91 2 0 59,107 "91";
92 2 0 122,158 "92";
93 2 1 191,220 "93";
94 1 0 76,167 "94";
95 1 1 72,102 "95";
96 0 0 45,122 "96";
97 0 0 111,244 "97";
98 1 1 56,170 "98";
99 2 0 95,175 "99";
100 1 0 37,211 "100";
101 1 1 110,190 "101";
102 2 0 190,195 "102";
103 0 0 77,169 "103";
104 1 1 71,122 "104";
105 0 0 64,96 "105";
106 2 0 66,157 "106";
107 2 1 30,76 "107";
108 2 0 34,221 "108";
109 1 0 153,183 "109";
110 1 0 167,244 "110";
111 0 1 101,241 "111";
112 0 1 100,191 "112";
113 2 1 221,225 "113";
114 2 0 53,198 "114";
115 0 1 29,57 "115";
116 1 0 75,185 "116";
117 2 1 62,240 "117";
118 0 0 136,177 "118";
119 1 1 100,203 "119";
120 1 1 124,136 "120";
121 1 0 68,88 "121";
122 2 1 22,90 "122";
123 0 0 160,186 "123";
124 0 0 40,206 "124";
125 0 1 11,127 "125";
126 0 1 15,243 "126";
127 1 0 27,215 "127";
128 1 0 184,242 "128";
129 2 0 31,182 "129";
130 0 1 141,222 "130";
131 2 1 16,91 "131";
132 0 1 59,84 "132";
133 2 0 81,97 "133";
134 0 0 214,226 "134";
135 0 1 81,145 "135";
136 2 0 181,233 "136";
137 2 0 178,228 "137";
138 2 1 176,232 "138";
139 1 1 83,94 "139";
140 2 0 162,238 "140";
141 2 0 129,204 "141";
142 1 0 42,149 "142";
143 1 1 68,157 "143";
144 1 1 68,148 "144";
145 1 1 53,191 "145";
146 0 0 74,120 "146";
147 0 0 36,149 "147";
148 0 1 138,172 "148";
149 1 1 0,148 "149";
150 1 1 85,132 "150";
151 0 0 107,117 "151";
152 2 0 94,215 "152";
153 0 0 12,191 "153";
154 2 1 2,51 "154";
155 2 0 177,217 "155";
156 0 0 30,209 "156";
157 2 0 191,218 "157";
158 0 0 95,113 "158";
159 1 1 183,185 "159";
160 0 1 1,92 "160";
161 0 1 18,23 "161";
162 2 0 56,161 "162";
163 1 0 67,229 "163";
164 0 1 147,203 "164";
165 2 1 202,235 "165";
166 2 1 62,99 "166";
167 1 1 52,101 "167";
168 0 1 3,109 "168";
169 0 0 79,165 "169";
170 1 0 76,141 "170";
171 1 1 138,147 "171";
172 1 0 116,128 "172";
173 0 0 12,18 "173";
174 1 1 21,65 "174";
175 0 0 68,125 "175";
176 2 1 116,156 "176";
177 2 0 161,210 "177";
178 0 1 180,189 "178";
179 1 1 94,105 "179";
180 2 0 56,144 "180";
181 1 0 21,49 "181";
182 2 0 11,90 "182";
183 2 1 29,124 "183";
184 0 0 50,82 "184";
185 2 1 121,206 "185";
186 2 1 92,215 "186";
187 0 1 22,205 "187";
188 1 1 143,221 "188";
189 0 0 54,141 "189";
190 0 1 31,67 "190";
191 0 1 110,221 "191";
192 2 0 203,206 "192";
193 0 0 122,225 "193";
194 0 1 99,144 "194";
195 0 1 190,235 "195";
196 1 0 27,51 "196";
197 1 0 135,190 "197";
198 1 0 10,123 "198";
199 1 1 123,124 "199";
200 1 1 96,198 "200";
201 1 1 110,137 "201";
202 1 0 6,126 "202";
203 1 0 94,214 "203";
204 1 0 1,163 "204";
205 1 0 31,224 "205";
206 2 1 132,242 "206";
207 0 1 9,90 "207";
208 2 1 9,161 "208";
209 1 1 118,224 "209";
210 2 1 106,132 "210";
211 1 0 97,230 "211";
212 1 0 92,108 "212";
213 1 0 94,96 "213";
214 0 0 191,193 "214";
215 0 0 61,120 "215";
216 2 0 118,175 "216";
217 0 0 230,232 "217";
218 0 1 101,178 "218";
219 0 1 55,101 "219";
220 1 1 16,81 "220";
221 2 1 120,193 "221";
222 2 1 42,193 "222";
223 0 0 94,195 "223";
224 2 0 18,119 "224";
225 1 1 4,150 "225";
226 1 0 199,228 "226";
227 1 1 51,196 "227";
228 1 0 28,118 "228";
229 2 1 35,53 "229";
230 0 1 18,119 "230";
231 2 0 165,187 "231";
232 2 1 21,192 "232";
233 2 0 103,235 "233";
234 1 0 211,220 "234";
235 1 1 153,164 "235";
236 2 1 111,234 "236";
237 2 1 146,232 "237";
238 1 0 88,214 "238";
239 1 0 72,221 "239";
240 2 1 117,144 "240";
241 0 1 127,174 "241";
242 0 1 1,228 "242";
243 2 1 13,50 "243";
244 1 1 196,204 "244";
