parity 229;
0 0 1 16,24 "0";
1 0 1 92,206 "1";
2 0 1 47,78 "2";
3 2 0 88,168 "3";
4 2 1 79,162 "4";
5 2 1 75,175 "5";
6 1 1 78,111 "6";
7 1 1 86,122 "7";
8 0 0 18,167 "8";
9 2 1 166,201 "9";
10 1 0 1,205 "10";
11 1 1 167,205 "11";
12 0 0 54,122 "12";
13 0 1 162,174 "13";
14 0 1 192,200 "14";
15 0 0 99,141 "15";
16 0 0 50,52 "16";
17 0 0 48,103 "17";
18 0 0 12,116 "18";
19 2 1 71,119 "19";
20 1 0 144,175 "20";
21 2 1 100,115 "21";
22 0 0 26,37 "22";
23 1 1 155,166 "23";
24 0 1 56,58 "24";
25 2 0 34,118 "25";
26 0 1 85,134 "26";
27 0 1 114,164 "27";
28 1 1 91,158 "28";
29 1 0 172,186 "29";
30 1 0 135,175 "30";
31 0 1 32,78 "31";
32 2 1 3,162 "32";
33 2 0 27,148 "33";
34 0 1 23,92 "34";
35 0 1 6,224 "35";
36 2 1 102,177 "36";
37 2 0 119,170 "37";
38 1 0 95,197 "38";
39 2 1 118,166 "39";
40 2 0 206,209 "40";
41 1 0 80,177 "41";
42 0 0 118,134 "42";
43 0 1 130,165 "43";
44 0 0 122,186 "44";
45 0 0 34,82 "45";
46 2 0 162,213 "46";
47 1 0 26,220 "47";
48 0 0 58,174 "48";
49 1 1 29,170 "49";
50 0 0 40,83 "50";
51 1 0 54,69 "51";
52 0 1 117,183 "52";
53 0 0 116,132 "53";
54 0 0 74,135 "54";
55 1 1 62,71 "55";
56 0 1 83,99 "56";
57 2 1 44,52 "57";
58 1 0 18,209 "58";
59 2 0 36,182 "59";
60 0 0 163,172 "60";
61 0 1 143,144 "61";
62 0 0 165,170 "62";
63 2 1 119,169 "63";
64 2 1 38,150 "64";
65 0 0 60,119 "65";
66 2 1 11,57 "66";
67 1 1 181,226 "67";
68 0 1 192,214 "68";
69 2 1 61,99 "69";
70 0 0 187,220 "70";
71 2 1 2,55 "71";
72 2 0 139,208 "72";
73 2 0 125,158 "73";
74 0 1 61,140 "74";
75 1 0 148,219 "75";
76 1 0 1,77 "76";
77 2 1 39,74 "77";
78 0 1 126,136 "78";
79 0 1 65,150 "79";
80 2 1 72,168 "80";
81 2 1 16,139 "81";
82 2 0 1,4 "82";
83 0 1 25,165 "83";
84 2 0 29,32 "84";
85 2 1 132,205 "85";
86 0 0 61,179 "86";
87 2 1 100,195 "87";
88 1 0 23,75 "88";
89 0 0 69,114 "89";
90 1 0 180,188 "90";
91 0 0 31,78 "91";
92 1 0 86,98 "92";
93 1 1 129,206 "93";
94 0 1 48,207 "94";
95 0 1 25,143 "95";
96 2 0 170,209 "96";
97 0 1 77,93 "97";
98 1 1 77,197 "98";
99 0 0 184,212 "99";
100 2 0 54,75 "100";
101 1 1 2,206 "101";
102 2 1 56,205 "102";
103 1 0 164,180 "103";
104 1 0 53,65 "104";
105 0 1 3,224 "105";
106 1 1 59,225 "106";
107 2 0 180,181 "107";
108 1 1 49,76 "108";
109 0 0 35,155 "109";
110 0 1 46,207 "110";
111 1 1 29,57 "111";
112 1 0 35,226 "112";
113 0 0 7,24 "113";
114 1 1 132,222 "114";
115 2 1 41,89 "115";
116 2 1 209,227 "116";
117 0 1 24,158 "117";
118 1 1 166,177 "118";
119 0 0 98,125 "119";
120 0 0 64,152 "120";
121 0 1 95,182 "121";
122 1 1 53,64 "122";
123 2 0 139,193 "123";
124 0 1 48,182 "124";
125 1 1 82,116 "125";
126 0 1 18,72 "126";
127 0 0 53,170 "127";
128 0 0 30,96 "128";
129 1 0 92,94 "129";
130 0 0 104,148 "130";
131 1 1 44,148 "131";
132 1 1 167,168 "132";
133 0 1 114,143 "133";
134 0 1 1,145 "134";
135 1 0 52,199 "135";
136 0 1 2,229 "136";
137 1 1 62,179 "137";
138 2 0 48,115 "138";
139 2 0 16,96 "139";
140 1 1 8,213 "140";
141 2 0 21,124 "141";
142 0 0 55,158 "142";
143 0 1 123,162 "143";
144 2 1 98,164 "144";
145 0 1 96,208 "145";
146 0 0 35,37 "146";
147 1 0 20,153 "147";
148 2 1 125,159 "148";
149 1 1 8,55 "149";
150 0 0 114,190 "150";
151 0 1 115,224 "151";
152 0 1 55,161 "152";
153 0 0 79,170 "153";
154 2 0 24,53 "154";
155 1 1 119,180 "155";
156 2 1 16,57 "156";
157 2 0 159,211 "157";
158 2 1 83,197 "158";
159 0 0 14,66 "159";
160 2 1 43,79 "160";
161 2 0 5,154 "161";
162 1 1 10,144 "162";
163 0 1 85,149 "163";
164 1 1 54,141 "164";
165 0 1 66,101 "165";
166 1 1 1,89 "166";
167 2 0 86,219 "167";
168 1 0 73,116 "168";
169 0 1 177,224 "169";
170 1 0 83,207 "170";
171 2 1 70,188 "171";
172 2 1 82,102 "172";
173 0 0 91,97 "173";
174 1 0 20,44 "174";
175 0 1 48,95 "175";
176 2 0 32,158 "176";
177 0 1 48,72 "177";
178 0 1 79,129 "178";
179 1 0 109,165 "179";
180 1 0 26,206 "180";
181 1 0 79,88 "181";
182 1 0 148,220 "182";
183 1 0 157,159 "183";
184 0 1 4,33 "184";
185 2 0 91,153 "185";
186 2 1 74,159 "186";
187 2 1 16,167 "187";
188 0 1 191,229 "188";
189 0 0 9,121 "189";
190 2 0 180,206 "190";
191 2 0 67,95 "191";
192 0 0 9,204 "192";
193 1 0 164,215 "193";
194 2 1 40,128 "194";
195 0 0 48,125 "195";
196 0 0 31,113 "196";
197 0 0 105,177 "197";
198 1 0 48,228 "198";
199 0 1 64,214 "199";
200 1 1 57,97 "200";
201 0 0 10,25 "201";
202 1 0 72,107 "202";
203 0 0 122,205 "203";
204 1 0 113,222 "204";
205 1 1 71,192 "205";
206 2 1 56,222 "206";
207 2 0 35,131 "207";
208 2 0 28,110 "208";
209 1 0 116,211 "209";
210 1 1 64,98 "210";
211 0 0 136,181 "211";
212 0 0 88,219 "212";
213 1 0 85,142 "213";
214 0 0 3,143 "214";
215 2 1 108,161 "215";
216 1 0 35,198 "216";
217 2 1 6,173 "217";
218 1 0 127,228 "218";
219 1 1 15,114 "219";
220 2 1 44,124 "220";
221 1 1 20,38 "221";
222 0 1 105,209 "222";
223 1 0 49,95 "223";
224 2 1 147,211 "224";
225 1 1 26,97 "225";
226 0 0 152,228 "226";
227 1 1 22,56 "227";
228 0 0 152,167 "228";
229 1 0 43,177 "229";
