parity 204;
0 2 1 2,14 "0";
1 2 1 98,99 "1";
2 1 1 96,101 "2";
3 1 1 1,184 "3";
4 2 1 55,130 "4";
5 0 0 66,167 "5";
6 0 1 77,118 "6";
7 2 1 29,162 "7";
8 2 0 25,127 "8";
9 2 0 35,43 "9";
10 1 0 12,186 "10";
11 0 1 67,88 "11";
12 1 0 157,175 "12";
13 1 0 2,8 "13";
14 0 0 109,162 "14";
15 2 0 50,185 "15";
16 1 1 57,60 "16";
17 1 0 193,204 "17";
18 0 1 114,123 "18";
19 1 0 128,200 "19";
20 0 0 149,196 "20";
21 0 1 62,166 "21";
22 2 0 4,192 "22";
23 0 1 52,164 "23";
24 0 1 129,161 "24";
25 1 0 2,188 "25";
26 0 1 194,199 "26";
27 2 1 20,202 "27";
28 1 0 152,191 "28";
29 2 0 165,179 "29";
30 0 1 84,141 "30";
31 1 1 77,153 "31";
32 2 1 58,156 "32";
33 1 0 24,75 "33";
34 1 0 59,195 "34";
35 1 1 4,187 "35";
36 0 0 2,126 "36";
37 1 0 6,26 "37";
38 1 1 138,165 "38";
39 1 0 143,185 "39";
40 2 0 103,169 "40";
41 1 1 46,172 "41";
42 2 0 62,202 "42";
43 0 0 40,81 "43";
44 0 0 68,148 "44";
45 1 0 38,175 "45";
46 2 0 29,193 "46";
47 2 0 48,136 "47";
48 0 1 87,114 "48";
49 2 1 13,183 "49";
50 2 1 12,87 "50";
51 0 0 94,142 "51";
52 2 1 149,160 "52";
53 1 0 11,117 "53";
54 0 1 86,154 "54";
55 0 1 129,167 "55";
56 2 1 132,187 "56";
57 1 0 2,192 "57";
58 0 0 71,77 "58";
59 0 0 60,83 "59";
60 1 0 157,183 "60";
61 0 1 56,132 "61";
62 1 1 28,153 "62";
63 0 0 25,136 "63";
64 1 0 82,131 "64";
65 2 0 92,100 "65";
66 1 1 82,104 "66";
67 1 0 31,123 "67";
68 1 1 114,168 "68";
69 0 1 6,85 "69";
70 0 1 7,179 "70";
71 1 0 77,164 "71";
72 0 0 14,114 "72";
73 0 0 169,184 "73";
74 0 1 62,193 "74";
75 2 1 44,126 "75";
76 0 0 149,200 "76";
77 0 1 124,172 "77";
78 2 1 90,137 "78";
79 2 0 67,80 "79";
80 0 0 0,153 "80";
81 1 1 132,171 "81";
82 1 0 110,156 "82";
83 0 1 79,142 "83";
84 0 0 145,153 "84";
85 1 0 52,56 "85";
86 2 1 44,133 "86";
87 1 0 53,116 "87";
88 2 1 113,120 "88";
89 1 1 156,176 "89";
90 1 1 103,137 "90";
91 0 0 0,183 "91";
92 2 1 143,184 "92";
93 2 1 4,188 "93";
94 1 0 77,179 "94";
95 1 0 0,124 "95";
96 0 0 60,71 "96";
97 2 0 106,175 "97";
98 1 1 160,178 "98";
99 2 1 89,180 "99";
100 1 1 117,131 "100";
101 0 0 103,199 "101";
102 2 0 94,145 "102";
103 2 0 113,140 "103";
104 2 0 51,165 "104";
105 1 1 46,132 "105";
106 1 0 31,120 "106";
107 2 1 30,65 "107";
108 2 1 150,201 "108";
109 0 1 28,196 "109";
110 1 1 26,163 "110";
111 2 0 140,160 "111";
112 1 0 28,135 "112";
113 2 1 48,175 "113";
114 0 0 142,153 "114";
115 1 0 157,193 "115";
116 1 0 4,181 "116";
117 2 0 28,74 "117";
118 1 0 76,93 "118";
119 1 1 118,129 "119";
120 1 0 22,191 "120";
121 1 0 62,161 "121";
122 2 1 76,116 "122";
123 2 0 68,163 "123";
124 1 1 46,172 "124";
125 0 0 21,141 "125";
126 1 0 57,162 "126";
127 1 1 29,44 "127";
128 1 0 29,98 "128";
129 0 0 32,41 "129";
130 0 0 102,179 "130";
131 2 1 43,72 "131";
132 2 0 102,177 "132";
133 1 1 24,95 "133";
134 1 1 19,140 "134";
135 1 1 124,163 "135";
136 0 1 38,48 "136";
137 2 1 128,189 "137";
138 2 1 15,94 "138";
139 2 1 42,124 "139";
140 0 1 59,165 "140";
141 2 0 90,99 "141";
142 2 0 155,175 "142";
143 0 0 170,192 "143";
144 0 0 74,118 "144";
145 0 0 11,182 "145";
146 0 1 42,122 "146";
147 0 0 8,44 "147";
148 2 0 154,164 "148";
149 1 0 2,56 "149";
150 0 0 77,168 "150";
151 1 0 108,155 "151";
152 1 1 20,199 "152";
153 2 1 89,97 "153";
154 1 0 105,120 "154";
155 1 0 138,174 "155";
156 0 0 97,144 "156";
157 0 0 26,122 "157";
158 0 1 2,88 "158";
159 1 0 48,197 "159";
160 2 1 129,192 "160";
161 0 0 7,96 "161";
162 1 0 47,199 "162";
163 2 1 141,186 "163";
164 2 1 184,187 "164";
165 0 0 167,196 "165";
166 1 0 182,185 "166";
167 0 1 30,135 "167";
168 0 1 103,156 "168";
169 2 0 5,67 "169";
170 0 1 30,105 "170";
171 2 1 41,154 "171";
172 1 0 80,159 "172";
173 2 0 36,62 "173";
174 1 0 63,94 "174";
175 0 0 136,190 "175";
176 2 0 95,164 "176";
177 1 1 43,103 "177";
178 0 0 1,195 "178";
179 0 1 139,141 "179";
180 0 1 90,130 "180";
181 0 0 46,138 "181";
182 2 1 32,114 "182";
183 2 0 81,137 "183";
184 0 0 62,166 "184";
185 1 0 36,114 "185";
186 2 1 17,159 "186";
187 0 0 99,113 "187";
188 0 0 25,135 "188";
189 1 0 126,158 "189";
190 0 1 109,185 "190";
191 1 1 45,79 "191";
192 2 1 18,64 "192";
193 1 0 40,93 "193";
194 2 0 106,197 "194";
195 0 0 99,149 "195";
196 1 1 102,136 "196";
197 0 0 33,62 "197";
198 0 1 75,131 "198";
199 2 1 54,78 "199";
200 1 0 123,203 "200";
201 2 1 129,145 "201";
202 0 1 56,181 "202";
203 2 1 4,108 "203";
204 1 1 105,168 "204";
