parity 254;
0 0 0 113,152 "0";
1 2 1 92,219 "1";
2 2 0 117,163 "2";
3 0 0 80,100 "3";
4 1 0 20,110 "4";
5 2 1 144,240 "5";
6 0 1 16,166 "6";
7 1 1 28,71 "7";
8 2 0 154,190 "8";
9 0 0 37,76 "9";
10 1 1 104,205 "10";
11 2 0 84,234 "11";
12 1 0 9,173 "12";
13 2 0 179,187 "13";
14 0 1 58,118 "14";
15 0 0 81,146 "15";
16 2 1 0,90 "16";
17 1 0 38,146 "17";
18 1 1 37,214 "18";
19 1 1 90,123 "19";
20 2 1 159,192 "20";
21 2 1 74,241 "21";
22 1 1 127,163 "22";
23 2 1 17,64 "23";
24 0 0 73,189 "24";
25 2 0 118,191 "25";
26 2 1 93,169 "26";
27 1 1 75,211 "27";
28 1 0 71,200 "28";
29 1 0 57,98 "29";
30 2 1 191,238 "30";
31 2 0 55,254 "31";
32 0 1 160,242 "32";
33 2 0 126,221 "33";
34 1 1 176,253 "34";
35 1 0 36,245 "35";
36 1 1 87,128 "36";
37 0 0 135,153 "37";
38 0 1 14,235 "38";
39 0 1 152,209 "39";
40 1 0 59,96 "40";
41 2 1 1,63 "41";
42 0 0 124,185 "42";
43 1 1 138,183 "43";
44 0 1 140,176 "44";
45 0 0 64,75 "45";
46 2 0 92,124 "46";
47 2 1 54,129 "47";
48 0 0 4,53 "48";
49 1 0 69,119 "49";
50 2 1 65,173 "50";
51 2 1 158,182 "51";
52 1 1 184,249 "52";
53 1 0 26,153 "53";
54 1 0 22,38 "54";
55 1 1 208,242 "55";
56 1 1 43,139 "56";
57 0 1 18,81 "57";
58 1 1 88,166 "58";
59 0 0 18,200 "59";
60 2 0 2,199 "60";
61 1 1 81,203 "61";
62 0 1 180,202 "62";
63 0 1 9,160 "63";
64 1 1 114,171 "64";
65 2 1 71,85 "65";
66 0 0 230,254 "66";
67 1 1 7,207 "67";
68 0 1 173,242 "68";
69 1 1 70,145 "69";
70 1 0 110,159 "70";
71 2 0 14,175 "71";
72 1 0 216,222 "72";
73 1 0 69,197 "73";
74 2 0 50,226 "74";
75 1 1 3,97 "75";
76 1 1 142,194 "76";
77 1 1 137,174 "77";
78 1 0 127,224 "78";
79 2 1 16,57 "79";
80 0 0 163,218 "80";
81 0 0 42,181 "81";
82 0 1 68,200 "82";
83 2 0 62,148 "83";
84 1 0 112,193 "84";
85 2 0 59,242 "85";
86 0 0 9,49 "86";
87 0 0 146,163 "87";
88 2 1 219,242 "88";
89 1 0 74,214 "89";
90 0 1 37,151 "90";
91 2 0 11,135 "91";
92 0 1 9,91 "92";
93 0 1 6,135 "93";
94 0 1 112,254 "94";
95 1 0 31,115 "95";
96 2 1 180,208 "96";
97 1 0 143,159 "97";
98 1 0 173,215 "98";
99 0 0 36,242 "99";
100 0 0 117,158 "100";
101 2 0 68,167 "101";
102 0 0 17,219 "102";
103 0 1 65,249 "103";
104 0 1 52,154 "104";
105 0 1 98,148 "105";
106 1 1 0,17 "106";
107 0 0 124,136 "107";
108 2 0 192,204 "108";
109 2 1 25,129 "109";
110 0 0 189,252 "110";
111 2 0 9,168 "111";
112 2 0 68,117 "112";
113 0 1 107,132 "113";
114 1 1 42,187 "114";
115 0 1 180,247 "115";
116 1 0 139,254 "116";
117 0 0 12,227 "117";
118 1 1 206,251 "118";
119 2 1 56,74 "119";
120 2 1 67,115 "120";
121 0 0 223,225 "121";
122 1 1 51,131 "122";
123 2 1 124,136 "123";
124 2 1 126,174 "124";
125 1 0 5,221 "125";
126 2 0 6,41 "126";
127 1 1 35,108 "127";
128 0 0 143,146 "128";
129 2 1 59,132 "129";
130 1 0 77,230 "130";
131 0 0 0,77 "131";
132 1 0 54,231 "132";
133 2 1 86,136 "133";
134 2 0 5,13 "134";
135 1 0 126,186 "135";
136 1 0 125,251 "136";
137 0 1 40,200 "137";
138 0 0 184,206 "138";
139 2 0 63,69 "139";
140 0 1 101,136 "140";
141 2 0 101,154 "141";
142 2 0 72,131 "142";
143 1 1 103,219 "143";
144 2 0 59,74 "144";
145 1 0 118,253 "145";
146 2 1 32,237 "146";
147 0 0 24,177 "147";
148 1 1 60,215 "148";
149 1 1 54,78 "149";
150 2 0 126,186 "150";
151 0 1 177,202 "151";
152 0 0 58,127 "152";
153 1 0 37,111 "153";
154 2 0 24,141 "154";
155 1 1 109,137 "155";
156 1 0 34,126 "156";
157 1 0 22,150 "157";
158 2 1 125,127 "158";
159 1 1 113,152 "159";
160 0 1 84,239 "160";
161 0 1 83,135 "161";
162 2 0 91,224 "162";
163 1 1 22,186 "163";
164 0 1 163,246 "164";
165 1 0 157,220 "165";
166 2 0 10,44 "166";
167 1 1 45,170 "167";
168 0 1 74,246 "168";
169 1 0 37,57 "169";
170 0 0 12,148 "170";
171 0 1 11,142 "171";
172 0 1 81,127 "172";
173 0 0 122,137 "173";
174 0 1 85,140 "174";
175 2 0 137,245 "175";
176 2 0 26,232 "176";
177 1 1 21,56 "177";
178 1 0 46,251 "178";
179 1 1 30,114 "179";
180 2 1 65,186 "180";
181 0 1 31,145 "181";
182 2 1 26,212 "182";
183 2 1 216,226 "183";
184 1 0 92,227 "184";
185 0 1 102,214 "185";
186 2 1 55,151 "186";
187 2 1 92,165 "187";
188 2 0 47,52 "188";
189 0 1 1,160 "189";
190 2 1 2,250 "190";
191 2 0 33,39 "191";
192 0 0 37,182 "192";
193 2 0 78,93 "193";
194 0 0 22,82 "194";
195 1 1 94,175 "195";
196 0 1 87,216 "196";
197 1 1 54,94 "197";
198 1 1 245,246 "198";
199 2 0 125,250 "199";
200 2 1 66,83 "200";
201 2 0 89,163 "201";
202 1 0 144,164 "202";
203 1 1 25,190 "203";
204 2 0 83,187 "204";
205 2 0 60,125 "205";
206 2 0 121,242 "206";
207 1 0 16,124 "207";
208 0 1 27,228 "208";
209 0 1 90,181 "209";
210 2 0 101,232 "210";
211 0 1 53,251 "211";
212 0 0 0,174 "212";
213 2 0 179,199 "213";
214 1 1 41,131 "214";
215 2 0 30,174 "215";
216 0 1 37,150 "216";
217 2 1 40,95 "217";
218 1 1 86,211 "218";
219 1 0 221,227 "219";
220 2 0 90,101 "220";
221 1 0 91,175 "221";
222 2 0 188,204 "222";
223 1 0 137,240 "223";
224 2 1 54,180 "224";
225 2 0 8,22 "225";
226 0 1 53,220 "226";
227 2 0 124,129 "227";
228 0 0 2,245 "228";
229 2 0 71,235 "229";
230 2 1 69,157 "230";
231 2 0 13,165 "231";
232 1 1 91,141 "232";
233 1 1 102,164 "233";
234 1 1 139,149 "234";
235 1 0 6,160 "235";
236 0 1 19,208 "236";
237 0 0 59,67 "237";
238 0 1 196,220 "238";
239 1 0 128,197 "239";
240 0 1 9,114 "240";
241 0 1 75,235 "241";
242 2 1 93,184 "242";
243 1 1 113,200 "243";
244 1 1 45,188 "244";
245 1 1 57,220 "245";
246 0 0 16,20 "246";
247 2 1 216,232 "247";
248 0 1 129,160 "248";
249 2 0 79,143 "249";
250 0 1 4,174 "250";
251 1 0 146,229 "251";
252 0 1 66,135 "252";
253 1 1 5,190 "253";
254 0 1 111,119 "254";
