parity 229;
0 2 0 183,218 "0";
1 2 1 144,186 "1";
2 0 1 14,132 "2";
3 0 0 77,115 "3";
4 1 0 44,219 "4";
5 1 1 0,25 "5";
6 0 1 49,101 "6";
7 2 1 24,193 "7";
8 2 0 4,98 "8";
9 1 0 32,96 "9";
10 2 1 85,227 "10";
11 1 0 103,207 "11";
12 0 0 4,9 "12";
13 1 0 64,163 "13";
14 1 0 50,119 "14";
15 1 1 146,201 "15";
16 2 1 5,19 "16";
17 0 0 99,203 "17";
18 0 1 131,209 "18";
19 0 1 92,169 "19";
20 0 1 34,90 "20";
21 1 0 48,65 "21";
22 2 1 42,224 "22";
23 2 1 12,112 "23";
24 1 1 72,106 "24";
25 2 1 180,218 "25";
26 0 1 4,180 "26";
27 1 0 53,211 "27";
28 2 0 22,229 "28";
29 2 1 173,221 "29";
30 0 0 44,212 "30";
31 0 1 40,211 "31";
32 0 0 68,127 "32";
33 1 1 144,205 "33";
34 1 1 118,178 "34";
35 1 0 23,227 "35";
36 2 0 207,214 "36";
37 1 0 102,161 "37";
38 0 1 186,222 "38";
39 1 1 24,167 "39";
40 1 0 48,169 "40";
41 0 1 49,120 "41";
42 1 1 23,71 "42";
43 2 1 159,178 "43";
44 2 0 196,199 "44";
45 2 0 142,171 "45";
46 0 1 79,124 "46";
47 1 0 97,134 "47";
48 1 1 8,167 "48";
49 2 1 116,216 "49";
50 2 0 143,176 "50";
51 2 1 84,118 "51";
52 1 1 97,172 "52";
53 1 1 18,165 "53";
54 2 1 89,115 "54";
55 2 1 68,191 "55";
56 1 0 96,165 "56";
57 2 1 38,163 "57";
58 2 0 135,202 "58";
59 0 0 26,210 "59";
60 0 0 143,213 "60";
61 0 1 12,211 "61";
62 1 0 51,69 "62";
63 0 0 163,218 "63";
64 0 1 70,148 "64";
65 0 1 24,103 "65";
66 2 0 90,105 "66";
67 1 1 108,127 "67";
68 0 0 0,158 "68";
69 2 0 135,162 "69";
70 1 1 172,182 "70";
71 1 1 7,34 "71";
72 1 0 79,103 "72";
73 1 1 30,178 "73";
74 0 0 153,215 "74";
75 1 1 1,18 "75";
76 0 1 52,193 "76";
77 1 1 134,138 "77";
78 1 1 178,218 "78";
79 1 0 38,98 "79";
80 1 0 98,129 "80";
81 2 0 83,199 "81";
82 2 1 86,208 "82";
83 0 0 56,213 "83";
84 1 1 53,135 "84";
85 0 0 28,147 "85";
86 1 0 97,108 "86";
87 0 0 143,191 "87";
88 1 1 1,18 "88";
89 2 0 44,87 "89";
90 0 1 51,101 "90";
91 1 0 44,181 "91";
92 1 0 65,85 "92";
93 2 1 64,169 "93";
94 0 1 8,116 "94";
95 1 1 162,221 "95";
96 2 1 79,99 "96";
97 2 0 22,58 "97";
98 2 1 22,228 "98";
99 1 0 65,217 "99";
100 1 0 52,160 "100";
101 0 0 14,33 "101";
102 1 1 100,143 "102";
103 2 1 88,96 "103";
104 0 1 190,200 "104";
105 2 0 168,225 "105";
106 2 1 43,105 "106";
107 2 1 93,180 "107";
108 1 1 101,159 "108";
109 0 0 63,95 "109";
110 2 1 41,44 "110";
111 0 1 97,163 "111";
112 2 1 145,162 "112";
113 2 0 91,225 "113";
114 1 0 33,198 "114";
115 0 1 24,180 "115";
116 1 1 44,161 "116";
117 0 0 194,214 "117";
118 1 1 33,210 "118";
119 2 0 161,193 "119";
120 1 0 136,222 "120";
121 0 1 68,223 "121";
122 1 1 36,117 "122";
123 1 1 109,184 "123";
124 0 1 79,97 "124";
125 1 0 48,169 "125";
126 2 0 16,145 "126";
127 2 0 112,201 "127";
128 0 0 108,136 "128";
129 0 0 0,225 "129";
130 0 1 28,179 "130";
131 0 1 184,218 "131";
132 1 1 34,146 "132";
133 2 1 5,16 "133";
134 0 1 23,120 "134";
135 1 0 87,200 "135";
136 1 0 115,117 "136";
137 0 1 12,198 "137";
138 0 0 15,148 "138";
139 1 1 65,122 "139";
140 0 1 43,115 "140";
141 1 0 6,178 "141";
142 2 1 10,79 "142";
143 1 1 120,184 "143";
144 0 1 30,77 "144";
145 2 0 88,130 "145";
146 1 0 121,131 "146";
147 1 0 40,73 "147";
148 0 1 30,62 "148";
149 0 0 100,123 "149";
150 0 1 71,199 "150";
151 1 1 23,200 "151";
152 1 0 1,128 "152";
153 2 1 101,119 "153";
154 1 1 66,183 "154";
155 1 1 149,162 "155";
156 2 1 113,169 "156";
157 1 1 33,101 "157";
158 2 1 73,85 "158";
159 1 1 139,195 "159";
160 0 1 175,188 "160";
161 0 1 126,134 "161";
162 0 0 86,137 "162";
163 2 0 51,170 "163";
164 2 0 211,215 "164";
165 0 0 46,155 "165";
166 0 1 58,119 "166";
167 1 1 58,73 "167";
168 0 1 26,188 "168";
169 2 1 106,133 "169";
170 0 1 124,225 "170";
171 0 1 35,222 "171";
172 0 1 76,186 "172";
173 1 0 58,204 "173";
174 1 0 157,196 "174";
175 2 0 39,97 "175";
176 2 0 49,158 "176";
177 2 1 153,214 "177";
178 0 1 69,157 "178";
179 1 1 24,130 "179";
180 2 1 69,134 "180";
181 1 1 163,178 "181";
182 2 0 49,54 "182";
183 2 0 42,169 "183";
184 0 0 51,165 "184";
185 0 0 80,104 "185";
186 0 1 1,83 "186";
187 1 1 106,163 "187";
188 2 0 56,216 "188";
189 1 1 21,208 "189";
190 1 0 69,198 "190";
191 0 0 50,158 "191";
192 2 0 25,162 "192";
193 0 0 118,213 "193";
194 2 0 4,62 "194";
195 2 0 80,107 "195";
196 2 0 61,173 "196";
197 2 0 51,126 "197";
198 0 0 47,187 "198";
199 2 1 104,158 "199";
200 0 1 47,106 "200";
201 0 0 74,204 "201";
202 0 0 171,220 "202";
203 1 1 150,211 "203";
204 2 1 164,178 "204";
205 2 0 36,170 "205";
206 1 1 185,215 "206";
207 0 0 146,155 "207";
208 1 0 2,136 "208";
209 2 0 21,29 "209";
210 1 0 37,49 "210";
211 1 0 49,84 "211";
212 1 1 67,79 "212";
213 1 0 80,145 "213";
214 2 1 57,122 "214";
215 0 1 69,199 "215";
216 2 0 3,207 "216";
217 0 0 14,172 "217";
218 2 1 12,161 "218";
219 0 0 59,83 "219";
220 0 1 63,150 "220";
221 0 0 74,118 "221";
222 1 0 86,121 "222";
223 0 1 18,207 "223";
224 2 0 84,190 "224";
225 1 1 124,193 "225";
226 0 0 37,42 "226";
227 0 1 60,225 "227";
228 0 0 36,135 "228";
229 0 1 97,219 "229";
