parity 284;
0 0 1 8,138 "0";
1 1 0 65,219 "1";
2 1 1 88,180 "2";
3 2 1 216,252 "3";
4 1 0 83,233 "4";
5 1 0 105,240 "5";
6 1 0 124,272 "6";
7 1 1 4,204 "7";
8 2 0 118,269 "8";
9 2 1 73,215 "9";
10 2 0 184,271 "10";
11 0 1 42,189 "11";
12 1 0 0,263 "12";
13 1 0 6,124 "13";
14 1 1 129,170 "14";
15 0 0 147,163 "15";
16 1 1 81,85 "16";
17 0 0 107,112 "17";
18 2 0 62,89 "18";
19 2 0 96,187 "19";
20 0 0 13,242 "20";
21 1 0 212,226 "21";
22 1 0 122,232 "22";
23 0 0 127,191 "23";
24 0 1 173,182 "24";
25 0 0 19,242 "25";
26 0 1 96,176 "26";
27 2 1 24,282 "27";
28 2 0 54,164 "28";
29 0 1 181,189 "29";
30 2 0 83,185 "30";
31 1 0 128,199 "31";
32 0 1 23,242 "32";
33 2 0 82,199 "33";
34 2 0 69,116 "34";
35 2 0 149,159 "35";
36 0 0 202,204 "36";
37 2 0 98,107 "37";
38 1 0 61,138 "38";
39 1 1 135,238 "39";
40 2 0 1,19 "40";
41 1 1 35,134 "41";
42 2 0 17,117 "42";
43 2 0 194,209 "43";
44 2 1 51,59 "44";
45 1 0 101,277 "45";
46 2 0 182,230 "46";
47 0 0 112,132 "47";
48 0 0 194,260 "48";
49 2 0 93,255 "49";
50 1 1 241,272 "50";
51 1 1 90,174 "51";
52 0 1 12,239 "52";
53 1 0 22,48 "53";
54 2 0 183,280 "54";
55 1 0 71,223 "55";
56 0 0 58,246 "56";
57 2 0 41,198 "57";
58 2 1 85,183 "58";
59 0 0 36,140 "59";
60 2 0 44,50 "60";
61 1 1 1,58 "61";
62 1 0 130,282 "62";
63 1 0 53,131 "63";
64 2 1 204,230 "64";
65 1 0 37,256 "65";
66 2 1 114,272 "66";
67 0 0 138,260 "67";
68 1 1 16,274 "68";
69 1 0 9,154 "69";
70 2 0 60,76 "70";
71 0 0 95,138 "71";
72 1 0 201,251 "72";
73 0 1 184,186 "73";
74 2 0 149,214 "74";
75 2 0 71,153 "75";
76 0 1 191,221 "76";
77 0 1 124,147 "77";
78 2 0 54,91 "78";
79 0 0 1,175 "79";
80 1 0 17,20 "80";
81 2 0 132,250 "81";
82 2 0 30,193 "82";
83 2 0 112,235 "83";
84 2 0 142,274 "84";
85 0 1 86,151 "85";
86 1 0 250,278 "86";
87 2 0 151,236 "87";
88 1 0 31,259 "88";
89 2 1 4,75 "89";
90 1 0 86,112 "90";
91 1 0 94,104 "91";
92 2 1 51,205 "92";
93 0 0 181,247 "93";
94 1 0 165,185 "94";
95 2 0 27,64 "95";
96 1 1 31,54 "96";
97 1 1 59,175 "97";
98 1 0 2,176 "98";
99 0 0 72,124 "99";
100 0 1 188,262 "100";
101 2 0 64,139 "101";
102 0 1 197,236 "102";
103 2 1 60,94 "103";
104 0 1 94,152 "104";
105 1 0 3,198 "105";
106 1 1 7,121 "106";
107 0 1 76,176 "107";
108 0 1 256,258 "108";
109 2 0 142,238 "109";
110 1 1 49,247 "110";
111 2 1 180,208 "111";
112 1 1 167,225 "112";
113 2 0 23,107 "113";
114 0 1 66,167 "114";
115 1 1 6,184 "115";
116 0 0 132,272 "116";
117 1 0 122,247 "117";
118 2 1 57,138 "118";
119 2 0 5,75 "119";
120 2 0 23,188 "120";
121 2 1 49,253 "121";
122 2 1 222,247 "122";
123 0 1 59,266 "123";
124 1 0 38,225 "124";
125 2 1 151,241 "125";
126 1 1 165,230 "126";
127 0 1 260,277 "127";
128 2 0 70,140 "128";
129 0 0 82,117 "129";
130 0 0 14,241 "130";
131 2 0 58,232 "131";
132 1 0 24,198 "132";
133 1 1 20,239 "133";
134 2 0 51,72 "134";
135 0 1 38,121 "135";
136 0 0 51,107 "136";
137 2 0 52,112 "137";
138 0 0 0,63 "138";
139 2 1 9,239 "139";
140 0 0 103,268 "140";
141 0 0 52,132 "141";
142 0 1 189,256 "142";
143 2 1 44,59 "143";
144 1 1 95,276 "144";
145 2 1 112,140 "145";
146 2 1 19,174 "146";
147 0 0 33,103 "147";
148 2 1 82,247 "148";
149 1 1 137,213 "149";
150 2 0 2,230 "150";
151 0 0 95,271 "151";
152 2 1 20,201 "152";
153 1 0 7,159 "153";
154 1 1 6,102 "154";
155 1 1 23,222 "155";
156 2 1 25,142 "156";
157 0 1 5,191 "157";
158 0 1 28,237 "158";
159 2 1 35,258 "159";
160 2 1 239,246 "160";
161 1 1 166,268 "161";
162 0 0 120,197 "162";
163 1 0 5,34 "163";
164 0 1 38,155 "164";
165 1 1 58,133 "165";
166 0 0 188,269 "166";
167 0 1 45,125 "167";
168 2 1 138,202 "168";
169 1 1 26,141 "169";
170 2 0 114,191 "170";
171 0 0 166,191 "171";
172 0 1 110,149 "172";
173 2 0 224,246 "173";
174 0 1 130,144 "174";
175 0 0 143,249 "175";
176 2 1 172,181 "176";
177 0 1 4,254 "177";
178 1 0 30,86 "178";
179 0 1 140,201 "179";
180 1 1 2,272 "180";
181 2 1 68,234 "181";
182 0 1 62,159 "182";
183 2 1 49,233 "183";
184 0 0 46,165 "184";
185 0 0 47,139 "185";
186 2 0 196,226 "186";
187 0 1 107,242 "187";
188 0 0 127,151 "188";
189 0 0 79,223 "189";
190 0 0 100,283 "190";
191 0 0 29,35 "191";
192 1 1 129,145 "192";
193 1 0 101,250 "193";
194 1 0 126,178 "194";
195 0 1 63,177 "195";
196 1 0 136,200 "196";
197 2 1 49,269 "197";
198 1 0 25,166 "198";
199 1 1 194,230 "199";
200 1 1 1,266 "200";
201 1 0 24,73 "201";
202 0 1 28,180 "202";
203 1 0 208,215 "203";
204 2 0 141,275 "204";
205 0 0 88,168 "205";
206 0 1 4,124 "206";
207 1 0 160,165 "207";
208 0 1 193,230 "208";
209 2 0 167,175 "209";
210 2 1 126,166 "210";
211 1 0 124,169 "211";
212 1 1 32,77 "212";
213 0 0 131,273 "213";
214 2 0 32,197 "214";
215 2 1 157,266 "215";
216 2 0 10,284 "216";
217 0 1 103,249 "217";
218 0 0 57,273 "218";
219 1 0 76,85 "219";
220 0 0 2,266 "220";
221 0 0 151,227 "221";
222 2 1 89,168 "222";
223 0 0 100,180 "223";
224 1 0 29,46 "224";
225 1 1 148,282 "225";
226 0 1 199,218 "226";
227 2 0 161,236 "227";
228 2 0 132,242 "228";
229 2 1 88,184 "229";
230 0 1 14,185 "230";
231 2 1 150,171 "231";
232 0 1 68,142 "232";
233 2 0 118,269 "233";
234 0 1 215,245 "234";
235 1 1 24,183 "235";
236 0 1 11,160 "236";
237 2 1 104,240 "237";
238 2 1 25,183 "238";
239 1 0 16,196 "239";
240 2 1 127,270 "240";
241 1 1 21,84 "241";
242 1 0 26,145 "242";
243 1 1 96,185 "243";
244 2 1 72,97 "244";
245 1 1 228,232 "245";
246 1 1 9,197 "246";
247 0 0 32,114 "247";
248 0 0 3,250 "248";
249 2 1 47,210 "249";
250 0 0 161,269 "250";
251 2 1 72,144 "251";
252 2 1 67,281 "252";
253 0 1 57,219 "253";
254 0 1 170,179 "254";
255 2 0 222,235 "255";
256 0 1 97,189 "256";
257 0 1 180,232 "257";
258 2 0 178,210 "258";
259 1 1 101,261 "259";
260 2 0 136,176 "260";
261 2 1 14,160 "261";
262 1 0 138,249 "262";
263 2 1 14,256 "263";
264 0 1 87,145 "264";
265 0 1 154,187 "265";
266 1 0 154,231 "266";
267 0 1 64,156 "267";
268 1 0 86,136 "268";
269 2 0 143,273 "269";
270 1 1 21,189 "270";
271 1 1 78,200 "271";
272 2 1 40,218 "272";
273 1 1 120,187 "273";
274 0 1 91,108 "274";
275 2 1 1,84 "275";
276 0 1 56,176 "276";
277 2 0 99,150 "277";
278 1 0 77,123 "278";
279 0 1 68,116 "279";
280 2 1 79,229 "280";
281 1 1 268,270 "281";
282 1 1 213,218 "282";
283 1 0 139,188 "283";
284 1 0 38,39 "284";
