parity 209;
0 0 0 48,71 "0";
1 2 1 137,194 "1";
2 2 0 36,192 "2";
3 0 0 46,202 "3";
4 1 0 68,89 "4";
5 1 1 101,120 "5";
6 0 1 66,67 "6";
7 1 1 27,174 "7";
8 0 1 179,188 "8";
9 2 1 130,201 "9";
10 1 1 62,167 "10";
11 0 0 66,107 "11";
12 2 0 202,207 "12";
13 0 0 91,179 "13";
14 2 0 138,180 "14";
15 0 1 59,156 "15";
16 2 0 15,77 "16";
17 0 0 131,206 "17";
18 1 0 20,25 "18";
19 0 1 84,172 "19";
20 1 1 4,60 "20";
21 0 1 7,79 "21";
22 1 1 62,122 "22";
23 2 0 85,135 "23";
24 0 1 34,111 "24";
25 2 1 77,163 "25";
26 1 1 63,151 "26";
27 1 1 151,154 "27";
28 1 0 128,197 "28";
29 1 1 45,109 "29";
30 0 0 26,118 "30";
31 0 1 147,157 "31";
32 0 1 93,126 "32";
33 0 1 21,208 "33";
34 0 1 121,150 "34";
35 1 0 90,129 "35";
36 0 1 39,193 "36";
37 2 0 143,146 "37";
38 1 1 16,70 "38";
39 1 0 85,141 "39";
40 1 1 22,49 "40";
41 1 1 35,61 "41";
42 1 1 39,140 "42";
43 0 1 26,157 "43";
44 1 1 159,160 "44";
45 1 1 151,197 "45";
46 0 1 112,160 "46";
47 0 0 86,99 "47";
48 1 0 120,194 "48";
49 1 1 15,51 "49";
50 2 0 34,87 "50";
51 0 0 134,192 "51";
52 2 0 103,195 "52";
53 1 0 15,186 "53";
54 1 0 10,208 "54";
55 1 0 178,209 "55";
56 2 1 73,208 "56";
57 1 0 62,95 "57";
58 1 1 35,137 "58";
59 0 1 14,97 "59";
60 2 1 13,168 "60";
61 2 1 3,41 "61";
62 0 0 33,133 "62";
63 2 1 191,202 "63";
64 2 1 191,196 "64";
65 0 1 8,170 "65";
66 1 1 26,103 "66";
67 0 0 48,108 "67";
68 1 1 62,151 "68";
69 0 1 128,201 "69";
70 2 1 78,128 "70";
71 0 1 43,167 "71";
72 2 0 174,190 "72";
73 2 0 3,30 "73";
74 2 1 132,207 "74";
75 0 0 4,187 "75";
76 1 0 22,131 "76";
77 2 0 70,146 "77";
78 1 1 28,185 "78";
79 0 0 65,123 "79";
80 0 0 30,126 "80";
81 0 0 17,176 "81";
82 0 1 73,88 "82";
83 0 0 16,36 "83";
84 2 0 71,150 "84";
85 2 0 44,128 "85";
86 2 0 40,153 "86";
87 0 1 20,198 "87";
88 0 0 9,162 "88";
89 1 0 20,190 "89";
90 2 0 52,73 "90";
91 1 0 187,204 "91";
92 0 1 173,203 "92";
93 0 1 23,43 "93";
94 1 1 179,197 "94";
95 1 0 29,170 "95";
96 2 0 32,139 "96";
97 0 0 5,147 "97";
98 2 0 138,162 "98";
99 1 0 86,178 "99";
100 2 1 73,95 "100";
101 0 0 102,121 "101";
102 0 0 51,78 "102";
103 2 0 50,208 "103";
104 1 1 142,181 "104";
105 2 1 73,77 "105";
106 1 0 22,34 "106";
107 1 1 152,164 "107";
108 2 1 41,160 "108";
109 0 0 147,190 "109";
110 1 1 82,111 "110";
111 1 0 118,172 "111";
112 1 1 55,60 "112";
113 2 1 2,6 "113";
114 0 0 39,200 "114";
115 1 1 95,125 "115";
116 0 0 91,196 "116";
117 0 0 60,87 "117";
118 0 0 143,153 "118";
119 0 0 96,151 "119";
120 2 1 113,138 "120";
121 1 0 94,170 "121";
122 2 1 88,93 "122";
123 1 1 119,187 "123";
124 2 1 84,93 "124";
125 0 0 60,126 "125";
126 0 1 0,55 "126";
127 1 0 107,122 "127";
128 2 0 71,111 "128";
129 1 1 119,187 "129";
130 2 0 3,182 "130";
131 2 1 133,175 "131";
132 1 0 14,205 "132";
133 0 0 0,201 "133";
134 0 1 149,192 "134";
135 0 0 5,189 "135";
136 0 0 18,64 "136";
137 2 1 109,208 "137";
138 0 0 116,149 "138";
139 1 1 38,111 "139";
140 2 1 59,89 "140";
141 0 1 95,186 "141";
142 1 0 151,173 "142";
143 2 1 8,158 "143";
144 1 0 74,108 "144";
145 1 1 55,166 "145";
146 1 1 23,30 "146";
147 1 1 39,131 "147";
148 2 1 8,156 "148";
149 2 0 2,61 "149";
150 2 1 68,155 "150";
151 0 1 50,101 "151";
152 2 0 118,164 "152";
153 2 1 8,149 "153";
154 2 1 11,103 "154";
155 2 0 11,13 "155";
156 2 0 24,102 "156";
157 1 1 54,130 "157";
158 2 1 174,203 "158";
159 1 1 143,157 "159";
160 1 0 37,72 "160";
161 2 1 165,189 "161";
162 0 1 26,152 "162";
163 0 1 3,174 "163";
164 0 0 63,183 "164";
165 2 1 133,183 "165";
166 0 1 49,179 "166";
167 0 0 135,148 "167";
168 2 0 155,163 "168";
169 0 1 205,208 "169";
170 0 0 102,156 "170";
171 2 1 183,206 "171";
172 1 0 69,125 "172";
173 0 0 14,16 "173";
174 0 0 41,63 "174";
175 1 0 28,181 "175";
176 2 0 11,154 "176";
177 0 1 23,149 "177";
178 0 1 30,209 "178";
179 0 0 106,189 "179";
180 0 1 28,183 "180";
181 1 1 0,185 "181";
182 2 0 128,150 "182";
183 2 1 9,162 "183";
184 2 1 44,53 "184";
185 1 0 41,138 "185";
186 1 1 175,209 "186";
187 2 1 1,12 "187";
188 2 0 87,120 "188";
189 2 0 32,161 "189";
190 2 0 150,159 "190";
191 0 0 110,176 "191";
192 0 0 1,87 "192";
193 0 1 150,170 "193";
194 2 0 16,129 "194";
195 1 1 12,118 "195";
196 1 0 132,192 "196";
197 2 1 97,111 "197";
198 1 1 37,157 "198";
199 0 0 11,193 "199";
200 0 0 38,113 "200";
201 2 0 3,20 "201";
202 2 1 118,179 "202";
203 0 0 92,184 "203";
204 1 1 65,124 "204";
205 0 0 139,149 "205";
206 0 1 117,195 "206";
207 1 1 32,147 "207";
208 2 1 148,165 "208";
209 2 0 40,122 "209";
