parity 209;
0 1 0 140,205 "0";
1 0 1 96,155 "1";
2 1 0 29,104 "2";
3 2 0 37,179 "3";
4 1 0 84,139 "4";
5 0 0 148,205 "5";
6 1 1 148,156 "6";
7 1 1 114,185 "7";
8 2 1 122,201 "8";
9 0 1 45,151 "9";
10 2 0 142,183 "10";
11 0 1 135,144 "11";
12 0 1 1,180 "12";
13 0 1 7,48 "13";
14 1 1 27,62 "14";
15 0 1 118,166 "15";
16 2 1 17,32 "16";
17 0 1 25,26 "17";
18 1 1 128,186 "18";
19 1 0 38,185 "19";
20 0 1 119,147 "20";
21 1 1 77,139 "21";
22 0 1 7,166 "22";
23 1 1 146,204 "23";
24 0 1 71,129 "24";
25 2 0 1,28 "25";
26 0 0 71,173 "26";
27 1 0 93,180 "27";
28 0 1 32,159 "28";
29 2 1 58,153 "29";
30 1 0 101,138 "30";
31 2 0 87,109 "31";
32 2 0 103,145 "32";
33 2 1 7,72 "33";
34 0 0 55,89 "34";
35 1 0 158,196 "35";
36 1 0 138,205 "36";
37 2 1 50,72 "37";
38 0 1 114,132 "38";
39 0 1 25,40 "39";
40 2 0 48,86 "40";
41 2 1 87,199 "41";
42 1 1 38,99 "42";
43 0 1 150,194 "43";
44 1 1 53,121 "44";
45 1 0 113,160 "45";
46 0 1 33,85 "46";
47 2 0 49,64 "47";
48 2 1 83,93 "48";
49 2 0 115,141 "49";
50 1 0 20,27 "50";
51 2 0 189,207 "51";
52 1 0 100,171 "52";
53 0 1 87,141 "53";
54 1 1 24,33 "54";
55 1 1 50,90 "55";
56 1 0 69,164 "56";
57 0 0 13,143 "57";
58 0 1 129,163 "58";
59 2 1 3,159 "59";
60 0 0 13,76 "60";
61 1 0 47,116 "61";
62 1 0 22,97 "62";
63 2 1 9,39 "63";
64 0 0 6,160 "64";
65 2 0 35,77 "65";
66 0 1 68,209 "66";
67 0 0 116,179 "67";
68 0 1 161,181 "68";
69 1 1 107,171 "69";
70 2 1 60,109 "70";
71 2 1 150,167 "71";
72 0 1 9,119 "72";
73 2 1 59,65 "73";
74 0 0 113,200 "74";
75 2 0 62,113 "75";
76 1 1 3,32 "76";
77 1 0 127,166 "77";
78 1 1 32,61 "78";
79 1 1 30,45 "79";
80 1 1 10,76 "80";
81 2 0 40,107 "81";
82 1 0 89,128 "82";
83 2 1 35,116 "83";
84 0 1 33,98 "84";
85 0 0 34,76 "85";
86 0 0 162,188 "86";
87 1 0 41,72 "87";
88 2 0 82,90 "88";
89 1 0 111,204 "89";
90 2 1 4,64 "90";
91 1 1 85,183 "91";
92 2 0 58,126 "92";
93 1 1 103,131 "93";
94 1 1 59,118 "94";
95 0 1 26,123 "95";
96 2 1 34,184 "96";
97 1 1 34,96 "97";
98 1 0 6,133 "98";
99 1 1 119,122 "99";
100 2 1 18,26 "100";
101 0 1 90,122 "101";
102 2 1 55,156 "102";
103 2 1 92,203 "103";
104 0 0 71,203 "104";
105 2 1 114,133 "105";
106 1 1 51,78 "106";
107 0 1 0,167 "107";
108 0 0 144,187 "108";
109 0 0 19,61 "109";
110 2 0 63,115 "110";
111 0 0 1,86 "111";
112 2 0 71,135 "112";
113 1 1 12,161 "113";
114 2 0 127,173 "114";
115 1 0 26,164 "115";
116 1 0 169,178 "116";
117 0 0 178,198 "117";
118 1 0 5,8 "118";
119 0 0 72,179 "119";
120 0 1 164,188 "120";
121 1 0 3,178 "121";
122 2 0 45,102 "122";
123 1 0 102,201 "123";
124 0 0 1,163 "124";
125 2 0 60,142 "125";
126 2 0 125,150 "126";
127 1 1 67,81 "127";
128 0 1 25,118 "128";
129 0 0 74,144 "129";
130 1 1 73,148 "130";
131 2 1 12,184 "131";
132 1 1 86,88 "132";
133 2 0 1,49 "133";
134 2 1 98,157 "134";
135 2 0 27,160 "135";
136 2 1 14,187 "136";
137 2 0 138,169 "137";
138 0 0 48,168 "138";
139 1 1 26,37 "139";
140 0 1 32,152 "140";
141 2 0 168,174 "141";
142 2 1 40,161 "142";
143 1 0 46,183 "143";
144 0 0 32,203 "144";
145 2 1 58,193 "145";
146 0 0 71,179 "146";
147 2 0 122,170 "147";
148 0 1 178,187 "148";
149 0 0 60,140 "149";
150 0 1 19,151 "150";
151 1 0 8,27 "151";
152 2 1 30,187 "152";
153 1 1 55,123 "153";
154 0 1 168,177 "154";
155 2 1 28,188 "155";
156 0 0 68,152 "156";
157 0 0 36,122 "157";
158 0 0 12,100 "158";
159 0 0 67,92 "159";
160 2 1 31,43 "160";
161 0 1 141,191 "161";
162 1 0 178,186 "162";
163 0 0 2,138 "163";
164 0 0 67,96 "164";
165 1 0 22,27 "165";
166 1 1 59,89 "166";
167 0 1 112,195 "167";
168 2 1 97,124 "168";
169 2 0 168,174 "169";
170 2 1 141,188 "170";
171 1 1 50,65 "171";
172 1 0 165,173 "172";
173 0 1 81,144 "173";
174 1 1 125,201 "174";
175 1 0 23,28 "175";
176 1 0 103,119 "176";
177 1 1 109,150 "177";
178 0 0 83,157 "178";
179 0 0 153,177 "179";
180 2 1 99,140 "180";
181 0 0 1,180 "181";
182 0 0 118,136 "182";
183 1 1 106,195 "183";
184 0 1 100,146 "184";
185 0 1 70,169 "185";
186 0 1 102,112 "186";
187 2 1 74,77 "187";
188 2 1 180,182 "188";
189 0 0 77,82 "189";
190 2 0 113,182 "190";
191 1 1 47,205 "191";
192 0 0 48,147 "192";
193 2 0 49,196 "193";
194 0 1 15,126 "194";
195 1 0 140,182 "195";
196 1 0 43,50 "196";
197 2 0 121,150 "197";
198 0 1 12,71 "198";
199 2 1 9,22 "199";
200 1 1 70,204 "200";
201 0 1 29,190 "201";
202 2 0 44,140 "202";
203 1 1 35,106 "203";
204 0 0 56,84 "204";
205 2 0 24,65 "205";
206 0 0 31,188 "206";
207 2 1 8,30 "207";
208 1 0 16,194 "208";
209 0 0 47,103 "209";
