parity 269;
0 1 0 83,214 "0";
1 0 1 126,210 "1";
2 0 0 49,261 "2";
3 0 1 39,177 "3";
4 0 0 233,249 "4";
5 2 1 107,246 "5";
6 0 1 185,219 "6";
7 1 1 103,223 "7";
8 1 1 109,230 "8";
9 2 0 119,239 "9";
10 0 1 129,145 "10";
11 2 0 51,78 "11";
12 2 1 66,119 "12";
13 1 1 1,141 "13";
14 2 1 147,217 "14";
15 2 0 125,239 "15";
16 1 1 28,211 "16";
17 2 1 41,170 "17";
18 1 0 71,120 "18";
19 1 0 7,18 "19";
20 2 0 204,243 "20";
21 0 1 5,139 "21";
22 1 1 163,169 "22";
23 1 1 13,181 "23";
24 2 1 28,269 "24";
25 2 0 66,73 "25";
26 1 1 57,61 "26";
27 1 0 103,166 "27";
28 1 0 63,261 "28";
29 2 1 100,159 "29";
30 0 1 6,175 "30";
31 1 1 39,142 "31";
32 1 0 62,131 "32";
33 0 1 1,217 "33";
34 1 1 4,135 "34";
35 1 0 23,128 "35";
36 0 0 221,246 "36";
37 2 1 76,109 "37";
38 1 1 198,203 "38";
39 2 1 107,187 "39";
40 1 1 129,200 "40";
41 2 1 130,207 "41";
42 0 1 167,181 "42";
43 0 1 61,138 "43";
44 1 0 107,195 "44";
45 2 0 18,52 "45";
46 0 0 160,164 "46";
47 0 1 13,180 "47";
48 0 1 18,159 "48";
49 1 1 37,171 "49";
50 2 1 111,218 "50";
51 0 1 72,250 "51";
52 0 1 97,232 "52";
53 1 0 253,255 "53";
54 2 1 202,206 "54";
55 1 1 51,254 "55";
56 1 0 143,209 "56";
57 1 0 157,235 "57";
58 0 1 151,245 "58";
59 1 1 3,255 "59";
60 1 0 13,97 "60";
61 2 0 95,130 "61";
62 1 1 96,263 "62";
63 2 0 211,254 "63";
64 1 1 28,136 "64";
65 2 0 53,96 "65";
66 1 0 147,211 "66";
67 0 0 2,161 "67";
68 1 1 135,161 "68";
69 1 1 94,103 "69";
70 0 1 157,209 "70";
71 1 0 203,244 "71";
72 1 0 35,200 "72";
73 0 1 154,256 "73";
74 0 0 51,250 "74";
75 1 0 236,262 "75";
76 0 1 159,237 "76";
77 1 0 154,258 "77";
78 0 1 109,159 "78";
79 2 1 19,156 "79";
80 2 0 73,217 "80";
81 2 0 108,247 "81";
82 1 0 210,240 "82";
83 1 0 37,98 "83";
84 2 1 51,187 "84";
85 2 1 84,207 "85";
86 0 1 15,92 "86";
87 1 0 136,227 "87";
88 0 1 227,251 "88";
89 1 1 135,147 "89";
90 0 0 113,139 "90";
91 2 1 26,66 "91";
92 1 0 13,124 "92";
93 1 1 134,168 "93";
94 1 0 69,78 "94";
95 2 0 93,108 "95";
96 2 1 237,252 "96";
97 2 0 24,95 "97";
98 1 0 20,57 "98";
99 2 1 91,179 "99";
100 1 0 215,260 "100";
101 1 1 127,256 "101";
102 1 1 121,211 "102";
103 0 0 118,126 "103";
104 2 1 12,95 "104";
105 2 1 248,256 "105";
106 1 0 40,84 "106";
107 2 1 91,238 "107";
108 1 1 131,146 "108";
109 1 0 174,198 "109";
110 0 1 11,176 "110";
111 2 0 101,169 "111";
112 1 0 74,75 "112";
113 1 1 32,62 "113";
114 0 0 212,256 "114";
115 1 0 104,200 "115";
116 2 0 53,69 "116";
117 0 1 57,252 "117";
118 0 1 6,220 "118";
119 0 1 25,207 "119";
120 0 0 24,268 "120";
121 2 1 99,116 "121";
122 0 0 155,229 "122";
123 1 0 132,204 "123";
124 0 1 38,41 "124";
125 0 1 148,189 "125";
126 2 0 104,146 "126";
127 1 1 168,252 "127";
128 1 1 117,169 "128";
129 2 0 60,250 "129";
130 2 1 11,155 "130";
131 2 1 94,173 "131";
132 2 1 55,169 "132";
133 1 1 44,154 "133";
134 1 1 30,254 "134";
135 2 1 18,76 "135";
136 2 0 106,248 "136";
137 1 1 25,200 "137";
138 2 0 109,224 "138";
139 2 1 1,99 "139";
140 1 0 44,212 "140";
141 0 1 36,230 "141";
142 1 1 57,148 "142";
143 0 1 100,265 "143";
144 2 1 121,155 "144";
145 0 0 128,224 "145";
146 1 1 31,137 "146";
147 0 0 142,265 "147";
148 1 0 131,254 "148";
149 0 0 19,219 "149";
150 1 0 122,126 "150";
151 0 0 194,268 "151";
152 0 1 168,217 "152";
153 0 1 52,203 "153";
154 0 1 116,140 "154";
155 2 0 22,81 "155";
156 0 0 97,163 "156";
157 1 1 61,117 "157";
158 2 1 81,267 "158";
159 1 0 93,157 "159";
160 0 1 196,243 "160";
161 2 0 144,179 "161";
162 1 1 3,246 "162";
163 1 0 15,74 "163";
164 1 0 39,42 "164";
165 2 0 23,28 "165";
166 2 1 55,185 "166";
167 0 0 3,248 "167";
168 2 0 37,103 "168";
169 0 0 96,248 "169";
170 2 1 14,41 "170";
171 0 0 8,174 "171";
172 0 1 57,108 "172";
173 2 1 6,220 "173";
174 0 1 117,157 "174";
175 2 0 45,192 "175";
176 0 0 131,219 "176";
177 1 1 143,193 "177";
178 0 1 34,36 "178";
179 1 0 76,257 "179";
180 0 1 134,250 "180";
181 2 0 217,232 "181";
182 2 1 35,147 "182";
183 1 0 158,195 "183";
184 1 0 147,218 "184";
185 1 0 3,195 "185";
186 1 0 25,165 "186";
187 0 0 73,139 "187";
188 1 0 69,133 "188";
189 0 1 136,235 "189";
190 0 0 42,61 "190";
191 1 0 32,46 "191";
192 1 1 34,188 "192";
193 0 0 70,82 "193";
194 0 1 3,23 "194";
195 0 0 11,182 "195";
196 1 0 29,255 "196";
197 0 1 199,235 "197";
198 2 0 100,262 "198";
199 1 1 47,78 "199";
200 0 1 139,145 "200";
201 0 1 25,54 "201";
202 0 1 114,252 "202";
203 1 0 7,141 "203";
204 1 0 181,218 "204";
205 0 0 7,204 "205";
206 0 1 204,235 "206";
207 0 1 156,187 "207";
208 0 1 79,245 "208";
209 1 0 113,176 "209";
210 0 0 42,265 "210";
211 1 0 56,75 "211";
212 0 0 191,259 "212";
213 2 1 138,158 "213";
214 1 1 115,161 "214";
215 0 1 26,167 "215";
216 0 1 30,50 "216";
217 2 1 74,198 "217";
218 2 0 27,110 "218";
219 0 1 4,238 "219";
220 2 1 67,187 "220";
221 1 0 161,254 "221";
222 2 1 12,48 "222";
223 0 1 235,241 "223";
224 2 0 73,233 "224";
225 1 1 105,120 "225";
226 2 0 91,121 "226";
227 1 0 135,210 "227";
228 1 1 97,246 "228";
229 2 1 75,264 "229";
230 0 0 107,267 "230";
231 2 0 80,194 "231";
232 2 0 138,254 "232";
233 2 0 147,268 "233";
234 2 1 68,182 "234";
235 1 1 217,245 "235";
236 2 0 24,265 "236";
237 1 0 151,222 "237";
238 1 0 79,228 "238";
239 2 0 236,244 "239";
240 1 1 83,258 "240";
241 0 1 232,245 "241";
242 1 0 75,214 "242";
243 2 1 43,221 "243";
244 1 1 14,27 "244";
245 0 1 36,127 "245";
246 0 1 58,158 "246";
247 2 0 3,176 "247";
248 1 1 166,202 "248";
249 1 1 12,208 "249";
250 0 0 176,214 "250";
251 0 1 114,258 "251";
252 1 1 84,122 "252";
253 2 1 78,118 "253";
254 1 1 21,153 "254";
255 1 0 87,203 "255";
256 2 1 67,158 "256";
257 1 1 222,254 "257";
258 0 1 81,168 "258";
259 0 1 191,266 "259";
260 0 1 136,228 "260";
261 0 0 218,265 "261";
262 2 0 89,169 "262";
263 2 1 14,98 "263";
264 2 0 159,195 "264";
265 1 0 32,149 "265";
266 0 0 161,186 "266";
267 0 0 107,162 "267";
268 2 0 38,123 "268";
269 0 1 111,265 "269";
