parity 294;
0 2 1 139,151 "0";
1 0 1 54,90 "1";
2 0 0 58,76 "2";
3 0 1 99,130 "3";
4 2 1 148,158 "4";
5 0 1 37,284 "5";
6 1 0 122,294 "6";
7 2 1 118,215 "7";
8 1 0 188,253 "8";
9 0 1 61,239 "9";
10 0 0 25,141 "10";
11 0 0 4,140 "11";
12 0 1 27,54 "12";
13 1 1 133,193 "13";
14 1 1 17,64 "14";
15 2 1 71,218 "15";
16 0 1 129,177 "16";
17 0 0 64,127 "17";
18 2 1 121,281 "18";
19 1 0 60,92 "19";
20 2 1 175,255 "20";
21 2 1 135,275 "21";
22 1 1 13,206 "22";
23 1 0 49,157 "23";
24 1 1 59,108 "24";
25 0 1 111,123 "25";
26 2 0 138,245 "26";
27 2 0 87,197 "27";
28 2 1 37,184 "28";
29 2 0 35,188 "29";
30 0 1 40,238 "30";
31 1 1 17,112 "31";
32 0 1 72,86 "32";
33 1 1 100,164 "33";
34 1 0 16,46 "34";
35 2 1 172,246 "35";
36 2 1 201,266 "36";
37 2 0 20,156 "37";
38 0 0 13,49 "38";
39 1 1 20,240 "39";
40 2 0 91,222 "40";
41 2 0 115,134 "41";
42 0 1 82,149 "42";
43 1 0 105,170 "43";
44 1 0 59,188 "44";
45 1 1 46,106 "45";
46 2 1 161,213 "46";
47 1 0 39,257 "47";
48 1 0 8,84 "48";
49 0 0 182,215 "49";
50 0 1 3,70 "50";
51 0 1 176,266 "51";
52 2 1 21,127 "52";
53 0 1 84,281 "53";
54 2 1 227,276 "54";
55 0 0 107,270 "55";
56 1 0 108,174 "56";
57 0 0 183,192 "57";
58 0 0 39,206 "58";
59 1 1 34,64 "59";
60 2 0 112,204 "60";
61 0 0 18,273 "61";
62 2 0 8,284 "62";
63 1 0 18,213 "63";
64 1 0 163,195 "64";
65 1 0 56,290 "65";
66 2 0 191,259 "66";
67 2 0 191,217 "67";
68 0 0 110,232 "68";
69 2 0 132,224 "69";
70 0 1 228,245 "70";
71 1 1 226,260 "71";
72 1 1 188,210 "72";
73 0 0 110,206 "73";
74 1 1 27,127 "74";
75 2 0 40,220 "75";
76 0 1 196,280 "76";
77 1 1 2,231 "77";
78 0 0 125,254 "78";
79 0 0 46,72 "79";
80 2 0 54,275 "80";
81 2 0 28,194 "81";
82 0 0 161,264 "82";
83 1 0 125,252 "83";
84 0 1 204,261 "84";
85 2 1 139,165 "85";
86 2 0 20,197 "86";
87 2 0 13,151 "87";
88 0 0 239,255 "88";
89 1 1 249,265 "89";
90 2 1 12,267 "90";
91 1 1 172,259 "91";
92 2 0 95,104 "92";
93 0 0 56,161 "93";
94 1 0 251,281 "94";
95 1 0 214,246 "95";
96 2 0 151,229 "96";
97 0 0 134,193 "97";
98 2 1 156,288 "98";
99 1 0 14,146 "99";
100 2 0 80,276 "100";
101 1 1 240,258 "101";
102 2 0 134,193 "102";
103 0 0 223,229 "103";
104 2 0 49,234 "104";
105 2 0 145,266 "105";
106 0 1 0,3 "106";
107 2 0 137,161 "107";
108 1 0 71,79 "108";
109 0 0 125,260 "109";
110 2 0 83,254 "110";
111 0 0 61,167 "111";
112 0 1 221,260 "112";
113 1 0 57,121 "113";
114 0 0 20,53 "114";
115 0 0 10,55 "115";
116 1 0 264,269 "116";
117 1 1 61,193 "117";
118 2 1 103,272 "118";
119 1 0 73,192 "119";
120 0 0 185,265 "120";
121 0 0 134,195 "121";
122 0 1 140,291 "122";
123 0 1 197,259 "123";
124 0 0 34,275 "124";
125 0 1 68,167 "125";
126 2 1 24,78 "126";
127 2 1 164,257 "127";
128 1 0 18,58 "128";
129 2 0 41,68 "129";
130 1 0 92,212 "130";
131 2 1 207,294 "131";
132 0 0 211,213 "132";
133 1 0 101,294 "133";
134 0 0 17,256 "134";
135 0 1 75,238 "135";
136 0 1 4,186 "136";
137 2 0 264,272 "137";
138 2 1 65,82 "138";
139 1 1 56,249 "139";
140 1 1 124,181 "140";
141 1 0 79,195 "141";
142 0 0 13,185 "142";
143 0 1 64,222 "143";
144 2 1 121,208 "144";
145 1 0 209,232 "145";
146 1 0 1,76 "146";
147 1 1 83,113 "147";
148 0 1 222,285 "148";
149 2 0 61,187 "149";
150 2 0 218,224 "150";
151 2 1 61,71 "151";
152 0 0 15,183 "152";
153 0 0 42,121 "153";
154 1 0 123,149 "154";
155 2 1 117,269 "155";
156 0 1 80,138 "156";
157 0 1 71,148 "157";
158 2 0 244,266 "158";
159 0 1 150,233 "159";
160 1 0 15,97 "160";
161 0 0 37,42 "161";
162 2 1 129,142 "162";
163 2 0 0,164 "163";
164 0 0 20,287 "164";
165 1 0 4,87 "165";
166 1 1 108,111 "166";
167 2 0 215,268 "167";
168 2 1 110,242 "168";
169 0 0 11,83 "169";
170 1 1 171,197 "170";
171 0 0 19,279 "171";
172 0 1 122,191 "172";
173 2 0 2,155 "173";
174 1 1 69,274 "174";
175 0 0 74,130 "175";
176 1 0 50,283 "176";
177 1 0 57,95 "177";
178 1 0 83,279 "178";
179 0 1 63,284 "179";
180 2 0 80,242 "180";
181 0 0 46,194 "181";
182 1 1 23,70 "182";
183 2 0 119,248 "183";
184 1 1 71,179 "184";
185 1 1 82,232 "185";
186 1 0 25,62 "186";
187 2 0 119,181 "187";
188 1 0 49,158 "188";
189 1 0 203,262 "189";
190 2 1 100,273 "190";
191 1 0 57,94 "191";
192 2 1 71,224 "192";
193 1 1 165,230 "193";
194 2 1 42,148 "194";
195 2 1 9,146 "195";
196 0 1 100,132 "196";
197 2 1 61,155 "197";
198 1 1 90,110 "198";
199 0 1 69,230 "199";
200 1 1 56,104 "200";
201 1 1 68,150 "201";
202 1 1 163,189 "202";
203 0 0 75,133 "203";
204 1 1 58,66 "204";
205 0 0 17,274 "205";
206 1 1 201,290 "206";
207 0 1 168,196 "207";
208 1 1 64,252 "208";
209 2 1 153,226 "209";
210 1 0 127,195 "210";
211 0 0 35,89 "211";
212 0 1 57,181 "212";
213 2 0 117,131 "213";
214 0 0 76,130 "214";
215 0 0 76,220 "215";
216 0 0 211,286 "216";
217 1 0 83,145 "217";
218 2 0 95,155 "218";
219 2 1 181,182 "219";
220 1 1 47,259 "220";
221 2 0 234,245 "221";
222 2 0 26,186 "222";
223 1 0 201,272 "223";
224 0 1 157,286 "224";
225 2 0 17,21 "225";
226 1 0 156,223 "226";
227 0 0 191,202 "227";
228 1 0 15,214 "228";
229 2 1 58,73 "229";
230 2 0 85,220 "230";
231 2 0 67,187 "231";
232 2 1 0,107 "232";
233 0 1 95,269 "233";
234 1 0 121,226 "234";
235 1 0 89,227 "235";
236 0 1 244,278 "236";
237 1 1 115,294 "237";
238 2 0 191,212 "238";
239 2 1 150,288 "239";
240 2 0 4,257 "240";
241 2 1 58,222 "241";
242 2 1 17,221 "242";
243 2 1 84,146 "243";
244 0 0 185,288 "244";
245 1 0 154,274 "245";
246 0 1 91,98 "246";
247 0 0 95,205 "247";
248 1 1 42,214 "248";
249 2 1 200,277 "249";
250 0 0 5,144 "250";
251 2 1 23,265 "251";
252 2 1 155,196 "252";
253 2 1 148,153 "253";
254 1 0 54,106 "254";
255 2 0 92,220 "255";
256 0 0 159,240 "256";
257 2 0 22,62 "257";
258 0 0 72,107 "258";
259 0 0 230,277 "259";
260 2 0 76,144 "260";
261 1 1 69,168 "261";
262 1 0 9,62 "262";
263 0 0 220,258 "263";
264 2 0 122,266 "264";
265 0 0 87,110 "265";
266 2 0 276,294 "266";
267 2 0 33,185 "267";
268 2 0 145,163 "268";
269 1 0 73,230 "269";
270 1 1 59,110 "270";
271 0 0 185,227 "271";
272 0 0 55,109 "272";
273 1 0 233,244 "273";
274 0 0 51,110 "274";
275 1 1 200,225 "275";
276 1 1 98,197 "276";
277 0 0 208,260 "277";
278 2 0 104,129 "278";
279 1 0 89,113 "279";
280 1 0 124,248 "280";
281 1 0 30,212 "281";
282 0 1 243,285 "282";
283 1 0 57,115 "283";
284 1 0 44,49 "284";
285 1 1 238,239 "285";
286 2 0 194,273 "286";
287 2 1 114,253 "287";
288 0 1 91,159 "288";
289 0 0 185,221 "289";
290 0 1 190,201 "290";
291 1 1 42,110 "291";
292 0 1 9,112 "292";
293 0 0 230,283 "293";
294 1 1 141,206 "294";
