parity 204;
0 1 0 129,167 "0";
1 2 1 12,178 "1";
2 0 1 108,147 "2";
3 0 0 51,71 "3";
4 2 1 46,163 "4";
5 0 1 23,192 "5";
6 2 1 103,171 "6";
7 1 0 37,119 "7";
8 1 0 38,136 "8";
9 0 1 97,111 "9";
10 1 0 12,182 "10";
11 1 0 31,152 "11";
12 2 1 19,144 "12";
13 2 1 69,145 "13";
14 2 1 171,174 "14";
15 0 0 55,57 "15";
16 2 1 85,203 "16";
17 0 0 133,167 "17";
18 2 0 15,119 "18";
19 2 0 83,102 "19";
20 1 0 79,150 "20";
21 0 0 26,34 "21";
22 2 1 115,141 "22";
23 1 0 176,189 "23";
24 2 1 141,175 "24";
25 0 0 68,94 "25";
26 0 0 83,104 "26";
27 2 0 96,108 "27";
28 1 0 88,153 "28";
29 1 1 106,192 "29";
30 2 1 17,54 "30";
31 1 0 27,52 "31";
32 1 1 14,142 "32";
33 2 1 6,139 "33";
34 0 0 134,156 "34";
35 0 0 0,127 "35";
36 1 1 28,86 "36";
37 0 1 110,191 "37";
38 2 0 121,128 "38";
39 0 1 86,196 "39";
40 1 1 0,20 "40";
41 0 0 53,132 "41";
42 1 1 3,80 "42";
43 2 1 0,133 "43";
44 1 0 6,196 "44";
45 0 1 25,75 "45";
46 2 0 24,184 "46";
47 0 0 7,96 "47";
48 2 1 17,197 "48";
49 2 1 55,163 "49";
50 2 1 160,168 "50";
51 0 1 6,158 "51";
52 2 0 31,123 "52";
53 0 0 169,176 "53";
54 1 0 0,102 "54";
55 2 1 168,174 "55";
56 2 1 107,193 "56";
57 1 0 30,67 "57";
58 1 1 12,147 "58";
59 1 0 167,181 "59";
60 2 0 138,181 "60";
61 0 1 129,175 "61";
62 0 1 59,75 "62";
63 1 1 76,98 "63";
64 2 0 31,195 "64";
65 1 0 160,203 "65";
66 1 0 23,144 "66";
67 0 1 41,137 "67";
68 1 1 94,188 "68";
69 0 0 88,160 "69";
70 0 1 78,114 "70";
71 0 0 136,170 "71";
72 0 1 151,158 "72";
73 2 1 25,76 "73";
74 2 1 57,191 "74";
75 2 0 28,84 "75";
76 2 0 68,202 "76";
77 2 0 133,193 "77";
78 1 1 28,199 "78";
79 1 1 8,120 "79";
80 1 0 12,146 "80";
81 2 1 39,54 "81";
82 1 1 12,145 "82";
83 2 0 68,164 "83";
84 0 1 73,187 "84";
85 0 0 187,189 "85";
86 0 0 40,190 "86";
87 2 1 20,123 "87";
88 1 1 11,185 "88";
89 2 1 62,180 "89";
90 2 1 115,166 "90";
91 1 1 7,66 "91";
92 2 0 24,41 "92";
93 2 1 112,117 "93";
94 0 1 22,79 "94";
95 1 1 161,184 "95";
96 2 0 154,183 "96";
97 2 1 106,122 "97";
98 2 1 41,157 "98";
99 2 1 82,124 "99";
100 1 1 20,150 "100";
101 0 0 23,125 "101";
102 0 0 40,92 "102";
103 1 0 24,107 "103";
104 0 1 41,68 "104";
105 2 0 104,169 "105";
106 2 1 33,107 "106";
107 2 1 67,102 "107";
108 1 1 14,77 "108";
109 0 0 26,197 "109";
110 2 1 43,165 "110";
111 1 1 30,189 "111";
112 0 0 56,144 "112";
113 0 0 4,108 "113";
114 1 1 122,141 "114";
115 1 0 143,197 "115";
116 2 0 130,149 "116";
117 2 1 15,145 "117";
118 1 0 124,191 "118";
119 0 0 149,165 "119";
120 0 1 45,132 "120";
121 2 0 18,119 "121";
122 1 0 188,198 "122";
123 2 0 15,80 "123";
124 0 1 43,94 "124";
125 2 0 53,151 "125";
126 2 0 69,121 "126";
127 0 1 159,167 "127";
128 1 0 1,204 "128";
129 0 0 139,166 "129";
130 0 1 55,87 "130";
131 2 1 101,183 "131";
132 2 1 118,145 "132";
133 0 0 43,153 "133";
134 2 0 80,93 "134";
135 0 1 1,139 "135";
136 1 1 1,112 "136";
137 1 1 158,172 "137";
138 0 1 105,113 "138";
139 1 1 66,126 "139";
140 1 0 102,111 "140";
141 1 1 61,88 "141";
142 2 0 89,183 "142";
143 2 1 72,153 "143";
144 2 0 143,165 "144";
145 2 0 2,27 "145";
146 0 0 36,160 "146";
147 0 1 81,146 "147";
148 2 0 34,150 "148";
149 2 0 25,137 "149";
150 2 1 60,86 "150";
151 2 0 99,113 "151";
152 1 1 11,126 "152";
153 2 1 36,51 "153";
154 1 1 190,201 "154";
155 1 1 137,170 "155";
156 1 0 81,87 "156";
157 1 0 135,185 "157";
158 2 1 156,170 "158";
159 2 1 64,132 "159";
160 2 0 132,190 "160";
161 2 0 19,67 "161";
162 2 0 61,74 "162";
163 1 1 58,190 "163";
164 2 0 15,197 "164";
165 1 0 186,202 "165";
166 0 1 94,154 "166";
167 0 1 32,109 "167";
168 2 0 57,77 "168";
169 0 1 94,196 "169";
170 1 0 56,163 "170";
171 2 1 116,199 "171";
172 2 0 113,156 "172";
173 0 0 61,80 "173";
174 1 1 42,86 "174";
175 0 0 6,46 "175";
176 0 1 45,160 "176";
177 1 1 85,150 "177";
178 0 0 152,189 "178";
179 0 0 35,201 "179";
180 2 0 66,181 "180";
181 1 0 130,186 "181";
182 1 1 39,199 "182";
183 0 0 78,149 "183";
184 2 1 10,32 "184";
185 2 0 121,192 "185";
186 1 0 16,73 "186";
187 0 1 111,170 "187";
188 1 1 23,147 "188";
189 0 1 12,141 "189";
190 2 0 10,67 "190";
191 1 0 10,167 "191";
192 2 1 80,201 "192";
193 2 0 37,151 "193";
194 0 1 21,81 "194";
195 1 1 30,92 "195";
196 1 0 59,132 "196";
197 1 0 42,166 "197";
198 0 0 84,166 "198";
199 0 0 32,144 "199";
200 1 0 5,93 "200";
201 2 0 37,186 "201";
202 1 1 105,162 "202";
203 1 0 2,103 "203";
204 2 0 52,115 "204";
