parity 249;
0 2 1 207,238 "0";
1 0 0 142,159 "1";
2 1 0 32,97 "2";
3 2 0 175,210 "3";
4 0 0 50,89 "4";
5 1 0 20,89 "5";
6 0 1 73,234 "6";
7 0 0 119,208 "7";
8 2 1 159,242 "8";
9 1 0 131,217 "9";
10 0 1 191,244 "10";
11 1 0 205,227 "11";
12 1 0 198,233 "12";
13 1 0 32,119 "13";
14 2 0 164,170 "14";
15 2 0 23,28 "15";
16 0 0 50,143 "16";
17 0 0 157,223 "17";
18 2 1 141,191 "18";
19 2 0 158,212 "19";
20 1 0 46,203 "20";
21 2 1 137,218 "21";
22 0 1 20,120 "22";
23 2 0 165,172 "23";
24 2 1 106,227 "24";
25 1 1 64,132 "25";
26 2 1 100,193 "26";
27 0 0 147,187 "27";
28 0 0 177,230 "28";
29 2 1 47,75 "29";
30 2 1 14,200 "30";
31 1 0 77,78 "31";
32 0 0 36,188 "32";
33 2 0 203,234 "33";
34 0 0 91,120 "34";
35 2 0 154,241 "35";
36 1 1 81,216 "36";
37 2 1 19,117 "37";
38 1 1 81,125 "38";
39 1 0 11,100 "39";
40 1 1 33,165 "40";
41 2 0 112,169 "41";
42 2 0 43,96 "42";
43 1 1 25,120 "43";
44 1 1 58,66 "44";
45 2 0 53,131 "45";
46 2 1 100,242 "46";
47 2 0 179,193 "47";
48 0 1 60,115 "48";
49 0 1 117,184 "49";
50 1 0 156,244 "50";
51 2 0 184,211 "51";
52 2 0 106,236 "52";
53 1 1 126,222 "53";
54 1 0 7,179 "54";
55 2 1 215,244 "55";
56 0 1 41,93 "56";
57 1 0 151,171 "57";
58 0 0 16,151 "58";
59 1 1 207,220 "59";
60 1 0 92,188 "60";
61 1 0 57,151 "61";
62 2 1 206,226 "62";
63 0 1 84,138 "63";
64 0 1 90,107 "64";
65 2 0 1,117 "65";
66 0 0 153,247 "66";
67 1 0 117,188 "67";
68 2 0 127,169 "68";
69 2 0 67,171 "69";
70 0 0 31,49 "70";
71 2 1 2,61 "71";
72 2 0 88,116 "72";
73 1 1 13,132 "73";
74 0 1 23,162 "74";
75 2 0 222,228 "75";
76 0 1 164,213 "76";
77 2 0 68,156 "77";
78 0 0 204,246 "78";
79 1 0 93,141 "79";
80 0 1 183,197 "80";
81 1 0 4,90 "81";
82 0 0 23,54 "82";
83 2 0 172,184 "83";
84 2 0 47,96 "84";
85 2 0 116,232 "85";
86 2 1 129,187 "86";
87 2 1 73,221 "87";
88 0 1 130,177 "88";
89 0 0 61,128 "89";
90 0 0 111,156 "90";
91 1 0 36,147 "91";
92 2 0 122,191 "92";
93 2 1 64,81 "93";
94 0 1 63,185 "94";
95 1 0 156,194 "95";
96 2 0 194,249 "96";
97 1 0 165,169 "97";
98 1 0 92,115 "98";
99 2 1 29,225 "99";
100 0 1 29,207 "100";
101 1 1 66,163 "101";
102 0 1 45,146 "102";
103 0 0 13,110 "103";
104 1 1 148,179 "104";
105 1 0 60,226 "105";
106 1 1 80,155 "106";
107 2 0 74,222 "107";
108 1 0 208,211 "108";
109 2 0 23,74 "109";
110 0 0 90,230 "110";
111 0 1 5,166 "111";
112 2 1 220,222 "112";
113 1 1 42,118 "113";
114 2 1 35,126 "114";
115 0 0 8,170 "115";
116 1 0 40,230 "116";
117 2 0 40,246 "117";
118 0 1 46,128 "118";
119 0 0 96,221 "119";
120 1 1 18,167 "120";
121 0 0 98,173 "121";
122 1 1 22,203 "122";
123 1 1 11,107 "123";
124 1 1 180,212 "124";
125 1 0 132,229 "125";
126 1 1 155,197 "126";
127 1 0 57,181 "127";
128 2 1 7,19 "128";
129 2 0 87,121 "129";
130 1 0 118,215 "130";
131 1 0 112,211 "131";
132 2 0 13,90 "132";
133 2 0 104,228 "133";
134 2 1 111,236 "134";
135 2 1 17,140 "135";
136 0 0 64,158 "136";
137 2 1 115,221 "137";
138 2 1 20,155 "138";
139 1 1 27,123 "139";
140 0 0 178,233 "140";
141 0 1 8,235 "141";
142 0 0 20,145 "142";
143 1 1 201,229 "143";
144 1 0 131,180 "144";
145 0 1 12,231 "145";
146 0 0 11,196 "146";
147 0 0 42,50 "147";
148 0 1 10,35 "148";
149 1 1 209,217 "149";
150 2 0 20,109 "150";
151 0 1 128,213 "151";
152 2 1 130,237 "152";
153 0 1 62,195 "153";
154 2 1 235,240 "154";
155 2 1 59,67 "155";
156 1 1 89,99 "156";
157 0 1 23,43 "157";
158 1 1 147,244 "158";
159 1 1 140,173 "159";
160 2 1 83,207 "160";
161 2 1 54,172 "161";
162 0 0 61,221 "162";
163 2 1 10,59 "163";
164 1 0 24,168 "164";
165 2 0 94,192 "165";
166 0 0 142,159 "166";
167 0 1 62,229 "167";
168 0 0 135,231 "168";
169 2 1 124,207 "169";
170 0 1 57,147 "170";
171 1 1 113,116 "171";
172 1 1 54,182 "172";
173 2 1 123,245 "173";
174 2 0 113,196 "174";
175 0 1 17,117 "175";
176 2 1 146,242 "176";
177 1 1 7,56 "177";
178 0 1 1,245 "178";
179 0 1 110,226 "179";
180 2 0 119,172 "180";
181 0 1 62,75 "181";
182 1 1 13,148 "182";
183 2 0 60,237 "183";
184 1 0 118,165 "184";
185 0 0 56,225 "185";
186 1 0 39,156 "186";
187 2 1 22,200 "187";
188 2 0 112,123 "188";
189 1 0 61,109 "189";
190 1 1 108,174 "190";
191 2 1 143,234 "191";
192 2 0 125,231 "192";
193 0 1 179,201 "193";
194 2 0 67,166 "194";
195 0 1 194,221 "195";
196 0 0 116,174 "196";
197 0 1 177,241 "197";
198 1 0 1,148 "198";
199 0 1 73,207 "199";
200 2 1 136,228 "200";
201 2 1 79,110 "201";
202 1 1 68,132 "202";
203 1 1 126,198 "203";
204 2 0 75,149 "204";
205 1 1 24,154 "205";
206 2 1 82,225 "206";
207 0 1 95,227 "207";
208 0 1 90,132 "208";
209 2 0 64,73 "209";
210 0 1 65,149 "210";
211 1 1 131,166 "211";
212 1 1 54,158 "212";
213 2 0 30,132 "213";
214 2 1 9,82 "214";
215 0 0 57,189 "215";
216 2 1 15,58 "216";
217 1 0 188,216 "217";
218 2 1 15,103 "218";
219 1 0 120,133 "219";
220 1 1 130,146 "220";
221 1 1 155,174 "221";
222 1 0 114,177 "222";
223 2 0 207,244 "223";
224 1 0 146,230 "224";
225 2 1 141,240 "225";
226 2 1 70,107 "226";
227 1 0 210,213 "227";
228 0 0 4,144 "228";
229 1 1 29,59 "229";
230 1 0 7,101 "230";
231 0 0 135,161 "231";
232 0 1 31,204 "232";
233 2 0 76,89 "233";
234 2 1 214,247 "234";
235 1 1 20,205 "235";
236 0 1 148,173 "236";
237 1 0 109,231 "237";
238 1 1 135,153 "238";
239 0 0 2,232 "239";
240 2 1 225,244 "240";
241 1 0 88,169 "241";
242 0 0 27,115 "242";
243 1 1 7,141 "243";
244 0 1 124,197 "244";
245 1 0 90,185 "245";
246 1 1 149,211 "246";
247 2 1 36,62 "247";
248 1 1 11,97 "248";
249 0 1 49,111 "249";
