parity 254;
0 0 1 26,66 "0";
1 1 1 64,75 "1";
2 0 0 54,105 "2";
3 2 1 182,250 "3";
4 1 1 161,222 "4";
5 1 1 43,203 "5";
6 2 0 49,161 "6";
7 2 1 121,140 "7";
8 0 0 64,68 "8";
9 2 1 0,22 "9";
10 1 1 185,189 "10";
11 2 1 68,154 "11";
12 1 0 168,224 "12";
13 1 0 116,193 "13";
14 2 1 24,60 "14";
15 1 1 31,62 "15";
16 2 0 98,137 "16";
17 2 1 99,202 "17";
18 2 0 35,195 "18";
19 0 0 153,226 "19";
20 0 1 67,102 "20";
21 1 0 35,111 "21";
22 1 0 208,232 "22";
23 1 1 111,152 "23";
24 2 0 68,176 "24";
25 2 1 0,178 "25";
26 0 1 75,132 "26";
27 0 0 52,246 "27";
28 1 0 106,222 "28";
29 0 1 192,229 "29";
30 2 1 82,236 "30";
31 1 0 130,244 "31";
32 2 0 76,110 "32";
33 2 0 49,158 "33";
34 1 1 5,43 "34";
35 0 0 156,201 "35";
36 1 1 71,236 "36";
37 0 1 50,128 "37";
38 0 0 110,114 "38";
39 1 0 130,168 "39";
40 0 0 15,47 "40";
41 0 0 3,28 "41";
42 1 1 103,198 "42";
43 0 0 34,236 "43";
44 1 1 161,181 "44";
45 0 1 55,136 "45";
46 1 1 194,202 "46";
47 0 1 59,239 "47";
48 2 1 40,247 "48";
49 1 1 187,201 "49";
50 1 0 33,94 "50";
51 2 1 95,114 "51";
52 2 1 10,77 "52";
53 0 0 105,162 "53";
54 2 1 65,164 "54";
55 0 1 81,108 "55";
56 1 1 97,169 "56";
57 1 0 41,55 "57";
58 0 1 60,123 "58";
59 1 1 140,153 "59";
60 1 1 96,178 "60";
61 2 0 43,174 "61";
62 0 0 178,253 "62";
63 0 1 108,122 "63";
64 2 0 28,244 "64";
65 0 1 145,217 "65";
66 1 0 29,50 "66";
67 0 1 0,221 "67";
68 2 1 8,147 "68";
69 0 1 61,224 "69";
70 1 1 129,214 "70";
71 0 1 29,109 "71";
72 0 1 11,118 "72";
73 0 0 1,219 "73";
74 2 0 81,254 "74";
75 0 0 133,253 "75";
76 1 0 30,219 "76";
77 1 1 120,138 "77";
78 2 0 87,161 "78";
79 1 0 9,179 "79";
80 0 0 1,94 "80";
81 1 1 101,171 "81";
82 2 0 103,142 "82";
83 1 0 15,132 "83";
84 1 1 50,173 "84";
85 1 0 203,221 "85";
86 0 0 134,156 "86";
87 2 1 64,209 "87";
88 2 0 66,93 "88";
89 0 1 175,235 "89";
90 2 0 206,225 "90";
91 0 1 41,176 "91";
92 2 1 31,71 "92";
93 1 1 56,223 "93";
94 2 1 11,233 "94";
95 0 0 69,74 "95";
96 2 0 3,216 "96";
97 2 1 54,154 "97";
98 1 1 95,226 "98";
99 1 1 61,78 "99";
100 1 0 107,154 "100";
101 0 0 39,207 "101";
102 1 0 66,88 "102";
103 2 0 12,85 "103";
104 2 1 70,96 "104";
105 2 1 72,127 "105";
106 0 1 221,224 "106";
107 2 0 158,168 "107";
108 1 0 32,165 "108";
109 2 1 19,224 "109";
110 2 0 173,179 "110";
111 2 0 24,44 "111";
112 2 0 49,89 "112";
113 0 0 31,246 "113";
114 1 0 49,88 "114";
115 1 0 133,152 "115";
116 0 0 111,251 "116";
117 0 1 12,36 "117";
118 2 0 44,174 "118";
119 2 0 223,239 "119";
120 2 1 61,110 "120";
121 2 1 69,211 "121";
122 0 0 97,180 "122";
123 2 0 84,119 "123";
124 1 0 207,249 "124";
125 2 1 99,166 "125";
126 2 1 31,142 "126";
127 2 1 17,207 "127";
128 1 1 121,154 "128";
129 2 1 176,207 "129";
130 0 1 43,233 "130";
131 1 0 54,227 "131";
132 1 0 180,254 "132";
133 1 1 151,240 "133";
134 2 0 147,250 "134";
135 0 0 9,129 "135";
136 0 0 143,144 "136";
137 1 1 128,166 "137";
138 2 0 125,176 "138";
139 0 0 92,118 "139";
140 0 0 98,130 "140";
141 0 0 30,78 "141";
142 0 0 99,159 "142";
143 2 1 154,208 "143";
144 0 0 25,155 "144";
145 0 0 127,157 "145";
146 1 1 4,33 "146";
147 0 1 3,10 "147";
148 2 0 153,229 "148";
149 2 0 74,122 "149";
150 0 1 14,162 "150";
151 2 1 226,245 "151";
152 1 0 62,100 "152";
153 2 0 11,162 "153";
154 1 0 148,150 "154";
155 1 0 64,73 "155";
156 0 1 199,214 "156";
157 0 0 18,38 "157";
158 2 0 5,109 "158";
159 0 0 28,73 "159";
160 1 0 13,246 "160";
161 1 0 233,243 "161";
162 2 1 133,215 "162";
163 1 0 80,145 "163";
164 0 1 112,210 "164";
165 2 1 116,222 "165";
166 0 0 55,80 "166";
167 0 1 201,235 "167";
168 1 1 128,172 "168";
169 2 1 42,54 "169";
170 2 1 140,216 "170";
171 2 1 59,130 "171";
172 0 0 58,226 "172";
173 1 0 110,195 "173";
174 0 0 25,253 "174";
175 0 0 8,169 "175";
176 2 0 142,226 "176";
177 0 0 68,115 "177";
178 1 0 171,225 "178";
179 0 1 70,253 "179";
180 0 0 67,117 "180";
181 0 0 30,99 "181";
182 0 1 61,100 "182";
183 0 1 3,170 "183";
184 0 1 88,164 "184";
185 2 1 74,251 "185";
186 0 0 91,125 "186";
187 1 0 44,196 "187";
188 2 1 55,215 "188";
189 0 0 218,245 "189";
190 1 0 201,203 "190";
191 0 1 8,185 "191";
192 1 1 12,190 "192";
193 2 0 2,56 "193";
194 1 0 42,226 "194";
195 0 1 83,198 "195";
196 2 0 165,198 "196";
197 2 0 132,191 "197";
198 2 0 7,57 "198";
199 0 0 58,141 "199";
200 1 0 49,249 "200";
201 1 0 12,32 "201";
202 2 1 96,121 "202";
203 0 1 126,238 "203";
204 2 0 52,195 "204";
205 1 1 111,195 "205";
206 0 1 190,249 "206";
207 0 0 147,253 "207";
208 2 1 17,43 "208";
209 1 1 39,158 "209";
210 2 1 123,254 "210";
211 1 0 146,245 "211";
212 0 1 25,151 "212";
213 1 1 33,174 "213";
214 2 1 186,194 "214";
215 2 0 182,210 "215";
216 0 0 24,163 "216";
217 1 0 83,125 "217";
218 2 0 124,192 "218";
219 2 1 5,233 "219";
220 1 0 108,234 "220";
221 2 1 43,226 "221";
222 0 0 69,153 "222";
223 2 0 192,247 "223";
224 0 0 113,158 "224";
225 2 0 164,183 "225";
226 1 1 107,142 "226";
227 1 1 110,123 "227";
228 1 1 57,196 "228";
229 1 1 171,227 "229";
230 1 1 3,162 "230";
231 2 0 20,205 "231";
232 1 0 66,113 "232";
233 0 1 64,145 "233";
234 1 0 139,251 "234";
235 1 1 14,119 "235";
236 1 0 115,211 "236";
237 1 1 46,128 "237";
238 1 0 176,203 "238";
239 2 0 86,113 "239";
240 1 1 112,148 "240";
241 2 0 3,176 "241";
242 2 0 109,180 "242";
243 1 0 124,202 "243";
244 0 0 41,57 "244";
245 0 1 116,152 "245";
246 2 1 12,89 "246";
247 2 0 13,214 "247";
248 0 1 53,237 "248";
249 0 1 47,96 "249";
250 2 1 13,128 "250";
251 2 1 18,191 "251";
252 0 0 10,254 "252";
253 1 1 11,166 "253";
254 2 1 227,252 "254";
