parity 219;
0 2 1 93,196 "0";
1 2 0 124,146 "1";
2 2 1 34,74 "2";
3 0 1 85,184 "3";
4 1 0 161,218 "4";
5 2 0 51,208 "5";
6 2 0 104,121 "6";
7 2 0 58,81 "7";
8 1 1 59,156 "8";
9 0 1 200,216 "9";
10 0 1 60,151 "10";
11 1 1 2,36 "11";
12 1 1 13,47 "12";
13 2 0 104,114 "13";
14 0 1 63,120 "14";
15 2 0 101,153 "15";
16 2 1 1,111 "16";
17 0 0 60,103 "17";
18 1 1 70,94 "18";
19 0 1 66,163 "19";
20 2 1 12,196 "20";
21 1 0 167,205 "21";
22 1 0 36,97 "22";
23 2 0 101,173 "23";
24 0 1 109,160 "24";
25 2 0 52,139 "25";
26 0 0 98,129 "26";
27 2 0 11,154 "27";
28 2 1 7,156 "28";
29 0 1 22,170 "29";
30 1 1 52,170 "30";
31 2 0 17,49 "31";
32 0 1 69,84 "32";
33 2 1 117,189 "33";
34 0 0 57,109 "34";
35 1 1 0,110 "35";
36 1 1 88,217 "36";
37 1 1 175,192 "37";
38 0 0 80,94 "38";
39 2 0 34,54 "39";
40 1 0 32,193 "40";
41 1 1 5,51 "41";
42 1 1 14,212 "42";
43 1 1 8,15 "43";
44 1 0 15,169 "44";
45 0 0 134,143 "45";
46 0 1 35,195 "46";
47 2 0 91,181 "47";
48 0 1 163,168 "48";
49 2 0 47,148 "49";
50 0 1 1,128 "50";
51 2 1 166,174 "51";
52 2 0 199,213 "52";
53 2 1 27,149 "53";
54 0 1 11,172 "54";
55 0 1 162,185 "55";
56 2 1 3,107 "56";
57 0 0 13,209 "57";
58 1 0 19,85 "58";
59 2 0 88,149 "59";
60 1 0 12,61 "60";
61 1 0 4,140 "61";
62 2 0 6,126 "62";
63 1 1 113,167 "63";
64 1 0 65,168 "64";
65 2 0 39,53 "65";
66 1 1 2,13 "66";
67 0 1 7,161 "67";
68 1 0 10,69 "68";
69 2 1 44,197 "69";
70 1 0 42,167 "70";
71 0 1 18,83 "71";
72 2 0 7,152 "72";
73 2 1 42,121 "73";
74 0 0 130,165 "74";
75 1 1 109,166 "75";
76 0 1 31,83 "76";
77 2 1 37,138 "77";
78 1 1 14,115 "78";
79 1 1 63,160 "79";
80 2 0 95,198 "80";
81 0 0 9,109 "81";
82 2 0 49,189 "82";
83 0 1 22,76 "83";
84 2 1 14,116 "84";
85 1 1 69,181 "85";
86 1 1 38,98 "86";
87 0 0 113,144 "87";
88 2 0 113,180 "88";
89 1 1 31,91 "89";
90 0 1 173,179 "90";
91 2 1 9,203 "91";
92 1 0 1,60 "92";
93 1 0 75,117 "93";
94 0 1 79,136 "94";
95 2 0 39,219 "95";
96 1 0 23,213 "96";
97 1 0 9,80 "97";
98 1 1 4,203 "98";
99 1 1 35,63 "99";
100 1 1 95,124 "100";
101 1 0 147,172 "101";
102 0 0 40,176 "102";
103 0 1 10,92 "103";
104 2 1 115,121 "104";
105 2 0 111,198 "105";
106 2 0 48,181 "106";
107 1 0 124,143 "107";
108 1 0 72,74 "108";
109 2 1 4,29 "109";
110 1 0 150,179 "110";
111 2 1 187,195 "111";
112 1 0 52,133 "112";
113 1 1 97,218 "113";
114 2 0 82,211 "114";
115 0 1 104,125 "115";
116 2 1 109,190 "116";
117 0 0 23,153 "117";
118 0 1 130,140 "118";
119 0 1 25,57 "119";
120 0 1 19,53 "120";
121 0 1 97,209 "121";
122 0 0 74,158 "122";
123 2 1 18,64 "123";
124 1 0 5,191 "124";
125 0 1 71,140 "125";
126 1 0 15,131 "126";
127 0 0 152,162 "127";
128 0 0 51,65 "128";
129 0 1 8,194 "129";
130 1 0 30,160 "130";
131 1 1 44,45 "131";
132 1 0 4,68 "132";
133 2 0 43,77 "133";
134 2 0 36,210 "134";
135 1 0 141,199 "135";
136 2 1 78,165 "136";
137 0 0 127,214 "137";
138 0 0 9,154 "138";
139 0 1 109,128 "139";
140 0 1 116,137 "140";
141 1 1 76,125 "141";
142 0 1 83,209 "142";
143 0 1 71,218 "143";
144 0 1 46,151 "144";
145 2 1 7,100 "145";
146 1 0 49,163 "146";
147 1 1 49,156 "147";
148 0 1 68,212 "148";
149 2 0 34,52 "149";
150 1 0 127,134 "150";
151 2 0 97,166 "151";
152 1 0 58,68 "152";
153 2 1 186,212 "153";
154 0 1 9,21 "154";
155 1 1 113,202 "155";
156 1 0 14,23 "156";
157 0 1 48,215 "157";
158 0 0 167,198 "158";
159 0 1 128,132 "159";
160 2 0 43,217 "160";
161 1 0 61,196 "161";
162 1 0 119,167 "162";
163 2 1 69,98 "163";
164 2 1 142,185 "164";
165 1 0 102,148 "165";
166 2 0 14,152 "166";
167 2 0 24,76 "167";
168 0 0 114,217 "168";
169 0 1 45,178 "169";
170 0 1 72,97 "170";
171 2 0 130,145 "171";
172 2 1 98,210 "172";
173 1 1 97,113 "173";
174 0 1 2,67 "174";
175 2 0 100,130 "175";
176 2 0 10,175 "176";
177 2 0 63,116 "177";
178 2 0 120,174 "178";
179 2 1 178,182 "179";
180 0 1 25,48 "180";
181 0 1 122,180 "181";
182 2 0 115,155 "182";
183 0 0 7,60 "183";
184 0 0 49,219 "184";
185 1 1 107,200 "185";
186 0 1 5,80 "186";
187 2 1 78,161 "187";
188 0 0 178,199 "188";
189 2 1 134,170 "189";
190 2 0 163,184 "190";
191 2 1 56,109 "191";
192 1 0 47,139 "192";
193 0 0 96,203 "193";
194 2 0 66,212 "194";
195 2 0 24,123 "195";
196 2 0 97,145 "196";
197 0 1 89,174 "197";
198 0 1 79,167 "198";
199 1 0 15,116 "199";
200 2 1 84,202 "200";
201 1 0 161,181 "201";
202 0 0 34,164 "202";
203 1 1 93,134 "203";
204 1 1 37,218 "204";
205 0 1 7,131 "205";
206 2 0 46,208 "206";
207 2 1 59,219 "207";
208 0 1 34,137 "208";
209 2 0 66,214 "209";
210 2 0 50,153 "210";
211 0 0 66,76 "211";
212 0 0 53,208 "212";
213 2 1 28,34 "213";
214 0 1 66,184 "214";
215 2 1 18,144 "215";
216 0 1 11,151 "216";
217 1 0 17,218 "217";
218 2 0 112,217 "218";
219 0 0 16,136 "219";
