parity 249;
0 1 0 209,246 "0";
1 2 1 20,184 "1";
2 2 1 140,181 "2";
3 0 0 33,216 "3";
4 2 0 41,164 "4";
5 2 1 158,247 "5";
6 0 0 26,88 "6";
7 2 1 75,94 "7";
8 2 1 83,207 "8";
9 2 1 4,196 "9";
10 1 1 162,242 "10";
11 1 1 121,207 "11";
12 0 1 208,225 "12";
13 0 1 63,223 "13";
14 0 1 49,159 "14";
15 1 0 103,136 "15";
16 1 1 71,157 "16";
17 2 1 66,208 "17";
18 1 0 68,139 "18";
19 0 0 20,179 "19";
20 1 1 87,105 "20";
21 1 1 82,96 "21";
22 2 1 81,244 "22";
23 1 1 151,242 "23";
24 1 0 79,111 "24";
25 2 0 194,210 "25";
26 1 1 60,190 "26";
27 0 1 120,141 "27";
28 2 1 169,233 "28";
29 2 0 27,187 "29";
30 0 0 97,130 "30";
31 0 0 64,76 "31";
32 2 1 154,170 "32";
33 1 0 162,221 "33";
34 0 1 197,225 "34";
35 1 1 106,111 "35";
36 1 0 0,43 "36";
37 0 0 3,232 "37";
38 0 0 40,233 "38";
39 2 0 82,214 "39";
40 2 1 102,245 "40";
41 2 1 22,175 "41";
42 0 1 9,32 "42";
43 0 1 95,158 "43";
44 1 1 171,193 "44";
45 0 0 53,189 "45";
46 2 0 101,235 "46";
47 0 1 64,206 "47";
48 0 1 208,236 "48";
49 2 0 104,135 "49";
50 0 0 107,242 "50";
51 1 0 105,155 "51";
52 0 1 1,160 "52";
53 2 0 36,237 "53";
54 2 0 111,214 "54";
55 2 0 183,243 "55";
56 0 0 13,66 "56";
57 0 1 94,206 "57";
58 0 1 6,66 "58";
59 1 0 100,245 "59";
60 2 0 98,190 "60";
61 2 1 52,144 "61";
62 2 1 216,219 "62";
63 0 1 183,221 "63";
64 0 0 166,211 "64";
65 2 1 210,234 "65";
66 1 1 126,183 "66";
67 0 0 33,203 "67";
68 2 0 74,141 "68";
69 2 0 155,216 "69";
70 2 1 28,162 "70";
71 1 1 49,181 "71";
72 0 0 4,20 "72";
73 2 0 52,140 "73";
74 2 0 44,105 "74";
75 1 0 84,152 "75";
76 2 1 234,239 "76";
77 1 0 17,114 "77";
78 1 1 37,237 "78";
79 1 0 19,193 "79";
80 0 0 69,119 "80";
81 1 0 0,31 "81";
82 2 0 34,191 "82";
83 0 0 4,198 "83";
84 2 1 126,144 "84";
85 2 1 63,145 "85";
86 0 1 39,202 "86";
87 1 1 15,207 "87";
88 1 0 53,164 "88";
89 0 1 116,203 "89";
90 2 1 53,140 "90";
91 0 1 170,182 "91";
92 1 0 37,60 "92";
93 2 1 49,224 "93";
94 1 1 117,136 "94";
95 0 0 149,242 "95";
96 1 0 107,171 "96";
97 0 1 89,181 "97";
98 1 0 229,234 "98";
99 0 1 12,245 "99";
100 1 1 69,123 "100";
101 0 1 98,203 "101";
102 1 0 8,39 "102";
103 1 1 127,218 "103";
104 0 1 194,247 "104";
105 0 0 1,116 "105";
106 1 1 114,165 "106";
107 2 1 19,208 "107";
108 2 1 97,243 "108";
109 0 0 111,161 "109";
110 2 0 10,190 "110";
111 0 1 38,207 "111";
112 1 0 84,118 "112";
113 0 1 9,214 "113";
114 1 0 19,211 "114";
115 2 1 70,126 "115";
116 1 0 125,238 "116";
117 1 1 38,102 "117";
118 1 1 103,115 "118";
119 1 1 74,152 "119";
120 0 1 47,131 "120";
121 0 0 56,228 "121";
122 1 1 161,244 "122";
123 0 0 17,155 "123";
124 2 0 78,200 "124";
125 0 0 111,179 "125";
126 0 0 172,208 "126";
127 0 0 4,182 "127";
128 0 1 124,168 "128";
129 0 0 120,212 "129";
130 1 1 24,42 "130";
131 1 0 26,29 "131";
132 2 1 185,223 "132";
133 2 1 124,248 "133";
134 0 0 29,81 "134";
135 2 0 8,78 "135";
136 2 0 120,183 "136";
137 2 0 78,169 "137";
138 1 0 4,122 "138";
139 1 1 10,12 "139";
140 1 1 38,170 "140";
141 2 1 45,70 "141";
142 2 0 181,209 "142";
143 2 0 184,232 "143";
144 0 0 2,30 "144";
145 1 0 8,58 "145";
146 0 0 14,87 "146";
147 2 1 70,134 "147";
148 2 1 28,100 "148";
149 1 0 56,175 "149";
150 1 1 39,149 "150";
151 0 1 25,227 "151";
152 0 1 73,157 "152";
153 1 1 67,247 "153";
154 2 1 227,238 "154";
155 1 0 111,144 "155";
156 2 1 124,135 "156";
157 0 1 39,74 "157";
158 1 0 65,176 "158";
159 1 0 115,135 "159";
160 1 0 12,145 "160";
161 1 0 150,235 "161";
162 1 1 79,239 "162";
163 0 0 93,198 "163";
164 2 1 62,160 "164";
165 0 1 66,94 "165";
166 1 0 39,148 "166";
167 1 1 16,78 "167";
168 1 0 148,246 "168";
169 2 0 174,237 "169";
170 2 0 6,14 "170";
171 2 1 78,157 "171";
172 1 1 17,98 "172";
173 1 0 95,96 "173";
174 0 0 96,98 "174";
175 2 0 5,205 "175";
176 0 0 67,81 "176";
177 0 0 37,164 "177";
178 2 0 174,247 "178";
179 1 1 87,92 "179";
180 1 0 48,85 "180";
181 0 1 18,77 "181";
182 0 0 111,127 "182";
183 0 0 22,26 "183";
184 0 0 60,147 "184";
185 1 1 89,152 "185";
186 1 0 3,81 "186";
187 0 0 143,206 "187";
188 0 0 26,94 "188";
189 2 0 89,201 "189";
190 1 1 7,207 "190";
191 0 1 95,142 "191";
192 1 0 98,162 "192";
193 1 1 3,83 "193";
194 1 0 9,116 "194";
195 1 1 110,118 "195";
196 1 0 126,152 "196";
197 0 1 4,99 "197";
198 0 0 56,213 "198";
199 0 0 75,247 "199";
200 1 1 43,177 "200";
201 2 0 67,189 "201";
202 2 1 44,139 "202";
203 1 0 70,209 "203";
204 2 1 13,38 "204";
205 0 1 29,159 "205";
206 2 1 101,161 "206";
207 0 1 66,245 "207";
208 2 1 204,229 "208";
209 1 0 15,216 "209";
210 1 1 34,199 "210";
211 0 1 109,206 "211";
212 2 0 136,150 "212";
213 1 1 7,245 "213";
214 0 0 17,80 "214";
215 1 0 224,229 "215";
216 2 1 76,87 "216";
217 2 0 21,204 "217";
218 1 1 63,184 "218";
219 1 0 74,168 "219";
220 2 1 62,100 "220";
221 2 0 9,124 "221";
222 1 1 11,76 "222";
223 2 1 25,92 "223";
224 0 0 9,71 "224";
225 2 1 34,60 "225";
226 1 0 46,79 "226";
227 2 0 65,200 "227";
228 0 1 64,107 "228";
229 0 0 194,209 "229";
230 0 0 172,177 "230";
231 2 0 96,225 "231";
232 2 0 55,138 "232";
233 1 0 76,182 "233";
234 0 1 150,198 "234";
235 2 0 29,233 "235";
236 2 1 38,232 "236";
237 1 0 22,184 "237";
238 1 1 88,203 "238";
239 1 1 213,230 "239";
240 0 1 46,79 "240";
241 2 0 112,174 "241";
242 0 1 134,193 "242";
243 2 0 54,239 "243";
244 2 0 30,91 "244";
245 1 0 176,179 "245";
246 0 0 30,130 "246";
247 0 0 63,69 "247";
248 1 0 66,215 "248";
249 1 1 142,180 "249";
