parity 279;
0 0 0 84,109 "0";
1 1 1 163,164 "1";
2 0 0 3,189 "2";
3 1 0 153,272 "3";
4 0 0 119,244 "4";
5 1 1 97,191 "5";
6 1 0 205,232 "6";
7 0 1 195,222 "7";
8 0 1 15,198 "8";
9 0 0 171,237 "9";
10 1 0 32,137 "10";
11 1 1 199,205 "11";
12 1 1 130,184 "12";
13 2 0 12,53 "13";
14 2 0 189,267 "14";
15 2 0 170,208 "15";
16 2 0 117,142 "16";
17 0 1 151,211 "17";
18 2 1 72,239 "18";
19 1 1 66,176 "19";
20 2 0 158,247 "20";
21 2 1 131,239 "21";
22 1 1 136,163 "22";
23 2 1 146,209 "23";
24 0 1 57,251 "24";
25 2 1 179,193 "25";
26 2 1 231,259 "26";
27 2 1 125,272 "27";
28 2 0 118,129 "28";
29 2 0 33,268 "29";
30 1 0 75,123 "30";
31 2 0 28,72 "31";
32 0 1 33,70 "32";
33 2 1 0,261 "33";
34 1 0 47,144 "34";
35 2 1 54,94 "35";
36 0 0 200,254 "36";
37 2 1 259,270 "37";
38 2 1 61,99 "38";
39 1 1 128,156 "39";
40 0 0 75,270 "40";
41 1 1 29,36 "41";
42 2 0 86,243 "42";
43 1 1 83,118 "43";
44 2 1 87,174 "44";
45 1 1 120,202 "45";
46 0 1 107,223 "46";
47 0 1 48,105 "47";
48 1 0 37,42 "48";
49 2 1 78,238 "49";
50 0 1 214,264 "50";
51 2 0 110,148 "51";
52 2 0 4,231 "52";
53 2 1 95,134 "53";
54 0 0 56,253 "54";
55 1 1 172,251 "55";
56 1 0 0,143 "56";
57 2 0 90,263 "57";
58 0 0 108,122 "58";
59 2 0 75,133 "59";
60 2 0 108,165 "60";
61 0 0 201,269 "61";
62 0 0 208,252 "62";
63 1 1 213,268 "63";
64 0 0 69,222 "64";
65 0 1 47,144 "65";
66 0 0 135,226 "66";
67 2 0 179,269 "67";
68 2 0 2,114 "68";
69 0 0 146,191 "69";
70 0 0 168,233 "70";
71 0 1 21,251 "71";
72 2 0 4,242 "72";
73 2 1 110,246 "73";
74 2 1 30,232 "74";
75 2 1 80,215 "75";
76 1 0 0,48 "76";
77 2 1 71,251 "77";
78 0 0 239,273 "78";
79 1 0 222,233 "79";
80 1 0 142,190 "80";
81 2 1 99,248 "81";
82 1 1 113,156 "82";
83 1 1 33,66 "83";
84 2 0 205,213 "84";
85 0 0 62,78 "85";
86 0 0 162,219 "86";
87 2 0 193,196 "87";
88 2 1 123,221 "88";
89 1 1 120,154 "89";
90 2 0 45,250 "90";
91 2 1 19,271 "91";
92 1 0 224,274 "92";
93 2 1 28,251 "93";
94 2 0 156,215 "94";
95 1 0 17,141 "95";
96 1 0 87,124 "96";
97 1 1 88,210 "97";
98 2 1 136,188 "98";
99 2 1 168,192 "99";
100 0 0 20,88 "100";
101 1 1 21,82 "101";
102 2 1 97,108 "102";
103 1 0 33,48 "103";
104 1 1 26,259 "104";
105 0 0 74,140 "105";
106 1 1 21,255 "106";
107 0 1 88,145 "107";
108 0 1 122,163 "108";
109 2 0 49,93 "109";
110 0 0 32,78 "110";
111 0 0 162,171 "111";
112 1 0 4,103 "112";
113 1 0 10,162 "113";
114 1 1 195,257 "114";
115 0 0 71,203 "115";
116 0 0 128,217 "116";
117 2 0 197,240 "117";
118 1 1 242,254 "118";
119 2 1 3,7 "119";
120 1 0 26,55 "120";
121 1 1 214,235 "121";
122 2 1 78,105 "122";
123 2 0 20,215 "123";
124 1 1 24,79 "124";
125 0 0 16,247 "125";
126 2 0 83,221 "126";
127 2 1 128,152 "127";
128 1 0 38,276 "128";
129 0 1 5,178 "129";
130 1 1 33,122 "130";
131 0 0 87,269 "131";
132 2 0 133,247 "132";
133 1 1 120,233 "133";
134 1 0 16,79 "134";
135 1 1 27,84 "135";
136 1 1 49,269 "136";
137 1 1 24,201 "137";
138 1 1 113,213 "138";
139 2 1 159,273 "139";
140 0 1 231,256 "140";
141 1 0 149,223 "141";
142 1 1 99,172 "142";
143 0 0 148,274 "143";
144 0 0 25,162 "144";
145 2 0 103,267 "145";
146 0 1 35,190 "146";
147 2 1 86,215 "147";
148 1 1 123,170 "148";
149 0 0 206,208 "149";
150 2 1 184,225 "150";
151 2 0 57,92 "151";
152 2 1 49,59 "152";
153 0 1 105,258 "153";
154 1 1 13,132 "154";
155 2 1 106,184 "155";
156 2 1 142,229 "156";
157 1 0 8,222 "157";
158 0 1 18,136 "158";
159 1 0 101,277 "159";
160 1 1 34,145 "160";
161 1 1 105,213 "161";
162 0 0 6,69 "162";
163 2 1 160,231 "163";
164 0 0 213,219 "164";
165 2 0 182,224 "165";
166 2 1 142,274 "166";
167 1 0 53,76 "167";
168 2 0 10,158 "168";
169 1 1 63,182 "169";
170 2 1 35,169 "170";
171 1 1 166,217 "171";
172 0 1 99,224 "172";
173 2 1 59,119 "173";
174 0 1 10,40 "174";
175 1 0 2,186 "175";
176 1 1 112,161 "176";
177 2 0 30,210 "177";
178 1 1 113,217 "178";
179 2 1 42,224 "179";
180 0 0 163,192 "180";
181 1 1 5,221 "181";
182 0 1 175,193 "182";
183 0 1 29,97 "183";
184 2 0 115,276 "184";
185 2 1 65,176 "185";
186 0 0 28,166 "186";
187 2 0 212,266 "187";
188 0 1 21,42 "188";
189 0 0 106,211 "189";
190 2 1 153,226 "190";
191 0 1 71,190 "191";
192 2 0 63,118 "192";
193 1 0 84,178 "193";
194 0 0 164,231 "194";
195 1 1 197,248 "195";
196 2 0 170,217 "196";
197 1 1 165,171 "197";
198 0 1 144,222 "198";
199 2 0 31,106 "199";
200 1 0 139,256 "200";
201 1 1 76,122 "201";
202 0 0 38,58 "202";
203 1 0 20,230 "203";
204 0 0 32,215 "204";
205 0 1 1,196 "205";
206 1 1 57,178 "206";
207 1 1 18,108 "207";
208 2 0 121,210 "208";
209 1 1 29,165 "209";
210 1 1 57,138 "210";
211 0 1 62,72 "211";
212 2 0 16,21 "212";
213 1 1 4,170 "213";
214 2 0 71,180 "214";
215 2 0 29,244 "215";
216 1 0 253,255 "216";
217 1 0 119,194 "217";
218 2 1 123,221 "218";
219 0 1 28,234 "219";
220 1 0 65,73 "220";
221 2 1 166,214 "221";
222 0 1 140,162 "222";
223 0 1 144,214 "223";
224 1 0 110,205 "224";
225 0 0 25,112 "225";
226 1 1 116,131 "226";
227 1 0 3,126 "227";
228 1 0 67,97 "228";
229 0 0 206,269 "229";
230 0 1 105,234 "230";
231 0 1 51,272 "231";
232 1 1 54,99 "232";
233 0 0 6,267 "233";
234 1 1 2,75 "234";
235 2 1 38,248 "235";
236 2 0 54,225 "236";
237 0 1 76,277 "237";
238 0 0 34,152 "238";
239 1 1 102,200 "239";
240 0 0 26,158 "240";
241 2 1 155,201 "241";
242 0 1 140,156 "242";
243 0 0 92,175 "243";
244 0 1 115,214 "244";
245 1 1 17,230 "245";
246 0 0 92,159 "246";
247 2 0 101,199 "247";
248 1 1 187,247 "248";
249 2 0 49,244 "249";
250 1 0 90,132 "250";
251 2 1 108,139 "251";
252 2 1 108,245 "252";
253 1 0 60,208 "253";
254 2 0 177,274 "254";
255 0 0 164,245 "255";
256 1 0 190,202 "256";
257 0 0 112,266 "257";
258 0 0 74,162 "258";
259 2 1 75,176 "259";
260 2 1 53,275 "260";
261 2 0 97,206 "261";
262 1 0 114,161 "262";
263 2 1 17,95 "263";
264 0 1 38,135 "264";
265 1 1 50,253 "265";
266 2 1 129,254 "266";
267 2 1 50,223 "267";
268 1 0 252,274 "268";
269 2 0 68,179 "269";
270 0 1 29,226 "270";
271 1 1 103,232 "271";
272 1 1 186,227 "272";
273 0 0 164,239 "273";
274 2 1 162,193 "274";
275 2 1 18,171 "275";
276 2 0 192,200 "276";
277 0 0 100,207 "277";
278 1 1 130,147 "278";
279 1 0 193,233 "279";
