parity 204;
0 0 0 49,194 "0";
1 0 1 39,194 "1";
2 1 1 114,181 "2";
3 2 1 178,190 "3";
4 1 0 7,34 "4";
5 2 1 106,156 "5";
6 1 0 105,148 "6";
7 0 0 8,47 "7";
8 2 1 18,40 "8";
9 0 0 125,181 "9";
10 1 1 37,173 "10";
11 1 1 131,155 "11";
12 1 0 16,95 "12";
13 2 0 22,193 "13";
14 0 1 0,25 "14";
15 0 1 8,168 "15";
16 2 0 2,192 "16";
17 2 0 115,116 "17";
18 1 1 23,102 "18";
19 0 0 89,168 "19";
20 0 0 108,126 "20";
21 0 0 14,65 "21";
22 0 0 35,37 "22";
23 2 1 100,131 "23";
24 0 1 127,179 "24";
25 2 0 7,71 "25";
26 2 1 99,117 "26";
27 0 1 47,135 "27";
28 1 0 25,30 "28";
29 1 0 2,81 "29";
30 2 0 63,65 "30";
31 0 0 11,119 "31";
32 1 0 33,114 "32";
33 2 1 82,146 "33";
34 0 1 35,112 "34";
35 0 0 27,130 "35";
36 1 0 133,158 "36";
37 1 1 29,188 "37";
38 2 0 157,167 "38";
39 0 1 105,174 "39";
40 1 1 70,165 "40";
41 0 1 50,174 "41";
42 1 0 58,169 "42";
43 2 1 108,180 "43";
44 1 0 60,119 "44";
45 2 0 139,140 "45";
46 1 0 89,119 "46";
47 0 1 62,202 "47";
48 2 0 169,171 "48";
49 2 0 101,154 "49";
50 1 0 112,204 "50";
51 2 1 4,33 "51";
52 0 1 51,88 "52";
53 2 1 44,174 "53";
54 2 1 23,43 "54";
55 2 0 14,88 "55";
56 0 1 17,125 "56";
57 1 0 121,162 "57";
58 1 0 56,114 "58";
59 1 1 19,140 "59";
60 0 1 51,196 "60";
61 2 0 63,79 "61";
62 0 0 7,136 "62";
63 2 0 127,163 "63";
64 1 0 101,106 "64";
65 1 1 42,197 "65";
66 0 1 105,150 "66";
67 0 0 99,164 "67";
68 0 0 135,141 "68";
69 2 1 154,203 "69";
70 1 0 102,124 "70";
71 2 1 187,198 "71";
72 1 1 51,183 "72";
73 0 1 106,113 "73";
74 1 1 62,182 "74";
75 1 0 96,183 "75";
76 0 1 70,145 "76";
77 1 0 32,143 "77";
78 1 1 10,58 "78";
79 1 1 42,52 "79";
80 1 1 37,132 "80";
81 2 0 14,103 "81";
82 1 1 30,138 "82";
83 2 1 94,170 "83";
84 2 1 42,197 "84";
85 1 1 20,198 "85";
86 0 0 15,143 "86";
87 0 1 36,126 "87";
88 2 1 51,203 "88";
89 1 0 58,96 "89";
90 0 0 118,149 "90";
91 1 1 30,47 "91";
92 1 1 34,36 "92";
93 2 1 52,199 "93";
94 2 0 175,198 "94";
95 1 1 16,170 "95";
96 0 0 141,150 "96";
97 1 0 145,181 "97";
98 1 1 38,163 "98";
99 0 1 35,46 "99";
100 1 0 41,52 "100";
101 0 0 82,168 "101";
102 0 1 160,180 "102";
103 2 1 11,130 "103";
104 0 1 93,167 "104";
105 2 1 6,95 "105";
106 2 0 29,142 "106";
107 1 0 103,154 "107";
108 0 1 100,112 "108";
109 0 0 29,168 "109";
110 1 1 7,41 "110";
111 1 0 25,69 "111";
112 2 0 111,139 "112";
113 2 1 128,203 "113";
114 0 1 1,61 "114";
115 1 0 91,124 "115";
116 1 1 8,131 "116";
117 0 1 5,183 "117";
118 0 0 121,163 "118";
119 0 0 18,183 "119";
120 2 0 23,90 "120";
121 0 0 143,183 "121";
122 0 0 33,84 "122";
123 0 0 7,174 "123";
124 0 0 163,170 "124";
125 0 1 19,169 "125";
126 2 1 11,92 "126";
127 1 1 22,69 "127";
128 2 1 88,191 "128";
129 0 1 7,75 "129";
130 1 1 30,142 "130";
131 0 0 44,71 "131";
132 0 1 72,122 "132";
133 1 0 55,142 "133";
134 1 0 9,39 "134";
135 0 1 39,123 "135";
136 2 1 45,133 "136";
137 1 1 15,36 "137";
138 2 0 69,108 "138";
139 1 0 62,109 "139";
140 0 0 99,154 "140";
141 2 0 79,144 "141";
142 0 0 45,200 "142";
143 0 1 107,127 "143";
144 0 1 42,190 "144";
145 0 1 39,185 "145";
146 0 1 71,103 "146";
147 0 0 91,174 "147";
148 0 0 76,144 "148";
149 2 1 33,197 "149";
150 1 1 177,199 "150";
151 0 0 64,139 "151";
152 1 1 41,47 "152";
153 2 1 8,169 "153";
154 2 1 63,148 "154";
155 0 1 113,160 "155";
156 2 0 17,179 "156";
157 2 0 112,136 "157";
158 0 1 66,138 "158";
159 0 0 131,152 "159";
160 2 0 61,140 "160";
161 1 1 86,193 "161";
162 2 0 140,156 "162";
163 1 1 1,34 "163";
164 1 1 30,78 "164";
165 0 0 33,75 "165";
166 0 0 16,64 "166";
167 0 1 24,46 "167";
168 1 0 149,156 "168";
169 1 1 18,146 "169";
170 1 1 11,109 "170";
171 2 0 154,174 "171";
172 1 1 92,150 "172";
173 1 1 124,181 "173";
174 2 1 62,90 "174";
175 1 0 55,93 "175";
176 0 0 11,169 "176";
177 1 1 50,71 "177";
178 2 1 68,138 "178";
179 0 1 76,154 "179";
180 2 0 90,192 "180";
181 2 0 156,202 "181";
182 2 1 50,64 "182";
183 0 1 94,100 "183";
184 1 1 127,199 "184";
185 0 1 12,152 "185";
186 2 1 25,54 "186";
187 2 0 103,122 "187";
188 2 0 100,201 "188";
189 1 1 28,142 "189";
190 1 1 55,154 "190";
191 2 1 4,19 "191";
192 0 0 110,134 "192";
193 1 0 85,167 "193";
194 0 1 40,179 "194";
195 1 0 39,66 "195";
196 2 0 117,151 "196";
197 1 0 29,156 "197";
198 0 1 111,142 "198";
199 1 0 51,66 "199";
200 0 1 50,152 "200";
201 0 1 0,193 "201";
202 0 0 123,136 "202";
203 2 1 52,86 "203";
204 2 0 25,188 "204";
