parity 234;
0 1 1 46,149 "0";
1 2 1 67,84 "1";
2 1 1 59,84 "2";
3 2 1 222,231 "3";
4 0 1 53,120 "4";
5 1 1 24,157 "5";
6 1 0 61,192 "6";
7 1 0 168,208 "7";
8 1 0 133,203 "8";
9 0 1 7,228 "9";
10 2 0 17,158 "10";
11 2 0 69,153 "11";
12 2 1 125,128 "12";
13 2 1 32,115 "13";
14 2 0 4,130 "14";
15 2 1 90,127 "15";
16 0 1 108,171 "16";
17 1 0 78,108 "17";
18 1 1 61,88 "18";
19 2 1 51,81 "19";
20 1 1 110,230 "20";
21 0 1 10,193 "21";
22 0 0 174,227 "22";
23 2 1 160,201 "23";
24 0 1 16,119 "24";
25 1 0 92,178 "25";
26 2 1 78,234 "26";
27 0 0 128,149 "27";
28 1 0 99,230 "28";
29 1 1 137,219 "29";
30 1 1 96,226 "30";
31 0 1 87,92 "31";
32 2 1 86,191 "32";
33 1 1 82,89 "33";
34 1 1 78,194 "34";
35 1 0 18,228 "35";
36 2 0 9,169 "36";
37 0 1 88,113 "37";
38 1 1 84,174 "38";
39 1 1 178,229 "39";
40 2 1 60,117 "40";
41 1 0 57,90 "41";
42 2 1 77,97 "42";
43 0 1 197,200 "43";
44 0 1 24,215 "44";
45 1 0 0,188 "45";
46 0 0 13,133 "46";
47 1 0 154,225 "47";
48 0 1 19,163 "48";
49 2 0 48,89 "49";
50 2 1 158,197 "50";
51 1 0 10,61 "51";
52 0 0 5,101 "52";
53 0 1 13,62 "53";
54 0 1 158,217 "54";
55 2 1 47,113 "55";
56 2 0 141,150 "56";
57 2 1 137,143 "57";
58 2 1 74,228 "58";
59 2 1 61,223 "59";
60 1 1 56,205 "60";
61 1 0 188,204 "61";
62 2 0 131,201 "62";
63 0 0 2,145 "63";
64 1 0 87,214 "64";
65 2 1 40,59 "65";
66 2 1 19,169 "66";
67 0 0 100,104 "67";
68 0 0 38,150 "68";
69 1 0 46,138 "69";
70 2 0 201,205 "70";
71 1 1 26,139 "71";
72 2 0 15,221 "72";
73 1 1 13,64 "73";
74 0 1 127,152 "74";
75 2 1 131,158 "75";
76 2 1 8,189 "76";
77 0 0 69,206 "77";
78 2 0 116,191 "78";
79 1 0 48,50 "79";
80 2 0 27,221 "80";
81 0 1 102,123 "81";
82 1 0 59,213 "82";
83 2 1 180,192 "83";
84 2 0 19,115 "84";
85 1 1 40,198 "85";
86 2 0 115,188 "86";
87 2 1 96,111 "87";
88 0 1 129,211 "88";
89 2 0 59,115 "89";
90 0 1 107,162 "90";
91 1 1 67,215 "91";
92 1 1 74,212 "92";
93 1 1 57,72 "93";
94 2 1 157,166 "94";
95 1 1 131,154 "95";
96 2 0 1,70 "96";
97 0 1 94,116 "97";
98 2 1 84,94 "98";
99 1 1 24,185 "99";
100 2 0 161,215 "100";
101 2 0 77,138 "101";
102 1 1 68,182 "102";
103 0 1 166,190 "103";
104 2 1 163,186 "104";
105 1 1 142,190 "105";
106 0 0 57,208 "106";
107 2 1 99,205 "107";
108 1 0 41,175 "108";
109 1 1 16,46 "109";
110 2 1 66,134 "110";
111 2 0 42,123 "111";
112 1 0 50,56 "112";
113 2 0 166,169 "113";
114 1 1 123,128 "114";
115 2 1 180,209 "115";
116 2 0 21,167 "116";
117 2 1 97,194 "117";
118 1 1 25,28 "118";
119 1 0 63,208 "119";
120 1 1 137,180 "120";
121 1 1 78,122 "121";
122 0 1 25,52 "122";
123 0 1 7,102 "123";
124 2 1 168,192 "124";
125 1 1 190,221 "125";
126 2 1 97,152 "126";
127 0 1 94,141 "127";
128 0 1 120,215 "128";
129 0 0 104,127 "129";
130 1 0 133,142 "130";
131 2 1 75,123 "131";
132 0 0 173,177 "132";
133 1 0 146,187 "133";
134 2 1 56,222 "134";
135 2 1 61,77 "135";
136 1 0 20,89 "136";
137 1 0 41,227 "137";
138 0 0 76,192 "138";
139 1 0 34,73 "139";
140 2 0 162,184 "140";
141 2 0 58,218 "141";
142 0 1 109,141 "142";
143 1 0 2,218 "143";
144 1 0 100,108 "144";
145 1 1 19,74 "145";
146 2 0 97,222 "146";
147 2 0 62,145 "147";
148 0 1 99,120 "148";
149 1 1 78,204 "149";
150 0 1 67,179 "150";
151 0 0 22,175 "151";
152 1 0 80,111 "152";
153 2 0 80,202 "153";
154 1 1 100,217 "154";
155 1 1 69,211 "155";
156 1 0 86,194 "156";
157 2 0 142,160 "157";
158 0 1 21,100 "158";
159 0 0 180,195 "159";
160 2 0 60,181 "160";
161 0 0 119,152 "161";
162 0 1 107,214 "162";
163 2 0 180,222 "163";
164 2 0 64,86 "164";
165 1 0 58,196 "165";
166 1 1 13,195 "166";
167 0 1 121,205 "167";
168 0 1 32,103 "168";
169 0 1 199,220 "169";
170 1 0 29,143 "170";
171 2 1 19,152 "171";
172 1 0 109,134 "172";
173 0 1 33,101 "173";
174 1 0 89,226 "174";
175 1 0 47,168 "175";
176 0 0 43,202 "176";
177 2 0 72,165 "177";
178 1 1 7,102 "178";
179 1 0 65,203 "179";
180 0 1 105,191 "180";
181 2 0 168,198 "181";
182 1 0 62,74 "182";
183 1 1 75,182 "183";
184 2 1 105,196 "184";
185 1 1 35,58 "185";
186 2 1 54,153 "186";
187 0 0 78,134 "187";
188 1 0 4,84 "188";
189 2 0 51,177 "189";
190 1 1 24,25 "190";
191 0 1 158,226 "191";
192 0 1 17,204 "192";
193 0 0 138,168 "193";
194 2 0 31,108 "194";
195 1 1 154,162 "195";
196 2 1 81,117 "196";
197 0 1 49,78 "197";
198 0 0 12,103 "198";
199 2 0 78,172 "199";
200 2 0 45,49 "200";
201 1 1 49,184 "201";
202 1 1 9,106 "202";
203 2 0 51,65 "203";
204 0 0 17,149 "204";
205 0 1 109,113 "205";
206 2 0 169,200 "206";
207 2 1 99,129 "207";
208 1 1 84,167 "208";
209 0 0 129,152 "209";
210 1 0 186,204 "210";
211 1 0 158,159 "211";
212 1 0 117,193 "212";
213 2 1 204,224 "213";
214 1 1 154,232 "214";
215 0 0 44,162 "215";
216 1 0 77,198 "216";
217 1 1 0,123 "217";
218 1 1 85,222 "218";
219 0 1 73,223 "219";
220 2 0 70,169 "220";
221 1 0 112,214 "221";
222 2 1 122,167 "222";
223 0 0 117,232 "223";
224 0 1 128,190 "224";
225 2 1 68,217 "225";
226 1 0 155,211 "226";
227 0 0 55,111 "227";
228 2 0 55,204 "228";
229 1 0 82,165 "229";
230 0 0 133,200 "230";
231 2 0 63,137 "231";
232 1 1 32,227 "232";
233 0 1 170,234 "233";
234 0 1 85,98 "234";
