parity 199;
0 1 0 36,151 "0";
1 2 1 40,66 "1";
2 1 1 134,194 "2";
3 2 1 0,15 "3";
4 2 1 70,162 "4";
5 2 1 132,198 "5";
6 2 0 160,189 "6";
7 1 0 29,46 "7";
8 1 1 21,126 "8";
9 0 0 90,166 "9";
10 0 0 7,112 "10";
11 1 1 48,73 "11";
12 1 0 7,125 "12";
13 2 1 162,177 "13";
14 2 1 34,167 "14";
15 2 1 128,151 "15";
16 2 0 44,55 "16";
17 1 1 50,62 "17";
18 0 1 39,53 "18";
19 2 0 3,103 "19";
20 2 1 32,118 "20";
21 2 1 35,193 "21";
22 1 0 45,102 "22";
23 2 0 45,174 "23";
24 0 0 100,122 "24";
25 0 0 37,63 "25";
26 0 0 24,167 "26";
27 1 0 125,136 "27";
28 2 1 4,54 "28";
29 1 1 108,195 "29";
30 2 1 89,123 "30";
31 2 1 16,94 "31";
32 1 0 59,105 "32";
33 2 0 125,191 "33";
34 0 0 26,109 "34";
35 2 1 107,113 "35";
36 1 1 1,25 "36";
37 2 0 88,183 "37";
38 0 0 40,125 "38";
39 2 1 46,95 "39";
40 2 1 2,172 "40";
41 0 1 133,165 "41";
42 0 1 74,193 "42";
43 1 1 46,188 "43";
44 1 1 50,52 "44";
45 2 1 72,84 "45";
46 0 1 79,168 "46";
47 2 1 0,189 "47";
48 1 1 19,156 "48";
49 2 1 60,127 "49";
50 2 0 140,145 "50";
51 0 0 85,133 "51";
52 0 1 101,152 "52";
53 1 0 78,193 "53";
54 2 1 65,81 "54";
55 2 0 8,88 "55";
56 1 0 111,149 "56";
57 1 1 110,167 "57";
58 2 1 1,40 "58";
59 1 0 33,147 "59";
60 2 1 6,48 "60";
61 0 0 72,131 "61";
62 2 0 74,133 "62";
63 2 0 68,110 "63";
64 2 1 112,194 "64";
65 2 0 11,121 "65";
66 2 0 93,155 "66";
67 2 1 82,177 "67";
68 1 0 31,184 "68";
69 0 0 148,194 "69";
70 1 0 44,71 "70";
71 1 0 25,182 "71";
72 0 1 23,165 "72";
73 1 1 109,135 "73";
74 2 0 124,198 "74";
75 1 0 87,103 "75";
76 2 0 31,180 "76";
77 2 1 136,165 "77";
78 2 0 32,47 "78";
79 1 0 17,149 "79";
80 1 0 72,175 "80";
81 0 0 96,147 "81";
82 2 0 66,156 "82";
83 1 0 181,188 "83";
84 2 1 40,187 "84";
85 0 1 88,147 "85";
86 0 0 61,106 "86";
87 0 1 168,175 "87";
88 0 1 102,165 "88";
89 2 0 127,170 "89";
90 1 0 4,117 "90";
91 2 1 160,197 "91";
92 2 1 16,151 "92";
93 0 1 23,189 "93";
94 1 1 51,136 "94";
95 2 1 10,48 "95";
96 1 1 15,162 "96";
97 1 1 58,100 "97";
98 2 0 95,191 "98";
99 0 0 90,152 "99";
100 1 1 35,63 "100";
101 0 0 51,111 "101";
102 0 1 74,148 "102";
103 1 1 67,149 "103";
104 2 0 18,53 "104";
105 0 1 3,10 "105";
106 1 1 144,178 "106";
107 0 0 170,176 "107";
108 2 1 6,153 "108";
109 1 1 118,158 "109";
110 0 0 33,43 "110";
111 2 0 32,171 "111";
112 1 1 82,129 "112";
113 0 0 17,51 "113";
114 1 1 100,112 "114";
115 1 0 35,63 "115";
116 1 1 46,136 "116";
117 1 0 75,89 "117";
118 0 1 53,164 "118";
119 0 1 82,123 "119";
120 0 1 47,70 "120";
121 0 1 104,177 "121";
122 1 0 17,25 "122";
123 2 0 115,176 "123";
124 1 1 14,185 "124";
125 0 0 82,175 "125";
126 1 1 82,179 "126";
127 1 1 111,168 "127";
128 2 1 99,140 "128";
129 0 0 87,128 "129";
130 0 1 106,110 "130";
131 2 1 44,144 "131";
132 1 1 83,119 "132";
133 1 1 83,180 "133";
134 0 1 55,90 "134";
135 2 0 101,175 "135";
136 1 0 152,193 "136";
137 1 1 26,87 "137";
138 1 0 129,140 "138";
139 2 0 178,191 "139";
140 2 1 94,117 "140";
141 1 0 90,181 "141";
142 1 0 95,139 "142";
143 1 1 53,70 "143";
144 0 0 23,87 "144";
145 2 0 46,192 "145";
146 1 0 12,96 "146";
147 0 1 155,183 "147";
148 0 0 85,166 "148";
149 0 1 143,184 "149";
150 0 1 65,186 "150";
151 2 1 8,11 "151";
152 0 1 90,193 "152";
153 1 1 51,168 "153";
154 2 1 96,156 "154";
155 2 0 44,67 "155";
156 2 1 94,131 "156";
157 1 0 105,111 "157";
158 0 0 73,182 "158";
159 2 1 32,36 "159";
160 0 1 166,180 "160";
161 1 1 9,158 "161";
162 0 1 88,103 "162";
163 1 0 3,10 "163";
164 0 0 38,132 "164";
165 2 1 184,191 "165";
166 2 0 25,34 "166";
167 2 0 5,90 "167";
168 0 0 50,195 "168";
169 0 1 82,149 "169";
170 1 0 135,169 "170";
171 1 0 63,86 "171";
172 0 0 34,126 "172";
173 1 0 7,148 "173";
174 0 1 25,152 "174";
175 1 0 81,130 "175";
176 0 1 26,61 "176";
177 1 1 18,100 "177";
178 1 0 114,180 "178";
179 1 1 142,166 "179";
180 0 0 7,142 "180";
181 1 1 99,121 "181";
182 0 0 23,86 "182";
183 2 0 33,81 "183";
184 2 0 85,139 "184";
185 0 1 98,119 "185";
186 2 1 122,128 "186";
187 1 0 69,147 "187";
188 2 0 103,138 "188";
189 0 1 107,196 "189";
190 2 0 82,186 "190";
191 1 0 5,78 "191";
192 1 1 14,127 "192";
193 0 0 46,93 "193";
194 2 1 170,191 "194";
195 0 0 80,193 "195";
196 1 1 51,106 "196";
197 2 0 1,151 "197";
198 1 0 63,161 "198";
199 2 0 63,150 "199";
