parity 229;
0 2 1 125,225 "0";
1 0 0 17,72 "1";
2 1 0 14,34 "2";
3 2 1 5,172 "3";
4 2 0 63,226 "4";
5 1 1 85,113 "5";
6 1 1 5,79 "6";
7 2 1 35,127 "7";
8 0 0 39,186 "8";
9 1 0 15,70 "9";
10 0 1 101,206 "10";
11 1 0 80,136 "11";
12 0 1 22,113 "12";
13 2 1 56,188 "13";
14 1 1 60,190 "14";
15 0 0 19,31 "15";
16 0 1 88,166 "16";
17 0 0 9,221 "17";
18 0 0 16,75 "18";
19 1 1 4,41 "19";
20 1 0 128,213 "20";
21 0 1 130,147 "21";
22 0 1 24,36 "22";
23 2 0 39,148 "23";
24 2 1 131,138 "24";
25 2 1 7,163 "25";
26 2 1 9,225 "26";
27 1 0 12,129 "27";
28 1 1 34,77 "28";
29 0 0 171,209 "29";
30 0 1 24,144 "30";
31 0 1 69,71 "31";
32 1 0 102,126 "32";
33 2 1 154,160 "33";
34 0 1 114,197 "34";
35 1 1 116,147 "35";
36 2 1 31,38 "36";
37 1 1 14,80 "37";
38 2 0 122,136 "38";
39 2 1 1,188 "39";
40 0 1 138,139 "40";
41 1 0 14,61 "41";
42 2 0 20,106 "42";
43 0 0 139,221 "43";
44 2 0 65,126 "44";
45 0 1 123,163 "45";
46 1 0 24,187 "46";
47 2 0 54,165 "47";
48 1 1 107,188 "48";
49 2 0 26,114 "49";
50 0 1 48,92 "50";
51 0 1 21,80 "51";
52 0 0 24,166 "52";
53 2 1 47,75 "53";
54 0 0 105,150 "54";
55 0 0 99,172 "55";
56 0 1 39,172 "56";
57 0 0 53,102 "57";
58 1 0 47,219 "58";
59 2 0 40,189 "59";
60 0 0 3,41 "60";
61 2 1 32,78 "61";
62 2 1 112,119 "62";
63 2 1 50,134 "63";
64 2 0 95,213 "64";
65 2 1 123,154 "65";
66 1 0 110,159 "66";
67 2 1 18,142 "67";
68 1 1 115,166 "68";
69 2 0 47,179 "69";
70 1 0 140,172 "70";
71 1 0 53,164 "71";
72 1 0 195,199 "72";
73 2 1 37,91 "73";
74 1 1 18,61 "74";
75 2 1 27,52 "75";
76 1 1 5,64 "76";
77 2 0 171,181 "77";
78 0 0 171,222 "78";
79 0 0 33,101 "79";
80 1 0 16,117 "80";
81 1 1 68,199 "81";
82 0 1 5,177 "82";
83 0 0 85,158 "83";
84 0 1 52,217 "84";
85 1 0 126,168 "85";
86 1 0 75,92 "86";
87 2 0 14,141 "87";
88 0 1 22,185 "88";
89 1 0 84,151 "89";
90 0 1 94,105 "90";
91 0 1 24,54 "91";
92 2 0 59,140 "92";
93 1 0 80,199 "93";
94 2 1 152,180 "94";
95 2 1 47,138 "95";
96 0 1 0,31 "96";
97 0 1 18,101 "97";
98 0 1 49,161 "98";
99 1 0 35,168 "99";
100 2 0 7,150 "100";
101 0 1 1,142 "101";
102 2 1 91,181 "102";
103 2 1 85,206 "103";
104 0 1 68,130 "104";
105 0 0 125,217 "105";
106 0 0 56,75 "106";
107 2 1 9,215 "107";
108 0 0 49,59 "108";
109 0 0 33,219 "109";
110 0 0 76,104 "110";
111 1 0 2,94 "111";
112 0 1 35,224 "112";
113 1 0 76,172 "113";
114 2 1 135,199 "114";
115 0 0 80,127 "115";
116 0 1 190,210 "116";
117 0 0 12,159 "117";
118 2 1 44,82 "118";
119 1 0 0,145 "119";
120 0 0 2,118 "120";
121 1 1 154,193 "121";
122 0 0 25,193 "122";
123 2 0 6,49 "123";
124 1 0 166,179 "124";
125 2 1 49,56 "125";
126 1 0 14,165 "126";
127 2 0 45,135 "127";
128 0 1 13,184 "128";
129 1 1 48,101 "129";
130 2 1 165,187 "130";
131 0 1 57,65 "131";
132 0 1 107,136 "132";
133 0 1 8,36 "133";
134 2 0 19,170 "134";
135 2 0 59,223 "135";
136 2 0 183,223 "136";
137 0 1 86,107 "137";
138 2 0 12,84 "138";
139 1 1 160,219 "139";
140 1 0 48,207 "140";
141 0 0 16,186 "141";
142 2 0 19,202 "142";
143 1 1 12,158 "143";
144 2 1 2,92 "144";
145 0 1 45,180 "145";
146 0 0 70,200 "146";
147 1 0 57,179 "147";
148 0 0 58,170 "148";
149 1 0 84,178 "149";
150 1 0 133,221 "150";
151 1 0 93,195 "151";
152 1 0 86,174 "152";
153 1 1 84,159 "153";
154 2 1 181,188 "154";
155 0 1 184,204 "155";
156 2 0 83,95 "156";
157 2 1 164,168 "157";
158 2 0 47,130 "158";
159 2 0 180,225 "159";
160 0 0 58,135 "160";
161 0 1 67,203 "161";
162 1 1 188,205 "162";
163 2 1 24,126 "163";
164 2 0 28,132 "164";
165 0 0 115,140 "165";
166 1 1 21,40 "166";
167 0 1 81,159 "167";
168 2 0 79,147 "168";
169 0 0 34,196 "169";
170 0 1 31,156 "170";
171 2 1 29,207 "171";
172 0 0 12,51 "172";
173 0 1 44,49 "173";
174 1 1 4,104 "174";
175 2 0 105,134 "175";
176 0 1 66,192 "176";
177 2 0 6,128 "177";
178 0 1 68,210 "178";
179 1 0 194,200 "179";
180 0 1 31,39 "180";
181 0 0 172,189 "181";
182 0 1 0,229 "182";
183 1 0 64,140 "183";
184 0 1 116,198 "184";
185 2 1 76,109 "185";
186 2 0 73,137 "186";
187 2 1 25,170 "187";
188 2 1 6,210 "188";
189 1 0 28,45 "189";
190 0 0 119,175 "190";
191 2 1 24,147 "191";
192 2 0 17,77 "192";
193 1 0 168,189 "193";
194 1 0 127,158 "194";
195 2 1 38,153 "195";
196 2 1 105,197 "196";
197 0 0 153,169 "197";
198 2 0 78,110 "198";
199 0 1 143,204 "199";
200 1 1 55,211 "200";
201 1 0 213,220 "201";
202 1 0 31,190 "202";
203 2 0 83,171 "203";
204 1 1 18,141 "204";
205 0 0 50,140 "205";
206 2 0 33,217 "206";
207 1 1 126,186 "207";
208 1 1 129,134 "208";
209 1 0 67,193 "209";
210 1 1 89,115 "210";
211 1 1 120,144 "211";
212 1 1 25,209 "212";
213 1 1 116,158 "213";
214 0 1 17,76 "214";
215 1 1 69,86 "215";
216 2 0 22,140 "216";
217 1 0 130,198 "217";
218 1 0 6,166 "218";
219 0 0 17,137 "219";
220 0 1 210,218 "220";
221 2 0 154,192 "221";
222 0 0 150,219 "222";
223 2 1 128,224 "223";
224 2 0 21,172 "224";
225 1 0 172,220 "225";
226 1 0 75,205 "226";
227 0 1 37,74 "227";
228 0 0 64,121 "228";
229 2 0 70,74 "229";
