parity 254;
0 2 1 82,180 "0";
1 2 0 55,180 "1";
2 0 0 89,104 "2";
3 1 0 60,134 "3";
4 1 1 27,85 "4";
5 2 0 102,188 "5";
6 0 0 176,188 "6";
7 2 1 68,250 "7";
8 1 0 233,254 "8";
9 0 1 190,192 "9";
10 0 0 125,133 "10";
11 2 1 100,227 "11";
12 0 0 181,242 "12";
13 2 1 87,171 "13";
14 0 0 146,176 "14";
15 2 1 21,154 "15";
16 1 0 101,117 "16";
17 1 1 22,126 "17";
18 0 0 176,222 "18";
19 2 0 109,190 "19";
20 0 1 68,126 "20";
21 2 1 64,75 "21";
22 2 0 78,132 "22";
23 0 1 112,178 "23";
24 2 1 26,181 "24";
25 1 1 64,154 "25";
26 0 0 131,232 "26";
27 2 1 54,208 "27";
28 0 1 61,100 "28";
29 0 0 99,218 "29";
30 0 0 112,135 "30";
31 1 0 163,232 "31";
32 2 1 94,254 "32";
33 1 1 96,185 "33";
34 2 0 11,216 "34";
35 1 1 143,190 "35";
36 1 1 10,146 "36";
37 1 0 40,82 "37";
38 1 0 128,207 "38";
39 0 1 162,238 "39";
40 2 1 106,154 "40";
41 1 0 112,175 "41";
42 0 1 122,142 "42";
43 2 0 62,175 "43";
44 0 0 34,102 "44";
45 0 0 123,248 "45";
46 2 1 173,249 "46";
47 1 1 48,228 "47";
48 1 0 97,224 "48";
49 0 1 57,143 "49";
50 0 0 17,242 "50";
51 2 1 106,147 "51";
52 0 1 16,75 "52";
53 2 0 17,213 "53";
54 2 1 13,17 "54";
55 0 1 119,243 "55";
56 1 1 112,154 "56";
57 2 0 143,175 "57";
58 2 0 164,244 "58";
59 2 1 214,241 "59";
60 0 1 70,124 "60";
61 2 1 78,180 "61";
62 1 0 46,227 "62";
63 0 0 36,37 "63";
64 0 1 45,123 "64";
65 0 0 192,231 "65";
66 1 1 96,155 "66";
67 0 1 12,231 "67";
68 2 0 54,116 "68";
69 2 1 14,26 "69";
70 2 1 75,237 "70";
71 1 1 7,98 "71";
72 1 1 20,229 "72";
73 0 1 18,59 "73";
74 1 0 91,138 "74";
75 2 0 73,180 "75";
76 2 0 212,238 "76";
77 2 1 164,251 "77";
78 0 1 60,248 "78";
79 1 0 33,177 "79";
80 0 0 162,210 "80";
81 2 1 162,192 "81";
82 1 1 33,104 "82";
83 2 0 55,228 "83";
84 1 0 119,166 "84";
85 2 1 78,168 "85";
86 0 0 85,178 "86";
87 2 0 45,164 "87";
88 1 0 99,181 "88";
89 1 1 48,68 "89";
90 2 1 86,220 "90";
91 0 1 29,200 "91";
92 2 0 22,221 "92";
93 2 0 122,128 "93";
94 1 1 174,197 "94";
95 1 1 229,240 "95";
96 2 0 175,225 "96";
97 0 0 122,130 "97";
98 2 0 79,173 "98";
99 2 1 14,48 "99";
100 1 1 222,235 "100";
101 2 1 45,116 "101";
102 0 1 42,237 "102";
103 1 0 125,152 "103";
104 2 1 76,202 "104";
105 1 0 46,244 "105";
106 0 0 173,210 "106";
107 0 1 9,165 "107";
108 1 0 55,104 "108";
109 0 0 42,160 "109";
110 0 1 90,178 "110";
111 1 1 57,134 "111";
112 2 0 33,82 "112";
113 1 1 163,207 "113";
114 1 0 146,250 "114";
115 1 1 32,150 "115";
116 2 1 56,210 "116";
117 2 1 131,175 "117";
118 0 1 74,91 "118";
119 2 1 12,126 "119";
120 1 1 207,232 "120";
121 2 0 94,167 "121";
122 1 0 51,114 "122";
123 1 0 52,251 "123";
124 1 0 69,134 "124";
125 2 1 99,120 "125";
126 2 0 145,147 "126";
127 1 0 49,122 "127";
128 0 0 11,226 "128";
129 0 0 143,253 "129";
130 0 0 163,189 "130";
131 2 0 59,77 "131";
132 2 0 100,185 "132";
133 1 1 171,236 "133";
134 2 1 7,66 "134";
135 0 0 67,223 "135";
136 2 0 70,72 "136";
137 1 1 180,248 "137";
138 0 0 22,26 "138";
139 1 1 185,250 "139";
140 0 1 207,252 "140";
141 2 1 162,200 "141";
142 1 1 22,191 "142";
143 0 1 26,158 "143";
144 0 0 49,177 "144";
145 0 1 45,163 "145";
146 2 1 63,122 "146";
147 1 1 22,132 "147";
148 2 1 15,149 "148";
149 2 0 46,180 "149";
150 0 1 52,151 "150";
151 2 1 202,232 "151";
152 1 1 66,250 "152";
153 2 1 32,111 "153";
154 0 1 78,218 "154";
155 0 0 138,194 "155";
156 1 1 80,141 "156";
157 0 1 40,88 "157";
158 0 1 17,209 "158";
159 0 1 47,156 "159";
160 1 1 23,47 "160";
161 0 0 51,89 "161";
162 2 1 28,102 "162";
163 0 0 197,235 "163";
164 0 1 43,65 "164";
165 0 1 97,162 "165";
166 0 1 82,162 "166";
167 2 1 85,236 "167";
168 0 1 23,142 "168";
169 0 0 192,252 "169";
170 0 1 58,134 "170";
171 0 1 68,188 "171";
172 2 0 170,224 "172";
173 0 1 75,114 "173";
174 0 0 9,67 "174";
175 2 0 45,246 "175";
176 0 0 56,221 "176";
177 1 1 19,26 "177";
178 0 1 5,248 "178";
179 2 0 6,50 "179";
180 1 1 63,72 "180";
181 2 1 124,148 "181";
182 1 0 123,244 "182";
183 1 0 10,240 "183";
184 0 1 35,162 "184";
185 1 0 58,78 "185";
186 1 1 24,117 "186";
187 2 0 113,248 "187";
188 2 1 142,189 "188";
189 0 0 46,111 "189";
190 2 0 41,151 "190";
191 1 1 183,208 "191";
192 1 1 148,233 "192";
193 2 1 61,237 "193";
194 0 0 172,210 "194";
195 1 0 18,252 "195";
196 2 1 152,210 "196";
197 1 0 83,113 "197";
198 1 1 91,189 "198";
199 0 0 238,248 "199";
200 2 0 1,129 "200";
201 1 1 24,39 "201";
202 2 0 91,126 "202";
203 1 1 21,70 "203";
204 2 1 214,226 "204";
205 1 1 68,157 "205";
206 2 0 15,190 "206";
207 1 0 22,167 "207";
208 1 1 94,204 "208";
209 0 0 70,161 "209";
210 2 1 155,219 "210";
211 2 1 112,114 "211";
212 1 0 96,161 "212";
213 0 1 38,123 "213";
214 0 1 15,116 "214";
215 0 0 30,113 "215";
216 2 1 101,254 "216";
217 2 1 92,211 "217";
218 0 0 182,187 "218";
219 1 1 72,156 "219";
220 1 1 98,219 "220";
221 0 1 119,173 "221";
222 1 0 21,112 "222";
223 0 0 53,165 "223";
224 2 1 139,226 "224";
225 0 1 17,215 "225";
226 0 1 128,234 "226";
227 0 0 20,111 "227";
228 2 1 132,157 "228";
229 2 1 29,137 "229";
230 2 0 1,58 "230";
231 2 1 161,180 "231";
232 2 0 78,99 "232";
233 2 1 178,222 "233";
234 2 1 60,229 "234";
235 2 0 43,76 "235";
236 2 0 35,118 "236";
237 2 0 79,176 "237";
238 2 0 141,172 "238";
239 0 1 38,82 "239";
240 2 0 91,197 "240";
241 0 0 31,77 "241";
242 2 1 4,160 "242";
243 2 1 20,99 "243";
244 0 0 139,143 "244";
245 2 1 56,215 "245";
246 0 1 134,150 "246";
247 0 1 148,186 "247";
248 1 1 220,239 "248";
249 0 1 29,177 "249";
250 0 0 13,203 "250";
251 2 0 180,201 "251";
252 0 0 15,200 "252";
253 2 0 62,190 "253";
254 0 0 30,131 "254";
