parity 239;
0 1 1 159,178 "0";
1 1 1 0,224 "1";
2 0 1 224,231 "2";
3 1 1 115,210 "3";
4 2 1 50,119 "4";
5 1 0 62,110 "5";
6 1 1 145,199 "6";
7 2 0 109,191 "7";
8 0 1 72,110 "8";
9 2 0 61,119 "9";
10 1 0 119,128 "10";
11 2 1 25,221 "11";
12 0 0 60,146 "12";
13 2 1 139,176 "13";
14 1 1 42,238 "14";
15 1 1 167,224 "15";
16 1 0 137,236 "16";
17 1 0 16,159 "17";
18 2 0 74,169 "18";
19 2 1 0,9 "19";
20 1 1 157,234 "20";
21 0 0 39,104 "21";
22 2 1 54,175 "22";
23 1 1 67,162 "23";
24 2 0 96,185 "24";
25 2 1 111,217 "25";
26 1 1 20,90 "26";
27 1 0 80,210 "27";
28 0 1 93,169 "28";
29 1 0 170,173 "29";
30 1 0 40,103 "30";
31 2 0 105,148 "31";
32 0 0 14,128 "32";
33 0 1 105,134 "33";
34 1 1 25,108 "34";
35 0 1 53,188 "35";
36 2 0 79,108 "36";
37 0 1 70,104 "37";
38 2 0 159,187 "38";
39 0 1 79,134 "39";
40 1 1 37,219 "40";
41 2 0 29,227 "41";
42 0 0 119,148 "42";
43 0 0 155,197 "43";
44 0 1 2,16 "44";
45 0 1 36,40 "45";
46 2 0 31,79 "46";
47 0 1 90,109 "47";
48 1 1 94,222 "48";
49 1 1 10,92 "49";
50 0 0 114,136 "50";
51 1 0 9,159 "51";
52 1 1 0,61 "52";
53 1 1 21,237 "53";
54 1 0 78,226 "54";
55 0 1 106,221 "55";
56 2 1 89,167 "56";
57 1 1 18,190 "57";
58 2 1 103,122 "58";
59 1 0 96,179 "59";
60 1 1 22,89 "60";
61 2 1 111,117 "61";
62 0 0 86,176 "62";
63 1 1 18,21 "63";
64 2 1 111,119 "64";
65 2 1 82,219 "65";
66 1 0 14,129 "66";
67 0 0 189,200 "67";
68 0 1 171,211 "68";
69 2 1 58,103 "69";
70 0 1 178,225 "70";
71 0 0 2,178 "71";
72 1 0 65,80 "72";
73 1 0 60,143 "73";
74 1 0 125,183 "74";
75 2 1 219,236 "75";
76 0 0 20,223 "76";
77 1 0 1,140 "77";
78 2 1 82,214 "78";
79 2 1 12,114 "79";
80 0 1 1,215 "80";
81 1 1 156,229 "81";
82 2 0 94,225 "82";
83 0 1 111,141 "83";
84 2 0 38,143 "84";
85 0 0 56,138 "85";
86 0 0 120,131 "86";
87 1 1 103,185 "87";
88 2 1 95,154 "88";
89 2 0 1,85 "89";
90 1 0 86,186 "90";
91 1 1 97,233 "91";
92 1 0 204,212 "92";
93 1 1 23,64 "93";
94 2 1 9,54 "94";
95 1 0 78,126 "95";
96 2 0 18,50 "96";
97 0 1 207,227 "97";
98 1 1 108,150 "98";
99 2 0 93,237 "99";
100 1 1 29,68 "100";
101 1 0 74,212 "101";
102 1 1 42,189 "102";
103 2 1 166,180 "103";
104 0 1 66,77 "104";
105 0 0 225,231 "105";
106 2 1 143,147 "106";
107 2 0 92,139 "107";
108 0 1 13,112 "108";
109 0 1 20,76 "109";
110 0 0 170,210 "110";
111 1 1 20,70 "111";
112 2 1 49,51 "112";
113 0 1 116,159 "113";
114 2 1 128,131 "114";
115 2 0 86,192 "115";
116 1 1 91,196 "116";
117 0 1 202,216 "117";
118 2 0 77,194 "118";
119 0 0 45,205 "119";
120 0 0 134,206 "120";
121 0 0 57,214 "121";
122 2 1 4,112 "122";
123 2 1 13,67 "123";
124 0 0 26,70 "124";
125 0 0 173,206 "125";
126 2 0 87,157 "126";
127 2 0 20,170 "127";
128 0 0 66,156 "128";
129 0 1 144,218 "129";
130 0 1 33,231 "130";
131 2 0 106,153 "131";
132 0 1 68,146 "132";
133 0 1 67,219 "133";
134 1 1 15,177 "134";
135 2 1 47,205 "135";
136 1 1 142,219 "136";
137 2 0 68,86 "137";
138 1 0 80,174 "138";
139 2 1 41,134 "139";
140 2 0 80,235 "140";
141 2 0 187,196 "141";
142 0 1 85,187 "142";
143 1 1 22,167 "143";
144 2 1 83,131 "144";
145 2 0 56,137 "145";
146 1 1 157,218 "146";
147 2 1 42,90 "147";
148 2 1 103,191 "148";
149 1 1 102,131 "149";
150 2 0 62,201 "150";
151 2 0 120,154 "151";
152 1 0 48,169 "152";
153 1 0 63,182 "153";
154 0 0 30,34 "154";
155 2 1 186,220 "155";
156 0 1 53,55 "156";
157 1 1 98,130 "157";
158 0 1 18,162 "158";
159 0 0 11,132 "159";
160 2 1 28,165 "160";
161 1 1 180,208 "161";
162 1 0 141,236 "162";
163 2 0 49,114 "163";
164 1 0 224,234 "164";
165 0 1 216,224 "165";
166 2 0 199,215 "166";
167 2 0 180,198 "167";
168 2 0 73,95 "168";
169 0 0 3,120 "169";
170 1 1 61,84 "170";
171 0 0 126,148 "171";
172 0 0 139,164 "172";
173 1 0 82,235 "173";
174 0 0 187,211 "174";
175 0 1 40,143 "175";
176 1 0 177,236 "176";
177 0 1 37,185 "177";
178 2 1 52,122 "178";
179 0 0 15,26 "179";
180 1 0 128,214 "180";
181 1 1 171,205 "181";
182 2 0 21,159 "182";
183 2 1 20,54 "183";
184 0 1 70,192 "184";
185 2 1 61,138 "185";
186 0 1 168,194 "186";
187 0 1 117,168 "187";
188 0 0 196,227 "188";
189 2 1 19,111 "189";
190 2 0 151,199 "190";
191 0 1 5,36 "191";
192 2 1 93,215 "192";
193 2 1 138,173 "193";
194 0 0 7,239 "194";
195 2 1 1,90 "195";
196 0 0 32,55 "196";
197 2 0 89,174 "197";
198 1 0 47,143 "198";
199 1 0 129,197 "199";
200 2 0 45,231 "200";
201 2 1 152,209 "201";
202 2 1 89,211 "202";
203 2 0 76,119 "203";
204 1 1 49,186 "204";
205 2 1 34,140 "205";
206 1 0 16,68 "206";
207 2 0 1,55 "207";
208 0 1 80,147 "208";
209 1 0 84,220 "209";
210 0 1 41,115 "210";
211 1 1 79,176 "211";
212 0 1 38,221 "212";
213 1 0 122,144 "213";
214 2 0 26,215 "214";
215 2 1 59,206 "215";
216 1 1 116,181 "216";
217 2 1 104,192 "217";
218 2 1 19,214 "218";
219 0 0 33,203 "219";
220 0 0 87,194 "220";
221 1 0 173,214 "221";
222 0 1 155,196 "222";
223 0 0 21,174 "223";
224 0 1 98,162 "224";
225 1 0 170,235 "225";
226 0 0 54,213 "226";
227 0 0 27,230 "227";
228 1 0 108,232 "228";
229 0 0 138,149 "229";
230 2 0 61,210 "230";
231 0 1 61,170 "231";
232 0 0 147,215 "232";
233 2 0 89,186 "233";
234 2 0 13,188 "234";
235 0 1 15,173 "235";
236 0 1 140,223 "236";
237 0 1 197,224 "237";
238 2 1 2,4 "238";
239 2 1 131,134 "239";
