parity 224;
0 2 1 43,82 "0";
1 1 0 64,85 "1";
2 2 1 90,221 "2";
3 0 1 68,156 "3";
4 1 1 84,212 "4";
5 2 1 82,153 "5";
6 2 0 75,193 "6";
7 2 0 21,209 "7";
8 0 1 139,142 "8";
9 0 1 86,196 "9";
10 2 1 9,193 "10";
11 0 1 8,109 "11";
12 0 0 32,161 "12";
13 0 1 74,137 "13";
14 1 1 37,109 "14";
15 2 1 67,170 "15";
16 0 0 139,146 "16";
17 1 1 182,212 "17";
18 2 1 84,181 "18";
19 2 0 53,98 "19";
20 1 0 84,134 "20";
21 1 0 35,55 "21";
22 1 1 16,202 "22";
23 0 1 18,27 "23";
24 0 1 120,212 "24";
25 2 0 133,211 "25";
26 1 1 83,198 "26";
27 1 1 129,199 "27";
28 2 1 29,56 "28";
29 1 0 36,220 "29";
30 0 1 2,162 "30";
31 1 0 89,120 "31";
32 0 1 24,63 "32";
33 2 1 106,131 "33";
34 0 0 54,128 "34";
35 1 1 121,207 "35";
36 2 0 21,71 "36";
37 0 1 154,172 "37";
38 0 0 161,223 "38";
39 1 0 158,222 "39";
40 0 0 88,90 "40";
41 0 1 123,174 "41";
42 1 1 126,195 "42";
43 0 0 173,216 "43";
44 2 0 42,137 "44";
45 2 1 79,125 "45";
46 0 1 70,130 "46";
47 1 0 20,74 "47";
48 0 1 73,132 "48";
49 1 1 92,172 "49";
50 0 1 124,177 "50";
51 0 0 86,168 "51";
52 1 1 2,83 "52";
53 0 1 133,215 "53";
54 1 1 114,177 "54";
55 1 1 118,189 "55";
56 0 1 53,131 "56";
57 2 0 155,189 "57";
58 1 1 75,182 "58";
59 2 0 35,48 "59";
60 2 0 92,116 "60";
61 1 1 17,57 "61";
62 1 1 50,218 "62";
63 2 1 18,46 "63";
64 1 1 1,91 "64";
65 0 0 53,222 "65";
66 1 0 110,221 "66";
67 1 0 9,17 "67";
68 1 1 171,203 "68";
69 0 0 64,148 "69";
70 1 0 117,126 "70";
71 2 1 123,167 "71";
72 2 0 67,135 "72";
73 1 1 114,166 "73";
74 2 0 90,217 "74";
75 2 1 45,66 "75";
76 2 0 134,171 "76";
77 0 1 62,114 "77";
78 1 1 150,192 "78";
79 0 0 143,174 "79";
80 1 1 12,154 "80";
81 1 1 0,126 "81";
82 0 0 75,187 "82";
83 2 0 10,28 "83";
84 0 0 40,81 "84";
85 1 1 145,220 "85";
86 0 1 48,67 "86";
87 1 0 125,220 "87";
88 2 0 66,79 "88";
89 0 1 119,178 "89";
90 2 0 13,127 "90";
91 1 1 80,212 "91";
92 0 0 90,122 "92";
93 1 0 70,207 "93";
94 0 0 52,77 "94";
95 1 1 29,135 "95";
96 0 1 163,176 "96";
97 1 1 129,172 "97";
98 1 1 1,46 "98";
99 1 0 12,61 "99";
100 1 1 5,43 "100";
101 1 1 124,202 "101";
102 0 1 150,217 "102";
103 1 1 20,123 "103";
104 1 0 80,127 "104";
105 1 0 41,144 "105";
106 1 1 71,173 "106";
107 2 1 129,145 "107";
108 0 0 109,176 "108";
109 1 1 65,89 "109";
110 0 1 92,142 "110";
111 1 1 97,101 "111";
112 1 1 149,163 "112";
113 0 0 56,125 "113";
114 0 1 60,206 "114";
115 2 1 168,215 "115";
116 1 0 11,31 "116";
117 2 0 172,224 "117";
118 2 0 66,213 "118";
119 0 0 61,209 "119";
120 1 0 100,115 "120";
121 2 0 68,140 "121";
122 1 1 131,149 "122";
123 0 0 151,173 "123";
124 2 1 111,164 "124";
125 0 0 98,100 "125";
126 0 1 132,160 "126";
127 0 1 134,206 "127";
128 0 0 102,148 "128";
129 0 0 61,69 "129";
130 1 0 0,99 "130";
131 2 1 8,201 "131";
132 1 0 46,54 "132";
133 0 0 68,112 "133";
134 2 1 29,199 "134";
135 1 1 3,64 "135";
136 2 1 27,156 "136";
137 0 0 62,168 "137";
138 2 0 187,204 "138";
139 1 1 45,218 "139";
140 0 1 42,95 "140";
141 1 1 92,118 "141";
142 2 1 29,186 "142";
143 2 1 111,164 "143";
144 0 0 74,91 "144";
145 0 1 76,223 "145";
146 1 0 97,152 "146";
147 2 0 119,166 "147";
148 1 0 26,32 "148";
149 2 0 74,106 "149";
150 1 1 79,175 "150";
151 0 1 94,155 "151";
152 0 0 18,45 "152";
153 1 0 125,137 "153";
154 2 0 97,195 "154";
155 1 1 26,96 "155";
156 2 1 86,157 "156";
157 2 0 27,193 "157";
158 0 1 96,193 "158";
159 1 1 84,164 "159";
160 2 0 172,222 "160";
161 1 0 45,69 "161";
162 2 1 11,18 "162";
163 1 0 66,115 "163";
164 1 1 110,223 "164";
165 0 0 108,187 "165";
166 2 0 16,78 "166";
167 0 1 0,97 "167";
168 1 1 98,172 "168";
169 1 0 82,171 "169";
170 2 0 5,104 "170";
171 2 0 59,189 "171";
172 1 1 61,119 "172";
173 2 0 160,162 "173";
174 2 1 23,68 "174";
175 2 0 128,223 "175";
176 0 1 28,114 "176";
177 0 1 151,192 "177";
178 1 0 172,182 "178";
179 0 1 35,42 "179";
180 1 1 67,106 "180";
181 2 0 8,72 "181";
182 2 0 46,162 "182";
183 2 0 187,214 "183";
184 2 1 49,119 "184";
185 2 0 59,109 "185";
186 0 1 74,120 "186";
187 2 1 13,185 "187";
188 2 1 157,183 "188";
189 0 1 135,151 "189";
190 1 1 89,139 "190";
191 0 0 112,220 "191";
192 1 0 106,137 "192";
193 0 1 48,114 "193";
194 0 0 88,202 "194";
195 0 0 45,86 "195";
196 1 1 28,163 "196";
197 1 0 8,63 "197";
198 2 1 67,189 "198";
199 1 1 7,36 "199";
200 2 1 0,210 "200";
201 2 1 0,44 "201";
202 2 1 147,213 "202";
203 1 0 167,199 "203";
204 0 1 78,116 "204";
205 2 0 12,138 "205";
206 0 0 84,124 "206";
207 2 0 41,72 "207";
208 0 0 80,156 "208";
209 0 1 65,105 "209";
210 1 1 117,123 "210";
211 1 0 168,192 "211";
212 2 0 39,124 "212";
213 0 0 29,83 "213";
214 0 1 55,109 "214";
215 1 0 13,58 "215";
216 0 1 19,184 "216";
217 1 0 29,155 "217";
218 2 0 79,165 "218";
219 2 0 14,40 "219";
220 2 1 26,174 "220";
221 1 1 10,95 "221";
222 2 1 190,211 "222";
223 0 0 50,109 "223";
224 0 0 108,173 "224";
