parity 214;
0 1 1 140,199 "0";
1 1 0 10,213 "1";
2 1 0 15,22 "2";
3 0 0 7,121 "3";
4 0 1 21,123 "4";
5 1 0 57,178 "5";
6 0 1 16,70 "6";
7 2 1 43,184 "7";
8 2 0 36,157 "8";
9 1 1 46,170 "9";
10 2 1 103,145 "10";
11 1 0 135,197 "11";
12 2 0 14,168 "12";
13 2 1 112,154 "13";
14 0 0 71,172 "14";
15 2 0 143,189 "15";
16 0 1 179,189 "16";
17 0 1 112,192 "17";
18 1 0 63,119 "18";
19 0 1 13,189 "19";
20 0 1 100,127 "20";
21 1 0 87,196 "21";
22 0 0 60,162 "22";
23 2 0 113,186 "23";
24 0 0 76,175 "24";
25 1 1 206,212 "25";
26 2 1 74,120 "26";
27 0 0 61,178 "27";
28 1 1 87,172 "28";
29 1 1 87,212 "29";
30 0 0 67,173 "30";
31 2 1 32,55 "31";
32 0 1 41,101 "32";
33 1 0 83,125 "33";
34 2 1 41,200 "34";
35 1 0 47,137 "35";
36 0 1 59,157 "36";
37 2 0 35,204 "37";
38 0 1 9,51 "38";
39 2 0 156,163 "39";
40 2 1 37,207 "40";
41 1 1 2,173 "41";
42 0 1 96,188 "42";
43 0 0 89,94 "43";
44 2 0 82,198 "44";
45 2 1 50,142 "45";
46 2 0 38,119 "46";
47 2 0 82,140 "47";
48 0 1 8,84 "48";
49 2 0 10,32 "49";
50 1 0 143,146 "50";
51 1 0 87,110 "51";
52 1 0 64,121 "52";
53 0 1 125,178 "53";
54 1 0 80,125 "54";
55 2 1 113,141 "55";
56 1 0 163,193 "56";
57 0 0 55,211 "57";
58 2 0 97,203 "58";
59 0 1 41,163 "59";
60 2 0 36,135 "60";
61 2 0 186,194 "61";
62 0 0 99,159 "62";
63 0 0 116,187 "63";
64 0 1 59,84 "64";
65 1 0 27,175 "65";
66 1 1 57,110 "66";
67 0 1 91,165 "67";
68 1 1 154,203 "68";
69 0 0 83,209 "69";
70 0 0 124,132 "70";
71 1 0 2,171 "71";
72 0 1 12,211 "72";
73 1 0 34,213 "73";
74 2 1 12,202 "74";
75 2 1 22,54 "75";
76 2 0 66,188 "76";
77 2 1 13,117 "77";
78 2 0 55,86 "78";
79 2 0 60,177 "79";
80 0 0 192,200 "80";
81 0 1 54,148 "81";
82 2 1 189,197 "82";
83 2 0 112,133 "83";
84 1 1 69,91 "84";
85 0 0 97,210 "85";
86 2 0 38,162 "86";
87 1 1 142,214 "87";
88 0 1 43,119 "88";
89 1 0 2,158 "89";
90 2 1 27,131 "90";
91 2 1 155,188 "91";
92 2 0 41,94 "92";
93 0 0 92,118 "93";
94 1 0 128,156 "94";
95 1 1 25,156 "95";
96 1 1 99,125 "96";
97 0 1 38,103 "97";
98 1 0 51,164 "98";
99 0 1 154,211 "99";
100 0 1 38,212 "100";
101 2 1 63,116 "101";
102 1 1 71,175 "102";
103 0 1 6,40 "103";
104 0 0 51,77 "104";
105 1 1 3,21 "105";
106 0 0 91,153 "106";
107 1 1 69,148 "107";
108 0 0 184,194 "108";
109 2 0 169,173 "109";
110 0 1 47,165 "110";
111 0 0 58,104 "111";
112 2 1 63,126 "112";
113 2 0 44,50 "113";
114 0 0 18,145 "114";
115 2 1 34,89 "115";
116 1 0 47,76 "116";
117 0 0 41,129 "117";
118 2 1 57,102 "118";
119 0 1 14,35 "119";
120 0 0 7,119 "120";
121 2 0 5,137 "121";
122 2 0 105,159 "122";
123 0 0 27,100 "123";
124 2 0 151,193 "124";
125 0 1 13,53 "125";
126 0 1 61,162 "126";
127 0 0 59,81 "127";
128 2 0 94,200 "128";
129 1 0 84,192 "129";
130 2 1 44,207 "130";
131 0 0 20,118 "131";
132 2 1 92,206 "132";
133 0 1 25,74 "133";
134 2 0 54,195 "134";
135 0 1 36,144 "135";
136 0 1 5,151 "136";
137 0 0 14,180 "137";
138 2 1 81,202 "138";
139 2 0 122,133 "139";
140 2 1 47,123 "140";
141 0 1 43,79 "141";
142 1 1 8,79 "142";
143 0 0 5,134 "143";
144 1 0 135,184 "144";
145 0 0 102,201 "145";
146 1 0 17,160 "146";
147 2 0 83,125 "147";
148 1 0 95,197 "148";
149 2 1 123,158 "149";
150 1 0 29,55 "150";
151 1 1 33,172 "151";
152 2 0 60,133 "152";
153 2 1 42,112 "153";
154 1 0 109,198 "154";
155 1 1 125,147 "155";
156 0 1 131,142 "156";
157 2 0 109,116 "157";
158 2 1 124,194 "158";
159 1 1 12,138 "159";
160 0 0 106,136 "160";
161 1 1 33,202 "161";
162 1 1 83,179 "162";
163 0 0 10,79 "163";
164 2 0 85,91 "164";
165 1 1 30,122 "165";
166 1 0 47,188 "166";
167 1 1 34,74 "167";
168 1 0 108,203 "168";
169 0 1 59,135 "169";
170 1 1 131,185 "170";
171 2 1 108,137 "171";
172 1 0 40,83 "172";
173 1 1 26,82 "173";
174 0 0 65,188 "174";
175 1 0 57,150 "175";
176 2 0 0,211 "176";
177 1 1 64,171 "177";
178 1 1 113,173 "178";
179 1 1 69,118 "179";
180 0 0 13,109 "180";
181 0 0 68,98 "181";
182 0 1 41,102 "182";
183 1 0 39,81 "183";
184 1 1 107,171 "184";
185 1 0 209,214 "185";
186 0 0 71,202 "186";
187 0 0 21,69 "187";
188 1 0 74,92 "188";
189 2 0 58,195 "189";
190 0 1 87,149 "190";
191 0 1 12,55 "191";
192 1 1 72,85 "192";
193 2 0 6,63 "193";
194 0 0 130,197 "194";
195 0 1 133,166 "195";
196 1 0 86,123 "196";
197 1 0 34,201 "197";
198 2 1 140,150 "198";
199 2 1 80,98 "199";
200 2 0 43,85 "200";
201 1 0 68,152 "201";
202 0 1 124,135 "202";
203 0 0 45,71 "203";
204 0 0 88,121 "204";
205 0 1 49,137 "205";
206 2 1 91,210 "206";
207 0 0 24,109 "207";
208 2 0 67,205 "208";
209 0 1 94,137 "209";
210 2 1 168,185 "210";
211 0 0 63,134 "211";
212 2 0 68,207 "212";
213 2 0 29,180 "213";
214 0 0 121,184 "214";
