parity 289;
0 2 0 27,106 "0";
1 2 1 139,184 "1";
2 1 0 229,266 "2";
3 1 1 188,216 "3";
4 1 0 186,216 "4";
5 1 0 88,172 "5";
6 1 1 57,58 "6";
7 2 0 123,271 "7";
8 0 0 52,229 "8";
9 2 0 208,266 "9";
10 2 1 227,236 "10";
11 1 0 50,148 "11";
12 2 1 175,204 "12";
13 0 0 210,238 "13";
14 0 0 90,188 "14";
15 0 1 98,256 "15";
16 1 0 53,56 "16";
17 0 0 203,235 "17";
18 1 0 46,262 "18";
19 0 1 224,280 "19";
20 1 1 42,153 "20";
21 0 0 129,182 "21";
22 1 0 70,105 "22";
23 1 1 56,157 "23";
24 2 0 191,266 "24";
25 0 1 80,197 "25";
26 1 0 138,250 "26";
27 0 0 161,234 "27";
28 0 1 110,273 "28";
29 0 1 110,129 "29";
30 2 1 200,256 "30";
31 0 0 237,254 "31";
32 1 0 148,203 "32";
33 2 0 114,201 "33";
34 2 0 165,246 "34";
35 2 1 11,38 "35";
36 1 0 46,234 "36";
37 1 0 27,150 "37";
38 0 1 92,278 "38";
39 1 0 32,165 "39";
40 2 1 19,49 "40";
41 0 0 102,173 "41";
42 0 1 117,268 "42";
43 2 0 104,230 "43";
44 1 1 188,263 "44";
45 0 0 150,265 "45";
46 0 0 59,138 "46";
47 0 1 83,132 "47";
48 1 0 127,209 "48";
49 0 1 195,209 "49";
50 0 1 5,123 "50";
51 0 0 78,170 "51";
52 2 0 244,287 "52";
53 2 1 35,184 "53";
54 0 0 144,149 "54";
55 1 1 42,249 "55";
56 2 1 42,98 "56";
57 0 0 72,103 "57";
58 2 0 80,83 "58";
59 1 0 98,134 "59";
60 0 0 25,50 "60";
61 0 1 171,190 "61";
62 0 0 53,148 "62";
63 0 1 148,282 "63";
64 0 0 138,265 "64";
65 1 1 29,281 "65";
66 1 0 68,74 "66";
67 1 1 180,204 "67";
68 2 0 125,210 "68";
69 0 0 163,242 "69";
70 2 1 97,236 "70";
71 0 1 14,53 "71";
72 0 0 100,262 "72";
73 1 0 37,117 "73";
74 0 1 87,202 "74";
75 0 0 216,229 "75";
76 1 1 23,141 "76";
77 1 0 44,121 "77";
78 0 1 13,104 "78";
79 2 1 176,243 "79";
80 0 0 4,186 "80";
81 0 0 73,111 "81";
82 0 0 154,203 "82";
83 2 1 16,258 "83";
84 1 1 75,278 "84";
85 0 0 90,264 "85";
86 0 0 20,157 "86";
87 2 0 97,263 "87";
88 2 1 32,177 "88";
89 1 1 161,207 "89";
90 2 0 164,201 "90";
91 2 1 150,160 "91";
92 1 1 79,131 "92";
93 2 0 127,223 "93";
94 1 1 31,129 "94";
95 2 0 79,237 "95";
96 0 1 0,211 "96";
97 2 0 16,197 "97";
98 2 1 92,177 "98";
99 2 1 134,255 "99";
100 1 0 237,247 "100";
101 0 1 169,244 "101";
102 1 1 15,67 "102";
103 1 1 79,262 "103";
104 1 1 219,262 "104";
105 1 0 261,280 "105";
106 0 0 40,130 "106";
107 0 1 104,128 "107";
108 0 1 18,233 "108";
109 2 1 191,270 "109";
110 1 1 162,221 "110";
111 1 0 149,164 "111";
112 0 1 74,284 "112";
113 1 1 77,172 "113";
114 0 1 51,205 "114";
115 2 1 118,136 "115";
116 0 1 128,155 "116";
117 0 0 165,214 "117";
118 2 1 50,115 "118";
119 2 0 189,248 "119";
120 2 0 92,179 "120";
121 2 1 191,280 "121";
122 2 1 27,93 "122";
123 1 1 94,148 "123";
124 1 1 63,139 "124";
125 0 1 49,98 "125";
126 1 0 227,283 "126";
127 0 1 43,255 "127";
128 0 1 12,17 "128";
129 2 1 108,262 "129";
130 0 1 262,268 "130";
131 1 1 212,228 "131";
132 2 1 196,209 "132";
133 0 0 70,256 "133";
134 2 1 106,165 "134";
135 2 1 107,254 "135";
136 0 0 75,227 "136";
137 1 0 19,86 "137";
138 0 0 96,286 "138";
139 0 1 116,208 "139";
140 2 1 49,136 "140";
141 1 0 157,227 "141";
142 2 0 164,270 "142";
143 0 0 146,164 "143";
144 2 0 66,72 "144";
145 1 1 159,243 "145";
146 2 0 54,158 "146";
147 2 1 118,169 "147";
148 0 1 65,198 "148";
149 1 0 188,243 "149";
150 0 1 214,275 "150";
151 1 1 8,89 "151";
152 0 0 34,281 "152";
153 0 1 218,276 "153";
154 1 1 70,116 "154";
155 2 1 105,191 "155";
156 2 0 79,276 "156";
157 1 0 100,154 "157";
158 0 0 137,203 "158";
159 1 0 276,281 "159";
160 0 0 4,67 "160";
161 0 0 30,261 "161";
162 2 0 10,142 "162";
163 0 0 50,81 "163";
164 2 0 66,127 "164";
165 0 0 61,221 "165";
166 2 1 119,257 "166";
167 2 0 50,64 "167";
168 1 0 178,203 "168";
169 2 0 246,253 "169";
170 2 0 53,114 "170";
171 1 1 135,160 "171";
172 0 1 85,179 "172";
173 1 0 9,223 "173";
174 0 1 115,283 "174";
175 0 1 23,192 "175";
176 1 1 50,213 "176";
177 0 0 59,103 "177";
178 2 1 106,229 "178";
179 2 1 46,242 "179";
180 0 1 14,115 "180";
181 1 1 86,241 "181";
182 0 1 82,101 "182";
183 0 1 80,269 "183";
184 2 1 40,116 "184";
185 0 1 48,170 "185";
186 2 1 73,256 "186";
187 1 0 136,209 "187";
188 2 0 79,204 "188";
189 0 1 39,143 "189";
190 2 0 22,54 "190";
191 2 0 23,63 "191";
192 2 0 141,230 "192";
193 0 1 226,262 "193";
194 2 1 159,222 "194";
195 0 1 90,144 "195";
196 0 1 212,224 "196";
197 2 1 95,97 "197";
198 1 1 12,77 "198";
199 2 1 38,111 "199";
200 2 0 10,34 "200";
201 2 0 165,178 "201";
202 0 0 65,275 "202";
203 2 0 44,238 "203";
204 2 1 32,239 "204";
205 1 1 189,198 "205";
206 0 1 98,124 "206";
207 2 0 47,185 "207";
208 1 0 97,179 "208";
209 0 1 154,282 "209";
210 0 0 142,189 "210";
211 0 1 140,200 "211";
212 2 1 5,200 "212";
213 2 1 169,281 "213";
214 2 1 41,63 "214";
215 1 1 39,233 "215";
216 0 1 5,34 "216";
217 2 0 190,200 "217";
218 1 1 52,286 "218";
219 2 1 24,40 "219";
220 0 1 3,259 "220";
221 2 1 11,86 "221";
222 1 0 140,189 "222";
223 0 0 37,95 "223";
224 2 1 78,166 "224";
225 2 1 101,161 "225";
226 1 0 238,268 "226";
227 1 0 28,270 "227";
228 0 0 12,100 "228";
229 1 0 82,138 "229";
230 0 0 102,212 "230";
231 0 0 44,66 "231";
232 2 1 34,254 "232";
233 2 0 104,135 "233";
234 0 1 1,50 "234";
235 2 1 169,240 "235";
236 1 1 189,250 "236";
237 0 1 13,23 "237";
238 0 0 115,233 "238";
239 2 0 147,170 "239";
240 0 1 19,274 "240";
241 2 0 207,270 "241";
242 1 0 161,191 "242";
243 1 1 269,273 "243";
244 0 0 219,249 "244";
245 2 0 180,197 "245";
246 1 0 222,225 "246";
247 1 0 164,282 "247";
248 0 1 119,200 "248";
249 0 1 148,225 "249";
250 1 1 64,289 "250";
251 0 1 44,200 "251";
252 1 0 116,144 "252";
253 2 0 182,210 "253";
254 1 0 182,235 "254";
255 2 0 155,260 "255";
256 0 0 195,223 "256";
257 2 1 205,268 "257";
258 1 1 241,282 "258";
259 2 1 40,45 "259";
260 2 1 30,200 "260";
261 1 0 34,149 "261";
262 0 0 133,207 "262";
263 1 0 181,286 "263";
264 1 0 84,136 "264";
265 2 0 56,163 "265";
266 2 0 66,170 "266";
267 0 0 132,281 "267";
268 0 0 120,250 "268";
269 2 1 173,260 "269";
270 2 0 60,242 "270";
271 1 1 22,43 "271";
272 0 0 122,204 "272";
273 1 1 62,266 "273";
274 2 0 109,182 "274";
275 1 1 42,227 "275";
276 0 0 51,192 "276";
277 0 0 108,287 "277";
278 2 1 97,114 "278";
279 1 1 67,183 "279";
280 2 0 260,284 "280";
281 0 0 14,288 "281";
282 2 0 85,214 "282";
283 1 0 136,242 "283";
284 0 0 10,13 "284";
285 1 0 88,249 "285";
286 2 1 14,118 "286";
287 0 0 13,66 "287";
288 1 1 129,204 "288";
289 0 1 2,152 "289";
