parity 269;
0 1 0 144,230 "0";
1 1 1 52,109 "1";
2 2 1 61,99 "2";
3 1 0 128,186 "3";
4 0 1 10,190 "4";
5 0 0 2,100 "5";
6 1 1 15,68 "6";
7 2 1 115,233 "7";
8 1 1 130,223 "8";
9 2 0 49,201 "9";
10 2 1 15,234 "10";
11 2 0 115,151 "11";
12 1 1 82,118 "12";
13 1 0 120,266 "13";
14 2 1 46,136 "14";
15 1 0 58,220 "15";
16 0 0 143,213 "16";
17 0 0 129,204 "17";
18 1 0 67,81 "18";
19 2 0 34,170 "19";
20 2 1 132,243 "20";
21 0 0 37,142 "21";
22 0 0 42,94 "22";
23 0 1 141,193 "23";
24 2 1 94,150 "24";
25 0 0 214,230 "25";
26 2 1 97,133 "26";
27 2 0 8,180 "27";
28 0 0 161,171 "28";
29 2 1 128,155 "29";
30 0 1 182,269 "30";
31 2 0 110,262 "31";
32 0 0 3,73 "32";
33 0 0 8,226 "33";
34 0 0 84,149 "34";
35 1 0 205,248 "35";
36 0 1 121,227 "36";
37 1 0 78,266 "37";
38 1 1 78,159 "38";
39 0 0 33,239 "39";
40 0 0 66,184 "40";
41 1 1 25,162 "41";
42 0 0 67,166 "42";
43 1 0 225,258 "43";
44 2 1 86,193 "44";
45 2 1 51,54 "45";
46 0 0 43,70 "46";
47 0 0 12,34 "47";
48 2 0 130,162 "48";
49 1 1 21,213 "49";
50 1 1 132,134 "50";
51 1 0 125,234 "51";
52 1 0 1,28 "52";
53 1 0 100,179 "53";
54 1 0 118,251 "54";
55 0 0 196,206 "55";
56 1 1 92,225 "56";
57 0 0 7,77 "57";
58 1 1 12,217 "58";
59 2 1 246,269 "59";
60 0 0 2,83 "60";
61 1 1 59,114 "61";
62 1 1 188,198 "62";
63 1 1 8,199 "63";
64 2 1 112,224 "64";
65 0 1 24,76 "65";
66 1 0 17,240 "66";
67 0 0 42,113 "67";
68 2 1 180,194 "68";
69 1 1 52,249 "69";
70 0 0 108,157 "70";
71 0 0 37,254 "71";
72 0 0 10,30 "72";
73 2 0 138,225 "73";
74 1 0 133,202 "74";
75 2 1 91,264 "75";
76 2 0 35,89 "76";
77 0 0 54,241 "77";
78 0 1 46,123 "78";
79 0 0 100,136 "79";
80 2 1 47,186 "80";
81 0 0 9,178 "81";
82 1 1 19,45 "82";
83 1 0 46,178 "83";
84 2 1 32,93 "84";
85 0 0 31,102 "85";
86 1 1 138,145 "86";
87 2 1 212,265 "87";
88 1 1 99,119 "88";
89 2 1 75,82 "89";
90 0 1 167,210 "90";
91 2 0 16,172 "91";
92 0 1 153,206 "92";
93 2 0 139,256 "93";
94 1 0 25,227 "94";
95 0 0 80,179 "95";
96 0 0 77,149 "96";
97 1 1 185,217 "97";
98 1 1 99,201 "98";
99 2 1 84,269 "99";
100 2 0 32,84 "100";
101 0 1 14,253 "101";
102 0 1 1,258 "102";
103 1 0 227,246 "103";
104 1 1 145,235 "104";
105 0 0 201,202 "105";
106 2 0 71,151 "106";
107 0 1 69,244 "107";
108 0 0 68,113 "108";
109 1 1 65,181 "109";
110 2 1 120,227 "110";
111 0 0 33,234 "111";
112 2 0 133,265 "112";
113 0 0 51,245 "113";
114 0 1 44,214 "114";
115 2 0 55,159 "115";
116 0 1 51,262 "116";
117 0 0 12,44 "117";
118 2 1 64,194 "118";
119 2 1 70,225 "119";
120 2 1 9,123 "120";
121 1 0 62,115 "121";
122 0 1 35,226 "122";
123 1 0 83,101 "123";
124 2 0 168,183 "124";
125 2 1 80,177 "125";
126 2 1 9,178 "126";
127 1 1 21,253 "127";
128 1 0 47,192 "128";
129 0 0 72,206 "129";
130 2 0 113,253 "130";
131 1 0 22,90 "131";
132 0 0 10,124 "132";
133 1 0 36,116 "133";
134 2 1 5,84 "134";
135 1 0 11,74 "135";
136 1 0 157,198 "136";
137 2 0 106,166 "137";
138 1 0 208,256 "138";
139 2 1 254,261 "139";
140 2 1 156,252 "140";
141 2 1 233,235 "141";
142 2 0 154,254 "142";
143 0 0 19,34 "143";
144 1 1 9,54 "144";
145 0 0 59,260 "145";
146 1 1 157,263 "146";
147 0 0 2,163 "147";
148 0 1 193,268 "148";
149 0 1 73,242 "149";
150 0 0 44,248 "150";
151 0 1 122,212 "151";
152 1 0 120,205 "152";
153 0 1 72,157 "153";
154 1 0 119,183 "154";
155 0 1 82,172 "155";
156 1 0 140,145 "156";
157 1 1 2,112 "157";
158 2 0 96,193 "158";
159 1 0 70,105 "159";
160 2 0 151,154 "160";
161 1 0 111,123 "161";
162 0 1 154,264 "162";
163 2 1 118,123 "163";
164 1 1 74,79 "164";
165 0 0 31,132 "165";
166 2 0 141,261 "166";
167 1 0 147,257 "167";
168 2 1 174,268 "168";
169 2 0 122,142 "169";
170 0 0 52,263 "170";
171 1 1 20,93 "171";
172 0 1 21,213 "172";
173 2 0 49,151 "173";
174 1 0 120,223 "174";
175 0 1 82,128 "175";
176 1 0 32,171 "176";
177 2 0 69,222 "177";
178 1 1 106,141 "178";
179 0 0 30,56 "179";
180 0 0 75,157 "180";
181 1 1 42,190 "181";
182 0 1 170,221 "182";
183 1 0 210,243 "183";
184 1 0 190,254 "184";
185 2 1 58,105 "185";
186 2 0 15,135 "186";
187 2 0 200,222 "187";
188 1 0 20,76 "188";
189 2 0 224,259 "189";
190 2 1 192,217 "190";
191 2 0 53,180 "191";
192 1 0 101,177 "192";
193 0 1 101,214 "193";
194 0 0 58,226 "194";
195 1 1 178,200 "195";
196 0 0 163,251 "196";
197 1 1 198,246 "197";
198 1 0 128,231 "198";
199 1 1 142,234 "199";
200 0 0 13,52 "200";
201 2 1 145,264 "201";
202 0 1 74,163 "202";
203 2 0 13,63 "203";
204 0 0 137,139 "204";
205 2 0 98,155 "205";
206 1 0 44,138 "206";
207 1 1 68,152 "207";
208 1 1 35,47 "208";
209 1 1 148,200 "209";
210 2 0 10,255 "210";
211 2 0 62,76 "211";
212 1 0 144,190 "212";
213 2 0 50,215 "213";
214 2 0 48,258 "214";
215 1 1 17,168 "215";
216 0 0 253,261 "216";
217 2 1 107,191 "217";
218 2 0 203,220 "218";
219 1 1 80,168 "219";
220 1 1 184,188 "220";
221 2 1 177,231 "221";
222 0 1 59,187 "222";
223 0 1 19,144 "223";
224 2 1 0,161 "224";
225 0 1 1,37 "225";
226 0 0 109,179 "226";
227 2 1 105,221 "227";
228 0 0 25,162 "228";
229 0 1 78,255 "229";
230 1 1 50,237 "230";
231 1 1 30,189 "231";
232 1 0 87,127 "232";
233 1 1 164,182 "233";
234 2 0 88,238 "234";
235 2 1 59,255 "235";
236 0 0 86,107 "236";
237 0 0 47,48 "237";
238 0 0 78,129 "238";
239 2 0 114,151 "239";
240 1 1 182,223 "240";
241 0 0 26,199 "241";
242 2 1 31,203 "242";
243 1 1 19,43 "243";
244 2 1 24,157 "244";
245 2 0 43,239 "245";
246 2 1 75,236 "246";
247 1 0 191,193 "247";
248 0 0 121,256 "248";
249 2 0 97,209 "249";
250 2 0 126,179 "250";
251 2 1 39,267 "251";
252 2 1 101,263 "252";
253 2 1 21,34 "253";
254 1 1 69,164 "254";
255 2 0 87,141 "255";
256 0 0 0,5 "256";
257 2 0 112,115 "257";
258 2 1 132,202 "258";
259 0 1 7,32 "259";
260 2 1 74,210 "260";
261 2 0 220,267 "261";
262 1 1 165,174 "262";
263 2 1 13,35 "263";
264 2 0 165,217 "264";
265 2 0 102,116 "265";
266 1 0 76,82 "266";
267 1 1 201,225 "267";
268 1 1 136,188 "268";
269 1 0 181,236 "269";
