parity 229;
0 0 0 85,135 "0";
1 0 1 121,202 "1";
2 2 1 53,182 "2";
3 1 1 28,56 "3";
4 0 0 61,62 "4";
5 0 0 82,201 "5";
6 0 0 44,170 "6";
7 0 0 39,145 "7";
8 2 1 115,169 "8";
9 2 0 70,78 "9";
10 0 1 74,130 "10";
11 2 1 153,216 "11";
12 0 0 61,92 "12";
13 2 0 175,220 "13";
14 0 0 56,143 "14";
15 1 0 61,139 "15";
16 1 1 100,122 "16";
17 1 0 196,220 "17";
18 1 0 13,216 "18";
19 0 1 65,115 "19";
20 2 1 2,133 "20";
21 1 0 134,210 "21";
22 2 0 14,108 "22";
23 0 1 51,106 "23";
24 1 1 7,206 "24";
25 1 1 35,215 "25";
26 0 1 129,141 "26";
27 2 0 88,222 "27";
28 1 0 4,211 "28";
29 1 0 118,205 "29";
30 0 1 129,193 "30";
31 0 0 86,167 "31";
32 2 1 42,175 "32";
33 2 1 107,210 "33";
34 1 0 55,202 "34";
35 0 0 183,189 "35";
36 0 1 138,186 "36";
37 0 0 189,226 "37";
38 0 1 41,150 "38";
39 1 0 94,191 "39";
40 0 0 90,131 "40";
41 1 0 83,209 "41";
42 0 0 83,109 "42";
43 0 1 9,160 "43";
44 0 1 33,35 "44";
45 2 1 43,157 "45";
46 0 1 72,98 "46";
47 0 1 164,202 "47";
48 0 0 112,224 "48";
49 2 0 80,200 "49";
50 2 0 2,135 "50";
51 0 1 3,134 "51";
52 1 0 124,155 "52";
53 0 1 55,108 "53";
54 1 0 3,197 "54";
55 1 1 65,123 "55";
56 1 1 61,157 "56";
57 0 1 23,101 "57";
58 2 0 67,127 "58";
59 2 0 14,219 "59";
60 1 1 172,175 "60";
61 2 1 67,170 "61";
62 2 1 68,70 "62";
63 1 1 30,186 "63";
64 0 1 57,189 "64";
65 1 1 17,187 "65";
66 2 0 38,65 "66";
67 1 1 8,222 "67";
68 2 0 168,186 "68";
69 1 0 97,118 "69";
70 0 1 46,221 "70";
71 0 0 131,216 "71";
72 1 1 105,211 "72";
73 1 1 10,68 "73";
74 1 0 141,187 "74";
75 2 1 76,183 "75";
76 2 1 16,171 "76";
77 1 0 58,83 "77";
78 0 1 0,219 "78";
79 0 1 178,209 "79";
80 0 0 26,54 "80";
81 0 0 177,229 "81";
82 2 0 79,115 "82";
83 0 1 73,195 "83";
84 1 0 75,182 "84";
85 2 1 128,132 "85";
86 0 0 81,103 "86";
87 0 0 19,194 "87";
88 0 1 79,173 "88";
89 0 0 70,114 "89";
90 0 0 46,139 "90";
91 2 1 8,193 "91";
92 2 1 88,138 "92";
93 0 0 107,162 "93";
94 0 0 44,163 "94";
95 2 0 79,197 "95";
96 2 0 182,215 "96";
97 1 1 110,166 "97";
98 2 0 101,156 "98";
99 2 1 18,113 "99";
100 0 0 11,126 "100";
101 1 1 95,218 "101";
102 0 0 53,186 "102";
103 2 0 32,145 "103";
104 1 0 32,174 "104";
105 2 1 7,71 "105";
106 1 1 91,129 "106";
107 0 0 56,195 "107";
108 0 1 111,172 "108";
109 2 0 23,134 "109";
110 1 1 55,60 "110";
111 2 0 18,155 "111";
112 0 0 52,117 "112";
113 0 0 111,151 "113";
114 2 0 67,144 "114";
115 0 1 87,166 "115";
116 2 0 20,131 "116";
117 0 1 16,150 "117";
118 1 1 108,141 "118";
119 0 0 53,108 "119";
120 0 0 90,172 "120";
121 2 1 72,152 "121";
122 2 1 46,207 "122";
123 2 0 43,165 "123";
124 0 0 68,213 "124";
125 1 1 29,34 "125";
126 0 1 67,107 "126";
127 0 0 125,203 "127";
128 2 1 1,220 "128";
129 2 0 51,178 "129";
130 0 0 36,187 "130";
131 0 1 128,133 "131";
132 2 1 204,227 "132";
133 1 0 16,181 "133";
134 0 1 29,34 "134";
135 1 1 13,25 "135";
136 2 1 201,224 "136";
137 2 0 14,171 "137";
138 2 1 177,186 "138";
139 1 0 25,141 "139";
140 1 1 88,138 "140";
141 2 0 55,58 "141";
142 1 1 103,127 "142";
143 1 1 62,168 "143";
144 0 0 51,128 "144";
145 0 0 25,182 "145";
146 1 1 19,163 "146";
147 2 0 49,66 "147";
148 0 1 37,150 "148";
149 2 1 18,80 "149";
150 2 1 76,152 "150";
151 0 1 113,191 "151";
152 1 1 76,94 "152";
153 0 0 49,178 "153";
154 0 1 191,205 "154";
155 0 0 135,216 "155";
156 1 0 110,195 "156";
157 0 0 28,123 "157";
158 0 0 28,151 "158";
159 2 1 32,199 "159";
160 1 0 16,218 "160";
161 0 1 84,221 "161";
162 0 1 49,87 "162";
163 2 1 104,185 "163";
164 2 0 35,206 "164";
165 1 0 15,109 "165";
166 0 0 10,151 "166";
167 1 1 26,196 "167";
168 2 0 13,181 "168";
169 2 0 105,145 "169";
170 0 1 4,36 "170";
171 1 1 96,103 "171";
172 1 1 11,142 "172";
173 2 1 70,113 "173";
174 1 0 125,213 "174";
175 1 1 78,129 "175";
176 1 0 58,119 "176";
177 0 0 78,121 "177";
178 0 0 73,215 "178";
179 0 0 29,175 "179";
180 2 1 6,97 "180";
181 0 1 13,91 "181";
182 1 1 126,216 "182";
183 2 1 184,229 "183";
184 1 0 94,195 "184";
185 0 1 71,84 "185";
186 0 1 134,180 "186";
187 0 0 79,177 "187";
188 1 0 18,219 "188";
189 1 1 176,209 "189";
190 0 1 18,124 "190";
191 1 0 129,180 "191";
192 0 1 49,144 "192";
193 1 0 56,163 "193";
194 0 1 45,218 "194";
195 1 0 172,205 "195";
196 0 0 5,98 "196";
197 2 0 16,44 "197";
198 1 1 114,224 "198";
199 2 0 82,87 "199";
200 1 1 185,223 "200";
201 0 1 62,99 "201";
202 0 1 32,185 "202";
203 2 0 65,124 "203";
204 2 0 56,134 "204";
205 1 1 50,75 "205";
206 1 1 121,138 "206";
207 1 0 159,186 "207";
208 0 0 75,179 "208";
209 0 0 125,202 "209";
210 2 0 212,217 "210";
211 2 1 51,143 "211";
212 0 0 186,229 "212";
213 0 0 140,150 "213";
214 1 1 15,56 "214";
215 2 1 21,30 "215";
216 0 0 65,139 "216";
217 2 0 51,86 "217";
218 0 1 89,126 "218";
219 2 1 110,216 "219";
220 2 1 178,189 "220";
221 1 1 8,52 "221";
222 1 0 20,198 "222";
223 0 1 68,85 "223";
224 2 1 10,65 "224";
225 0 0 66,134 "225";
226 1 1 190,216 "226";
227 0 0 1,125 "227";
228 2 1 79,146 "228";
229 2 1 151,202 "229";
