parity 249;
0 2 0 69,215 "0";
1 1 1 27,154 "1";
2 0 0 5,173 "2";
3 2 0 140,144 "3";
4 2 1 38,182 "4";
5 0 1 102,116 "5";
6 2 0 142,178 "6";
7 1 1 84,128 "7";
8 2 0 115,120 "8";
9 1 0 35,244 "9";
10 1 0 9,54 "10";
11 2 1 48,85 "11";
12 2 0 62,172 "12";
13 1 1 18,35 "13";
14 1 0 9,187 "14";
15 1 1 32,225 "15";
16 2 1 111,248 "16";
17 0 1 40,194 "17";
18 0 1 9,146 "18";
19 0 1 148,157 "19";
20 2 1 71,221 "20";
21 1 1 143,245 "21";
22 2 1 46,187 "22";
23 0 0 22,211 "23";
24 0 1 119,244 "24";
25 2 1 133,156 "25";
26 2 0 70,226 "26";
27 0 0 4,242 "27";
28 0 0 130,217 "28";
29 2 0 103,136 "29";
30 0 1 17,36 "30";
31 2 1 94,210 "31";
32 1 0 122,221 "32";
33 1 1 5,212 "33";
34 2 1 63,146 "34";
35 2 1 65,110 "35";
36 1 0 61,168 "36";
37 1 1 29,58 "37";
38 1 1 124,127 "38";
39 1 1 60,145 "39";
40 0 0 125,166 "40";
41 1 1 94,192 "41";
42 0 1 49,155 "42";
43 2 1 27,101 "43";
44 0 0 78,98 "44";
45 1 0 7,213 "45";
46 1 1 189,249 "46";
47 2 1 109,177 "47";
48 2 0 17,46 "48";
49 2 0 12,194 "49";
50 0 1 137,236 "50";
51 0 1 112,129 "51";
52 2 1 6,62 "52";
53 0 1 39,82 "53";
54 2 0 12,117 "54";
55 2 0 109,220 "55";
56 1 0 97,211 "56";
57 0 0 6,20 "57";
58 1 1 32,84 "58";
59 2 0 85,207 "59";
60 0 0 27,242 "60";
61 0 1 9,108 "61";
62 2 0 32,225 "62";
63 0 0 67,136 "63";
64 2 1 113,163 "64";
65 1 0 60,219 "65";
66 2 1 69,72 "66";
67 1 0 178,220 "67";
68 1 1 19,157 "68";
69 1 1 189,218 "69";
70 2 0 78,215 "70";
71 0 1 88,122 "71";
72 2 1 57,146 "72";
73 0 0 153,215 "73";
74 1 1 26,191 "74";
75 1 1 20,35 "75";
76 0 1 14,17 "76";
77 0 0 2,190 "77";
78 1 0 34,245 "78";
79 0 1 141,202 "79";
80 1 0 101,212 "80";
81 2 0 164,217 "81";
82 0 1 71,162 "82";
83 0 1 90,116 "83";
84 0 1 8,188 "84";
85 1 1 57,82 "85";
86 0 1 121,194 "86";
87 2 0 8,179 "87";
88 2 1 41,69 "88";
89 2 0 52,72 "89";
90 0 1 209,218 "90";
91 0 1 19,38 "91";
92 2 0 100,129 "92";
93 2 0 47,145 "93";
94 0 1 156,186 "94";
95 0 1 161,227 "95";
96 2 1 9,50 "96";
97 1 0 126,163 "97";
98 0 1 118,246 "98";
99 0 0 3,181 "99";
100 0 1 185,238 "100";
101 0 0 88,246 "101";
102 0 0 28,146 "102";
103 2 1 40,69 "103";
104 2 0 52,166 "104";
105 1 0 127,201 "105";
106 0 1 130,205 "106";
107 1 1 13,137 "107";
108 1 0 21,207 "108";
109 2 1 64,212 "109";
110 2 0 1,233 "110";
111 0 1 77,157 "111";
112 0 1 43,176 "112";
113 1 1 164,204 "113";
114 2 0 218,247 "114";
115 1 0 78,95 "115";
116 0 1 128,196 "116";
117 2 0 14,208 "117";
118 2 0 188,241 "118";
119 1 1 184,193 "119";
120 1 0 1,221 "120";
121 0 0 29,199 "121";
122 0 0 101,173 "122";
123 1 1 57,73 "123";
124 2 0 11,123 "124";
125 0 1 57,150 "125";
126 0 1 33,222 "126";
127 0 0 44,227 "127";
128 0 1 130,192 "128";
129 2 1 73,229 "129";
130 1 1 48,204 "130";
131 2 0 26,54 "131";
132 2 1 1,176 "132";
133 1 0 46,69 "133";
134 0 0 68,217 "134";
135 1 1 164,228 "135";
136 1 1 30,198 "136";
137 2 1 86,242 "137";
138 0 1 47,220 "138";
139 0 1 85,199 "139";
140 2 0 15,100 "140";
141 2 0 128,150 "141";
142 1 0 11,57 "142";
143 1 1 46,211 "143";
144 1 0 61,90 "144";
145 0 1 52,78 "145";
146 0 0 14,197 "146";
147 1 1 76,217 "147";
148 0 1 65,175 "148";
149 2 0 218,234 "149";
150 0 0 6,195 "150";
151 0 0 92,166 "151";
152 1 0 51,64 "152";
153 2 0 23,26 "153";
154 2 0 134,244 "154";
155 1 0 198,248 "155";
156 0 1 8,215 "156";
157 2 0 146,229 "157";
158 1 0 113,128 "158";
159 0 0 53,59 "159";
160 0 0 227,249 "160";
161 1 0 204,214 "161";
162 0 1 100,138 "162";
163 2 0 42,160 "163";
164 2 1 136,161 "164";
165 1 0 62,189 "165";
166 1 0 39,247 "166";
167 0 0 42,179 "167";
168 0 0 3,161 "168";
169 0 0 38,127 "169";
170 2 0 183,220 "170";
171 0 1 8,128 "171";
172 0 1 132,212 "172";
173 0 0 142,202 "173";
174 2 1 34,171 "174";
175 2 1 119,232 "175";
176 1 0 74,90 "176";
177 2 0 69,93 "177";
178 0 0 61,136 "178";
179 0 0 150,205 "179";
180 2 0 40,63 "180";
181 2 0 57,237 "181";
182 1 0 50,211 "182";
183 2 1 31,39 "183";
184 0 1 97,247 "184";
185 0 0 72,165 "185";
186 0 1 44,113 "186";
187 2 1 44,171 "187";
188 1 0 7,22 "188";
189 1 1 35,100 "189";
190 2 1 12,53 "190";
191 0 0 6,173 "191";
192 1 0 160,170 "192";
193 1 0 104,222 "193";
194 1 0 6,54 "194";
195 0 0 6,33 "195";
196 1 0 52,86 "196";
197 0 1 18,192 "197";
198 1 0 168,173 "198";
199 1 0 125,209 "199";
200 0 1 32,121 "200";
201 0 1 26,179 "201";
202 0 0 9,72 "202";
203 2 0 80,119 "203";
204 1 0 108,155 "204";
205 0 1 28,182 "205";
206 0 0 64,131 "206";
207 0 0 191,232 "207";
208 0 0 89,96 "208";
209 2 0 42,68 "209";
210 2 0 135,249 "210";
211 0 0 116,181 "211";
212 1 1 100,157 "212";
213 1 0 168,176 "213";
214 1 1 143,186 "214";
215 2 0 161,176 "215";
216 2 0 50,69 "216";
217 1 0 129,246 "217";
218 1 0 50,161 "218";
219 2 0 16,66 "219";
220 2 1 195,211 "220";
221 0 1 53,129 "221";
222 0 0 134,241 "222";
223 2 1 37,115 "223";
224 0 0 80,114 "224";
225 2 1 149,177 "225";
226 2 1 137,235 "226";
227 0 0 89,120 "227";
228 1 0 175,204 "228";
229 2 1 132,155 "229";
230 1 0 27,98 "230";
231 0 1 96,197 "231";
232 1 0 109,114 "232";
233 0 1 5,59 "233";
234 2 0 102,181 "234";
235 2 0 79,236 "235";
236 2 0 42,172 "236";
237 0 1 53,203 "237";
238 2 1 166,220 "238";
239 2 1 13,24 "239";
240 1 1 198,235 "240";
241 0 0 144,160 "241";
242 1 0 52,139 "242";
243 1 1 67,70 "243";
244 0 1 192,248 "244";
245 2 1 203,206 "245";
246 1 0 152,180 "246";
247 0 0 50,183 "247";
248 1 1 57,106 "248";
249 2 0 102,204 "249";
