parity 289;
0 2 1 28,257 "0";
1 2 1 213,245 "1";
2 0 0 141,158 "2";
3 1 1 163,215 "3";
4 1 0 36,39 "4";
5 2 1 92,195 "5";
6 0 1 105,214 "6";
7 1 0 218,249 "7";
8 2 1 20,225 "8";
9 2 1 8,215 "9";
10 2 0 63,288 "10";
11 2 0 157,252 "11";
12 1 1 43,105 "12";
13 1 1 24,101 "13";
14 1 0 100,170 "14";
15 1 1 216,269 "15";
16 0 1 90,284 "16";
17 2 1 67,89 "17";
18 2 1 82,261 "18";
19 0 0 68,248 "19";
20 2 1 115,250 "20";
21 1 1 194,215 "21";
22 0 1 19,88 "22";
23 0 1 91,128 "23";
24 1 0 117,154 "24";
25 0 0 95,237 "25";
26 1 1 30,179 "26";
27 2 0 57,220 "27";
28 0 1 21,216 "28";
29 0 1 284,287 "29";
30 0 0 8,48 "30";
31 1 0 21,280 "31";
32 1 0 39,263 "32";
33 1 1 129,144 "33";
34 1 0 53,125 "34";
35 1 1 112,158 "35";
36 1 0 89,181 "36";
37 1 1 263,276 "37";
38 2 0 128,169 "38";
39 2 1 86,168 "39";
40 1 1 57,66 "40";
41 0 1 84,204 "41";
42 0 1 14,190 "42";
43 2 0 12,120 "43";
44 1 0 238,247 "44";
45 2 1 155,158 "45";
46 1 1 112,183 "46";
47 1 0 199,238 "47";
48 2 1 136,176 "48";
49 1 0 182,201 "49";
50 2 0 7,35 "50";
51 0 1 201,214 "51";
52 2 0 96,177 "52";
53 0 1 136,252 "53";
54 0 0 148,255 "54";
55 1 1 52,158 "55";
56 0 1 162,260 "56";
57 2 1 92,249 "57";
58 1 1 21,133 "58";
59 0 1 21,187 "59";
60 2 1 147,169 "60";
61 2 0 22,110 "61";
62 2 0 119,207 "62";
63 2 1 103,124 "63";
64 1 0 29,77 "64";
65 0 1 124,270 "65";
66 0 1 35,283 "66";
67 0 1 257,271 "67";
68 2 1 18,166 "68";
69 1 1 124,189 "69";
70 2 0 32,221 "70";
71 2 1 166,271 "71";
72 2 1 46,241 "72";
73 2 1 87,153 "73";
74 0 1 77,121 "74";
75 1 1 31,154 "75";
76 2 1 134,137 "76";
77 2 0 160,202 "77";
78 2 0 27,133 "78";
79 1 1 210,253 "79";
80 0 1 175,244 "80";
81 1 0 63,78 "81";
82 1 0 50,88 "82";
83 1 1 111,285 "83";
84 1 0 132,155 "84";
85 2 0 148,223 "85";
86 1 1 38,114 "86";
87 2 0 149,168 "87";
88 1 0 35,288 "88";
89 2 0 22,215 "89";
90 0 0 59,96 "90";
91 0 0 37,58 "91";
92 2 0 112,286 "92";
93 2 0 212,218 "93";
94 1 1 146,190 "94";
95 2 0 14,47 "95";
96 1 0 88,282 "96";
97 0 0 26,32 "97";
98 0 1 145,193 "98";
99 1 0 143,147 "99";
100 0 1 24,148 "100";
101 0 0 26,77 "101";
102 1 0 126,131 "102";
103 0 1 113,139 "103";
104 0 0 55,81 "104";
105 1 0 173,289 "105";
106 0 0 20,39 "106";
107 1 0 243,248 "107";
108 2 1 103,162 "108";
109 0 0 106,194 "109";
110 2 1 226,264 "110";
111 2 0 30,85 "111";
112 1 0 96,142 "112";
113 2 0 83,139 "113";
114 0 1 136,178 "114";
115 0 0 31,163 "115";
116 1 1 107,199 "116";
117 1 0 64,124 "117";
118 0 0 94,151 "118";
119 0 0 234,244 "119";
120 2 0 208,265 "120";
121 1 0 73,258 "121";
122 0 1 80,139 "122";
123 2 0 96,225 "123";
124 0 0 101,170 "124";
125 2 0 17,132 "125";
126 1 1 16,288 "126";
127 0 1 118,208 "127";
128 1 1 70,140 "128";
129 0 0 20,255 "129";
130 0 0 46,279 "130";
131 1 0 28,282 "131";
132 1 0 103,192 "132";
133 0 1 148,193 "133";
134 0 0 1,168 "134";
135 1 1 42,190 "135";
136 0 0 55,93 "136";
137 2 1 75,270 "137";
138 1 1 21,94 "138";
139 0 0 74,223 "139";
140 0 0 115,256 "140";
141 2 0 24,177 "141";
142 0 1 20,26 "142";
143 2 0 142,267 "143";
144 2 0 13,222 "144";
145 0 1 177,201 "145";
146 0 1 15,271 "146";
147 0 0 127,168 "147";
148 1 1 5,230 "148";
149 1 0 56,100 "149";
150 1 0 171,276 "150";
151 2 0 101,131 "151";
152 2 1 5,46 "152";
153 2 1 147,282 "153";
154 1 1 141,235 "154";
155 2 1 28,278 "155";
156 1 1 163,224 "156";
157 0 0 33,82 "157";
158 1 1 209,213 "158";
159 1 0 174,287 "159";
160 2 1 44,253 "160";
161 2 0 199,253 "161";
162 2 0 35,255 "162";
163 1 0 17,264 "163";
164 1 0 3,105 "164";
165 2 0 26,162 "165";
166 2 1 54,241 "166";
167 1 1 61,169 "167";
168 0 1 162,272 "168";
169 0 1 97,230 "169";
170 1 1 37,155 "170";
171 2 1 141,267 "171";
172 1 1 72,190 "172";
173 0 1 165,204 "173";
174 1 0 136,161 "174";
175 2 0 100,196 "175";
176 0 1 181,198 "176";
177 0 0 152,280 "177";
178 2 1 54,70 "178";
179 0 1 147,187 "179";
180 1 1 36,250 "180";
181 1 1 161,233 "181";
182 0 1 49,87 "182";
183 1 1 79,115 "183";
184 1 0 193,282 "184";
185 1 1 258,269 "185";
186 0 0 230,286 "186";
187 1 0 53,261 "187";
188 1 1 174,191 "188";
189 2 1 66,149 "189";
190 1 1 75,106 "190";
191 1 0 10,241 "191";
192 2 1 85,109 "192";
193 0 0 20,37 "193";
194 0 1 15,43 "194";
195 0 0 57,260 "195";
196 1 0 10,177 "196";
197 0 1 76,232 "197";
198 0 0 74,283 "198";
199 0 1 146,149 "199";
200 2 0 190,264 "200";
201 2 1 132,170 "201";
202 2 0 127,165 "202";
203 0 1 184,208 "203";
204 0 0 233,239 "204";
205 1 1 151,164 "205";
206 1 0 18,169 "206";
207 0 0 179,288 "207";
208 1 0 106,230 "208";
209 1 0 258,282 "209";
210 0 0 90,198 "210";
211 1 1 218,279 "211";
212 0 1 86,102 "212";
213 2 1 61,162 "213";
214 1 1 56,125 "214";
215 0 0 130,207 "215";
216 2 1 8,261 "216";
217 0 1 97,122 "217";
218 2 0 88,282 "218";
219 1 1 105,204 "219";
220 2 0 56,274 "220";
221 1 0 100,222 "221";
222 2 1 152,250 "222";
223 2 0 147,208 "223";
224 0 1 46,86 "224";
225 0 0 29,166 "225";
226 1 0 198,280 "226";
227 0 1 44,123 "227";
228 0 1 188,251 "228";
229 1 1 46,76 "229";
230 0 0 26,251 "230";
231 2 1 13,100 "231";
232 0 0 146,250 "232";
233 1 1 18,268 "233";
234 0 1 43,130 "234";
235 1 0 131,211 "235";
236 2 1 191,221 "236";
237 2 1 222,234 "237";
238 2 1 4,6 "238";
239 2 1 163,263 "239";
240 0 0 158,205 "240";
241 2 1 94,108 "241";
242 0 0 40,170 "242";
243 2 1 64,81 "243";
244 2 1 33,249 "244";
245 0 0 45,241 "245";
246 2 0 1,145 "246";
247 1 0 44,222 "247";
248 1 0 163,275 "248";
249 2 1 4,260 "249";
250 0 0 132,261 "250";
251 2 0 76,186 "251";
252 1 0 40,253 "252";
253 1 1 70,214 "253";
254 2 0 166,180 "254";
255 1 1 217,266 "255";
256 1 0 211,227 "256";
257 1 1 61,78 "257";
258 0 1 86,263 "258";
259 2 1 121,281 "259";
260 2 0 50,171 "260";
261 1 1 44,197 "261";
262 1 1 101,124 "262";
263 1 1 79,249 "263";
264 2 0 235,256 "264";
265 2 1 64,237 "265";
266 2 1 213,269 "266";
267 2 0 55,213 "267";
268 1 0 30,115 "268";
269 0 1 90,278 "269";
270 0 0 100,247 "270";
271 1 0 151,171 "271";
272 0 0 257,277 "272";
273 2 0 103,272 "273";
274 1 1 174,280 "274";
275 0 0 37,90 "275";
276 2 1 29,49 "276";
277 2 1 66,186 "277";
278 0 1 12,267 "278";
279 1 1 171,218 "279";
280 0 1 113,163 "280";
281 1 1 47,156 "281";
282 0 0 128,200 "282";
283 1 0 0,155 "283";
284 1 0 7,285 "284";
285 0 0 74,98 "285";
286 2 0 86,103 "286";
287 2 0 103,204 "287";
288 1 0 130,158 "288";
289 0 1 126,203 "289";
