parity 234;
0 2 1 132,179 "0";
1 1 0 84,175 "1";
2 2 0 174,232 "2";
3 2 0 100,233 "3";
4 2 0 26,197 "4";
5 2 0 19,74 "5";
6 1 0 38,216 "6";
7 0 1 172,185 "7";
8 1 0 4,159 "8";
9 0 0 119,231 "9";
10 1 1 110,176 "10";
11 2 0 63,197 "11";
12 2 1 35,66 "12";
13 2 1 99,180 "13";
14 0 1 154,172 "14";
15 0 0 22,49 "15";
16 2 1 182,194 "16";
17 0 1 98,204 "17";
18 1 0 135,207 "18";
19 2 1 76,102 "19";
20 0 0 56,143 "20";
21 0 0 127,221 "21";
22 0 0 52,154 "22";
23 0 1 26,33 "23";
24 1 1 80,90 "24";
25 2 0 210,230 "25";
26 1 1 60,162 "26";
27 0 1 74,76 "27";
28 0 1 47,148 "28";
29 2 1 121,232 "29";
30 1 1 158,188 "30";
31 1 0 1,30 "31";
32 2 0 36,45 "32";
33 0 0 21,227 "33";
34 1 1 76,132 "34";
35 1 0 198,225 "35";
36 0 0 153,233 "36";
37 0 0 115,163 "37";
38 1 1 66,109 "38";
39 1 0 128,167 "39";
40 0 0 126,197 "40";
41 1 1 101,178 "41";
42 0 1 25,154 "42";
43 2 1 82,159 "43";
44 2 0 56,226 "44";
45 1 0 154,202 "45";
46 0 0 110,161 "46";
47 2 0 17,172 "47";
48 2 0 79,132 "48";
49 2 0 184,190 "49";
50 1 0 127,158 "50";
51 0 0 45,119 "51";
52 0 0 50,147 "52";
53 1 0 152,197 "53";
54 1 1 42,53 "54";
55 0 0 5,174 "55";
56 1 1 94,162 "56";
57 1 0 41,84 "57";
58 1 0 161,189 "58";
59 0 1 97,231 "59";
60 1 0 170,230 "60";
61 0 0 96,101 "61";
62 1 1 24,205 "62";
63 2 1 133,170 "63";
64 2 0 150,190 "64";
65 0 1 52,150 "65";
66 2 0 15,174 "66";
67 0 1 7,192 "67";
68 0 0 65,181 "68";
69 2 0 26,97 "69";
70 1 0 185,203 "70";
71 1 0 47,165 "71";
72 1 1 109,127 "72";
73 1 1 145,210 "73";
74 2 0 4,80 "74";
75 2 0 140,175 "75";
76 2 1 55,118 "76";
77 2 0 103,186 "77";
78 0 1 81,213 "78";
79 0 1 13,209 "79";
80 2 0 100,139 "80";
81 2 1 26,90 "81";
82 2 0 101,105 "82";
83 0 0 59,208 "83";
84 0 0 187,225 "84";
85 1 1 90,180 "85";
86 1 1 75,212 "86";
87 0 1 141,200 "87";
88 1 0 81,205 "88";
89 0 0 44,54 "89";
90 2 0 52,197 "90";
91 0 0 42,208 "91";
92 1 1 39,64 "92";
93 1 0 65,229 "93";
94 2 1 141,208 "94";
95 2 0 198,230 "95";
96 1 1 95,143 "96";
97 2 0 10,49 "97";
98 0 0 136,181 "98";
99 0 0 115,197 "99";
100 2 1 26,108 "100";
101 1 0 158,177 "101";
102 2 0 27,139 "102";
103 0 1 73,90 "103";
104 0 1 48,200 "104";
105 1 1 19,87 "105";
106 2 1 86,100 "106";
107 0 1 81,196 "107";
108 0 0 73,147 "108";
109 1 1 35,170 "109";
110 0 1 8,80 "110";
111 0 1 113,146 "111";
112 2 1 10,168 "112";
113 0 0 53,99 "113";
114 1 0 80,218 "114";
115 0 1 134,202 "115";
116 1 1 80,97 "116";
117 2 0 10,212 "117";
118 0 1 14,42 "118";
119 2 0 127,192 "119";
120 1 1 115,130 "120";
121 0 1 149,210 "121";
122 2 1 187,194 "122";
123 0 1 219,227 "123";
124 1 0 6,139 "124";
125 1 0 172,175 "125";
126 2 1 26,81 "126";
127 2 1 11,96 "127";
128 0 1 22,196 "128";
129 1 0 6,104 "129";
130 2 1 131,207 "130";
131 2 0 53,178 "131";
132 0 1 53,109 "132";
133 2 0 54,97 "133";
134 2 1 7,118 "134";
135 1 1 7,77 "135";
136 2 1 144,171 "136";
137 1 0 23,202 "137";
138 1 1 119,135 "138";
139 1 1 55,132 "139";
140 1 1 48,122 "140";
141 1 1 111,208 "141";
142 0 0 17,224 "142";
143 2 0 76,224 "143";
144 2 1 97,188 "144";
145 0 1 136,190 "145";
146 2 0 53,203 "146";
147 1 0 19,68 "147";
148 1 1 116,219 "148";
149 0 0 100,107 "149";
150 1 0 142,154 "150";
151 1 0 28,75 "151";
152 1 0 75,174 "152";
153 0 0 14,55 "153";
154 1 0 58,194 "154";
155 0 1 51,81 "155";
156 1 0 45,131 "156";
157 1 1 79,132 "157";
158 0 0 94,146 "158";
159 0 0 221,231 "159";
160 0 0 136,164 "160";
161 2 0 44,234 "161";
162 1 0 167,206 "162";
163 0 1 70,147 "163";
164 0 0 117,201 "164";
165 0 1 6,181 "165";
166 1 0 134,187 "166";
167 0 1 89,101 "167";
168 1 1 12,165 "168";
169 1 1 5,172 "169";
170 1 1 97,112 "170";
171 1 1 168,207 "171";
172 1 0 72,132 "172";
173 2 1 71,106 "173";
174 2 0 1,12 "174";
175 2 0 136,197 "175";
176 1 0 41,65 "176";
177 0 1 58,158 "177";
178 2 1 68,160 "178";
179 2 1 89,118 "179";
180 1 0 14,193 "180";
181 2 0 18,74 "181";
182 2 1 116,234 "182";
183 2 0 85,189 "183";
184 1 0 137,178 "184";
185 1 0 88,220 "185";
186 2 1 94,115 "186";
187 2 1 59,201 "187";
188 0 1 40,186 "188";
189 1 1 11,205 "189";
190 2 0 59,102 "190";
191 0 1 208,234 "191";
192 1 1 110,186 "192";
193 2 0 154,198 "193";
194 1 0 137,187 "194";
195 1 1 107,129 "195";
196 0 0 89,190 "196";
197 2 1 68,109 "197";
198 1 0 167,218 "198";
199 1 0 150,195 "199";
200 1 1 113,198 "200";
201 1 0 185,213 "201";
202 1 0 86,144 "202";
203 2 0 60,192 "203";
204 1 1 20,180 "204";
205 1 0 18,55 "205";
206 0 1 8,222 "206";
207 2 1 104,166 "207";
208 1 0 122,211 "208";
209 0 0 57,126 "209";
210 0 0 144,214 "210";
211 1 0 199,215 "211";
212 2 0 13,192 "212";
213 1 0 188,194 "213";
214 1 1 94,181 "214";
215 1 0 1,172 "215";
216 0 0 157,197 "216";
217 2 1 56,185 "217";
218 1 1 5,179 "218";
219 2 1 13,170 "219";
220 2 0 2,218 "220";
221 2 1 75,149 "221";
222 0 1 135,225 "222";
223 1 1 12,209 "223";
224 2 1 48,194 "224";
225 2 0 72,194 "225";
226 1 1 1,83 "226";
227 2 0 36,97 "227";
228 2 1 95,173 "228";
229 0 1 153,186 "229";
230 1 0 152,218 "230";
231 2 0 54,84 "231";
232 0 1 18,229 "232";
233 1 1 160,232 "233";
234 2 0 107,219 "234";
