parity 269;
0 2 1 144,225 "0";
1 1 0 158,229 "1";
2 2 1 98,213 "2";
3 1 1 39,245 "3";
4 0 1 248,265 "4";
5 1 0 118,238 "5";
6 1 1 134,256 "6";
7 0 0 111,253 "7";
8 2 1 11,139 "8";
9 1 0 7,252 "9";
10 1 0 12,39 "10";
11 0 1 91,250 "11";
12 0 1 139,145 "12";
13 2 1 195,235 "13";
14 2 1 21,79 "14";
15 1 1 255,267 "15";
16 1 1 5,37 "16";
17 0 1 21,225 "17";
18 2 1 96,158 "18";
19 0 1 198,245 "19";
20 0 0 173,237 "20";
21 2 0 175,186 "21";
22 1 0 15,228 "22";
23 1 0 7,73 "23";
24 2 1 198,245 "24";
25 0 0 126,193 "25";
26 2 0 67,255 "26";
27 0 1 88,186 "27";
28 2 0 182,224 "28";
29 1 0 151,165 "29";
30 0 0 127,142 "30";
31 1 1 20,68 "31";
32 2 0 41,171 "32";
33 2 1 103,201 "33";
34 0 1 25,183 "34";
35 0 0 253,257 "35";
36 1 0 174,231 "36";
37 1 0 63,88 "37";
38 0 0 13,129 "38";
39 2 1 151,193 "39";
40 0 1 93,254 "40";
41 0 1 12,112 "41";
42 0 0 27,147 "42";
43 0 0 36,141 "43";
44 1 0 40,122 "44";
45 2 0 84,248 "45";
46 1 0 80,111 "46";
47 2 0 94,241 "47";
48 2 1 140,220 "48";
49 1 1 57,165 "49";
50 0 1 100,233 "50";
51 2 0 116,140 "51";
52 1 0 38,129 "52";
53 1 1 75,176 "53";
54 2 1 6,91 "54";
55 0 1 85,138 "55";
56 1 1 91,216 "56";
57 0 0 103,110 "57";
58 1 1 8,133 "58";
59 2 1 117,215 "59";
60 0 0 38,79 "60";
61 2 1 7,10 "61";
62 1 0 85,217 "62";
63 0 0 34,237 "63";
64 1 0 146,184 "64";
65 2 0 114,224 "65";
66 0 0 123,146 "66";
67 2 0 100,126 "67";
68 2 0 49,232 "68";
69 1 0 80,167 "69";
70 2 1 91,208 "70";
71 1 1 200,209 "71";
72 1 1 59,267 "72";
73 1 1 117,185 "73";
74 0 1 63,107 "74";
75 1 1 124,171 "75";
76 2 0 207,229 "76";
77 1 1 214,231 "77";
78 2 1 4,99 "78";
79 1 0 186,234 "79";
80 0 1 176,230 "80";
81 0 0 122,142 "81";
82 2 0 77,147 "82";
83 2 0 4,221 "83";
84 2 1 15,215 "84";
85 2 1 22,175 "85";
86 0 1 133,254 "86";
87 0 1 8,101 "87";
88 2 0 38,193 "88";
89 1 1 224,254 "89";
90 0 1 156,250 "90";
91 1 1 41,58 "91";
92 2 0 114,163 "92";
93 2 1 154,157 "93";
94 0 0 104,202 "94";
95 0 0 106,243 "95";
96 0 0 83,180 "96";
97 0 0 41,96 "97";
98 1 0 54,122 "98";
99 0 1 23,103 "99";
100 0 0 63,167 "100";
101 0 0 36,203 "101";
102 1 1 32,68 "102";
103 2 1 233,258 "103";
104 0 1 116,246 "104";
105 2 1 34,215 "105";
106 0 1 2,81 "106";
107 1 0 17,113 "107";
108 2 0 16,109 "108";
109 0 0 84,96 "109";
110 2 0 77,130 "110";
111 2 0 8,109 "111";
112 2 0 101,118 "112";
113 2 0 226,227 "113";
114 1 1 95,209 "114";
115 0 1 211,228 "115";
116 1 0 70,138 "116";
117 2 1 110,170 "117";
118 2 0 76,122 "118";
119 1 1 150,192 "119";
120 1 1 23,165 "120";
121 2 0 23,213 "121";
122 2 0 34,146 "122";
123 1 0 16,219 "123";
124 0 0 33,117 "124";
125 0 0 17,165 "125";
126 1 0 105,197 "126";
127 1 1 93,141 "127";
128 2 1 52,143 "128";
129 0 0 69,125 "129";
130 2 0 40,267 "130";
131 0 0 24,95 "131";
132 0 1 139,234 "132";
133 1 1 181,193 "133";
134 0 0 65,91 "134";
135 1 1 65,208 "135";
136 1 1 57,143 "136";
137 1 0 37,94 "137";
138 0 1 57,82 "138";
139 1 0 233,260 "139";
140 0 1 67,229 "140";
141 2 1 204,229 "141";
142 0 1 82,237 "142";
143 1 0 59,140 "143";
144 1 0 36,182 "144";
145 2 0 55,89 "145";
146 2 0 8,25 "146";
147 2 0 151,194 "147";
148 2 1 27,139 "148";
149 0 0 24,31 "149";
150 0 0 91,178 "150";
151 2 0 156,206 "151";
152 2 1 119,252 "152";
153 2 1 25,175 "153";
154 1 1 9,211 "154";
155 1 0 162,212 "155";
156 1 0 54,138 "156";
157 1 1 229,239 "157";
158 1 1 175,208 "158";
159 0 0 178,202 "159";
160 1 1 127,235 "160";
161 2 0 57,247 "161";
162 0 0 87,202 "162";
163 0 1 88,203 "163";
164 0 1 190,233 "164";
165 1 1 30,188 "165";
166 1 1 61,247 "166";
167 1 1 19,131 "167";
168 0 1 63,225 "168";
169 2 1 15,154 "169";
170 0 1 29,105 "170";
171 1 1 77,173 "171";
172 2 1 38,146 "172";
173 0 1 62,197 "173";
174 0 0 59,105 "174";
175 1 0 98,117 "175";
176 0 0 89,200 "176";
177 0 0 165,232 "177";
178 2 1 153,165 "178";
179 2 1 81,151 "179";
180 1 0 119,130 "180";
181 2 1 35,229 "181";
182 2 1 181,262 "182";
183 1 1 74,112 "183";
184 1 1 75,124 "184";
185 0 0 40,141 "185";
186 1 1 29,154 "186";
187 0 1 157,174 "187";
188 0 0 10,144 "188";
189 2 0 171,240 "189";
190 1 0 133,185 "190";
191 2 0 157,160 "191";
192 1 0 64,247 "192";
193 2 0 73,245 "193";
194 2 0 29,200 "194";
195 2 1 7,204 "195";
196 2 1 77,234 "196";
197 2 0 42,243 "197";
198 1 1 131,135 "198";
199 2 1 26,73 "199";
200 1 1 81,169 "200";
201 2 0 48,96 "201";
202 1 0 46,238 "202";
203 2 0 21,38 "203";
204 1 0 125,206 "204";
205 2 0 101,187 "205";
206 1 1 130,192 "206";
207 1 1 59,192 "207";
208 2 0 24,89 "208";
209 0 0 19,64 "209";
210 0 1 59,265 "210";
211 2 0 201,264 "211";
212 1 1 62,179 "212";
213 2 1 67,193 "213";
214 2 0 192,239 "214";
215 1 1 90,132 "215";
216 2 1 96,220 "216";
217 1 1 32,204 "217";
218 2 1 29,241 "218";
219 0 1 129,189 "219";
220 2 1 3,257 "220";
221 2 0 7,58 "221";
222 2 0 212,265 "222";
223 1 1 21,192 "223";
224 1 0 29,39 "224";
225 1 0 6,40 "225";
226 0 0 42,182 "226";
227 2 0 11,268 "227";
228 2 1 27,191 "228";
229 1 0 206,221 "229";
230 2 1 217,246 "230";
231 2 1 26,81 "231";
232 0 0 146,212 "232";
233 0 1 118,180 "233";
234 0 0 23,212 "234";
235 1 0 38,153 "235";
236 0 1 93,252 "236";
237 1 0 122,261 "237";
238 2 0 185,223 "238";
239 2 1 114,209 "239";
240 2 1 108,152 "240";
241 2 1 69,257 "241";
242 0 1 19,120 "242";
243 2 0 137,204 "243";
244 0 1 35,218 "244";
245 0 0 59,159 "245";
246 0 1 37,169 "246";
247 1 0 109,228 "247";
248 2 1 114,142 "248";
249 1 1 157,229 "249";
250 1 0 12,64 "250";
251 2 0 3,218 "251";
252 2 1 111,201 "252";
253 1 0 136,145 "253";
254 0 1 159,252 "254";
255 1 0 158,172 "255";
256 2 1 71,151 "256";
257 0 0 171,260 "257";
258 0 0 44,71 "258";
259 2 1 17,24 "259";
260 2 0 164,225 "260";
261 0 1 129,152 "261";
262 1 1 7,164 "262";
263 0 0 98,120 "263";
264 1 0 88,90 "264";
265 1 0 182,223 "265";
266 1 0 67,115 "266";
267 0 0 24,223 "267";
268 2 1 174,243 "268";
269 0 0 166,190 "269";
