parity 224;
0 2 0 37,142 "0";
1 1 1 159,165 "1";
2 0 0 137,194 "2";
3 1 1 40,121 "3";
4 0 1 179,195 "4";
5 0 0 10,100 "5";
6 0 0 126,191 "6";
7 0 1 33,89 "7";
8 0 1 48,163 "8";
9 2 0 31,170 "9";
10 2 0 60,184 "10";
11 0 0 99,101 "11";
12 2 1 42,116 "12";
13 2 0 55,133 "13";
14 2 1 112,161 "14";
15 1 0 124,125 "15";
16 0 1 54,159 "16";
17 0 0 69,120 "17";
18 0 0 128,141 "18";
19 2 1 110,180 "19";
20 2 0 59,191 "20";
21 1 1 83,94 "21";
22 0 1 87,154 "22";
23 0 0 13,108 "23";
24 1 0 25,146 "24";
25 0 0 72,222 "25";
26 2 1 12,86 "26";
27 0 0 26,38 "27";
28 1 0 36,217 "28";
29 1 0 10,136 "29";
30 0 0 101,155 "30";
31 2 1 38,55 "31";
32 1 1 213,222 "32";
33 1 1 19,79 "33";
34 1 0 5,30 "34";
35 2 0 114,160 "35";
36 2 1 66,153 "36";
37 2 1 66,153 "37";
38 0 1 70,158 "38";
39 1 1 113,135 "39";
40 2 0 94,109 "40";
41 1 1 15,45 "41";
42 2 0 157,185 "42";
43 0 1 34,150 "43";
44 2 0 176,224 "44";
45 1 0 117,140 "45";
46 1 1 97,112 "46";
47 1 1 131,222 "47";
48 2 0 25,28 "48";
49 1 1 82,105 "49";
50 0 0 110,167 "50";
51 1 0 40,100 "51";
52 0 0 100,209 "52";
53 1 1 6,119 "53";
54 1 0 21,177 "54";
55 0 0 88,97 "55";
56 2 0 34,80 "56";
57 0 0 151,196 "57";
58 1 1 59,152 "58";
59 1 1 86,145 "59";
60 2 0 22,180 "60";
61 0 0 20,38 "61";
62 2 0 50,76 "62";
63 2 1 51,190 "63";
64 0 0 139,177 "64";
65 1 1 150,170 "65";
66 2 1 43,111 "66";
67 0 0 99,115 "67";
68 0 1 76,114 "68";
69 2 1 87,203 "69";
70 2 1 0,117 "70";
71 1 1 9,125 "71";
72 1 1 24,136 "72";
73 0 0 18,40 "73";
74 1 1 78,121 "74";
75 1 1 93,193 "75";
76 2 1 96,181 "76";
77 2 0 168,174 "77";
78 2 1 16,178 "78";
79 2 1 115,221 "79";
80 0 1 152,155 "80";
81 0 1 22,30 "81";
82 1 0 134,207 "82";
83 2 0 30,79 "83";
84 2 1 57,90 "84";
85 2 0 73,170 "85";
86 0 0 22,147 "86";
87 0 1 103,126 "87";
88 2 1 33,156 "88";
89 2 0 136,208 "89";
90 0 1 2,6 "90";
91 1 1 97,140 "91";
92 0 0 69,169 "92";
93 0 0 12,72 "93";
94 0 0 156,167 "94";
95 1 1 0,98 "95";
96 0 0 133,134 "96";
97 1 0 60,216 "97";
98 0 0 180,195 "98";
99 1 0 56,124 "99";
100 1 1 124,140 "100";
101 0 1 98,100 "101";
102 1 0 59,202 "102";
103 1 0 58,205 "103";
104 1 1 22,130 "104";
105 0 1 119,162 "105";
106 2 0 1,179 "106";
107 0 0 8,188 "107";
108 0 1 22,68 "108";
109 0 0 4,120 "109";
110 0 0 89,186 "110";
111 1 0 75,95 "111";
112 1 1 31,100 "112";
113 1 0 76,154 "113";
114 2 0 44,127 "114";
115 1 1 116,142 "115";
116 2 0 126,209 "116";
117 2 0 48,178 "117";
118 0 1 39,188 "118";
119 2 1 132,176 "119";
120 1 0 48,190 "120";
121 0 0 76,176 "121";
122 0 0 31,162 "122";
123 1 1 106,134 "123";
124 1 0 39,87 "124";
125 0 0 87,129 "125";
126 2 1 154,161 "126";
127 1 1 20,160 "127";
128 0 1 39,193 "128";
129 0 0 2,11 "129";
130 2 0 4,92 "130";
131 2 1 176,222 "131";
132 2 0 60,119 "132";
133 2 1 51,57 "133";
134 0 1 68,129 "134";
135 1 1 103,110 "135";
136 2 0 91,165 "136";
137 0 1 117,212 "137";
138 1 1 107,170 "138";
139 0 0 126,151 "139";
140 1 0 124,171 "140";
141 1 0 138,202 "141";
142 2 0 148,171 "142";
143 1 0 8,203 "143";
144 0 0 50,200 "144";
145 2 1 85,224 "145";
146 0 1 12,50 "146";
147 0 0 60,64 "147";
148 0 0 110,135 "148";
149 0 1 39,86 "149";
150 0 0 40,125 "150";
151 0 0 123,173 "151";
152 0 1 43,90 "152";
153 1 0 56,64 "153";
154 0 1 97,119 "154";
155 0 1 32,144 "155";
156 2 1 125,208 "156";
157 1 0 201,222 "157";
158 2 1 149,183 "158";
159 1 1 21,189 "159";
160 2 0 13,45 "160";
161 0 0 137,212 "161";
162 0 0 4,107 "162";
163 1 1 20,75 "163";
164 1 1 21,178 "164";
165 2 0 136,214 "165";
166 0 0 35,189 "166";
167 1 1 17,40 "167";
168 1 1 32,56 "168";
169 0 0 54,138 "169";
170 0 1 28,213 "170";
171 2 1 28,57 "171";
172 2 1 12,23 "172";
173 0 1 128,179 "173";
174 2 0 3,107 "174";
175 0 0 83,159 "175";
176 1 1 14,125 "176";
177 0 0 119,217 "177";
178 1 1 51,54 "178";
179 0 0 147,185 "179";
180 1 1 57,196 "180";
181 0 1 8,166 "181";
182 1 1 70,165 "182";
183 2 1 132,197 "183";
184 1 1 7,72 "184";
185 1 1 22,85 "185";
186 0 0 9,130 "186";
187 0 0 84,188 "187";
188 1 1 101,157 "188";
189 1 0 14,119 "189";
190 2 1 85,98 "190";
191 0 1 25,80 "191";
192 2 0 5,215 "192";
193 2 1 126,210 "193";
194 0 0 11,74 "194";
195 2 0 4,180 "195";
196 2 0 56,182 "196";
197 0 0 147,155 "197";
198 0 0 4,8 "198";
199 0 1 12,114 "199";
200 1 0 5,26 "200";
201 2 1 58,90 "201";
202 0 1 18,190 "202";
203 1 0 66,153 "203";
204 2 1 211,214 "204";
205 0 0 85,174 "205";
206 0 0 15,41 "206";
207 1 1 70,210 "207";
208 1 1 3,109 "208";
209 1 0 32,128 "209";
210 1 0 28,155 "210";
211 2 1 29,137 "211";
212 2 1 54,130 "212";
213 0 1 174,211 "213";
214 2 1 91,160 "214";
215 1 1 75,190 "215";
216 0 0 99,168 "216";
217 2 1 151,183 "217";
218 2 0 120,179 "218";
219 2 1 130,214 "219";
220 1 1 63,214 "220";
221 2 1 174,224 "221";
222 2 0 141,183 "222";
223 1 0 116,143 "223";
224 1 1 35,126 "224";
