parity 224;
0 1 0 29,76 "0";
1 1 0 11,51 "1";
2 1 1 63,114 "2";
3 0 1 32,128 "3";
4 1 1 100,204 "4";
5 0 1 65,132 "5";
6 1 0 31,124 "6";
7 1 1 9,152 "7";
8 0 1 26,63 "8";
9 0 1 130,188 "9";
10 1 1 168,224 "10";
11 0 1 85,94 "11";
12 0 0 134,169 "12";
13 2 0 40,60 "13";
14 2 0 50,94 "14";
15 0 0 63,189 "15";
16 2 0 149,185 "16";
17 0 1 104,208 "17";
18 1 0 44,177 "18";
19 2 0 138,215 "19";
20 0 0 9,151 "20";
21 2 1 47,187 "21";
22 1 0 17,207 "22";
23 1 0 68,218 "23";
24 1 0 83,186 "24";
25 2 1 137,169 "25";
26 1 0 43,203 "26";
27 2 1 61,168 "27";
28 0 1 19,56 "28";
29 1 1 212,224 "29";
30 0 0 78,100 "30";
31 2 0 121,178 "31";
32 2 1 42,219 "32";
33 0 0 14,170 "33";
34 0 0 0,123 "34";
35 2 1 125,137 "35";
36 1 0 12,215 "36";
37 1 0 119,164 "37";
38 0 0 102,174 "38";
39 2 0 26,189 "39";
40 1 0 54,193 "40";
41 0 0 10,125 "41";
42 2 0 19,142 "42";
43 2 1 66,168 "43";
44 0 0 17,18 "44";
45 0 1 95,203 "45";
46 0 1 62,148 "46";
47 1 0 127,169 "47";
48 1 1 134,158 "48";
49 2 0 25,222 "49";
50 2 0 35,131 "50";
51 0 0 124,203 "51";
52 0 1 126,207 "52";
53 1 1 146,149 "53";
54 0 1 100,193 "54";
55 0 1 42,166 "55";
56 2 0 108,190 "56";
57 2 0 46,223 "57";
58 2 0 150,182 "58";
59 0 1 112,210 "59";
60 2 0 101,190 "60";
61 1 1 17,31 "61";
62 0 1 141,168 "62";
63 1 1 171,179 "63";
64 0 0 103,106 "64";
65 2 1 107,140 "65";
66 0 1 143,202 "66";
67 2 0 107,180 "67";
68 1 0 17,150 "68";
69 1 1 79,152 "69";
70 2 1 200,217 "70";
71 1 1 126,190 "71";
72 1 1 61,121 "72";
73 0 0 104,172 "73";
74 0 0 24,104 "74";
75 2 0 11,119 "75";
76 0 0 115,193 "76";
77 2 0 57,163 "77";
78 0 0 33,75 "78";
79 0 0 18,145 "79";
80 0 0 5,160 "80";
81 1 1 108,111 "81";
82 2 0 127,149 "82";
83 2 1 119,184 "83";
84 2 0 145,192 "84";
85 1 1 22,132 "85";
86 2 1 45,171 "86";
87 0 0 102,223 "87";
88 1 0 64,130 "88";
89 0 1 33,88 "89";
90 2 1 30,164 "90";
91 1 0 117,137 "91";
92 0 1 197,210 "92";
93 0 1 25,101 "93";
94 0 0 77,159 "94";
95 2 0 0,210 "95";
96 2 1 30,108 "96";
97 0 1 117,195 "97";
98 1 0 156,196 "98";
99 0 1 63,219 "99";
100 0 1 73,76 "100";
101 2 1 78,203 "101";
102 1 1 86,167 "102";
103 1 0 179,191 "103";
104 2 1 149,182 "104";
105 2 1 109,142 "105";
106 1 1 128,220 "106";
107 1 1 185,192 "107";
108 0 0 38,204 "108";
109 0 0 78,216 "109";
110 1 1 143,212 "110";
111 2 1 59,185 "111";
112 1 0 116,198 "112";
113 0 0 133,160 "113";
114 2 1 11,218 "114";
115 2 0 23,90 "115";
116 0 0 181,183 "116";
117 2 1 17,139 "117";
118 2 0 76,211 "118";
119 1 0 138,197 "119";
120 0 0 2,205 "120";
121 1 1 125,221 "121";
122 2 1 20,196 "122";
123 0 1 110,212 "123";
124 0 0 118,134 "124";
125 0 1 19,48 "125";
126 0 1 13,124 "126";
127 0 1 82,185 "127";
128 1 0 37,209 "128";
129 1 1 89,118 "129";
130 1 0 74,101 "130";
131 1 1 103,215 "131";
132 0 0 63,161 "132";
133 2 1 11,210 "133";
134 0 0 94,148 "134";
135 1 1 38,120 "135";
136 1 0 93,144 "136";
137 2 1 113,159 "137";
138 0 1 72,223 "138";
139 2 0 1,103 "139";
140 0 1 29,95 "140";
141 1 1 166,221 "141";
142 0 0 22,86 "142";
143 1 1 22,222 "143";
144 1 1 62,208 "144";
145 0 1 100,151 "145";
146 0 0 67,112 "146";
147 0 1 35,168 "147";
148 0 0 43,200 "148";
149 0 0 16,95 "149";
150 1 1 104,166 "150";
151 0 1 25,75 "151";
152 0 1 87,163 "152";
153 1 1 110,190 "153";
154 0 0 94,201 "154";
155 2 1 53,190 "155";
156 2 1 68,85 "156";
157 2 0 109,142 "157";
158 1 1 143,178 "158";
159 0 1 139,193 "159";
160 1 0 51,125 "160";
161 2 1 86,185 "161";
162 1 1 93,160 "162";
163 0 1 31,48 "163";
164 2 0 66,163 "164";
165 0 0 47,117 "165";
166 1 0 8,105 "166";
167 1 0 14,172 "167";
168 1 1 131,166 "168";
169 2 0 19,39 "169";
170 2 0 36,149 "170";
171 1 0 153,173 "171";
172 0 1 22,107 "172";
173 1 0 107,134 "173";
174 2 0 5,44 "174";
175 0 0 118,183 "175";
176 0 0 41,118 "176";
177 0 0 88,141 "177";
178 2 0 90,108 "178";
179 2 0 41,204 "179";
180 1 1 43,187 "180";
181 1 1 52,210 "181";
182 1 1 65,176 "182";
183 1 0 46,163 "183";
184 0 1 28,154 "184";
185 2 1 22,88 "185";
186 1 0 53,199 "186";
187 2 0 147,162 "187";
188 0 0 40,135 "188";
189 0 0 153,158 "189";
190 1 0 25,207 "190";
191 2 0 75,185 "191";
192 2 1 38,151 "192";
193 0 1 57,156 "193";
194 1 0 2,128 "194";
195 0 1 16,21 "195";
196 2 1 4,74 "196";
197 2 1 49,188 "197";
198 2 1 74,93 "198";
199 0 1 26,192 "199";
200 1 0 95,156 "200";
201 1 0 45,140 "201";
202 0 0 34,104 "202";
203 0 1 56,189 "203";
204 0 1 3,205 "204";
205 0 0 95,161 "205";
206 2 1 135,166 "206";
207 1 1 162,198 "207";
208 1 0 152,209 "208";
209 2 1 93,183 "209";
210 1 0 29,204 "210";
211 0 0 143,147 "211";
212 1 0 11,63 "212";
213 2 0 27,163 "213";
214 1 0 40,59 "214";
215 2 0 162,217 "215";
216 1 1 129,168 "216";
217 1 0 38,86 "217";
218 0 0 36,50 "218";
219 0 0 145,158 "219";
220 1 1 111,206 "220";
221 2 0 21,67 "221";
222 1 0 35,91 "222";
223 2 0 49,161 "223";
224 2 0 130,172 "224";
