parity 214;
0 1 1 84,167 "0";
1 2 1 4,185 "1";
2 2 0 88,166 "2";
3 2 1 9,20 "3";
4 1 0 70,209 "4";
5 2 1 51,195 "5";
6 2 0 113,115 "6";
7 1 0 58,119 "7";
8 2 1 52,153 "8";
9 1 0 8,70 "9";
10 0 1 139,211 "10";
11 1 1 34,126 "11";
12 2 1 75,118 "12";
13 2 1 66,192 "13";
14 2 0 60,68 "14";
15 1 1 2,51 "15";
16 2 0 79,120 "16";
17 1 0 93,147 "17";
18 0 1 94,133 "18";
19 0 0 3,212 "19";
20 1 0 44,133 "20";
21 2 1 151,169 "21";
22 2 0 24,113 "22";
23 2 0 100,119 "23";
24 1 0 71,214 "24";
25 2 0 57,83 "25";
26 0 1 43,102 "26";
27 0 1 178,187 "27";
28 1 1 42,79 "28";
29 0 1 39,141 "29";
30 1 0 68,126 "30";
31 1 1 125,138 "31";
32 2 1 55,199 "32";
33 0 0 43,207 "33";
34 1 0 68,212 "34";
35 2 0 3,18 "35";
36 1 1 72,125 "36";
37 2 0 74,180 "37";
38 0 1 109,163 "38";
39 1 1 28,121 "39";
40 2 1 78,138 "40";
41 0 1 36,95 "41";
42 1 0 24,197 "42";
43 2 1 36,169 "43";
44 2 0 20,102 "44";
45 1 1 7,97 "45";
46 1 0 95,116 "46";
47 1 0 96,127 "47";
48 1 0 112,151 "48";
49 1 0 81,117 "49";
50 0 1 48,88 "50";
51 0 1 103,145 "51";
52 0 1 60,86 "52";
53 1 0 78,88 "53";
54 2 0 95,211 "54";
55 2 0 74,91 "55";
56 2 1 35,183 "56";
57 1 0 120,198 "57";
58 2 0 205,211 "58";
59 2 0 107,152 "59";
60 2 0 20,80 "60";
61 2 1 68,123 "61";
62 0 1 88,156 "62";
63 0 1 120,180 "63";
64 0 0 156,192 "64";
65 0 0 31,93 "65";
66 2 1 110,169 "66";
67 1 1 31,36 "67";
68 2 1 46,178 "68";
69 0 1 32,117 "69";
70 0 1 48,86 "70";
71 0 0 20,113 "71";
72 0 1 17,71 "72";
73 2 1 19,28 "73";
74 0 0 50,150 "74";
75 2 1 132,143 "75";
76 2 1 59,117 "76";
77 0 1 65,128 "77";
78 0 1 14,206 "78";
79 1 1 112,189 "79";
80 2 0 32,174 "80";
81 0 1 99,204 "81";
82 1 1 79,113 "82";
83 2 0 144,192 "83";
84 1 1 141,170 "84";
85 2 1 113,163 "85";
86 0 0 46,165 "86";
87 0 0 13,204 "87";
88 1 1 85,180 "88";
89 0 0 10,115 "89";
90 2 1 85,144 "90";
91 2 1 95,195 "91";
92 2 0 121,146 "92";
93 1 1 68,88 "93";
94 2 1 109,122 "94";
95 0 1 24,152 "95";
96 0 1 124,157 "96";
97 2 1 40,45 "97";
98 1 0 134,183 "98";
99 2 0 173,189 "99";
100 1 1 10,21 "100";
101 1 0 10,76 "101";
102 2 1 51,105 "102";
103 0 1 16,186 "103";
104 1 0 159,175 "104";
105 0 1 60,206 "105";
106 0 0 69,206 "106";
107 1 0 166,192 "107";
108 0 0 4,73 "108";
109 0 1 58,163 "109";
110 1 0 23,134 "110";
111 1 1 80,169 "111";
112 2 0 66,85 "112";
113 1 1 80,158 "113";
114 1 0 90,167 "114";
115 0 1 106,161 "115";
116 0 0 137,161 "116";
117 0 0 23,162 "117";
118 1 1 86,160 "118";
119 2 0 161,201 "119";
120 0 0 2,150 "120";
121 1 1 78,139 "121";
122 0 0 2,150 "122";
123 1 0 30,137 "123";
124 2 1 75,197 "124";
125 1 1 45,153 "125";
126 0 1 17,64 "126";
127 0 0 60,185 "127";
128 1 1 16,149 "128";
129 2 0 77,190 "129";
130 1 1 135,144 "130";
131 1 0 102,212 "131";
132 2 1 50,204 "132";
133 1 0 74,119 "133";
134 0 1 55,153 "134";
135 0 0 153,179 "135";
136 0 1 90,196 "136";
137 2 1 29,138 "137";
138 2 1 161,173 "138";
139 1 1 8,122 "139";
140 0 1 30,202 "140";
141 1 0 15,185 "141";
142 0 1 98,194 "142";
143 1 0 172,203 "143";
144 0 0 65,69 "144";
145 0 0 182,212 "145";
146 2 1 38,49 "146";
147 1 0 34,166 "147";
148 0 0 143,156 "148";
149 1 0 129,134 "149";
150 1 0 186,200 "150";
151 2 0 114,150 "151";
152 0 0 53,74 "152";
153 1 0 135,162 "153";
154 2 0 63,143 "154";
155 0 1 115,200 "155";
156 2 1 131,154 "156";
157 1 0 128,164 "157";
158 1 1 24,80 "158";
159 0 0 90,171 "159";
160 2 1 53,194 "160";
161 0 1 81,101 "161";
162 1 1 67,132 "162";
163 2 1 90,129 "163";
164 2 1 77,124 "164";
165 0 0 7,173 "165";
166 0 0 26,161 "166";
167 2 0 72,144 "167";
168 2 1 117,204 "168";
169 0 1 35,62 "169";
170 0 1 167,201 "170";
171 2 0 59,73 "171";
172 2 0 35,183 "172";
173 1 1 7,140 "173";
174 0 0 162,209 "174";
175 2 1 67,155 "175";
176 0 0 85,116 "176";
177 0 1 19,154 "177";
178 2 1 20,119 "178";
179 2 0 182,211 "179";
180 0 1 132,155 "180";
181 2 1 17,97 "181";
182 1 1 53,170 "182";
183 2 0 151,190 "183";
184 2 0 165,167 "184";
185 2 1 175,214 "185";
186 2 1 8,67 "186";
187 0 0 10,213 "187";
188 0 1 24,98 "188";
189 0 1 171,206 "189";
190 0 1 70,140 "190";
191 0 1 40,88 "191";
192 2 1 83,100 "192";
193 2 1 130,186 "193";
194 1 0 144,214 "194";
195 1 0 66,102 "195";
196 0 1 39,102 "196";
197 0 0 4,163 "197";
198 2 0 77,98 "198";
199 2 1 44,137 "199";
200 2 1 11,180 "200";
201 1 1 16,81 "201";
202 1 0 79,207 "202";
203 2 1 10,33 "203";
204 1 1 49,73 "204";
205 2 1 43,142 "205";
206 2 0 32,150 "206";
207 2 0 117,128 "207";
208 0 0 127,211 "208";
209 1 1 16,158 "209";
210 1 0 154,209 "210";
211 0 1 53,62 "211";
212 0 1 138,171 "212";
213 1 1 93,116 "213";
214 0 0 68,200 "214";
