parity 259;
0 1 1 74,239 "0";
1 2 0 113,241 "1";
2 1 1 108,238 "2";
3 0 1 55,190 "3";
4 2 1 141,153 "4";
5 0 0 120,156 "5";
6 1 1 38,247 "6";
7 1 0 191,244 "7";
8 0 0 157,258 "8";
9 2 1 40,254 "9";
10 0 0 2,68 "10";
11 2 1 95,171 "11";
12 2 1 74,97 "12";
13 1 1 40,251 "13";
14 0 1 110,184 "14";
15 0 0 146,257 "15";
16 1 0 60,222 "16";
17 2 1 201,204 "17";
18 0 1 54,247 "18";
19 2 1 144,189 "19";
20 2 1 149,198 "20";
21 1 1 79,255 "21";
22 1 1 154,161 "22";
23 0 1 38,61 "23";
24 0 0 22,154 "24";
25 0 0 22,113 "25";
26 1 0 80,87 "26";
27 2 1 37,232 "27";
28 0 0 63,105 "28";
29 2 0 109,133 "29";
30 2 1 38,143 "30";
31 2 0 128,168 "31";
32 1 0 77,131 "32";
33 0 1 16,123 "33";
34 0 0 100,203 "34";
35 2 0 42,155 "35";
36 0 1 125,250 "36";
37 1 0 152,208 "37";
38 1 1 146,167 "38";
39 1 1 116,212 "39";
40 1 1 52,111 "40";
41 2 0 79,189 "41";
42 1 0 32,208 "42";
43 0 0 228,233 "43";
44 2 0 8,104 "44";
45 0 1 52,133 "45";
46 0 1 0,255 "46";
47 0 1 118,175 "47";
48 0 0 151,239 "48";
49 0 0 122,136 "49";
50 2 1 99,219 "50";
51 1 0 179,251 "51";
52 1 0 70,178 "52";
53 2 1 146,187 "53";
54 2 0 207,224 "54";
55 1 0 54,127 "55";
56 2 0 146,157 "56";
57 1 1 170,247 "57";
58 0 0 83,93 "58";
59 1 1 74,220 "59";
60 0 0 97,100 "60";
61 2 0 9,200 "61";
62 2 1 49,77 "62";
63 0 1 129,240 "63";
64 2 0 174,225 "64";
65 2 1 7,168 "65";
66 0 0 92,223 "66";
67 2 1 82,109 "67";
68 2 0 36,181 "68";
69 2 0 113,217 "69";
70 2 0 20,248 "70";
71 1 0 20,103 "71";
72 0 1 101,129 "72";
73 2 0 179,203 "73";
74 2 1 156,195 "74";
75 0 1 73,248 "75";
76 0 1 170,184 "76";
77 0 1 238,245 "77";
78 0 1 205,206 "78";
79 0 0 90,235 "79";
80 0 1 151,157 "80";
81 2 1 223,232 "81";
82 1 0 12,81 "82";
83 0 0 81,111 "83";
84 2 0 125,166 "84";
85 1 0 96,246 "85";
86 2 1 229,233 "86";
87 1 1 84,148 "87";
88 2 1 8,56 "88";
89 1 0 55,126 "89";
90 0 0 138,141 "90";
91 0 1 127,247 "91";
92 1 1 203,205 "92";
93 0 0 92,243 "93";
94 2 1 59,90 "94";
95 0 1 168,246 "95";
96 0 1 124,189 "96";
97 0 0 43,93 "97";
98 1 0 68,87 "98";
99 2 1 38,60 "99";
100 2 1 115,124 "100";
101 0 0 44,225 "101";
102 1 0 170,172 "102";
103 1 1 46,244 "103";
104 0 0 161,191 "104";
105 0 1 50,146 "105";
106 1 1 104,147 "106";
107 0 1 40,85 "107";
108 2 0 207,259 "108";
109 0 0 49,134 "109";
110 1 1 31,229 "110";
111 2 1 161,167 "111";
112 0 0 124,187 "112";
113 2 0 207,231 "113";
114 0 0 154,192 "114";
115 1 0 3,211 "115";
116 1 0 123,177 "116";
117 2 1 11,242 "117";
118 1 0 99,209 "118";
119 1 0 31,230 "119";
120 1 0 23,193 "120";
121 2 0 195,228 "121";
122 0 0 20,63 "122";
123 2 1 164,233 "123";
124 0 1 27,44 "124";
125 0 0 8,219 "125";
126 0 1 48,140 "126";
127 1 0 111,237 "127";
128 0 1 50,70 "128";
129 0 1 181,193 "129";
130 2 1 1,257 "130";
131 2 1 31,248 "131";
132 1 0 16,125 "132";
133 1 1 121,257 "133";
134 0 0 25,215 "134";
135 1 1 19,236 "135";
136 0 1 18,216 "136";
137 0 0 120,127 "137";
138 1 0 39,233 "138";
139 1 0 146,192 "139";
140 2 0 102,207 "140";
141 0 1 4,13 "141";
142 2 1 45,233 "142";
143 2 0 116,137 "143";
144 2 0 32,113 "144";
145 0 0 42,101 "145";
146 1 0 74,114 "146";
147 0 1 90,216 "147";
148 0 1 95,164 "148";
149 0 0 85,253 "149";
150 0 0 18,45 "150";
151 2 0 244,258 "151";
152 0 1 31,126 "152";
153 1 1 131,238 "153";
154 1 1 40,126 "154";
155 1 1 25,61 "155";
156 0 0 72,115 "156";
157 1 1 72,235 "157";
158 1 0 132,247 "158";
159 1 0 69,77 "159";
160 0 0 12,208 "160";
161 1 1 100,147 "161";
162 1 0 57,181 "162";
163 0 1 46,97 "163";
164 2 0 1,18 "164";
165 0 0 49,113 "165";
166 0 1 33,250 "166";
167 2 0 2,210 "167";
168 2 0 174,249 "168";
169 1 0 29,81 "169";
170 1 1 86,115 "170";
171 0 0 85,257 "171";
172 1 0 90,186 "172";
173 0 0 0,4 "173";
174 0 0 11,95 "174";
175 0 1 81,157 "175";
176 2 0 37,224 "176";
177 2 0 56,115 "177";
178 1 0 150,188 "178";
179 0 1 29,245 "179";
180 2 1 119,154 "180";
181 1 0 122,240 "181";
182 2 0 15,35 "182";
183 0 0 40,143 "183";
184 2 0 149,172 "184";
185 1 1 36,177 "185";
186 2 0 33,232 "186";
187 0 0 17,87 "187";
188 1 0 125,256 "188";
189 2 0 127,224 "189";
190 1 0 156,257 "190";
191 2 1 33,80 "191";
192 0 0 13,220 "192";
193 0 0 51,103 "193";
194 0 1 138,152 "194";
195 1 0 18,208 "195";
196 2 1 20,34 "196";
197 0 1 47,159 "197";
198 0 1 42,195 "198";
199 2 1 67,229 "199";
200 2 0 111,176 "200";
201 1 0 100,247 "201";
202 2 0 53,218 "202";
203 2 1 167,171 "203";
204 2 0 119,243 "204";
205 2 0 45,202 "205";
206 1 1 103,194 "206";
207 2 1 16,171 "207";
208 1 0 5,144 "208";
209 1 0 132,210 "209";
210 0 0 38,85 "210";
211 0 1 52,157 "211";
212 1 1 203,251 "212";
213 0 0 19,225 "213";
214 2 0 48,232 "214";
215 2 0 111,251 "215";
216 1 0 57,241 "216";
217 0 1 127,247 "217";
218 2 0 3,178 "218";
219 2 1 20,256 "219";
220 1 0 180,192 "220";
221 1 1 75,233 "221";
222 0 0 71,210 "222";
223 0 0 39,69 "223";
224 2 1 142,191 "224";
225 1 0 40,251 "225";
226 2 0 1,41 "226";
227 0 1 59,209 "227";
228 0 0 54,195 "228";
229 1 0 42,96 "229";
230 0 1 184,207 "230";
231 2 0 150,168 "231";
232 2 1 72,211 "232";
233 1 0 10,31 "233";
234 1 0 4,116 "234";
235 0 1 229,239 "235";
236 0 0 222,225 "236";
237 2 1 111,191 "237";
238 0 1 142,161 "238";
239 2 0 14,85 "239";
240 2 0 81,158 "240";
241 0 0 123,174 "241";
242 1 0 25,128 "242";
243 2 1 54,184 "243";
244 1 0 5,153 "244";
245 2 0 14,126 "245";
246 0 0 56,224 "246";
247 1 1 85,100 "247";
248 1 0 97,212 "248";
249 0 0 27,211 "249";
250 1 0 89,100 "250";
251 0 0 20,79 "251";
252 1 0 134,212 "252";
253 1 1 148,223 "253";
254 2 0 22,135 "254";
255 1 0 16,176 "255";
256 0 1 113,127 "256";
257 0 0 77,135 "257";
258 1 1 38,99 "258";
259 1 0 97,252 "259";
