parity 214;
0 1 1 51,186 "0";
1 0 1 35,130 "1";
2 0 1 110,144 "2";
3 0 1 2,36 "3";
4 1 1 84,96 "4";
5 1 0 76,155 "5";
6 2 0 7,87 "6";
7 2 1 78,155 "7";
8 1 0 51,83 "8";
9 2 1 91,193 "9";
10 2 0 59,199 "10";
11 1 1 137,205 "11";
12 0 0 77,164 "12";
13 0 1 96,168 "13";
14 1 1 38,207 "14";
15 0 0 118,185 "15";
16 2 0 43,67 "16";
17 0 0 131,150 "17";
18 1 0 7,17 "18";
19 1 1 44,127 "19";
20 2 1 37,183 "20";
21 2 1 102,167 "21";
22 0 0 141,179 "22";
23 2 0 6,149 "23";
24 0 0 103,155 "24";
25 1 0 115,159 "25";
26 0 0 152,173 "26";
27 2 0 155,209 "27";
28 0 1 152,181 "28";
29 1 1 45,74 "29";
30 1 1 116,189 "30";
31 0 1 55,152 "31";
32 1 1 60,181 "32";
33 2 1 27,32 "33";
34 0 0 96,159 "34";
35 2 1 56,207 "35";
36 0 1 1,183 "36";
37 1 1 115,187 "37";
38 0 0 86,175 "38";
39 0 1 120,184 "39";
40 0 0 125,169 "40";
41 1 1 0,181 "41";
42 0 1 55,62 "42";
43 2 0 31,135 "43";
44 1 0 105,114 "44";
45 1 0 75,128 "45";
46 2 0 89,161 "46";
47 0 1 182,192 "47";
48 0 0 64,170 "48";
49 1 1 2,84 "49";
50 1 0 10,81 "50";
51 1 0 151,214 "51";
52 2 1 3,35 "52";
53 1 0 37,211 "53";
54 0 1 3,11 "54";
55 0 0 172,196 "55";
56 0 1 24,116 "56";
57 2 0 33,89 "57";
58 2 1 94,106 "58";
59 0 0 74,203 "59";
60 1 0 12,213 "60";
61 1 1 75,183 "61";
62 2 0 52,85 "62";
63 2 1 56,69 "63";
64 2 1 50,120 "64";
65 1 0 22,206 "65";
66 0 0 102,165 "66";
67 0 0 128,190 "67";
68 1 0 48,122 "68";
69 1 0 150,163 "69";
70 2 1 179,193 "70";
71 1 0 34,142 "71";
72 0 1 40,125 "72";
73 1 0 44,212 "73";
74 1 1 97,124 "74";
75 1 1 29,122 "75";
76 1 0 166,171 "76";
77 1 1 137,152 "77";
78 1 1 99,209 "78";
79 2 1 1,78 "79";
80 0 0 58,123 "80";
81 1 0 130,206 "81";
82 0 0 19,110 "82";
83 2 0 94,178 "83";
84 1 1 82,206 "84";
85 0 0 82,118 "85";
86 0 1 67,152 "86";
87 0 0 69,125 "87";
88 0 0 31,79 "88";
89 2 0 101,140 "89";
90 1 0 83,102 "90";
91 2 0 83,182 "91";
92 0 0 69,198 "92";
93 1 1 18,78 "93";
94 2 0 117,124 "94";
95 2 0 69,131 "95";
96 1 0 18,184 "96";
97 1 0 118,186 "97";
98 2 1 34,48 "98";
99 2 0 67,157 "99";
100 0 1 9,160 "100";
101 1 1 97,154 "101";
102 0 0 14,103 "102";
103 1 1 76,88 "103";
104 0 0 52,211 "104";
105 0 0 40,93 "105";
106 2 1 160,198 "106";
107 1 0 98,190 "107";
108 1 0 40,115 "108";
109 0 1 87,136 "109";
110 0 1 60,183 "110";
111 0 0 49,108 "111";
112 0 1 98,108 "112";
113 0 1 78,201 "113";
114 0 0 98,126 "114";
115 1 1 48,213 "115";
116 2 0 60,128 "116";
117 0 0 90,187 "117";
118 2 0 82,129 "118";
119 0 0 98,120 "119";
120 2 1 23,169 "120";
121 2 0 35,59 "121";
122 2 1 84,157 "122";
123 2 0 63,71 "123";
124 1 0 113,192 "124";
125 0 1 197,210 "125";
126 2 1 0,72 "126";
127 0 1 4,214 "127";
128 1 1 56,156 "128";
129 2 0 50,147 "129";
130 0 0 80,96 "130";
131 1 0 163,176 "131";
132 0 0 27,59 "132";
133 2 0 26,84 "133";
134 1 0 35,187 "134";
135 2 0 46,73 "135";
136 1 1 186,205 "136";
137 2 1 48,156 "137";
138 0 1 31,57 "138";
139 2 0 181,207 "139";
140 0 1 13,118 "140";
141 2 0 50,184 "141";
142 2 1 50,62 "142";
143 1 1 15,121 "143";
144 2 0 48,49 "144";
145 1 1 68,151 "145";
146 2 1 85,163 "146";
147 2 0 149,156 "147";
148 2 0 113,200 "148";
149 0 1 15,61 "149";
150 0 1 15,137 "150";
151 0 0 94,173 "151";
152 1 0 105,213 "152";
153 1 0 45,211 "153";
154 2 0 0,211 "154";
155 1 1 36,64 "155";
156 1 0 72,80 "156";
157 1 1 134,167 "157";
158 0 0 46,198 "158";
159 2 0 67,145 "159";
160 2 1 32,57 "160";
161 2 0 24,175 "161";
162 2 0 43,175 "162";
163 0 0 41,99 "163";
164 1 0 3,102 "164";
165 2 1 53,125 "165";
166 2 0 95,100 "166";
167 0 0 5,37 "167";
168 2 1 158,210 "168";
169 0 0 31,54 "169";
170 0 0 126,194 "170";
171 2 1 13,182 "171";
172 2 1 59,139 "172";
173 2 1 82,119 "173";
174 1 1 106,109 "174";
175 2 1 118,133 "175";
176 0 0 88,186 "176";
177 2 0 17,193 "177";
178 0 0 143,151 "178";
179 1 1 91,201 "179";
180 1 1 68,131 "180";
181 1 1 97,122 "181";
182 2 1 60,184 "182";
183 1 0 123,160 "183";
184 1 0 177,202 "184";
185 2 1 68,201 "185";
186 0 1 49,119 "186";
187 1 1 0,119 "187";
188 0 1 108,189 "188";
189 2 1 175,186 "189";
190 2 0 95,180 "190";
191 2 1 31,137 "191";
192 2 0 20,125 "192";
193 2 1 60,212 "193";
194 0 1 43,134 "194";
195 0 1 149,167 "195";
196 2 0 43,166 "196";
197 1 0 125,204 "197";
198 0 0 91,139 "198";
199 2 1 105,191 "199";
200 2 0 5,7 "200";
201 0 0 48,118 "201";
202 2 0 50,180 "202";
203 0 1 36,162 "203";
204 0 0 60,181 "204";
205 2 1 19,31 "205";
206 1 0 59,65 "206";
207 1 0 69,151 "207";
208 2 0 116,162 "208";
209 1 1 86,151 "209";
210 0 1 169,195 "210";
211 2 1 15,158 "211";
212 0 1 16,54 "212";
213 0 1 25,95 "213";
214 0 1 23,62 "214";
