parity 289;
0 1 0 62,208 "0";
1 2 1 122,149 "1";
2 0 0 119,184 "2";
3 0 1 122,255 "3";
4 0 1 178,181 "4";
5 0 0 106,154 "5";
6 2 0 22,80 "6";
7 0 1 72,246 "7";
8 2 0 117,178 "8";
9 2 0 100,144 "9";
10 0 1 107,184 "10";
11 1 0 103,287 "11";
12 2 1 7,106 "12";
13 1 0 66,255 "13";
14 2 1 169,235 "14";
15 0 1 237,280 "15";
16 2 0 224,272 "16";
17 0 0 76,266 "17";
18 0 1 123,189 "18";
19 2 1 182,183 "19";
20 2 1 23,146 "20";
21 2 1 203,280 "21";
22 2 0 38,181 "22";
23 2 0 81,143 "23";
24 2 1 23,37 "24";
25 0 0 127,186 "25";
26 1 1 135,282 "26";
27 2 0 185,251 "27";
28 0 1 142,256 "28";
29 2 1 211,266 "29";
30 1 0 153,206 "30";
31 2 1 143,278 "31";
32 2 1 16,208 "32";
33 0 0 40,288 "33";
34 0 0 221,223 "34";
35 1 1 234,244 "35";
36 1 0 267,269 "36";
37 1 1 59,160 "37";
38 1 0 137,224 "38";
39 0 1 196,231 "39";
40 2 0 133,198 "40";
41 1 1 107,133 "41";
42 1 1 7,123 "42";
43 2 1 66,78 "43";
44 0 0 5,158 "44";
45 1 1 65,189 "45";
46 1 1 13,284 "46";
47 0 0 45,198 "47";
48 0 0 66,185 "48";
49 0 0 138,238 "49";
50 1 1 232,236 "50";
51 0 0 31,205 "51";
52 1 0 36,130 "52";
53 0 0 96,255 "53";
54 0 0 127,197 "54";
55 0 1 105,211 "55";
56 2 1 232,289 "56";
57 2 0 150,218 "57";
58 2 0 36,175 "58";
59 2 1 90,98 "59";
60 0 1 10,265 "60";
61 2 1 92,98 "61";
62 0 1 125,256 "62";
63 2 0 178,187 "63";
64 1 1 1,56 "64";
65 1 0 12,222 "65";
66 0 0 50,58 "66";
67 1 0 151,265 "67";
68 1 0 52,235 "68";
69 1 1 62,234 "69";
70 0 0 123,153 "70";
71 0 1 212,238 "71";
72 2 1 85,132 "72";
73 0 0 45,53 "73";
74 1 0 66,143 "74";
75 0 1 234,246 "75";
76 0 1 54,113 "76";
77 1 1 47,288 "77";
78 2 0 43,107 "78";
79 0 0 33,289 "79";
80 1 1 53,205 "80";
81 0 1 43,185 "81";
82 1 1 34,96 "82";
83 0 1 111,133 "83";
84 0 1 96,214 "84";
85 1 1 1,148 "85";
86 0 0 151,288 "86";
87 0 0 170,239 "87";
88 1 1 28,96 "88";
89 0 1 74,217 "89";
90 1 1 221,247 "90";
91 0 0 99,287 "91";
92 1 1 84,131 "92";
93 1 0 140,194 "93";
94 0 1 100,163 "94";
95 2 0 30,171 "95";
96 0 0 114,223 "96";
97 0 1 96,115 "97";
98 1 1 145,259 "98";
99 0 0 180,222 "99";
100 2 0 169,252 "100";
101 0 0 252,277 "101";
102 0 1 111,262 "102";
103 1 1 94,180 "103";
104 1 1 83,221 "104";
105 2 1 172,278 "105";
106 2 0 3,275 "106";
107 2 1 121,191 "107";
108 2 1 4,190 "108";
109 0 1 250,289 "109";
110 1 1 240,286 "110";
111 2 0 134,186 "111";
112 2 1 100,216 "112";
113 2 1 108,237 "113";
114 2 1 78,155 "114";
115 2 0 181,239 "115";
116 0 0 77,274 "116";
117 2 1 105,158 "117";
118 0 1 52,222 "118";
119 1 0 79,113 "119";
120 0 1 153,196 "120";
121 1 1 165,190 "121";
122 0 0 77,148 "122";
123 0 0 64,83 "123";
124 1 1 136,225 "124";
125 1 1 67,159 "125";
126 0 0 86,88 "126";
127 1 0 149,160 "127";
128 1 1 84,184 "128";
129 1 1 144,286 "129";
130 1 1 184,280 "130";
131 0 0 156,284 "131";
132 2 1 14,213 "132";
133 2 0 30,242 "133";
134 2 0 23,103 "134";
135 1 1 17,79 "135";
136 0 0 83,289 "136";
137 1 1 16,81 "137";
138 2 1 163,256 "138";
139 0 1 4,150 "139";
140 0 1 156,245 "140";
141 2 1 201,271 "141";
142 0 1 155,187 "142";
143 2 1 164,219 "143";
144 2 0 207,276 "144";
145 1 0 105,107 "145";
146 2 0 170,260 "146";
147 2 0 64,67 "147";
148 1 1 73,267 "148";
149 1 0 27,141 "149";
150 1 1 34,135 "150";
151 1 1 60,253 "151";
152 0 0 106,166 "152";
153 1 1 141,222 "153";
154 2 0 193,238 "154";
155 2 1 7,284 "155";
156 1 0 76,275 "156";
157 1 0 5,133 "157";
158 1 0 81,230 "158";
159 1 1 54,251 "159";
160 0 0 117,221 "160";
161 1 1 77,281 "161";
162 0 1 66,271 "162";
163 0 0 111,271 "163";
164 1 1 152,239 "164";
165 2 0 198,275 "165";
166 1 0 47,132 "166";
167 2 1 36,68 "167";
168 0 1 72,135 "168";
169 1 1 192,211 "169";
170 1 0 207,227 "170";
171 1 1 140,144 "171";
172 1 0 76,145 "172";
173 0 0 17,45 "173";
174 2 0 117,120 "174";
175 2 0 140,163 "175";
176 1 0 70,248 "176";
177 0 0 150,192 "177";
178 1 1 79,245 "178";
179 2 0 165,180 "179";
180 1 0 121,264 "180";
181 2 0 80,208 "181";
182 1 1 98,246 "182";
183 0 0 6,111 "183";
184 2 1 75,198 "184";
185 1 0 197,286 "185";
186 2 0 198,258 "186";
187 2 0 102,278 "187";
188 1 0 82,257 "188";
189 0 1 125,157 "189";
190 1 0 27,255 "190";
191 0 0 59,171 "191";
192 1 1 176,274 "192";
193 0 1 4,202 "193";
194 0 0 252,263 "194";
195 1 0 0,289 "195";
196 2 1 110,249 "196";
197 1 0 183,193 "197";
198 0 0 41,165 "198";
199 1 0 22,117 "199";
200 2 0 24,170 "200";
201 2 0 188,273 "201";
202 1 1 217,289 "202";
203 2 1 103,199 "203";
204 2 1 177,275 "204";
205 1 0 89,281 "205";
206 0 0 24,170 "206";
207 2 1 169,232 "207";
208 0 0 114,128 "208";
209 1 1 10,204 "209";
210 1 1 232,265 "210";
211 2 1 15,235 "211";
212 2 1 154,214 "212";
213 2 1 97,243 "213";
214 0 0 44,219 "214";
215 2 1 74,93 "215";
216 2 1 0,145 "216";
217 0 1 114,280 "217";
218 0 1 96,212 "218";
219 0 1 80,130 "219";
220 2 0 279,282 "220";
221 0 1 17,130 "221";
222 1 1 95,140 "222";
223 2 1 138,154 "223";
224 0 1 20,116 "224";
225 1 0 86,284 "225";
226 2 1 84,187 "226";
227 1 0 65,173 "227";
228 2 0 189,193 "228";
229 1 1 59,186 "229";
230 2 1 195,206 "230";
231 2 0 5,13 "231";
232 0 1 145,204 "232";
233 1 0 254,269 "233";
234 0 0 42,212 "234";
235 1 0 15,111 "235";
236 1 1 135,200 "236";
237 2 1 89,258 "237";
238 0 1 146,179 "238";
239 2 1 90,151 "239";
240 1 1 44,205 "240";
241 0 0 223,243 "241";
242 2 1 147,218 "242";
243 2 0 6,108 "243";
244 0 0 93,287 "244";
245 0 0 37,129 "245";
246 2 0 28,156 "246";
247 0 0 70,162 "247";
248 1 0 69,243 "248";
249 0 0 152,255 "249";
250 2 0 87,179 "250";
251 1 1 81,134 "251";
252 0 1 225,271 "252";
253 2 1 20,25 "253";
254 2 0 8,113 "254";
255 0 0 58,77 "255";
256 0 1 216,243 "256";
257 2 1 0,99 "257";
258 1 1 81,232 "258";
259 0 0 202,253 "259";
260 1 0 55,161 "260";
261 1 0 85,100 "261";
262 0 1 158,234 "262";
263 0 1 15,112 "263";
264 1 0 37,65 "264";
265 0 0 12,140 "265";
266 2 0 49,157 "266";
267 1 0 39,265 "267";
268 0 0 80,95 "268";
269 2 0 97,280 "269";
270 0 1 184,267 "270";
271 0 0 11,198 "271";
272 0 1 230,256 "272";
273 2 0 129,210 "273";
274 1 1 95,287 "274";
275 2 0 70,103 "275";
276 1 0 116,197 "276";
277 0 1 12,247 "277";
278 0 1 69,270 "278";
279 1 1 223,263 "279";
280 0 1 53,276 "280";
281 1 1 16,63 "281";
282 0 0 63,77 "282";
283 0 1 83,268 "283";
284 1 1 226,279 "284";
285 1 0 69,160 "285";
286 1 1 59,259 "286";
287 2 0 177,195 "287";
288 1 0 106,259 "288";
289 0 0 64,229 "289";
