parity 264;
0 2 1 152,179 "0";
1 2 1 230,261 "1";
2 1 1 147,172 "2";
3 2 0 96,245 "3";
4 0 1 101,143 "4";
5 0 0 103,164 "5";
6 2 1 66,218 "6";
7 1 1 98,167 "7";
8 2 1 35,140 "8";
9 0 1 109,111 "9";
10 1 0 124,155 "10";
11 2 1 35,141 "11";
12 0 1 43,81 "12";
13 1 1 190,245 "13";
14 1 1 124,243 "14";
15 0 0 111,192 "15";
16 1 1 74,177 "16";
17 0 1 223,261 "17";
18 2 1 24,246 "18";
19 0 0 84,120 "19";
20 2 1 92,135 "20";
21 2 0 111,175 "21";
22 0 1 21,214 "22";
23 0 0 39,163 "23";
24 1 0 3,105 "24";
25 0 0 132,221 "25";
26 1 1 161,245 "26";
27 2 1 22,212 "27";
28 0 1 147,245 "28";
29 1 1 2,9 "29";
30 2 0 47,68 "30";
31 0 1 65,224 "31";
32 2 1 137,195 "32";
33 0 0 79,161 "33";
34 1 0 85,186 "34";
35 2 1 51,136 "35";
36 1 1 22,241 "36";
37 0 0 87,169 "37";
38 2 1 18,159 "38";
39 0 1 59,220 "39";
40 2 0 210,248 "40";
41 2 1 67,98 "41";
42 0 1 24,200 "42";
43 0 0 16,154 "43";
44 2 0 98,178 "44";
45 0 0 202,264 "45";
46 1 1 79,242 "46";
47 0 1 114,213 "47";
48 0 1 49,193 "48";
49 2 1 171,229 "49";
50 1 0 15,91 "50";
51 1 1 148,247 "51";
52 1 0 175,192 "52";
53 1 1 48,257 "53";
54 1 1 99,189 "54";
55 0 0 141,158 "55";
56 0 0 142,213 "56";
57 1 0 25,224 "57";
58 1 1 139,229 "58";
59 0 1 43,66 "59";
60 0 1 62,130 "60";
61 0 0 172,203 "61";
62 2 0 149,225 "62";
63 2 0 19,60 "63";
64 1 1 5,137 "64";
65 0 1 213,253 "65";
66 2 1 26,203 "66";
67 0 0 118,151 "67";
68 2 1 183,256 "68";
69 2 1 158,164 "69";
70 1 1 11,173 "70";
71 2 1 201,225 "71";
72 2 1 32,58 "72";
73 1 1 2,47 "73";
74 2 0 50,78 "74";
75 0 1 99,159 "75";
76 0 0 1,124 "76";
77 2 1 21,39 "77";
78 1 1 4,183 "78";
79 2 1 89,159 "79";
80 1 1 183,235 "80";
81 0 0 6,242 "81";
82 2 0 10,203 "82";
83 1 1 219,235 "83";
84 2 1 130,134 "84";
85 2 0 208,225 "85";
86 1 1 92,201 "86";
87 2 1 100,263 "87";
88 0 1 73,156 "88";
89 1 0 152,183 "89";
90 1 0 80,134 "90";
91 1 0 53,70 "91";
92 2 1 59,222 "92";
93 0 0 59,129 "93";
94 2 0 28,35 "94";
95 2 1 47,177 "95";
96 0 0 76,104 "96";
97 0 0 5,91 "97";
98 1 0 18,231 "98";
99 1 0 18,170 "99";
100 1 1 9,187 "100";
101 1 0 67,257 "101";
102 2 1 15,154 "102";
103 0 0 47,134 "103";
104 1 1 18,26 "104";
105 2 0 56,215 "105";
106 2 1 180,246 "106";
107 0 0 3,241 "107";
108 0 1 17,192 "108";
109 1 1 151,185 "109";
110 2 0 160,183 "110";
111 0 0 100,260 "111";
112 0 1 96,180 "112";
113 1 1 126,256 "113";
114 0 1 117,239 "114";
115 1 0 68,261 "115";
116 1 1 6,239 "116";
117 0 1 120,141 "117";
118 1 1 10,42 "118";
119 0 0 2,78 "119";
120 2 0 127,170 "120";
121 1 0 153,157 "121";
122 1 1 125,127 "122";
123 2 0 50,76 "123";
124 1 1 86,126 "124";
125 1 0 175,207 "125";
126 1 0 237,245 "126";
127 0 1 126,138 "127";
128 2 1 1,120 "128";
129 1 1 149,216 "129";
130 2 0 88,178 "130";
131 1 0 68,164 "131";
132 2 0 1,260 "132";
133 2 1 52,121 "133";
134 0 1 67,196 "134";
135 1 1 9,154 "135";
136 1 1 87,204 "136";
137 1 1 135,233 "137";
138 2 0 232,252 "138";
139 1 0 28,178 "139";
140 2 0 18,123 "140";
141 0 1 204,242 "141";
142 0 1 2,131 "142";
143 2 0 216,228 "143";
144 0 1 88,239 "144";
145 0 0 214,224 "145";
146 0 0 210,256 "146";
147 2 1 151,176 "147";
148 0 1 50,262 "148";
149 1 1 60,63 "149";
150 2 0 10,192 "150";
151 0 0 91,147 "151";
152 2 0 0,47 "152";
153 2 1 41,53 "153";
154 0 0 23,137 "154";
155 1 1 8,56 "155";
156 1 1 9,138 "156";
157 2 0 121,138 "157";
158 0 1 10,29 "158";
159 1 1 173,215 "159";
160 1 1 85,175 "160";
161 2 0 65,108 "161";
162 0 1 88,202 "162";
163 1 1 27,187 "163";
164 2 1 46,70 "164";
165 1 1 4,87 "165";
166 2 1 41,192 "166";
167 0 1 116,128 "167";
168 1 1 74,226 "168";
169 0 0 162,197 "169";
170 2 1 78,176 "170";
171 2 1 200,214 "171";
172 2 1 80,257 "172";
173 0 0 87,217 "173";
174 2 1 0,253 "174";
175 1 0 91,132 "175";
176 2 1 22,121 "176";
177 1 1 40,242 "177";
178 0 1 143,198 "178";
179 2 0 21,220 "179";
180 1 0 53,197 "180";
181 2 0 11,211 "181";
182 0 0 167,236 "182";
183 1 0 32,35 "183";
184 2 0 203,220 "184";
185 0 0 66,71 "185";
186 1 0 4,117 "186";
187 1 0 169,256 "187";
188 1 1 144,207 "188";
189 2 1 40,232 "189";
190 2 0 83,136 "190";
191 1 1 125,132 "191";
192 1 0 185,200 "192";
193 1 0 140,164 "193";
194 0 1 213,239 "194";
195 0 1 230,260 "195";
196 0 0 40,203 "196";
197 1 1 135,207 "197";
198 0 1 189,211 "198";
199 2 0 167,240 "199";
200 1 0 39,185 "200";
201 0 1 4,50 "201";
202 0 0 14,26 "202";
203 1 1 90,252 "203";
204 2 0 31,87 "204";
205 0 0 72,248 "205";
206 2 0 167,180 "206";
207 2 0 52,66 "207";
208 2 0 9,75 "208";
209 0 1 1,17 "209";
210 2 0 58,252 "210";
211 2 0 139,146 "211";
212 1 0 76,92 "212";
213 2 1 77,131 "213";
214 1 1 44,62 "214";
215 0 0 84,211 "215";
216 0 1 59,157 "216";
217 0 1 178,219 "217";
218 1 0 16,250 "218";
219 0 0 139,180 "219";
220 1 0 31,184 "220";
221 1 0 142,185 "221";
222 0 1 38,131 "222";
223 0 1 62,154 "223";
224 1 1 5,186 "224";
225 0 1 53,101 "225";
226 2 0 175,243 "226";
227 2 0 103,128 "227";
228 2 0 147,169 "228";
229 1 0 67,79 "229";
230 1 0 144,244 "230";
231 1 1 96,193 "231";
232 0 1 137,178 "232";
233 2 1 165,253 "233";
234 1 0 2,38 "234";
235 0 0 253,260 "235";
236 1 1 9,80 "236";
237 2 0 170,183 "237";
238 0 1 100,142 "238";
239 0 1 66,157 "239";
240 1 1 80,194 "240";
241 2 1 44,264 "241";
242 1 0 105,153 "242";
243 0 0 96,258 "243";
244 1 1 166,210 "244";
245 2 0 145,227 "245";
246 1 1 42,230 "246";
247 0 1 211,248 "247";
248 2 1 182,188 "248";
249 1 0 85,94 "249";
250 2 0 102,150 "250";
251 1 1 85,97 "251";
252 1 0 88,119 "252";
253 2 1 116,177 "253";
254 0 1 20,224 "254";
255 2 0 251,260 "255";
256 2 0 49,236 "256";
257 2 0 67,263 "257";
258 2 1 88,102 "258";
259 1 1 35,260 "259";
260 2 1 53,133 "260";
261 0 1 18,221 "261";
262 1 0 134,206 "262";
263 2 1 155,169 "263";
264 0 1 1,217 "264";
