parity 209;
0 1 1 76,89 "0";
1 1 1 3,89 "1";
2 0 1 105,150 "2";
3 0 1 98,208 "3";
4 0 1 41,192 "4";
5 1 0 86,131 "5";
6 1 0 80,122 "6";
7 2 1 68,154 "7";
8 0 1 147,206 "8";
9 2 1 110,126 "9";
10 0 0 77,172 "10";
11 2 0 99,174 "11";
12 2 0 53,60 "12";
13 1 0 45,194 "13";
14 2 1 145,189 "14";
15 2 1 80,151 "15";
16 1 0 28,71 "16";
17 1 0 5,179 "17";
18 1 1 76,121 "18";
19 0 1 41,168 "19";
20 0 1 40,42 "20";
21 1 1 133,157 "21";
22 1 1 34,178 "22";
23 1 1 98,209 "23";
24 1 1 123,205 "24";
25 1 1 103,181 "25";
26 0 0 109,191 "26";
27 2 1 102,161 "27";
28 2 1 82,170 "28";
29 2 0 153,183 "29";
30 0 0 99,187 "30";
31 0 1 151,156 "31";
32 1 0 65,201 "32";
33 1 0 2,72 "33";
34 0 0 48,169 "34";
35 0 1 113,140 "35";
36 0 1 15,111 "36";
37 2 0 28,69 "37";
38 0 0 15,94 "38";
39 1 1 84,108 "39";
40 1 1 128,201 "40";
41 0 0 28,50 "41";
42 2 0 169,201 "42";
43 2 1 19,61 "43";
44 2 1 78,100 "44";
45 1 1 1,168 "45";
46 0 0 31,53 "46";
47 1 1 127,209 "47";
48 0 1 27,199 "48";
49 0 1 75,158 "49";
50 0 1 59,98 "50";
51 0 0 31,95 "51";
52 2 1 15,97 "52";
53 2 1 32,55 "53";
54 2 0 91,154 "54";
55 1 1 46,122 "55";
56 2 1 201,205 "56";
57 0 1 51,64 "57";
58 1 0 30,99 "58";
59 0 0 133,205 "59";
60 2 1 23,102 "60";
61 1 1 8,55 "61";
62 1 1 21,96 "62";
63 0 1 2,203 "63";
64 0 1 68,152 "64";
65 1 1 77,123 "65";
66 0 1 5,136 "66";
67 2 1 14,50 "67";
68 1 0 43,94 "68";
69 1 0 67,169 "69";
70 0 0 62,89 "70";
71 1 1 13,96 "71";
72 1 0 11,80 "72";
73 1 0 35,49 "73";
74 0 1 43,46 "74";
75 2 0 9,184 "75";
76 1 1 146,165 "76";
77 1 0 25,101 "77";
78 0 1 151,206 "78";
79 1 1 101,142 "79";
80 2 1 2,193 "80";
81 1 1 36,56 "81";
82 0 0 129,160 "82";
83 2 1 104,134 "83";
84 2 0 122,182 "84";
85 0 1 87,147 "85";
86 1 0 103,138 "86";
87 1 1 113,156 "87";
88 1 0 37,165 "88";
89 2 0 4,130 "89";
90 1 0 113,165 "90";
91 2 0 21,89 "91";
92 0 1 74,79 "92";
93 2 0 62,202 "93";
94 2 0 51,77 "94";
95 1 0 126,153 "95";
96 2 1 101,202 "96";
97 1 0 46,159 "97";
98 1 1 24,72 "98";
99 2 0 91,189 "99";
100 2 0 5,181 "100";
101 1 1 129,201 "101";
102 0 0 16,41 "102";
103 0 0 50,122 "103";
104 2 0 29,70 "104";
105 2 1 55,77 "105";
106 0 1 10,67 "106";
107 0 0 20,127 "107";
108 1 0 64,135 "108";
109 0 1 10,65 "109";
110 2 1 13,122 "110";
111 0 1 47,176 "111";
112 2 1 1,46 "112";
113 1 0 62,143 "113";
114 0 1 73,122 "114";
115 0 0 6,70 "115";
116 2 1 68,141 "116";
117 0 0 8,33 "117";
118 1 1 1,161 "118";
119 1 1 196,204 "119";
120 2 1 83,115 "120";
121 2 0 65,128 "121";
122 2 1 1,124 "122";
123 2 1 9,69 "123";
124 2 1 28,138 "124";
125 2 0 12,115 "125";
126 1 1 119,179 "126";
127 0 1 69,109 "127";
128 0 0 33,117 "128";
129 0 0 69,126 "129";
130 2 1 59,163 "130";
131 2 1 31,184 "131";
132 0 1 31,82 "132";
133 2 0 22,70 "133";
134 0 0 9,62 "134";
135 0 0 15,90 "135";
136 0 1 3,132 "136";
137 0 0 93,110 "137";
138 0 0 8,152 "138";
139 1 0 38,155 "139";
140 2 1 78,189 "140";
141 2 0 74,192 "141";
142 1 0 163,183 "142";
143 0 0 140,154 "143";
144 0 0 4,176 "144";
145 1 0 151,181 "145";
146 2 0 68,75 "146";
147 2 1 48,130 "147";
148 2 0 2,131 "148";
149 2 0 30,166 "149";
150 2 0 116,188 "150";
151 0 1 4,195 "151";
152 0 0 148,193 "152";
153 2 1 146,155 "153";
154 2 0 62,87 "154";
155 1 0 66,165 "155";
156 1 0 169,204 "156";
157 0 1 8,80 "157";
158 1 1 43,113 "158";
159 0 0 21,92 "159";
160 0 0 52,159 "160";
161 0 0 85,142 "161";
162 0 1 89,113 "162";
163 0 0 8,165 "163";
164 1 1 98,126 "164";
165 1 1 19,203 "165";
166 2 0 16,18 "166";
167 1 1 79,81 "167";
168 2 0 32,57 "168";
169 1 0 10,57 "169";
170 2 1 65,191 "170";
171 0 1 190,202 "171";
172 0 0 94,191 "172";
173 2 0 73,170 "173";
174 2 0 91,197 "174";
175 0 1 71,204 "175";
176 2 0 32,85 "176";
177 0 1 8,34 "177";
178 2 1 149,206 "178";
179 2 1 129,191 "179";
180 1 1 53,148 "180";
181 1 0 107,120 "181";
182 1 1 13,93 "182";
183 2 0 63,207 "183";
184 0 0 110,165 "184";
185 2 1 94,113 "185";
186 0 0 120,125 "186";
187 1 1 35,128 "187";
188 2 0 36,138 "188";
189 0 0 126,203 "189";
190 2 1 9,86 "190";
191 1 1 33,85 "191";
192 2 0 23,32 "192";
193 0 0 44,49 "193";
194 1 0 14,137 "194";
195 1 1 28,164 "195";
196 0 0 4,122 "196";
197 2 1 65,145 "197";
198 0 0 3,151 "198";
199 2 0 16,115 "199";
200 0 0 105,152 "200";
201 1 1 184,205 "201";
202 0 0 23,182 "202";
203 2 0 96,166 "203";
204 2 0 123,196 "204";
205 2 0 42,77 "205";
206 2 0 69,128 "206";
207 0 0 45,117 "207";
208 2 0 103,122 "208";
209 1 0 43,192 "209";
