parity 279;
0 0 0 76,109 "0";
1 0 0 78,97 "1";
2 1 0 94,114 "2";
3 0 1 15,179 "3";
4 1 1 72,143 "4";
5 0 0 71,76 "5";
6 1 1 178,190 "6";
7 1 0 227,233 "7";
8 1 1 127,150 "8";
9 1 0 206,264 "9";
10 0 0 210,261 "10";
11 0 0 45,277 "11";
12 1 0 89,249 "12";
13 2 1 19,62 "13";
14 2 1 115,236 "14";
15 2 1 119,164 "15";
16 2 1 91,97 "16";
17 2 0 49,109 "17";
18 2 0 69,202 "18";
19 1 1 40,168 "19";
20 2 0 99,259 "20";
21 0 0 194,276 "21";
22 2 1 88,138 "22";
23 2 0 20,197 "23";
24 0 1 135,224 "24";
25 1 1 90,94 "25";
26 2 1 65,237 "26";
27 2 0 24,93 "27";
28 0 1 7,186 "28";
29 2 1 37,143 "29";
30 1 1 22,155 "30";
31 0 1 191,210 "31";
32 0 1 17,75 "32";
33 1 0 28,207 "33";
34 1 0 18,161 "34";
35 1 1 86,186 "35";
36 1 1 25,244 "36";
37 0 1 70,167 "37";
38 2 1 203,229 "38";
39 1 0 213,261 "39";
40 0 1 68,197 "40";
41 0 0 207,233 "41";
42 2 1 31,208 "42";
43 0 0 37,144 "43";
44 2 0 155,219 "44";
45 2 0 37,279 "45";
46 0 0 153,200 "46";
47 1 1 8,197 "47";
48 2 0 94,212 "48";
49 0 1 56,158 "49";
50 0 0 38,153 "50";
51 2 0 170,234 "51";
52 2 0 127,129 "52";
53 2 0 122,135 "53";
54 0 1 37,76 "54";
55 1 1 107,128 "55";
56 2 1 132,245 "56";
57 2 0 138,187 "57";
58 0 1 139,159 "58";
59 1 1 30,216 "59";
60 0 1 7,94 "60";
61 0 0 74,247 "61";
62 2 1 7,14 "62";
63 0 1 33,181 "63";
64 2 0 12,131 "64";
65 0 1 105,109 "65";
66 1 1 52,135 "66";
67 2 0 3,194 "67";
68 2 1 113,146 "68";
69 2 0 134,278 "69";
70 0 1 254,271 "70";
71 0 1 125,201 "71";
72 1 1 30,127 "72";
73 2 1 16,258 "73";
74 0 1 225,241 "74";
75 1 1 105,191 "75";
76 1 0 96,195 "76";
77 2 0 68,74 "77";
78 0 1 161,224 "78";
79 0 1 20,124 "79";
80 2 1 79,117 "80";
81 0 1 143,166 "81";
82 1 0 159,210 "82";
83 0 0 9,72 "83";
84 1 1 43,272 "84";
85 0 1 3,261 "85";
86 0 0 220,241 "86";
87 2 0 53,75 "87";
88 1 0 209,233 "88";
89 1 0 15,91 "89";
90 2 1 243,261 "90";
91 2 0 82,205 "91";
92 0 0 66,221 "92";
93 2 1 4,274 "93";
94 0 1 33,163 "94";
95 0 0 81,144 "95";
96 2 0 39,112 "96";
97 2 0 145,254 "97";
98 2 1 192,215 "98";
99 1 0 21,227 "99";
100 1 1 177,195 "100";
101 2 0 124,186 "101";
102 1 1 8,126 "102";
103 0 0 194,224 "103";
104 2 0 110,197 "104";
105 1 0 54,268 "105";
106 2 0 7,91 "106";
107 0 1 39,237 "107";
108 0 0 117,270 "108";
109 2 0 53,159 "109";
110 2 1 150,152 "110";
111 2 1 259,266 "111";
112 0 0 225,239 "112";
113 0 0 244,251 "113";
114 0 0 31,158 "114";
115 0 1 64,215 "115";
116 0 0 204,252 "116";
117 2 0 55,77 "117";
118 0 1 163,278 "118";
119 2 1 55,220 "119";
120 0 1 84,131 "120";
121 1 1 180,257 "121";
122 0 0 46,146 "122";
123 2 0 1,74 "123";
124 2 0 66,223 "124";
125 1 1 65,242 "125";
126 2 0 148,150 "126";
127 0 1 170,276 "127";
128 0 0 36,154 "128";
129 1 0 166,248 "129";
130 2 0 216,261 "130";
131 0 0 91,240 "131";
132 0 1 48,231 "132";
133 2 0 131,217 "133";
134 1 0 248,271 "134";
135 1 1 5,44 "135";
136 1 0 46,272 "136";
137 2 1 203,252 "137";
138 1 1 226,234 "138";
139 1 1 168,201 "139";
140 1 1 157,164 "140";
141 1 1 74,140 "141";
142 2 0 178,277 "142";
143 2 1 114,145 "143";
144 1 1 170,208 "144";
145 0 1 43,170 "145";
146 1 1 262,277 "146";
147 1 0 1,93 "147";
148 2 0 15,218 "148";
149 0 1 35,186 "149";
150 2 0 95,164 "150";
151 1 1 15,16 "151";
152 0 0 71,226 "152";
153 0 1 172,271 "153";
154 2 0 146,236 "154";
155 0 1 13,21 "155";
156 0 0 98,147 "156";
157 2 0 162,278 "157";
158 0 1 41,227 "158";
159 1 1 2,172 "159";
160 0 1 107,236 "160";
161 2 0 108,239 "161";
162 1 1 18,114 "162";
163 1 0 48,175 "163";
164 2 0 126,259 "164";
165 0 0 38,251 "165";
166 0 1 100,128 "166";
167 1 0 200,204 "167";
168 1 1 110,147 "168";
169 0 1 120,164 "169";
170 1 1 37,261 "170";
171 0 1 126,207 "171";
172 0 1 24,255 "172";
173 1 0 131,217 "173";
174 1 0 195,207 "174";
175 0 0 31,106 "175";
176 2 1 40,170 "176";
177 0 0 69,163 "177";
178 0 0 20,270 "178";
179 1 0 47,263 "179";
180 0 1 58,142 "180";
181 2 0 12,73 "181";
182 0 0 46,62 "182";
183 2 0 170,188 "183";
184 2 0 151,192 "184";
185 1 1 218,273 "185";
186 2 1 121,164 "186";
187 2 1 132,243 "187";
188 1 1 130,211 "188";
189 2 0 87,161 "189";
190 0 1 117,239 "190";
191 0 0 80,104 "191";
192 2 1 177,229 "192";
193 0 1 194,211 "193";
194 0 1 132,254 "194";
195 1 0 54,155 "195";
196 0 0 110,219 "196";
197 1 1 82,257 "197";
198 1 0 69,236 "198";
199 2 0 125,236 "199";
200 0 0 210,230 "200";
201 1 1 140,209 "201";
202 0 0 19,193 "202";
203 0 1 205,242 "203";
204 1 1 78,81 "204";
205 2 1 258,264 "205";
206 0 0 56,80 "206";
207 0 1 66,185 "207";
208 1 0 65,276 "208";
209 1 0 12,197 "209";
210 2 0 36,267 "210";
211 1 1 77,214 "211";
212 2 0 258,265 "212";
213 2 0 203,242 "213";
214 1 1 35,86 "214";
215 0 1 7,276 "215";
216 0 1 224,246 "216";
217 0 0 68,157 "217";
218 1 0 139,197 "218";
219 0 1 52,249 "219";
220 0 1 141,264 "220";
221 1 0 43,224 "221";
222 1 1 114,158 "222";
223 0 0 147,263 "223";
224 1 1 118,216 "224";
225 1 1 26,55 "225";
226 2 0 74,273 "226";
227 0 0 4,182 "227";
228 1 1 14,87 "228";
229 1 1 41,123 "229";
230 1 0 82,266 "230";
231 0 1 99,168 "231";
232 0 0 36,107 "232";
233 0 1 154,184 "233";
234 1 0 47,257 "234";
235 2 1 72,200 "235";
236 1 1 136,241 "236";
237 0 1 173,211 "237";
238 2 0 107,111 "238";
239 1 1 266,271 "239";
240 2 0 59,265 "240";
241 1 0 117,186 "241";
242 1 1 128,249 "242";
243 1 1 62,258 "243";
244 0 1 105,263 "244";
245 2 1 23,243 "245";
246 0 0 65,132 "246";
247 1 0 27,70 "247";
248 2 1 147,237 "248";
249 0 0 88,98 "249";
250 1 0 96,229 "250";
251 2 0 102,203 "251";
252 0 1 66,259 "252";
253 0 0 224,250 "253";
254 2 1 119,210 "254";
255 2 1 80,248 "255";
256 2 1 8,25 "256";
257 0 0 74,150 "257";
258 1 0 9,143 "258";
259 0 0 6,183 "259";
260 1 1 23,132 "260";
261 2 0 159,187 "261";
262 0 0 133,221 "262";
263 0 0 145,235 "263";
264 2 0 74,190 "264";
265 2 1 31,146 "265";
266 2 0 139,212 "266";
267 2 0 13,195 "267";
268 2 0 4,189 "268";
269 2 0 9,138 "269";
270 0 0 51,188 "270";
271 1 0 168,231 "271";
272 2 1 20,124 "272";
273 0 0 119,234 "273";
274 1 0 68,145 "274";
275 0 1 25,212 "275";
276 0 0 82,237 "276";
277 1 0 121,258 "277";
278 2 0 133,203 "278";
279 1 1 206,218 "279";
