parity 209;
0 1 0 30,165 "0";
1 1 0 5,177 "1";
2 1 0 152,199 "2";
3 1 0 66,67 "3";
4 0 1 92,198 "4";
5 0 1 28,108 "5";
6 0 0 4,81 "6";
7 2 1 84,197 "7";
8 0 0 92,136 "8";
9 0 0 37,56 "9";
10 1 0 31,141 "10";
11 0 1 98,137 "11";
12 0 0 20,33 "12";
13 1 1 55,76 "13";
14 1 0 97,158 "14";
15 0 1 11,83 "15";
16 1 1 89,168 "16";
17 1 1 79,103 "17";
18 1 0 51,104 "18";
19 0 0 131,190 "19";
20 2 0 133,205 "20";
21 1 1 42,73 "21";
22 0 1 82,161 "22";
23 0 1 34,47 "23";
24 2 1 177,183 "24";
25 0 0 14,52 "25";
26 0 1 13,78 "26";
27 1 0 30,87 "27";
28 2 0 183,186 "28";
29 2 1 32,76 "29";
30 2 0 98,150 "30";
31 2 0 119,198 "31";
32 1 1 139,200 "32";
33 1 0 80,182 "33";
34 1 1 9,132 "34";
35 0 0 5,188 "35";
36 0 1 99,206 "36";
37 1 1 65,102 "37";
38 2 0 17,105 "38";
39 2 0 78,199 "39";
40 2 0 135,163 "40";
41 1 0 103,146 "41";
42 0 0 26,116 "42";
43 2 1 29,92 "43";
44 0 1 35,135 "44";
45 0 0 22,109 "45";
46 0 1 49,164 "46";
47 0 1 83,180 "47";
48 2 1 91,189 "48";
49 1 0 69,126 "49";
50 0 1 24,93 "50";
51 0 0 29,62 "51";
52 1 0 2,202 "52";
53 0 0 12,198 "53";
54 1 1 70,90 "54";
55 0 1 49,136 "55";
56 1 0 76,115 "56";
57 1 1 46,79 "57";
58 0 1 93,182 "58";
59 1 1 38,136 "59";
60 1 1 0,158 "60";
61 2 0 18,96 "61";
62 0 1 72,196 "62";
63 0 1 38,127 "63";
64 1 0 81,192 "64";
65 2 1 52,141 "65";
66 0 1 104,195 "66";
67 1 0 39,69 "67";
68 0 0 63,167 "68";
69 1 1 7,34 "69";
70 1 1 20,48 "70";
71 0 0 145,201 "71";
72 0 1 134,198 "72";
73 0 0 111,196 "73";
74 2 0 24,205 "74";
75 2 1 23,61 "75";
76 1 1 135,188 "76";
77 2 1 29,186 "77";
78 1 1 55,57 "78";
79 2 0 49,138 "79";
80 0 0 17,203 "80";
81 0 0 16,131 "81";
82 1 0 24,71 "82";
83 1 1 88,164 "83";
84 2 1 103,194 "84";
85 0 1 54,68 "85";
86 0 0 40,130 "86";
87 0 1 74,109 "87";
88 1 1 145,151 "88";
89 2 1 7,79 "89";
90 1 0 3,179 "90";
91 2 1 47,203 "91";
92 2 0 107,146 "92";
93 2 1 25,146 "93";
94 2 1 39,180 "94";
95 0 1 19,46 "95";
96 1 0 70,91 "96";
97 2 1 57,179 "97";
98 2 1 150,204 "98";
99 1 1 39,171 "99";
100 0 0 133,194 "100";
101 1 1 133,190 "101";
102 0 1 22,139 "102";
103 0 1 47,203 "103";
104 2 0 74,115 "104";
105 1 0 14,183 "105";
106 0 1 18,115 "106";
107 2 0 93,196 "107";
108 1 0 153,201 "108";
109 2 0 135,198 "109";
110 2 1 10,95 "110";
111 2 0 166,169 "111";
112 1 0 68,152 "112";
113 1 1 111,168 "113";
114 2 0 19,82 "114";
115 2 0 104,146 "115";
116 2 0 108,129 "116";
117 2 0 52,73 "117";
118 0 0 169,200 "118";
119 1 0 85,103 "119";
120 2 1 7,141 "120";
121 1 1 50,76 "121";
122 0 0 20,26 "122";
123 2 0 130,140 "123";
124 1 1 100,128 "124";
125 1 0 9,168 "125";
126 0 1 10,76 "126";
127 0 0 56,120 "127";
128 2 0 33,42 "128";
129 2 0 55,208 "129";
130 0 0 135,204 "130";
131 1 1 161,201 "131";
132 2 0 33,206 "132";
133 2 1 12,107 "133";
134 0 1 13,116 "134";
135 2 0 60,193 "135";
136 2 0 28,187 "136";
137 1 1 2,203 "137";
138 2 0 46,89 "138";
139 1 0 140,148 "139";
140 2 1 68,131 "140";
141 0 0 29,122 "141";
142 0 1 16,74 "142";
143 0 0 137,199 "143";
144 1 1 0,59 "144";
145 0 0 53,138 "145";
146 2 0 12,127 "146";
147 0 1 31,58 "147";
148 0 0 17,19 "148";
149 0 1 17,78 "149";
150 2 0 75,200 "150";
151 0 0 130,142 "151";
152 0 0 3,134 "152";
153 1 0 93,105 "153";
154 2 0 51,151 "154";
155 2 0 135,140 "155";
156 2 1 43,119 "156";
157 2 1 48,165 "157";
158 0 0 19,61 "158";
159 2 0 17,48 "159";
160 2 1 68,78 "160";
161 2 1 6,202 "161";
162 0 1 62,197 "162";
163 2 0 24,187 "163";
164 0 0 48,60 "164";
165 2 1 3,104 "165";
166 0 0 148,182 "166";
167 2 1 180,192 "167";
168 2 0 46,130 "168";
169 0 0 55,183 "169";
170 1 1 31,62 "170";
171 1 0 71,85 "171";
172 2 1 20,188 "172";
173 2 0 8,114 "173";
174 2 0 33,154 "174";
175 0 1 114,184 "175";
176 0 0 90,101 "176";
177 2 1 24,106 "177";
178 2 1 83,136 "178";
179 0 1 54,90 "179";
180 1 1 116,151 "180";
181 1 1 5,53 "181";
182 1 0 56,162 "182";
183 1 1 19,131 "183";
184 1 1 33,133 "184";
185 1 0 177,179 "185";
186 2 1 166,196 "186";
187 2 1 108,153 "187";
188 0 0 80,81 "188";
189 1 0 66,203 "189";
190 0 1 23,134 "190";
191 1 1 119,136 "191";
192 0 1 72,136 "192";
193 0 0 206,207 "193";
194 2 1 35,160 "194";
195 1 0 89,200 "195";
196 0 1 6,104 "196";
197 0 0 33,94 "197";
198 0 0 16,191 "198";
199 2 1 8,14 "199";
200 2 1 42,153 "200";
201 1 1 112,164 "201";
202 0 0 125,182 "202";
203 0 0 2,169 "203";
204 0 0 45,124 "204";
205 0 0 43,79 "205";
206 0 0 32,70 "206";
207 2 1 58,111 "207";
208 2 1 2,20 "208";
209 1 0 41,163 "209";
