parity 199;
0 2 1 125,192 "0";
1 0 1 12,27 "1";
2 0 1 92,178 "2";
3 1 0 128,175 "3";
4 0 1 1,6 "4";
5 2 0 156,184 "5";
6 2 1 103,146 "6";
7 0 0 80,98 "7";
8 2 0 58,120 "8";
9 0 1 1,24 "9";
10 1 1 79,143 "10";
11 2 0 109,116 "11";
12 1 1 66,157 "12";
13 0 1 35,72 "13";
14 2 1 94,179 "14";
15 1 1 5,71 "15";
16 1 1 36,190 "16";
17 0 1 19,118 "17";
18 2 1 4,163 "18";
19 1 0 77,93 "19";
20 0 0 1,169 "20";
21 0 0 18,112 "21";
22 1 1 119,198 "22";
23 2 1 44,75 "23";
24 1 0 56,76 "24";
25 1 0 117,171 "25";
26 1 0 72,174 "26";
27 1 1 5,153 "27";
28 2 1 37,105 "28";
29 0 0 81,106 "29";
30 2 0 47,147 "30";
31 0 1 17,137 "31";
32 2 0 62,183 "32";
33 1 0 3,26 "33";
34 1 1 141,178 "34";
35 0 0 47,156 "35";
36 1 0 16,119 "36";
37 2 1 9,54 "37";
38 2 0 14,43 "38";
39 2 0 100,161 "39";
40 1 0 47,93 "40";
41 2 0 26,94 "41";
42 1 1 135,136 "42";
43 2 1 80,135 "43";
44 2 0 48,144 "44";
45 2 0 78,144 "45";
46 1 0 24,49 "46";
47 2 0 54,142 "47";
48 0 1 32,145 "48";
49 1 1 94,188 "49";
50 0 0 8,173 "50";
51 1 1 92,190 "51";
52 2 1 16,69 "52";
53 0 1 39,89 "53";
54 0 0 66,148 "54";
55 1 1 42,132 "55";
56 1 0 50,51 "56";
57 0 0 38,185 "57";
58 1 0 97,109 "58";
59 2 0 9,84 "59";
60 0 0 140,188 "60";
61 1 0 105,150 "61";
62 0 1 139,145 "62";
63 1 1 1,136 "63";
64 1 0 175,185 "64";
65 2 0 75,186 "65";
66 1 0 18,61 "66";
67 1 0 155,197 "67";
68 1 0 161,183 "68";
69 1 1 43,65 "69";
70 1 1 58,59 "70";
71 1 0 30,127 "71";
72 1 0 10,22 "72";
73 2 1 35,157 "73";
74 2 0 61,90 "74";
75 1 1 148,185 "75";
76 0 0 7,33 "76";
77 0 1 147,171 "77";
78 1 0 5,76 "78";
79 2 1 38,151 "79";
80 2 0 31,107 "80";
81 2 0 43,106 "81";
82 1 0 32,143 "82";
83 0 0 52,80 "83";
84 1 0 118,140 "84";
85 0 0 12,125 "85";
86 0 0 153,154 "86";
87 0 1 59,138 "87";
88 0 1 90,140 "88";
89 2 1 27,82 "89";
90 0 1 24,56 "90";
91 1 0 54,187 "91";
92 1 0 96,130 "92";
93 0 0 35,191 "93";
94 0 1 19,73 "94";
95 2 1 21,76 "95";
96 0 1 135,166 "96";
97 0 0 140,177 "97";
98 2 0 29,67 "98";
99 0 0 24,195 "99";
100 2 0 81,101 "100";
101 1 0 131,185 "101";
102 0 0 20,23 "102";
103 0 1 171,188 "103";
104 1 0 54,120 "104";
105 2 1 14,88 "105";
106 2 0 2,23 "106";
107 0 1 120,168 "107";
108 0 0 31,163 "108";
109 1 0 40,154 "109";
110 2 0 78,178 "110";
111 2 0 13,87 "111";
112 1 0 72,154 "112";
113 0 1 13,87 "113";
114 0 0 61,102 "114";
115 1 0 5,160 "115";
116 2 1 57,91 "116";
117 1 0 15,142 "117";
118 1 1 73,193 "118";
119 1 0 74,111 "119";
120 2 1 113,140 "120";
121 0 0 162,183 "121";
122 0 0 24,145 "122";
123 0 1 91,194 "123";
124 1 0 59,88 "124";
125 1 0 13,133 "125";
126 2 1 98,118 "126";
127 1 0 53,160 "127";
128 0 1 138,191 "128";
129 1 1 49,85 "129";
130 1 1 26,62 "130";
131 2 0 46,72 "131";
132 2 0 0,46 "132";
133 2 1 3,125 "133";
134 0 0 2,185 "134";
135 2 0 49,109 "135";
136 1 1 39,170 "136";
137 1 1 69,80 "137";
138 1 0 58,198 "138";
139 2 0 30,64 "139";
140 2 0 16,186 "140";
141 2 1 110,173 "141";
142 0 1 114,198 "142";
143 1 1 79,113 "143";
144 0 1 1,62 "144";
145 0 1 15,174 "145";
146 2 0 24,86 "146";
147 0 1 85,111 "147";
148 2 1 70,167 "148";
149 1 1 78,111 "149";
150 0 1 64,130 "150";
151 1 1 58,95 "151";
152 2 1 4,197 "152";
153 2 1 1,18 "153";
154 0 0 49,137 "154";
155 1 1 96,140 "155";
156 1 1 24,145 "156";
157 1 0 118,183 "157";
158 1 0 14,95 "158";
159 2 0 82,153 "159";
160 0 0 53,147 "160";
161 2 0 60,102 "161";
162 0 1 82,178 "162";
163 2 1 66,79 "163";
164 0 1 190,195 "164";
165 0 0 101,175 "165";
166 0 1 92,170 "166";
167 2 1 87,146 "167";
168 0 0 4,196 "168";
169 2 0 74,81 "169";
170 1 1 73,107 "170";
171 0 1 36,122 "171";
172 2 0 30,66 "172";
173 1 0 20,70 "173";
174 2 1 82,121 "174";
175 0 1 45,168 "175";
176 2 1 107,140 "176";
177 0 0 128,172 "177";
178 1 1 110,195 "178";
179 2 1 64,115 "179";
180 2 0 39,101 "180";
181 1 0 18,54 "181";
182 1 0 4,161 "182";
183 1 0 56,102 "183";
184 2 0 160,163 "184";
185 0 1 46,76 "185";
186 1 1 8,167 "186";
187 1 1 32,161 "187";
188 2 0 35,133 "188";
189 2 0 73,167 "189";
190 0 1 76,179 "190";
191 1 0 75,199 "191";
192 2 0 63,185 "192";
193 1 0 24,194 "193";
194 0 0 36,190 "194";
195 1 0 17,38 "195";
196 0 1 124,156 "196";
197 2 0 105,172 "197";
198 0 1 17,124 "198";
199 1 0 56,71 "199";
