parity 269;
0 0 1 170,245 "0";
1 2 0 108,211 "1";
2 2 0 71,158 "2";
3 2 0 222,268 "3";
4 0 0 135,235 "4";
5 0 1 222,255 "5";
6 2 0 83,120 "6";
7 1 0 30,71 "7";
8 1 1 50,236 "8";
9 2 1 160,199 "9";
10 1 1 66,246 "10";
11 1 0 159,230 "11";
12 1 0 110,201 "12";
13 0 1 213,227 "13";
14 1 1 84,142 "14";
15 0 1 169,241 "15";
16 1 0 13,107 "16";
17 1 0 185,267 "17";
18 0 1 139,199 "18";
19 0 0 37,263 "19";
20 0 1 82,244 "20";
21 1 0 116,143 "21";
22 1 1 150,164 "22";
23 2 0 35,198 "23";
24 0 1 78,156 "24";
25 2 0 85,194 "25";
26 1 1 229,236 "26";
27 1 1 221,235 "27";
28 0 1 79,184 "28";
29 1 1 57,82 "29";
30 0 0 177,248 "30";
31 0 1 119,168 "31";
32 1 0 108,239 "32";
33 1 1 22,156 "33";
34 2 0 18,109 "34";
35 2 1 119,207 "35";
36 1 0 183,262 "36";
37 1 1 79,158 "37";
38 1 0 98,119 "38";
39 0 1 109,234 "39";
40 0 1 47,189 "40";
41 2 0 92,135 "41";
42 0 1 131,258 "42";
43 0 0 172,219 "43";
44 2 0 101,141 "44";
45 1 0 127,261 "45";
46 1 0 114,166 "46";
47 0 1 33,106 "47";
48 0 1 23,210 "48";
49 0 1 3,224 "49";
50 1 0 143,242 "50";
51 0 1 76,88 "51";
52 0 0 42,114 "52";
53 2 0 93,111 "53";
54 1 0 103,188 "54";
55 1 0 113,144 "55";
56 1 0 144,178 "56";
57 1 0 45,241 "57";
58 1 1 31,253 "58";
59 0 1 219,227 "59";
60 1 1 48,265 "60";
61 1 0 85,185 "61";
62 2 1 230,231 "62";
63 1 1 158,229 "63";
64 1 1 3,32 "64";
65 2 1 52,104 "65";
66 2 0 45,227 "66";
67 1 0 92,106 "67";
68 0 1 64,110 "68";
69 2 0 84,212 "69";
70 2 0 171,230 "70";
71 2 1 151,171 "71";
72 2 1 41,89 "72";
73 0 0 65,252 "73";
74 2 1 163,223 "74";
75 1 1 8,23 "75";
76 2 1 102,132 "76";
77 2 0 42,124 "77";
78 1 1 51,88 "78";
79 1 0 152,268 "79";
80 2 1 105,164 "80";
81 0 0 145,206 "81";
82 0 1 221,253 "82";
83 1 1 37,261 "83";
84 0 0 24,115 "84";
85 2 1 81,106 "85";
86 1 1 36,94 "86";
87 1 1 66,98 "87";
88 2 1 74,129 "88";
89 1 0 93,125 "89";
90 0 0 71,113 "90";
91 1 1 94,217 "91";
92 0 0 16,182 "92";
93 0 1 220,257 "93";
94 2 1 26,75 "94";
95 2 1 24,107 "95";
96 1 0 8,84 "96";
97 0 0 39,134 "97";
98 1 1 150,260 "98";
99 1 0 102,203 "99";
100 2 0 106,183 "100";
101 0 0 164,218 "101";
102 0 0 43,103 "102";
103 0 1 44,101 "103";
104 1 1 137,229 "104";
105 2 0 128,161 "105";
106 1 0 122,207 "106";
107 0 0 219,248 "107";
108 2 1 64,83 "108";
109 0 1 263,268 "109";
110 0 0 49,162 "110";
111 2 1 96,266 "111";
112 1 1 28,247 "112";
113 2 0 142,229 "113";
114 1 1 1,17 "114";
115 2 1 38,242 "115";
116 2 0 84,264 "116";
117 0 0 137,211 "117";
118 2 1 170,184 "118";
119 0 0 132,156 "119";
120 2 1 9,269 "120";
121 1 0 40,225 "121";
122 0 1 167,192 "122";
123 0 0 113,239 "123";
124 1 0 129,227 "124";
125 2 0 78,267 "125";
126 0 0 110,225 "126";
127 1 0 39,180 "127";
128 2 0 1,133 "128";
129 1 0 59,261 "129";
130 2 0 232,266 "130";
131 1 1 242,266 "131";
132 2 1 49,152 "132";
133 1 0 179,254 "133";
134 2 1 114,197 "134";
135 0 1 79,120 "135";
136 0 0 41,180 "136";
137 2 0 104,111 "137";
138 1 0 21,89 "138";
139 0 0 19,42 "139";
140 1 0 28,256 "140";
141 0 1 201,253 "141";
142 2 0 82,144 "142";
143 2 1 208,262 "143";
144 2 0 182,268 "144";
145 2 0 41,204 "145";
146 2 1 55,64 "146";
147 2 1 150,174 "147";
148 2 0 183,248 "148";
149 0 0 25,205 "149";
150 2 1 212,217 "150";
151 1 1 96,221 "151";
152 0 0 190,224 "152";
153 2 1 99,256 "153";
154 0 1 4,176 "154";
155 2 1 112,208 "155";
156 1 1 102,162 "156";
157 1 1 151,184 "157";
158 2 1 70,221 "158";
159 0 0 199,255 "159";
160 1 0 15,209 "160";
161 2 1 59,112 "161";
162 1 1 106,156 "162";
163 0 0 105,232 "163";
164 2 1 206,266 "164";
165 2 0 12,167 "165";
166 2 0 77,130 "166";
167 1 0 3,90 "167";
168 2 1 69,219 "168";
169 1 0 205,210 "169";
170 0 1 155,251 "170";
171 0 0 12,217 "171";
172 2 0 136,200 "172";
173 2 0 196,219 "173";
174 0 1 106,232 "174";
175 2 1 49,117 "175";
176 0 1 75,164 "176";
177 0 0 24,254 "177";
178 2 0 109,253 "178";
179 1 0 18,126 "179";
180 1 0 34,224 "180";
181 2 0 5,127 "181";
182 0 1 83,144 "182";
183 1 0 33,161 "183";
184 1 1 51,87 "184";
185 2 1 260,265 "185";
186 0 1 258,261 "186";
187 2 0 29,203 "187";
188 1 1 127,191 "188";
189 2 0 50,170 "189";
190 2 0 19,70 "190";
191 2 1 198,215 "191";
192 1 1 95,264 "192";
193 2 0 20,191 "193";
194 1 1 13,259 "194";
195 2 1 88,164 "195";
196 1 0 14,156 "196";
197 1 0 96,178 "197";
198 2 0 28,166 "198";
199 0 1 49,51 "199";
200 1 1 63,86 "200";
201 1 1 65,212 "201";
202 1 1 8,94 "202";
203 0 1 79,156 "203";
204 1 0 137,186 "204";
205 1 0 216,223 "205";
206 2 0 44,250 "206";
207 2 1 132,233 "207";
208 2 0 146,190 "208";
209 1 1 71,184 "209";
210 0 0 94,161 "210";
211 0 0 16,157 "211";
212 0 1 109,224 "212";
213 0 1 45,241 "213";
214 0 0 226,267 "214";
215 2 1 186,258 "215";
216 2 0 15,150 "216";
217 0 0 136,174 "217";
218 1 0 56,264 "218";
219 2 1 142,249 "219";
220 0 0 88,224 "220";
221 1 0 12,91 "221";
222 0 1 73,176 "222";
223 1 1 14,144 "223";
224 2 1 27,74 "224";
225 2 0 95,113 "225";
226 2 1 160,211 "226";
227 1 0 1,106 "227";
228 0 1 219,266 "228";
229 1 0 96,138 "229";
230 0 0 215,236 "230";
231 2 0 85,184 "231";
232 2 0 87,173 "232";
233 1 0 40,75 "233";
234 0 0 186,246 "234";
235 2 0 31,108 "235";
236 2 1 78,220 "236";
237 0 0 75,204 "237";
238 2 0 52,193 "238";
239 0 1 63,261 "239";
240 2 0 21,86 "240";
241 2 1 152,231 "241";
242 0 0 134,152 "242";
243 1 1 32,249 "243";
244 0 0 34,52 "244";
245 1 1 157,258 "245";
246 1 1 24,182 "246";
247 1 1 36,231 "247";
248 2 0 145,264 "248";
249 0 1 132,237 "249";
250 0 1 140,219 "250";
251 0 1 9,144 "251";
252 1 1 51,236 "252";
253 0 0 66,79 "253";
254 0 1 32,204 "254";
255 1 0 2,196 "255";
256 1 1 29,94 "256";
257 0 0 167,226 "257";
258 0 0 83,198 "258";
259 0 0 42,61 "259";
260 0 1 166,244 "260";
261 1 1 53,256 "261";
262 0 0 10,150 "262";
263 0 0 8,14 "263";
264 1 1 161,265 "264";
265 0 1 187,251 "265";
266 2 1 76,230 "266";
267 2 0 63,193 "267";
268 0 0 48,65 "268";
269 0 0 43,211 "269";
