parity 269;
0 1 1 60,246 "0";
1 0 1 16,92 "1";
2 0 1 192,251 "2";
3 0 1 34,135 "3";
4 0 0 50,83 "4";
5 1 1 110,173 "5";
6 1 0 36,228 "6";
7 1 1 67,85 "7";
8 0 1 31,224 "8";
9 2 0 189,204 "9";
10 1 1 141,221 "10";
11 2 0 5,78 "11";
12 1 1 59,127 "12";
13 2 1 183,261 "13";
14 0 1 86,257 "14";
15 1 0 48,239 "15";
16 1 1 31,232 "16";
17 1 0 122,141 "17";
18 1 0 125,259 "18";
19 2 1 198,245 "19";
20 0 1 19,30 "20";
21 1 0 129,189 "21";
22 0 0 37,216 "22";
23 2 0 236,248 "23";
24 1 1 80,260 "24";
25 1 0 94,140 "25";
26 2 1 141,175 "26";
27 1 0 159,169 "27";
28 0 0 13,177 "28";
29 2 0 142,269 "29";
30 2 0 114,189 "30";
31 1 1 20,73 "31";
32 1 1 18,237 "32";
33 0 0 114,156 "33";
34 1 1 253,261 "34";
35 0 0 160,222 "35";
36 1 1 160,223 "36";
37 2 1 67,154 "37";
38 2 1 85,149 "38";
39 2 1 115,239 "39";
40 2 1 15,253 "40";
41 2 0 195,256 "41";
42 1 0 39,151 "42";
43 2 1 139,211 "43";
44 0 0 98,170 "44";
45 0 0 106,188 "45";
46 2 1 144,240 "46";
47 0 1 86,221 "47";
48 2 0 54,193 "48";
49 2 0 109,132 "49";
50 0 1 67,71 "50";
51 0 0 78,150 "51";
52 1 1 195,226 "52";
53 2 1 101,183 "53";
54 1 0 209,264 "54";
55 0 0 67,186 "55";
56 2 0 127,176 "56";
57 0 0 195,201 "57";
58 1 1 34,189 "58";
59 1 0 12,45 "59";
60 0 0 209,248 "60";
61 1 1 133,220 "61";
62 1 0 204,251 "62";
63 0 0 58,175 "63";
64 1 0 3,136 "64";
65 0 0 38,101 "65";
66 2 0 125,150 "66";
67 1 0 50,126 "67";
68 1 1 89,213 "68";
69 2 1 93,227 "69";
70 0 0 3,16 "70";
71 1 0 78,130 "71";
72 0 1 183,190 "72";
73 1 0 127,163 "73";
74 2 0 146,179 "74";
75 0 0 57,93 "75";
76 0 1 41,213 "76";
77 2 1 211,254 "77";
78 1 0 121,216 "78";
79 1 0 123,193 "79";
80 2 0 112,147 "80";
81 2 1 153,250 "81";
82 0 1 8,198 "82";
83 2 1 29,39 "83";
84 2 0 13,44 "84";
85 2 0 95,102 "85";
86 0 1 111,133 "86";
87 1 1 102,161 "87";
88 0 1 169,179 "88";
89 1 0 4,153 "89";
90 2 1 166,168 "90";
91 0 0 200,241 "91";
92 1 1 19,211 "92";
93 1 0 87,254 "93";
94 0 1 104,125 "94";
95 1 1 104,195 "95";
96 1 1 89,176 "96";
97 1 0 202,219 "97";
98 2 0 42,173 "98";
99 1 0 153,237 "99";
100 1 1 255,267 "100";
101 2 0 0,203 "101";
102 1 0 0,238 "102";
103 1 0 107,222 "103";
104 2 0 167,232 "104";
105 2 1 90,267 "105";
106 2 1 114,192 "106";
107 1 1 108,121 "107";
108 0 0 126,199 "108";
109 1 0 56,122 "109";
110 2 0 22,144 "110";
111 0 1 52,161 "111";
112 2 0 110,115 "112";
113 0 1 174,265 "113";
114 0 1 57,103 "114";
115 1 0 18,191 "115";
116 2 1 71,234 "116";
117 2 0 83,152 "117";
118 2 0 76,219 "118";
119 0 1 30,250 "119";
120 0 1 159,258 "120";
121 0 0 212,268 "121";
122 1 1 71,232 "122";
123 2 0 101,105 "123";
124 2 0 71,106 "124";
125 2 1 90,215 "125";
126 2 0 16,184 "126";
127 1 0 33,140 "127";
128 0 0 130,145 "128";
129 0 0 50,119 "129";
130 2 0 43,139 "130";
131 2 0 31,250 "131";
132 1 0 195,229 "132";
133 0 1 81,173 "133";
134 0 1 156,256 "134";
135 0 0 85,191 "135";
136 2 0 82,115 "136";
137 2 0 214,249 "137";
138 2 1 207,242 "138";
139 0 1 36,212 "139";
140 0 1 137,214 "140";
141 2 1 55,129 "141";
142 2 0 2,213 "142";
143 0 1 114,176 "143";
144 2 1 17,140 "144";
145 0 1 95,193 "145";
146 0 0 85,236 "146";
147 2 0 137,182 "147";
148 2 0 157,176 "148";
149 2 1 4,147 "149";
150 1 0 171,259 "150";
151 0 0 39,217 "151";
152 2 1 121,148 "152";
153 0 1 75,91 "153";
154 0 1 197,238 "154";
155 2 1 21,70 "155";
156 2 0 1,27 "156";
157 1 1 5,29 "157";
158 0 1 105,194 "158";
159 0 0 139,141 "159";
160 0 1 22,196 "160";
161 1 1 58,132 "161";
162 1 1 27,243 "162";
163 0 0 57,172 "163";
164 0 1 103,186 "164";
165 2 0 68,264 "165";
166 2 1 123,193 "166";
167 2 0 132,261 "167";
168 1 0 32,136 "168";
169 2 0 2,261 "169";
170 1 1 55,237 "170";
171 1 1 193,247 "171";
172 1 0 94,158 "172";
173 2 1 100,141 "173";
174 0 0 100,213 "174";
175 2 1 2,109 "175";
176 1 1 35,166 "176";
177 1 1 8,127 "177";
178 2 1 124,135 "178";
179 2 0 11,133 "179";
180 0 0 45,122 "180";
181 0 1 163,184 "181";
182 0 0 89,269 "182";
183 0 0 192,244 "183";
184 0 1 221,266 "184";
185 2 0 11,112 "185";
186 2 0 47,180 "186";
187 1 0 15,126 "187";
188 0 0 183,190 "188";
189 1 0 16,119 "189";
190 2 0 141,262 "190";
191 2 1 132,247 "191";
192 1 0 20,252 "192";
193 1 1 34,105 "193";
194 2 1 19,133 "194";
195 1 1 114,137 "195";
196 0 0 139,254 "196";
197 1 0 201,268 "197";
198 2 0 145,200 "198";
199 0 0 71,219 "199";
200 0 1 148,206 "200";
201 0 0 128,235 "201";
202 1 1 3,211 "202";
203 0 0 182,250 "203";
204 1 0 211,266 "204";
205 0 0 255,268 "205";
206 0 1 20,51 "206";
207 2 0 125,166 "207";
208 1 1 49,247 "208";
209 1 0 16,237 "209";
210 1 0 24,215 "210";
211 1 1 134,218 "211";
212 1 0 120,149 "212";
213 0 0 14,77 "213";
214 1 1 226,231 "214";
215 1 1 134,229 "215";
216 1 1 22,244 "216";
217 0 1 34,175 "217";
218 0 0 215,247 "218";
219 1 1 63,196 "219";
220 1 1 196,235 "220";
221 2 0 20,81 "221";
222 0 1 16,89 "222";
223 1 0 48,91 "223";
224 0 1 23,39 "224";
225 2 0 60,131 "225";
226 0 1 7,218 "226";
227 1 1 42,263 "227";
228 1 1 128,264 "228";
229 1 0 89,202 "229";
230 0 0 9,186 "230";
231 0 1 47,236 "231";
232 2 1 29,235 "232";
233 2 1 9,172 "233";
234 1 0 218,231 "234";
235 1 0 112,153 "235";
236 0 1 80,154 "236";
237 2 1 48,55 "237";
238 2 0 116,184 "238";
239 2 0 41,74 "239";
240 2 0 71,251 "240";
241 2 0 161,223 "241";
242 0 0 46,264 "242";
243 2 1 77,195 "243";
244 0 0 33,245 "244";
245 1 1 87,168 "245";
246 0 1 1,48 "246";
247 1 0 107,199 "247";
248 0 1 48,161 "248";
249 0 1 17,72 "249";
250 1 1 8,225 "250";
251 0 1 8,159 "251";
252 1 1 116,265 "252";
253 0 1 244,245 "253";
254 2 1 79,146 "254";
255 1 1 7,105 "255";
256 1 1 170,176 "256";
257 0 1 9,148 "257";
258 1 0 68,103 "258";
259 1 1 200,224 "259";
260 0 0 96,235 "260";
261 1 1 139,150 "261";
262 2 0 236,242 "262";
263 0 0 88,172 "263";
264 1 1 52,221 "264";
265 1 1 51,101 "265";
266 1 1 70,124 "266";
267 0 0 180,233 "267";
268 0 1 149,159 "268";
269 0 1 27,99 "269";
