parity 279;
0 1 1 165,244 "0";
1 0 0 225,247 "1";
2 1 1 131,237 "2";
3 1 1 94,266 "3";
4 0 1 144,227 "4";
5 1 0 106,264 "5";
6 0 1 63,178 "6";
7 2 0 13,171 "7";
8 0 1 5,270 "8";
9 2 0 52,73 "9";
10 1 0 155,241 "10";
11 0 1 258,271 "11";
12 1 0 8,229 "12";
13 0 1 134,222 "13";
14 1 1 69,87 "14";
15 0 0 113,244 "15";
16 0 1 55,234 "16";
17 0 0 156,243 "17";
18 0 0 56,143 "18";
19 2 1 27,219 "19";
20 2 1 81,121 "20";
21 0 0 6,205 "21";
22 0 1 105,141 "22";
23 0 1 99,251 "23";
24 0 0 84,270 "24";
25 1 0 125,207 "25";
26 0 1 193,254 "26";
27 1 0 239,267 "27";
28 1 1 25,77 "28";
29 0 1 202,249 "29";
30 1 0 208,277 "30";
31 1 0 60,208 "31";
32 1 0 203,273 "32";
33 1 1 41,128 "33";
34 0 0 171,276 "34";
35 1 1 101,116 "35";
36 0 1 138,204 "36";
37 2 0 31,216 "37";
38 0 1 19,164 "38";
39 1 1 96,211 "39";
40 0 1 140,175 "40";
41 2 0 44,151 "41";
42 1 0 197,274 "42";
43 0 0 119,124 "43";
44 1 1 146,169 "44";
45 2 1 44,187 "45";
46 1 0 13,275 "46";
47 2 0 168,210 "47";
48 2 0 59,210 "48";
49 2 1 101,166 "49";
50 0 0 41,100 "50";
51 1 0 258,279 "51";
52 0 1 122,152 "52";
53 0 1 181,222 "53";
54 2 0 138,178 "54";
55 1 1 50,127 "55";
56 0 1 30,228 "56";
57 1 1 69,118 "57";
58 2 0 105,202 "58";
59 0 0 65,206 "59";
60 1 1 53,260 "60";
61 2 1 118,150 "61";
62 2 0 124,219 "62";
63 1 1 83,178 "63";
64 0 1 226,238 "64";
65 2 0 13,242 "65";
66 1 0 106,137 "66";
67 0 1 160,170 "67";
68 1 0 7,43 "68";
69 1 0 27,98 "69";
70 0 0 63,153 "70";
71 1 1 133,162 "71";
72 2 0 5,194 "72";
73 2 1 13,215 "73";
74 1 0 125,217 "74";
75 0 1 151,265 "75";
76 2 1 120,261 "76";
77 0 0 185,239 "77";
78 1 0 168,262 "78";
79 0 1 221,238 "79";
80 2 0 128,192 "80";
81 2 1 118,203 "81";
82 0 0 57,237 "82";
83 1 1 5,52 "83";
84 0 0 148,275 "84";
85 0 0 8,83 "85";
86 2 0 129,177 "86";
87 2 0 118,138 "87";
88 1 1 16,227 "88";
89 0 1 62,220 "89";
90 2 0 178,185 "90";
91 2 0 136,189 "91";
92 2 0 43,247 "92";
93 2 0 33,75 "93";
94 1 1 136,232 "94";
95 2 0 152,168 "95";
96 2 1 75,133 "96";
97 1 1 84,155 "97";
98 0 1 180,234 "98";
99 1 1 137,145 "99";
100 1 1 75,249 "100";
101 0 1 166,213 "101";
102 0 1 122,268 "102";
103 2 0 215,251 "103";
104 1 1 96,124 "104";
105 0 0 80,184 "105";
106 0 1 163,216 "106";
107 1 0 102,104 "107";
108 2 1 21,222 "108";
109 0 1 42,246 "109";
110 2 1 152,241 "110";
111 2 1 85,251 "111";
112 2 1 49,168 "112";
113 2 1 116,187 "113";
114 0 1 157,215 "114";
115 2 1 188,260 "115";
116 1 1 55,129 "116";
117 0 0 115,184 "117";
118 2 1 73,85 "118";
119 0 0 137,192 "119";
120 2 1 180,250 "120";
121 1 1 149,217 "121";
122 1 0 46,194 "122";
123 2 0 53,233 "123";
124 0 1 74,249 "124";
125 1 1 149,164 "125";
126 1 0 44,136 "126";
127 2 1 39,272 "127";
128 2 0 21,257 "128";
129 2 0 30,139 "129";
130 2 0 8,106 "130";
131 1 1 7,145 "131";
132 1 1 98,279 "132";
133 2 0 47,157 "133";
134 1 1 68,219 "134";
135 2 0 94,105 "135";
136 0 0 149,172 "136";
137 1 1 146,188 "137";
138 0 1 85,137 "138";
139 1 1 6,133 "139";
140 1 0 76,231 "140";
141 0 0 15,146 "141";
142 1 1 13,167 "142";
143 1 0 6,7 "143";
144 2 1 21,185 "144";
145 0 1 74,75 "145";
146 2 0 150,221 "146";
147 1 1 33,131 "147";
148 2 0 32,84 "148";
149 0 1 186,258 "149";
150 2 0 66,155 "150";
151 0 0 37,246 "151";
152 2 1 50,224 "152";
153 2 1 46,66 "153";
154 2 0 89,224 "154";
155 1 0 4,257 "155";
156 0 0 17,141 "156";
157 1 0 187,263 "157";
158 2 1 74,232 "158";
159 0 0 97,191 "159";
160 2 0 67,130 "160";
161 2 1 26,158 "161";
162 1 0 173,263 "162";
163 2 1 33,140 "163";
164 0 1 12,278 "164";
165 2 1 0,253 "165";
166 1 1 138,207 "166";
167 2 1 80,262 "167";
168 2 1 49,176 "168";
169 1 0 29,50 "169";
170 2 0 108,205 "170";
171 2 0 126,198 "171";
172 2 1 25,180 "172";
173 1 0 63,89 "173";
174 1 1 177,261 "174";
175 2 0 6,142 "175";
176 0 0 203,221 "176";
177 0 1 125,266 "177";
178 2 1 7,255 "178";
179 1 0 78,251 "179";
180 2 0 10,267 "180";
181 1 1 25,145 "181";
182 2 0 137,250 "182";
183 2 1 25,93 "183";
184 2 1 38,175 "184";
185 2 1 49,148 "185";
186 1 0 20,129 "186";
187 1 1 68,142 "187";
188 1 0 50,228 "188";
189 0 0 194,248 "189";
190 2 0 224,254 "190";
191 2 1 119,154 "191";
192 1 1 23,46 "192";
193 1 0 94,244 "193";
194 2 1 7,253 "194";
195 2 0 90,101 "195";
196 2 1 14,187 "196";
197 2 1 63,203 "197";
198 2 0 99,186 "198";
199 0 0 34,109 "199";
200 2 1 4,202 "200";
201 2 0 158,194 "201";
202 2 1 44,168 "202";
203 1 0 38,63 "203";
204 2 1 179,194 "204";
205 2 1 101,212 "205";
206 0 0 198,271 "206";
207 2 1 52,102 "207";
208 2 0 107,265 "208";
209 0 0 39,120 "209";
210 2 1 9,61 "210";
211 0 0 66,228 "211";
212 2 0 149,259 "212";
213 2 0 35,251 "213";
214 0 1 25,142 "214";
215 2 0 128,195 "215";
216 0 0 88,162 "216";
217 1 0 73,81 "217";
218 2 0 174,251 "218";
219 1 1 172,263 "219";
220 2 1 53,65 "220";
221 1 1 19,259 "221";
222 2 1 12,131 "222";
223 0 0 222,242 "223";
224 1 0 6,214 "224";
225 1 1 114,125 "225";
226 0 0 122,277 "226";
227 1 1 123,236 "227";
228 0 0 92,137 "228";
229 2 0 144,232 "229";
230 2 1 167,202 "230";
231 1 1 41,274 "231";
232 0 0 127,142 "232";
233 2 1 89,255 "233";
234 2 0 80,101 "234";
235 0 0 78,246 "235";
236 0 0 13,200 "236";
237 2 0 38,222 "237";
238 2 0 83,93 "238";
239 0 1 211,277 "239";
240 0 0 52,55 "240";
241 1 1 1,115 "241";
242 1 0 9,26 "242";
243 0 0 84,272 "243";
244 0 0 156,162 "244";
245 1 1 39,108 "245";
246 0 0 20,92 "246";
247 2 1 26,222 "247";
248 1 1 47,64 "248";
249 0 0 75,241 "249";
250 1 0 153,180 "250";
251 2 1 185,200 "251";
252 2 1 186,196 "252";
253 0 1 129,228 "253";
254 2 1 130,132 "254";
255 2 1 93,218 "255";
256 2 0 8,78 "256";
257 0 1 92,220 "257";
258 2 1 232,245 "258";
259 0 0 106,165 "259";
260 1 1 21,133 "260";
261 2 1 118,247 "261";
262 0 1 97,264 "262";
263 2 0 0,215 "263";
264 1 1 95,127 "264";
265 0 1 111,222 "265";
266 2 0 71,150 "266";
267 2 0 51,127 "267";
268 1 1 38,186 "268";
269 2 1 168,180 "269";
270 0 1 48,132 "270";
271 1 0 242,279 "271";
272 2 0 117,238 "272";
273 1 1 129,168 "273";
274 2 0 1,51 "274";
275 1 1 0,276 "275";
276 0 1 58,131 "276";
277 0 0 164,204 "277";
278 1 1 85,210 "278";
279 2 0 21,238 "279";
