parity 229;
0 1 0 215,220 "0";
1 1 0 23,100 "1";
2 1 1 58,195 "2";
3 0 1 100,118 "3";
4 0 0 60,139 "4";
5 0 1 40,136 "5";
6 0 1 100,181 "6";
7 0 0 18,198 "7";
8 2 0 13,221 "8";
9 0 0 82,185 "9";
10 1 1 188,194 "10";
11 0 0 38,128 "11";
12 2 1 130,179 "12";
13 2 1 83,90 "13";
14 0 1 100,109 "14";
15 1 1 14,86 "15";
16 1 1 102,162 "16";
17 1 0 54,79 "17";
18 0 1 147,155 "18";
19 2 0 109,183 "19";
20 1 1 82,182 "20";
21 0 1 57,139 "21";
22 1 1 11,199 "22";
23 1 0 191,213 "23";
24 0 0 8,36 "24";
25 0 1 69,85 "25";
26 1 1 96,125 "26";
27 0 1 10,198 "27";
28 0 1 89,150 "28";
29 2 1 141,146 "29";
30 1 0 143,203 "30";
31 2 1 44,59 "31";
32 0 0 20,181 "32";
33 1 1 69,167 "33";
34 1 0 111,217 "34";
35 1 0 149,222 "35";
36 2 1 42,53 "36";
37 2 0 161,163 "37";
38 1 0 39,183 "38";
39 2 0 134,166 "39";
40 0 1 103,133 "40";
41 0 0 143,178 "41";
42 2 0 103,141 "42";
43 1 0 113,122 "43";
44 2 1 127,158 "44";
45 0 0 15,190 "45";
46 0 1 30,201 "46";
47 0 1 177,219 "47";
48 2 0 60,81 "48";
49 0 0 167,175 "49";
50 0 0 70,94 "50";
51 1 0 34,93 "51";
52 0 0 21,123 "52";
53 0 1 50,217 "53";
54 2 1 180,191 "54";
55 1 1 48,73 "55";
56 2 0 93,150 "56";
57 1 0 73,169 "57";
58 1 0 18,130 "58";
59 2 0 48,68 "59";
60 2 1 128,152 "60";
61 2 1 58,142 "61";
62 2 0 19,84 "62";
63 0 0 60,155 "63";
64 1 1 118,180 "64";
65 2 1 111,229 "65";
66 2 0 1,125 "66";
67 2 0 19,152 "67";
68 2 1 155,190 "68";
69 2 0 180,193 "69";
70 2 0 115,193 "70";
71 1 0 17,138 "71";
72 1 0 43,201 "72";
73 2 0 15,47 "73";
74 0 0 28,229 "74";
75 1 0 5,143 "75";
76 2 0 86,123 "76";
77 1 1 146,215 "77";
78 0 1 130,217 "78";
79 1 1 90,171 "79";
80 1 0 187,226 "80";
81 2 1 148,198 "81";
82 0 1 103,213 "82";
83 1 1 28,171 "83";
84 2 1 33,142 "84";
85 1 1 49,127 "85";
86 1 0 146,165 "86";
87 1 0 40,125 "87";
88 1 1 137,204 "88";
89 1 1 70,190 "89";
90 1 0 81,122 "90";
91 0 1 15,129 "91";
92 0 0 140,157 "92";
93 0 1 5,171 "93";
94 1 1 2,29 "94";
95 0 1 43,223 "95";
96 1 0 17,128 "96";
97 1 1 38,45 "97";
98 1 1 51,205 "98";
99 1 0 18,78 "99";
100 0 1 3,108 "100";
101 1 1 125,222 "101";
102 2 0 142,167 "102";
103 0 0 79,179 "103";
104 1 0 56,195 "104";
105 0 0 28,63 "105";
106 2 1 4,200 "106";
107 2 0 17,141 "107";
108 1 0 17,211 "108";
109 2 0 62,203 "109";
110 0 0 50,172 "110";
111 0 1 106,170 "111";
112 2 1 102,142 "112";
113 2 1 47,61 "113";
114 0 1 151,204 "114";
115 1 0 37,100 "115";
116 0 0 84,200 "116";
117 1 1 86,111 "117";
118 1 0 42,167 "118";
119 0 0 28,34 "119";
120 1 0 207,214 "120";
121 1 1 44,151 "121";
122 1 1 24,76 "122";
123 2 1 54,190 "123";
124 1 0 39,103 "124";
125 2 1 7,14 "125";
126 2 0 23,64 "126";
127 0 1 14,73 "127";
128 0 1 41,187 "128";
129 1 0 41,221 "129";
130 2 0 47,76 "130";
131 1 1 176,227 "131";
132 1 0 200,222 "132";
133 1 1 104,147 "133";
134 1 0 9,216 "134";
135 1 1 144,223 "135";
136 1 0 62,183 "136";
137 2 1 127,200 "137";
138 2 1 56,223 "138";
139 1 1 110,161 "139";
140 0 1 176,207 "140";
141 0 1 6,77 "141";
142 0 1 91,188 "142";
143 2 0 119,213 "143";
144 2 0 161,165 "144";
145 2 0 157,170 "145";
146 1 0 98,156 "146";
147 2 0 67,77 "147";
148 1 1 61,90 "148";
149 1 0 177,206 "149";
150 1 1 45,88 "150";
151 0 1 50,142 "151";
152 1 1 2,76 "152";
153 0 1 25,131 "153";
154 1 1 111,218 "154";
155 1 0 19,109 "155";
156 1 1 35,130 "156";
157 1 1 59,149 "157";
158 1 0 84,161 "158";
159 1 0 200,206 "159";
160 0 0 39,88 "160";
161 2 1 6,73 "161";
162 2 0 50,164 "162";
163 1 1 61,226 "163";
164 2 0 117,139 "164";
165 0 0 135,194 "165";
166 2 1 151,156 "166";
167 2 1 41,89 "167";
168 2 1 72,91 "168";
169 0 1 137,156 "169";
170 0 1 109,205 "170";
171 2 0 2,35 "171";
172 0 0 157,225 "172";
173 1 1 138,157 "173";
174 0 1 139,142 "174";
175 2 1 26,228 "175";
176 1 1 0,168 "176";
177 0 1 95,191 "177";
178 2 0 37,200 "178";
179 2 1 18,90 "179";
180 2 0 3,75 "180";
181 1 1 104,108 "181";
182 2 1 2,15 "182";
183 0 1 52,91 "183";
184 1 1 104,185 "184";
185 1 1 2,90 "185";
186 1 1 29,130 "186";
187 1 0 43,142 "187";
188 2 1 116,205 "188";
189 2 0 30,90 "189";
190 1 0 122,200 "190";
191 0 0 70,172 "191";
192 1 0 16,179 "192";
193 0 0 151,167 "193";
194 0 0 18,216 "194";
195 0 1 44,197 "195";
196 2 1 101,210 "196";
197 2 0 41,108 "197";
198 0 0 1,16 "198";
199 1 0 141,189 "199";
200 0 0 48,164 "200";
201 0 0 97,208 "201";
202 0 0 27,45 "202";
203 0 1 6,66 "203";
204 1 1 174,225 "204";
205 0 1 40,175 "205";
206 0 1 57,209 "206";
207 2 0 186,214 "207";
208 0 0 18,143 "208";
209 2 1 7,159 "209";
210 0 0 51,145 "210";
211 0 0 88,217 "211";
212 1 1 154,200 "212";
213 0 0 36,216 "213";
214 1 1 91,96 "214";
215 1 0 80,105 "215";
216 1 1 5,7 "216";
217 2 1 18,203 "217";
218 0 0 157,179 "218";
219 2 0 94,129 "219";
220 0 0 18,111 "220";
221 0 0 109,226 "221";
222 0 1 80,103 "222";
223 2 1 36,181 "223";
224 1 1 192,215 "224";
225 2 1 112,186 "225";
226 1 0 130,146 "226";
227 0 1 122,125 "227";
228 0 1 7,55 "228";
229 0 0 133,194 "229";
