parity 264;
0 2 0 47,137 "0";
1 1 1 53,58 "1";
2 1 0 78,108 "2";
3 0 1 135,238 "3";
4 2 0 10,147 "4";
5 2 1 34,94 "5";
6 1 0 43,140 "6";
7 0 1 39,221 "7";
8 1 0 141,241 "8";
9 2 0 15,54 "9";
10 0 0 123,225 "10";
11 0 0 169,242 "11";
12 0 1 67,223 "12";
13 0 0 4,121 "13";
14 0 0 114,238 "14";
15 2 0 24,212 "15";
16 1 0 75,217 "16";
17 2 0 51,117 "17";
18 2 0 20,24 "18";
19 0 0 96,185 "19";
20 1 0 26,134 "20";
21 0 0 31,47 "21";
22 0 1 27,122 "22";
23 1 1 8,190 "23";
24 0 0 23,216 "24";
25 1 1 16,37 "25";
26 1 1 15,112 "26";
27 0 0 96,121 "27";
28 0 0 1,228 "28";
29 0 1 39,72 "29";
30 2 0 170,197 "30";
31 2 1 82,185 "31";
32 0 0 98,142 "32";
33 1 1 76,168 "33";
34 0 1 218,236 "34";
35 1 0 185,260 "35";
36 1 0 136,213 "36";
37 2 1 97,168 "37";
38 1 1 77,158 "38";
39 0 1 23,169 "39";
40 2 0 148,199 "40";
41 0 1 24,86 "41";
42 2 1 179,201 "42";
43 1 1 6,45 "43";
44 1 1 220,233 "44";
45 2 1 67,119 "45";
46 1 0 55,120 "46";
47 2 1 32,121 "47";
48 1 1 156,183 "48";
49 0 0 9,207 "49";
50 1 0 69,125 "50";
51 1 0 105,215 "51";
52 1 1 90,203 "52";
53 0 1 2,35 "53";
54 0 1 97,226 "54";
55 0 1 101,144 "55";
56 0 0 45,253 "56";
57 1 1 195,224 "57";
58 1 0 14,246 "58";
59 0 1 52,159 "59";
60 1 0 162,206 "60";
61 2 0 126,183 "61";
62 0 0 61,237 "62";
63 0 1 33,134 "63";
64 0 0 48,244 "64";
65 0 0 49,138 "65";
66 2 0 41,198 "66";
67 0 0 87,136 "67";
68 2 0 54,140 "68";
69 1 0 14,220 "69";
70 1 1 163,261 "70";
71 1 0 95,212 "71";
72 0 1 58,165 "72";
73 0 0 153,197 "73";
74 0 0 33,132 "74";
75 1 0 59,128 "75";
76 0 1 23,36 "76";
77 1 0 136,179 "77";
78 2 1 40,251 "78";
79 0 1 80,208 "79";
80 0 1 161,172 "80";
81 0 1 179,186 "81";
82 0 1 60,235 "82";
83 2 1 96,235 "83";
84 2 0 96,242 "84";
85 0 0 69,246 "85";
86 2 1 23,51 "86";
87 0 0 98,221 "87";
88 1 1 13,56 "88";
89 0 1 186,221 "89";
90 2 0 43,84 "90";
91 0 0 11,241 "91";
92 1 1 88,248 "92";
93 2 0 191,242 "93";
94 1 1 64,110 "94";
95 1 0 17,216 "95";
96 1 0 12,121 "96";
97 0 1 188,264 "97";
98 2 0 2,204 "98";
99 1 1 32,150 "99";
100 0 0 20,141 "100";
101 1 0 252,259 "101";
102 1 1 60,132 "102";
103 1 0 76,137 "103";
104 0 0 193,208 "104";
105 0 1 25,118 "105";
106 1 0 16,91 "106";
107 2 1 0,241 "107";
108 1 0 152,184 "108";
109 0 0 139,249 "109";
110 1 1 167,240 "110";
111 1 1 128,170 "111";
112 1 0 115,209 "112";
113 0 0 55,107 "113";
114 1 1 23,132 "114";
115 2 0 36,207 "115";
116 1 0 19,94 "116";
117 0 1 3,96 "117";
118 1 0 60,115 "118";
119 2 1 238,242 "119";
120 2 0 9,130 "120";
121 2 1 40,208 "121";
122 2 0 128,263 "122";
123 1 0 37,164 "123";
124 0 1 26,40 "124";
125 1 0 123,237 "125";
126 0 1 169,234 "126";
127 2 0 130,227 "127";
128 1 0 65,255 "128";
129 2 0 11,144 "129";
130 0 1 137,221 "130";
131 2 1 59,225 "131";
132 2 0 9,128 "132";
133 2 1 19,252 "133";
134 0 1 138,229 "134";
135 2 0 65,170 "135";
136 0 1 123,204 "136";
137 0 0 210,229 "137";
138 2 1 66,90 "138";
139 1 0 9,141 "139";
140 1 0 8,30 "140";
141 2 0 118,203 "141";
142 1 0 83,120 "142";
143 0 0 166,220 "143";
144 1 0 43,54 "144";
145 1 0 116,228 "145";
146 0 1 198,211 "146";
147 0 0 50,182 "147";
148 0 1 207,222 "148";
149 1 1 20,115 "149";
150 0 1 2,177 "150";
151 2 1 99,125 "151";
152 2 0 7,53 "152";
153 0 0 41,258 "153";
154 2 0 24,36 "154";
155 0 0 190,198 "155";
156 1 0 180,230 "156";
157 0 1 30,158 "157";
158 1 1 233,244 "158";
159 1 1 33,108 "159";
160 2 0 138,260 "160";
161 0 1 225,243 "161";
162 1 1 40,135 "162";
163 0 1 37,244 "163";
164 1 1 179,237 "164";
165 2 1 68,224 "165";
166 2 1 51,106 "166";
167 2 1 66,196 "167";
168 0 0 27,112 "168";
169 1 1 49,213 "169";
170 1 0 22,187 "170";
171 0 0 176,222 "171";
172 0 0 66,152 "172";
173 0 1 94,157 "173";
174 2 1 8,202 "174";
175 1 0 144,164 "175";
176 2 0 193,255 "176";
177 1 1 112,228 "177";
178 0 0 22,78 "178";
179 1 0 43,249 "179";
180 1 1 86,149 "180";
181 2 0 45,251 "181";
182 2 0 128,150 "182";
183 2 0 38,172 "183";
184 1 1 240,262 "184";
185 0 0 115,120 "185";
186 0 1 223,232 "186";
187 0 0 99,215 "187";
188 1 1 165,216 "188";
189 1 0 162,250 "189";
190 1 0 40,56 "190";
191 0 0 127,215 "191";
192 0 0 110,128 "192";
193 2 1 98,224 "193";
194 2 0 56,64 "194";
195 1 1 138,178 "195";
196 1 1 9,31 "196";
197 2 0 138,181 "197";
198 1 1 69,116 "198";
199 1 1 49,88 "199";
200 2 1 164,189 "200";
201 1 0 177,219 "201";
202 2 1 136,255 "202";
203 2 0 2,134 "203";
204 2 1 74,93 "204";
205 2 1 10,185 "205";
206 1 1 63,87 "206";
207 2 0 12,209 "207";
208 2 0 101,171 "208";
209 2 0 107,203 "209";
210 1 0 1,203 "210";
211 2 1 85,185 "211";
212 2 1 39,164 "212";
213 0 1 8,104 "213";
214 1 1 2,228 "214";
215 1 0 174,182 "215";
216 2 0 165,213 "216";
217 2 0 107,261 "217";
218 2 0 230,248 "218";
219 1 0 133,243 "219";
220 1 1 64,117 "220";
221 0 0 175,234 "221";
222 0 0 241,252 "222";
223 0 1 159,189 "223";
224 0 0 95,239 "224";
225 2 1 204,233 "225";
226 0 1 157,206 "226";
227 1 1 8,182 "227";
228 2 0 75,85 "228";
229 1 0 31,187 "229";
230 2 0 49,229 "230";
231 0 0 132,156 "231";
232 2 0 195,242 "232";
233 1 1 1,119 "233";
234 2 1 181,236 "234";
235 1 0 20,194 "235";
236 2 0 210,255 "236";
237 0 1 26,227 "237";
238 2 1 99,114 "238";
239 0 0 174,209 "239";
240 2 1 99,213 "240";
241 2 1 0,19 "241";
242 2 0 6,103 "242";
243 2 1 63,251 "243";
244 0 1 217,248 "244";
245 0 0 5,26 "245";
246 1 1 99,120 "246";
247 1 0 113,246 "247";
248 2 1 17,156 "248";
249 0 0 26,223 "249";
250 1 0 51,86 "250";
251 2 1 78,98 "251";
252 0 1 117,225 "252";
253 2 1 148,208 "253";
254 2 1 80,164 "254";
255 2 1 103,159 "255";
256 2 0 22,214 "256";
257 2 0 35,198 "257";
258 1 0 74,95 "258";
259 0 0 40,260 "259";
260 2 1 122,153 "260";
261 2 1 69,100 "261";
262 0 1 119,243 "262";
263 2 1 12,36 "263";
264 1 1 158,162 "264";
