parity 209;
0 1 1 89,189 "0";
1 0 0 38,194 "1";
2 2 1 48,124 "2";
3 1 0 27,99 "3";
4 1 1 28,178 "4";
5 1 1 6,80 "5";
6 2 1 95,157 "6";
7 1 1 93,121 "7";
8 0 0 76,148 "8";
9 2 0 70,156 "9";
10 2 0 30,180 "10";
11 1 0 58,145 "11";
12 0 0 129,206 "12";
13 0 0 68,141 "13";
14 1 1 173,176 "14";
15 0 0 53,183 "15";
16 2 0 55,121 "16";
17 0 0 30,118 "17";
18 1 1 116,163 "18";
19 1 1 25,80 "19";
20 2 0 180,197 "20";
21 0 1 82,129 "21";
22 0 1 17,49 "22";
23 0 1 137,182 "23";
24 0 1 9,30 "24";
25 1 1 95,134 "25";
26 0 1 105,168 "26";
27 0 1 39,202 "27";
28 1 1 23,48 "28";
29 0 1 87,189 "29";
30 2 1 88,104 "30";
31 0 0 66,104 "31";
32 2 1 40,149 "32";
33 2 1 40,63 "33";
34 1 1 51,205 "34";
35 0 0 115,206 "35";
36 2 0 26,59 "36";
37 1 0 172,208 "37";
38 1 0 84,123 "38";
39 0 0 24,45 "39";
40 1 0 29,112 "40";
41 0 1 44,85 "41";
42 1 0 59,78 "42";
43 0 1 2,129 "43";
44 0 0 59,146 "44";
45 2 0 19,125 "45";
46 0 1 161,175 "46";
47 2 1 5,200 "47";
48 2 0 10,94 "48";
49 2 0 2,41 "49";
50 2 0 124,129 "50";
51 2 1 89,166 "51";
52 1 1 189,194 "52";
53 0 1 44,194 "53";
54 1 1 15,31 "54";
55 1 0 159,206 "55";
56 0 1 147,183 "56";
57 2 1 117,166 "57";
58 2 1 51,195 "58";
59 1 0 110,200 "59";
60 0 0 55,164 "60";
61 0 0 74,96 "61";
62 2 1 33,63 "62";
63 1 1 23,150 "63";
64 0 0 169,181 "64";
65 0 1 140,206 "65";
66 1 1 143,160 "66";
67 0 0 177,190 "67";
68 2 0 11,87 "68";
69 1 1 8,57 "69";
70 2 1 134,160 "70";
71 1 1 51,98 "71";
72 1 0 44,153 "72";
73 0 1 89,187 "73";
74 0 0 96,196 "74";
75 2 0 27,46 "75";
76 1 1 0,137 "76";
77 0 0 136,192 "77";
78 1 1 12,13 "78";
79 1 1 10,175 "79";
80 0 0 139,155 "80";
81 1 0 140,159 "81";
82 0 1 123,159 "82";
83 2 0 1,15 "83";
84 1 1 115,199 "84";
85 0 1 10,107 "85";
86 1 0 117,131 "86";
87 2 0 14,159 "87";
88 0 0 140,182 "88";
89 1 1 158,198 "89";
90 0 0 15,182 "90";
91 2 1 149,186 "91";
92 1 0 60,160 "92";
93 1 0 72,97 "93";
94 0 1 13,132 "94";
95 1 0 6,123 "95";
96 2 0 13,80 "96";
97 2 0 28,179 "97";
98 0 0 43,89 "98";
99 2 0 26,209 "99";
100 1 1 171,208 "100";
101 2 1 21,110 "101";
102 1 0 101,165 "102";
103 2 0 29,46 "103";
104 2 1 96,107 "104";
105 2 1 123,131 "105";
106 2 0 55,200 "106";
107 0 1 43,58 "107";
108 0 1 40,131 "108";
109 1 1 88,115 "109";
110 0 0 43,68 "110";
111 2 0 84,170 "111";
112 2 0 156,196 "112";
113 0 1 140,208 "113";
114 0 1 5,174 "114";
115 2 1 146,207 "115";
116 0 0 38,109 "116";
117 1 0 15,162 "117";
118 1 0 16,189 "118";
119 0 1 196,206 "119";
120 1 0 46,198 "120";
121 1 1 64,170 "121";
122 1 0 44,124 "122";
123 2 1 33,108 "123";
124 0 0 79,160 "124";
125 2 1 87,202 "125";
126 1 1 66,193 "126";
127 1 0 50,69 "127";
128 2 0 15,60 "128";
129 0 1 12,146 "129";
130 1 1 11,194 "130";
131 0 0 11,28 "131";
132 2 0 66,209 "132";
133 2 0 53,109 "133";
134 0 0 12,59 "134";
135 1 0 30,122 "135";
136 1 0 126,186 "136";
137 1 0 10,27 "137";
138 0 0 3,46 "138";
139 2 0 48,165 "139";
140 0 1 169,176 "140";
141 1 1 121,133 "141";
142 2 0 83,138 "142";
143 1 0 92,182 "143";
144 2 1 74,155 "144";
145 2 0 13,156 "145";
146 2 0 113,206 "146";
147 1 0 33,189 "147";
148 2 1 29,99 "148";
149 1 0 52,185 "149";
150 2 1 100,123 "150";
151 2 0 28,51 "151";
152 0 1 140,183 "152";
153 1 1 28,53 "153";
154 2 1 55,192 "154";
155 2 0 61,207 "155";
156 2 0 49,159 "156";
157 0 0 24,114 "157";
158 1 1 109,149 "158";
159 2 1 17,58 "159";
160 2 0 2,31 "160";
161 2 0 146,185 "161";
162 1 1 6,144 "162";
163 1 1 86,204 "163";
164 1 0 201,206 "164";
165 2 0 112,144 "165";
166 1 0 143,182 "166";
167 0 1 64,197 "167";
168 2 1 127,176 "168";
169 1 1 103,105 "169";
170 2 1 27,54 "170";
171 1 1 142,176 "171";
172 2 1 14,92 "172";
173 1 0 149,209 "173";
174 1 1 91,150 "174";
175 2 1 96,116 "175";
176 1 1 57,171 "176";
177 2 0 10,110 "177";
178 2 0 114,146 "178";
179 0 0 95,116 "179";
180 0 0 19,131 "180";
181 2 1 104,199 "181";
182 2 1 167,201 "182";
183 2 0 37,39 "183";
184 0 1 49,76 "184";
185 0 0 180,182 "185";
186 2 1 72,116 "186";
187 2 1 155,160 "187";
188 1 1 4,129 "188";
189 1 1 122,184 "189";
190 0 1 20,127 "190";
191 2 0 0,104 "191";
192 1 0 176,184 "192";
193 1 0 82,187 "193";
194 2 0 15,102 "194";
195 0 0 15,108 "195";
196 0 0 92,202 "196";
197 2 0 51,62 "197";
198 0 1 70,191 "198";
199 0 1 12,191 "199";
200 0 0 143,199 "200";
201 0 0 11,78 "201";
202 0 0 71,132 "202";
203 1 1 173,204 "203";
204 2 0 0,200 "204";
205 1 0 113,161 "205";
206 1 0 96,187 "206";
207 0 1 147,204 "207";
208 2 1 58,106 "208";
209 2 0 64,76 "209";
