parity 234;
0 1 1 48,171 "0";
1 1 1 183,224 "1";
2 0 0 165,233 "2";
3 1 1 124,145 "3";
4 0 1 77,109 "4";
5 1 1 117,170 "5";
6 2 0 36,96 "6";
7 1 0 65,133 "7";
8 2 0 137,204 "8";
9 2 1 108,117 "9";
10 1 0 69,150 "10";
11 0 0 144,163 "11";
12 2 0 25,142 "12";
13 2 0 63,205 "13";
14 2 0 47,229 "14";
15 2 1 223,230 "15";
16 1 1 84,164 "16";
17 0 0 4,137 "17";
18 1 0 37,141 "18";
19 0 1 171,175 "19";
20 0 1 102,177 "20";
21 2 0 62,65 "21";
22 2 1 52,92 "22";
23 1 0 158,164 "23";
24 2 0 98,201 "24";
25 0 1 197,219 "25";
26 1 1 135,164 "26";
27 1 0 145,172 "27";
28 0 0 12,55 "28";
29 0 0 112,200 "29";
30 2 1 35,222 "30";
31 1 1 65,115 "31";
32 1 0 50,197 "32";
33 0 1 25,80 "33";
34 1 0 111,169 "34";
35 2 1 78,195 "35";
36 2 0 58,206 "36";
37 1 0 43,74 "37";
38 2 0 194,200 "38";
39 0 0 97,133 "39";
40 0 1 74,100 "40";
41 1 0 48,227 "41";
42 0 0 110,121 "42";
43 1 0 32,177 "43";
44 0 0 106,223 "44";
45 1 0 30,182 "45";
46 0 1 174,200 "46";
47 1 0 16,158 "47";
48 2 1 11,153 "48";
49 2 1 37,137 "49";
50 2 1 1,104 "50";
51 0 1 20,143 "51";
52 1 1 24,192 "52";
53 0 1 42,165 "53";
54 2 0 7,42 "54";
55 2 1 25,57 "55";
56 2 0 133,168 "56";
57 1 0 14,83 "57";
58 2 1 40,171 "58";
59 0 1 80,91 "59";
60 0 1 25,144 "60";
61 1 0 54,184 "61";
62 1 0 97,186 "62";
63 2 0 21,206 "63";
64 2 0 172,211 "64";
65 0 0 117,132 "65";
66 1 1 48,68 "66";
67 2 0 80,212 "67";
68 2 0 35,177 "68";
69 0 0 59,218 "69";
70 2 1 8,18 "70";
71 2 1 23,203 "71";
72 2 0 32,122 "72";
73 1 0 162,197 "73";
74 1 0 4,38 "74";
75 2 0 28,194 "75";
76 0 0 139,155 "76";
77 2 0 8,17 "77";
78 2 0 34,111 "78";
79 1 0 3,139 "79";
80 2 0 97,217 "80";
81 1 1 43,63 "81";
82 0 0 175,221 "82";
83 0 1 88,130 "83";
84 0 0 56,197 "84";
85 0 1 7,215 "85";
86 2 0 152,176 "86";
87 0 0 197,202 "87";
88 0 1 0,184 "88";
89 0 1 33,198 "89";
90 1 1 19,193 "90";
91 1 1 76,130 "91";
92 2 0 161,196 "92";
93 0 1 136,141 "93";
94 1 0 75,148 "94";
95 1 0 5,228 "95";
96 1 0 12,27 "96";
97 1 0 67,147 "97";
98 2 0 8,127 "98";
99 0 0 140,192 "99";
100 0 1 91,109 "100";
101 2 1 85,198 "101";
102 2 1 86,166 "102";
103 2 0 83,108 "103";
104 2 1 144,160 "104";
105 0 1 32,101 "105";
106 1 1 84,182 "106";
107 1 1 3,111 "107";
108 0 1 206,233 "108";
109 2 0 19,210 "109";
110 2 0 62,115 "110";
111 0 1 39,209 "111";
112 2 0 142,178 "112";
113 0 0 66,90 "113";
114 0 1 39,77 "114";
115 2 1 161,196 "115";
116 0 0 144,149 "116";
117 2 1 124,216 "117";
118 1 1 52,191 "118";
119 2 0 62,137 "119";
120 1 1 14,182 "120";
121 1 0 23,57 "121";
122 2 0 0,120 "122";
123 0 0 122,153 "123";
124 1 1 45,180 "124";
125 0 1 114,213 "125";
126 1 0 107,134 "126";
127 0 1 105,201 "127";
128 1 1 77,122 "128";
129 0 0 19,203 "129";
130 2 0 4,6 "130";
131 2 0 64,129 "131";
132 1 0 156,229 "132";
133 2 0 95,224 "133";
134 0 1 83,199 "134";
135 1 1 62,211 "135";
136 0 1 129,215 "136";
137 0 0 170,227 "137";
138 2 1 114,193 "138";
139 0 0 46,216 "139";
140 0 1 28,52 "140";
141 1 0 20,216 "141";
142 2 1 24,59 "142";
143 0 1 146,191 "143";
144 0 0 41,102 "144";
145 1 0 10,52 "145";
146 2 0 90,121 "146";
147 2 1 0,27 "147";
148 0 1 152,227 "148";
149 1 1 124,146 "149";
150 2 1 20,144 "150";
151 2 1 102,165 "151";
152 2 1 101,129 "152";
153 2 1 48,210 "153";
154 1 1 63,174 "154";
155 2 1 24,227 "155";
156 0 0 33,154 "156";
157 2 1 20,30 "157";
158 1 1 126,202 "158";
159 0 0 16,202 "159";
160 0 0 82,150 "160";
161 0 1 44,136 "161";
162 1 1 68,136 "162";
163 0 0 128,227 "163";
164 1 0 15,76 "164";
165 2 0 79,224 "165";
166 2 1 139,215 "166";
167 0 1 23,54 "167";
168 0 0 86,195 "168";
169 2 0 116,213 "169";
170 0 1 40,173 "170";
171 1 0 54,70 "171";
172 0 1 20,23 "172";
173 1 1 78,157 "173";
174 0 1 88,121 "174";
175 1 1 164,228 "175";
176 0 0 15,22 "176";
177 0 1 171,193 "177";
178 1 1 69,74 "178";
179 0 1 4,165 "179";
180 2 1 3,84 "180";
181 2 0 185,206 "181";
182 1 1 90,194 "182";
183 0 1 153,193 "183";
184 2 1 33,227 "184";
185 1 0 92,171 "185";
186 2 1 74,101 "186";
187 2 1 81,201 "187";
188 1 0 57,149 "188";
189 1 1 225,228 "189";
190 1 0 94,197 "190";
191 2 1 171,204 "191";
192 2 0 69,141 "192";
193 1 0 68,172 "193";
194 0 0 15,76 "194";
195 1 1 36,218 "195";
196 1 1 100,185 "196";
197 0 0 43,223 "197";
198 2 0 106,143 "198";
199 1 1 122,216 "199";
200 1 1 66,79 "200";
201 1 0 176,231 "201";
202 2 1 38,221 "202";
203 0 0 55,202 "203";
204 2 0 48,79 "204";
205 0 1 27,136 "205";
206 2 0 61,168 "206";
207 2 0 125,194 "207";
208 1 0 29,131 "208";
209 0 0 72,162 "209";
210 0 0 0,28 "210";
211 0 1 93,217 "211";
212 1 1 162,164 "212";
213 1 1 160,231 "213";
214 0 0 46,186 "214";
215 1 1 6,227 "215";
216 0 1 135,187 "216";
217 2 1 41,106 "217";
218 2 0 54,199 "218";
219 1 1 138,188 "219";
220 2 1 82,117 "220";
221 0 0 19,217 "221";
222 0 0 46,104 "222";
223 0 0 33,71 "223";
224 0 0 32,193 "224";
225 0 1 88,124 "225";
226 2 1 88,228 "226";
227 2 0 68,119 "227";
228 2 1 46,145 "228";
229 0 1 122,178 "229";
230 2 0 219,228 "230";
231 0 1 4,142 "231";
232 1 1 12,21 "232";
233 2 1 112,168 "233";
234 0 1 79,222 "234";
