parity 274;
0 2 1 127,206 "0";
1 2 0 163,210 "1";
2 0 1 51,226 "2";
3 0 0 212,236 "3";
4 0 0 168,228 "4";
5 2 0 13,154 "5";
6 1 1 71,85 "6";
7 2 0 160,215 "7";
8 2 0 193,195 "8";
9 0 1 183,262 "9";
10 1 0 121,136 "10";
11 2 1 48,218 "11";
12 1 0 19,198 "12";
13 2 0 146,232 "13";
14 0 1 67,79 "14";
15 0 0 136,262 "15";
16 0 1 85,224 "16";
17 1 0 54,186 "17";
18 2 1 21,74 "18";
19 2 0 26,152 "19";
20 2 1 0,176 "20";
21 1 0 44,225 "21";
22 1 1 192,238 "22";
23 0 1 11,140 "23";
24 1 1 113,167 "24";
25 0 1 92,166 "25";
26 0 0 34,247 "26";
27 2 0 102,174 "27";
28 1 0 216,246 "28";
29 0 1 44,85 "29";
30 2 0 113,200 "30";
31 0 0 5,166 "31";
32 2 1 77,79 "32";
33 1 0 65,188 "33";
34 1 1 81,136 "34";
35 2 1 127,210 "35";
36 1 1 204,220 "36";
37 1 0 187,270 "37";
38 2 0 0,187 "38";
39 2 1 33,95 "39";
40 1 0 154,264 "40";
41 0 0 83,262 "41";
42 1 0 110,254 "42";
43 0 1 7,101 "43";
44 1 0 0,20 "44";
45 1 1 17,51 "45";
46 2 0 90,135 "46";
47 1 1 135,223 "47";
48 2 0 38,103 "48";
49 0 0 11,12 "49";
50 1 0 4,114 "50";
51 0 1 138,172 "51";
52 1 0 77,203 "52";
53 0 0 99,181 "53";
54 2 0 149,256 "54";
55 2 1 11,21 "55";
56 1 0 14,264 "56";
57 2 1 207,233 "57";
58 1 0 81,151 "58";
59 2 0 88,201 "59";
60 2 0 43,97 "60";
61 2 1 88,134 "61";
62 2 0 185,263 "62";
63 1 1 183,245 "63";
64 1 0 185,261 "64";
65 2 1 44,70 "65";
66 2 0 24,55 "66";
67 0 0 77,189 "67";
68 0 0 195,262 "68";
69 1 0 58,81 "69";
70 1 1 100,112 "70";
71 2 1 140,204 "71";
72 1 1 93,255 "72";
73 0 0 34,45 "73";
74 1 0 215,232 "74";
75 1 1 1,44 "75";
76 0 1 104,180 "76";
77 0 1 152,258 "77";
78 2 1 56,105 "78";
79 2 0 175,268 "79";
80 2 0 183,210 "80";
81 2 1 90,103 "81";
82 0 0 44,256 "82";
83 2 0 12,181 "83";
84 0 1 73,253 "84";
85 1 0 160,263 "85";
86 2 0 120,161 "86";
87 2 1 115,206 "87";
88 2 0 174,220 "88";
89 0 1 68,264 "89";
90 2 1 135,154 "90";
91 2 0 76,134 "91";
92 1 0 51,186 "92";
93 2 0 95,242 "93";
94 0 0 60,171 "94";
95 1 0 62,121 "95";
96 2 1 20,73 "96";
97 0 0 16,197 "97";
98 2 0 256,271 "98";
99 0 1 76,210 "99";
100 0 0 174,220 "100";
101 0 1 61,209 "101";
102 1 0 141,188 "102";
103 2 1 109,138 "103";
104 1 0 21,27 "104";
105 0 1 35,270 "105";
106 0 0 83,218 "106";
107 2 1 81,197 "107";
108 0 1 44,97 "108";
109 1 0 26,42 "109";
110 2 0 54,98 "110";
111 1 0 191,210 "111";
112 0 1 17,258 "112";
113 2 0 62,229 "113";
114 1 0 163,170 "114";
115 1 0 67,239 "115";
116 0 1 49,211 "116";
117 1 0 134,201 "117";
118 0 1 0,182 "118";
119 2 0 58,273 "119";
120 2 1 46,190 "120";
121 1 0 192,272 "121";
122 2 1 46,81 "122";
123 0 1 10,154 "123";
124 2 0 179,265 "124";
125 2 0 3,164 "125";
126 1 1 49,98 "126";
127 0 1 177,212 "127";
128 0 1 2,116 "128";
129 2 1 167,221 "129";
130 1 0 38,199 "130";
131 0 1 41,128 "131";
132 1 0 94,190 "132";
133 2 1 116,228 "133";
134 1 1 155,233 "134";
135 0 0 71,265 "135";
136 0 0 47,202 "136";
137 0 1 26,258 "137";
138 1 0 27,102 "138";
139 0 1 61,169 "139";
140 2 0 69,179 "140";
141 0 0 76,189 "141";
142 2 0 44,111 "142";
143 2 0 15,78 "143";
144 2 0 183,265 "144";
145 0 1 152,153 "145";
146 1 0 76,178 "146";
147 2 0 35,214 "147";
148 1 1 28,71 "148";
149 1 0 123,253 "149";
150 0 1 76,97 "150";
151 0 1 55,145 "151";
152 2 1 26,69 "152";
153 2 1 124,146 "153";
154 1 0 6,42 "154";
155 1 0 113,225 "155";
156 1 1 175,185 "156";
157 0 1 156,209 "157";
158 2 0 7,144 "158";
159 1 0 118,196 "159";
160 1 1 42,259 "160";
161 2 1 236,238 "161";
162 1 0 62,167 "162";
163 1 0 129,171 "163";
164 0 1 116,226 "164";
165 1 1 95,192 "165";
166 1 1 68,156 "166";
167 1 1 59,147 "167";
168 2 0 219,222 "168";
169 1 0 72,266 "169";
170 2 0 81,248 "170";
171 0 1 110,119 "171";
172 2 0 131,241 "172";
173 0 0 29,161 "173";
174 2 0 116,226 "174";
175 0 1 151,206 "175";
176 2 0 41,178 "176";
177 2 1 210,265 "177";
178 2 1 4,48 "178";
179 2 1 120,185 "179";
180 2 0 23,68 "180";
181 2 1 177,267 "181";
182 1 1 12,152 "182";
183 0 1 194,231 "183";
184 2 0 208,255 "184";
185 1 0 93,238 "185";
186 1 0 52,220 "186";
187 0 1 17,105 "187";
188 2 1 13,158 "188";
189 1 1 133,139 "189";
190 2 1 52,100 "190";
191 0 1 116,261 "191";
192 1 0 153,166 "192";
193 1 1 21,105 "193";
194 2 1 178,234 "194";
195 0 0 8,97 "195";
196 0 0 214,226 "196";
197 0 0 109,141 "197";
198 2 0 126,259 "198";
199 1 1 4,179 "199";
200 1 1 92,212 "200";
201 1 0 131,211 "201";
202 0 0 56,200 "202";
203 2 1 1,116 "203";
204 1 0 231,273 "204";
205 2 1 0,119 "205";
206 2 0 125,155 "206";
207 0 1 160,250 "207";
208 1 1 66,253 "208";
209 0 0 35,248 "209";
210 1 1 112,148 "210";
211 1 1 28,87 "211";
212 1 0 52,258 "212";
213 2 1 77,242 "213";
214 1 0 44,189 "214";
215 2 0 57,140 "215";
216 1 0 137,267 "216";
217 2 0 108,242 "217";
218 0 0 111,213 "218";
219 0 0 33,144 "219";
220 1 0 79,265 "220";
221 0 0 159,170 "221";
222 1 0 2,166 "222";
223 2 1 27,136 "223";
224 1 0 69,79 "224";
225 2 0 198,222 "225";
226 1 0 129,218 "226";
227 0 1 87,232 "227";
228 1 0 40,179 "228";
229 0 0 10,155 "229";
230 0 0 109,149 "230";
231 0 0 213,218 "231";
232 2 0 49,127 "232";
233 2 0 4,123 "233";
234 0 0 19,68 "234";
235 2 1 168,256 "235";
236 0 0 44,268 "236";
237 1 0 73,225 "237";
238 0 0 187,214 "238";
239 1 1 151,183 "239";
240 1 0 29,114 "240";
241 0 1 129,226 "241";
242 2 0 51,259 "242";
243 2 0 0,219 "243";
244 1 1 36,266 "244";
245 2 1 154,164 "245";
246 1 0 8,207 "246";
247 2 1 97,155 "247";
248 0 1 60,125 "248";
249 0 0 158,269 "249";
250 0 1 109,172 "250";
251 1 1 126,193 "251";
252 0 0 62,87 "252";
253 1 0 17,96 "253";
254 0 1 124,134 "254";
255 2 1 27,240 "255";
256 1 1 52,84 "256";
257 1 1 70,223 "257";
258 1 1 240,257 "258";
259 0 1 91,159 "259";
260 2 1 78,228 "260";
261 2 1 136,208 "261";
262 1 0 2,213 "262";
263 2 1 220,221 "263";
264 2 0 106,210 "264";
265 2 0 80,219 "265";
266 0 1 44,161 "266";
267 2 0 162,196 "267";
268 1 0 9,135 "268";
269 2 1 38,188 "269";
270 2 0 128,198 "270";
271 2 0 34,56 "271";
272 1 0 136,233 "272";
273 2 0 96,165 "273";
274 0 1 81,239 "274";
