parity 289;
0 0 1 81,250 "0";
1 2 0 204,260 "1";
2 0 1 37,259 "2";
3 1 0 226,263 "3";
4 2 0 119,264 "4";
5 0 0 222,280 "5";
6 2 1 39,240 "6";
7 0 0 66,185 "7";
8 1 0 158,256 "8";
9 2 0 27,256 "9";
10 0 1 22,247 "10";
11 0 0 71,78 "11";
12 1 0 90,289 "12";
13 1 0 89,265 "13";
14 1 0 60,68 "14";
15 1 0 85,147 "15";
16 2 1 179,249 "16";
17 0 1 51,289 "17";
18 1 1 65,155 "18";
19 1 0 166,234 "19";
20 2 0 86,106 "20";
21 1 1 103,164 "21";
22 1 0 30,73 "22";
23 1 0 89,156 "23";
24 1 0 47,243 "24";
25 2 1 10,92 "25";
26 0 1 125,205 "26";
27 0 1 53,252 "27";
28 2 0 0,123 "28";
29 1 1 7,156 "29";
30 2 1 201,213 "30";
31 2 0 176,238 "31";
32 1 1 86,243 "32";
33 1 0 114,217 "33";
34 2 1 24,57 "34";
35 0 0 249,252 "35";
36 0 0 98,148 "36";
37 2 0 8,30 "37";
38 1 0 138,151 "38";
39 1 1 154,172 "39";
40 1 1 177,211 "40";
41 0 1 110,251 "41";
42 2 0 209,232 "42";
43 1 1 207,264 "43";
44 2 1 77,185 "44";
45 2 1 114,273 "45";
46 2 1 73,276 "46";
47 0 1 108,242 "47";
48 0 0 8,240 "48";
49 1 0 47,177 "49";
50 2 1 66,94 "50";
51 0 0 129,161 "51";
52 2 1 76,97 "52";
53 0 1 76,162 "53";
54 2 1 39,216 "54";
55 1 0 186,189 "55";
56 2 0 142,172 "56";
57 0 1 168,176 "57";
58 2 0 30,184 "58";
59 0 0 25,135 "59";
60 2 0 22,201 "60";
61 1 0 45,188 "61";
62 1 1 168,236 "62";
63 0 0 55,271 "63";
64 2 1 155,192 "64";
65 1 0 124,285 "65";
66 0 0 99,134 "66";
67 0 0 129,188 "67";
68 1 1 20,47 "68";
69 0 1 174,208 "69";
70 1 0 116,224 "70";
71 0 1 133,147 "71";
72 1 0 30,125 "72";
73 2 1 10,235 "73";
74 0 0 1,167 "74";
75 0 0 51,110 "75";
76 1 1 218,263 "76";
77 0 1 133,168 "77";
78 0 0 41,247 "78";
79 1 1 216,226 "79";
80 1 0 191,276 "80";
81 1 0 167,172 "81";
82 0 0 54,214 "82";
83 1 0 43,164 "83";
84 2 0 51,257 "84";
85 2 1 162,277 "85";
86 1 0 48,236 "86";
87 0 1 100,244 "87";
88 1 1 26,148 "88";
89 0 0 0,189 "89";
90 0 0 73,184 "90";
91 1 1 239,263 "91";
92 2 0 123,152 "92";
93 2 1 8,20 "93";
94 1 0 208,246 "94";
95 2 0 175,280 "95";
96 0 1 171,178 "96";
97 0 1 121,235 "97";
98 1 1 57,159 "98";
99 1 1 45,138 "99";
100 0 0 208,282 "100";
101 1 0 63,174 "101";
102 0 1 85,101 "102";
103 2 0 52,96 "103";
104 1 0 1,53 "104";
105 1 1 75,93 "105";
106 2 1 167,195 "106";
107 1 1 162,235 "107";
108 0 0 153,222 "108";
109 2 0 133,147 "109";
110 1 0 33,227 "110";
111 1 0 219,238 "111";
112 2 0 13,215 "112";
113 1 0 64,184 "113";
114 0 0 184,288 "114";
115 2 1 0,70 "115";
116 0 0 233,255 "116";
117 1 1 9,51 "117";
118 2 0 94,181 "118";
119 2 0 221,237 "119";
120 1 1 79,269 "120";
121 1 1 227,259 "121";
122 2 1 98,253 "122";
123 2 0 156,248 "123";
124 2 0 73,273 "124";
125 2 0 66,78 "125";
126 2 0 48,238 "126";
127 0 1 192,198 "127";
128 1 1 238,248 "128";
129 2 0 84,251 "129";
130 1 1 12,205 "130";
131 1 1 141,158 "131";
132 0 1 25,207 "132";
133 1 0 6,102 "133";
134 2 1 205,212 "134";
135 0 1 93,96 "135";
136 2 1 78,178 "136";
137 1 0 58,125 "137";
138 0 0 153,245 "138";
139 1 1 50,169 "139";
140 2 0 107,281 "140";
141 2 0 10,260 "141";
142 2 1 44,281 "142";
143 1 1 50,201 "143";
144 1 0 186,200 "144";
145 2 1 19,172 "145";
146 1 0 20,96 "146";
147 1 1 48,89 "147";
148 0 0 115,196 "148";
149 1 1 18,139 "149";
150 1 0 61,250 "150";
151 1 1 192,279 "151";
152 2 0 41,245 "152";
153 0 1 9,133 "153";
154 2 0 105,276 "154";
155 2 0 166,205 "155";
156 2 1 15,81 "156";
157 2 1 204,213 "157";
158 2 0 189,229 "158";
159 1 0 40,125 "159";
160 2 0 124,189 "160";
161 0 1 61,136 "161";
162 0 1 75,230 "162";
163 2 1 157,246 "163";
164 0 0 145,258 "164";
165 1 0 41,82 "165";
166 2 0 102,148 "166";
167 2 0 89,152 "167";
168 1 1 102,224 "168";
169 1 0 96,174 "169";
170 1 0 196,207 "170";
171 0 1 165,222 "171";
172 0 1 144,165 "172";
173 0 0 206,255 "173";
174 1 1 58,137 "174";
175 1 0 54,141 "175";
176 2 1 277,286 "176";
177 2 1 259,268 "177";
178 0 0 68,253 "178";
179 0 0 75,157 "179";
180 2 0 163,234 "180";
181 1 0 90,261 "181";
182 2 1 22,98 "182";
183 2 1 58,280 "183";
184 0 1 33,84 "184";
185 1 0 150,282 "185";
186 2 0 240,286 "186";
187 1 0 20,79 "187";
188 1 0 88,218 "188";
189 0 0 108,178 "189";
190 1 1 42,159 "190";
191 0 0 225,228 "191";
192 1 1 191,205 "192";
193 1 1 8,118 "193";
194 2 1 146,289 "194";
195 0 0 77,89 "195";
196 1 0 86,193 "196";
197 0 0 177,249 "197";
198 1 1 151,283 "198";
199 0 1 101,226 "199";
200 2 0 176,219 "200";
201 2 0 247,259 "201";
202 0 0 205,248 "202";
203 0 0 150,241 "203";
204 2 0 156,206 "204";
205 1 1 73,249 "205";
206 0 0 6,59 "206";
207 2 0 12,162 "207";
208 1 0 29,150 "208";
209 1 1 140,169 "209";
210 0 1 92,241 "210";
211 1 1 66,251 "211";
212 2 0 16,258 "212";
213 2 1 156,260 "213";
214 0 1 16,237 "214";
215 2 0 56,252 "215";
216 0 1 62,199 "216";
217 0 1 72,183 "217";
218 2 0 65,251 "218";
219 0 0 182,186 "219";
220 2 0 71,185 "220";
221 0 1 180,280 "221";
222 1 1 15,249 "222";
223 1 0 198,289 "223";
224 1 0 155,271 "224";
225 0 0 40,66 "225";
226 2 0 63,193 "226";
227 0 1 26,63 "227";
228 0 0 23,289 "228";
229 1 0 0,234 "229";
230 0 1 102,210 "230";
231 2 1 66,161 "231";
232 1 0 83,183 "232";
233 0 1 37,247 "233";
234 0 1 30,134 "234";
235 0 0 35,151 "235";
236 1 0 202,211 "236";
237 0 0 65,254 "237";
238 0 1 109,204 "238";
239 2 1 179,286 "239";
240 1 1 30,221 "240";
241 1 0 163,254 "241";
242 2 1 31,75 "242";
243 2 1 76,83 "243";
244 0 0 66,161 "244";
245 1 1 24,86 "245";
246 2 0 228,257 "246";
247 1 0 21,65 "247";
248 1 0 32,195 "248";
249 1 1 66,186 "249";
250 1 1 209,288 "250";
251 2 1 51,248 "251";
252 0 1 67,129 "252";
253 0 0 119,139 "253";
254 2 1 223,278 "254";
255 1 1 162,203 "255";
256 0 1 60,170 "256";
257 0 1 150,187 "257";
258 2 0 88,234 "258";
259 2 0 151,269 "259";
260 2 1 3,57 "260";
261 1 1 200,235 "261";
262 1 0 47,221 "262";
263 2 1 26,54 "263";
264 1 0 83,128 "264";
265 2 0 202,256 "265";
266 2 1 29,166 "266";
267 1 1 51,279 "267";
268 2 0 13,19 "268";
269 0 0 36,78 "269";
270 0 1 40,215 "270";
271 2 0 194,238 "271";
272 2 0 4,166 "272";
273 1 1 206,261 "273";
274 2 1 39,183 "274";
275 0 1 119,203 "275";
276 0 0 7,255 "276";
277 0 1 50,124 "277";
278 0 0 55,141 "278";
279 1 0 198,225 "279";
280 1 1 259,275 "280";
281 2 0 115,129 "281";
282 0 1 96,246 "282";
283 0 0 125,225 "283";
284 0 0 71,113 "284";
285 2 1 237,252 "285";
286 2 0 41,212 "286";
287 2 0 58,156 "287";
288 1 1 7,223 "288";
289 2 0 180,193 "289";
