parity 274;
0 2 0 117,229 "0";
1 1 1 25,30 "1";
2 0 0 60,238 "2";
3 2 0 79,201 "3";
4 1 1 107,244 "4";
5 2 1 239,262 "5";
6 1 0 8,84 "6";
7 1 0 6,142 "7";
8 2 1 70,168 "8";
9 0 0 17,183 "9";
10 0 0 6,159 "10";
11 1 0 46,194 "11";
12 1 0 43,266 "12";
13 0 1 66,127 "13";
14 1 1 253,270 "14";
15 0 1 151,226 "15";
16 0 1 104,204 "16";
17 1 1 53,93 "17";
18 2 0 132,271 "18";
19 2 1 18,174 "19";
20 1 0 180,206 "20";
21 1 1 109,213 "21";
22 2 1 16,233 "22";
23 1 1 134,265 "23";
24 2 0 18,272 "24";
25 1 1 41,169 "25";
26 0 0 133,267 "26";
27 0 0 141,225 "27";
28 1 1 69,262 "28";
29 0 0 0,123 "29";
30 2 1 147,247 "30";
31 2 0 85,246 "31";
32 0 1 177,255 "32";
33 1 0 118,251 "33";
34 0 0 121,141 "34";
35 2 1 207,272 "35";
36 1 1 26,251 "36";
37 1 0 77,89 "37";
38 1 0 57,243 "38";
39 2 1 202,255 "39";
40 0 1 104,198 "40";
41 2 1 115,150 "41";
42 0 1 12,272 "42";
43 2 0 64,201 "43";
44 0 0 21,101 "44";
45 1 0 130,259 "45";
46 1 0 101,271 "46";
47 1 0 61,272 "47";
48 2 1 79,90 "48";
49 0 0 56,136 "49";
50 2 1 15,177 "50";
51 2 0 53,256 "51";
52 2 0 10,47 "52";
53 1 1 67,269 "53";
54 0 1 4,48 "54";
55 0 0 156,196 "55";
56 2 0 96,251 "56";
57 1 1 17,174 "57";
58 0 1 2,72 "58";
59 2 0 91,199 "59";
60 1 0 21,104 "60";
61 0 1 210,212 "61";
62 2 0 28,61 "62";
63 0 1 21,220 "63";
64 0 1 74,207 "64";
65 1 0 202,246 "65";
66 0 0 177,250 "66";
67 2 0 30,33 "67";
68 0 0 78,145 "68";
69 2 1 47,93 "69";
70 0 0 137,165 "70";
71 2 0 9,187 "71";
72 2 0 121,187 "72";
73 2 1 52,59 "73";
74 2 1 24,126 "74";
75 0 1 67,254 "75";
76 2 0 0,154 "76";
77 0 1 24,232 "77";
78 0 1 25,155 "78";
79 0 0 65,143 "79";
80 1 1 149,153 "80";
81 1 1 148,168 "81";
82 0 0 125,163 "82";
83 2 0 13,67 "83";
84 0 1 83,162 "84";
85 0 0 92,167 "85";
86 0 0 63,101 "86";
87 0 1 148,246 "87";
88 0 0 84,201 "88";
89 0 0 110,157 "89";
90 2 1 162,200 "90";
91 0 0 32,244 "91";
92 0 1 49,203 "92";
93 2 0 68,217 "93";
94 2 1 38,214 "94";
95 1 1 12,130 "95";
96 0 1 26,187 "96";
97 2 0 31,68 "97";
98 0 0 133,170 "98";
99 2 0 93,237 "99";
100 0 1 72,131 "100";
101 0 0 174,203 "101";
102 0 1 155,271 "102";
103 1 0 152,206 "103";
104 0 1 34,238 "104";
105 1 0 100,243 "105";
106 2 0 76,138 "106";
107 1 0 11,229 "107";
108 2 1 27,157 "108";
109 1 0 73,221 "109";
110 1 0 96,271 "110";
111 1 0 40,167 "111";
112 1 0 186,267 "112";
113 1 1 166,214 "113";
114 0 0 34,87 "114";
115 2 0 36,122 "115";
116 2 1 0,158 "116";
117 2 1 10,178 "117";
118 0 1 156,272 "118";
119 1 1 85,241 "119";
120 1 0 190,238 "120";
121 2 0 116,211 "121";
122 0 1 48,236 "122";
123 2 1 156,197 "123";
124 1 1 98,142 "124";
125 1 0 107,165 "125";
126 1 1 110,274 "126";
127 2 0 119,147 "127";
128 0 1 73,143 "128";
129 1 0 37,199 "129";
130 1 0 42,223 "130";
131 0 0 42,80 "131";
132 0 1 163,261 "132";
133 0 1 103,166 "133";
134 2 0 128,274 "134";
135 0 1 22,56 "135";
136 1 0 55,206 "136";
137 2 1 228,252 "137";
138 0 1 131,150 "138";
139 0 0 16,239 "139";
140 2 1 166,221 "140";
141 2 0 33,191 "141";
142 2 1 10,17 "142";
143 2 1 19,117 "143";
144 1 1 44,189 "144";
145 0 1 15,231 "145";
146 1 0 75,243 "146";
147 1 0 226,246 "147";
148 2 1 203,217 "148";
149 1 1 18,87 "149";
150 0 0 156,219 "150";
151 1 0 24,122 "151";
152 2 1 33,109 "152";
153 0 0 1,173 "153";
154 1 0 58,265 "154";
155 0 1 83,142 "155";
156 1 1 106,166 "156";
157 1 1 202,209 "157";
158 2 0 4,254 "158";
159 2 1 90,140 "159";
160 1 0 8,13 "160";
161 2 1 27,269 "161";
162 0 1 160,223 "162";
163 2 0 42,138 "163";
164 1 1 13,151 "164";
165 0 0 83,85 "165";
166 2 1 149,235 "166";
167 2 0 67,101 "167";
168 2 0 24,175 "168";
169 2 1 33,142 "169";
170 2 0 28,153 "170";
171 1 0 31,157 "171";
172 0 1 15,262 "172";
173 2 1 15,158 "173";
174 0 0 151,218 "174";
175 0 0 76,120 "175";
176 1 0 74,113 "176";
177 0 1 32,90 "177";
178 2 1 115,116 "178";
179 0 1 26,183 "179";
180 2 0 20,68 "180";
181 1 0 164,232 "181";
182 2 1 105,238 "182";
183 0 1 12,176 "183";
184 2 0 66,150 "184";
185 1 0 78,114 "185";
186 1 0 177,188 "186";
187 0 1 5,218 "187";
188 1 0 107,270 "188";
189 1 0 8,228 "189";
190 2 1 57,177 "190";
191 0 0 34,39 "191";
192 2 1 4,132 "192";
193 2 0 48,240 "193";
194 2 1 90,120 "194";
195 2 0 10,232 "195";
196 2 1 16,238 "196";
197 0 0 160,163 "197";
198 2 0 72,250 "198";
199 1 0 11,170 "199";
200 2 1 43,129 "200";
201 0 0 134,225 "201";
202 0 0 226,272 "202";
203 1 0 166,230 "203";
204 0 0 77,234 "204";
205 1 0 66,152 "205";
206 0 1 112,139 "206";
207 0 0 86,218 "207";
208 2 0 17,113 "208";
209 1 1 184,238 "209";
210 2 1 184,248 "210";
211 1 0 15,131 "211";
212 0 1 62,91 "212";
213 1 0 83,215 "213";
214 2 0 88,184 "214";
215 1 0 126,144 "215";
216 0 0 109,252 "216";
217 0 1 89,268 "217";
218 0 1 10,177 "218";
219 0 1 195,202 "219";
220 1 1 241,262 "220";
221 0 0 99,207 "221";
222 2 1 188,241 "222";
223 0 1 50,56 "223";
224 1 1 119,160 "224";
225 0 1 76,112 "225";
226 1 1 46,163 "226";
227 1 1 119,243 "227";
228 0 0 92,214 "228";
229 2 1 162,180 "229";
230 2 1 211,252 "230";
231 0 1 32,64 "231";
232 2 1 197,226 "232";
233 0 0 58,144 "233";
234 1 1 83,176 "234";
235 0 1 1,76 "235";
236 0 0 205,260 "236";
237 1 1 14,42 "237";
238 2 1 71,172 "238";
239 2 0 218,273 "239";
240 1 1 64,144 "240";
241 1 0 52,149 "241";
242 0 0 20,205 "242";
243 1 0 164,175 "243";
244 2 1 114,252 "244";
245 1 0 212,238 "245";
246 1 1 144,194 "246";
247 1 1 69,199 "247";
248 2 0 34,140 "248";
249 0 1 19,172 "249";
250 2 0 48,147 "250";
251 1 1 170,213 "251";
252 0 0 23,182 "252";
253 1 0 129,187 "253";
254 0 0 27,41 "254";
255 0 1 212,271 "255";
256 1 0 110,181 "256";
257 2 0 41,111 "257";
258 2 0 28,178 "258";
259 0 0 156,242 "259";
260 1 0 198,244 "260";
261 2 1 118,262 "261";
262 0 1 77,120 "262";
263 1 0 18,256 "263";
264 0 0 109,243 "264";
265 1 0 108,218 "265";
266 2 1 175,197 "266";
267 0 0 157,229 "267";
268 1 0 54,167 "268";
269 1 0 10,259 "269";
270 2 1 32,266 "270";
271 1 0 225,243 "271";
272 2 0 108,120 "272";
273 0 1 133,213 "273";
274 2 0 86,185 "274";
