parity 289;
0 0 0 147,171 "0";
1 1 1 61,256 "1";
2 0 0 220,274 "2";
3 0 1 129,244 "3";
4 1 1 104,118 "4";
5 2 1 74,139 "5";
6 0 0 29,239 "6";
7 0 0 135,227 "7";
8 0 1 40,125 "8";
9 2 0 79,207 "9";
10 0 0 7,18 "10";
11 2 1 122,180 "11";
12 2 0 69,90 "12";
13 2 0 157,238 "13";
14 0 0 13,73 "14";
15 1 1 54,246 "15";
16 2 1 145,260 "16";
17 1 0 71,234 "17";
18 2 0 43,140 "18";
19 0 1 144,277 "19";
20 0 1 86,239 "20";
21 1 0 5,284 "21";
22 1 1 149,205 "22";
23 1 0 150,258 "23";
24 1 0 76,136 "24";
25 0 1 1,158 "25";
26 1 0 194,200 "26";
27 0 0 75,265 "27";
28 0 0 253,275 "28";
29 2 0 51,289 "29";
30 0 1 45,288 "30";
31 1 1 87,223 "31";
32 2 1 99,205 "32";
33 2 1 60,64 "33";
34 2 1 123,222 "34";
35 2 1 185,262 "35";
36 1 1 121,138 "36";
37 1 0 42,128 "37";
38 1 1 100,174 "38";
39 1 1 44,273 "39";
40 0 0 39,123 "40";
41 1 1 195,243 "41";
42 1 1 143,279 "42";
43 1 1 58,246 "43";
44 0 1 95,221 "44";
45 2 0 50,265 "45";
46 0 0 212,225 "46";
47 2 1 90,140 "47";
48 1 0 52,194 "48";
49 2 1 200,231 "49";
50 0 1 139,262 "50";
51 2 1 57,108 "51";
52 2 0 118,265 "52";
53 2 0 127,282 "53";
54 1 0 24,86 "54";
55 2 0 230,267 "55";
56 2 0 172,176 "56";
57 0 0 31,217 "57";
58 1 0 0,242 "58";
59 1 0 114,203 "59";
60 0 1 28,191 "60";
61 2 0 51,256 "61";
62 1 0 211,218 "62";
63 1 1 68,86 "63";
64 2 0 145,170 "64";
65 1 1 242,287 "65";
66 1 1 194,275 "66";
67 0 1 74,149 "67";
68 1 0 35,139 "68";
69 1 0 67,99 "69";
70 2 0 9,259 "70";
71 2 0 10,80 "71";
72 2 1 36,171 "72";
73 2 1 21,77 "73";
74 2 0 96,121 "74";
75 0 1 110,203 "75";
76 0 0 6,33 "76";
77 2 1 146,205 "77";
78 2 1 58,244 "78";
79 1 1 95,240 "79";
80 2 1 90,100 "80";
81 2 1 48,79 "81";
82 0 0 111,274 "82";
83 0 0 182,183 "83";
84 0 1 69,276 "84";
85 0 0 69,148 "85";
86 2 1 227,236 "86";
87 2 0 90,280 "87";
88 0 1 124,157 "88";
89 0 0 37,72 "89";
90 2 0 16,238 "90";
91 1 0 85,246 "91";
92 1 1 152,250 "92";
93 0 0 22,201 "93";
94 1 1 246,274 "94";
95 1 0 42,285 "95";
96 0 0 98,243 "96";
97 0 1 23,33 "97";
98 1 0 77,253 "98";
99 2 0 146,282 "99";
100 0 0 28,193 "100";
101 2 0 11,145 "101";
102 0 1 278,287 "102";
103 0 0 138,218 "103";
104 1 1 98,132 "104";
105 0 0 191,202 "105";
106 0 0 16,235 "106";
107 1 1 32,161 "107";
108 2 0 20,94 "108";
109 1 0 10,216 "109";
110 1 0 54,277 "110";
111 0 0 155,279 "111";
112 2 1 27,64 "112";
113 1 1 84,246 "113";
114 0 0 21,154 "114";
115 2 1 108,204 "115";
116 1 1 186,256 "116";
117 1 0 138,224 "117";
118 0 0 95,232 "118";
119 2 0 31,202 "119";
120 2 1 78,246 "120";
121 0 0 52,191 "121";
122 2 0 51,173 "122";
123 1 1 81,101 "123";
124 2 0 14,252 "124";
125 2 0 52,180 "125";
126 0 1 0,145 "126";
127 1 0 229,244 "127";
128 0 1 22,42 "128";
129 1 0 112,180 "129";
130 1 0 108,216 "130";
131 2 1 80,258 "131";
132 2 0 242,270 "132";
133 0 0 121,281 "133";
134 2 0 58,113 "134";
135 2 0 82,142 "135";
136 2 0 63,97 "136";
137 0 1 45,81 "137";
138 1 0 196,211 "138";
139 1 0 98,286 "139";
140 0 0 161,269 "140";
141 0 0 136,234 "141";
142 2 1 31,213 "142";
143 1 0 43,251 "143";
144 2 1 136,161 "144";
145 0 0 54,183 "145";
146 1 0 36,120 "146";
147 0 0 58,170 "147";
148 0 0 4,229 "148";
149 0 1 44,176 "149";
150 2 0 84,195 "150";
151 1 0 25,54 "151";
152 2 1 9,270 "152";
153 0 1 25,189 "153";
154 0 1 190,210 "154";
155 0 1 19,117 "155";
156 1 1 25,139 "156";
157 2 1 80,182 "157";
158 2 0 113,279 "158";
159 2 1 126,143 "159";
160 0 0 13,31 "160";
161 2 0 55,214 "161";
162 0 0 14,246 "162";
163 0 1 96,266 "163";
164 2 0 239,266 "164";
165 2 1 14,44 "165";
166 1 1 129,181 "166";
167 1 1 194,278 "167";
168 2 1 204,262 "168";
169 0 0 25,107 "169";
170 2 1 27,39 "170";
171 0 1 3,45 "171";
172 1 1 39,71 "172";
173 2 1 227,281 "173";
174 0 1 11,238 "174";
175 0 1 56,221 "175";
176 2 1 70,73 "176";
177 2 1 132,235 "177";
178 0 0 151,201 "178";
179 2 1 47,189 "179";
180 2 1 198,201 "180";
181 0 1 258,263 "181";
182 2 1 13,53 "182";
183 2 1 51,210 "183";
184 2 0 25,28 "184";
185 0 0 251,284 "185";
186 0 0 234,257 "186";
187 1 0 15,269 "187";
188 1 1 31,82 "188";
189 2 0 186,195 "189";
190 0 0 81,216 "190";
191 2 1 159,253 "191";
192 0 0 138,201 "192";
193 1 0 67,143 "193";
194 0 0 169,241 "194";
195 1 0 219,257 "195";
196 1 0 11,229 "196";
197 0 1 110,155 "197";
198 1 0 54,179 "198";
199 0 0 138,160 "199";
200 0 1 67,74 "200";
201 1 0 8,118 "201";
202 2 0 34,58 "202";
203 0 0 35,250 "203";
204 0 0 57,197 "204";
205 2 1 56,90 "205";
206 0 1 163,229 "206";
207 0 1 12,20 "207";
208 1 1 147,151 "208";
209 2 0 9,150 "209";
210 2 1 67,186 "210";
211 1 0 5,124 "211";
212 0 1 247,282 "212";
213 2 1 46,102 "213";
214 0 1 46,247 "214";
215 0 1 66,100 "215";
216 0 0 15,211 "216";
217 2 0 113,169 "217";
218 1 1 29,202 "218";
219 0 1 249,254 "219";
220 2 0 106,272 "220";
221 2 1 166,264 "221";
222 0 0 138,231 "222";
223 1 1 15,106 "223";
224 2 0 11,131 "224";
225 0 1 10,189 "225";
226 1 1 52,274 "226";
227 1 0 184,257 "227";
228 1 0 45,76 "228";
229 1 0 216,249 "229";
230 1 0 26,117 "230";
231 1 0 6,175 "231";
232 0 1 30,155 "232";
233 1 0 41,45 "233";
234 1 0 116,221 "234";
235 0 0 86,260 "235";
236 2 1 18,63 "236";
237 1 1 120,159 "237";
238 1 0 167,215 "238";
239 1 1 89,226 "239";
240 1 0 61,149 "240";
241 2 0 48,101 "241";
242 0 0 154,250 "242";
243 0 1 87,211 "243";
244 0 0 21,209 "244";
245 0 1 53,274 "245";
246 1 0 237,257 "246";
247 0 1 162,188 "247";
248 1 1 24,26 "248";
249 2 0 13,82 "249";
250 1 1 46,78 "250";
251 2 1 68,227 "251";
252 0 1 234,287 "252";
253 0 0 83,274 "253";
254 1 1 95,236 "254";
255 2 1 181,226 "255";
256 2 1 66,262 "256";
257 1 0 193,271 "257";
258 1 0 44,165 "258";
259 2 0 117,233 "259";
260 0 1 44,106 "260";
261 1 0 39,164 "261";
262 0 1 40,281 "262";
263 0 0 186,203 "263";
264 1 0 103,248 "264";
265 1 1 0,25 "265";
266 0 1 177,268 "266";
267 0 0 9,42 "267";
268 0 0 46,121 "268";
269 0 0 10,231 "269";
270 2 1 159,273 "270";
271 2 1 68,155 "271";
272 0 0 9,53 "272";
273 1 0 5,275 "273";
274 0 0 85,249 "274";
275 1 0 68,194 "275";
276 2 0 40,160 "276";
277 1 1 68,140 "277";
278 0 0 50,164 "278";
279 1 1 125,212 "279";
280 1 0 75,252 "280";
281 1 0 51,205 "281";
282 1 0 44,209 "282";
283 0 0 25,128 "283";
284 0 0 84,222 "284";
285 2 1 40,108 "285";
286 2 1 111,269 "286";
287 1 1 11,158 "287";
288 2 1 143,277 "288";
289 2 1 13,76 "289";
