parity 199;
0 1 1 117,168 "0";
1 2 0 114,115 "1";
2 2 0 5,74 "2";
3 0 0 50,158 "3";
4 0 0 76,159 "4";
5 0 0 143,169 "5";
6 0 0 61,120 "6";
7 1 1 5,148 "7";
8 0 0 52,181 "8";
9 0 1 30,91 "9";
10 1 0 44,73 "10";
11 1 1 86,125 "11";
12 1 0 127,133 "12";
13 0 1 51,81 "13";
14 0 1 95,102 "14";
15 2 1 55,166 "15";
16 0 1 36,87 "16";
17 1 1 125,185 "17";
18 2 0 32,156 "18";
19 1 0 61,81 "19";
20 0 1 6,125 "20";
21 2 0 34,127 "21";
22 1 0 20,46 "22";
23 0 1 139,157 "23";
24 2 0 28,106 "24";
25 0 1 6,181 "25";
26 1 0 71,149 "26";
27 1 0 18,23 "27";
28 0 1 30,175 "28";
29 0 1 103,171 "29";
30 2 0 91,187 "30";
31 2 0 29,137 "31";
32 2 0 173,190 "32";
33 0 0 141,156 "33";
34 1 0 30,180 "34";
35 0 1 8,103 "35";
36 2 0 78,171 "36";
37 0 1 7,174 "37";
38 0 0 8,196 "38";
39 1 1 30,85 "39";
40 2 1 50,160 "40";
41 1 0 75,90 "41";
42 0 1 6,85 "42";
43 0 1 30,48 "43";
44 2 0 36,144 "44";
45 0 1 61,104 "45";
46 1 0 67,121 "46";
47 0 0 45,116 "47";
48 1 1 22,92 "48";
49 2 0 29,138 "49";
50 1 1 126,135 "50";
51 2 1 52,68 "51";
52 0 0 108,139 "52";
53 2 0 121,182 "53";
54 1 1 40,70 "54";
55 2 0 164,182 "55";
56 2 0 92,195 "56";
57 1 1 32,167 "57";
58 0 1 69,84 "58";
59 1 1 18,172 "59";
60 0 0 1,78 "60";
61 2 0 100,109 "61";
62 2 0 143,173 "62";
63 2 0 96,174 "63";
64 2 0 144,190 "64";
65 0 1 155,186 "65";
66 2 0 34,166 "66";
67 2 1 137,194 "67";
68 2 1 104,175 "68";
69 2 1 20,79 "69";
70 2 1 116,141 "70";
71 0 0 32,158 "71";
72 2 0 41,86 "72";
73 0 0 14,82 "73";
74 2 1 0,149 "74";
75 0 1 109,116 "75";
76 2 0 126,165 "76";
77 0 0 22,70 "77";
78 1 0 48,80 "78";
79 2 1 118,147 "79";
80 1 0 77,120 "80";
81 2 1 67,131 "81";
82 1 1 96,176 "82";
83 1 0 10,130 "83";
84 2 0 2,29 "84";
85 0 0 179,194 "85";
86 1 0 28,142 "86";
87 1 1 93,96 "87";
88 2 1 97,132 "88";
89 0 0 24,108 "89";
90 2 1 19,165 "90";
91 0 0 156,180 "91";
92 0 1 68,72 "92";
93 1 1 36,191 "93";
94 2 0 50,142 "94";
95 2 0 151,159 "95";
96 1 1 158,193 "96";
97 2 1 15,108 "97";
98 0 0 58,162 "98";
99 0 0 13,134 "99";
100 2 0 157,173 "100";
101 0 1 143,178 "101";
102 0 1 36,150 "102";
103 0 1 92,186 "103";
104 2 1 139,149 "104";
105 1 0 44,54 "105";
106 1 0 124,142 "106";
107 1 1 94,102 "107";
108 0 1 42,137 "108";
109 2 0 54,192 "109";
110 2 1 72,198 "110";
111 1 1 100,132 "111";
112 0 0 18,185 "112";
113 1 0 22,45 "113";
114 1 1 93,123 "114";
115 1 1 3,141 "115";
116 0 0 51,62 "116";
117 1 0 73,155 "117";
118 1 1 132,186 "118";
119 0 1 44,65 "119";
120 2 1 47,84 "120";
121 0 0 32,175 "121";
122 1 0 61,140 "122";
123 0 1 55,92 "123";
124 2 0 2,76 "124";
125 0 1 65,86 "125";
126 1 0 120,123 "126";
127 0 1 4,183 "127";
128 0 1 68,193 "128";
129 1 0 41,96 "129";
130 0 0 35,67 "130";
131 2 0 133,147 "131";
132 0 0 158,195 "132";
133 0 1 65,182 "133";
134 2 0 160,173 "134";
135 0 1 112,172 "135";
136 1 1 100,180 "136";
137 2 0 69,107 "137";
138 1 0 16,142 "138";
139 1 0 56,175 "139";
140 2 1 20,113 "140";
141 1 0 52,79 "141";
142 1 0 12,46 "142";
143 2 1 1,10 "143";
144 2 1 81,108 "144";
145 2 1 105,116 "145";
146 1 1 65,91 "146";
147 1 1 51,53 "147";
148 0 0 14,66 "148";
149 2 1 49,116 "149";
150 2 1 37,182 "150";
151 2 0 19,61 "151";
152 1 0 124,144 "152";
153 0 0 39,64 "153";
154 1 1 53,67 "154";
155 0 0 96,131 "155";
156 1 1 51,153 "156";
157 0 0 50,66 "157";
158 0 0 138,178 "158";
159 2 1 151,162 "159";
160 1 1 2,195 "160";
161 1 1 107,113 "161";
162 2 0 140,170 "162";
163 0 0 10,121 "163";
164 1 0 101,163 "164";
165 0 0 76,127 "165";
166 2 0 44,92 "166";
167 1 1 121,160 "167";
168 0 0 19,91 "168";
169 0 0 64,198 "169";
170 2 0 115,175 "170";
171 0 1 34,79 "171";
172 2 0 56,119 "172";
173 2 1 1,92 "173";
174 2 0 29,57 "174";
175 2 0 31,166 "175";
176 0 1 82,102 "176";
177 2 0 85,126 "177";
178 0 1 92,179 "178";
179 2 1 91,99 "179";
180 0 1 44,55 "180";
181 1 1 138,147 "181";
182 0 0 60,163 "182";
183 2 1 141,198 "183";
184 1 0 31,84 "184";
185 1 1 127,151 "185";
186 1 0 109,170 "186";
187 2 1 139,140 "187";
188 2 0 101,189 "188";
189 1 0 75,137 "189";
190 0 0 5,23 "190";
191 1 0 104,187 "191";
192 1 0 17,47 "192";
193 1 1 1,6 "193";
194 1 0 71,143 "194";
195 0 1 21,136 "195";
196 0 1 32,101 "196";
197 1 0 65,98 "197";
198 2 0 114,186 "198";
199 0 1 92,166 "199";
