parity 214;
0 2 1 101,153 "0";
1 0 0 138,155 "1";
2 2 1 28,123 "2";
3 2 1 107,136 "3";
4 1 0 34,87 "4";
5 2 1 56,61 "5";
6 0 1 12,72 "6";
7 1 1 127,157 "7";
8 2 1 97,156 "8";
9 2 0 11,53 "9";
10 2 1 54,76 "10";
11 2 0 168,212 "11";
12 2 0 55,150 "12";
13 0 1 64,79 "13";
14 0 0 61,113 "14";
15 2 1 36,47 "15";
16 2 1 103,110 "16";
17 1 0 24,26 "17";
18 0 1 90,199 "18";
19 0 1 32,142 "19";
20 0 1 71,194 "20";
21 1 0 84,111 "21";
22 1 0 8,169 "22";
23 1 0 62,173 "23";
24 0 0 48,142 "24";
25 2 0 114,144 "25";
26 0 0 106,117 "26";
27 1 0 101,200 "27";
28 1 0 98,102 "28";
29 1 1 107,152 "29";
30 1 1 68,179 "30";
31 0 0 80,94 "31";
32 0 1 124,139 "32";
33 1 0 132,208 "33";
34 1 1 178,183 "34";
35 0 0 63,184 "35";
36 0 1 15,99 "36";
37 2 1 98,196 "37";
38 1 1 147,162 "38";
39 1 1 18,163 "39";
40 2 0 6,28 "40";
41 0 1 135,160 "41";
42 0 1 99,130 "42";
43 0 1 7,129 "43";
44 0 1 17,64 "44";
45 0 1 36,127 "45";
46 0 1 69,158 "46";
47 0 1 37,151 "47";
48 0 0 18,37 "48";
49 1 0 30,62 "49";
50 0 0 41,159 "50";
51 0 1 106,187 "51";
52 0 0 102,121 "52";
53 2 0 95,137 "53";
54 2 0 85,167 "54";
55 0 0 93,96 "55";
56 0 1 71,168 "56";
57 1 1 79,84 "57";
58 1 0 74,179 "58";
59 0 1 21,188 "59";
60 1 1 145,189 "60";
61 1 0 35,162 "61";
62 1 1 15,43 "62";
63 2 1 89,102 "63";
64 0 1 177,210 "64";
65 1 0 139,190 "65";
66 0 0 189,212 "66";
67 2 0 64,112 "67";
68 2 1 98,155 "68";
69 0 1 64,105 "69";
70 0 1 145,199 "70";
71 1 0 28,197 "71";
72 1 1 66,75 "72";
73 2 0 107,189 "73";
74 0 0 75,152 "74";
75 1 1 92,100 "75";
76 1 0 74,193 "76";
77 0 1 72,172 "77";
78 0 0 148,185 "78";
79 2 1 144,195 "79";
80 0 0 26,140 "80";
81 0 0 8,199 "81";
82 2 0 35,104 "82";
83 2 0 139,142 "83";
84 1 1 151,164 "84";
85 1 0 80,155 "85";
86 1 0 33,83 "86";
87 2 1 58,201 "87";
88 1 1 52,207 "88";
89 2 0 79,112 "89";
90 1 1 39,132 "90";
91 2 1 112,202 "91";
92 0 1 17,67 "92";
93 2 0 69,213 "93";
94 0 0 72,101 "94";
95 2 1 28,88 "95";
96 2 1 112,121 "96";
97 0 1 92,146 "97";
98 0 0 45,127 "98";
99 0 1 95,114 "99";
100 2 1 91,175 "100";
101 2 0 127,207 "101";
102 2 0 98,99 "102";
103 2 1 159,169 "103";
104 1 1 82,116 "104";
105 0 0 103,180 "105";
106 2 0 43,112 "106";
107 1 0 20,161 "107";
108 0 1 20,30 "108";
109 0 0 194,203 "109";
110 2 0 103,105 "110";
111 0 0 16,180 "111";
112 0 0 50,79 "112";
113 1 1 115,168 "113";
114 2 1 107,180 "114";
115 1 1 80,95 "115";
116 2 1 24,209 "116";
117 0 1 127,131 "117";
118 1 0 70,92 "118";
119 2 0 52,201 "119";
120 1 0 80,96 "120";
121 1 0 101,185 "121";
122 1 1 130,204 "122";
123 2 1 80,209 "123";
124 2 0 3,45 "124";
125 0 0 73,189 "125";
126 1 0 33,84 "126";
127 2 1 4,128 "127";
128 0 1 37,166 "128";
129 1 0 151,181 "129";
130 1 0 0,179 "130";
131 0 0 69,125 "131";
132 2 0 3,38 "132";
133 2 1 24,60 "133";
134 2 0 31,91 "134";
135 0 0 132,140 "135";
136 1 1 21,197 "136";
137 2 0 60,117 "137";
138 0 1 164,194 "138";
139 1 0 1,133 "139";
140 1 1 30,151 "140";
141 0 1 97,103 "141";
142 1 1 48,214 "142";
143 2 0 63,179 "143";
144 2 1 3,136 "144";
145 1 0 155,185 "145";
146 0 0 163,194 "146";
147 2 0 35,80 "147";
148 2 0 165,185 "148";
149 0 1 36,128 "149";
150 2 1 54,210 "150";
151 2 0 2,120 "151";
152 1 1 72,205 "152";
153 2 0 74,158 "153";
154 0 0 53,157 "154";
155 1 0 11,40 "155";
156 2 0 58,137 "156";
157 1 1 25,74 "157";
158 0 1 60,101 "158";
159 0 1 147,184 "159";
160 2 0 181,214 "160";
161 0 0 65,127 "161";
162 2 0 114,166 "162";
163 2 0 15,37 "163";
164 2 1 43,100 "164";
165 2 0 33,108 "165";
166 2 1 160,206 "166";
167 2 0 93,152 "167";
168 2 0 169,189 "168";
169 1 1 5,214 "169";
170 0 0 33,83 "170";
171 0 1 67,198 "171";
172 0 1 94,180 "172";
173 0 1 102,185 "173";
174 0 0 14,93 "174";
175 0 0 42,106 "175";
176 1 0 115,203 "176";
177 0 1 136,189 "177";
178 1 1 129,189 "178";
179 0 0 60,67 "179";
180 2 1 11,20 "180";
181 0 1 47,58 "181";
182 0 1 26,94 "182";
183 0 1 61,177 "183";
184 2 0 22,141 "184";
185 2 1 61,213 "185";
186 0 1 170,176 "186";
187 0 0 81,210 "187";
188 1 0 56,163 "188";
189 0 0 45,151 "189";
190 2 1 88,209 "190";
191 1 0 58,140 "191";
192 2 1 4,11 "192";
193 0 1 122,212 "193";
194 0 0 117,138 "194";
195 2 0 54,95 "195";
196 0 1 116,178 "196";
197 1 1 20,94 "197";
198 0 0 0,75 "198";
199 2 1 30,194 "199";
200 1 1 160,197 "200";
201 2 0 105,143 "201";
202 0 0 42,46 "202";
203 0 1 0,7 "203";
204 0 1 59,72 "204";
205 0 1 147,188 "205";
206 1 0 41,173 "206";
207 2 0 10,70 "207";
208 1 1 187,192 "208";
209 0 1 0,128 "209";
210 2 0 161,177 "210";
211 0 0 170,210 "211";
212 1 0 61,102 "212";
213 0 1 174,193 "213";
214 0 1 106,146 "214";
