parity 239;
0 1 1 15,127 "0";
1 2 0 55,219 "1";
2 2 0 36,134 "2";
3 1 1 22,177 "3";
4 1 1 85,233 "4";
5 0 0 37,47 "5";
6 1 0 89,181 "6";
7 1 1 13,129 "7";
8 1 1 16,80 "8";
9 0 1 41,191 "9";
10 0 1 197,201 "10";
11 2 1 107,152 "11";
12 0 1 143,164 "12";
13 0 1 2,146 "13";
14 0 0 100,138 "14";
15 1 1 199,211 "15";
16 1 1 169,229 "16";
17 2 0 92,239 "17";
18 2 1 226,239 "18";
19 0 1 17,48 "19";
20 0 0 113,206 "20";
21 0 0 96,151 "21";
22 0 1 96,157 "22";
23 0 0 75,143 "23";
24 1 0 80,222 "24";
25 1 1 82,191 "25";
26 1 1 43,177 "26";
27 1 0 15,161 "27";
28 1 1 8,130 "28";
29 0 0 62,70 "29";
30 1 0 11,175 "30";
31 0 1 64,202 "31";
32 0 1 74,199 "32";
33 1 0 182,192 "33";
34 2 0 206,232 "34";
35 1 1 148,164 "35";
36 1 0 93,130 "36";
37 2 0 18,139 "37";
38 0 1 145,214 "38";
39 0 1 35,127 "39";
40 0 1 33,229 "40";
41 1 1 33,158 "41";
42 1 1 128,175 "42";
43 2 0 71,93 "43";
44 1 0 97,161 "44";
45 2 1 2,115 "45";
46 1 0 0,118 "46";
47 1 1 145,186 "47";
48 2 1 8,66 "48";
49 1 0 44,172 "49";
50 2 1 46,123 "50";
51 2 1 103,187 "51";
52 2 1 33,141 "52";
53 2 1 110,209 "53";
54 2 0 92,193 "54";
55 0 0 28,131 "55";
56 1 1 112,125 "56";
57 0 0 64,155 "57";
58 1 0 14,87 "58";
59 2 0 118,179 "59";
60 1 1 52,173 "60";
61 0 1 112,231 "61";
62 0 0 150,176 "62";
63 2 0 69,188 "63";
64 1 0 74,223 "64";
65 0 1 205,214 "65";
66 0 1 16,230 "66";
67 0 0 50,73 "67";
68 2 1 5,175 "68";
69 2 0 154,217 "69";
70 0 1 127,138 "70";
71 1 1 146,153 "71";
72 1 1 20,103 "72";
73 2 0 6,222 "73";
74 2 1 128,161 "74";
75 1 1 135,160 "75";
76 2 1 103,127 "76";
77 1 0 87,105 "77";
78 2 1 1,7 "78";
79 2 1 94,117 "79";
80 2 1 10,110 "80";
81 1 1 46,129 "81";
82 0 1 207,225 "82";
83 0 0 18,125 "83";
84 0 0 42,223 "84";
85 0 0 67,158 "85";
86 2 1 4,47 "86";
87 2 1 118,231 "87";
88 1 0 41,90 "88";
89 2 0 113,200 "89";
90 0 0 143,159 "90";
91 0 1 77,152 "91";
92 1 1 28,39 "92";
93 2 0 85,153 "93";
94 2 0 58,102 "94";
95 0 0 31,121 "95";
96 1 1 22,61 "96";
97 1 0 42,156 "97";
98 0 1 9,30 "98";
99 2 1 1,212 "99";
100 1 0 18,165 "100";
101 1 1 38,173 "101";
102 0 1 59,100 "102";
103 1 1 70,113 "103";
104 2 1 30,155 "104";
105 0 1 49,73 "105";
106 1 0 195,232 "106";
107 0 1 30,169 "107";
108 2 1 163,215 "108";
109 0 1 76,193 "109";
110 1 1 153,156 "110";
111 0 0 3,157 "111";
112 2 1 30,174 "112";
113 0 0 65,183 "113";
114 0 0 169,184 "114";
115 1 1 18,159 "115";
116 0 1 23,162 "116";
117 1 1 47,160 "117";
118 1 1 37,73 "118";
119 0 0 157,158 "119";
120 1 1 195,198 "120";
121 1 0 8,109 "121";
122 0 0 115,202 "122";
123 1 0 125,168 "123";
124 0 1 85,139 "124";
125 1 0 22,235 "125";
126 1 1 95,116 "126";
127 2 1 1,170 "127";
128 2 1 40,164 "128";
129 2 1 142,205 "129";
130 1 1 149,179 "130";
131 1 1 99,126 "131";
132 0 1 204,216 "132";
133 2 0 45,203 "133";
134 1 0 100,188 "134";
135 2 0 209,216 "135";
136 0 1 121,172 "136";
137 0 0 178,216 "137";
138 1 0 80,181 "138";
139 0 0 200,209 "139";
140 0 1 39,88 "140";
141 0 1 148,186 "141";
142 1 1 86,184 "142";
143 2 1 53,144 "143";
144 1 0 103,143 "144";
145 1 1 47,62 "145";
146 0 1 15,16 "146";
147 0 0 52,78 "147";
148 2 0 62,229 "148";
149 2 0 133,178 "149";
150 0 0 8,186 "150";
151 2 0 134,225 "151";
152 1 0 48,99 "152";
153 1 1 21,205 "153";
154 1 1 67,74 "154";
155 0 1 16,196 "155";
156 1 1 147,183 "156";
157 2 1 16,176 "157";
158 0 0 36,187 "158";
159 2 1 6,203 "159";
160 2 1 174,208 "160";
161 2 0 80,139 "161";
162 0 1 43,157 "162";
163 1 0 114,145 "163";
164 0 1 99,143 "164";
165 2 0 9,22 "165";
166 2 1 86,191 "166";
167 1 1 23,133 "167";
168 2 0 92,132 "168";
169 0 0 3,117 "169";
170 1 1 62,180 "170";
171 2 0 18,229 "171";
172 0 1 134,226 "172";
173 2 0 31,112 "173";
174 1 0 121,183 "174";
175 2 1 99,146 "175";
176 0 0 62,189 "176";
177 2 0 143,233 "177";
178 1 1 93,193 "178";
179 0 1 59,174 "179";
180 0 1 173,187 "180";
181 2 0 161,208 "181";
182 0 1 51,193 "182";
183 0 0 89,154 "183";
184 0 1 0,115 "184";
185 0 1 116,183 "185";
186 0 0 92,173 "186";
187 2 1 56,92 "187";
188 1 1 96,116 "188";
189 0 0 51,183 "189";
190 0 1 173,204 "190";
191 0 1 18,118 "191";
192 1 0 31,53 "192";
193 0 0 43,93 "193";
194 2 0 30,107 "194";
195 0 1 51,84 "195";
196 2 0 80,172 "196";
197 0 1 46,164 "197";
198 0 0 20,144 "198";
199 1 0 73,125 "199";
200 0 0 188,226 "200";
201 2 0 163,193 "201";
202 2 1 50,59 "202";
203 1 0 183,195 "203";
204 0 1 50,239 "204";
205 2 0 39,90 "205";
206 2 1 1,237 "206";
207 0 0 139,180 "207";
208 1 1 6,105 "208";
209 1 0 88,100 "209";
210 1 1 174,238 "210";
211 1 1 11,220 "211";
212 0 1 189,203 "212";
213 0 0 69,126 "213";
214 1 0 122,137 "214";
215 1 1 45,99 "215";
216 2 0 13,38 "216";
217 2 0 28,156 "217";
218 0 1 143,199 "218";
219 2 0 13,174 "219";
220 2 0 123,147 "220";
221 2 1 55,220 "221";
222 1 0 24,198 "222";
223 1 0 22,218 "223";
224 1 1 85,160 "224";
225 1 1 74,86 "225";
226 0 1 157,186 "226";
227 0 1 28,78 "227";
228 1 0 114,159 "228";
229 2 0 29,102 "229";
230 0 1 13,31 "230";
231 0 1 220,226 "231";
232 2 0 158,167 "232";
233 1 0 37,194 "233";
234 0 0 73,111 "234";
235 0 0 114,153 "235";
236 1 1 98,146 "236";
237 0 1 53,81 "237";
238 0 1 111,123 "238";
239 1 1 5,158 "239";
