parity 244;
0 0 0 38,43 "0";
1 1 0 79,242 "1";
2 1 1 47,221 "2";
3 2 1 18,244 "3";
4 0 1 73,180 "4";
5 0 0 75,151 "5";
6 1 1 123,183 "6";
7 2 1 68,120 "7";
8 2 0 24,120 "8";
9 0 0 187,236 "9";
10 0 0 2,186 "10";
11 0 1 112,203 "11";
12 0 0 158,202 "12";
13 2 1 124,134 "13";
14 1 1 96,119 "14";
15 2 1 105,222 "15";
16 2 1 60,92 "16";
17 0 0 140,148 "17";
18 1 1 19,34 "18";
19 2 0 72,237 "19";
20 0 1 87,171 "20";
21 2 0 56,224 "21";
22 2 1 16,217 "22";
23 0 1 100,194 "23";
24 2 1 152,241 "24";
25 2 0 35,127 "25";
26 0 0 31,217 "26";
27 2 0 73,236 "27";
28 0 0 30,202 "28";
29 0 0 44,133 "29";
30 2 1 144,235 "30";
31 1 0 12,213 "31";
32 1 1 195,233 "32";
33 1 1 89,155 "33";
34 2 0 6,223 "34";
35 1 1 129,157 "35";
36 1 1 24,175 "36";
37 2 0 43,49 "37";
38 0 0 189,224 "38";
39 1 1 0,201 "39";
40 1 1 46,139 "40";
41 0 0 56,157 "41";
42 0 0 129,143 "42";
43 0 1 88,146 "43";
44 0 1 123,144 "44";
45 0 1 59,69 "45";
46 1 0 99,175 "46";
47 0 0 25,234 "47";
48 2 0 16,215 "48";
49 2 1 147,214 "49";
50 1 0 99,129 "50";
51 2 1 41,178 "51";
52 2 0 109,244 "52";
53 0 0 4,221 "53";
54 2 0 58,88 "54";
55 0 1 25,211 "55";
56 0 1 40,186 "56";
57 1 0 24,108 "57";
58 1 0 10,224 "58";
59 1 0 20,242 "59";
60 0 0 55,57 "60";
61 2 0 154,237 "61";
62 1 1 72,170 "62";
63 2 1 113,125 "63";
64 1 0 76,211 "64";
65 0 0 0,55 "65";
66 1 0 129,172 "66";
67 0 1 32,34 "67";
68 2 0 23,32 "68";
69 2 1 103,198 "69";
70 0 0 76,97 "70";
71 2 0 47,146 "71";
72 0 0 20,39 "72";
73 0 0 105,168 "73";
74 1 1 136,178 "74";
75 0 0 28,221 "75";
76 0 0 138,240 "76";
77 1 0 69,219 "77";
78 2 0 142,228 "78";
79 1 0 43,220 "79";
80 2 1 35,71 "80";
81 1 0 51,232 "81";
82 0 1 22,39 "82";
83 1 1 108,220 "83";
84 1 1 117,178 "84";
85 2 0 79,201 "85";
86 2 1 126,189 "86";
87 1 1 71,157 "87";
88 2 0 85,162 "88";
89 1 1 1,118 "89";
90 2 1 160,172 "90";
91 2 0 115,234 "91";
92 1 0 22,69 "92";
93 2 1 4,195 "93";
94 0 1 114,122 "94";
95 1 1 15,179 "95";
96 1 0 31,128 "96";
97 1 1 170,178 "97";
98 0 1 149,230 "98";
99 1 0 89,115 "99";
100 1 0 82,149 "100";
101 2 1 141,176 "101";
102 2 0 17,147 "102";
103 0 0 37,147 "103";
104 0 0 125,189 "104";
105 0 0 203,228 "105";
106 1 1 0,82 "106";
107 0 1 113,117 "107";
108 0 1 36,195 "108";
109 1 1 131,234 "109";
110 0 1 59,214 "110";
111 2 1 52,132 "111";
112 0 1 20,178 "112";
113 1 0 106,240 "113";
114 0 1 163,232 "114";
115 2 1 22,147 "115";
116 0 0 41,238 "116";
117 0 1 11,224 "117";
118 1 0 45,212 "118";
119 2 1 34,100 "119";
120 2 0 60,208 "120";
121 0 0 187,206 "121";
122 0 0 124,230 "122";
123 1 1 44,121 "123";
124 2 1 120,164 "124";
125 0 0 20,108 "125";
126 2 1 45,173 "126";
127 2 1 74,229 "127";
128 0 1 53,91 "128";
129 2 0 50,180 "129";
130 1 0 74,156 "130";
131 0 1 95,228 "131";
132 1 1 6,96 "132";
133 0 1 35,44 "133";
134 2 0 61,212 "134";
135 0 0 204,214 "135";
136 0 0 182,227 "136";
137 0 0 23,25 "137";
138 0 0 71,80 "138";
139 1 0 44,89 "139";
140 1 1 210,241 "140";
141 0 1 114,206 "141";
142 1 0 205,210 "142";
143 0 0 44,120 "143";
144 1 0 58,115 "144";
145 0 1 100,177 "145";
146 1 1 24,130 "146";
147 1 0 66,233 "147";
148 1 0 46,74 "148";
149 0 1 123,195 "149";
150 2 1 30,237 "150";
151 1 0 128,173 "151";
152 1 1 76,90 "152";
153 2 0 88,121 "153";
154 0 0 8,167 "154";
155 2 0 88,154 "155";
156 1 1 164,221 "156";
157 1 0 32,153 "157";
158 2 0 64,202 "158";
159 2 0 155,163 "159";
160 1 1 132,222 "160";
161 0 1 80,144 "161";
162 2 0 89,182 "162";
163 2 0 121,241 "163";
164 2 0 77,88 "164";
165 0 1 167,203 "165";
166 0 1 42,120 "166";
167 1 1 99,210 "167";
168 2 1 165,243 "168";
169 2 1 94,150 "169";
170 0 0 9,95 "170";
171 0 1 1,180 "171";
172 1 0 4,201 "172";
173 1 0 36,206 "173";
174 2 1 109,133 "174";
175 2 1 17,227 "175";
176 1 1 125,177 "176";
177 1 1 43,57 "177";
178 1 0 213,244 "178";
179 0 0 48,64 "179";
180 2 0 8,105 "180";
181 0 0 36,166 "181";
182 2 0 0,150 "182";
183 0 0 101,158 "183";
184 0 1 41,125 "184";
185 1 0 27,197 "185";
186 1 0 25,32 "186";
187 1 1 192,213 "187";
188 0 0 38,44 "188";
189 2 1 126,225 "189";
190 1 1 89,157 "190";
191 2 1 114,132 "191";
192 2 1 42,79 "192";
193 1 1 97,240 "193";
194 0 1 39,230 "194";
195 1 0 104,212 "195";
196 1 1 26,199 "196";
197 0 1 229,231 "197";
198 0 0 46,118 "198";
199 2 1 69,128 "199";
200 0 0 165,243 "200";
201 1 0 77,146 "201";
202 0 0 117,158 "202";
203 2 1 28,190 "203";
204 0 1 167,216 "204";
205 1 0 54,140 "205";
206 1 1 52,103 "206";
207 0 1 120,225 "207";
208 1 0 8,192 "208";
209 0 1 77,82 "209";
210 2 0 140,195 "210";
211 1 0 147,151 "211";
212 0 1 156,198 "212";
213 1 1 32,228 "213";
214 0 1 63,126 "214";
215 2 0 33,138 "215";
216 0 1 94,130 "216";
217 1 1 95,232 "217";
218 1 1 122,193 "218";
219 0 1 69,179 "219";
220 1 0 144,196 "220";
221 1 1 39,174 "221";
222 1 0 85,126 "222";
223 1 1 30,219 "223";
224 0 1 1,176 "224";
225 2 0 45,61 "225";
226 1 1 89,98 "226";
227 1 0 133,147 "227";
228 1 1 26,156 "228";
229 1 0 97,184 "229";
230 2 1 70,236 "230";
231 1 0 35,123 "231";
232 2 0 55,117 "232";
233 2 1 28,238 "233";
234 1 1 80,186 "234";
235 0 1 204,218 "235";
236 1 1 140,169 "236";
237 1 1 57,244 "237";
238 0 0 34,157 "238";
239 2 0 19,93 "239";
240 2 0 56,178 "240";
241 1 0 133,163 "241";
242 2 1 25,204 "242";
243 0 0 21,205 "243";
244 2 1 30,122 "244";
