parity 244;
0 1 0 194,218 "0";
1 0 1 189,229 "1";
2 0 0 150,159 "2";
3 1 1 37,204 "3";
4 2 1 163,199 "4";
5 2 1 0,90 "5";
6 0 1 139,169 "6";
7 1 0 44,213 "7";
8 1 0 71,236 "8";
9 1 1 96,196 "9";
10 2 0 1,108 "10";
11 0 1 39,87 "11";
12 2 0 122,203 "12";
13 2 1 207,209 "13";
14 2 0 131,195 "14";
15 0 1 14,30 "15";
16 2 0 23,197 "16";
17 2 1 4,71 "17";
18 1 0 127,166 "18";
19 1 1 35,72 "19";
20 2 1 171,241 "20";
21 2 0 30,164 "21";
22 0 1 38,151 "22";
23 2 1 133,207 "23";
24 1 0 90,223 "24";
25 0 1 110,149 "25";
26 1 1 10,58 "26";
27 2 1 14,116 "27";
28 2 0 107,215 "28";
29 0 0 16,144 "29";
30 2 1 12,128 "30";
31 0 1 164,229 "31";
32 0 1 175,217 "32";
33 1 1 164,239 "33";
34 2 1 21,44 "34";
35 0 1 179,196 "35";
36 0 0 74,83 "36";
37 2 1 0,85 "37";
38 1 1 87,197 "38";
39 1 0 190,193 "39";
40 2 0 160,186 "40";
41 1 1 36,100 "41";
42 0 0 83,129 "42";
43 2 1 115,176 "43";
44 2 0 25,117 "44";
45 1 1 59,202 "45";
46 2 1 176,201 "46";
47 1 1 133,181 "47";
48 1 1 93,212 "48";
49 2 0 46,147 "49";
50 0 0 61,86 "50";
51 1 1 204,232 "51";
52 0 0 88,213 "52";
53 0 0 24,62 "53";
54 1 0 113,184 "54";
55 0 1 107,213 "55";
56 1 1 147,233 "56";
57 0 1 5,242 "57";
58 0 1 72,114 "58";
59 0 1 58,82 "59";
60 1 1 214,230 "60";
61 1 1 118,210 "61";
62 2 0 123,135 "62";
63 1 0 13,55 "63";
64 0 1 62,133 "64";
65 1 1 16,134 "65";
66 1 0 77,96 "66";
67 2 0 143,198 "67";
68 1 1 128,180 "68";
69 0 1 60,216 "69";
70 0 1 143,235 "70";
71 0 0 64,208 "71";
72 1 1 87,213 "72";
73 0 0 32,191 "73";
74 0 1 20,80 "74";
75 0 1 24,38 "75";
76 2 1 6,217 "76";
77 0 1 141,182 "77";
78 0 1 39,49 "78";
79 0 1 73,151 "79";
80 1 0 92,236 "80";
81 0 1 12,124 "81";
82 1 1 8,180 "82";
83 0 1 17,150 "83";
84 1 0 28,171 "84";
85 0 1 73,150 "85";
86 1 1 129,233 "86";
87 2 0 129,177 "87";
88 2 1 123,150 "88";
89 2 0 9,147 "89";
90 2 0 191,242 "90";
91 2 0 209,230 "91";
92 0 0 0,181 "92";
93 2 0 175,201 "93";
94 2 1 117,184 "94";
95 2 0 4,25 "95";
96 0 1 70,183 "96";
97 1 1 155,184 "97";
98 2 1 154,211 "98";
99 2 1 162,170 "99";
100 2 1 29,175 "100";
101 1 1 195,238 "101";
102 0 0 167,200 "102";
103 0 1 155,170 "103";
104 2 1 11,36 "104";
105 1 1 34,204 "105";
106 2 0 49,54 "106";
107 0 0 57,154 "107";
108 0 1 138,167 "108";
109 1 1 108,169 "109";
110 2 1 126,205 "110";
111 2 0 110,134 "111";
112 2 0 89,206 "112";
113 0 1 69,86 "113";
114 0 0 76,243 "114";
115 0 0 120,228 "115";
116 2 0 5,236 "116";
117 2 1 9,145 "117";
118 1 1 26,204 "118";
119 2 0 68,89 "119";
120 1 1 19,167 "120";
121 1 0 1,33 "121";
122 0 1 104,214 "122";
123 2 0 56,79 "123";
124 2 0 151,186 "124";
125 0 1 10,239 "125";
126 0 1 208,229 "126";
127 2 1 95,141 "127";
128 0 0 203,244 "128";
129 1 0 104,173 "129";
130 2 1 48,220 "130";
131 0 1 77,161 "131";
132 2 1 237,241 "132";
133 0 0 89,199 "133";
134 0 0 25,78 "134";
135 1 1 59,113 "135";
136 1 1 58,128 "136";
137 1 0 102,152 "137";
138 1 1 88,157 "138";
139 1 1 48,226 "139";
140 2 1 129,145 "140";
141 0 0 34,87 "141";
142 1 0 132,185 "142";
143 0 1 188,201 "143";
144 2 0 122,200 "144";
145 0 1 23,149 "145";
146 0 1 12,86 "146";
147 2 0 118,235 "147";
148 2 0 24,91 "148";
149 2 0 44,155 "149";
150 2 1 66,172 "150";
151 0 1 128,154 "151";
152 1 0 185,210 "152";
153 1 1 7,109 "153";
154 0 1 3,213 "154";
155 1 1 171,199 "155";
156 2 1 59,212 "156";
157 2 1 190,231 "157";
158 2 0 175,195 "158";
159 2 1 9,45 "159";
160 2 1 116,137 "160";
161 2 1 97,226 "161";
162 2 1 0,120 "162";
163 1 0 0,81 "163";
164 2 1 46,93 "164";
165 0 0 68,222 "165";
166 1 1 70,236 "166";
167 1 0 40,85 "167";
168 2 0 9,76 "168";
169 0 0 71,101 "169";
170 0 1 86,227 "170";
171 0 1 128,206 "171";
172 2 0 88,239 "172";
173 1 0 49,211 "173";
174 1 0 9,67 "174";
175 0 1 59,208 "175";
176 0 0 59,153 "176";
177 1 1 44,127 "177";
178 2 0 33,124 "178";
179 0 1 41,148 "179";
180 0 0 166,221 "180";
181 2 1 35,42 "181";
182 1 0 20,171 "182";
183 0 1 60,86 "183";
184 1 0 123,172 "184";
185 2 0 156,216 "185";
186 1 1 30,183 "186";
187 2 1 116,189 "187";
188 0 0 144,216 "188";
189 0 1 54,119 "189";
190 0 0 10,122 "190";
191 2 0 203,228 "191";
192 2 0 73,161 "192";
193 0 0 79,227 "193";
194 1 1 50,181 "194";
195 0 1 46,220 "195";
196 0 0 30,35 "196";
197 2 1 204,232 "197";
198 2 1 7,18 "198";
199 0 1 139,200 "199";
200 0 1 161,236 "200";
201 2 1 22,230 "201";
202 1 1 13,230 "202";
203 2 1 54,211 "203";
204 2 1 78,131 "204";
205 2 1 94,194 "205";
206 1 0 53,64 "206";
207 2 0 145,233 "207";
208 0 0 131,217 "208";
209 1 0 3,161 "209";
210 1 0 22,116 "210";
211 1 0 60,185 "211";
212 2 1 137,194 "212";
213 0 1 1,210 "213";
214 2 0 64,98 "214";
215 1 1 81,123 "215";
216 0 0 116,200 "216";
217 2 0 27,114 "217";
218 2 1 82,185 "218";
219 1 0 27,34 "219";
220 1 1 24,71 "220";
221 2 0 202,239 "221";
222 0 0 228,231 "222";
223 1 0 135,165 "223";
224 0 1 131,173 "224";
225 0 1 26,220 "225";
226 0 1 106,195 "226";
227 0 1 67,165 "227";
228 2 1 186,203 "228";
229 0 0 76,207 "229";
230 1 1 4,93 "230";
231 1 1 43,97 "231";
232 2 0 11,190 "232";
233 1 0 33,54 "233";
234 1 0 125,213 "234";
235 2 0 135,185 "235";
236 1 1 23,69 "236";
237 2 1 3,84 "237";
238 1 1 40,176 "238";
239 0 0 219,227 "239";
240 1 0 116,202 "240";
241 2 1 34,187 "241";
242 1 1 146,209 "242";
243 1 0 121,193 "243";
244 2 1 93,222 "244";
