parity 209;
0 2 0 28,138 "0";
1 2 1 127,186 "1";
2 1 0 85,208 "2";
3 2 0 13,202 "3";
4 0 1 161,202 "4";
5 0 0 84,161 "5";
6 1 1 101,168 "6";
7 0 0 51,194 "7";
8 2 1 94,169 "8";
9 0 0 20,66 "9";
10 2 1 5,59 "10";
11 1 1 88,166 "11";
12 1 1 63,86 "12";
13 2 0 71,146 "13";
14 0 1 86,104 "14";
15 1 0 17,161 "15";
16 0 1 141,192 "16";
17 0 0 57,197 "17";
18 2 0 47,171 "18";
19 0 1 95,105 "19";
20 0 1 58,182 "20";
21 1 1 165,192 "21";
22 0 1 5,45 "22";
23 2 1 7,163 "23";
24 1 0 176,186 "24";
25 1 0 91,117 "25";
26 2 1 133,204 "26";
27 2 1 117,124 "27";
28 2 1 36,39 "28";
29 0 1 71,209 "29";
30 2 0 15,71 "30";
31 1 0 84,182 "31";
32 2 1 82,96 "32";
33 2 1 19,59 "33";
34 1 0 45,209 "34";
35 0 1 38,109 "35";
36 0 1 121,198 "36";
37 2 0 41,129 "37";
38 0 1 140,142 "38";
39 1 0 55,99 "39";
40 0 1 4,144 "40";
41 0 1 70,124 "41";
42 1 0 72,111 "42";
43 1 1 13,70 "43";
44 2 0 6,135 "44";
45 1 0 80,143 "45";
46 0 1 41,52 "46";
47 2 1 150,191 "47";
48 2 1 150,157 "48";
49 2 0 16,209 "49";
50 2 1 144,206 "50";
51 1 0 83,159 "51";
52 1 0 173,205 "52";
53 1 1 12,129 "53";
54 0 0 8,106 "54";
55 0 1 150,207 "55";
56 2 0 12,77 "56";
57 0 0 60,134 "57";
58 1 1 23,122 "58";
59 2 1 7,70 "59";
60 1 0 7,161 "60";
61 1 0 64,139 "61";
62 0 0 55,170 "62";
63 0 1 96,98 "63";
64 0 1 161,181 "64";
65 1 0 47,126 "65";
66 0 0 36,109 "66";
67 2 1 76,150 "67";
68 0 0 53,116 "68";
69 1 1 7,171 "69";
70 1 0 25,166 "70";
71 0 1 67,195 "71";
72 0 0 36,144 "72";
73 2 1 15,45 "73";
74 1 1 56,87 "74";
75 1 0 18,78 "75";
76 2 0 72,94 "76";
77 0 1 21,81 "77";
78 1 1 71,155 "78";
79 2 0 49,66 "79";
80 2 0 63,113 "80";
81 1 0 84,120 "81";
82 0 1 154,161 "82";
83 0 1 33,52 "83";
84 2 0 51,140 "84";
85 0 0 70,86 "85";
86 0 1 48,189 "86";
87 0 0 92,110 "87";
88 0 0 24,112 "88";
89 2 0 4,188 "89";
90 0 1 132,205 "90";
91 1 0 83,179 "91";
92 0 1 131,168 "92";
93 1 0 60,205 "93";
94 0 1 4,76 "94";
95 2 0 55,142 "95";
96 1 1 149,203 "96";
97 2 0 9,93 "97";
98 0 0 13,77 "98";
99 1 1 74,108 "99";
100 2 1 39,128 "100";
101 2 0 30,72 "101";
102 1 1 23,93 "102";
103 1 1 76,177 "103";
104 2 1 7,194 "104";
105 1 1 85,196 "105";
106 0 0 94,145 "106";
107 2 0 121,169 "107";
108 0 1 185,209 "108";
109 2 1 25,80 "109";
110 2 0 90,96 "110";
111 2 0 113,121 "111";
112 2 0 6,130 "112";
113 0 0 144,189 "113";
114 2 1 110,147 "114";
115 2 0 6,87 "115";
116 0 1 117,203 "116";
117 2 0 3,6 "117";
118 0 0 23,141 "118";
119 0 0 99,129 "119";
120 1 1 171,193 "120";
121 1 0 32,156 "121";
122 1 0 71,106 "122";
123 1 1 4,10 "123";
124 2 1 74,197 "124";
125 0 0 29,209 "125";
126 2 0 5,71 "126";
127 1 1 62,128 "127";
128 1 1 12,120 "128";
129 2 1 27,80 "129";
130 0 0 86,173 "130";
131 2 0 105,166 "131";
132 0 1 38,199 "132";
133 2 0 23,51 "133";
134 0 1 64,144 "134";
135 2 0 89,165 "135";
136 0 0 116,202 "136";
137 1 1 126,171 "137";
138 2 1 21,197 "138";
139 1 0 24,208 "139";
140 2 1 44,171 "140";
141 0 1 154,187 "141";
142 2 0 107,159 "142";
143 1 0 81,101 "143";
144 0 1 38,45 "144";
145 1 1 24,109 "145";
146 1 1 69,172 "146";
147 0 1 81,104 "147";
148 0 0 5,69 "148";
149 0 1 68,206 "149";
150 2 0 36,49 "150";
151 0 1 69,144 "151";
152 1 0 109,148 "152";
153 0 1 52,78 "153";
154 0 0 105,156 "154";
155 0 1 103,186 "155";
156 0 1 53,73 "156";
157 0 0 4,191 "157";
158 0 0 6,127 "158";
159 1 0 18,82 "159";
160 1 0 138,159 "160";
161 2 0 97,140 "161";
162 0 1 58,95 "162";
163 2 0 128,192 "163";
164 2 1 58,130 "164";
165 0 1 53,124 "165";
166 1 1 50,83 "166";
167 1 0 93,171 "167";
168 0 0 21,35 "168";
169 1 0 108,140 "169";
170 2 0 146,149 "170";
171 0 1 3,173 "171";
172 2 0 13,31 "172";
173 1 0 151,181 "173";
174 1 0 55,86 "174";
175 2 1 146,199 "175";
176 1 1 28,209 "176";
177 0 0 13,40 "177";
178 1 1 28,201 "178";
179 2 1 68,150 "179";
180 0 1 24,100 "180";
181 2 1 84,115 "181";
182 2 0 111,176 "182";
183 1 1 104,198 "183";
184 1 1 115,203 "184";
185 1 1 89,98 "185";
186 0 0 150,158 "186";
187 0 1 51,114 "187";
188 0 1 38,61 "188";
189 0 1 20,32 "189";
190 0 0 23,143 "190";
191 1 0 145,198 "191";
192 2 0 156,171 "192";
193 1 1 18,153 "193";
194 0 1 26,141 "194";
195 2 0 45,136 "195";
196 2 1 112,137 "196";
197 1 0 48,95 "197";
198 2 1 37,207 "198";
199 0 1 4,149 "199";
200 0 1 107,206 "200";
201 0 1 58,124 "201";
202 0 0 60,168 "202";
203 1 0 10,90 "203";
204 0 0 13,200 "204";
205 2 1 174,203 "205";
206 1 1 32,68 "206";
207 0 0 106,184 "207";
208 0 0 151,198 "208";
209 1 1 16,23 "209";
