parity 244;
0 1 1 195,225 "0";
1 0 1 18,196 "1";
2 1 0 80,229 "2";
3 1 1 56,89 "3";
4 1 1 129,194 "4";
5 0 1 70,89 "5";
6 0 1 28,227 "6";
7 2 0 99,181 "7";
8 0 1 57,235 "8";
9 1 1 15,28 "9";
10 1 1 79,159 "10";
11 0 1 21,126 "11";
12 0 0 127,135 "12";
13 0 0 105,137 "13";
14 2 0 41,145 "14";
15 2 0 178,220 "15";
16 1 1 1,207 "16";
17 0 0 186,197 "17";
18 2 1 225,228 "18";
19 1 0 63,216 "19";
20 0 1 55,96 "20";
21 1 1 75,103 "21";
22 0 0 4,227 "22";
23 2 1 65,166 "23";
24 0 0 88,216 "24";
25 0 0 206,222 "25";
26 1 0 9,71 "26";
27 0 0 31,77 "27";
28 2 1 153,201 "28";
29 0 1 10,136 "29";
30 1 0 123,187 "30";
31 2 1 32,238 "31";
32 0 1 8,112 "32";
33 0 1 102,134 "33";
34 2 1 74,193 "34";
35 1 0 171,188 "35";
36 1 1 162,175 "36";
37 0 0 91,153 "37";
38 2 1 78,174 "38";
39 1 1 133,179 "39";
40 0 1 59,84 "40";
41 2 0 160,203 "41";
42 1 1 66,194 "42";
43 0 1 47,144 "43";
44 0 0 19,180 "44";
45 2 1 15,53 "45";
46 0 0 1,55 "46";
47 2 0 90,142 "47";
48 2 1 103,218 "48";
49 1 1 161,174 "49";
50 0 1 73,198 "50";
51 0 0 84,99 "51";
52 2 0 101,238 "52";
53 1 1 123,180 "53";
54 2 1 195,239 "54";
55 1 0 180,198 "55";
56 2 0 137,214 "56";
57 1 0 113,175 "57";
58 2 1 49,84 "58";
59 1 1 96,199 "59";
60 1 0 112,240 "60";
61 1 0 133,159 "61";
62 1 0 80,105 "62";
63 1 0 37,214 "63";
64 0 0 89,229 "64";
65 2 0 143,193 "65";
66 0 1 113,193 "66";
67 2 0 127,222 "67";
68 1 0 123,223 "68";
69 1 0 209,227 "69";
70 2 0 93,185 "70";
71 1 0 10,46 "71";
72 0 1 91,177 "72";
73 0 1 56,200 "73";
74 2 1 136,192 "74";
75 0 0 149,211 "75";
76 0 1 40,62 "76";
77 2 0 237,238 "77";
78 0 0 58,202 "78";
79 1 1 29,168 "79";
80 1 0 101,207 "80";
81 0 1 138,179 "81";
82 2 1 71,202 "82";
83 0 1 84,111 "83";
84 0 0 57,104 "84";
85 1 0 65,244 "85";
86 1 0 3,18 "86";
87 2 1 106,179 "87";
88 0 1 39,122 "88";
89 0 1 148,169 "89";
90 0 0 69,107 "90";
91 2 1 189,229 "91";
92 1 0 26,146 "92";
93 1 1 22,130 "93";
94 2 1 37,205 "94";
95 1 1 96,129 "95";
96 2 0 15,17 "96";
97 0 1 1,240 "97";
98 1 1 168,178 "98";
99 2 1 98,169 "99";
100 2 0 33,51 "100";
101 1 0 42,153 "101";
102 0 0 49,127 "102";
103 1 1 21,97 "103";
104 0 1 44,240 "104";
105 0 1 148,163 "105";
106 1 1 129,151 "106";
107 2 1 65,169 "107";
108 0 0 63,128 "108";
109 2 0 35,111 "109";
110 0 1 107,164 "110";
111 1 0 57,91 "111";
112 1 1 160,193 "112";
113 0 0 115,171 "113";
114 2 1 84,210 "114";
115 1 1 126,170 "115";
116 0 0 11,78 "116";
117 1 0 64,200 "117";
118 0 1 83,144 "118";
119 1 1 142,197 "119";
120 0 0 24,75 "120";
121 1 0 44,232 "121";
122 2 1 65,136 "122";
123 0 0 110,148 "123";
124 2 1 13,158 "124";
125 0 1 36,106 "125";
126 2 1 66,194 "126";
127 0 0 201,243 "127";
128 2 0 217,220 "128";
129 1 1 39,131 "129";
130 0 0 54,131 "130";
131 0 0 25,128 "131";
132 0 1 12,111 "132";
133 2 0 9,182 "133";
134 1 0 208,210 "134";
135 2 1 143,201 "135";
136 1 1 133,167 "136";
137 2 0 76,223 "137";
138 2 1 99,136 "138";
139 0 1 10,229 "139";
140 2 1 77,93 "140";
141 2 0 10,12 "141";
142 0 0 4,175 "142";
143 2 0 88,233 "143";
144 2 1 25,73 "144";
145 2 1 64,219 "145";
146 0 1 65,149 "146";
147 1 0 108,178 "147";
148 2 0 95,234 "148";
149 2 0 27,178 "149";
150 1 0 9,64 "150";
151 1 0 66,166 "151";
152 2 1 3,165 "152";
153 0 0 186,203 "153";
154 2 0 158,168 "154";
155 0 0 116,190 "155";
156 2 1 45,128 "156";
157 2 0 48,231 "157";
158 2 0 186,206 "158";
159 2 0 37,152 "159";
160 0 0 90,123 "160";
161 1 1 206,216 "161";
162 2 0 111,225 "162";
163 1 1 34,141 "163";
164 0 0 162,196 "164";
165 2 1 163,215 "165";
166 2 0 67,142 "166";
167 0 1 151,180 "167";
168 0 1 55,104 "168";
169 1 1 65,183 "169";
170 1 1 77,136 "170";
171 2 1 60,133 "171";
172 1 1 69,113 "172";
173 0 0 19,208 "173";
174 0 0 67,90 "174";
175 1 1 190,242 "175";
176 1 1 55,160 "176";
177 1 0 45,52 "177";
178 2 1 4,71 "178";
179 0 1 18,153 "179";
180 0 1 132,232 "180";
181 1 0 95,164 "181";
182 1 0 22,221 "182";
183 2 1 9,114 "183";
184 2 0 167,179 "184";
185 2 0 131,243 "185";
186 0 1 91,177 "186";
187 0 1 150,200 "187";
188 1 1 67,181 "188";
189 1 0 163,208 "189";
190 0 1 31,86 "190";
191 2 0 109,214 "191";
192 1 1 31,101 "192";
193 2 1 20,211 "193";
194 1 1 189,222 "194";
195 0 1 98,108 "195";
196 1 0 25,84 "196";
197 1 1 48,146 "197";
198 1 0 1,28 "198";
199 0 1 33,224 "199";
200 0 1 73,184 "200";
201 1 1 114,139 "201";
202 2 1 122,225 "202";
203 1 0 215,239 "203";
204 0 1 2,22 "204";
205 1 0 14,74 "205";
206 1 0 17,167 "206";
207 2 1 197,231 "207";
208 0 1 24,90 "208";
209 2 0 57,243 "209";
210 1 0 35,113 "210";
211 1 0 13,41 "211";
212 1 0 26,151 "212";
213 1 0 176,210 "213";
214 2 0 83,126 "214";
215 1 0 167,200 "215";
216 0 0 128,217 "216";
217 0 1 57,123 "217";
218 2 1 52,70 "218";
219 1 1 46,74 "219";
220 2 0 159,213 "220";
221 0 1 46,81 "221";
222 1 0 117,232 "222";
223 2 1 118,146 "223";
224 2 1 7,108 "224";
225 1 0 92,157 "225";
226 0 0 59,173 "226";
227 0 0 18,182 "227";
228 1 0 20,145 "228";
229 0 1 39,215 "229";
230 1 0 27,54 "230";
231 0 1 28,62 "231";
232 0 1 85,229 "232";
233 1 0 162,169 "233";
234 1 1 19,219 "234";
235 1 1 142,237 "235";
236 2 1 29,84 "236";
237 2 1 182,201 "237";
238 1 1 148,193 "238";
239 2 0 182,243 "239";
240 1 1 19,36 "240";
241 2 0 128,196 "241";
242 2 0 144,172 "242";
243 1 1 116,168 "243";
244 2 1 73,145 "244";
