parity 249;
0 2 0 107,161 "0";
1 2 0 137,156 "1";
2 0 1 28,97 "2";
3 0 0 62,241 "3";
4 1 0 39,49 "4";
5 1 0 150,234 "5";
6 0 1 51,139 "6";
7 1 1 215,226 "7";
8 0 1 18,152 "8";
9 0 0 131,243 "9";
10 2 1 32,141 "10";
11 1 1 59,81 "11";
12 1 0 44,159 "12";
13 2 1 155,243 "13";
14 2 1 142,178 "14";
15 0 0 41,180 "15";
16 1 1 149,236 "16";
17 0 1 130,177 "17";
18 1 0 134,148 "18";
19 2 0 96,141 "19";
20 1 1 59,81 "20";
21 2 1 38,86 "21";
22 1 1 45,195 "22";
23 0 1 96,188 "23";
24 2 0 108,212 "24";
25 1 0 140,206 "25";
26 2 0 29,89 "26";
27 2 0 220,234 "27";
28 0 1 43,160 "28";
29 0 0 132,198 "29";
30 1 1 70,93 "30";
31 2 1 198,228 "31";
32 1 0 34,236 "32";
33 1 1 173,233 "33";
34 1 1 97,196 "34";
35 2 0 121,240 "35";
36 2 1 48,71 "36";
37 1 1 33,136 "37";
38 2 1 54,220 "38";
39 0 0 144,184 "39";
40 2 0 99,112 "40";
41 0 1 56,191 "41";
42 0 0 18,99 "42";
43 1 1 84,169 "43";
44 1 1 36,108 "44";
45 2 1 109,241 "45";
46 2 0 57,92 "46";
47 1 0 66,104 "47";
48 1 1 20,132 "48";
49 1 0 54,207 "49";
50 1 0 40,209 "50";
51 2 1 31,220 "51";
52 2 1 31,106 "52";
53 1 0 51,175 "53";
54 0 1 142,157 "54";
55 1 0 155,243 "55";
56 0 1 153,168 "56";
57 1 0 88,201 "57";
58 1 1 175,211 "58";
59 0 0 23,236 "59";
60 0 1 111,164 "60";
61 1 1 99,164 "61";
62 0 1 91,229 "62";
63 0 0 142,200 "63";
64 1 0 12,247 "64";
65 0 0 101,143 "65";
66 0 0 104,138 "66";
67 1 1 16,101 "67";
68 1 0 34,46 "68";
69 1 1 67,157 "69";
70 0 0 43,238 "70";
71 0 0 3,15 "71";
72 0 0 42,51 "72";
73 0 1 90,159 "73";
74 2 0 243,245 "74";
75 0 1 168,178 "75";
76 0 0 22,154 "76";
77 0 0 74,185 "77";
78 0 1 26,54 "78";
79 2 1 124,127 "79";
80 0 0 14,30 "80";
81 0 1 165,218 "81";
82 0 0 4,176 "82";
83 2 0 63,203 "83";
84 2 1 35,212 "84";
85 0 1 89,215 "85";
86 0 0 55,151 "86";
87 2 0 59,90 "87";
88 2 0 0,1 "88";
89 2 0 90,164 "89";
90 0 1 127,207 "90";
91 0 0 153,244 "91";
92 0 0 107,221 "92";
93 2 0 63,205 "93";
94 2 0 68,171 "94";
95 0 0 92,225 "95";
96 2 1 13,91 "96";
97 2 0 53,111 "97";
98 1 1 24,196 "98";
99 1 1 95,205 "99";
100 2 1 85,159 "100";
101 2 1 51,103 "101";
102 1 1 52,147 "102";
103 0 1 48,246 "103";
104 2 0 41,56 "104";
105 2 1 16,179 "105";
106 0 1 146,201 "106";
107 0 0 32,98 "107";
108 2 0 119,200 "108";
109 1 1 189,192 "109";
110 2 0 72,214 "110";
111 1 1 6,55 "111";
112 2 0 20,199 "112";
113 0 1 150,187 "113";
114 0 1 163,168 "114";
115 2 0 198,245 "115";
116 2 1 88,226 "116";
117 0 1 152,194 "117";
118 0 0 57,231 "118";
119 0 1 103,249 "119";
120 0 1 74,105 "120";
121 0 1 130,230 "121";
122 1 1 30,99 "122";
123 0 1 164,182 "123";
124 2 0 204,208 "124";
125 0 0 13,167 "125";
126 2 0 9,38 "126";
127 0 0 36,161 "127";
128 2 1 47,219 "128";
129 1 0 64,113 "129";
130 0 1 26,151 "130";
131 0 0 117,160 "131";
132 0 0 139,150 "132";
133 1 1 158,174 "133";
134 2 0 156,229 "134";
135 1 0 239,248 "135";
136 0 0 34,69 "136";
137 0 1 164,173 "137";
138 1 0 153,235 "138";
139 0 0 142,177 "139";
140 1 1 19,145 "140";
141 2 1 24,62 "141";
142 2 0 75,155 "142";
143 0 1 29,144 "143";
144 2 1 110,208 "144";
145 2 1 122,205 "145";
146 1 1 58,102 "146";
147 2 0 4,96 "147";
148 2 0 125,208 "148";
149 2 1 14,161 "149";
150 2 0 67,194 "150";
151 1 1 108,224 "151";
152 2 0 8,51 "152";
153 2 1 77,159 "153";
154 1 1 104,123 "154";
155 2 1 21,109 "155";
156 0 0 34,208 "156";
157 0 1 170,211 "157";
158 1 0 103,249 "158";
159 0 1 35,133 "159";
160 2 1 118,202 "160";
161 0 1 176,182 "161";
162 0 1 181,218 "162";
163 2 1 135,221 "163";
164 1 0 124,158 "164";
165 1 0 223,229 "165";
166 1 1 122,223 "166";
167 2 1 185,216 "167";
168 0 1 178,180 "168";
169 2 1 61,208 "169";
170 2 1 47,161 "170";
171 1 1 65,161 "171";
172 0 0 49,165 "172";
173 2 1 84,123 "173";
174 2 0 117,138 "174";
175 2 0 31,187 "175";
176 0 0 118,239 "176";
177 2 0 133,200 "177";
178 0 0 34,131 "178";
179 0 1 51,208 "179";
180 2 0 95,221 "180";
181 1 0 192,193 "181";
182 1 0 20,185 "182";
183 2 1 144,249 "183";
184 0 1 118,198 "184";
185 2 1 43,229 "185";
186 1 1 118,157 "186";
187 2 1 60,181 "187";
188 0 1 41,122 "188";
189 1 1 57,244 "189";
190 2 1 164,249 "190";
191 2 1 42,197 "191";
192 2 0 29,172 "192";
193 2 0 2,245 "193";
194 1 0 8,79 "194";
195 1 1 104,144 "195";
196 0 0 35,209 "196";
197 0 1 103,111 "197";
198 2 0 71,173 "198";
199 1 0 121,124 "199";
200 1 1 72,180 "200";
201 2 0 71,202 "201";
202 1 0 60,78 "202";
203 0 1 124,140 "203";
204 0 1 99,136 "204";
205 0 1 51,130 "205";
206 2 1 7,43 "206";
207 0 1 22,160 "207";
208 2 0 131,228 "208";
209 0 1 131,164 "209";
210 0 1 55,191 "210";
211 1 0 18,92 "211";
212 1 0 18,47 "212";
213 0 1 6,68 "213";
214 1 0 85,182 "214";
215 1 0 207,236 "215";
216 1 1 126,153 "216";
217 0 0 60,225 "217";
218 0 1 145,149 "218";
219 2 1 101,138 "219";
220 0 0 96,223 "220";
221 2 1 99,118 "221";
222 1 0 191,218 "222";
223 2 0 21,235 "223";
224 0 0 100,216 "224";
225 2 1 81,187 "225";
226 1 0 77,208 "226";
227 2 0 3,229 "227";
228 2 1 3,154 "228";
229 0 0 98,230 "229";
230 2 0 27,239 "230";
231 1 0 56,146 "231";
232 0 0 172,195 "232";
233 1 1 54,165 "233";
234 0 1 103,175 "234";
235 2 0 71,196 "235";
236 2 0 54,182 "236";
237 2 1 34,232 "237";
238 1 0 1,176 "238";
239 0 1 25,180 "239";
240 0 0 95,202 "240";
241 1 1 28,137 "241";
242 0 1 22,200 "242";
243 2 1 196,244 "243";
244 2 0 133,181 "244";
245 1 0 105,191 "245";
246 0 1 10,198 "246";
247 1 0 69,84 "247";
248 1 0 5,113 "248";
249 1 0 86,138 "249";
