parity 284;
0 1 1 112,236 "0";
1 2 1 50,141 "1";
2 0 0 216,262 "2";
3 0 0 41,220 "3";
4 1 0 5,233 "4";
5 2 0 22,72 "5";
6 2 1 16,62 "6";
7 1 0 31,217 "7";
8 2 0 62,103 "8";
9 0 0 20,175 "9";
10 0 0 52,271 "10";
11 0 0 74,134 "11";
12 0 0 44,201 "12";
13 0 1 11,149 "13";
14 1 1 102,260 "14";
15 2 0 257,267 "15";
16 2 1 122,202 "16";
17 1 0 3,169 "17";
18 2 0 7,75 "18";
19 2 0 113,213 "19";
20 0 0 30,279 "20";
21 0 0 48,57 "21";
22 2 0 50,146 "22";
23 1 1 187,204 "23";
24 0 1 172,235 "24";
25 2 1 99,110 "25";
26 0 0 2,75 "26";
27 1 1 149,257 "27";
28 1 0 108,242 "28";
29 1 0 168,261 "29";
30 0 1 0,39 "30";
31 1 0 128,173 "31";
32 0 1 34,122 "32";
33 1 1 138,278 "33";
34 2 0 13,240 "34";
35 0 0 197,256 "35";
36 1 1 208,226 "36";
37 1 1 64,210 "37";
38 1 1 85,266 "38";
39 1 0 124,246 "39";
40 1 0 69,265 "40";
41 1 1 255,282 "41";
42 0 0 74,97 "42";
43 0 0 184,185 "43";
44 1 0 54,218 "44";
45 2 1 79,187 "45";
46 1 1 25,178 "46";
47 1 0 176,223 "47";
48 1 1 155,283 "48";
49 0 1 82,269 "49";
50 1 1 166,258 "50";
51 1 1 228,255 "51";
52 1 1 76,82 "52";
53 0 1 67,148 "53";
54 2 1 114,135 "54";
55 0 0 135,218 "55";
56 1 1 199,245 "56";
57 2 0 94,122 "57";
58 2 0 98,153 "58";
59 2 1 145,176 "59";
60 0 0 98,225 "60";
61 0 1 190,210 "61";
62 1 1 41,249 "62";
63 2 0 169,236 "63";
64 2 0 20,219 "64";
65 2 1 104,271 "65";
66 1 0 75,274 "66";
67 1 1 131,249 "67";
68 0 1 119,242 "68";
69 0 1 54,129 "69";
70 0 1 76,245 "70";
71 0 0 84,156 "71";
72 0 0 191,259 "72";
73 0 1 174,207 "73";
74 2 1 83,268 "74";
75 0 0 66,273 "75";
76 1 1 173,180 "76";
77 2 0 24,109 "77";
78 0 0 80,156 "78";
79 0 1 242,257 "79";
80 0 0 175,191 "80";
81 0 1 6,27 "81";
82 0 1 51,263 "82";
83 1 1 161,194 "83";
84 1 0 27,254 "84";
85 0 0 1,55 "85";
86 1 0 121,243 "86";
87 1 1 185,237 "87";
88 1 1 81,134 "88";
89 1 1 124,144 "89";
90 0 1 118,270 "90";
91 1 1 191,232 "91";
92 1 0 80,227 "92";
93 2 0 39,83 "93";
94 2 0 9,95 "94";
95 0 1 92,113 "95";
96 0 1 118,252 "96";
97 1 1 189,231 "97";
98 2 1 60,243 "98";
99 1 0 37,122 "99";
100 1 0 31,79 "100";
101 2 1 94,177 "101";
102 1 1 104,171 "102";
103 0 0 157,252 "103";
104 0 0 40,200 "104";
105 2 1 126,167 "105";
106 0 1 114,172 "106";
107 1 1 61,121 "107";
108 0 0 154,240 "108";
109 1 1 100,218 "109";
110 0 1 35,87 "110";
111 0 0 127,198 "111";
112 0 1 84,163 "112";
113 2 1 223,258 "113";
114 0 1 1,78 "114";
115 1 0 141,257 "115";
116 2 0 7,22 "116";
117 2 1 13,199 "117";
118 0 1 18,254 "118";
119 1 1 1,128 "119";
120 2 0 10,178 "120";
121 2 0 86,150 "121";
122 1 0 13,231 "122";
123 2 1 103,283 "123";
124 2 0 153,272 "124";
125 1 1 79,82 "125";
126 1 0 33,266 "126";
127 1 0 22,236 "127";
128 0 1 7,39 "128";
129 2 1 64,122 "129";
130 2 1 222,280 "130";
131 0 0 75,170 "131";
132 1 0 147,155 "132";
133 0 0 15,36 "133";
134 2 1 5,206 "134";
135 0 1 130,200 "135";
136 0 1 19,108 "136";
137 0 0 1,189 "137";
138 0 0 104,187 "138";
139 1 0 37,133 "139";
140 1 1 13,43 "140";
141 2 1 240,274 "141";
142 1 0 15,277 "142";
143 2 0 49,149 "143";
144 1 0 8,222 "144";
145 0 0 34,122 "145";
146 1 1 143,211 "146";
147 1 1 54,200 "147";
148 2 1 10,204 "148";
149 0 0 154,233 "149";
150 0 1 92,141 "150";
151 2 1 149,157 "151";
152 1 0 25,279 "152";
153 1 0 220,271 "153";
154 0 0 63,238 "154";
155 1 0 162,170 "155";
156 1 1 9,215 "156";
157 0 1 9,273 "157";
158 2 0 159,189 "158";
159 0 0 103,219 "159";
160 2 0 12,91 "160";
161 2 0 97,202 "161";
162 0 1 97,245 "162";
163 2 1 61,62 "163";
164 0 1 227,254 "164";
165 0 0 56,183 "165";
166 0 1 54,88 "166";
167 0 0 17,211 "167";
168 1 0 130,187 "168";
169 2 0 220,243 "169";
170 0 0 181,241 "170";
171 0 1 39,195 "171";
172 1 1 114,186 "172";
173 1 1 171,262 "173";
174 1 1 192,260 "174";
175 0 1 203,212 "175";
176 0 0 32,263 "176";
177 1 0 93,211 "177";
178 1 1 90,120 "178";
179 2 0 73,131 "179";
180 1 0 175,275 "180";
181 0 1 104,159 "181";
182 1 0 171,241 "182";
183 2 0 190,234 "183";
184 0 1 53,68 "184";
185 0 1 117,165 "185";
186 1 1 48,182 "186";
187 2 1 216,281 "187";
188 2 1 128,276 "188";
189 2 0 147,151 "189";
190 2 0 126,185 "190";
191 1 0 95,155 "191";
192 1 0 2,152 "192";
193 1 1 108,248 "193";
194 1 0 118,181 "194";
195 2 0 13,152 "195";
196 0 0 53,98 "196";
197 1 0 7,278 "197";
198 0 1 83,110 "198";
199 0 1 237,268 "199";
200 2 1 205,267 "200";
201 1 0 33,74 "201";
202 1 0 3,43 "202";
203 1 0 9,277 "203";
204 0 0 65,73 "204";
205 2 0 96,244 "205";
206 1 1 13,217 "206";
207 1 1 41,131 "207";
208 0 1 24,36 "208";
209 0 0 54,155 "209";
210 1 0 36,98 "210";
211 0 0 78,79 "211";
212 0 0 41,85 "212";
213 1 0 44,61 "213";
214 1 0 44,113 "214";
215 0 0 126,169 "215";
216 0 0 74,238 "216";
217 0 0 43,171 "217";
218 2 0 128,252 "218";
219 1 0 95,146 "219";
220 0 0 101,199 "220";
221 1 1 224,267 "221";
222 0 1 31,158 "222";
223 1 0 206,282 "223";
224 2 1 146,253 "224";
225 1 1 186,259 "225";
226 1 1 23,267 "226";
227 2 1 14,204 "227";
228 1 0 123,167 "228";
229 0 1 43,183 "229";
230 1 1 242,252 "230";
231 0 0 13,181 "231";
232 2 0 43,57 "232";
233 0 0 30,92 "233";
234 0 0 89,95 "234";
235 2 1 32,151 "235";
236 0 0 20,252 "236";
237 2 1 5,116 "237";
238 0 0 70,115 "238";
239 2 0 10,221 "239";
240 0 0 137,198 "240";
241 0 0 69,90 "241";
242 1 0 118,227 "242";
243 2 0 48,226 "243";
244 1 1 144,272 "244";
245 2 0 105,112 "245";
246 0 1 143,236 "246";
247 1 0 109,179 "247";
248 0 0 171,234 "248";
249 1 0 91,213 "249";
250 2 1 6,282 "250";
251 1 1 44,66 "251";
252 1 0 21,39 "252";
253 0 0 121,190 "253";
254 0 1 15,128 "254";
255 0 1 152,194 "255";
256 2 1 86,112 "256";
257 0 0 208,230 "257";
258 2 1 67,227 "258";
259 0 0 16,140 "259";
260 1 1 120,219 "260";
261 1 1 82,271 "261";
262 0 0 130,202 "262";
263 1 1 10,47 "263";
264 2 0 42,189 "264";
265 2 0 31,272 "265";
266 1 1 273,279 "266";
267 0 1 204,274 "267";
268 0 0 135,206 "268";
269 0 0 33,237 "269";
270 1 1 155,182 "270";
271 2 0 1,13 "271";
272 0 1 95,264 "272";
273 0 1 51,281 "273";
274 2 0 181,214 "274";
275 2 1 17,261 "275";
276 1 1 28,266 "276";
277 1 1 1,66 "277";
278 1 1 84,206 "278";
279 2 0 214,282 "279";
280 2 1 219,246 "280";
281 2 0 215,238 "281";
282 2 0 29,146 "282";
283 2 1 124,202 "283";
284 2 0 52,113 "284";
