parity 199;
0 2 0 59,82 "0";
1 2 1 66,122 "1";
2 0 1 33,50 "2";
3 1 1 85,137 "3";
4 0 1 30,127 "4";
5 1 0 65,103 "5";
6 0 0 54,170 "6";
7 0 1 142,187 "7";
8 0 1 6,55 "8";
9 0 1 78,151 "9";
10 0 0 137,194 "10";
11 1 0 19,161 "11";
12 1 1 174,186 "12";
13 1 0 65,91 "13";
14 1 1 85,139 "14";
15 0 0 79,129 "15";
16 0 0 52,60 "16";
17 0 1 121,188 "17";
18 1 0 167,173 "18";
19 2 0 127,170 "19";
20 2 0 135,163 "20";
21 2 0 66,79 "21";
22 0 0 0,112 "22";
23 1 1 168,195 "23";
24 1 1 58,101 "24";
25 1 1 66,72 "25";
26 1 1 14,171 "26";
27 2 1 30,37 "27";
28 0 1 87,189 "28";
29 2 1 41,156 "29";
30 0 1 115,169 "30";
31 0 1 132,164 "31";
32 2 0 96,136 "32";
33 1 1 140,145 "33";
34 1 1 16,184 "34";
35 2 1 13,75 "35";
36 0 0 159,181 "36";
37 1 0 164,178 "37";
38 0 1 30,49 "38";
39 1 0 31,182 "39";
40 1 1 155,167 "40";
41 2 0 43,193 "41";
42 0 0 20,93 "42";
43 1 0 104,199 "43";
44 0 1 36,88 "44";
45 0 0 65,192 "45";
46 1 1 88,180 "46";
47 2 0 31,174 "47";
48 2 1 117,198 "48";
49 2 0 73,135 "49";
50 0 0 68,190 "50";
51 1 1 147,175 "51";
52 1 0 29,74 "52";
53 2 0 78,124 "53";
54 0 0 99,117 "54";
55 1 0 31,60 "55";
56 0 1 153,193 "56";
57 0 1 53,78 "57";
58 1 1 3,146 "58";
59 0 1 19,175 "59";
60 1 1 33,188 "60";
61 0 0 184,198 "61";
62 2 1 28,141 "62";
63 2 1 5,94 "63";
64 0 0 25,40 "64";
65 0 1 31,136 "65";
66 0 1 46,124 "66";
67 2 1 105,139 "67";
68 1 0 82,176 "68";
69 1 0 38,78 "69";
70 1 0 14,125 "70";
71 2 1 51,65 "71";
72 2 0 110,122 "72";
73 1 0 144,178 "73";
74 1 0 80,133 "74";
75 2 0 1,77 "75";
76 0 1 158,199 "76";
77 0 1 98,140 "77";
78 0 1 137,148 "78";
79 0 1 133,159 "79";
80 0 1 69,116 "80";
81 2 1 138,189 "81";
82 2 0 76,163 "82";
83 1 1 60,154 "83";
84 2 0 81,144 "84";
85 1 1 13,196 "85";
86 0 1 116,154 "86";
87 1 0 139,196 "87";
88 0 0 9,74 "88";
89 2 1 0,125 "89";
90 0 0 1,137 "90";
91 0 0 126,165 "91";
92 0 0 106,143 "92";
93 1 0 1,56 "93";
94 1 0 69,142 "94";
95 0 0 6,62 "95";
96 1 0 149,158 "96";
97 1 0 42,165 "97";
98 2 1 1,135 "98";
99 2 1 129,142 "99";
100 2 0 0,142 "100";
101 1 0 62,127 "101";
102 0 0 21,116 "102";
103 1 0 6,20 "103";
104 0 1 135,141 "104";
105 2 0 66,111 "105";
106 0 0 104,157 "106";
107 2 0 49,175 "107";
108 2 1 56,157 "108";
109 2 1 20,49 "109";
110 0 1 69,159 "110";
111 0 1 8,14 "111";
112 2 0 118,144 "112";
113 1 1 70,161 "113";
114 1 0 61,169 "114";
115 1 1 181,184 "115";
116 2 1 68,91 "116";
117 0 0 17,193 "117";
118 2 1 8,18 "118";
119 2 1 17,148 "119";
120 1 0 49,88 "120";
121 1 1 32,52 "121";
122 1 1 54,198 "122";
123 1 1 25,111 "123";
124 1 0 167,178 "124";
125 2 1 9,86 "125";
126 0 0 92,133 "126";
127 2 0 100,191 "127";
128 0 0 42,72 "128";
129 0 1 42,101 "129";
130 2 1 65,84 "130";
131 2 1 108,174 "131";
132 1 0 8,145 "132";
133 0 1 73,88 "133";
134 1 0 31,53 "134";
135 0 0 114,178 "135";
136 2 0 11,174 "136";
137 1 0 41,105 "137";
138 2 1 16,109 "138";
139 2 1 44,135 "139";
140 0 1 172,180 "140";
141 0 1 7,199 "141";
142 1 1 83,117 "142";
143 2 1 49,50 "143";
144 1 1 33,104 "144";
145 0 0 8,188 "145";
146 0 1 127,158 "146";
147 0 1 77,181 "147";
148 0 1 59,159 "148";
149 2 0 57,196 "149";
150 1 0 14,78 "150";
151 1 1 30,181 "151";
152 1 1 26,169 "152";
153 1 0 133,162 "153";
154 1 0 8,60 "154";
155 2 0 80,199 "155";
156 2 1 74,101 "156";
157 2 0 78,87 "157";
158 1 1 110,149 "158";
159 1 1 148,192 "159";
160 0 0 16,131 "160";
161 0 1 157,193 "161";
162 0 1 55,76 "162";
163 1 1 104,155 "163";
164 2 0 63,73 "164";
165 0 0 115,157 "165";
166 2 0 129,162 "166";
167 2 0 32,94 "167";
168 1 1 161,185 "168";
169 0 1 104,137 "169";
170 2 1 56,154 "170";
171 1 0 31,86 "171";
172 2 0 20,66 "172";
173 0 0 186,199 "173";
174 1 0 30,90 "174";
175 0 0 85,109 "175";
176 1 1 75,113 "176";
177 1 1 114,148 "177";
178 2 0 43,59 "178";
179 0 0 74,161 "179";
180 1 0 34,79 "180";
181 0 1 60,139 "181";
182 2 0 106,107 "182";
183 0 0 67,77 "183";
184 0 0 30,75 "184";
185 0 0 63,70 "185";
186 1 0 139,188 "186";
187 2 1 150,173 "187";
188 2 1 15,121 "188";
189 1 1 34,45 "189";
190 0 0 31,135 "190";
191 0 1 103,192 "191";
192 1 1 36,80 "192";
193 0 0 58,104 "193";
194 1 0 74,83 "194";
195 2 0 129,173 "195";
196 1 0 84,193 "196";
197 1 1 78,186 "197";
198 2 0 10,43 "198";
199 0 1 25,128 "199";
