parity 249;
0 2 0 30,31 "0";
1 2 0 62,192 "1";
2 0 1 49,142 "2";
3 1 1 74,240 "3";
4 0 0 54,228 "4";
5 1 0 74,95 "5";
6 2 1 110,121 "6";
7 1 1 60,175 "7";
8 0 0 60,122 "8";
9 2 0 148,182 "9";
10 0 1 40,226 "10";
11 1 1 71,180 "11";
12 0 1 101,150 "12";
13 0 0 50,223 "13";
14 1 0 111,235 "14";
15 0 0 117,170 "15";
16 1 1 18,71 "16";
17 0 1 7,86 "17";
18 0 1 160,249 "18";
19 0 1 77,214 "19";
20 2 0 134,178 "20";
21 2 1 124,143 "21";
22 1 0 56,77 "22";
23 2 0 201,242 "23";
24 2 1 23,190 "24";
25 1 0 75,100 "25";
26 1 1 97,190 "26";
27 0 0 211,224 "27";
28 2 0 46,52 "28";
29 0 1 58,121 "29";
30 1 1 68,175 "30";
31 0 0 180,233 "31";
32 1 1 18,33 "32";
33 2 0 26,30 "33";
34 1 0 141,247 "34";
35 1 0 13,247 "35";
36 2 1 216,245 "36";
37 0 0 27,113 "37";
38 1 1 33,198 "38";
39 2 1 65,78 "39";
40 1 0 73,229 "40";
41 1 0 81,181 "41";
42 0 1 111,228 "42";
43 2 0 111,176 "43";
44 2 0 30,135 "44";
45 0 0 29,113 "45";
46 2 1 37,191 "46";
47 1 1 147,244 "47";
48 1 0 2,107 "48";
49 2 1 7,124 "49";
50 1 1 118,211 "50";
51 0 1 17,60 "51";
52 1 1 185,239 "52";
53 2 1 126,222 "53";
54 0 1 88,114 "54";
55 0 0 37,135 "55";
56 2 1 15,148 "56";
57 1 1 22,98 "57";
58 2 0 50,228 "58";
59 0 0 199,225 "59";
60 2 1 210,236 "60";
61 0 0 63,213 "61";
62 1 1 74,174 "62";
63 0 1 86,244 "63";
64 1 1 24,200 "64";
65 2 1 55,240 "65";
66 2 1 240,245 "66";
67 0 1 110,158 "67";
68 0 0 45,196 "68";
69 1 1 12,78 "69";
70 0 0 142,224 "70";
71 2 0 168,187 "71";
72 1 1 3,58 "72";
73 1 0 83,231 "73";
74 2 1 98,132 "74";
75 2 1 32,244 "75";
76 0 1 143,198 "76";
77 2 0 145,207 "77";
78 2 0 81,100 "78";
79 0 1 28,85 "79";
80 1 1 110,176 "80";
81 2 0 13,224 "81";
82 1 0 61,195 "82";
83 1 1 129,232 "83";
84 2 0 47,51 "84";
85 2 1 167,215 "85";
86 0 0 125,138 "86";
87 2 1 67,211 "87";
88 0 1 62,91 "88";
89 2 0 209,221 "89";
90 2 0 46,98 "90";
91 0 0 118,245 "91";
92 0 0 99,207 "92";
93 0 1 41,98 "93";
94 0 0 44,211 "94";
95 1 0 226,236 "95";
96 1 1 29,227 "96";
97 0 1 5,150 "97";
98 2 1 46,136 "98";
99 0 1 51,100 "99";
100 2 0 138,181 "100";
101 0 0 23,136 "101";
102 2 1 175,222 "102";
103 1 1 75,248 "103";
104 0 1 143,158 "104";
105 1 0 10,96 "105";
106 2 1 82,167 "106";
107 1 0 112,165 "107";
108 1 1 86,149 "108";
109 2 1 128,211 "109";
110 0 1 6,31 "110";
111 0 1 119,149 "111";
112 1 1 73,210 "112";
113 0 0 51,177 "113";
114 0 0 29,85 "114";
115 1 0 21,117 "115";
116 1 0 66,94 "116";
117 2 0 3,124 "117";
118 1 1 37,92 "118";
119 2 0 28,75 "119";
120 2 1 64,240 "120";
121 2 0 102,123 "121";
122 2 0 182,239 "122";
123 2 0 196,217 "123";
124 2 1 80,89 "124";
125 1 0 18,81 "125";
126 1 0 85,136 "126";
127 1 1 196,230 "127";
128 0 1 36,210 "128";
129 1 0 46,59 "129";
130 0 0 63,156 "130";
131 0 1 225,242 "131";
132 0 1 101,225 "132";
133 0 1 20,163 "133";
134 0 0 200,231 "134";
135 2 1 7,103 "135";
136 1 0 108,145 "136";
137 0 0 77,103 "137";
138 0 0 16,63 "138";
139 1 0 160,230 "139";
140 1 1 7,19 "140";
141 1 0 129,191 "141";
142 2 0 49,85 "142";
143 1 0 77,137 "143";
144 0 1 192,235 "144";
145 0 0 2,79 "145";
146 0 0 11,121 "146";
147 1 1 52,115 "147";
148 0 0 7,95 "148";
149 0 1 86,121 "149";
150 1 1 34,215 "150";
151 0 1 9,71 "151";
152 2 0 140,225 "152";
153 0 0 53,168 "153";
154 1 0 84,95 "154";
155 0 1 29,246 "155";
156 0 1 112,135 "156";
157 1 1 90,160 "157";
158 2 1 27,133 "158";
159 0 0 68,116 "159";
160 0 1 177,184 "160";
161 0 0 210,221 "161";
162 0 1 111,149 "162";
163 0 0 94,232 "163";
164 2 1 50,51 "164";
165 0 1 149,153 "165";
166 0 1 46,175 "166";
167 2 0 51,158 "167";
168 2 0 26,40 "168";
169 1 1 49,90 "169";
170 1 0 86,166 "170";
171 0 1 80,84 "171";
172 0 1 173,225 "172";
173 0 0 44,238 "173";
174 1 0 21,36 "174";
175 0 0 99,116 "175";
176 1 0 20,208 "176";
177 0 0 5,53 "177";
178 2 1 49,193 "178";
179 1 0 70,235 "179";
180 1 0 124,183 "180";
181 2 1 0,127 "181";
182 2 1 103,234 "182";
183 2 0 27,188 "183";
184 1 1 37,162 "184";
185 0 0 181,224 "185";
186 0 0 0,125 "186";
187 0 0 84,154 "187";
188 2 1 97,239 "188";
189 2 0 118,130 "189";
190 2 1 175,201 "190";
191 0 0 25,58 "191";
192 2 1 92,185 "192";
193 2 1 4,226 "193";
194 2 1 92,148 "194";
195 0 0 11,156 "195";
196 0 1 70,150 "196";
197 1 1 25,242 "197";
198 1 0 20,55 "198";
199 1 1 69,211 "199";
200 0 0 28,245 "200";
201 1 0 70,179 "201";
202 1 1 95,172 "202";
203 0 0 84,136 "203";
204 1 1 142,248 "204";
205 1 0 33,162 "205";
206 1 0 118,131 "206";
207 2 1 220,241 "207";
208 1 0 189,197 "208";
209 0 0 42,124 "209";
210 1 1 103,232 "210";
211 2 1 61,241 "211";
212 2 0 60,208 "212";
213 0 0 14,55 "213";
214 1 0 167,243 "214";
215 1 0 40,104 "215";
216 2 1 63,112 "216";
217 0 1 90,110 "217";
218 0 1 146,243 "218";
219 0 0 178,190 "219";
220 2 1 10,249 "220";
221 2 1 95,175 "221";
222 2 0 92,195 "222";
223 0 1 55,119 "223";
224 0 0 47,215 "224";
225 1 0 64,151 "225";
226 0 0 39,171 "226";
227 0 1 55,207 "227";
228 1 1 23,140 "228";
229 1 1 91,202 "229";
230 1 1 123,145 "230";
231 1 1 74,206 "231";
232 2 0 46,65 "232";
233 1 0 115,177 "233";
234 1 0 9,231 "234";
235 2 1 106,111 "235";
236 1 0 25,72 "236";
237 0 0 6,246 "237";
238 0 1 65,221 "238";
239 0 0 142,200 "239";
240 1 0 60,152 "240";
241 2 1 222,234 "241";
242 1 0 113,243 "242";
243 0 0 38,84 "243";
244 1 0 87,181 "244";
245 2 1 119,151 "245";
246 2 0 47,135 "246";
247 0 0 93,227 "247";
248 0 1 104,238 "248";
249 1 1 55,77 "249";
