parity 249;
0 2 1 15,61 "0";
1 1 1 23,150 "1";
2 1 1 42,180 "2";
3 1 0 187,195 "3";
4 2 1 40,108 "4";
5 2 0 137,244 "5";
6 0 1 159,213 "6";
7 2 1 107,114 "7";
8 2 1 43,126 "8";
9 1 1 6,183 "9";
10 0 1 113,138 "10";
11 2 1 105,197 "11";
12 0 1 37,81 "12";
13 2 1 116,142 "13";
14 0 0 133,205 "14";
15 2 1 189,219 "15";
16 0 0 95,132 "16";
17 2 0 14,192 "17";
18 1 0 10,150 "18";
19 1 0 16,195 "19";
20 2 0 5,108 "20";
21 1 1 50,51 "21";
22 1 1 9,139 "22";
23 0 1 143,239 "23";
24 0 1 106,127 "24";
25 1 0 90,150 "25";
26 1 1 126,195 "26";
27 0 1 0,149 "27";
28 2 1 152,196 "28";
29 1 1 36,44 "29";
30 2 1 62,123 "30";
31 2 0 196,238 "31";
32 2 0 143,160 "32";
33 0 0 9,41 "33";
34 0 0 9,185 "34";
35 0 1 161,205 "35";
36 2 1 42,179 "36";
37 0 0 55,183 "37";
38 0 1 25,74 "38";
39 1 0 168,192 "39";
40 0 0 16,20 "40";
41 0 1 45,141 "41";
42 0 1 140,206 "42";
43 1 1 65,166 "43";
44 1 1 82,218 "44";
45 0 0 61,72 "45";
46 1 0 145,239 "46";
47 0 1 69,199 "47";
48 1 0 40,187 "48";
49 2 1 58,95 "49";
50 2 1 74,128 "50";
51 2 0 45,48 "51";
52 1 1 33,77 "52";
53 1 1 59,155 "53";
54 0 1 102,188 "54";
55 2 0 108,144 "55";
56 1 0 144,235 "56";
57 1 1 32,159 "57";
58 0 0 144,217 "58";
59 0 1 99,172 "59";
60 2 0 38,245 "60";
61 2 1 150,203 "61";
62 2 1 0,52 "62";
63 2 0 38,67 "63";
64 0 0 89,249 "64";
65 1 1 23,124 "65";
66 2 1 3,182 "66";
67 2 1 44,112 "67";
68 0 1 194,210 "68";
69 2 1 182,212 "69";
70 2 1 98,165 "70";
71 1 1 118,212 "71";
72 0 1 173,174 "72";
73 2 1 111,133 "73";
74 0 0 10,160 "74";
75 2 1 50,96 "75";
76 2 0 45,156 "76";
77 0 0 12,112 "77";
78 1 1 185,236 "78";
79 1 1 59,220 "79";
80 0 1 31,60 "80";
81 1 1 192,215 "81";
82 2 1 142,164 "82";
83 1 1 30,154 "83";
84 1 1 8,98 "84";
85 2 1 193,198 "85";
86 0 0 81,150 "86";
87 0 1 88,130 "87";
88 1 0 3,181 "88";
89 2 1 149,216 "89";
90 1 1 67,94 "90";
91 0 1 19,221 "91";
92 0 0 59,135 "92";
93 0 0 3,11 "93";
94 2 0 72,84 "94";
95 2 1 191,246 "95";
96 0 0 40,71 "96";
97 0 1 74,102 "97";
98 0 0 94,222 "98";
99 2 0 6,96 "99";
100 0 0 6,223 "100";
101 1 1 9,204 "101";
102 0 1 41,98 "102";
103 0 0 101,202 "103";
104 1 0 59,106 "104";
105 0 0 147,148 "105";
106 0 1 186,194 "106";
107 2 1 44,244 "107";
108 1 0 1,167 "108";
109 1 1 10,174 "109";
110 2 0 33,76 "110";
111 1 0 128,154 "111";
112 2 0 202,248 "112";
113 0 1 53,161 "113";
114 2 1 97,103 "114";
115 2 0 79,116 "115";
116 1 1 71,223 "116";
117 2 1 64,150 "117";
118 1 0 153,242 "118";
119 1 1 44,110 "119";
120 1 1 188,239 "120";
121 2 0 112,164 "121";
122 0 1 72,193 "122";
123 1 0 69,176 "123";
124 2 1 73,207 "124";
125 1 1 9,213 "125";
126 2 1 21,123 "126";
127 0 1 19,137 "127";
128 0 0 104,231 "128";
129 0 1 135,234 "129";
130 0 0 117,198 "130";
131 0 0 33,216 "131";
132 1 1 178,204 "132";
133 2 0 211,213 "133";
134 2 0 44,51 "134";
135 0 1 20,191 "135";
136 0 0 127,243 "136";
137 1 1 54,170 "137";
138 1 1 32,153 "138";
139 1 0 35,246 "139";
140 0 1 44,180 "140";
141 2 1 33,138 "141";
142 2 1 108,177 "142";
143 1 1 85,91 "143";
144 0 0 81,217 "144";
145 2 1 46,120 "145";
146 2 1 45,203 "146";
147 0 1 113,162 "147";
148 0 0 130,204 "148";
149 1 1 89,118 "149";
150 0 1 2,151 "150";
151 0 1 17,179 "151";
152 0 0 22,151 "152";
153 2 1 40,174 "153";
154 2 1 44,50 "154";
155 2 1 152,172 "155";
156 2 1 132,165 "156";
157 1 0 19,131 "157";
158 2 1 19,184 "158";
159 2 0 54,108 "159";
160 0 1 134,141 "160";
161 2 1 154,245 "161";
162 2 0 2,118 "162";
163 1 0 101,138 "163";
164 1 1 27,149 "164";
165 1 1 98,120 "165";
166 2 1 30,100 "166";
167 0 1 23,127 "167";
168 2 1 63,133 "168";
169 1 0 3,35 "169";
170 1 1 148,204 "170";
171 2 0 68,234 "171";
172 1 1 5,26 "172";
173 1 0 12,141 "173";
174 0 0 13,202 "174";
175 2 0 61,114 "175";
176 0 1 19,63 "176";
177 1 1 98,100 "177";
178 2 0 151,173 "178";
179 1 1 112,248 "179";
180 0 0 16,92 "180";
181 2 0 67,170 "181";
182 1 1 14,16 "182";
183 0 1 72,137 "183";
184 1 1 32,163 "184";
185 1 0 163,167 "185";
186 2 0 50,153 "186";
187 2 0 8,157 "187";
188 2 1 20,114 "188";
189 0 0 7,27 "189";
190 2 1 229,244 "190";
191 2 0 147,154 "191";
192 2 0 117,198 "192";
193 2 1 7,23 "193";
194 0 0 92,198 "194";
195 1 0 26,146 "195";
196 1 0 146,198 "196";
197 1 1 57,196 "197";
198 1 1 23,105 "198";
199 0 1 88,179 "199";
200 2 0 53,172 "200";
201 2 1 139,218 "201";
202 2 0 95,219 "202";
203 0 1 32,39 "203";
204 0 1 13,119 "204";
205 2 0 57,240 "205";
206 1 1 1,80 "206";
207 2 1 82,204 "207";
208 1 0 112,244 "208";
209 0 1 66,111 "209";
210 0 0 95,207 "210";
211 1 0 193,230 "211";
212 2 0 109,141 "212";
213 1 0 18,243 "213";
214 2 1 144,192 "214";
215 1 1 16,48 "215";
216 2 0 30,86 "216";
217 1 1 7,242 "217";
218 2 1 49,160 "218";
219 2 0 105,237 "219";
220 0 1 53,219 "220";
221 2 1 119,191 "221";
222 2 1 35,228 "222";
223 1 0 30,148 "223";
224 2 1 35,176 "224";
225 0 0 82,218 "225";
226 1 0 156,235 "226";
227 0 0 113,173 "227";
228 0 1 27,41 "228";
229 0 0 140,190 "229";
230 0 1 68,163 "230";
231 2 0 47,104 "231";
232 2 0 98,217 "232";
233 1 1 66,92 "233";
234 0 1 124,156 "234";
235 1 0 143,241 "235";
236 2 0 37,79 "236";
237 2 1 32,174 "237";
238 0 0 108,203 "238";
239 1 0 57,62 "239";
240 1 1 33,90 "240";
241 0 0 121,165 "241";
242 2 1 137,150 "242";
243 1 0 23,200 "243";
244 2 1 45,105 "244";
245 1 0 149,213 "245";
246 0 1 3,233 "246";
247 0 1 28,202 "247";
248 0 0 97,138 "248";
249 0 1 59,101 "249";
