parity 284;
0 2 0 99,226 "0";
1 0 1 95,222 "1";
2 2 1 177,270 "2";
3 0 0 82,222 "3";
4 1 0 9,208 "4";
5 0 1 3,7 "5";
6 1 0 66,71 "6";
7 1 1 27,76 "7";
8 2 0 71,266 "8";
9 1 0 85,247 "9";
10 0 1 34,225 "10";
11 1 1 181,267 "11";
12 0 0 13,87 "12";
13 2 0 203,283 "13";
14 1 0 74,88 "14";
15 2 0 50,254 "15";
16 2 1 25,160 "16";
17 0 0 122,128 "17";
18 2 0 87,192 "18";
19 0 1 263,271 "19";
20 2 0 25,238 "20";
21 1 0 2,115 "21";
22 2 0 18,57 "22";
23 1 1 2,167 "23";
24 0 1 157,190 "24";
25 1 0 73,124 "25";
26 1 0 74,140 "26";
27 0 0 131,139 "27";
28 0 0 145,267 "28";
29 1 1 48,92 "29";
30 0 0 81,216 "30";
31 2 1 41,156 "31";
32 0 0 106,221 "32";
33 2 1 195,266 "33";
34 0 0 125,269 "34";
35 2 0 48,280 "35";
36 1 1 232,272 "36";
37 0 1 97,115 "37";
38 1 0 74,244 "38";
39 2 0 135,251 "39";
40 1 1 77,252 "40";
41 1 0 21,59 "41";
42 0 1 38,143 "42";
43 1 0 112,215 "43";
44 0 1 55,103 "44";
45 1 1 29,60 "45";
46 2 0 151,191 "46";
47 1 0 128,254 "47";
48 2 0 78,232 "48";
49 1 0 46,253 "49";
50 1 1 177,237 "50";
51 1 0 25,53 "51";
52 1 0 23,248 "52";
53 2 1 32,66 "53";
54 0 1 91,190 "54";
55 1 1 157,181 "55";
56 1 0 7,207 "56";
57 0 1 29,282 "57";
58 1 0 72,135 "58";
59 1 0 96,264 "59";
60 1 1 57,59 "60";
61 1 1 109,257 "61";
62 0 0 32,191 "62";
63 2 1 9,73 "63";
64 0 0 45,199 "64";
65 1 0 1,81 "65";
66 0 0 32,223 "66";
67 2 0 74,179 "67";
68 2 1 187,213 "68";
69 2 0 12,161 "69";
70 0 0 35,105 "70";
71 1 1 107,140 "71";
72 0 1 19,47 "72";
73 2 0 185,205 "73";
74 1 0 154,284 "74";
75 2 0 5,258 "75";
76 1 1 115,284 "76";
77 1 1 42,219 "77";
78 2 1 173,277 "78";
79 0 0 73,108 "79";
80 0 1 29,30 "80";
81 2 0 146,157 "81";
82 1 1 65,218 "82";
83 2 1 79,169 "83";
84 2 1 115,154 "84";
85 0 1 72,248 "85";
86 2 1 34,58 "86";
87 0 1 77,261 "87";
88 2 0 161,284 "88";
89 2 0 71,261 "89";
90 1 0 16,245 "90";
91 1 1 199,277 "91";
92 0 0 213,240 "92";
93 2 1 10,119 "93";
94 0 1 124,279 "94";
95 0 0 129,160 "95";
96 1 1 112,173 "96";
97 0 1 28,145 "97";
98 1 0 10,18 "98";
99 0 1 188,197 "99";
100 2 1 65,91 "100";
101 1 1 48,255 "101";
102 1 0 164,265 "102";
103 2 1 86,153 "103";
104 2 0 27,98 "104";
105 2 1 27,203 "105";
106 0 0 2,15 "106";
107 2 1 160,233 "107";
108 2 1 87,279 "108";
109 0 0 69,177 "109";
110 1 0 88,91 "110";
111 0 0 180,268 "111";
112 0 1 2,257 "112";
113 2 1 46,112 "113";
114 1 0 132,226 "114";
115 2 1 96,266 "115";
116 0 0 76,119 "116";
117 1 1 171,195 "117";
118 1 1 174,242 "118";
119 0 1 29,214 "119";
120 0 1 23,251 "120";
121 2 1 26,70 "121";
122 2 0 61,140 "122";
123 0 0 63,144 "123";
124 0 1 80,211 "124";
125 2 1 49,158 "125";
126 2 1 142,204 "126";
127 1 1 86,224 "127";
128 1 1 1,51 "128";
129 0 0 20,214 "129";
130 2 1 139,242 "130";
131 0 0 180,260 "131";
132 2 1 67,108 "132";
133 1 1 20,242 "133";
134 0 1 161,224 "134";
135 1 1 8,89 "135";
136 0 0 6,7 "136";
137 0 1 66,117 "137";
138 2 0 46,86 "138";
139 0 1 7,271 "139";
140 2 0 14,261 "140";
141 2 1 217,227 "141";
142 1 1 115,266 "142";
143 2 1 119,214 "143";
144 1 1 63,106 "144";
145 1 0 41,210 "145";
146 1 1 137,183 "146";
147 0 1 18,106 "147";
148 1 1 27,280 "148";
149 2 1 166,246 "149";
150 2 0 20,71 "150";
151 0 1 17,237 "151";
152 2 0 130,160 "152";
153 0 1 86,127 "153";
154 0 0 3,278 "154";
155 1 1 227,272 "155";
156 2 1 41,230 "156";
157 1 1 133,147 "157";
158 0 1 48,229 "158";
159 1 1 146,154 "159";
160 2 0 224,239 "160";
161 0 0 83,93 "161";
162 2 1 28,138 "162";
163 2 1 100,156 "163";
164 2 1 214,244 "164";
165 2 0 110,150 "165";
166 2 0 6,270 "166";
167 0 0 22,108 "167";
168 2 0 159,242 "168";
169 0 0 99,182 "169";
170 1 0 160,193 "170";
171 0 1 143,214 "171";
172 1 1 156,254 "172";
173 1 1 146,160 "173";
174 1 0 109,261 "174";
175 2 1 190,236 "175";
176 0 0 65,106 "176";
177 2 0 14,217 "177";
178 0 0 76,263 "178";
179 2 1 103,226 "179";
180 1 0 109,210 "180";
181 1 0 97,223 "181";
182 1 1 4,140 "182";
183 0 1 88,108 "183";
184 0 0 206,218 "184";
185 0 0 159,281 "185";
186 1 1 15,91 "186";
187 1 1 110,204 "187";
188 2 1 153,274 "188";
189 0 0 183,197 "189";
190 1 0 104,131 "190";
191 0 1 163,254 "191";
192 0 0 28,92 "192";
193 0 1 172,195 "193";
194 1 1 51,157 "194";
195 1 0 91,209 "195";
196 1 1 126,255 "196";
197 1 1 33,64 "197";
198 0 0 11,90 "198";
199 2 1 121,134 "199";
200 0 1 30,50 "200";
201 2 0 54,276 "201";
202 2 0 33,134 "202";
203 0 1 140,229 "203";
204 2 1 128,206 "204";
205 2 1 6,210 "205";
206 1 1 148,258 "206";
207 0 0 60,181 "207";
208 0 1 45,176 "208";
209 0 0 33,113 "209";
210 0 1 133,251 "210";
211 2 0 34,156 "211";
212 1 1 13,140 "212";
213 2 0 115,274 "213";
214 1 1 3,186 "214";
215 1 0 112,179 "215";
216 0 0 16,140 "216";
217 0 0 128,150 "217";
218 0 0 87,274 "218";
219 2 0 7,107 "219";
220 1 0 36,195 "220";
221 2 1 9,225 "221";
222 0 1 46,51 "222";
223 0 0 5,68 "223";
224 1 1 76,197 "224";
225 0 0 0,88 "225";
226 1 0 102,156 "226";
227 2 1 99,229 "227";
228 1 0 245,255 "228";
229 1 0 135,197 "229";
230 0 1 203,283 "230";
231 2 0 115,216 "231";
232 0 0 95,279 "232";
233 1 1 88,229 "233";
234 1 0 45,231 "234";
235 2 1 177,274 "235";
236 2 1 17,86 "236";
237 0 1 34,236 "237";
238 1 1 17,51 "238";
239 2 1 58,283 "239";
240 0 1 161,237 "240";
241 2 0 83,98 "241";
242 0 1 132,263 "242";
243 0 1 47,232 "243";
244 2 0 200,280 "244";
245 1 1 65,123 "245";
246 0 0 182,226 "246";
247 1 0 248,280 "247";
248 2 1 91,113 "248";
249 0 1 196,250 "249";
250 2 0 37,55 "250";
251 0 0 204,227 "251";
252 1 1 22,76 "252";
253 0 0 206,265 "253";
254 1 1 149,160 "254";
255 0 0 63,192 "255";
256 1 0 20,160 "256";
257 1 0 225,227 "257";
258 2 1 11,66 "258";
259 1 0 71,250 "259";
260 2 0 114,196 "260";
261 1 0 98,197 "261";
262 0 0 42,244 "262";
263 1 0 97,139 "263";
264 0 1 13,211 "264";
265 2 1 204,268 "265";
266 2 0 100,183 "266";
267 1 0 53,143 "267";
268 1 0 213,265 "268";
269 0 1 104,204 "269";
270 0 1 77,100 "270";
271 1 0 55,98 "271";
272 2 0 92,166 "272";
273 1 1 67,264 "273";
274 2 0 27,75 "274";
275 2 1 66,118 "275";
276 0 1 20,70 "276";
277 2 0 118,238 "277";
278 0 0 218,244 "278";
279 1 1 48,82 "279";
280 1 1 73,176 "280";
281 0 0 123,223 "281";
282 0 0 9,246 "282";
283 1 0 83,211 "283";
284 1 0 19,107 "284";
