parity 224;
0 1 1 70,190 "0";
1 2 1 156,185 "1";
2 0 0 71,217 "2";
3 2 0 181,200 "3";
4 0 0 21,158 "4";
5 0 1 68,88 "5";
6 1 1 34,102 "6";
7 1 0 118,186 "7";
8 0 0 64,138 "8";
9 2 0 5,147 "9";
10 2 1 102,196 "10";
11 1 1 137,152 "11";
12 1 0 87,189 "12";
13 0 1 101,111 "13";
14 0 1 75,81 "14";
15 2 0 0,80 "15";
16 0 0 58,210 "16";
17 0 1 14,95 "17";
18 2 1 121,204 "18";
19 0 0 13,63 "19";
20 2 1 139,175 "20";
21 0 0 91,103 "21";
22 0 0 122,171 "22";
23 0 1 10,92 "23";
24 2 1 61,125 "24";
25 2 1 27,191 "25";
26 1 0 83,216 "26";
27 1 1 97,149 "27";
28 2 1 14,73 "28";
29 0 1 8,71 "29";
30 1 0 102,192 "30";
31 2 0 165,201 "31";
32 1 0 57,148 "32";
33 0 0 49,95 "33";
34 2 1 136,165 "34";
35 1 0 123,143 "35";
36 1 1 68,128 "36";
37 1 0 113,214 "37";
38 2 0 34,93 "38";
39 1 0 108,201 "39";
40 1 1 64,65 "40";
41 0 0 109,209 "41";
42 1 1 122,201 "42";
43 2 1 97,191 "43";
44 0 1 61,195 "44";
45 1 0 31,113 "45";
46 1 1 16,205 "46";
47 2 0 106,190 "47";
48 0 1 0,144 "48";
49 1 0 53,132 "49";
50 0 0 168,171 "50";
51 1 1 95,205 "51";
52 2 1 143,160 "52";
53 2 0 48,88 "53";
54 2 0 53,191 "54";
55 2 0 22,177 "55";
56 2 0 58,215 "56";
57 1 0 220,222 "57";
58 2 0 95,186 "58";
59 1 0 3,192 "59";
60 1 0 14,192 "60";
61 2 0 174,181 "61";
62 0 0 12,86 "62";
63 0 1 160,195 "63";
64 2 1 47,68 "64";
65 2 0 23,173 "65";
66 1 1 43,146 "66";
67 1 0 68,175 "67";
68 2 0 15,63 "68";
69 0 0 2,31 "69";
70 0 0 88,137 "70";
71 0 0 16,166 "71";
72 1 0 87,150 "72";
73 1 1 89,218 "73";
74 1 0 39,155 "74";
75 0 1 104,120 "75";
76 2 0 159,175 "76";
77 1 0 100,209 "77";
78 1 0 131,155 "78";
79 2 0 46,111 "79";
80 1 0 184,216 "80";
81 2 0 36,207 "81";
82 1 0 28,191 "82";
83 2 0 24,181 "83";
84 0 1 49,63 "84";
85 0 0 86,153 "85";
86 2 0 135,150 "86";
87 0 1 25,145 "87";
88 2 1 12,28 "88";
89 0 1 110,129 "89";
90 1 1 172,181 "90";
91 0 1 112,160 "91";
92 0 1 117,138 "92";
93 0 0 110,116 "93";
94 2 1 47,52 "94";
95 1 0 7,54 "95";
96 1 1 65,97 "96";
97 1 0 83,140 "97";
98 2 0 30,163 "98";
99 1 0 8,182 "99";
100 2 1 196,212 "100";
101 0 0 1,47 "101";
102 0 1 157,178 "102";
103 1 0 18,86 "103";
104 2 1 25,195 "104";
105 2 1 59,78 "105";
106 0 0 59,204 "106";
107 0 1 57,197 "107";
108 1 1 16,119 "108";
109 1 0 10,219 "109";
110 2 1 206,209 "110";
111 1 1 64,184 "111";
112 2 0 115,198 "112";
113 2 1 64,213 "113";
114 0 0 36,204 "114";
115 1 0 42,189 "115";
116 0 1 44,98 "116";
117 0 1 5,163 "117";
118 0 1 60,170 "118";
119 0 0 1,59 "119";
120 2 1 40,47 "120";
121 2 1 24,47 "121";
122 2 0 73,109 "122";
123 0 1 55,120 "123";
124 0 1 125,224 "124";
125 1 1 34,202 "125";
126 1 0 58,110 "126";
127 1 0 115,199 "127";
128 0 1 65,133 "128";
129 1 1 0,32 "129";
130 2 1 111,166 "130";
131 1 1 23,38 "131";
132 1 0 34,189 "132";
133 1 0 54,86 "133";
134 1 0 27,176 "134";
135 2 1 16,157 "135";
136 1 1 29,140 "136";
137 2 0 115,151 "137";
138 0 0 8,22 "138";
139 1 1 34,206 "139";
140 0 0 6,176 "140";
141 1 0 127,132 "141";
142 2 1 69,163 "142";
143 0 1 10,80 "143";
144 2 1 54,76 "144";
145 0 1 35,62 "145";
146 0 1 168,217 "146";
147 0 1 195,216 "147";
148 0 0 14,220 "148";
149 0 1 9,73 "149";
150 1 1 35,185 "150";
151 2 1 40,127 "151";
152 1 0 70,126 "152";
153 0 1 62,188 "153";
154 0 1 147,152 "154";
155 0 0 84,144 "155";
156 1 0 21,90 "156";
157 0 1 44,119 "157";
158 2 1 61,214 "158";
159 1 0 10,112 "159";
160 2 0 0,90 "160";
161 2 1 9,186 "161";
162 0 0 129,190 "162";
163 2 1 42,171 "163";
164 1 0 6,202 "164";
165 1 1 17,158 "165";
166 2 0 4,35 "166";
167 2 0 36,165 "167";
168 0 1 41,138 "168";
169 2 0 103,221 "169";
170 2 1 30,89 "170";
171 0 1 71,204 "171";
172 2 1 43,190 "172";
173 1 1 31,71 "173";
174 1 1 126,212 "174";
175 2 1 56,204 "175";
176 1 1 18,54 "176";
177 0 1 37,143 "177";
178 2 0 55,113 "178";
179 2 1 84,224 "179";
180 2 1 6,104 "180";
181 0 0 67,77 "181";
182 2 0 22,179 "182";
183 1 1 185,187 "183";
184 0 1 13,167 "184";
185 2 1 63,126 "185";
186 2 1 127,215 "186";
187 2 0 148,158 "187";
188 1 1 51,114 "188";
189 0 0 16,62 "189";
190 1 1 87,166 "190";
191 2 1 123,204 "191";
192 2 1 132,196 "192";
193 1 1 22,113 "193";
194 2 0 67,212 "194";
195 0 0 77,129 "195";
196 1 0 111,214 "196";
197 2 1 77,193 "197";
198 1 0 57,190 "198";
199 2 1 135,164 "199";
200 0 1 3,34 "200";
201 2 0 19,152 "201";
202 0 0 53,66 "202";
203 0 0 102,123 "203";
204 0 1 78,121 "204";
205 1 1 61,142 "205";
206 2 0 92,162 "206";
207 2 0 91,195 "207";
208 0 1 1,77 "208";
209 1 0 10,185 "209";
210 0 0 32,60 "210";
211 2 0 148,199 "211";
212 1 0 18,112 "212";
213 0 1 144,211 "213";
214 2 0 157,210 "214";
215 2 1 61,94 "215";
216 1 0 174,192 "216";
217 0 0 64,87 "217";
218 0 0 105,213 "218";
219 0 1 30,222 "219";
220 2 0 28,51 "220";
221 2 0 147,148 "221";
222 1 1 218,221 "222";
223 0 1 6,157 "223";
224 2 1 91,93 "224";
