parity 204;
0 0 0 12,100 "0";
1 0 1 92,112 "1";
2 1 1 63,148 "2";
3 2 1 78,135 "3";
4 2 1 128,133 "4";
5 1 0 130,204 "5";
6 2 1 109,133 "6";
7 2 1 68,69 "7";
8 0 0 106,164 "8";
9 2 0 189,193 "9";
10 2 1 60,149 "10";
11 2 1 75,142 "11";
12 2 0 20,140 "12";
13 0 0 10,99 "13";
14 2 0 37,131 "14";
15 1 0 180,201 "15";
16 0 0 24,60 "16";
17 1 1 63,148 "17";
18 1 0 86,113 "18";
19 0 1 21,84 "19";
20 2 0 70,119 "20";
21 0 0 116,125 "21";
22 0 0 44,137 "22";
23 0 1 36,167 "23";
24 0 0 122,126 "24";
25 1 1 140,167 "25";
26 2 0 149,181 "26";
27 2 1 174,198 "27";
28 0 1 37,199 "28";
29 2 0 121,179 "29";
30 2 0 3,68 "30";
31 1 1 99,164 "31";
32 1 1 146,184 "32";
33 1 1 37,146 "33";
34 2 1 99,203 "34";
35 0 0 145,180 "35";
36 1 1 2,119 "36";
37 0 0 44,75 "37";
38 2 1 110,200 "38";
39 2 0 0,19 "39";
40 2 1 15,133 "40";
41 1 1 148,196 "41";
42 0 1 77,113 "42";
43 1 0 53,132 "43";
44 1 1 0,26 "44";
45 0 1 133,203 "45";
46 1 0 162,191 "46";
47 1 0 145,198 "47";
48 2 1 9,156 "48";
49 1 0 126,130 "49";
50 2 1 18,92 "50";
51 0 0 24,28 "51";
52 0 0 106,113 "52";
53 1 1 101,106 "53";
54 2 1 42,63 "54";
55 2 0 33,96 "55";
56 1 1 30,173 "56";
57 1 1 38,95 "57";
58 0 0 82,106 "58";
59 2 1 97,140 "59";
60 1 0 47,144 "60";
61 0 1 113,122 "61";
62 2 0 33,58 "62";
63 1 0 23,167 "63";
64 1 0 54,62 "64";
65 2 1 37,202 "65";
66 1 1 32,177 "66";
67 1 1 89,160 "67";
68 0 1 127,135 "68";
69 1 0 149,151 "69";
70 0 1 82,194 "70";
71 2 0 110,129 "71";
72 1 0 24,185 "72";
73 2 1 84,97 "73";
74 0 1 36,185 "74";
75 0 0 90,115 "75";
76 1 1 119,140 "76";
77 0 0 98,166 "77";
78 2 1 59,153 "78";
79 0 0 6,101 "79";
80 0 0 119,131 "80";
81 0 0 103,161 "81";
82 2 0 146,165 "82";
83 2 1 1,109 "83";
84 0 1 118,156 "84";
85 0 1 123,137 "85";
86 2 0 4,187 "86";
87 0 1 140,159 "87";
88 2 1 23,126 "88";
89 0 1 55,105 "89";
90 2 1 3,70 "90";
91 0 1 48,98 "91";
92 1 0 134,169 "92";
93 1 1 81,160 "93";
94 0 0 24,82 "94";
95 0 0 54,152 "95";
96 1 1 84,105 "96";
97 2 1 78,185 "97";
98 0 1 171,177 "98";
99 1 1 69,164 "99";
100 2 1 16,188 "100";
101 2 1 33,176 "101";
102 2 1 31,196 "102";
103 1 0 42,78 "103";
104 0 0 121,138 "104";
105 2 1 91,94 "105";
106 0 0 59,122 "106";
107 2 0 55,117 "107";
108 0 0 54,129 "108";
109 1 0 44,50 "109";
110 0 0 20,80 "110";
111 2 1 42,108 "111";
112 2 1 92,178 "112";
113 0 1 26,161 "113";
114 1 1 0,171 "114";
115 1 1 186,200 "115";
116 1 1 97,198 "116";
117 1 1 129,164 "117";
118 0 0 111,184 "118";
119 1 1 93,167 "119";
120 0 1 24,129 "120";
121 1 0 74,199 "121";
122 2 0 1,162 "122";
123 1 0 17,91 "123";
124 0 0 88,104 "124";
125 1 0 11,132 "125";
126 1 1 6,86 "126";
127 0 1 7,71 "127";
128 2 0 74,204 "128";
129 0 1 142,203 "129";
130 0 0 81,198 "130";
131 1 0 40,139 "131";
132 1 0 35,40 "132";
133 1 1 91,153 "133";
134 1 1 132,176 "134";
135 0 1 97,110 "135";
136 1 1 92,158 "136";
137 2 0 101,130 "137";
138 0 0 4,106 "138";
139 2 1 30,116 "139";
140 0 1 10,182 "140";
141 2 1 164,175 "141";
142 0 1 90,117 "142";
143 0 1 21,141 "143";
144 0 0 42,180 "144";
145 0 0 128,171 "145";
146 0 0 83,87 "146";
147 2 0 8,136 "147";
148 2 0 42,132 "148";
149 1 1 6,74 "149";
150 0 0 72,112 "150";
151 0 1 4,139 "151";
152 2 0 136,162 "152";
153 2 0 67,183 "153";
154 0 0 31,152 "154";
155 1 0 48,57 "155";
156 2 0 32,78 "156";
157 0 1 125,175 "157";
158 0 0 39,93 "158";
159 2 1 77,110 "159";
160 1 0 59,121 "160";
161 2 1 128,135 "161";
162 0 1 50,140 "162";
163 2 1 129,142 "163";
164 1 0 17,25 "164";
165 2 1 108,155 "165";
166 2 0 63,192 "166";
167 2 0 91,138 "167";
168 2 0 21,194 "168";
169 0 1 101,126 "169";
170 0 0 13,131 "170";
171 0 1 71,190 "171";
172 1 1 71,199 "172";
173 1 1 101,189 "173";
174 1 1 96,163 "174";
175 1 1 22,192 "175";
176 0 1 8,36 "176";
177 0 1 32,176 "177";
178 0 1 22,86 "178";
179 2 1 6,91 "179";
180 1 1 198,201 "180";
181 1 1 69,84 "181";
182 1 1 1,163 "182";
183 1 0 36,188 "183";
184 0 1 89,162 "184";
185 1 0 4,49 "185";
186 1 0 10,19 "186";
187 1 0 36,189 "187";
188 2 1 176,195 "188";
189 2 0 1,142 "189";
190 2 1 100,132 "190";
191 0 0 172,203 "191";
192 2 0 13,94 "192";
193 2 1 78,127 "193";
194 1 0 97,177 "194";
195 2 1 3,28 "195";
196 0 0 148,191 "196";
197 2 1 70,90 "197";
198 1 1 139,202 "198";
199 1 1 126,183 "199";
200 2 1 149,182 "200";
201 0 0 134,156 "201";
202 0 1 19,69 "202";
203 0 0 83,183 "203";
204 2 1 14,27 "204";
