parity 219;
0 1 1 48,211 "0";
1 1 1 88,90 "1";
2 2 1 94,198 "2";
3 2 1 45,134 "3";
4 1 1 59,84 "4";
5 0 1 7,99 "5";
6 0 1 137,183 "6";
7 1 1 93,177 "7";
8 2 1 89,175 "8";
9 0 0 78,190 "9";
10 1 1 33,83 "10";
11 1 1 23,100 "11";
12 2 0 5,102 "12";
13 0 0 140,171 "13";
14 1 0 83,88 "14";
15 0 0 201,212 "15";
16 0 1 88,199 "16";
17 0 1 194,205 "17";
18 0 0 9,12 "18";
19 1 0 39,126 "19";
20 0 0 160,189 "20";
21 2 1 25,100 "21";
22 1 0 4,33 "22";
23 1 1 76,200 "23";
24 1 1 125,150 "24";
25 1 0 88,126 "25";
26 1 1 25,125 "26";
27 0 1 166,187 "27";
28 2 0 137,163 "28";
29 1 0 41,169 "29";
30 1 0 55,204 "30";
31 1 0 105,202 "31";
32 0 0 3,16 "32";
33 1 1 194,198 "33";
34 1 0 71,121 "34";
35 2 1 52,212 "35";
36 1 0 117,134 "36";
37 1 1 9,159 "37";
38 0 0 33,202 "38";
39 0 0 137,203 "39";
40 1 0 138,161 "40";
41 2 1 133,196 "41";
42 1 0 53,176 "42";
43 1 1 115,181 "43";
44 1 1 11,65 "44";
45 0 0 54,155 "45";
46 1 0 189,200 "46";
47 2 0 43,48 "47";
48 1 1 0,139 "48";
49 0 0 162,201 "49";
50 0 1 154,188 "50";
51 2 1 49,96 "51";
52 1 1 129,157 "52";
53 0 0 94,97 "53";
54 0 0 115,153 "54";
55 0 0 151,166 "55";
56 0 1 161,195 "56";
57 0 0 46,193 "57";
58 1 0 202,204 "58";
59 0 0 12,156 "59";
60 2 0 48,57 "60";
61 0 1 39,149 "61";
62 2 0 135,210 "62";
63 2 0 175,196 "63";
64 1 1 33,177 "64";
65 1 0 50,169 "65";
66 2 0 2,188 "66";
67 2 0 77,131 "67";
68 0 0 108,172 "68";
69 0 0 54,179 "69";
70 0 1 188,218 "70";
71 0 0 69,171 "71";
72 2 1 7,188 "72";
73 2 0 95,121 "73";
74 2 1 127,185 "74";
75 2 0 41,143 "75";
76 1 1 48,215 "76";
77 1 1 25,79 "77";
78 1 1 44,192 "78";
79 0 1 137,157 "79";
80 2 0 97,190 "80";
81 1 0 111,116 "81";
82 1 0 56,120 "82";
83 1 0 38,172 "83";
84 1 0 45,173 "84";
85 2 0 44,186 "85";
86 2 0 184,189 "86";
87 2 1 1,164 "87";
88 1 1 35,157 "88";
89 0 1 151,216 "89";
90 2 0 109,136 "90";
91 2 0 59,63 "91";
92 0 1 24,34 "92";
93 1 0 115,121 "93";
94 1 1 51,195 "94";
95 0 0 141,197 "95";
96 0 0 119,180 "96";
97 2 0 80,198 "97";
98 1 0 62,142 "98";
99 2 0 150,192 "99";
100 1 0 47,169 "100";
101 1 1 92,204 "101";
102 1 0 135,193 "102";
103 1 1 28,115 "103";
104 0 0 136,153 "104";
105 1 0 142,167 "105";
106 0 1 92,99 "106";
107 1 0 6,164 "107";
108 1 0 15,171 "108";
109 1 1 169,182 "109";
110 1 1 36,158 "110";
111 2 1 100,144 "111";
112 1 1 76,182 "112";
113 1 0 53,79 "113";
114 0 0 82,172 "114";
115 1 0 45,52 "115";
116 1 0 22,104 "116";
117 1 1 164,200 "117";
118 0 0 141,212 "118";
119 0 0 163,178 "119";
120 0 1 116,122 "120";
121 2 0 81,173 "121";
122 2 0 118,178 "122";
123 0 1 147,195 "123";
124 2 0 24,137 "124";
125 1 0 26,141 "125";
126 1 0 48,169 "126";
127 1 1 56,111 "127";
128 1 1 155,158 "128";
129 2 1 22,120 "129";
130 0 0 30,48 "130";
131 1 1 166,215 "131";
132 2 1 3,84 "132";
133 2 0 10,92 "133";
134 0 1 78,130 "134";
135 2 0 45,145 "135";
136 2 1 10,158 "136";
137 1 1 68,99 "137";
138 1 0 13,28 "138";
139 0 1 29,87 "139";
140 1 0 100,108 "140";
141 0 1 11,93 "141";
142 0 1 40,106 "142";
143 1 1 76,136 "143";
144 2 1 37,201 "144";
145 0 0 12,171 "145";
146 2 0 34,206 "146";
147 0 1 194,218 "147";
148 1 0 62,190 "148";
149 1 1 43,201 "149";
150 1 0 40,184 "150";
151 2 1 66,159 "151";
152 2 1 25,127 "152";
153 2 0 34,104 "153";
154 1 1 105,196 "154";
155 2 0 18,203 "155";
156 1 0 186,211 "156";
157 2 0 97,139 "157";
158 0 1 60,174 "158";
159 2 1 96,97 "159";
160 2 0 59,193 "160";
161 1 0 73,120 "161";
162 0 0 148,207 "162";
163 1 0 0,6 "163";
164 1 0 79,118 "164";
165 1 1 202,205 "165";
166 0 1 16,32 "166";
167 1 1 18,207 "167";
168 2 1 27,127 "168";
169 1 1 28,179 "169";
170 1 0 113,177 "170";
171 0 1 116,178 "171";
172 2 1 135,207 "172";
173 0 0 21,194 "173";
174 1 1 19,81 "174";
175 0 1 145,164 "175";
176 2 0 50,154 "176";
177 0 1 125,148 "177";
178 2 0 1,179 "178";
179 2 1 48,91 "179";
180 0 1 42,151 "180";
181 0 1 74,213 "181";
182 1 1 65,105 "182";
183 1 0 112,216 "183";
184 1 1 31,195 "184";
185 1 1 96,171 "185";
186 1 1 141,211 "186";
187 1 0 35,44 "187";
188 2 0 33,184 "188";
189 2 0 9,72 "189";
190 2 0 33,199 "190";
191 1 1 28,102 "191";
192 1 0 65,83 "192";
193 2 0 54,129 "193";
194 1 1 37,134 "194";
195 2 0 34,157 "195";
196 0 0 17,150 "196";
197 2 1 149,198 "197";
198 2 1 79,159 "198";
199 0 0 5,162 "199";
200 2 1 62,111 "200";
201 0 0 67,91 "201";
202 2 0 45,215 "202";
203 0 0 65,169 "203";
204 2 1 169,214 "204";
205 1 0 109,139 "205";
206 1 0 48,179 "206";
207 1 1 21,53 "207";
208 2 0 145,211 "208";
209 1 1 98,199 "209";
210 2 0 66,105 "210";
211 1 1 62,172 "211";
212 2 0 27,64 "212";
213 0 1 29,98 "213";
214 1 1 113,181 "214";
215 0 1 57,193 "215";
216 0 0 95,197 "216";
217 1 1 64,69 "217";
218 2 0 9,39 "218";
219 0 1 14,175 "219";
