parity 289;
0 1 1 32,58 "0";
1 2 0 62,177 "1";
2 0 1 124,267 "2";
3 0 0 67,104 "3";
4 2 0 66,124 "4";
5 0 1 46,256 "5";
6 2 1 152,181 "6";
7 0 1 153,157 "7";
8 2 0 38,96 "8";
9 0 1 32,216 "9";
10 2 1 33,86 "10";
11 0 1 13,72 "11";
12 0 1 110,242 "12";
13 2 1 23,280 "13";
14 1 1 97,224 "14";
15 2 0 90,141 "15";
16 2 1 26,276 "16";
17 0 1 193,223 "17";
18 0 1 198,284 "18";
19 1 0 114,285 "19";
20 1 1 82,86 "20";
21 0 0 137,173 "21";
22 1 1 38,74 "22";
23 0 0 81,266 "23";
24 0 0 99,210 "24";
25 0 0 146,184 "25";
26 2 0 171,214 "26";
27 2 0 59,127 "27";
28 2 0 105,231 "28";
29 1 1 174,192 "29";
30 2 0 29,166 "30";
31 1 0 99,204 "31";
32 1 0 31,49 "32";
33 1 1 163,271 "33";
34 1 1 185,190 "34";
35 2 1 111,168 "35";
36 0 1 21,69 "36";
37 2 0 188,270 "37";
38 0 1 106,117 "38";
39 0 0 141,212 "39";
40 0 1 9,117 "40";
41 1 0 196,256 "41";
42 1 1 165,271 "42";
43 2 0 122,220 "43";
44 2 0 214,289 "44";
45 1 1 25,262 "45";
46 2 0 103,163 "46";
47 1 0 212,225 "47";
48 1 1 145,241 "48";
49 0 1 227,231 "49";
50 2 1 30,147 "50";
51 2 1 34,209 "51";
52 0 1 9,258 "52";
53 1 0 14,142 "53";
54 2 0 106,261 "54";
55 2 0 5,92 "55";
56 2 0 2,123 "56";
57 1 0 81,231 "57";
58 1 1 167,181 "58";
59 1 1 23,160 "59";
60 0 0 134,205 "60";
61 2 1 102,152 "61";
62 1 1 92,214 "62";
63 2 1 149,176 "63";
64 2 1 170,244 "64";
65 0 0 129,245 "65";
66 1 1 5,203 "66";
67 1 0 104,229 "67";
68 2 1 4,98 "68";
69 2 1 39,203 "69";
70 0 1 255,265 "70";
71 1 0 24,96 "71";
72 2 0 63,253 "72";
73 0 0 245,256 "73";
74 1 1 199,272 "74";
75 1 0 15,93 "75";
76 0 1 30,115 "76";
77 2 1 30,101 "77";
78 1 1 2,172 "78";
79 0 1 185,287 "79";
80 0 1 84,175 "80";
81 1 0 49,216 "81";
82 1 0 138,201 "82";
83 0 1 94,207 "83";
84 1 0 137,225 "84";
85 2 1 39,205 "85";
86 2 1 16,176 "86";
87 1 1 79,130 "87";
88 2 0 10,263 "88";
89 1 0 83,209 "89";
90 0 1 55,164 "90";
91 2 0 149,214 "91";
92 0 0 167,230 "92";
93 1 1 83,267 "93";
94 2 1 15,67 "94";
95 2 1 205,221 "95";
96 0 0 32,78 "96";
97 1 1 34,60 "97";
98 1 1 97,245 "98";
99 0 1 29,271 "99";
100 1 0 127,224 "100";
101 0 0 180,261 "101";
102 0 1 95,182 "102";
103 2 0 110,227 "103";
104 2 0 10,105 "104";
105 2 0 195,273 "105";
106 2 1 137,283 "106";
107 1 1 99,194 "107";
108 1 1 130,190 "108";
109 2 0 0,127 "109";
110 1 1 16,69 "110";
111 2 1 64,219 "111";
112 2 1 43,100 "112";
113 0 1 178,281 "113";
114 2 1 126,147 "114";
115 0 0 136,289 "115";
116 2 0 59,225 "116";
117 2 1 102,212 "117";
118 1 0 3,76 "118";
119 1 0 33,244 "119";
120 2 1 88,147 "120";
121 1 0 3,118 "121";
122 2 0 124,150 "122";
123 1 1 56,82 "123";
124 2 0 66,166 "124";
125 1 1 83,160 "125";
126 0 1 160,284 "126";
127 2 1 52,165 "127";
128 0 0 6,27 "128";
129 0 1 254,285 "129";
130 1 0 54,137 "130";
131 1 1 15,230 "131";
132 2 1 67,223 "132";
133 2 0 223,226 "133";
134 0 1 107,218 "134";
135 0 1 247,257 "135";
136 0 1 5,23 "136";
137 2 1 2,176 "137";
138 1 0 58,120 "138";
139 0 0 167,183 "139";
140 1 0 37,213 "140";
141 1 1 42,238 "141";
142 2 0 210,252 "142";
143 2 1 160,262 "143";
144 0 1 217,258 "144";
145 2 1 58,226 "145";
146 0 0 201,230 "146";
147 0 1 120,273 "147";
148 1 1 82,96 "148";
149 2 1 91,99 "149";
150 0 0 70,135 "150";
151 1 0 239,271 "151";
152 2 1 148,156 "152";
153 2 1 18,277 "153";
154 0 0 61,243 "154";
155 0 0 26,207 "155";
156 0 1 6,58 "156";
157 2 1 24,115 "157";
158 1 1 73,118 "158";
159 1 1 18,49 "159";
160 2 0 152,222 "160";
161 1 0 65,277 "161";
162 1 0 178,264 "162";
163 0 1 108,256 "163";
164 2 0 48,136 "164";
165 0 0 70,227 "165";
166 2 0 44,248 "166";
167 1 0 7,268 "167";
168 0 1 3,164 "168";
169 1 1 33,40 "169";
170 1 0 2,163 "170";
171 1 1 45,159 "171";
172 1 0 105,257 "172";
173 0 1 6,242 "173";
174 0 0 88,209 "174";
175 1 1 104,170 "175";
176 2 0 4,36 "176";
177 2 0 183,229 "177";
178 0 1 48,278 "178";
179 2 1 9,88 "179";
180 0 0 127,139 "180";
181 1 0 171,182 "181";
182 2 0 162,238 "182";
183 2 1 149,268 "183";
184 1 1 23,165 "184";
185 2 1 66,232 "185";
186 0 0 178,244 "186";
187 0 1 66,152 "187";
188 1 0 80,112 "188";
189 1 0 165,252 "189";
190 0 1 3,258 "190";
191 1 0 20,130 "191";
192 2 0 25,62 "192";
193 0 1 164,245 "193";
194 2 0 23,166 "194";
195 1 1 266,274 "195";
196 2 1 180,235 "196";
197 2 1 199,224 "197";
198 1 0 112,124 "198";
199 0 0 66,111 "199";
200 1 1 274,277 "200";
201 2 0 176,219 "201";
202 0 1 21,199 "202";
203 2 0 245,285 "203";
204 1 1 101,225 "204";
205 0 0 66,277 "205";
206 0 0 8,189 "206";
207 1 1 8,99 "207";
208 0 0 44,54 "208";
209 2 1 68,143 "209";
210 1 1 42,168 "210";
211 1 0 263,277 "211";
212 0 0 120,195 "212";
213 0 1 118,255 "213";
214 2 0 48,260 "214";
215 0 1 77,263 "215";
216 2 1 29,63 "216";
217 1 1 83,163 "217";
218 1 1 4,189 "218";
219 0 1 4,163 "219";
220 1 1 260,264 "220";
221 2 0 71,141 "221";
222 2 1 44,50 "222";
223 0 0 87,204 "223";
224 0 1 60,154 "224";
225 2 0 145,278 "225";
226 1 1 263,274 "226";
227 2 1 36,52 "227";
228 0 0 32,143 "228";
229 1 0 91,110 "229";
230 1 0 158,269 "230";
231 0 1 119,127 "231";
232 2 0 50,171 "232";
233 1 1 31,37 "233";
234 2 0 117,237 "234";
235 2 0 55,264 "235";
236 0 0 34,192 "236";
237 2 0 110,148 "237";
238 0 1 134,207 "238";
239 2 0 109,175 "239";
240 1 1 197,209 "240";
241 2 0 199,214 "241";
242 1 0 89,230 "242";
243 2 0 124,198 "243";
244 2 1 106,156 "244";
245 2 1 121,128 "245";
246 1 0 107,211 "246";
247 1 1 39,103 "247";
248 2 1 130,277 "248";
249 2 0 117,268 "249";
250 2 0 240,266 "250";
251 0 0 94,273 "251";
252 0 1 71,122 "252";
253 1 0 128,237 "253";
254 1 1 225,265 "254";
255 0 1 58,224 "255";
256 2 1 15,74 "256";
257 0 1 201,268 "257";
258 1 0 22,160 "258";
259 1 1 116,160 "259";
260 1 1 68,204 "260";
261 2 1 152,259 "261";
262 0 1 32,288 "262";
263 2 0 49,81 "263";
264 2 1 86,117 "264";
265 1 0 77,92 "265";
266 1 0 3,204 "266";
267 0 1 120,162 "267";
268 0 1 65,170 "268";
269 2 1 47,240 "269";
270 0 1 195,212 "270";
271 1 0 258,282 "271";
272 2 0 158,174 "272";
273 1 0 54,167 "273";
274 0 1 5,51 "274";
275 1 0 38,134 "275";
276 1 1 227,288 "276";
277 2 0 164,198 "277";
278 0 0 31,142 "278";
279 1 1 256,272 "279";
280 2 1 145,181 "280";
281 2 0 178,250 "281";
282 0 0 199,220 "282";
283 0 1 25,50 "283";
284 2 1 42,196 "284";
285 1 0 18,125 "285";
286 1 0 77,215 "286";
287 1 0 68,177 "287";
288 1 1 12,109 "288";
289 2 1 55,281 "289";
