parity 284;
0 0 1 154,256 "0";
1 1 1 123,259 "1";
2 0 1 100,129 "2";
3 2 0 156,230 "3";
4 0 0 107,218 "4";
5 2 1 153,189 "5";
6 0 0 260,282 "6";
7 0 1 14,100 "7";
8 0 1 122,166 "8";
9 2 0 75,256 "9";
10 0 1 97,124 "10";
11 1 0 137,160 "11";
12 2 1 81,235 "12";
13 2 1 113,251 "13";
14 2 1 6,68 "14";
15 0 1 57,79 "15";
16 0 0 79,276 "16";
17 2 0 134,210 "17";
18 2 0 240,259 "18";
19 1 0 79,132 "19";
20 2 1 81,200 "20";
21 2 1 153,202 "21";
22 0 0 33,56 "22";
23 2 1 18,160 "23";
24 0 0 148,269 "24";
25 1 1 158,225 "25";
26 1 0 93,277 "26";
27 1 0 75,272 "27";
28 1 1 264,268 "28";
29 0 1 123,277 "29";
30 1 1 168,195 "30";
31 1 0 34,76 "31";
32 1 1 41,90 "32";
33 0 0 186,235 "33";
34 1 0 189,219 "34";
35 0 1 66,118 "35";
36 0 0 187,249 "36";
37 1 0 146,198 "37";
38 2 0 76,125 "38";
39 1 0 7,218 "39";
40 1 1 260,263 "40";
41 1 1 26,48 "41";
42 1 1 180,282 "42";
43 1 1 32,217 "43";
44 1 0 105,282 "44";
45 2 1 20,187 "45";
46 1 1 43,89 "46";
47 2 0 233,278 "47";
48 2 1 41,196 "48";
49 2 1 7,197 "49";
50 0 0 49,215 "50";
51 1 0 70,163 "51";
52 2 1 114,132 "52";
53 2 1 70,275 "53";
54 1 0 22,29 "54";
55 0 1 16,280 "55";
56 0 0 70,172 "56";
57 0 1 192,230 "57";
58 0 1 21,81 "58";
59 0 1 31,51 "59";
60 0 1 115,169 "60";
61 1 1 4,100 "61";
62 1 1 48,238 "62";
63 1 1 14,139 "63";
64 0 0 3,92 "64";
65 0 0 152,209 "65";
66 2 0 133,264 "66";
67 0 0 51,169 "67";
68 0 0 87,225 "68";
69 0 1 88,95 "69";
70 2 0 114,191 "70";
71 2 0 38,277 "71";
72 2 1 96,217 "72";
73 2 1 79,180 "73";
74 2 1 70,225 "74";
75 1 1 158,258 "75";
76 1 1 57,259 "76";
77 1 1 223,256 "77";
78 2 1 9,59 "78";
79 0 0 18,252 "79";
80 0 1 89,244 "80";
81 0 0 66,100 "81";
82 1 0 64,93 "82";
83 0 1 14,235 "83";
84 0 0 188,280 "84";
85 0 1 94,271 "85";
86 2 1 33,62 "86";
87 1 1 156,174 "87";
88 2 0 115,139 "88";
89 0 1 112,153 "89";
90 0 1 13,159 "90";
91 2 0 58,133 "91";
92 1 0 100,236 "92";
93 2 0 59,265 "93";
94 2 0 87,128 "94";
95 0 1 94,173 "95";
96 2 1 144,201 "96";
97 2 1 72,121 "97";
98 0 0 45,108 "98";
99 2 1 174,211 "99";
100 1 1 115,279 "100";
101 0 1 197,265 "101";
102 1 1 47,82 "102";
103 2 1 185,252 "103";
104 2 1 105,173 "104";
105 0 0 92,96 "105";
106 0 1 4,8 "106";
107 1 0 136,235 "107";
108 1 1 179,202 "108";
109 2 1 86,158 "109";
110 0 0 112,142 "110";
111 2 0 169,200 "111";
112 1 0 66,143 "112";
113 0 1 72,77 "113";
114 2 1 128,147 "114";
115 0 0 56,62 "115";
116 1 1 78,205 "116";
117 1 0 261,283 "117";
118 2 1 72,134 "118";
119 0 0 59,69 "119";
120 0 1 214,269 "120";
121 0 0 100,203 "121";
122 1 1 42,97 "122";
123 0 0 30,124 "123";
124 1 1 73,210 "124";
125 1 1 0,159 "125";
126 1 1 40,155 "126";
127 1 0 99,202 "127";
128 2 0 94,274 "128";
129 0 1 62,103 "129";
130 2 1 81,143 "130";
131 2 0 167,271 "131";
132 1 0 151,208 "132";
133 1 0 24,39 "133";
134 2 0 33,112 "134";
135 2 1 29,67 "135";
136 1 1 49,162 "136";
137 0 0 26,281 "137";
138 2 1 50,102 "138";
139 1 0 63,199 "139";
140 0 0 41,216 "140";
141 2 1 122,251 "141";
142 1 1 5,217 "142";
143 2 1 123,148 "143";
144 0 1 62,89 "144";
145 0 1 0,255 "145";
146 0 0 107,246 "146";
147 1 1 78,267 "147";
148 0 1 77,111 "148";
149 0 0 20,38 "149";
150 0 0 48,261 "150";
151 1 0 10,128 "151";
152 0 1 160,212 "152";
153 1 1 183,278 "153";
154 0 0 19,215 "154";
155 2 1 125,229 "155";
156 0 1 18,73 "156";
157 2 1 30,246 "157";
158 2 1 174,239 "158";
159 2 0 88,259 "159";
160 2 0 24,235 "160";
161 2 0 204,284 "161";
162 0 1 75,83 "162";
163 0 0 172,272 "163";
164 1 1 85,247 "164";
165 1 0 204,278 "165";
166 0 1 140,230 "166";
167 1 0 96,199 "167";
168 1 1 105,223 "168";
169 0 0 20,158 "169";
170 2 1 174,257 "170";
171 2 1 139,154 "171";
172 2 1 60,129 "172";
173 0 0 75,80 "173";
174 0 0 109,272 "174";
175 2 1 107,120 "175";
176 2 1 44,114 "176";
177 0 0 73,85 "177";
178 0 1 33,226 "178";
179 1 0 149,265 "179";
180 1 0 2,8 "180";
181 0 0 78,282 "181";
182 1 0 62,146 "182";
183 0 0 114,214 "183";
184 0 0 92,109 "184";
185 2 0 54,83 "185";
186 0 1 121,280 "186";
187 2 1 122,284 "187";
188 1 0 25,108 "188";
189 2 1 128,135 "189";
190 0 1 151,234 "190";
191 0 0 162,169 "191";
192 0 1 71,206 "192";
193 1 0 22,62 "193";
194 1 0 18,37 "194";
195 2 1 237,242 "195";
196 0 0 3,191 "196";
197 2 0 79,282 "197";
198 2 0 117,123 "198";
199 1 1 126,230 "199";
200 2 1 152,176 "200";
201 0 1 73,109 "201";
202 1 1 75,282 "202";
203 0 1 68,191 "203";
204 1 0 13,259 "204";
205 0 0 112,266 "205";
206 0 1 1,209 "206";
207 2 0 120,156 "207";
208 1 0 7,156 "208";
209 2 1 29,62 "209";
210 1 1 68,140 "210";
211 0 0 67,266 "211";
212 2 1 109,122 "212";
213 2 0 70,196 "213";
214 1 0 102,155 "214";
215 0 1 35,277 "215";
216 1 1 128,226 "216";
217 0 1 214,276 "217";
218 0 1 196,278 "218";
219 1 0 21,240 "219";
220 2 1 210,229 "220";
221 1 1 32,132 "221";
222 1 1 1,185 "222";
223 2 1 19,120 "223";
224 2 0 187,222 "224";
225 2 1 188,272 "225";
226 1 1 58,179 "226";
227 2 0 99,241 "227";
228 1 1 88,256 "228";
229 1 1 12,264 "229";
230 1 1 35,39 "230";
231 2 0 40,198 "231";
232 0 0 26,194 "232";
233 2 0 41,101 "233";
234 1 1 5,208 "234";
235 0 0 100,167 "235";
236 1 0 223,283 "236";
237 2 0 98,130 "237";
238 1 0 118,229 "238";
239 1 0 72,92 "239";
240 0 0 39,97 "240";
241 2 1 138,162 "241";
242 2 1 15,196 "242";
243 1 0 51,235 "243";
244 2 0 14,149 "244";
245 0 1 278,281 "245";
246 1 0 100,206 "246";
247 2 1 85,181 "247";
248 0 1 88,193 "248";
249 1 1 75,159 "249";
250 1 0 204,240 "250";
251 2 1 90,110 "251";
252 0 0 203,239 "252";
253 0 1 76,265 "253";
254 1 1 39,205 "254";
255 2 1 125,252 "255";
256 1 0 65,281 "256";
257 1 0 28,111 "257";
258 1 0 179,253 "258";
259 1 1 143,252 "259";
260 1 1 25,281 "260";
261 0 1 81,88 "261";
262 1 0 20,156 "262";
263 1 0 62,135 "263";
264 2 1 104,125 "264";
265 2 0 56,262 "265";
266 2 0 171,278 "266";
267 1 0 162,164 "267";
268 1 0 129,210 "268";
269 0 1 30,77 "269";
270 0 1 49,73 "270";
271 2 0 52,251 "271";
272 2 0 241,253 "272";
273 2 1 78,115 "273";
274 0 1 127,271 "274";
275 2 0 104,281 "275";
276 2 0 27,188 "276";
277 1 1 236,244 "277";
278 2 1 184,200 "278";
279 0 1 4,281 "279";
280 0 1 109,237 "280";
281 1 0 123,256 "281";
282 2 1 59,240 "282";
283 2 1 1,63 "283";
284 0 1 94,150 "284";
