parity 294;
0 1 1 147,198 "0";
1 0 0 240,263 "1";
2 0 1 93,277 "2";
3 0 0 91,128 "3";
4 1 0 82,214 "4";
5 1 0 22,292 "5";
6 2 1 192,236 "6";
7 1 1 64,250 "7";
8 1 1 3,11 "8";
9 2 1 75,252 "9";
10 0 0 201,256 "10";
11 0 1 144,193 "11";
12 2 1 33,139 "12";
13 0 0 140,197 "13";
14 0 0 90,131 "14";
15 1 1 170,261 "15";
16 1 0 23,269 "16";
17 1 1 173,289 "17";
18 0 1 131,282 "18";
19 1 0 149,239 "19";
20 2 0 48,205 "20";
21 2 0 165,208 "21";
22 0 0 48,159 "22";
23 2 1 172,254 "23";
24 0 1 33,70 "24";
25 0 0 74,86 "25";
26 2 0 257,270 "26";
27 1 1 35,188 "27";
28 2 0 156,261 "28";
29 2 0 53,281 "29";
30 0 0 82,218 "30";
31 2 1 288,292 "31";
32 0 1 165,183 "32";
33 1 0 63,193 "33";
34 1 1 33,115 "34";
35 2 1 125,234 "35";
36 1 1 155,171 "36";
37 0 1 42,255 "37";
38 1 0 29,59 "38";
39 2 1 43,70 "39";
40 2 1 100,266 "40";
41 2 0 129,197 "41";
42 0 0 52,205 "42";
43 0 1 200,264 "43";
44 0 1 137,262 "44";
45 0 0 63,117 "45";
46 1 1 136,210 "46";
47 1 0 29,264 "47";
48 2 1 52,57 "48";
49 0 1 3,258 "49";
50 2 0 205,270 "50";
51 1 1 126,203 "51";
52 1 0 66,112 "52";
53 2 1 173,208 "53";
54 0 1 24,162 "54";
55 1 0 93,265 "55";
56 1 1 131,196 "56";
57 1 0 7,8 "57";
58 1 1 135,221 "58";
59 0 0 155,259 "59";
60 0 1 44,205 "60";
61 1 0 3,217 "61";
62 0 0 103,288 "62";
63 1 0 158,224 "63";
64 1 0 99,116 "64";
65 0 0 118,220 "65";
66 0 0 14,283 "66";
67 0 0 21,94 "67";
68 0 0 0,277 "68";
69 1 1 63,198 "69";
70 1 0 119,166 "70";
71 0 1 27,164 "71";
72 0 1 134,286 "72";
73 1 1 164,239 "73";
74 1 1 140,268 "74";
75 1 0 41,86 "75";
76 1 1 8,91 "76";
77 1 1 217,287 "77";
78 1 0 13,227 "78";
79 1 1 138,239 "79";
80 0 1 26,37 "80";
81 1 1 175,204 "81";
82 0 1 75,163 "82";
83 1 0 23,74 "83";
84 2 1 18,178 "84";
85 0 0 23,229 "85";
86 2 1 67,97 "86";
87 1 0 10,288 "87";
88 1 0 84,258 "88";
89 1 0 5,33 "89";
90 2 1 2,16 "90";
91 0 1 10,184 "91";
92 1 1 44,194 "92";
93 1 0 68,273 "93";
94 2 1 26,271 "94";
95 2 1 161,250 "95";
96 2 0 38,83 "96";
97 1 0 118,291 "97";
98 1 0 22,204 "98";
99 1 1 72,104 "99";
100 0 0 142,276 "100";
101 1 0 203,222 "101";
102 2 1 61,93 "102";
103 2 1 119,203 "103";
104 0 1 90,282 "104";
105 2 0 32,140 "105";
106 0 0 137,266 "106";
107 1 1 5,178 "107";
108 0 0 57,265 "108";
109 1 1 8,68 "109";
110 1 0 87,90 "110";
111 1 0 53,58 "111";
112 2 1 101,175 "112";
113 0 0 184,270 "113";
114 1 1 191,213 "114";
115 0 0 111,140 "115";
116 2 1 189,227 "116";
117 1 0 149,235 "117";
118 2 0 124,148 "118";
119 2 0 46,282 "119";
120 0 0 4,73 "120";
121 0 0 201,242 "121";
122 1 1 200,243 "122";
123 0 1 28,49 "123";
124 2 0 98,253 "124";
125 1 1 81,259 "125";
126 2 1 9,212 "126";
127 0 0 213,272 "127";
128 2 0 140,286 "128";
129 1 1 134,196 "129";
130 0 0 239,251 "130";
131 0 1 85,220 "131";
132 1 1 129,251 "132";
133 0 0 84,260 "133";
134 1 0 59,147 "134";
135 0 1 17,273 "135";
136 2 1 144,215 "136";
137 2 0 59,177 "137";
138 0 0 48,294 "138";
139 2 0 144,225 "139";
140 2 0 86,129 "140";
141 2 1 163,257 "141";
142 1 1 137,270 "142";
143 2 1 15,219 "143";
144 0 0 4,217 "144";
145 2 0 54,244 "145";
146 0 1 99,148 "146";
147 0 0 10,123 "147";
148 2 1 19,163 "148";
149 1 1 12,195 "149";
150 1 1 79,187 "150";
151 0 1 140,162 "151";
152 0 1 101,248 "152";
153 0 1 25,126 "153";
154 2 1 149,218 "154";
155 2 0 162,199 "155";
156 2 0 28,29 "156";
157 0 1 13,274 "157";
158 2 0 27,116 "158";
159 2 0 185,276 "159";
160 1 1 143,163 "160";
161 1 1 93,288 "161";
162 2 1 123,210 "162";
163 0 0 51,121 "163";
164 2 0 52,63 "164";
165 0 1 122,199 "165";
166 1 0 39,88 "166";
167 1 1 61,123 "167";
168 0 1 136,208 "168";
169 1 0 171,208 "169";
170 0 1 13,248 "170";
171 0 0 30,247 "171";
172 0 0 108,133 "172";
173 2 1 37,51 "173";
174 1 1 33,99 "174";
175 0 1 106,264 "175";
176 1 0 87,212 "176";
177 1 0 79,189 "177";
178 0 0 169,258 "178";
179 0 1 187,242 "179";
180 1 1 51,67 "180";
181 1 1 20,60 "181";
182 0 1 69,118 "182";
183 2 1 56,67 "183";
184 2 1 40,119 "184";
185 2 1 191,275 "185";
186 1 1 75,83 "186";
187 2 0 43,272 "187";
188 0 1 64,149 "188";
189 1 0 16,267 "189";
190 1 1 51,165 "190";
191 1 1 15,243 "191";
192 2 1 119,182 "192";
193 1 1 160,161 "193";
194 2 0 88,131 "194";
195 0 0 56,206 "195";
196 1 0 120,185 "196";
197 1 1 90,242 "197";
198 0 1 136,147 "198";
199 0 0 15,162 "199";
200 0 0 49,61 "200";
201 0 0 2,139 "201";
202 1 1 103,109 "202";
203 1 0 10,169 "203";
204 2 0 53,198 "204";
205 2 1 38,215 "205";
206 2 1 31,106 "206";
207 1 1 69,253 "207";
208 2 0 17,235 "208";
209 1 1 46,187 "209";
210 0 1 110,214 "210";
211 1 0 239,275 "211";
212 2 1 6,34 "212";
213 1 0 18,67 "213";
214 1 0 185,246 "214";
215 0 0 99,164 "215";
216 0 1 55,149 "216";
217 0 0 9,91 "217";
218 2 0 107,116 "218";
219 0 0 152,293 "219";
220 1 0 137,250 "220";
221 0 0 82,275 "221";
222 1 0 35,51 "222";
223 1 0 81,83 "223";
224 2 0 89,214 "224";
225 2 0 7,45 "225";
226 2 1 83,95 "226";
227 1 0 12,169 "227";
228 2 1 140,211 "228";
229 0 1 196,266 "229";
230 2 0 87,252 "230";
231 2 0 17,185 "231";
232 0 1 165,284 "232";
233 1 1 24,48 "233";
234 0 0 196,294 "234";
235 0 0 184,192 "235";
236 0 1 41,265 "236";
237 2 0 151,270 "237";
238 0 0 157,257 "238";
239 0 0 12,205 "239";
240 0 1 99,146 "240";
241 0 1 184,280 "241";
242 0 1 133,155 "242";
243 0 1 57,181 "243";
244 2 1 49,152 "244";
245 1 1 11,149 "245";
246 1 0 76,109 "246";
247 1 1 0,267 "247";
248 1 1 59,286 "248";
249 1 1 36,256 "249";
250 0 1 62,223 "250";
251 2 0 247,268 "251";
252 0 0 93,249 "252";
253 2 1 51,155 "253";
254 1 0 167,240 "254";
255 1 1 125,217 "255";
256 1 0 171,275 "256";
257 0 0 49,83 "257";
258 2 1 11,221 "258";
259 1 0 82,182 "259";
260 0 0 3,129 "260";
261 1 0 25,91 "261";
262 2 1 2,166 "262";
263 2 1 215,269 "263";
264 0 1 56,206 "264";
265 2 1 28,168 "265";
266 0 1 29,129 "266";
267 1 0 110,148 "267";
268 1 0 29,92 "268";
269 1 1 46,195 "269";
270 1 1 65,139 "270";
271 2 0 156,215 "271";
272 1 0 54,224 "272";
273 0 1 19,52 "273";
274 0 0 67,286 "274";
275 1 0 202,293 "275";
276 1 1 222,273 "276";
277 0 0 79,90 "277";
278 0 1 32,41 "278";
279 0 1 24,183 "279";
280 2 1 8,234 "280";
281 2 1 47,175 "281";
282 2 0 125,271 "282";
283 0 1 133,237 "283";
284 2 0 91,275 "284";
285 0 1 15,16 "285";
286 2 0 62,272 "286";
287 0 1 71,154 "287";
288 2 0 106,272 "288";
289 0 1 107,277 "289";
290 1 1 163,177 "290";
291 0 1 23,30 "291";
292 0 0 29,110 "292";
293 2 0 196,197 "293";
294 2 1 98,152 "294";
