parity 204;
0 0 1 35,141 "0";
1 2 1 26,91 "1";
2 0 0 62,192 "2";
3 2 1 19,182 "3";
4 0 1 136,203 "4";
5 2 1 135,155 "5";
6 0 0 104,144 "6";
7 0 1 116,133 "7";
8 2 1 31,137 "8";
9 2 1 157,204 "9";
10 1 1 66,175 "10";
11 1 0 68,72 "11";
12 1 0 29,139 "12";
13 0 1 150,187 "13";
14 2 0 154,175 "14";
15 1 1 81,159 "15";
16 2 0 56,125 "16";
17 1 1 129,172 "17";
18 0 0 93,150 "18";
19 2 1 83,181 "19";
20 2 0 127,162 "20";
21 2 0 19,98 "21";
22 0 0 5,36 "22";
23 2 0 11,38 "23";
24 1 0 158,204 "24";
25 0 1 116,156 "25";
26 0 0 38,80 "26";
27 0 0 16,40 "27";
28 2 0 85,167 "28";
29 2 1 40,98 "29";
30 1 0 59,124 "30";
31 0 0 114,162 "31";
32 2 1 5,99 "32";
33 2 0 127,202 "33";
34 1 1 149,203 "34";
35 2 1 51,182 "35";
36 1 0 34,81 "36";
37 1 1 30,39 "37";
38 1 0 105,169 "38";
39 0 1 82,152 "39";
40 0 1 12,69 "40";
41 0 1 119,201 "41";
42 2 1 36,195 "42";
43 0 1 135,191 "43";
44 1 0 174,199 "44";
45 1 1 28,162 "45";
46 1 1 63,147 "46";
47 0 0 29,115 "47";
48 1 1 20,174 "48";
49 1 0 75,92 "49";
50 0 1 142,160 "50";
51 2 1 24,170 "51";
52 1 1 163,182 "52";
53 1 1 100,150 "53";
54 1 1 165,188 "54";
55 0 1 44,86 "55";
56 1 1 22,50 "56";
57 0 0 44,112 "57";
58 1 1 8,74 "58";
59 1 1 131,204 "59";
60 0 0 88,136 "60";
61 0 0 39,66 "61";
62 2 0 74,131 "62";
63 1 0 38,106 "63";
64 0 0 36,93 "64";
65 0 1 86,115 "65";
66 2 0 11,197 "66";
67 0 1 114,116 "67";
68 1 0 63,98 "68";
69 2 0 111,158 "69";
70 0 1 91,197 "70";
71 2 1 16,164 "71";
72 0 0 115,163 "72";
73 0 0 40,190 "73";
74 1 0 81,112 "74";
75 1 0 24,194 "75";
76 0 1 86,190 "76";
77 0 1 75,175 "77";
78 2 0 153,156 "78";
79 0 0 48,173 "79";
80 2 1 17,87 "80";
81 1 1 54,116 "81";
82 2 0 154,186 "82";
83 0 0 17,191 "83";
84 2 1 72,126 "84";
85 1 0 48,67 "85";
86 0 0 158,200 "86";
87 2 0 29,40 "87";
88 0 1 3,66 "88";
89 0 1 172,176 "89";
90 2 1 49,53 "90";
91 0 1 73,168 "91";
92 0 1 117,194 "92";
93 0 0 10,191 "93";
94 0 0 135,141 "94";
95 0 1 43,72 "95";
96 0 1 98,184 "96";
97 0 0 27,96 "97";
98 1 1 62,157 "98";
99 2 0 72,98 "99";
100 2 1 41,109 "100";
101 1 1 3,189 "101";
102 1 1 120,147 "102";
103 2 1 49,169 "103";
104 0 0 156,163 "104";
105 1 1 28,121 "105";
106 1 0 168,169 "106";
107 1 1 144,166 "107";
108 1 0 26,79 "108";
109 1 1 84,163 "109";
110 0 1 30,32 "110";
111 2 0 20,24 "111";
112 2 0 29,172 "112";
113 2 0 152,170 "113";
114 2 1 42,183 "114";
115 0 0 113,134 "115";
116 0 1 1,60 "116";
117 1 0 143,189 "117";
118 0 1 180,195 "118";
119 1 1 57,194 "119";
120 0 0 144,147 "120";
121 1 1 110,164 "121";
122 2 0 107,204 "122";
123 2 1 23,194 "123";
124 0 1 123,146 "124";
125 0 1 98,115 "125";
126 2 0 11,54 "126";
127 2 0 170,179 "127";
128 2 1 66,172 "128";
129 1 0 20,97 "129";
130 1 1 113,182 "130";
131 0 0 40,76 "131";
132 1 0 95,175 "132";
133 2 0 81,143 "133";
134 2 1 18,161 "134";
135 1 1 44,187 "135";
136 2 0 24,93 "136";
137 1 0 128,202 "137";
138 0 1 109,146 "138";
139 0 1 4,192 "139";
140 2 0 44,115 "140";
141 1 0 42,140 "141";
142 2 1 8,13 "142";
143 1 1 171,182 "143";
144 2 0 70,132 "144";
145 0 0 26,46 "145";
146 1 1 88,124 "146";
147 1 1 45,165 "147";
148 0 0 16,76 "148";
149 1 1 21,122 "149";
150 0 1 52,136 "150";
151 0 0 39,148 "151";
152 2 1 8,167 "152";
153 2 1 57,143 "153";
154 2 1 125,130 "154";
155 0 0 167,176 "155";
156 1 0 78,177 "156";
157 2 0 115,137 "157";
158 0 1 51,199 "158";
159 0 1 29,160 "159";
160 2 1 15,48 "160";
161 2 0 73,183 "161";
162 1 0 39,95 "162";
163 0 0 54,99 "163";
164 2 0 51,194 "164";
165 0 0 34,191 "165";
166 0 1 79,191 "166";
167 1 1 31,49 "167";
168 2 1 113,155 "168";
169 2 0 105,130 "169";
170 2 0 112,148 "170";
171 1 0 78,117 "171";
172 0 1 57,134 "172";
173 0 0 46,143 "173";
174 1 1 91,199 "174";
175 1 0 174,182 "175";
176 1 1 37,147 "176";
177 1 0 64,193 "177";
178 0 0 164,174 "178";
179 2 1 80,190 "179";
180 1 0 85,184 "180";
181 0 1 118,130 "181";
182 1 1 72,154 "182";
183 2 0 117,129 "183";
184 2 1 112,173 "184";
185 1 1 7,160 "185";
186 0 1 62,83 "186";
187 2 0 90,156 "187";
188 2 0 136,156 "188";
189 0 0 12,79 "189";
190 0 0 3,133 "190";
191 2 0 9,190 "191";
192 2 1 82,202 "192";
193 0 1 123,180 "193";
194 1 0 61,81 "194";
195 2 1 4,80 "195";
196 0 0 162,177 "196";
197 0 0 133,155 "197";
198 1 1 21,118 "198";
199 1 1 38,196 "199";
200 0 0 19,149 "200";
201 2 1 75,92 "201";
202 1 0 42,159 "202";
203 2 1 10,175 "203";
204 0 1 24,90 "204";
