parity 289;
0 2 0 112,193 "0";
1 2 1 35,43 "1";
2 1 0 36,236 "2";
3 2 0 16,52 "3";
4 1 1 5,231 "4";
5 1 0 6,263 "5";
6 2 1 106,132 "6";
7 2 0 3,13 "7";
8 0 1 65,105 "8";
9 1 1 162,193 "9";
10 0 1 193,265 "10";
11 2 1 123,166 "11";
12 1 1 76,84 "12";
13 2 1 47,56 "13";
14 2 1 16,81 "14";
15 0 0 115,133 "15";
16 1 0 205,217 "16";
17 2 1 130,190 "17";
18 0 1 22,236 "18";
19 2 1 158,167 "19";
20 2 0 96,242 "20";
21 1 0 18,244 "21";
22 2 1 28,144 "22";
23 1 1 205,229 "23";
24 0 0 5,282 "24";
25 2 0 161,182 "25";
26 0 0 154,228 "26";
27 1 0 65,160 "27";
28 2 0 9,268 "28";
29 2 1 185,266 "29";
30 1 1 59,100 "30";
31 0 0 49,165 "31";
32 1 0 108,150 "32";
33 1 1 41,93 "33";
34 1 1 103,151 "34";
35 1 0 174,194 "35";
36 0 0 137,240 "36";
37 2 0 102,119 "37";
38 1 1 18,197 "38";
39 1 1 96,244 "39";
40 0 0 150,288 "40";
41 1 1 55,209 "41";
42 2 0 121,268 "42";
43 0 1 134,226 "43";
44 0 1 131,224 "44";
45 1 1 214,246 "45";
46 0 0 151,279 "46";
47 0 1 4,231 "47";
48 1 0 80,207 "48";
49 0 1 88,93 "49";
50 2 1 20,119 "50";
51 0 0 132,149 "51";
52 1 0 5,176 "52";
53 1 0 62,127 "53";
54 2 0 142,183 "54";
55 0 0 25,58 "55";
56 0 1 9,156 "56";
57 0 1 56,149 "57";
58 0 0 113,116 "58";
59 1 1 62,142 "59";
60 1 0 68,206 "60";
61 2 0 77,141 "61";
62 2 1 9,14 "62";
63 0 0 89,267 "63";
64 0 0 55,111 "64";
65 1 0 139,212 "65";
66 2 0 86,94 "66";
67 0 1 23,86 "67";
68 2 0 23,66 "68";
69 0 0 92,258 "69";
70 1 0 196,215 "70";
71 2 0 127,205 "71";
72 0 0 69,99 "72";
73 1 1 36,143 "73";
74 1 1 37,113 "74";
75 1 1 13,169 "75";
76 1 1 190,289 "76";
77 0 0 232,235 "77";
78 2 0 154,173 "78";
79 1 0 66,208 "79";
80 1 1 64,231 "80";
81 0 1 10,272 "81";
82 2 1 27,93 "82";
83 0 1 25,43 "83";
84 1 0 144,195 "84";
85 0 1 178,206 "85";
86 1 1 169,180 "86";
87 1 1 133,271 "87";
88 0 1 34,222 "88";
89 2 0 99,116 "89";
90 0 1 62,113 "90";
91 0 0 140,270 "91";
92 1 1 53,180 "92";
93 0 0 96,222 "93";
94 2 1 121,200 "94";
95 2 0 155,179 "95";
96 1 0 167,177 "96";
97 0 1 29,152 "97";
98 2 1 154,260 "98";
99 1 0 255,263 "99";
100 0 0 214,236 "100";
101 1 0 117,267 "101";
102 2 1 147,231 "102";
103 2 0 145,266 "103";
104 1 0 185,231 "104";
105 0 1 108,277 "105";
106 0 0 102,249 "106";
107 2 1 3,216 "107";
108 0 1 87,196 "108";
109 2 1 50,94 "109";
110 1 0 132,174 "110";
111 2 1 222,273 "111";
112 2 0 161,284 "112";
113 1 0 8,170 "113";
114 1 0 63,153 "114";
115 2 0 157,279 "115";
116 2 0 232,281 "116";
117 0 1 85,171 "117";
118 0 1 94,223 "118";
119 2 1 74,185 "119";
120 1 0 98,203 "120";
121 1 1 233,289 "121";
122 0 0 24,101 "122";
123 1 1 104,267 "123";
124 1 1 38,233 "124";
125 2 0 183,270 "125";
126 0 1 23,178 "126";
127 2 1 35,225 "127";
128 2 1 9,46 "128";
129 0 0 37,250 "129";
130 0 1 17,175 "130";
131 1 0 0,183 "131";
132 0 0 111,149 "132";
133 2 1 71,123 "133";
134 1 0 40,276 "134";
135 1 0 88,224 "135";
136 2 1 67,208 "136";
137 0 0 23,113 "137";
138 0 0 18,256 "138";
139 1 0 144,169 "139";
140 0 0 19,78 "140";
141 1 1 41,136 "141";
142 2 1 4,36 "142";
143 2 1 4,225 "143";
144 1 1 37,74 "144";
145 0 1 129,239 "145";
146 2 1 241,243 "146";
147 2 0 0,139 "147";
148 2 1 52,253 "148";
149 2 1 22,183 "149";
150 0 1 202,242 "150";
151 1 1 214,252 "151";
152 1 0 218,244 "152";
153 1 1 8,261 "153";
154 2 0 212,217 "154";
155 0 1 154,268 "155";
156 0 1 192,268 "156";
157 2 1 102,277 "157";
158 2 1 92,174 "158";
159 2 0 196,232 "159";
160 0 0 67,175 "160";
161 2 1 104,155 "161";
162 2 1 27,90 "162";
163 1 0 45,206 "163";
164 1 1 143,239 "164";
165 0 1 153,183 "165";
166 2 0 11,158 "166";
167 0 1 82,203 "167";
168 1 0 65,230 "168";
169 1 1 1,74 "169";
170 2 1 144,275 "170";
171 1 1 66,117 "171";
172 1 0 39,102 "172";
173 2 1 2,191 "173";
174 0 1 80,110 "174";
175 0 0 132,145 "175";
176 1 1 74,162 "176";
177 2 0 19,275 "177";
178 1 0 57,58 "178";
179 1 0 57,256 "179";
180 0 1 136,184 "180";
181 1 1 106,278 "181";
182 2 1 58,164 "182";
183 1 1 29,121 "183";
184 1 0 54,285 "184";
185 0 1 116,138 "185";
186 2 0 217,250 "186";
187 2 1 116,184 "187";
188 0 1 43,247 "188";
189 1 0 86,206 "189";
190 0 1 20,162 "190";
191 0 0 103,236 "191";
192 1 1 152,173 "192";
193 2 1 58,266 "193";
194 2 0 13,75 "194";
195 0 0 177,201 "195";
196 0 1 10,103 "196";
197 2 0 25,32 "197";
198 0 1 21,270 "198";
199 0 1 116,245 "199";
200 1 1 96,209 "200";
201 0 0 133,247 "201";
202 1 0 273,279 "202";
203 0 0 197,253 "203";
204 1 1 79,144 "204";
205 0 1 65,101 "205";
206 1 0 54,207 "206";
207 1 0 256,268 "207";
208 2 0 240,246 "208";
209 1 0 84,168 "209";
210 0 0 34,157 "210";
211 1 0 167,197 "211";
212 0 0 98,276 "212";
213 0 1 212,252 "213";
214 1 0 41,85 "214";
215 0 0 99,149 "215";
216 2 1 157,172 "216";
217 2 0 149,158 "217";
218 0 0 65,66 "218";
219 2 0 104,176 "219";
220 2 0 144,278 "220";
221 1 1 35,119 "221";
222 2 1 15,282 "222";
223 0 1 71,162 "223";
224 2 0 153,253 "224";
225 2 0 216,261 "225";
226 2 0 65,88 "226";
227 2 1 192,208 "227";
228 1 1 149,154 "228";
229 1 1 155,163 "229";
230 2 1 47,259 "230";
231 0 1 72,269 "231";
232 2 0 30,120 "232";
233 1 1 122,223 "233";
234 2 0 50,225 "234";
235 0 0 54,220 "235";
236 2 1 194,244 "236";
237 2 0 2,179 "237";
238 0 0 222,252 "238";
239 2 1 29,208 "239";
240 0 1 43,149 "240";
241 2 1 98,189 "241";
242 1 1 172,203 "242";
243 0 0 3,10 "243";
244 2 1 120,174 "244";
245 1 1 189,230 "245";
246 2 0 7,98 "246";
247 1 1 52,113 "247";
248 0 0 174,268 "248";
249 1 1 81,162 "249";
250 2 1 28,266 "250";
251 2 0 25,60 "251";
252 0 0 91,132 "252";
253 1 1 26,128 "253";
254 1 0 202,277 "254";
255 0 0 201,243 "255";
256 2 1 165,243 "256";
257 1 1 97,157 "257";
258 1 0 79,138 "258";
259 1 0 44,238 "259";
260 2 0 11,176 "260";
261 1 0 243,272 "261";
262 1 1 23,204 "262";
263 1 0 43,165 "263";
264 0 0 27,100 "264";
265 0 1 31,224 "265";
266 1 1 24,167 "266";
267 0 1 120,124 "267";
268 2 0 86,116 "268";
269 0 0 122,173 "269";
270 1 1 216,265 "270";
271 0 1 170,209 "271";
272 2 0 107,149 "272";
273 1 1 38,250 "273";
274 1 1 250,261 "274";
275 0 0 207,244 "275";
276 2 1 183,200 "276";
277 0 1 232,234 "277";
278 0 1 163,221 "278";
279 2 0 12,39 "279";
280 0 0 94,162 "280";
281 2 0 83,220 "281";
282 0 0 44,82 "282";
283 1 0 93,109 "283";
284 0 0 194,265 "284";
285 0 1 67,225 "285";
286 1 0 80,265 "286";
287 1 0 18,267 "287";
288 1 0 159,213 "288";
289 0 0 207,277 "289";
