parity 229;
0 0 0 80,179 "0";
1 1 0 129,148 "1";
2 2 0 75,187 "2";
3 2 0 85,146 "3";
4 0 1 54,104 "4";
5 1 0 13,72 "5";
6 1 0 77,229 "6";
7 2 1 31,157 "7";
8 2 0 49,69 "8";
9 0 0 18,26 "9";
10 1 1 143,206 "10";
11 2 0 28,44 "11";
12 2 1 223,228 "12";
13 2 1 51,217 "13";
14 2 0 104,221 "14";
15 2 0 67,87 "15";
16 2 0 128,156 "16";
17 0 1 49,51 "17";
18 0 1 64,155 "18";
19 2 1 99,151 "19";
20 1 1 1,122 "20";
21 0 0 51,205 "21";
22 1 0 155,165 "22";
23 2 0 43,59 "23";
24 2 0 59,177 "24";
25 1 0 2,150 "25";
26 1 0 87,109 "26";
27 0 0 83,139 "27";
28 1 1 213,228 "28";
29 2 1 35,220 "29";
30 1 1 19,47 "30";
31 0 1 107,132 "31";
32 2 0 4,167 "32";
33 1 1 16,46 "33";
34 0 0 41,147 "34";
35 1 0 101,179 "35";
36 0 1 99,169 "36";
37 2 0 83,194 "37";
38 0 1 55,151 "38";
39 2 1 36,101 "39";
40 0 1 13,137 "40";
41 2 1 132,224 "41";
42 1 0 0,99 "42";
43 1 0 19,83 "43";
44 1 0 70,72 "44";
45 1 0 148,216 "45";
46 0 1 63,115 "46";
47 0 1 71,204 "47";
48 1 0 70,96 "48";
49 2 0 10,190 "49";
50 1 1 114,218 "50";
51 0 0 130,150 "51";
52 2 0 65,198 "52";
53 2 0 203,206 "53";
54 0 1 48,123 "54";
55 2 0 7,39 "55";
56 2 1 143,145 "56";
57 2 0 33,223 "57";
58 1 1 38,135 "58";
59 0 0 45,92 "59";
60 1 1 58,71 "60";
61 0 1 121,155 "61";
62 1 1 43,105 "62";
63 0 1 57,59 "63";
64 1 0 1,117 "64";
65 0 0 111,221 "65";
66 0 0 53,109 "66";
67 2 1 19,78 "67";
68 0 1 145,170 "68";
69 2 0 32,106 "69";
70 2 1 54,150 "70";
71 1 0 72,170 "71";
72 0 0 20,183 "72";
73 0 1 62,101 "73";
74 0 1 59,227 "74";
75 1 0 88,157 "75";
76 0 0 140,147 "76";
77 1 0 50,180 "77";
78 0 0 97,147 "78";
79 2 1 23,224 "79";
80 2 1 70,165 "80";
81 2 0 49,151 "81";
82 1 1 94,155 "82";
83 2 0 3,179 "83";
84 2 1 151,217 "84";
85 0 0 112,229 "85";
86 1 1 49,227 "86";
87 0 1 99,190 "87";
88 2 1 103,113 "88";
89 2 1 39,54 "89";
90 0 0 174,223 "90";
91 1 0 46,70 "91";
92 2 1 90,200 "92";
93 0 1 200,208 "93";
94 0 1 106,202 "94";
95 1 0 34,106 "95";
96 0 1 90,222 "96";
97 0 1 74,105 "97";
98 2 1 58,190 "98";
99 2 0 89,100 "99";
100 1 0 25,36 "100";
101 0 0 57,184 "101";
102 1 0 37,146 "102";
103 0 1 81,226 "103";
104 2 1 137,161 "104";
105 2 0 48,205 "105";
106 2 1 69,212 "106";
107 2 0 183,211 "107";
108 2 1 28,121 "108";
109 2 0 54,167 "109";
110 2 1 5,148 "110";
111 1 1 32,82 "111";
112 0 1 39,67 "112";
113 1 0 93,127 "113";
114 1 0 17,110 "114";
115 0 1 22,105 "115";
116 0 1 130,200 "116";
117 0 0 109,217 "117";
118 0 1 28,182 "118";
119 0 0 165,222 "119";
120 1 1 71,74 "120";
121 2 1 27,152 "121";
122 0 0 3,52 "122";
123 0 0 34,113 "123";
124 1 0 5,86 "124";
125 2 0 45,170 "125";
126 2 0 16,179 "126";
127 0 0 59,116 "127";
128 1 1 120,169 "128";
129 1 1 118,150 "129";
130 0 1 151,227 "130";
131 2 0 19,215 "131";
132 0 0 51,182 "132";
133 1 1 32,168 "133";
134 2 0 198,203 "134";
135 1 0 204,216 "135";
136 2 1 138,205 "136";
137 0 1 65,172 "137";
138 2 1 19,98 "138";
139 1 1 27,154 "139";
140 2 0 14,118 "140";
141 2 0 212,220 "141";
142 1 1 131,166 "142";
143 0 0 114,117 "143";
144 0 0 43,205 "144";
145 1 0 8,10 "145";
146 0 1 56,227 "146";
147 2 0 87,195 "147";
148 0 1 81,176 "148";
149 2 1 79,142 "149";
150 0 0 13,136 "150";
151 0 0 52,127 "151";
152 1 1 47,213 "152";
153 1 0 23,163 "153";
154 0 1 62,208 "154";
155 2 1 122,142 "155";
156 1 1 21,201 "156";
157 1 1 57,83 "157";
158 2 1 143,178 "158";
159 0 0 14,86 "159";
160 0 1 127,185 "160";
161 2 0 48,107 "161";
162 1 1 105,123 "162";
163 1 0 137,221 "163";
164 0 0 121,176 "164";
165 2 1 151,156 "165";
166 0 0 85,147 "166";
167 2 1 127,216 "167";
168 2 0 23,189 "168";
169 2 0 25,168 "169";
170 2 0 12,144 "170";
171 1 0 58,89 "171";
172 2 1 16,204 "172";
173 2 0 91,205 "173";
174 2 1 33,161 "174";
175 2 1 185,201 "175";
176 0 0 6,177 "176";
177 0 0 117,174 "177";
178 1 1 143,194 "178";
179 2 1 144,171 "179";
180 2 0 23,210 "180";
181 2 1 99,200 "181";
182 1 1 64,224 "182";
183 0 0 93,100 "183";
184 0 1 55,61 "184";
185 0 1 3,85 "185";
186 2 1 123,224 "186";
187 2 1 137,154 "187";
188 0 0 98,176 "188";
189 0 0 13,17 "189";
190 1 0 2,191 "190";
191 0 0 64,221 "191";
192 0 1 109,224 "192";
193 1 0 60,203 "193";
194 2 1 178,199 "194";
195 0 1 65,77 "195";
196 2 1 45,114 "196";
197 2 0 66,166 "197";
198 1 1 34,130 "198";
199 1 1 7,50 "199";
200 1 1 194,197 "200";
201 0 0 67,70 "201";
202 1 1 44,105 "202";
203 2 1 30,168 "203";
204 0 0 110,160 "204";
205 0 0 18,93 "205";
206 2 1 5,45 "206";
207 1 0 122,168 "207";
208 0 0 110,157 "208";
209 0 0 62,65 "209";
210 2 1 46,175 "210";
211 2 1 66,131 "211";
212 1 0 76,81 "212";
213 1 1 10,52 "213";
214 1 1 50,96 "214";
215 0 0 172,175 "215";
216 0 0 72,112 "216";
217 0 1 133,175 "217";
218 2 0 162,199 "218";
219 0 1 128,156 "219";
220 0 1 84,123 "220";
221 1 1 128,211 "221";
222 2 1 166,178 "222";
223 1 0 96,222 "223";
224 0 1 40,214 "224";
225 0 1 4,31 "225";
226 0 0 36,64 "226";
227 0 0 54,144 "227";
228 0 0 120,186 "228";
229 2 1 9,67 "229";
