parity 239;
0 0 0 22,64 "0";
1 0 1 26,186 "1";
2 1 1 80,87 "2";
3 0 1 20,238 "3";
4 2 1 44,131 "4";
5 0 0 136,147 "5";
6 1 1 128,150 "6";
7 0 0 143,156 "7";
8 2 1 133,207 "8";
9 2 1 176,183 "9";
10 0 0 57,85 "10";
11 2 1 103,233 "11";
12 2 0 31,160 "12";
13 1 1 158,227 "13";
14 2 0 12,153 "14";
15 2 0 2,61 "15";
16 0 1 188,193 "16";
17 2 1 57,173 "17";
18 2 0 4,11 "18";
19 0 0 52,194 "19";
20 1 0 130,156 "20";
21 0 0 11,80 "21";
22 0 0 117,227 "22";
23 0 0 201,203 "23";
24 0 1 72,163 "24";
25 0 0 72,204 "25";
26 2 1 93,114 "26";
27 2 1 28,140 "27";
28 1 0 152,174 "28";
29 2 1 157,212 "29";
30 1 1 171,201 "30";
31 2 0 47,138 "31";
32 1 0 147,192 "32";
33 0 0 14,123 "33";
34 0 0 51,207 "34";
35 2 1 15,154 "35";
36 0 1 16,72 "36";
37 1 1 61,140 "37";
38 1 1 186,222 "38";
39 0 0 117,231 "39";
40 0 1 6,115 "40";
41 0 0 114,191 "41";
42 1 0 153,227 "42";
43 2 0 79,188 "43";
44 0 0 136,176 "44";
45 0 1 165,168 "45";
46 1 0 78,197 "46";
47 0 0 21,217 "47";
48 2 1 62,184 "48";
49 1 1 61,136 "49";
50 2 1 166,170 "50";
51 1 1 39,72 "51";
52 1 1 75,128 "52";
53 1 1 66,159 "53";
54 2 1 65,68 "54";
55 1 0 31,102 "55";
56 1 0 30,98 "56";
57 0 1 202,233 "57";
58 0 0 31,35 "58";
59 1 0 155,159 "59";
60 2 1 12,126 "60";
61 1 0 3,203 "61";
62 0 1 5,226 "62";
63 0 0 55,233 "63";
64 1 0 35,79 "64";
65 1 1 44,225 "65";
66 0 0 76,219 "66";
67 2 1 35,84 "67";
68 1 0 170,189 "68";
69 0 1 24,37 "69";
70 1 1 133,233 "70";
71 0 0 105,108 "71";
72 0 1 52,214 "72";
73 2 0 23,169 "73";
74 2 1 18,226 "74";
75 0 0 71,149 "75";
76 1 0 53,62 "76";
77 2 0 86,101 "77";
78 0 1 14,89 "78";
79 0 1 52,118 "79";
80 2 1 42,231 "80";
81 1 0 141,224 "81";
82 1 1 102,110 "82";
83 2 0 73,175 "83";
84 2 1 165,213 "84";
85 2 1 38,91 "85";
86 2 0 62,128 "86";
87 1 0 37,211 "87";
88 0 1 118,131 "88";
89 1 0 22,143 "89";
90 1 0 26,154 "90";
91 1 1 60,68 "91";
92 0 0 37,204 "92";
93 1 0 72,90 "93";
94 2 1 191,204 "94";
95 1 1 108,116 "95";
96 2 1 64,188 "96";
97 0 1 58,115 "97";
98 2 0 10,195 "98";
99 2 1 107,220 "99";
100 2 0 25,162 "100";
101 1 0 21,35 "101";
102 2 1 15,125 "102";
103 2 0 52,78 "103";
104 2 0 27,110 "104";
105 1 1 110,234 "105";
106 0 1 75,222 "106";
107 0 0 34,108 "107";
108 1 0 88,119 "108";
109 1 1 62,233 "109";
110 1 0 17,25 "110";
111 0 0 31,226 "111";
112 1 1 3,186 "112";
113 2 1 122,191 "113";
114 1 1 101,226 "114";
115 0 0 10,196 "115";
116 0 1 11,78 "116";
117 1 0 61,199 "117";
118 1 1 155,178 "118";
119 0 1 4,112 "119";
120 0 0 223,227 "120";
121 0 0 34,233 "121";
122 1 1 44,119 "122";
123 0 0 54,202 "123";
124 1 1 9,60 "124";
125 2 1 177,214 "125";
126 2 0 27,183 "126";
127 2 1 4,224 "127";
128 1 0 115,177 "128";
129 1 1 165,210 "129";
130 0 0 13,174 "130";
131 0 0 42,162 "131";
132 1 1 61,149 "132";
133 2 1 203,204 "133";
134 0 1 73,174 "134";
135 0 1 160,202 "135";
136 0 0 56,83 "136";
137 0 0 157,225 "137";
138 0 0 67,88 "138";
139 1 0 15,202 "139";
140 2 0 78,79 "140";
141 1 1 145,215 "141";
142 0 0 153,198 "142";
143 1 0 14,155 "143";
144 0 0 31,153 "144";
145 1 0 35,99 "145";
146 2 1 141,175 "146";
147 2 1 38,164 "147";
148 0 0 117,166 "148";
149 0 1 101,212 "149";
150 1 1 167,184 "150";
151 0 1 172,178 "151";
152 2 0 32,53 "152";
153 2 0 62,192 "153";
154 2 1 15,199 "154";
155 2 1 3,66 "155";
156 1 0 28,154 "156";
157 1 1 106,115 "157";
158 1 1 22,131 "158";
159 2 0 115,195 "159";
160 0 0 90,236 "160";
161 1 0 159,169 "161";
162 1 0 140,207 "162";
163 2 0 102,149 "163";
164 0 0 110,149 "164";
165 0 0 209,217 "165";
166 2 1 93,195 "166";
167 0 1 74,184 "167";
168 1 1 9,15 "168";
169 1 1 40,68 "169";
170 1 0 8,227 "170";
171 1 0 147,209 "171";
172 0 1 93,123 "172";
173 1 0 20,170 "173";
174 0 1 52,82 "174";
175 0 0 199,217 "175";
176 2 1 19,153 "176";
177 1 0 58,238 "177";
178 0 1 18,168 "178";
179 2 1 99,180 "179";
180 2 1 57,219 "180";
181 2 1 113,122 "181";
182 0 0 102,217 "182";
183 2 1 76,181 "183";
184 0 1 38,104 "184";
185 0 1 151,177 "185";
186 1 1 95,131 "186";
187 2 0 27,49 "187";
188 0 0 63,150 "188";
189 0 1 94,180 "189";
190 2 1 11,219 "190";
191 1 0 169,199 "191";
192 2 1 70,218 "192";
193 2 1 86,190 "193";
194 2 0 176,180 "194";
195 0 0 68,163 "195";
196 2 0 37,163 "196";
197 2 0 25,187 "197";
198 2 0 33,48 "198";
199 0 0 100,170 "199";
200 1 0 117,168 "200";
201 0 1 66,142 "201";
202 1 0 142,143 "202";
203 1 0 148,165 "203";
204 0 0 133,145 "204";
205 1 0 110,218 "205";
206 1 1 171,193 "206";
207 0 1 20,165 "207";
208 1 0 130,168 "208";
209 0 0 37,182 "209";
210 1 1 140,181 "210";
211 2 0 60,96 "211";
212 0 0 31,132 "212";
213 2 0 162,163 "213";
214 2 1 17,232 "214";
215 2 1 74,107 "215";
216 0 0 124,187 "216";
217 1 0 81,233 "217";
218 2 0 57,221 "218";
219 0 0 91,114 "219";
220 0 0 198,218 "220";
221 1 1 16,77 "221";
222 2 0 161,220 "222";
223 0 1 42,49 "223";
224 0 1 37,80 "224";
225 0 0 41,179 "225";
226 1 1 85,115 "226";
227 2 0 24,209 "227";
228 1 1 154,231 "228";
229 0 0 35,66 "229";
230 1 1 19,129 "230";
231 0 1 69,75 "231";
232 1 0 130,178 "232";
233 2 0 125,184 "233";
234 2 1 118,214 "234";
235 1 0 80,94 "235";
236 2 0 147,235 "236";
237 2 1 0,155 "237";
238 1 0 32,138 "238";
239 0 0 35,141 "239";
