parity 204;
0 2 1 103,192 "0";
1 1 0 93,100 "1";
2 1 0 30,149 "2";
3 1 1 90,107 "3";
4 2 1 86,146 "4";
5 0 1 35,54 "5";
6 2 1 111,183 "6";
7 0 1 130,134 "7";
8 2 1 186,190 "8";
9 0 0 7,31 "9";
10 2 1 87,127 "10";
11 2 0 108,156 "11";
12 2 1 63,161 "12";
13 1 0 44,160 "13";
14 1 0 157,172 "14";
15 1 1 0,175 "15";
16 0 0 0,169 "16";
17 1 1 98,167 "17";
18 1 1 15,76 "18";
19 2 0 112,193 "19";
20 1 1 44,102 "20";
21 0 1 126,138 "21";
22 2 0 52,120 "22";
23 1 1 30,123 "23";
24 1 0 174,194 "24";
25 1 0 21,160 "25";
26 2 0 57,155 "26";
27 2 0 44,138 "27";
28 1 1 82,150 "28";
29 2 0 73,105 "29";
30 0 1 101,162 "30";
31 0 0 142,149 "31";
32 2 1 62,160 "32";
33 0 0 162,183 "33";
34 0 1 83,176 "34";
35 1 0 43,163 "35";
36 0 0 30,200 "36";
37 2 0 92,113 "37";
38 2 0 60,93 "38";
39 0 1 6,203 "39";
40 0 1 96,159 "40";
41 2 1 59,143 "41";
42 2 1 138,179 "42";
43 1 0 173,193 "43";
44 2 0 101,160 "44";
45 2 0 38,82 "45";
46 0 1 11,18 "46";
47 2 1 54,123 "47";
48 1 1 109,155 "48";
49 1 0 122,164 "49";
50 1 0 14,166 "50";
51 0 0 76,200 "51";
52 2 0 33,154 "52";
53 2 0 148,180 "53";
54 1 0 2,56 "54";
55 0 1 18,68 "55";
56 0 1 76,179 "56";
57 0 1 96,189 "57";
58 2 0 71,171 "58";
59 2 0 87,137 "59";
60 0 1 13,96 "60";
61 0 1 27,150 "61";
62 2 0 151,182 "62";
63 2 0 137,160 "63";
64 1 1 129,155 "64";
65 1 1 46,90 "65";
66 2 1 94,197 "66";
67 2 1 123,189 "67";
68 0 1 73,173 "68";
69 0 0 123,126 "69";
70 2 0 14,87 "70";
71 1 0 143,148 "71";
72 0 0 0,188 "72";
73 1 0 135,153 "73";
74 1 1 105,144 "74";
75 1 0 47,137 "75";
76 2 1 99,104 "76";
77 0 0 139,175 "77";
78 2 0 95,190 "78";
79 2 0 104,141 "79";
80 2 0 63,173 "80";
81 2 0 17,62 "81";
82 1 0 37,52 "82";
83 0 0 167,175 "83";
84 2 1 33,110 "84";
85 0 1 76,125 "85";
86 2 0 15,111 "86";
87 2 1 5,44 "87";
88 0 1 91,191 "88";
89 0 1 31,88 "89";
90 0 1 16,117 "90";
91 1 0 19,188 "91";
92 2 0 6,68 "92";
93 0 0 42,109 "93";
94 0 1 47,61 "94";
95 1 1 36,76 "95";
96 0 1 119,195 "96";
97 2 0 8,82 "97";
98 2 0 111,187 "98";
99 2 1 102,178 "99";
100 2 0 78,99 "100";
101 1 1 52,60 "101";
102 0 1 92,119 "102";
103 0 1 14,182 "103";
104 1 1 107,109 "104";
105 2 1 41,176 "105";
106 0 1 174,186 "106";
107 2 0 155,179 "107";
108 1 1 58,79 "108";
109 0 1 171,197 "109";
110 1 1 163,182 "110";
111 0 0 0,134 "111";
112 1 1 20,34 "112";
113 1 1 57,128 "113";
114 0 1 99,157 "114";
115 2 1 180,184 "115";
116 1 1 18,147 "116";
117 2 1 53,65 "117";
118 2 0 77,153 "118";
119 1 1 136,187 "119";
120 1 0 66,149 "120";
121 2 1 96,140 "121";
122 1 1 24,159 "122";
123 2 0 74,182 "123";
124 2 1 74,119 "124";
125 1 0 138,166 "125";
126 1 0 66,128 "126";
127 0 0 140,199 "127";
128 2 0 52,78 "128";
129 0 0 31,78 "129";
130 0 0 70,135 "130";
131 1 0 27,50 "131";
132 2 1 84,203 "132";
133 1 1 82,94 "133";
134 2 0 61,113 "134";
135 2 0 48,153 "135";
136 0 1 87,166 "136";
137 0 1 29,56 "137";
138 1 1 9,197 "138";
139 1 1 24,161 "139";
140 2 1 174,177 "140";
141 0 1 104,183 "141";
142 2 1 166,193 "142";
143 0 0 112,198 "143";
144 0 1 92,103 "144";
145 1 1 136,175 "145";
146 0 0 1,178 "146";
147 0 1 82,193 "147";
148 2 1 100,105 "148";
149 2 1 134,189 "149";
150 1 0 122,132 "150";
151 2 0 145,199 "151";
152 2 1 155,185 "152";
153 0 1 70,145 "153";
154 0 0 132,182 "154";
155 2 0 114,117 "155";
156 0 1 20,139 "156";
157 1 0 29,200 "157";
158 2 1 51,78 "158";
159 2 1 33,125 "159";
160 0 1 112,117 "160";
161 2 0 3,43 "161";
162 2 0 45,167 "162";
163 2 0 38,64 "163";
164 2 1 27,165 "164";
165 1 0 93,169 "165";
166 2 1 25,58 "166";
167 1 1 141,180 "167";
168 0 1 40,143 "168";
169 0 1 50,90 "169";
170 2 1 84,185 "170";
171 0 1 68,164 "171";
172 2 0 41,184 "172";
173 2 1 20,157 "173";
174 1 1 2,151 "174";
175 2 0 41,161 "175";
176 2 1 65,157 "176";
177 0 1 113,178 "177";
178 1 0 29,63 "178";
179 2 1 76,133 "179";
180 0 1 119,176 "180";
181 0 0 5,128 "181";
182 0 0 25,86 "182";
183 0 0 61,93 "183";
184 1 1 87,133 "184";
185 0 0 14,65 "185";
186 2 1 12,92 "186";
187 0 1 80,172 "187";
188 2 1 58,169 "188";
189 2 0 89,124 "189";
190 0 0 78,164 "190";
191 1 0 88,184 "191";
192 2 0 96,106 "192";
193 2 0 37,77 "193";
194 0 1 140,172 "194";
195 0 1 18,80 "195";
196 0 0 60,93 "196";
197 0 0 33,184 "197";
198 2 0 38,66 "198";
199 2 1 156,179 "199";
200 0 1 93,175 "200";
201 0 1 12,123 "201";
202 2 1 7,124 "202";
203 1 0 59,130 "203";
204 1 1 3,198 "204";
