parity 269;
0 0 0 7,180 "0";
1 0 0 63,244 "1";
2 1 1 97,238 "2";
3 2 1 0,137 "3";
4 2 1 39,158 "4";
5 0 1 109,168 "5";
6 2 0 183,242 "6";
7 1 1 35,166 "7";
8 1 1 203,264 "8";
9 2 0 56,211 "9";
10 0 0 46,251 "10";
11 0 0 95,254 "11";
12 2 0 108,246 "12";
13 0 1 41,101 "13";
14 0 1 185,264 "14";
15 2 0 58,99 "15";
16 0 0 76,267 "16";
17 1 0 45,68 "17";
18 0 1 142,163 "18";
19 1 1 76,211 "19";
20 2 0 218,241 "20";
21 0 1 10,228 "21";
22 2 1 60,141 "22";
23 2 0 27,198 "23";
24 1 0 45,203 "24";
25 0 0 206,247 "25";
26 0 1 157,224 "26";
27 0 0 132,223 "27";
28 0 1 103,115 "28";
29 1 1 48,77 "29";
30 2 0 162,204 "30";
31 1 1 84,86 "31";
32 0 1 167,177 "32";
33 1 0 8,190 "33";
34 1 1 30,53 "34";
35 0 1 157,213 "35";
36 1 1 161,181 "36";
37 2 1 214,238 "37";
38 1 0 39,57 "38";
39 2 1 29,198 "39";
40 2 1 127,133 "40";
41 1 0 79,106 "41";
42 2 0 31,246 "42";
43 1 0 42,78 "43";
44 2 0 138,153 "44";
45 2 0 37,136 "45";
46 1 1 19,88 "46";
47 2 1 163,167 "47";
48 1 1 42,246 "48";
49 1 0 22,127 "49";
50 0 0 43,76 "50";
51 2 1 72,242 "51";
52 0 1 58,100 "52";
53 2 1 139,140 "53";
54 2 0 69,86 "54";
55 0 0 8,229 "55";
56 0 0 92,179 "56";
57 0 0 210,261 "57";
58 2 1 131,154 "58";
59 0 1 115,139 "59";
60 2 0 91,241 "60";
61 2 0 33,261 "61";
62 2 0 71,140 "62";
63 0 0 180,217 "63";
64 2 1 199,236 "64";
65 2 0 149,223 "65";
66 1 0 156,177 "66";
67 0 1 121,170 "67";
68 0 0 37,100 "68";
69 1 0 41,216 "69";
70 2 1 81,164 "70";
71 1 1 133,240 "71";
72 1 1 9,210 "72";
73 1 0 99,187 "73";
74 1 1 45,63 "74";
75 0 0 47,146 "75";
76 0 0 23,202 "76";
77 1 0 19,238 "77";
78 1 1 86,263 "78";
79 0 0 59,224 "79";
80 2 1 4,12 "80";
81 0 1 35,105 "81";
82 2 0 171,252 "82";
83 0 0 85,198 "83";
84 0 1 59,93 "84";
85 2 1 12,128 "85";
86 0 1 56,136 "86";
87 1 1 2,35 "87";
88 1 0 169,179 "88";
89 2 1 190,223 "89";
90 1 1 13,84 "90";
91 0 1 37,46 "91";
92 2 1 115,171 "92";
93 2 0 80,266 "93";
94 2 1 64,254 "94";
95 0 0 139,222 "95";
96 1 0 95,219 "96";
97 1 0 93,198 "97";
98 2 0 149,228 "98";
99 2 0 174,220 "99";
100 0 1 204,255 "100";
101 2 1 8,153 "101";
102 2 0 220,264 "102";
103 1 0 5,260 "103";
104 1 0 38,68 "104";
105 0 0 32,204 "105";
106 2 1 156,209 "106";
107 2 1 7,12 "107";
108 0 0 187,222 "108";
109 0 1 46,129 "109";
110 0 0 149,203 "110";
111 0 1 17,116 "111";
112 2 0 90,236 "112";
113 0 1 1,106 "113";
114 2 0 67,193 "114";
115 0 0 73,102 "115";
116 1 0 43,206 "116";
117 2 0 44,179 "117";
118 2 1 36,247 "118";
119 1 1 57,227 "119";
120 2 0 21,246 "120";
121 0 1 111,159 "121";
122 0 0 38,131 "122";
123 2 1 42,70 "123";
124 1 0 35,38 "124";
125 1 1 149,224 "125";
126 2 1 148,227 "126";
127 0 1 50,63 "127";
128 1 1 145,217 "128";
129 0 1 86,224 "129";
130 0 0 0,93 "130";
131 0 0 107,153 "131";
132 2 0 36,223 "132";
133 1 0 11,181 "133";
134 1 0 187,193 "134";
135 2 0 31,147 "135";
136 0 1 149,167 "136";
137 1 0 64,85 "137";
138 2 1 15,114 "138";
139 2 0 29,228 "139";
140 2 1 96,147 "140";
141 2 1 53,62 "141";
142 1 0 48,145 "142";
143 1 0 120,163 "143";
144 0 1 126,202 "144";
145 0 0 59,124 "145";
146 2 1 8,128 "146";
147 0 0 95,211 "147";
148 0 0 1,209 "148";
149 0 1 77,178 "149";
150 2 0 84,267 "150";
151 2 0 112,139 "151";
152 0 0 61,194 "152";
153 2 1 98,144 "153";
154 1 1 29,221 "154";
155 2 1 116,187 "155";
156 0 0 79,121 "156";
157 1 1 174,223 "157";
158 1 1 30,42 "158";
159 1 1 214,267 "159";
160 1 0 35,102 "160";
161 1 1 108,135 "161";
162 2 0 99,174 "162";
163 2 1 124,192 "163";
164 0 0 28,82 "164";
165 0 0 26,33 "165";
166 0 0 18,120 "166";
167 0 0 162,263 "167";
168 0 0 61,78 "168";
169 0 1 73,182 "169";
170 0 0 149,204 "170";
171 2 0 212,245 "171";
172 2 1 192,229 "172";
173 0 0 92,98 "173";
174 1 0 193,253 "174";
175 2 1 73,263 "175";
176 0 1 229,231 "176";
177 2 1 137,167 "177";
178 1 1 85,224 "178";
179 2 0 174,184 "179";
180 1 0 60,267 "180";
181 1 1 62,224 "181";
182 1 0 54,206 "182";
183 1 0 33,61 "183";
184 2 1 109,224 "184";
185 0 0 154,166 "185";
186 2 0 129,231 "186";
187 1 1 22,31 "187";
188 2 1 18,193 "188";
189 1 0 145,190 "189";
190 0 0 8,193 "190";
191 0 1 59,168 "191";
192 1 0 83,259 "192";
193 0 0 235,260 "193";
194 1 1 51,143 "194";
195 0 0 142,194 "195";
196 0 1 3,174 "196";
197 0 1 36,221 "197";
198 2 0 79,188 "198";
199 2 1 55,90 "199";
200 0 1 195,204 "200";
201 1 0 116,265 "201";
202 1 0 62,257 "202";
203 0 0 28,212 "203";
204 2 1 185,223 "204";
205 2 0 14,124 "205";
206 2 1 76,205 "206";
207 2 1 76,205 "207";
208 1 1 47,200 "208";
209 0 0 216,256 "209";
210 2 0 182,187 "210";
211 0 1 0,228 "211";
212 0 0 52,170 "212";
213 1 0 169,175 "213";
214 2 1 109,259 "214";
215 1 0 16,208 "215";
216 1 0 16,201 "216";
217 1 1 72,254 "217";
218 0 1 116,154 "218";
219 0 1 8,258 "219";
220 2 1 224,234 "220";
221 0 1 141,199 "221";
222 1 1 58,244 "222";
223 2 0 123,125 "223";
224 1 1 198,204 "224";
225 1 1 153,166 "225";
226 2 0 140,163 "226";
227 0 0 73,258 "227";
228 1 1 205,219 "228";
229 1 1 184,216 "229";
230 0 1 119,164 "230";
231 1 0 129,260 "231";
232 1 1 70,171 "232";
233 0 0 138,257 "233";
234 1 0 17,239 "234";
235 1 1 53,206 "235";
236 1 0 3,225 "236";
237 2 1 10,61 "237";
238 1 0 151,189 "238";
239 1 1 20,114 "239";
240 2 0 12,110 "240";
241 2 0 56,90 "241";
242 2 0 40,172 "242";
243 0 1 80,225 "243";
244 2 1 118,235 "244";
245 0 1 67,259 "245";
246 1 0 45,66 "246";
247 0 0 45,117 "247";
248 0 1 183,232 "248";
249 1 0 107,168 "249";
250 0 1 139,152 "250";
251 0 1 176,262 "251";
252 0 1 101,161 "252";
253 0 1 64,161 "253";
254 1 0 263,265 "254";
255 0 0 5,134 "255";
256 2 0 140,167 "256";
257 0 0 57,192 "257";
258 2 1 205,240 "258";
259 1 1 123,206 "259";
260 1 1 101,242 "260";
261 1 0 144,209 "261";
262 0 1 156,251 "262";
263 2 0 200,202 "263";
264 0 0 100,212 "264";
265 1 1 84,109 "265";
266 2 1 14,247 "266";
267 1 0 247,257 "267";
268 1 0 211,214 "268";
269 1 1 46,74 "269";
