parity 284;
0 1 0 183,278 "0";
1 1 0 130,182 "1";
2 0 0 86,157 "2";
3 0 1 38,120 "3";
4 2 1 63,149 "4";
5 1 1 13,206 "5";
6 0 1 110,201 "6";
7 2 1 113,158 "7";
8 1 1 10,71 "8";
9 1 0 109,261 "9";
10 0 1 67,203 "10";
11 0 0 28,278 "11";
12 0 1 46,77 "12";
13 0 0 29,38 "13";
14 2 0 36,187 "14";
15 1 0 203,232 "15";
16 2 1 184,215 "16";
17 2 1 137,222 "17";
18 2 0 202,268 "18";
19 2 1 46,92 "19";
20 0 1 144,211 "20";
21 2 1 13,40 "21";
22 2 1 177,218 "22";
23 0 0 62,157 "23";
24 2 1 26,53 "24";
25 2 0 191,277 "25";
26 2 0 96,130 "26";
27 0 0 22,49 "27";
28 2 0 0,150 "28";
29 0 1 187,219 "29";
30 2 1 176,233 "30";
31 0 0 51,140 "31";
32 2 0 109,236 "32";
33 0 1 265,279 "33";
34 1 1 53,142 "34";
35 2 1 7,240 "35";
36 1 0 19,253 "36";
37 1 0 63,64 "37";
38 1 0 181,283 "38";
39 0 1 130,269 "39";
40 0 0 66,169 "40";
41 0 1 131,162 "41";
42 2 1 18,73 "42";
43 2 0 34,251 "43";
44 1 1 14,176 "44";
45 2 1 108,126 "45";
46 1 1 254,279 "46";
47 1 1 63,181 "47";
48 0 0 190,214 "48";
49 2 0 112,261 "49";
50 1 0 223,249 "50";
51 2 0 173,205 "51";
52 2 1 80,205 "52";
53 0 0 57,161 "53";
54 0 0 66,236 "54";
55 1 0 130,231 "55";
56 0 0 20,90 "56";
57 1 1 35,175 "57";
58 2 0 186,260 "58";
59 2 1 65,235 "59";
60 1 1 185,257 "60";
61 2 1 148,194 "61";
62 2 1 193,259 "62";
63 2 1 34,144 "63";
64 2 0 61,272 "64";
65 1 1 92,186 "65";
66 2 0 131,272 "66";
67 0 1 76,78 "67";
68 2 0 148,229 "68";
69 0 0 66,198 "69";
70 0 0 29,52 "70";
71 1 0 63,181 "71";
72 1 1 214,252 "72";
73 0 1 176,269 "73";
74 1 1 95,263 "74";
75 2 0 59,129 "75";
76 2 1 9,49 "76";
77 1 1 106,178 "77";
78 2 1 123,151 "78";
79 1 0 119,277 "79";
80 2 0 7,106 "80";
81 1 0 111,272 "81";
82 2 0 191,235 "82";
83 0 1 107,138 "83";
84 1 0 134,152 "84";
85 2 1 173,255 "85";
86 0 1 27,254 "86";
87 1 1 144,281 "87";
88 1 0 28,56 "88";
89 1 1 259,261 "89";
90 2 1 64,103 "90";
91 0 0 138,260 "91";
92 2 1 159,187 "92";
93 0 1 50,280 "93";
94 1 1 170,215 "94";
95 2 0 110,145 "95";
96 2 0 31,152 "96";
97 0 0 148,166 "97";
98 0 0 127,262 "98";
99 2 1 130,145 "99";
100 1 0 188,225 "100";
101 1 1 203,209 "101";
102 2 1 6,235 "102";
103 1 1 22,180 "103";
104 1 1 81,257 "104";
105 0 1 63,74 "105";
106 0 1 92,227 "106";
107 2 1 69,163 "107";
108 0 1 43,195 "108";
109 2 0 118,157 "109";
110 0 1 6,85 "110";
111 0 1 3,59 "111";
112 2 0 150,224 "112";
113 1 1 168,188 "113";
114 1 1 62,146 "114";
115 2 0 89,120 "115";
116 0 0 120,159 "116";
117 2 0 59,152 "117";
118 1 0 49,88 "118";
119 2 1 96,204 "119";
120 1 1 13,143 "120";
121 1 1 84,126 "121";
122 2 1 49,203 "122";
123 2 1 4,66 "123";
124 1 0 44,218 "124";
125 2 0 110,144 "125";
126 2 0 26,66 "126";
127 1 0 37,112 "127";
128 2 1 213,280 "128";
129 1 0 82,154 "129";
130 2 1 31,221 "130";
131 0 1 123,238 "131";
132 2 1 163,270 "132";
133 1 0 29,157 "133";
134 1 1 12,233 "134";
135 0 1 19,95 "135";
136 0 0 158,175 "136";
137 0 0 58,223 "137";
138 1 1 26,201 "138";
139 2 0 26,152 "139";
140 2 1 171,181 "140";
141 1 1 22,240 "141";
142 2 1 76,104 "142";
143 1 0 62,208 "143";
144 0 0 134,232 "144";
145 0 0 101,118 "145";
146 0 0 60,86 "146";
147 0 0 114,276 "147";
148 2 0 7,163 "148";
149 2 1 226,263 "149";
150 0 0 97,277 "150";
151 2 1 124,282 "151";
152 0 1 40,139 "152";
153 0 0 4,192 "153";
154 2 1 214,281 "154";
155 2 1 76,224 "155";
156 1 1 109,234 "156";
157 0 0 185,203 "157";
158 1 0 129,206 "158";
159 2 0 146,246 "159";
160 0 0 53,111 "160";
161 0 0 36,130 "161";
162 2 1 25,143 "162";
163 2 0 37,55 "163";
164 2 1 68,112 "164";
165 1 0 76,119 "165";
166 1 0 34,188 "166";
167 0 0 0,240 "167";
168 0 1 122,205 "168";
169 0 0 14,264 "169";
170 2 0 29,223 "170";
171 1 1 197,252 "171";
172 1 0 149,245 "172";
173 2 0 104,130 "173";
174 0 0 241,274 "174";
175 1 1 113,206 "175";
176 1 0 46,94 "176";
177 1 1 99,256 "177";
178 1 0 183,200 "178";
179 2 0 107,253 "179";
180 1 1 47,136 "180";
181 1 0 49,223 "181";
182 1 1 92,130 "182";
183 0 0 120,145 "183";
184 2 1 3,282 "184";
185 1 1 11,144 "185";
186 0 0 56,278 "186";
187 2 0 194,223 "187";
188 2 1 24,219 "188";
189 1 1 93,139 "189";
190 2 1 38,250 "190";
191 0 1 58,214 "191";
192 1 0 126,216 "192";
193 2 0 2,119 "193";
194 2 0 29,134 "194";
195 1 0 96,209 "195";
196 0 1 76,182 "196";
197 0 1 40,270 "197";
198 0 1 143,229 "198";
199 1 1 176,223 "199";
200 0 0 167,181 "200";
201 0 1 215,253 "201";
202 1 0 134,274 "202";
203 0 0 14,51 "203";
204 2 1 25,183 "204";
205 2 0 17,27 "205";
206 2 1 72,232 "206";
207 1 0 28,192 "207";
208 1 1 48,54 "208";
209 2 0 181,238 "209";
210 0 0 199,213 "210";
211 2 0 256,265 "211";
212 2 0 146,279 "212";
213 1 1 37,243 "213";
214 2 0 58,178 "214";
215 0 1 2,181 "215";
216 0 1 81,239 "216";
217 1 0 44,273 "217";
218 0 0 54,281 "218";
219 2 0 169,275 "219";
220 0 1 11,265 "220";
221 0 0 175,256 "221";
222 2 1 140,195 "222";
223 0 1 133,267 "223";
224 1 0 16,239 "224";
225 0 0 125,168 "225";
226 2 1 61,144 "226";
227 2 0 45,209 "227";
228 0 0 34,145 "228";
229 0 0 213,268 "229";
230 0 0 69,266 "230";
231 0 1 136,188 "231";
232 1 1 66,115 "232";
233 2 0 185,257 "233";
234 0 0 205,224 "234";
235 0 1 147,168 "235";
236 0 0 32,142 "236";
237 0 1 249,256 "237";
238 0 0 70,179 "238";
239 0 0 6,157 "239";
240 1 0 65,207 "240";
241 1 1 128,193 "241";
242 2 0 278,279 "242";
243 2 1 61,86 "243";
244 1 0 80,129 "244";
245 1 0 157,239 "245";
246 2 1 28,182 "246";
247 2 1 20,48 "247";
248 1 0 38,113 "248";
249 1 0 91,132 "249";
250 0 1 136,214 "250";
251 2 0 131,241 "251";
252 2 1 26,113 "252";
253 2 0 120,122 "253";
254 1 1 197,242 "254";
255 2 0 17,172 "255";
256 1 1 10,249 "256";
257 0 1 62,239 "257";
258 0 1 94,212 "258";
259 1 0 8,160 "259";
260 1 1 89,254 "260";
261 2 0 228,231 "261";
262 1 1 106,206 "262";
263 2 1 139,168 "263";
264 0 1 162,215 "264";
265 1 1 1,78 "265";
266 0 0 4,221 "266";
267 0 0 159,239 "267";
268 0 1 61,261 "268";
269 0 1 67,81 "269";
270 0 0 117,187 "270";
271 2 0 141,167 "271";
272 1 1 30,189 "272";
273 1 1 85,161 "273";
274 1 0 102,145 "274";
275 1 1 82,91 "275";
276 1 0 175,188 "276";
277 1 0 118,158 "277";
278 1 0 76,223 "278";
279 2 0 225,232 "279";
280 2 1 99,249 "280";
281 2 1 199,210 "281";
282 1 0 137,208 "282";
283 0 0 62,228 "283";
284 0 1 39,237 "284";
