parity 209;
0 2 0 80,194 "0";
1 1 1 19,192 "1";
2 2 1 138,181 "2";
3 0 1 32,107 "3";
4 0 0 66,207 "4";
5 2 1 97,155 "5";
6 2 0 95,111 "6";
7 0 0 108,154 "7";
8 1 1 136,141 "8";
9 0 0 22,52 "9";
10 1 1 41,122 "10";
11 0 0 104,170 "11";
12 1 0 77,187 "12";
13 0 1 37,74 "13";
14 0 0 136,178 "14";
15 2 1 52,112 "15";
16 2 1 137,181 "16";
17 1 0 149,163 "17";
18 2 0 35,131 "18";
19 0 1 3,70 "19";
20 0 0 93,156 "20";
21 0 0 23,185 "21";
22 2 0 76,121 "22";
23 2 0 30,209 "23";
24 2 0 71,107 "24";
25 2 1 37,109 "25";
26 1 1 78,143 "26";
27 2 1 34,49 "27";
28 1 1 60,95 "28";
29 2 1 65,164 "29";
30 2 1 45,178 "30";
31 0 0 93,137 "31";
32 0 1 36,119 "32";
33 0 1 57,110 "33";
34 1 1 9,60 "34";
35 2 0 114,170 "35";
36 1 1 149,153 "36";
37 2 0 25,200 "37";
38 0 0 10,166 "38";
39 1 1 28,53 "39";
40 0 1 74,77 "40";
41 1 1 74,159 "41";
42 0 0 10,80 "42";
43 2 0 25,146 "43";
44 0 1 37,120 "44";
45 0 0 87,154 "45";
46 2 1 1,36 "46";
47 2 0 2,14 "47";
48 2 0 180,196 "48";
49 1 1 36,93 "49";
50 2 1 61,90 "50";
51 2 1 162,204 "51";
52 0 0 95,110 "52";
53 0 1 16,67 "53";
54 0 1 156,168 "54";
55 1 1 5,147 "55";
56 2 0 83,86 "56";
57 0 0 13,175 "57";
58 2 0 122,193 "58";
59 2 0 36,182 "59";
60 2 0 202,204 "60";
61 2 0 29,177 "61";
62 1 1 37,151 "62";
63 0 1 43,188 "63";
64 1 0 144,179 "64";
65 0 1 63,144 "65";
66 0 1 75,158 "66";
67 2 1 49,117 "67";
68 0 1 115,196 "68";
69 0 1 35,137 "69";
70 0 1 5,167 "70";
71 1 1 28,74 "71";
72 1 0 68,187 "72";
73 0 0 89,135 "73";
74 2 1 29,106 "74";
75 0 1 2,71 "75";
76 0 0 20,146 "76";
77 2 1 103,206 "77";
78 0 0 53,205 "78";
79 0 1 39,73 "79";
80 1 0 4,141 "80";
81 0 1 80,153 "81";
82 0 1 57,154 "82";
83 0 0 67,183 "83";
84 1 1 55,85 "84";
85 1 0 5,38 "85";
86 0 0 9,11 "86";
87 1 1 57,102 "87";
88 2 1 160,196 "88";
89 1 1 49,122 "89";
90 0 0 54,96 "90";
91 2 1 145,204 "91";
92 2 1 65,98 "92";
93 0 1 1,72 "93";
94 0 1 104,105 "94";
95 0 1 68,111 "95";
96 2 0 91,106 "96";
97 1 0 4,69 "97";
98 2 1 78,167 "98";
99 2 0 8,23 "99";
100 2 0 15,130 "100";
101 1 0 104,141 "101";
102 1 0 116,186 "102";
103 1 1 100,171 "103";
104 0 0 15,150 "104";
105 0 1 54,113 "105";
106 0 0 161,198 "106";
107 1 1 80,132 "107";
108 2 0 55,184 "108";
109 1 1 62,201 "109";
110 1 1 106,175 "110";
111 2 1 69,207 "111";
112 2 0 91,140 "112";
113 2 0 56,57 "113";
114 1 0 1,75 "114";
115 1 0 6,77 "115";
116 2 1 12,152 "116";
117 1 1 130,171 "117";
118 1 0 29,61 "118";
119 2 0 47,155 "119";
120 1 1 63,81 "120";
121 2 1 118,141 "121";
122 0 1 17,157 "122";
123 1 1 35,198 "123";
124 2 0 21,25 "124";
125 2 1 33,165 "125";
126 2 1 22,39 "126";
127 2 1 152,183 "127";
128 0 0 82,199 "128";
129 0 0 95,208 "129";
130 2 1 6,72 "130";
131 1 0 32,122 "131";
132 2 1 110,158 "132";
133 0 0 64,174 "133";
134 1 1 165,187 "134";
135 2 1 44,165 "135";
136 0 0 170,184 "136";
137 0 1 79,182 "137";
138 2 1 53,74 "138";
139 2 0 46,108 "139";
140 2 1 40,197 "140";
141 1 0 18,52 "141";
142 1 1 6,36 "142";
143 1 0 64,144 "143";
144 2 1 13,138 "144";
145 1 1 20,192 "145";
146 1 0 139,149 "146";
147 2 1 24,189 "147";
148 0 1 28,115 "148";
149 1 1 109,197 "149";
150 2 1 59,70 "150";
151 1 1 22,114 "151";
152 0 1 25,200 "152";
153 2 0 17,176 "153";
154 2 0 50,93 "154";
155 2 0 183,204 "155";
156 1 0 18,90 "156";
157 0 1 8,163 "157";
158 1 1 148,193 "158";
159 2 1 131,175 "159";
160 1 1 37,128 "160";
161 2 1 70,199 "161";
162 2 0 34,132 "162";
163 2 0 44,143 "163";
164 0 0 93,117 "164";
165 0 1 57,117 "165";
166 0 1 37,141 "166";
167 1 1 55,160 "167";
168 0 0 131,151 "168";
169 0 1 60,194 "169";
170 1 0 138,185 "170";
171 2 0 24,90 "171";
172 0 0 129,157 "172";
173 2 1 72,123 "173";
174 0 1 15,85 "174";
175 2 0 89,169 "175";
176 1 0 127,132 "176";
177 0 0 50,62 "177";
178 1 0 50,108 "178";
179 0 0 68,205 "179";
180 1 1 143,167 "180";
181 2 1 79,144 "181";
182 1 1 2,153 "182";
183 1 1 41,116 "183";
184 1 0 55,109 "184";
185 1 0 59,89 "185";
186 0 1 62,193 "186";
187 2 1 2,66 "187";
188 0 0 25,209 "188";
189 2 1 84,134 "189";
190 2 0 50,163 "190";
191 0 1 185,204 "191";
192 0 0 39,142 "192";
193 2 1 9,204 "193";
194 2 0 76,112 "194";
195 0 0 21,34 "195";
196 1 0 114,187 "196";
197 2 1 24,169 "197";
198 0 0 41,179 "198";
199 0 1 137,179 "199";
200 0 1 171,196 "200";
201 2 1 7,116 "201";
202 0 1 62,109 "202";
203 2 0 165,169 "203";
204 0 0 123,185 "204";
205 0 1 46,80 "205";
206 0 1 87,205 "206";
207 0 1 93,127 "207";
208 2 1 59,167 "208";
209 0 1 54,146 "209";
