parity 234;
0 1 1 108,173 "0";
1 1 1 2,94 "1";
2 0 0 165,181 "2";
3 0 1 135,231 "3";
4 0 1 13,64 "4";
5 0 1 4,85 "5";
6 1 1 57,63 "6";
7 2 0 87,213 "7";
8 1 0 9,148 "8";
9 2 0 5,7 "9";
10 1 0 66,114 "10";
11 2 1 20,198 "11";
12 0 0 63,117 "12";
13 0 1 18,27 "13";
14 2 0 2,83 "14";
15 2 1 16,122 "15";
16 2 1 91,118 "16";
17 0 0 18,89 "17";
18 0 1 73,95 "18";
19 0 1 164,171 "19";
20 0 1 31,89 "20";
21 2 1 61,185 "21";
22 1 1 110,226 "22";
23 0 0 6,149 "23";
24 0 1 88,202 "24";
25 2 1 36,167 "25";
26 2 0 46,182 "26";
27 2 1 175,224 "27";
28 0 0 8,173 "28";
29 1 1 27,99 "29";
30 0 1 137,205 "30";
31 0 0 2,122 "31";
32 0 0 131,216 "32";
33 0 1 97,206 "33";
34 2 0 84,119 "34";
35 0 1 113,184 "35";
36 2 0 130,135 "36";
37 1 0 5,47 "37";
38 1 1 109,155 "38";
39 0 1 211,225 "39";
40 0 1 183,216 "40";
41 1 1 75,85 "41";
42 2 0 16,134 "42";
43 1 1 130,135 "43";
44 2 1 82,206 "44";
45 2 1 72,200 "45";
46 2 0 62,98 "46";
47 1 1 144,207 "47";
48 1 0 178,202 "48";
49 1 0 47,161 "49";
50 2 0 57,85 "50";
51 1 0 111,179 "51";
52 2 0 134,179 "52";
53 2 0 160,179 "53";
54 2 1 101,150 "54";
55 1 0 129,173 "55";
56 1 1 114,156 "56";
57 2 1 170,201 "57";
58 1 1 104,186 "58";
59 0 0 60,123 "59";
60 2 1 196,203 "60";
61 2 0 193,227 "61";
62 0 1 57,132 "62";
63 0 1 142,185 "63";
64 1 0 99,110 "64";
65 2 0 132,159 "65";
66 2 1 95,172 "66";
67 1 1 112,206 "67";
68 0 1 64,180 "68";
69 2 1 53,93 "69";
70 0 0 111,221 "70";
71 1 0 94,119 "71";
72 1 1 27,164 "72";
73 1 1 26,34 "73";
74 0 0 83,88 "74";
75 2 0 150,201 "75";
76 2 0 34,115 "76";
77 2 1 185,213 "77";
78 2 0 46,138 "78";
79 0 1 53,99 "79";
80 1 0 70,135 "80";
81 1 0 104,135 "81";
82 2 0 197,208 "82";
83 2 0 103,113 "83";
84 2 1 72,205 "84";
85 1 1 107,139 "85";
86 2 0 34,106 "86";
87 2 0 138,188 "87";
88 2 0 175,227 "88";
89 2 0 3,14 "89";
90 1 0 67,234 "90";
91 0 0 6,184 "91";
92 1 0 2,128 "92";
93 0 0 88,159 "93";
94 2 0 50,103 "94";
95 1 0 70,84 "95";
96 0 0 137,168 "96";
97 1 1 135,216 "97";
98 2 1 28,231 "98";
99 2 0 29,162 "99";
100 0 1 53,216 "100";
101 0 1 136,229 "101";
102 2 0 2,172 "102";
103 1 1 135,174 "103";
104 0 0 6,155 "104";
105 1 0 28,107 "105";
106 0 1 62,129 "106";
107 0 1 131,136 "107";
108 1 0 53,218 "108";
109 0 0 201,203 "109";
110 2 0 33,226 "110";
111 2 1 89,160 "111";
112 0 1 29,151 "112";
113 1 0 71,213 "113";
114 1 1 8,189 "114";
115 1 0 120,230 "115";
116 2 0 19,40 "116";
117 1 1 152,176 "117";
118 1 0 44,50 "118";
119 0 0 9,196 "119";
120 1 0 133,208 "120";
121 2 0 26,84 "121";
122 1 0 196,230 "122";
123 0 1 138,203 "123";
124 1 1 120,122 "124";
125 0 1 142,196 "125";
126 2 0 4,19 "126";
127 0 1 23,101 "127";
128 2 0 144,148 "128";
129 0 0 95,183 "129";
130 2 0 80,176 "130";
131 2 1 112,125 "131";
132 0 0 5,29 "132";
133 0 0 35,218 "133";
134 1 1 60,112 "134";
135 1 1 214,234 "135";
136 0 1 81,134 "136";
137 2 1 5,142 "137";
138 1 0 70,106 "138";
139 2 1 148,183 "139";
140 0 1 6,108 "140";
141 0 1 44,80 "141";
142 0 1 186,195 "142";
143 2 1 33,62 "143";
144 2 1 38,54 "144";
145 2 1 23,228 "145";
146 1 1 87,152 "146";
147 1 0 178,224 "147";
148 0 0 90,179 "148";
149 2 0 76,166 "149";
150 1 0 31,219 "150";
151 0 0 174,234 "151";
152 1 0 143,229 "152";
153 2 0 9,182 "153";
154 2 0 39,212 "154";
155 1 0 129,145 "155";
156 0 0 54,124 "156";
157 1 1 27,196 "157";
158 2 1 13,86 "158";
159 0 0 99,104 "159";
160 1 0 152,205 "160";
161 2 0 4,129 "161";
162 1 0 55,123 "162";
163 2 0 165,188 "163";
164 0 0 167,195 "164";
165 1 1 78,205 "165";
166 1 0 48,109 "166";
167 0 1 56,132 "167";
168 2 1 25,81 "168";
169 1 1 16,120 "169";
170 1 1 30,93 "170";
171 0 0 26,173 "171";
172 2 0 3,217 "172";
173 0 1 18,64 "173";
174 2 1 202,211 "174";
175 1 0 39,80 "175";
176 2 0 109,171 "176";
177 1 1 74,140 "177";
178 0 1 38,106 "178";
179 1 1 143,209 "179";
180 1 1 167,217 "180";
181 2 0 39,70 "181";
182 2 1 47,153 "182";
183 0 1 140,207 "183";
184 2 0 123,151 "184";
185 1 0 77,184 "185";
186 0 0 11,82 "186";
187 2 1 138,209 "187";
188 1 1 168,226 "188";
189 2 0 10,100 "189";
190 0 1 58,223 "190";
191 1 0 59,62 "191";
192 1 1 126,151 "192";
193 2 1 130,184 "193";
194 1 0 73,226 "194";
195 0 1 58,222 "195";
196 0 0 25,170 "196";
197 1 1 37,71 "197";
198 1 1 98,223 "198";
199 1 1 98,120 "199";
200 0 0 1,6 "200";
201 2 0 116,179 "201";
202 0 1 14,83 "202";
203 2 1 109,186 "203";
204 2 0 165,172 "204";
205 1 1 42,172 "205";
206 1 1 64,225 "206";
207 0 0 86,115 "207";
208 0 0 29,83 "208";
209 0 1 179,206 "209";
210 2 0 21,52 "210";
211 1 0 41,195 "211";
212 2 0 165,181 "212";
213 0 0 168,228 "213";
214 1 1 212,216 "214";
215 1 0 58,118 "215";
216 2 1 177,191 "216";
217 1 0 131,185 "217";
218 0 0 16,47 "218";
219 0 1 15,76 "219";
220 2 0 53,187 "220";
221 2 0 107,191 "221";
222 2 0 177,219 "222";
223 1 1 76,133 "223";
224 1 1 90,183 "224";
225 1 0 206,227 "225";
226 2 0 168,189 "226";
227 0 0 76,148 "227";
228 0 0 126,169 "228";
229 2 0 176,215 "229";
230 0 0 124,166 "230";
231 0 1 105,158 "231";
232 0 0 42,61 "232";
233 0 0 3,60 "233";
234 1 0 11,233 "234";
