parity 274;
0 0 1 73,239 "0";
1 1 0 236,247 "1";
2 1 1 30,130 "2";
3 1 1 25,119 "3";
4 2 0 148,259 "4";
5 1 0 224,237 "5";
6 2 0 149,155 "6";
7 2 1 89,181 "7";
8 1 0 50,135 "8";
9 1 1 78,272 "9";
10 1 1 159,181 "10";
11 2 0 35,96 "11";
12 1 1 111,155 "12";
13 0 1 153,229 "13";
14 0 1 9,108 "14";
15 1 1 70,256 "15";
16 1 0 43,67 "16";
17 2 0 70,185 "17";
18 0 0 60,123 "18";
19 0 1 24,246 "19";
20 0 0 120,273 "20";
21 1 0 28,229 "21";
22 0 1 77,172 "22";
23 2 1 116,130 "23";
24 0 0 0,112 "24";
25 1 0 246,255 "25";
26 0 1 82,190 "26";
27 2 0 93,205 "27";
28 0 0 5,17 "28";
29 1 1 119,189 "29";
30 2 1 6,135 "30";
31 0 1 92,232 "31";
32 2 0 36,220 "32";
33 0 0 6,12 "33";
34 0 1 121,261 "34";
35 1 0 119,146 "35";
36 2 0 75,197 "36";
37 2 1 87,147 "37";
38 2 0 96,248 "38";
39 0 0 27,183 "39";
40 0 0 174,227 "40";
41 0 1 174,215 "41";
42 1 0 102,110 "42";
43 1 0 122,135 "43";
44 2 1 5,38 "44";
45 1 1 238,274 "45";
46 0 1 6,158 "46";
47 2 1 45,97 "47";
48 1 1 167,255 "48";
49 2 1 107,125 "49";
50 0 1 32,66 "50";
51 1 0 103,174 "51";
52 2 1 32,248 "52";
53 2 0 10,148 "53";
54 1 0 14,80 "54";
55 1 0 97,274 "55";
56 2 0 194,239 "56";
57 2 0 109,138 "57";
58 2 1 4,54 "58";
59 1 0 187,201 "59";
60 0 0 185,202 "60";
61 1 0 200,242 "61";
62 1 0 28,166 "62";
63 2 0 101,170 "63";
64 1 1 150,201 "64";
65 0 0 68,138 "65";
66 1 1 118,234 "66";
67 0 0 21,101 "67";
68 1 0 196,274 "68";
69 2 0 47,106 "69";
70 2 0 76,186 "70";
71 2 0 36,189 "71";
72 2 1 70,86 "72";
73 2 1 49,198 "73";
74 2 0 91,200 "74";
75 0 1 15,184 "75";
76 1 1 223,258 "76";
77 2 1 33,270 "77";
78 2 1 29,171 "78";
79 0 1 57,133 "79";
80 0 1 201,240 "80";
81 1 1 91,100 "81";
82 0 0 72,206 "82";
83 0 0 53,259 "83";
84 1 0 14,120 "84";
85 2 0 83,178 "85";
86 1 0 110,159 "86";
87 2 1 81,149 "87";
88 0 0 136,154 "88";
89 1 0 154,162 "89";
90 2 0 64,187 "90";
91 0 0 142,181 "91";
92 1 1 94,185 "92";
93 0 1 121,157 "93";
94 0 1 142,145 "94";
95 1 1 175,200 "95";
96 2 0 49,84 "96";
97 1 1 134,226 "97";
98 2 1 41,112 "98";
99 2 1 192,216 "99";
100 2 1 122,234 "100";
101 0 1 59,112 "101";
102 2 0 112,192 "102";
103 1 1 38,44 "103";
104 0 1 86,134 "104";
105 0 0 82,187 "105";
106 1 0 22,250 "106";
107 1 0 78,260 "107";
108 2 1 83,273 "108";
109 1 0 118,150 "109";
110 2 1 4,107 "110";
111 2 0 1,81 "111";
112 1 0 21,113 "112";
113 1 1 2,112 "113";
114 0 1 62,230 "114";
115 0 1 172,251 "115";
116 2 1 17,190 "116";
117 2 1 136,234 "117";
118 1 1 34,191 "118";
119 0 1 0,162 "119";
120 1 1 39,89 "120";
121 2 1 176,218 "121";
122 0 1 33,132 "122";
123 2 0 45,158 "123";
124 0 1 81,179 "124";
125 2 1 98,224 "125";
126 2 0 0,90 "126";
127 0 0 67,156 "127";
128 1 1 25,172 "128";
129 1 0 105,236 "129";
130 1 1 113,200 "130";
131 0 0 90,139 "131";
132 1 1 127,202 "132";
133 1 0 146,189 "133";
134 1 0 124,264 "134";
135 2 1 82,188 "135";
136 1 1 148,257 "136";
137 1 1 26,122 "137";
138 1 1 195,196 "138";
139 0 1 171,199 "139";
140 2 0 21,84 "140";
141 2 1 131,139 "141";
142 1 0 26,56 "142";
143 2 0 12,259 "143";
144 1 0 20,45 "144";
145 1 0 104,188 "145";
146 1 0 93,207 "146";
147 2 0 222,266 "147";
148 1 0 30,53 "148";
149 0 1 25,208 "149";
150 1 1 191,203 "150";
151 2 1 125,273 "151";
152 1 0 5,162 "152";
153 0 0 46,227 "153";
154 0 0 14,216 "154";
155 2 0 5,133 "155";
156 2 0 50,217 "156";
157 2 1 177,205 "157";
158 0 0 133,228 "158";
159 2 1 4,34 "159";
160 2 0 75,84 "160";
161 0 1 259,269 "161";
162 2 0 67,245 "162";
163 0 1 63,147 "163";
164 0 1 30,181 "164";
165 2 0 47,87 "165";
166 2 0 25,81 "166";
167 0 1 44,69 "167";
168 1 0 8,110 "168";
169 0 1 35,270 "169";
170 2 1 68,245 "170";
171 2 1 77,106 "171";
172 0 0 10,139 "172";
173 1 1 135,254 "173";
174 2 1 7,40 "174";
175 0 0 174,213 "175";
176 2 0 51,54 "176";
177 0 1 93,159 "177";
178 2 1 75,119 "178";
179 2 0 88,164 "179";
180 2 0 74,263 "180";
181 0 1 117,270 "181";
182 1 1 112,159 "182";
183 2 0 73,105 "183";
184 0 1 137,147 "184";
185 0 1 170,258 "185";
186 0 0 98,159 "186";
187 1 1 61,257 "187";
188 1 0 106,142 "188";
189 0 1 72,128 "189";
190 0 0 42,162 "190";
191 0 1 57,122 "191";
192 2 1 2,120 "192";
193 0 1 97,221 "193";
194 1 1 93,147 "194";
195 1 1 61,155 "195";
196 0 0 190,214 "196";
197 2 0 90,156 "197";
198 1 0 63,102 "198";
199 1 0 239,255 "199";
200 2 0 86,222 "200";
201 2 0 125,159 "201";
202 1 0 31,184 "202";
203 1 0 92,126 "203";
204 0 1 219,248 "204";
205 2 0 126,214 "205";
206 0 0 95,242 "206";
207 1 1 0,213 "207";
208 2 0 122,268 "208";
209 1 1 30,163 "209";
210 0 0 212,225 "210";
211 0 1 95,227 "211";
212 1 0 119,190 "212";
213 0 0 121,171 "213";
214 2 0 21,228 "214";
215 2 1 244,250 "215";
216 1 0 76,182 "216";
217 2 1 128,250 "217";
218 1 0 119,154 "218";
219 2 1 19,145 "219";
220 2 0 70,116 "220";
221 1 1 108,182 "221";
222 2 0 212,225 "222";
223 1 1 164,252 "223";
224 2 0 72,211 "224";
225 1 1 117,166 "225";
226 0 0 11,256 "226";
227 2 0 120,273 "227";
228 1 1 78,140 "228";
229 0 0 32,150 "229";
230 0 1 27,47 "230";
231 1 1 2,169 "231";
232 0 0 81,193 "232";
233 1 0 0,211 "233";
234 1 1 30,152 "234";
235 2 0 86,239 "235";
236 2 1 147,199 "236";
237 1 0 63,258 "237";
238 2 0 55,138 "238";
239 2 1 78,100 "239";
240 1 0 183,227 "240";
241 0 1 50,266 "241";
242 2 1 29,175 "242";
243 2 0 161,192 "243";
244 2 1 105,202 "244";
245 2 1 52,66 "245";
246 2 0 190,250 "246";
247 1 0 133,135 "247";
248 1 1 65,158 "248";
249 0 1 25,136 "249";
250 0 1 119,224 "250";
251 1 1 136,172 "251";
252 2 0 117,146 "252";
253 2 0 65,164 "253";
254 2 1 190,258 "254";
255 2 0 167,274 "255";
256 0 0 14,16 "256";
257 1 0 66,112 "257";
258 2 0 5,267 "258";
259 2 0 158,179 "259";
260 0 1 151,189 "260";
261 0 1 13,191 "261";
262 1 1 15,122 "262";
263 0 1 39,184 "263";
264 0 1 155,197 "264";
265 1 1 97,211 "265";
266 1 1 187,225 "266";
267 0 0 141,192 "267";
268 2 0 62,256 "268";
269 2 1 44,267 "269";
270 2 0 35,82 "270";
271 2 1 88,268 "271";
272 2 0 38,174 "272";
273 0 0 92,249 "273";
274 1 1 92,166 "274";
