parity 234;
0 2 1 175,219 "0";
1 0 1 117,121 "1";
2 2 1 220,234 "2";
3 2 1 163,199 "3";
4 0 0 38,228 "4";
5 2 0 121,152 "5";
6 0 0 48,174 "6";
7 0 1 16,177 "7";
8 0 0 72,120 "8";
9 1 1 163,187 "9";
10 2 0 202,230 "10";
11 0 0 36,91 "11";
12 2 0 57,86 "12";
13 1 0 145,161 "13";
14 1 0 0,36 "14";
15 2 0 115,180 "15";
16 2 1 87,109 "16";
17 0 1 81,192 "17";
18 0 1 87,101 "18";
19 2 0 30,156 "19";
20 0 0 56,196 "20";
21 2 1 108,176 "21";
22 1 0 155,196 "22";
23 2 0 13,195 "23";
24 0 0 10,174 "24";
25 1 0 153,231 "25";
26 0 0 135,233 "26";
27 0 1 28,74 "27";
28 0 1 178,234 "28";
29 0 1 58,156 "29";
30 2 0 59,203 "30";
31 2 1 185,192 "31";
32 1 1 6,227 "32";
33 2 0 34,109 "33";
34 1 0 191,203 "34";
35 2 0 93,166 "35";
36 0 1 163,210 "36";
37 0 0 183,217 "37";
38 0 0 17,136 "38";
39 1 0 107,229 "39";
40 0 1 25,124 "40";
41 1 0 59,180 "41";
42 1 0 8,119 "42";
43 2 1 114,223 "43";
44 2 0 154,169 "44";
45 1 1 67,184 "45";
46 2 0 14,53 "46";
47 1 1 99,153 "47";
48 0 0 24,192 "48";
49 0 0 131,159 "49";
50 1 1 24,114 "50";
51 1 1 90,195 "51";
52 2 1 0,72 "52";
53 1 0 136,217 "53";
54 2 1 10,120 "54";
55 1 1 47,91 "55";
56 2 0 62,161 "56";
57 0 1 9,60 "57";
58 0 1 105,153 "58";
59 1 1 91,115 "59";
60 1 0 15,165 "60";
61 0 0 51,73 "61";
62 0 0 13,54 "62";
63 0 0 129,198 "63";
64 2 1 87,106 "64";
65 1 0 84,125 "65";
66 1 1 17,78 "66";
67 1 1 42,112 "67";
68 2 1 62,99 "68";
69 1 1 115,183 "69";
70 1 1 53,196 "70";
71 1 1 97,233 "71";
72 1 0 146,179 "72";
73 1 0 42,56 "73";
74 1 1 165,225 "74";
75 2 0 32,185 "75";
76 2 1 166,176 "76";
77 2 1 15,123 "77";
78 2 0 52,189 "78";
79 2 1 16,104 "79";
80 2 0 45,182 "80";
81 0 0 145,169 "81";
82 0 1 26,212 "82";
83 0 0 33,76 "83";
84 2 0 9,128 "84";
85 2 0 6,21 "85";
86 2 0 10,214 "86";
87 1 1 70,110 "87";
88 1 0 196,227 "88";
89 2 0 126,222 "89";
90 0 0 48,230 "90";
91 2 0 63,210 "91";
92 1 0 153,199 "92";
93 2 1 15,96 "93";
94 1 1 142,228 "94";
95 0 1 227,231 "95";
96 1 1 52,203 "96";
97 0 1 61,189 "97";
98 1 0 27,71 "98";
99 1 0 5,67 "99";
100 2 0 31,33 "100";
101 2 0 141,223 "101";
102 1 1 29,150 "102";
103 2 1 161,213 "103";
104 0 1 122,127 "104";
105 2 1 57,117 "105";
106 0 0 26,178 "106";
107 0 1 7,192 "107";
108 0 1 102,154 "108";
109 2 1 37,232 "109";
110 1 1 131,205 "110";
111 0 1 147,192 "111";
112 2 0 110,164 "112";
113 0 0 36,109 "113";
114 0 1 129,208 "114";
115 1 0 80,158 "115";
116 0 1 27,34 "116";
117 0 0 192,218 "117";
118 2 1 65,234 "118";
119 1 0 86,212 "119";
120 1 0 95,205 "120";
121 0 1 200,210 "121";
122 2 0 50,181 "122";
123 2 0 79,121 "123";
124 1 0 33,203 "124";
125 1 1 44,216 "125";
126 0 1 16,110 "126";
127 0 0 192,226 "127";
128 1 1 0,34 "128";
129 1 0 143,158 "129";
130 0 0 179,193 "130";
131 1 0 12,228 "131";
132 2 0 64,83 "132";
133 2 1 4,139 "133";
134 2 0 120,165 "134";
135 1 1 190,204 "135";
136 0 0 171,230 "136";
137 1 1 9,136 "137";
138 2 0 53,222 "138";
139 1 1 35,159 "139";
140 2 0 72,147 "140";
141 2 0 121,147 "141";
142 2 0 7,201 "142";
143 0 0 106,217 "143";
144 2 1 122,184 "144";
145 1 1 44,217 "145";
146 2 0 92,100 "146";
147 0 0 58,96 "147";
148 0 1 202,210 "148";
149 2 1 17,161 "149";
150 0 0 32,219 "150";
151 0 0 54,118 "151";
152 0 1 4,218 "152";
153 0 1 53,101 "153";
154 2 1 78,185 "154";
155 2 0 137,197 "155";
156 2 0 74,99 "156";
157 0 0 166,218 "157";
158 0 0 39,44 "158";
159 0 1 6,27 "159";
160 2 1 4,129 "160";
161 0 0 93,181 "161";
162 1 0 152,232 "162";
163 0 0 170,176 "163";
164 2 1 87,142 "164";
165 1 1 36,189 "165";
166 0 0 30,33 "166";
167 0 0 148,166 "167";
168 2 1 0,213 "168";
169 2 0 132,215 "169";
170 2 1 113,223 "170";
171 1 0 38,42 "171";
172 2 1 169,211 "172";
173 0 1 65,148 "173";
174 0 0 81,168 "174";
175 1 0 40,125 "175";
176 1 1 88,174 "176";
177 2 1 71,145 "177";
178 0 0 96,102 "178";
179 1 1 50,124 "179";
180 1 0 59,88 "180";
181 1 1 2,195 "181";
182 1 0 126,150 "182";
183 0 0 120,127 "183";
184 0 0 27,162 "184";
185 2 1 27,217 "185";
186 1 0 125,163 "186";
187 1 1 26,134 "187";
188 2 1 219,231 "188";
189 1 1 53,227 "189";
190 0 1 27,151 "190";
191 1 1 86,134 "191";
192 2 1 133,163 "192";
193 0 1 124,151 "193";
194 2 1 45,117 "194";
195 2 1 138,216 "195";
196 0 1 7,139 "196";
197 1 1 25,178 "197";
198 2 0 31,174 "198";
199 0 1 109,145 "199";
200 1 0 37,165 "200";
201 1 0 47,56 "201";
202 1 1 98,224 "202";
203 2 0 106,119 "203";
204 1 0 90,231 "204";
205 0 1 25,59 "205";
206 1 1 47,144 "206";
207 2 1 54,201 "207";
208 1 0 28,124 "208";
209 2 0 83,150 "209";
210 2 0 103,193 "210";
211 2 0 2,96 "211";
212 0 0 100,127 "212";
213 2 1 30,190 "213";
214 1 0 132,219 "214";
215 1 1 171,179 "215";
216 1 1 158,219 "216";
217 1 0 145,187 "217";
218 1 0 147,179 "218";
219 1 0 153,155 "219";
220 1 1 131,216 "220";
221 0 0 46,223 "221";
222 0 1 18,94 "222";
223 1 1 53,77 "223";
224 2 0 82,102 "224";
225 0 1 53,71 "225";
226 0 0 151,201 "226";
227 2 1 86,204 "227";
228 2 0 3,158 "228";
229 2 1 3,22 "229";
230 0 1 2,94 "230";
231 0 1 10,200 "231";
232 1 0 13,126 "232";
233 2 1 102,157 "233";
234 0 1 89,209 "234";
