parity 259;
0 0 1 63,80 "0";
1 1 1 37,147 "1";
2 1 0 128,158 "2";
3 2 1 98,103 "3";
4 2 0 68,159 "4";
5 1 0 12,84 "5";
6 0 1 47,180 "6";
7 1 1 78,245 "7";
8 0 0 48,211 "8";
9 2 1 138,220 "9";
10 0 0 181,245 "10";
11 0 1 37,91 "11";
12 2 1 83,179 "12";
13 1 1 18,235 "13";
14 1 0 49,105 "14";
15 1 1 91,119 "15";
16 0 1 4,105 "16";
17 0 0 30,216 "17";
18 1 1 24,160 "18";
19 0 1 61,252 "19";
20 0 1 27,238 "20";
21 0 1 76,169 "21";
22 0 1 139,190 "22";
23 1 1 112,156 "23";
24 0 1 145,254 "24";
25 2 0 37,69 "25";
26 0 1 115,141 "26";
27 1 0 49,173 "27";
28 1 0 95,195 "28";
29 1 0 52,56 "29";
30 0 1 90,206 "30";
31 1 1 46,130 "31";
32 1 0 186,249 "32";
33 0 0 37,238 "33";
34 2 1 47,109 "34";
35 2 1 46,107 "35";
36 2 0 78,127 "36";
37 1 0 9,130 "37";
38 0 1 94,162 "38";
39 1 0 127,197 "39";
40 2 0 162,232 "40";
41 2 0 48,147 "41";
42 0 0 119,191 "42";
43 2 1 52,179 "43";
44 1 0 68,226 "44";
45 1 1 37,239 "45";
46 2 0 17,98 "46";
47 1 1 12,145 "47";
48 1 0 199,242 "48";
49 1 0 76,223 "49";
50 1 1 93,242 "50";
51 0 1 195,242 "51";
52 0 1 140,228 "52";
53 1 0 223,259 "53";
54 1 1 18,34 "54";
55 2 1 30,124 "55";
56 1 1 216,246 "56";
57 0 0 225,259 "57";
58 2 0 235,247 "58";
59 0 1 81,160 "59";
60 1 1 94,192 "60";
61 1 1 139,212 "61";
62 0 0 32,182 "62";
63 1 0 34,107 "63";
64 0 0 109,246 "64";
65 1 1 0,111 "65";
66 2 0 210,218 "66";
67 0 1 96,124 "67";
68 1 0 27,153 "68";
69 1 1 6,182 "69";
70 1 1 8,32 "70";
71 0 0 37,95 "71";
72 1 1 158,233 "72";
73 2 1 5,45 "73";
74 0 1 125,254 "74";
75 2 0 74,164 "75";
76 1 1 15,142 "76";
77 1 1 84,255 "77";
78 2 0 64,86 "78";
79 0 0 28,65 "79";
80 0 1 25,128 "80";
81 2 1 83,173 "81";
82 1 0 52,106 "82";
83 2 0 51,242 "83";
84 2 1 125,198 "84";
85 2 1 54,118 "85";
86 0 0 45,189 "86";
87 0 1 53,149 "87";
88 1 1 43,215 "88";
89 1 0 13,117 "89";
90 0 0 13,226 "90";
91 2 1 73,244 "91";
92 0 0 128,163 "92";
93 0 1 40,253 "93";
94 0 1 177,193 "94";
95 2 0 138,144 "95";
96 2 1 67,225 "96";
97 2 0 2,101 "97";
98 1 0 215,252 "98";
99 2 0 34,80 "99";
100 1 1 29,214 "100";
101 2 1 105,190 "101";
102 0 0 88,205 "102";
103 2 0 223,236 "103";
104 1 1 80,241 "104";
105 1 0 16,227 "105";
106 0 1 91,226 "106";
107 1 1 0,253 "107";
108 1 1 34,91 "108";
109 2 0 48,188 "109";
110 1 1 67,161 "110";
111 1 0 41,141 "111";
112 1 0 46,71 "112";
113 2 1 144,205 "113";
114 2 0 223,254 "114";
115 0 1 25,227 "115";
116 1 1 34,245 "116";
117 1 0 189,228 "117";
118 0 1 15,40 "118";
119 1 0 97,231 "119";
120 0 0 151,178 "120";
121 2 0 118,124 "121";
122 1 0 16,27 "122";
123 1 0 0,41 "123";
124 2 0 120,220 "124";
125 1 1 91,238 "125";
126 2 1 104,199 "126";
127 1 1 149,202 "127";
128 2 0 239,250 "128";
129 1 1 43,76 "129";
130 1 0 91,246 "130";
131 1 1 70,129 "131";
132 0 1 223,246 "132";
133 1 0 160,224 "133";
134 2 0 23,246 "134";
135 0 1 64,259 "135";
136 2 0 73,184 "136";
137 0 1 5,200 "137";
138 0 1 134,189 "138";
139 0 0 92,141 "139";
140 2 1 94,135 "140";
141 1 1 156,205 "141";
142 2 0 48,164 "142";
143 2 0 29,164 "143";
144 1 0 77,149 "144";
145 1 1 2,79 "145";
146 2 1 129,139 "146";
147 0 1 18,240 "147";
148 2 1 168,200 "148";
149 0 1 164,216 "149";
150 0 1 23,214 "150";
151 1 1 23,97 "151";
152 1 0 35,113 "152";
153 2 0 28,95 "153";
154 0 1 98,162 "154";
155 1 1 103,149 "155";
156 2 1 97,113 "156";
157 2 1 152,209 "157";
158 2 0 30,127 "158";
159 0 1 47,259 "159";
160 1 1 28,62 "160";
161 0 0 102,152 "161";
162 2 0 209,226 "162";
163 1 0 228,240 "163";
164 0 0 54,160 "164";
165 2 0 120,146 "165";
166 2 0 115,128 "166";
167 1 1 12,250 "167";
168 1 1 36,119 "168";
169 2 0 95,110 "169";
170 1 1 8,155 "170";
171 2 0 17,183 "171";
172 0 1 80,215 "172";
173 1 0 120,218 "173";
174 1 0 12,203 "174";
175 2 1 80,164 "175";
176 1 0 8,150 "176";
177 0 1 22,145 "177";
178 1 0 66,164 "178";
179 0 1 0,240 "179";
180 0 0 34,90 "180";
181 1 0 196,236 "181";
182 0 1 186,211 "182";
183 1 1 64,233 "183";
184 0 0 121,126 "184";
185 2 0 12,254 "185";
186 0 1 207,250 "186";
187 0 0 82,136 "187";
188 0 0 91,144 "188";
189 1 1 44,131 "189";
190 0 0 105,116 "190";
191 2 0 24,237 "191";
192 0 0 182,185 "192";
193 0 1 58,228 "193";
194 0 0 112,191 "194";
195 2 0 37,162 "195";
196 2 1 13,124 "196";
197 1 1 59,227 "197";
198 1 0 8,240 "198";
199 0 0 59,250 "199";
200 1 1 58,76 "200";
201 2 1 6,139 "201";
202 2 1 37,179 "202";
203 2 1 133,243 "203";
204 2 1 38,195 "204";
205 0 1 51,103 "205";
206 1 0 134,234 "206";
207 1 1 64,130 "207";
208 1 0 141,167 "208";
209 1 1 137,188 "209";
210 2 0 119,251 "210";
211 2 1 105,143 "211";
212 0 1 14,175 "212";
213 2 0 97,145 "213";
214 1 0 72,146 "214";
215 2 0 70,223 "215";
216 1 0 42,219 "216";
217 2 1 112,115 "217";
218 0 1 19,46 "218";
219 2 1 27,123 "219";
220 2 0 1,206 "220";
221 2 1 61,178 "221";
222 0 0 102,148 "222";
223 1 1 76,125 "223";
224 0 1 112,173 "224";
225 1 1 9,86 "225";
226 1 1 215,223 "226";
227 1 1 79,137 "227";
228 1 0 158,215 "228";
229 0 1 34,118 "229";
230 2 1 156,196 "230";
231 2 1 32,194 "231";
232 0 1 18,199 "232";
233 2 0 207,223 "233";
234 1 1 20,89 "234";
235 2 0 22,147 "235";
236 2 0 111,162 "236";
237 0 1 157,223 "237";
238 0 1 72,172 "238";
239 0 0 76,164 "239";
240 1 1 205,237 "240";
241 2 1 178,218 "241";
242 1 0 94,140 "242";
243 1 0 236,255 "243";
244 0 0 135,225 "244";
245 1 0 13,97 "245";
246 0 1 43,121 "246";
247 0 1 81,229 "247";
248 1 0 62,253 "248";
249 0 1 63,178 "249";
250 2 1 125,212 "250";
251 1 1 192,215 "251";
252 0 1 242,258 "252";
253 1 1 19,110 "253";
254 1 1 18,37 "254";
255 0 1 50,104 "255";
256 2 1 45,191 "256";
257 0 1 50,67 "257";
258 1 1 65,213 "258";
259 1 1 12,247 "259";
