parity 274;
0 2 1 70,155 "0";
1 0 0 6,178 "1";
2 2 1 265,266 "2";
3 2 1 96,177 "3";
4 0 0 22,23 "4";
5 1 1 8,67 "5";
6 1 1 80,133 "6";
7 1 0 76,184 "7";
8 1 0 30,72 "8";
9 2 1 118,184 "9";
10 2 1 3,88 "10";
11 1 1 9,98 "11";
12 1 1 192,223 "12";
13 0 0 110,123 "13";
14 1 0 124,183 "14";
15 0 0 140,270 "15";
16 0 0 63,153 "16";
17 2 0 77,106 "17";
18 2 1 155,234 "18";
19 2 1 83,152 "19";
20 0 1 146,242 "20";
21 2 0 208,209 "21";
22 2 1 108,160 "22";
23 2 0 22,185 "23";
24 1 1 166,201 "24";
25 2 0 188,265 "25";
26 1 1 11,192 "26";
27 2 0 86,270 "27";
28 2 1 18,185 "28";
29 1 1 79,211 "29";
30 2 1 228,253 "30";
31 2 0 91,251 "31";
32 1 1 61,245 "32";
33 2 1 90,231 "33";
34 2 1 183,251 "34";
35 2 1 72,96 "35";
36 0 0 17,219 "36";
37 0 0 197,252 "37";
38 1 1 19,266 "38";
39 0 0 140,237 "39";
40 2 1 156,198 "40";
41 1 0 73,242 "41";
42 1 1 108,249 "42";
43 0 0 37,141 "43";
44 2 0 109,201 "44";
45 0 0 140,149 "45";
46 2 0 227,233 "46";
47 0 1 0,122 "47";
48 0 0 115,172 "48";
49 0 0 0,132 "49";
50 1 1 1,69 "50";
51 1 0 20,64 "51";
52 1 0 232,241 "52";
53 2 1 43,124 "53";
54 2 0 88,193 "54";
55 1 1 11,110 "55";
56 0 1 66,152 "56";
57 0 0 183,206 "57";
58 0 0 49,80 "58";
59 2 1 19,52 "59";
60 0 0 48,214 "60";
61 2 1 12,137 "61";
62 0 1 28,65 "62";
63 2 0 171,222 "63";
64 1 0 28,224 "64";
65 0 0 137,140 "65";
66 1 0 21,258 "66";
67 0 0 14,223 "67";
68 0 1 161,212 "68";
69 2 1 235,268 "69";
70 1 0 124,243 "70";
71 1 1 121,146 "71";
72 2 0 24,244 "72";
73 2 0 13,93 "73";
74 2 0 57,167 "74";
75 2 1 21,271 "75";
76 1 1 128,263 "76";
77 0 0 128,263 "77";
78 0 0 84,247 "78";
79 2 1 60,239 "79";
80 1 1 62,253 "80";
81 0 0 77,175 "81";
82 2 0 77,185 "82";
83 0 1 71,168 "83";
84 2 1 94,98 "84";
85 0 1 53,73 "85";
86 2 1 209,225 "86";
87 2 1 1,109 "87";
88 2 1 3,142 "88";
89 1 1 43,271 "89";
90 0 1 57,214 "90";
91 0 0 135,199 "91";
92 0 1 59,220 "92";
93 2 0 17,21 "93";
94 0 0 170,256 "94";
95 0 0 28,208 "95";
96 1 1 196,203 "96";
97 1 1 68,271 "97";
98 0 1 96,157 "98";
99 1 1 161,263 "99";
100 0 1 24,174 "100";
101 1 1 29,265 "101";
102 2 0 23,57 "102";
103 1 0 4,266 "103";
104 0 0 49,92 "104";
105 1 0 50,94 "105";
106 2 0 183,202 "106";
107 2 0 24,232 "107";
108 0 0 20,92 "108";
109 2 1 82,96 "109";
110 2 1 80,189 "110";
111 2 1 10,229 "111";
112 2 0 81,174 "112";
113 2 1 16,127 "113";
114 1 0 221,239 "114";
115 0 0 67,194 "115";
116 0 0 115,175 "116";
117 0 0 155,171 "117";
118 1 1 38,241 "118";
119 1 0 142,154 "119";
120 1 1 59,82 "120";
121 2 0 42,184 "121";
122 1 1 126,184 "122";
123 2 1 4,212 "123";
124 2 1 48,257 "124";
125 1 0 88,171 "125";
126 2 1 70,150 "126";
127 2 0 82,117 "127";
128 0 0 33,64 "128";
129 1 1 188,250 "129";
130 2 1 89,138 "130";
131 2 0 36,230 "131";
132 1 0 107,113 "132";
133 1 0 21,179 "133";
134 1 1 37,81 "134";
135 1 0 134,171 "135";
136 0 1 113,237 "136";
137 1 1 62,186 "137";
138 2 1 107,126 "138";
139 0 1 20,70 "139";
140 0 0 183,266 "140";
141 2 0 207,268 "141";
142 0 1 126,191 "142";
143 2 0 43,111 "143";
144 1 1 154,222 "144";
145 2 1 42,171 "145";
146 2 0 14,159 "146";
147 0 0 106,113 "147";
148 2 1 36,45 "148";
149 0 0 104,108 "149";
150 2 1 109,180 "150";
151 1 0 140,162 "151";
152 2 1 90,112 "152";
153 0 0 26,176 "153";
154 0 1 25,156 "154";
155 0 0 54,178 "155";
156 1 0 155,158 "156";
157 0 0 67,91 "157";
158 1 0 153,266 "158";
159 1 1 57,63 "159";
160 0 1 112,130 "160";
161 2 0 222,248 "161";
162 2 1 33,253 "162";
163 0 1 93,235 "163";
164 0 0 101,211 "164";
165 0 1 147,209 "165";
166 2 0 102,233 "166";
167 2 0 129,198 "167";
168 1 1 69,124 "168";
169 2 1 49,156 "169";
170 2 1 120,209 "170";
171 2 1 63,198 "171";
172 2 0 56,181 "172";
173 0 0 125,176 "173";
174 2 0 44,99 "174";
175 0 0 226,258 "175";
176 0 0 20,269 "176";
177 1 1 25,132 "177";
178 2 0 186,272 "178";
179 1 1 185,251 "179";
180 2 0 93,123 "180";
181 1 0 159,201 "181";
182 1 0 19,123 "182";
183 0 0 90,248 "183";
184 0 1 85,108 "184";
185 1 0 74,243 "185";
186 1 1 41,249 "186";
187 2 0 110,130 "187";
188 2 0 8,148 "188";
189 1 0 55,213 "189";
190 0 0 85,271 "190";
191 0 0 58,62 "191";
192 0 0 69,199 "192";
193 2 0 49,66 "193";
194 2 1 206,256 "194";
195 2 1 162,174 "195";
196 1 0 27,96 "196";
197 1 0 35,228 "197";
198 0 1 53,271 "198";
199 0 0 75,197 "199";
200 2 0 31,144 "200";
201 2 1 105,224 "201";
202 2 1 24,91 "202";
203 2 0 22,268 "203";
204 0 1 61,112 "204";
205 0 0 56,208 "205";
206 0 0 151,194 "206";
207 1 0 44,199 "207";
208 1 1 125,151 "208";
209 0 1 46,60 "209";
210 0 1 219,245 "210";
211 0 0 12,110 "211";
212 2 0 192,198 "212";
213 1 0 10,224 "213";
214 1 0 108,160 "214";
215 2 0 56,248 "215";
216 1 0 1,105 "216";
217 2 0 42,240 "217";
218 1 1 105,243 "218";
219 1 1 71,134 "219";
220 1 0 87,142 "220";
221 2 0 209,217 "221";
222 0 0 52,172 "222";
223 1 0 18,171 "223";
224 2 1 54,97 "224";
225 2 0 177,256 "225";
226 2 0 15,144 "226";
227 0 0 143,147 "227";
228 2 1 36,73 "228";
229 2 0 124,261 "229";
230 0 0 167,201 "230";
231 0 0 122,207 "231";
232 2 0 167,219 "232";
233 0 1 131,225 "233";
234 2 1 12,207 "234";
235 0 0 33,115 "235";
236 2 0 104,123 "236";
237 2 0 76,265 "237";
238 2 1 27,245 "238";
239 2 0 23,159 "239";
240 0 1 13,273 "240";
241 2 0 57,137 "241";
242 2 1 234,246 "242";
243 0 0 157,239 "243";
244 2 1 73,102 "244";
245 1 0 27,102 "245";
246 2 1 63,158 "246";
247 1 0 97,206 "247";
248 1 1 94,247 "248";
249 0 1 41,267 "249";
250 2 0 32,210 "250";
251 2 1 35,139 "251";
252 1 1 20,86 "252";
253 0 1 112,272 "253";
254 2 1 248,252 "254";
255 1 0 142,173 "255";
256 2 1 137,237 "256";
257 0 0 199,202 "257";
258 0 0 129,183 "258";
259 0 1 55,180 "259";
260 1 1 171,241 "260";
261 2 0 140,223 "261";
262 0 0 108,140 "262";
263 2 1 35,220 "263";
264 1 1 227,242 "264";
265 1 1 33,98 "265";
266 2 0 19,250 "266";
267 0 1 121,200 "267";
268 0 1 3,129 "268";
269 2 1 153,232 "269";
270 0 1 69,239 "270";
271 0 0 0,256 "271";
272 1 1 135,160 "272";
273 2 0 30,244 "273";
274 0 0 10,116 "274";
