parity 204;
0 1 0 35,184 "0";
1 0 0 17,33 "1";
2 2 0 193,200 "2";
3 2 0 31,80 "3";
4 0 1 45,78 "4";
5 1 1 14,121 "5";
6 0 0 133,174 "6";
7 0 1 149,170 "7";
8 1 0 116,167 "8";
9 1 0 3,144 "9";
10 1 1 60,78 "10";
11 0 1 25,100 "11";
12 2 0 44,48 "12";
13 2 1 24,77 "13";
14 0 1 147,197 "14";
15 1 0 67,186 "15";
16 0 1 68,74 "16";
17 1 0 197,198 "17";
18 2 1 11,87 "18";
19 0 1 104,192 "19";
20 1 1 150,195 "20";
21 0 1 87,142 "21";
22 2 0 37,47 "22";
23 0 0 15,38 "23";
24 1 1 148,193 "24";
25 1 0 30,180 "25";
26 0 0 57,108 "26";
27 0 1 127,160 "27";
28 2 0 30,136 "28";
29 0 0 38,111 "29";
30 1 0 14,183 "30";
31 2 0 107,180 "31";
32 2 0 34,45 "32";
33 0 0 2,173 "33";
34 0 1 51,52 "34";
35 2 1 25,183 "35";
36 1 1 123,158 "36";
37 0 1 43,70 "37";
38 1 1 72,132 "38";
39 1 1 115,169 "39";
40 0 0 96,161 "40";
41 1 0 50,77 "41";
42 2 1 108,182 "42";
43 1 1 68,196 "43";
44 1 0 7,100 "44";
45 0 0 14,60 "45";
46 2 1 0,45 "46";
47 2 0 7,87 "47";
48 0 1 150,177 "48";
49 0 1 21,140 "49";
50 0 1 122,133 "50";
51 2 1 14,168 "51";
52 1 0 88,121 "52";
53 0 1 68,167 "53";
54 1 1 133,168 "54";
55 0 0 30,121 "55";
56 0 0 125,147 "56";
57 0 0 136,168 "57";
58 2 0 93,174 "58";
59 0 0 94,113 "59";
60 1 1 52,152 "60";
61 2 1 31,56 "61";
62 1 1 18,34 "62";
63 0 1 135,176 "63";
64 1 0 124,161 "64";
65 0 0 54,141 "65";
66 1 0 5,52 "66";
67 0 1 33,82 "67";
68 0 1 116,201 "68";
69 0 0 144,193 "69";
70 1 1 31,196 "70";
71 2 1 1,72 "71";
72 1 1 100,121 "72";
73 1 1 118,136 "73";
74 2 1 46,172 "74";
75 1 1 27,66 "75";
76 0 1 10,118 "76";
77 0 1 22,123 "77";
78 1 0 59,119 "78";
79 2 0 181,198 "79";
80 0 0 111,202 "80";
81 0 1 180,185 "81";
82 1 0 118,136 "82";
83 0 0 107,143 "83";
84 2 0 48,103 "84";
85 2 0 2,24 "85";
86 1 0 69,109 "86";
87 1 0 73,141 "87";
88 2 1 28,137 "88";
89 1 1 45,103 "89";
90 2 0 94,179 "90";
91 1 0 187,197 "91";
92 0 0 11,130 "92";
93 2 1 50,138 "93";
94 2 1 146,171 "94";
95 1 1 29,107 "95";
96 1 0 87,201 "96";
97 1 0 9,91 "97";
98 1 1 84,117 "98";
99 1 0 53,66 "99";
100 2 1 107,192 "100";
101 2 0 79,80 "101";
102 0 1 14,80 "102";
103 0 0 48,139 "103";
104 2 0 132,154 "104";
105 1 0 19,73 "105";
106 0 0 136,144 "106";
107 1 0 64,76 "107";
108 2 0 104,142 "108";
109 0 0 47,134 "109";
110 0 0 97,115 "110";
111 0 0 28,144 "111";
112 0 0 101,152 "112";
113 2 1 53,145 "113";
114 0 1 63,75 "114";
115 1 0 56,180 "115";
116 1 0 12,143 "116";
117 1 0 43,114 "117";
118 2 0 22,78 "118";
119 2 0 37,38 "119";
120 1 0 4,76 "120";
121 0 1 100,155 "121";
122 0 1 164,187 "122";
123 0 1 11,117 "123";
124 1 0 17,46 "124";
125 0 0 61,112 "125";
126 1 0 62,67 "126";
127 0 1 112,161 "127";
128 1 1 25,141 "128";
129 1 0 18,200 "129";
130 2 1 82,191 "130";
131 2 0 137,201 "131";
132 1 1 99,140 "132";
133 1 1 104,204 "133";
134 2 1 151,170 "134";
135 0 0 95,154 "135";
136 1 1 60,98 "136";
137 0 1 61,143 "137";
138 1 0 130,161 "138";
139 1 0 9,168 "139";
140 2 0 66,153 "140";
141 1 1 82,115 "141";
142 1 1 30,77 "142";
143 1 0 40,181 "143";
144 1 0 124,160 "144";
145 0 0 83,198 "145";
146 1 1 43,44 "146";
147 1 1 47,60 "147";
148 2 0 14,52 "148";
149 0 1 106,109 "149";
150 2 1 13,95 "150";
151 0 0 29,129 "151";
152 1 0 37,90 "152";
153 2 1 101,124 "153";
154 1 1 64,138 "154";
155 1 1 57,147 "155";
156 0 0 60,172 "156";
157 0 1 58,173 "157";
158 2 1 28,167 "158";
159 0 1 152,170 "159";
160 1 1 50,115 "160";
161 1 0 70,171 "161";
162 1 0 56,90 "162";
163 0 1 95,189 "163";
164 1 0 10,86 "164";
165 0 1 102,116 "165";
166 1 0 140,153 "166";
167 0 0 136,173 "167";
168 0 1 88,108 "168";
169 1 0 12,70 "169";
170 2 1 42,198 "170";
171 2 0 42,46 "171";
172 0 0 19,79 "172";
173 1 1 57,80 "173";
174 2 0 173,185 "174";
175 0 0 34,182 "175";
176 2 1 148,180 "176";
177 2 1 49,184 "177";
178 2 1 11,86 "178";
179 2 1 66,162 "179";
180 1 0 12,187 "180";
181 1 1 102,183 "181";
182 1 1 131,195 "182";
183 1 1 151,155 "183";
184 1 0 4,143 "184";
185 1 1 141,181 "185";
186 2 0 89,130 "186";
187 0 0 31,157 "187";
188 0 1 175,195 "188";
189 0 1 45,166 "189";
190 2 1 153,168 "190";
191 2 1 55,163 "191";
192 0 0 139,193 "192";
193 2 0 81,105 "193";
194 1 1 123,171 "194";
195 0 0 169,188 "195";
196 1 1 146,189 "196";
197 1 0 129,185 "197";
198 2 1 92,142 "198";
199 0 1 42,155 "199";
200 0 1 12,163 "200";
201 0 0 119,138 "201";
202 0 1 127,189 "202";
203 0 1 60,201 "203";
204 0 1 42,111 "204";
