parity 274;
0 0 1 43,91 "0";
1 0 1 84,167 "1";
2 1 0 33,219 "2";
3 0 0 32,262 "3";
4 0 1 25,134 "4";
5 1 1 61,241 "5";
6 2 0 97,170 "6";
7 0 0 13,60 "7";
8 2 1 136,170 "8";
9 0 0 32,146 "9";
10 2 1 247,252 "10";
11 1 0 149,151 "11";
12 0 0 61,203 "12";
13 0 0 230,255 "13";
14 0 1 54,157 "14";
15 1 0 3,128 "15";
16 1 0 217,240 "16";
17 0 0 31,182 "17";
18 0 0 130,197 "18";
19 0 1 52,160 "19";
20 0 1 85,126 "20";
21 0 1 52,101 "21";
22 1 1 38,52 "22";
23 1 0 39,92 "23";
24 2 1 12,22 "24";
25 1 0 250,260 "25";
26 0 0 64,257 "26";
27 2 1 203,205 "27";
28 0 0 119,155 "28";
29 2 0 85,235 "29";
30 1 0 64,126 "30";
31 2 0 70,177 "31";
32 2 0 17,240 "32";
33 0 1 227,254 "33";
34 1 1 145,180 "34";
35 0 1 42,53 "35";
36 0 1 37,147 "36";
37 2 0 124,176 "37";
38 2 1 105,274 "38";
39 1 0 107,164 "39";
40 1 0 75,139 "40";
41 0 1 115,250 "41";
42 1 1 156,216 "42";
43 2 1 77,269 "43";
44 1 0 64,189 "44";
45 0 0 134,244 "45";
46 0 0 115,266 "46";
47 1 0 11,212 "47";
48 0 0 57,272 "48";
49 2 1 99,262 "49";
50 1 0 106,126 "50";
51 0 1 144,148 "51";
52 0 0 106,226 "52";
53 2 0 140,153 "53";
54 0 1 74,247 "54";
55 2 0 175,262 "55";
56 2 1 30,95 "56";
57 1 0 16,262 "57";
58 2 0 172,256 "58";
59 0 1 32,133 "59";
60 0 0 71,149 "60";
61 0 0 19,94 "61";
62 0 1 110,273 "62";
63 2 0 57,142 "63";
64 0 0 69,118 "64";
65 1 0 16,42 "65";
66 1 0 134,259 "66";
67 1 0 113,148 "67";
68 0 1 195,260 "68";
69 2 0 38,139 "69";
70 0 1 144,185 "70";
71 0 1 22,239 "71";
72 2 1 65,163 "72";
73 1 0 192,265 "73";
74 2 0 102,253 "74";
75 0 1 100,207 "75";
76 0 1 49,122 "76";
77 1 0 149,223 "77";
78 2 1 114,237 "78";
79 1 1 104,186 "79";
80 2 0 21,76 "80";
81 2 1 9,212 "81";
82 2 0 71,213 "82";
83 1 1 36,124 "83";
84 0 0 133,155 "84";
85 1 0 81,92 "85";
86 2 0 1,164 "86";
87 0 1 57,233 "87";
88 1 1 56,97 "88";
89 1 0 184,237 "89";
90 1 1 253,264 "90";
91 0 1 102,263 "91";
92 2 1 10,146 "92";
93 2 1 154,240 "93";
94 2 1 28,218 "94";
95 2 1 217,274 "95";
96 1 1 6,178 "96";
97 0 1 86,235 "97";
98 2 1 138,241 "98";
99 0 0 85,250 "99";
100 1 1 115,228 "100";
101 1 0 90,133 "101";
102 0 0 4,151 "102";
103 2 1 132,245 "103";
104 2 0 123,142 "104";
105 1 1 49,113 "105";
106 2 0 226,254 "106";
107 1 0 96,99 "107";
108 2 1 86,237 "108";
109 0 1 113,270 "109";
110 2 1 97,128 "110";
111 2 0 7,227 "111";
112 1 0 74,111 "112";
113 2 0 83,103 "113";
114 2 0 29,57 "114";
115 1 1 92,254 "115";
116 1 0 111,156 "116";
117 0 1 169,181 "117";
118 0 1 106,236 "118";
119 2 1 45,246 "119";
120 2 0 16,25 "120";
121 0 0 126,223 "121";
122 1 0 106,221 "122";
123 0 1 16,230 "123";
124 2 1 245,274 "124";
125 1 1 229,238 "125";
126 2 1 186,206 "126";
127 0 1 59,216 "127";
128 1 0 114,262 "128";
129 1 0 91,272 "129";
130 0 0 221,227 "130";
131 0 1 151,190 "131";
132 1 1 155,248 "132";
133 1 1 7,48 "133";
134 2 0 32,214 "134";
135 0 0 26,28 "135";
136 1 0 123,185 "136";
137 2 0 81,135 "137";
138 0 1 134,215 "138";
139 0 0 57,270 "139";
140 1 0 29,249 "140";
141 1 0 168,254 "141";
142 1 1 62,249 "142";
143 0 0 107,252 "143";
144 0 0 7,118 "144";
145 2 1 65,144 "145";
146 1 0 0,109 "146";
147 1 0 34,78 "147";
148 1 0 143,189 "148";
149 2 0 126,176 "149";
150 2 0 0,149 "150";
151 0 1 94,249 "151";
152 1 0 87,106 "152";
153 2 1 8,235 "153";
154 0 0 123,232 "154";
155 1 0 52,229 "155";
156 2 0 19,229 "156";
157 2 1 125,249 "157";
158 2 0 55,184 "158";
159 1 1 103,260 "159";
160 0 1 203,251 "160";
161 1 1 28,53 "161";
162 2 1 71,114 "162";
163 1 1 148,269 "163";
164 2 1 255,274 "164";
165 1 1 124,152 "165";
166 1 0 18,93 "166";
167 2 1 235,257 "167";
168 1 0 45,226 "168";
169 1 0 60,178 "169";
170 0 1 84,261 "170";
171 1 0 22,37 "171";
172 2 0 6,114 "172";
173 1 1 10,181 "173";
174 0 0 99,130 "174";
175 2 0 59,264 "175";
176 0 1 135,138 "176";
177 1 1 114,159 "177";
178 2 0 31,258 "178";
179 0 1 107,161 "179";
180 0 1 232,243 "180";
181 2 0 9,138 "181";
182 1 1 171,233 "182";
183 2 0 116,165 "183";
184 2 0 42,268 "184";
185 2 0 26,143 "185";
186 2 0 45,228 "186";
187 1 0 1,234 "187";
188 0 1 37,73 "188";
189 1 1 95,148 "189";
190 2 0 173,204 "190";
191 2 0 216,269 "191";
192 0 1 223,265 "192";
193 0 1 123,131 "193";
194 2 1 135,138 "194";
195 2 0 51,89 "195";
196 2 1 137,253 "196";
197 0 0 7,169 "197";
198 0 1 19,160 "198";
199 2 1 131,156 "199";
200 2 0 9,240 "200";
201 1 0 139,255 "201";
202 1 0 127,132 "202";
203 2 0 201,208 "203";
204 1 1 85,229 "204";
205 2 0 19,92 "205";
206 0 0 43,264 "206";
207 2 1 117,122 "207";
208 1 1 42,233 "208";
209 1 0 23,268 "209";
210 0 0 21,273 "210";
211 2 0 36,244 "211";
212 2 1 205,234 "212";
213 0 1 154,254 "213";
214 1 0 117,250 "214";
215 1 0 14,136 "215";
216 2 1 227,255 "216";
217 2 0 71,233 "217";
218 0 0 49,186 "218";
219 2 1 112,247 "219";
220 1 1 140,194 "220";
221 1 1 156,252 "221";
222 2 1 169,227 "222";
223 0 1 240,250 "223";
224 0 1 100,197 "224";
225 1 0 86,157 "225";
226 1 1 207,222 "226";
227 1 0 138,204 "227";
228 1 1 63,251 "228";
229 1 1 11,235 "229";
230 0 0 120,246 "230";
231 1 0 162,230 "231";
232 0 1 104,220 "232";
233 1 0 56,91 "233";
234 1 0 151,186 "234";
235 1 1 111,128 "235";
236 2 1 3,133 "236";
237 2 1 99,226 "237";
238 2 0 149,255 "238";
239 2 0 119,267 "239";
240 1 0 50,82 "240";
241 2 0 34,89 "241";
242 1 1 21,233 "242";
243 1 0 17,267 "243";
244 1 0 6,246 "244";
245 2 0 56,144 "245";
246 0 1 97,234 "246";
247 2 1 91,151 "247";
248 1 1 255,269 "248";
249 2 1 2,103 "249";
250 2 1 26,92 "250";
251 2 1 137,206 "251";
252 1 0 146,269 "252";
253 0 1 107,188 "253";
254 1 0 134,247 "254";
255 2 1 8,35 "255";
256 2 1 16,171 "256";
257 1 1 29,167 "257";
258 0 1 78,174 "258";
259 1 1 181,230 "259";
260 2 1 39,173 "260";
261 1 1 56,271 "261";
262 1 0 13,154 "262";
263 1 1 96,121 "263";
264 1 0 121,199 "264";
265 2 1 113,139 "265";
266 0 1 126,257 "266";
267 2 0 160,227 "267";
268 0 0 116,252 "268";
269 0 1 20,181 "269";
270 0 0 42,151 "270";
271 1 0 12,250 "271";
272 1 0 58,244 "272";
273 2 0 225,250 "273";
274 0 0 194,213 "274";
