parity 254;
0 0 0 58,200 "0";
1 0 1 114,214 "1";
2 2 0 90,172 "2";
3 0 0 26,49 "3";
4 0 1 61,220 "4";
5 2 1 18,135 "5";
6 1 1 21,225 "6";
7 2 1 24,250 "7";
8 2 0 74,234 "8";
9 1 0 35,101 "9";
10 1 0 48,71 "10";
11 2 1 75,206 "11";
12 1 1 16,135 "12";
13 0 1 194,249 "13";
14 1 1 27,101 "14";
15 0 0 95,182 "15";
16 2 0 181,204 "16";
17 0 0 118,219 "17";
18 1 1 54,60 "18";
19 1 1 105,112 "19";
20 0 0 30,200 "20";
21 2 1 40,93 "21";
22 0 0 67,211 "22";
23 2 0 41,225 "23";
24 1 0 42,170 "24";
25 1 0 131,171 "25";
26 0 1 58,168 "26";
27 2 0 62,143 "27";
28 1 1 68,175 "28";
29 2 0 53,68 "29";
30 1 1 25,120 "30";
31 0 1 158,189 "31";
32 2 0 97,121 "32";
33 0 0 31,209 "33";
34 1 1 105,109 "34";
35 0 1 94,171 "35";
36 1 1 64,250 "36";
37 1 0 85,145 "37";
38 1 0 138,182 "38";
39 0 0 203,249 "39";
40 2 1 171,200 "40";
41 2 1 148,196 "41";
42 2 0 10,71 "42";
43 2 0 121,225 "43";
44 1 0 135,149 "44";
45 2 0 57,224 "45";
46 2 1 82,226 "46";
47 2 1 139,144 "47";
48 0 1 198,214 "48";
49 2 0 91,240 "49";
50 1 1 59,143 "50";
51 1 0 97,184 "51";
52 2 0 126,210 "52";
53 2 0 149,170 "53";
54 2 1 168,237 "54";
55 2 1 91,121 "55";
56 0 0 158,245 "56";
57 1 1 221,238 "57";
58 0 0 14,244 "58";
59 0 1 19,172 "59";
60 0 1 73,253 "60";
61 1 1 179,233 "61";
62 2 1 82,174 "62";
63 1 1 167,193 "63";
64 0 0 45,182 "64";
65 0 1 59,188 "65";
66 2 1 94,162 "66";
67 1 0 97,127 "67";
68 0 0 48,166 "68";
69 1 1 105,225 "69";
70 2 0 5,243 "70";
71 0 0 175,190 "71";
72 2 1 25,116 "72";
73 2 0 58,110 "73";
74 0 1 98,147 "74";
75 1 1 31,120 "75";
76 2 0 172,219 "76";
77 0 0 135,140 "77";
78 0 0 151,199 "78";
79 0 0 92,201 "79";
80 1 0 67,79 "80";
81 0 0 26,168 "81";
82 0 0 136,202 "82";
83 1 0 45,250 "83";
84 1 1 45,137 "84";
85 0 0 152,238 "85";
86 2 1 67,154 "86";
87 0 0 225,245 "87";
88 2 1 85,131 "88";
89 1 1 131,240 "89";
90 2 1 33,82 "90";
91 1 1 48,220 "91";
92 1 0 95,235 "92";
93 0 1 107,149 "93";
94 2 0 168,236 "94";
95 0 0 169,220 "95";
96 1 0 59,150 "96";
97 1 0 193,245 "97";
98 0 1 58,129 "98";
99 2 0 22,227 "99";
100 2 0 16,221 "100";
101 2 1 39,57 "101";
102 0 0 157,205 "102";
103 1 1 173,181 "103";
104 1 0 175,209 "104";
105 0 1 140,237 "105";
106 0 0 127,236 "106";
107 0 1 43,117 "107";
108 0 0 72,195 "108";
109 0 1 21,54 "109";
110 0 0 171,198 "110";
111 2 0 129,246 "111";
112 1 0 166,218 "112";
113 1 1 101,201 "113";
114 1 0 34,169 "114";
115 2 0 1,19 "115";
116 2 1 99,164 "116";
117 1 0 109,163 "117";
118 0 1 122,152 "118";
119 0 0 2,42 "119";
120 0 1 217,222 "120";
121 1 0 29,242 "121";
122 1 1 154,182 "122";
123 0 0 116,235 "123";
124 2 1 81,141 "124";
125 2 0 36,251 "125";
126 2 0 22,236 "126";
127 0 0 172,201 "127";
128 1 1 79,136 "128";
129 0 1 21,102 "129";
130 0 0 166,251 "130";
131 2 1 6,137 "131";
132 0 0 9,21 "132";
133 2 0 143,210 "133";
134 2 0 40,48 "134";
135 0 0 5,205 "135";
136 2 1 75,189 "136";
137 0 1 118,161 "137";
138 1 1 143,193 "138";
139 2 0 26,35 "139";
140 1 0 192,197 "140";
141 1 1 124,215 "141";
142 2 0 57,195 "142";
143 0 1 171,193 "143";
144 1 0 31,37 "144";
145 0 0 33,67 "145";
146 2 1 145,230 "146";
147 2 1 63,201 "147";
148 1 0 6,39 "148";
149 2 1 173,181 "149";
150 0 0 64,71 "150";
151 2 0 224,226 "151";
152 0 1 165,233 "152";
153 0 1 44,47 "153";
154 2 1 99,253 "154";
155 0 1 116,212 "155";
156 2 1 174,192 "156";
157 1 0 115,146 "157";
158 2 0 153,232 "158";
159 1 1 50,160 "159";
160 1 0 18,110 "160";
161 1 0 87,231 "161";
162 2 1 25,206 "162";
163 1 1 123,129 "163";
164 2 1 23,194 "164";
165 1 1 200,210 "165";
166 1 0 109,232 "166";
167 0 0 7,81 "167";
168 2 1 123,185 "168";
169 2 1 71,229 "169";
170 2 1 37,244 "170";
171 2 1 16,49 "171";
172 0 0 133,208 "172";
173 1 1 31,163 "173";
174 1 0 33,248 "174";
175 0 1 40,162 "175";
176 0 1 200,238 "176";
177 0 0 52,158 "177";
178 1 1 140,239 "178";
179 0 0 135,190 "179";
180 0 1 104,187 "180";
181 2 0 166,195 "181";
182 1 0 141,217 "182";
183 2 0 48,185 "183";
184 1 1 58,148 "184";
185 2 0 38,226 "185";
186 2 1 15,224 "186";
187 1 1 193,207 "187";
188 0 0 45,226 "188";
189 0 1 113,169 "189";
190 1 0 21,73 "190";
191 0 1 91,143 "191";
192 1 1 31,163 "192";
193 1 1 0,212 "193";
194 2 1 19,80 "194";
195 1 0 117,228 "195";
196 2 1 238,247 "196";
197 0 0 7,150 "197";
198 2 1 142,225 "198";
199 1 0 73,89 "199";
200 0 1 50,193 "200";
201 0 0 83,190 "201";
202 1 1 46,170 "202";
203 0 0 60,214 "203";
204 2 1 7,143 "204";
205 1 1 20,93 "205";
206 2 0 20,24 "206";
207 2 0 118,181 "207";
208 0 0 41,196 "208";
209 0 0 73,195 "209";
210 2 1 81,139 "210";
211 2 1 2,205 "211";
212 1 1 231,254 "212";
213 1 0 139,241 "213";
214 2 0 0,122 "214";
215 0 1 83,236 "215";
216 1 1 137,218 "216";
217 2 1 17,226 "217";
218 1 0 133,139 "218";
219 0 0 23,182 "219";
220 2 1 179,195 "220";
221 0 1 119,131 "221";
222 1 1 45,183 "222";
223 0 1 202,225 "223";
224 0 1 19,22 "224";
225 0 0 66,189 "225";
226 0 0 9,60 "226";
227 2 0 93,182 "227";
228 0 1 62,126 "228";
229 2 1 130,209 "229";
230 0 0 126,247 "230";
231 2 0 110,173 "231";
232 1 1 10,222 "232";
233 2 0 110,240 "233";
234 0 1 108,139 "234";
235 0 0 17,104 "235";
236 2 0 70,237 "236";
237 1 1 81,163 "237";
238 0 1 85,147 "238";
239 2 0 47,51 "239";
240 1 0 13,239 "240";
241 2 0 138,191 "241";
242 0 1 227,244 "242";
243 1 0 49,242 "243";
244 0 0 111,196 "244";
245 0 1 231,253 "245";
246 0 1 30,94 "246";
247 1 0 54,216 "247";
248 2 0 153,180 "248";
249 2 1 134,141 "249";
250 2 0 139,202 "250";
251 2 0 26,49 "251";
252 0 1 191,232 "252";
253 2 1 43,117 "253";
254 0 0 208,246 "254";
