parity 199;
0 0 1 20,70 "0";
1 1 1 126,194 "1";
2 0 1 21,42 "2";
3 0 1 8,51 "3";
4 2 1 54,87 "4";
5 0 1 13,145 "5";
6 2 1 65,189 "6";
7 0 0 98,166 "7";
8 2 1 50,157 "8";
9 0 1 169,180 "9";
10 1 1 90,146 "10";
11 0 0 139,180 "11";
12 1 0 10,158 "12";
13 0 0 10,186 "13";
14 0 0 6,119 "14";
15 0 1 138,155 "15";
16 1 0 173,189 "16";
17 2 1 128,182 "17";
18 0 0 0,109 "18";
19 1 1 126,159 "19";
20 2 1 62,197 "20";
21 0 0 29,53 "21";
22 1 1 146,154 "22";
23 2 1 39,156 "23";
24 2 1 85,117 "24";
25 0 1 132,166 "25";
26 2 0 16,90 "26";
27 1 0 115,140 "27";
28 2 1 75,132 "28";
29 0 0 11,163 "29";
30 1 1 75,129 "30";
31 1 0 62,106 "31";
32 2 0 16,196 "32";
33 0 1 167,198 "33";
34 1 1 69,174 "34";
35 2 0 36,97 "35";
36 0 1 64,160 "36";
37 0 1 121,124 "37";
38 0 0 94,136 "38";
39 0 1 86,172 "39";
40 2 0 35,183 "40";
41 2 0 9,84 "41";
42 0 0 36,126 "42";
43 1 0 75,140 "43";
44 2 1 62,108 "44";
45 0 1 54,72 "45";
46 2 1 79,172 "46";
47 2 0 141,177 "47";
48 0 1 96,158 "48";
49 1 0 10,60 "49";
50 2 0 49,80 "50";
51 2 1 18,107 "51";
52 0 0 51,81 "52";
53 0 0 1,166 "53";
54 0 0 35,44 "54";
55 2 1 19,66 "55";
56 0 1 2,18 "56";
57 0 0 46,196 "57";
58 2 1 92,139 "58";
59 0 0 22,131 "59";
60 1 1 148,153 "60";
61 2 1 42,184 "61";
62 2 1 22,140 "62";
63 2 0 126,133 "63";
64 2 1 38,175 "64";
65 0 0 64,192 "65";
66 2 0 67,168 "66";
67 0 1 6,186 "67";
68 0 0 19,136 "68";
69 1 0 24,42 "69";
70 1 0 104,197 "70";
71 2 1 43,182 "71";
72 2 1 95,110 "72";
73 2 1 28,125 "73";
74 2 0 29,45 "74";
75 1 1 26,81 "75";
76 1 1 67,119 "76";
77 2 1 48,191 "77";
78 1 1 81,131 "78";
79 1 0 59,86 "79";
80 2 0 99,153 "80";
81 2 1 95,123 "81";
82 2 0 161,173 "82";
83 2 1 74,199 "83";
84 0 1 57,175 "84";
85 0 1 28,101 "85";
86 2 0 20,78 "86";
87 0 0 40,163 "87";
88 1 1 21,141 "88";
89 1 0 22,156 "89";
90 0 1 0,35 "90";
91 1 0 52,90 "91";
92 1 0 41,68 "92";
93 2 1 101,172 "93";
94 0 0 45,140 "94";
95 0 1 79,88 "95";
96 0 1 28,146 "96";
97 1 0 66,69 "97";
98 0 1 30,105 "98";
99 1 1 60,193 "99";
100 1 0 92,101 "100";
101 2 0 21,92 "101";
102 1 0 142,198 "102";
103 0 0 9,169 "103";
104 1 1 5,87 "104";
105 1 1 75,99 "105";
106 0 0 71,181 "106";
107 0 0 19,127 "107";
108 2 0 9,81 "108";
109 0 0 97,113 "109";
110 0 0 26,179 "110";
111 2 0 29,75 "111";
112 0 1 48,101 "112";
113 0 1 4,24 "113";
114 0 1 89,94 "114";
115 2 0 16,59 "115";
116 1 0 125,190 "116";
117 2 0 100,113 "117";
118 2 0 103,167 "118";
119 2 1 4,14 "119";
120 2 1 90,148 "120";
121 0 0 136,141 "121";
122 2 0 64,187 "122";
123 0 1 14,186 "123";
124 0 0 26,116 "124";
125 0 0 144,193 "125";
126 2 0 52,164 "126";
127 2 1 10,165 "127";
128 1 0 153,187 "128";
129 1 0 46,153 "129";
130 1 1 28,87 "130";
131 2 0 35,163 "131";
132 2 0 87,121 "132";
133 2 1 127,174 "133";
134 2 0 66,120 "134";
135 2 1 72,196 "135";
136 0 0 79,90 "136";
137 1 1 25,31 "137";
138 2 0 85,178 "138";
139 1 0 114,160 "139";
140 2 0 72,137 "140";
141 1 1 24,101 "141";
142 0 1 11,25 "142";
143 2 1 57,118 "143";
144 2 0 127,152 "144";
145 2 0 26,56 "145";
146 0 1 98,109 "146";
147 2 0 79,169 "147";
148 0 1 134,170 "148";
149 2 1 63,143 "149";
150 2 0 43,81 "150";
151 0 0 27,120 "151";
152 0 1 81,123 "152";
153 0 0 34,193 "153";
154 2 1 87,189 "154";
155 1 0 91,114 "155";
156 1 1 6,132 "156";
157 2 0 127,167 "157";
158 0 0 87,162 "158";
159 1 0 114,170 "159";
160 1 0 8,32 "160";
161 0 1 47,135 "161";
162 1 0 58,65 "162";
163 2 0 151,189 "163";
164 2 0 179,188 "164";
165 1 1 25,102 "165";
166 2 1 21,146 "166";
167 2 1 112,152 "167";
168 1 0 58,193 "168";
169 2 1 7,14 "169";
170 1 0 134,157 "170";
171 0 1 60,155 "171";
172 1 0 167,181 "172";
173 1 1 170,178 "173";
174 2 1 76,146 "174";
175 1 1 85,169 "175";
176 0 1 5,38 "176";
177 2 1 41,181 "177";
178 2 0 20,155 "178";
179 0 0 21,70 "179";
180 0 0 0,90 "180";
181 0 1 104,127 "181";
182 1 0 99,160 "182";
183 0 1 14,121 "183";
184 1 1 26,131 "184";
185 0 0 51,67 "185";
186 0 0 85,112 "186";
187 2 1 125,142 "187";
188 0 0 80,115 "188";
189 1 0 34,94 "189";
190 1 0 1,4 "190";
191 0 0 140,161 "191";
192 0 0 39,150 "192";
193 1 1 184,196 "193";
194 1 1 36,168 "194";
195 2 1 119,158 "195";
196 0 1 25,70 "196";
197 2 0 47,128 "197";
198 0 0 155,191 "198";
199 0 0 52,175 "199";
