parity 199;
0 2 0 103,156 "0";
1 2 1 91,142 "1";
2 0 0 97,123 "2";
3 2 0 39,137 "3";
4 2 1 83,176 "4";
5 2 1 122,155 "5";
6 2 0 0,197 "6";
7 1 0 29,168 "7";
8 0 0 72,176 "8";
9 2 0 58,193 "9";
10 0 1 22,193 "10";
11 2 1 96,125 "11";
12 1 0 138,190 "12";
13 2 0 150,154 "13";
14 1 0 8,171 "14";
15 2 0 40,54 "15";
16 0 0 47,88 "16";
17 1 1 93,198 "17";
18 2 0 5,179 "18";
19 1 1 129,139 "19";
20 1 0 63,169 "20";
21 2 0 157,173 "21";
22 2 1 11,109 "22";
23 1 0 43,88 "23";
24 2 1 29,187 "24";
25 1 0 46,71 "25";
26 0 0 28,108 "26";
27 0 1 83,104 "27";
28 1 0 23,101 "28";
29 2 0 48,98 "29";
30 0 1 55,117 "30";
31 0 1 132,173 "31";
32 0 0 0,30 "32";
33 1 1 8,95 "33";
34 2 1 38,111 "34";
35 1 0 24,81 "35";
36 2 1 178,199 "36";
37 1 1 76,81 "37";
38 1 1 132,188 "38";
39 0 1 7,34 "39";
40 0 1 170,184 "40";
41 2 1 1,96 "41";
42 0 0 10,43 "42";
43 2 1 3,175 "43";
44 2 0 141,181 "44";
45 2 0 42,164 "45";
46 1 0 184,195 "46";
47 2 1 0,149 "47";
48 0 1 20,162 "48";
49 2 0 9,136 "49";
50 1 0 128,149 "50";
51 0 1 89,148 "51";
52 2 0 80,163 "52";
53 1 0 46,159 "53";
54 0 1 125,137 "54";
55 0 0 69,190 "55";
56 0 1 170,198 "56";
57 0 0 84,156 "57";
58 0 0 26,63 "58";
59 2 0 67,157 "59";
60 1 1 159,178 "60";
61 0 0 108,117 "61";
62 2 0 125,146 "62";
63 1 1 35,55 "63";
64 0 1 67,85 "64";
65 0 1 20,94 "65";
66 2 0 144,168 "66";
67 0 0 26,178 "67";
68 0 0 108,120 "68";
69 1 1 15,138 "69";
70 1 1 32,77 "70";
71 0 1 79,119 "71";
72 2 0 60,171 "72";
73 2 0 70,168 "73";
74 2 0 28,155 "74";
75 0 0 120,128 "75";
76 2 1 67,165 "76";
77 0 0 5,185 "77";
78 1 0 148,190 "78";
79 0 0 139,175 "79";
80 1 0 96,143 "80";
81 2 0 103,160 "81";
82 0 0 43,139 "82";
83 2 1 65,77 "83";
84 2 1 60,74 "84";
85 0 1 190,193 "85";
86 2 1 16,73 "86";
87 0 1 170,177 "87";
88 2 1 22,121 "88";
89 0 1 116,125 "89";
90 0 0 147,171 "90";
91 2 1 85,134 "91";
92 1 0 99,132 "92";
93 1 1 20,53 "93";
94 2 1 84,102 "94";
95 2 0 30,76 "95";
96 1 1 132,164 "96";
97 0 1 1,5 "97";
98 1 1 46,169 "98";
99 1 1 74,113 "99";
100 1 1 25,151 "100";
101 0 1 37,77 "101";
102 2 1 71,165 "102";
103 2 1 34,174 "103";
104 2 0 49,67 "104";
105 1 1 95,158 "105";
106 2 1 125,184 "106";
107 1 1 1,181 "107";
108 0 0 72,88 "108";
109 0 1 22,143 "109";
110 1 1 23,97 "110";
111 0 0 54,82 "111";
112 0 1 132,160 "112";
113 0 0 143,146 "113";
114 0 1 60,123 "114";
115 0 1 166,188 "115";
116 2 0 91,197 "116";
117 1 0 110,180 "117";
118 1 1 32,188 "118";
119 1 0 16,178 "119";
120 2 0 28,102 "120";
121 1 1 154,190 "121";
122 1 1 177,193 "122";
123 2 1 15,71 "123";
124 2 0 32,163 "124";
125 1 1 99,116 "125";
126 0 0 16,18 "126";
127 0 0 33,47 "127";
128 0 0 23,72 "128";
129 1 1 47,169 "129";
130 1 0 19,179 "130";
131 1 1 13,19 "131";
132 0 1 105,166 "132";
133 0 1 11,199 "133";
134 0 0 189,193 "134";
135 2 1 1,17 "135";
136 1 0 18,179 "136";
137 1 0 29,172 "137";
138 1 1 110,125 "138";
139 0 1 152,170 "139";
140 0 0 37,128 "140";
141 0 1 51,94 "141";
142 2 1 104,197 "142";
143 1 0 77,140 "143";
144 2 1 23,36 "144";
145 2 0 144,162 "145";
146 0 0 28,177 "146";
147 1 1 69,166 "147";
148 2 1 73,134 "148";
149 1 0 62,151 "149";
150 1 0 31,193 "150";
151 2 0 97,185 "151";
152 1 1 70,159 "152";
153 0 0 61,102 "153";
154 1 1 50,138 "154";
155 2 0 194,197 "155";
156 2 1 51,76 "156";
157 1 1 13,28 "157";
158 1 1 101,127 "158";
159 2 0 134,157 "159";
160 1 0 36,89 "160";
161 2 1 8,87 "161";
162 2 1 48,88 "162";
163 0 0 36,98 "163";
164 1 0 72,163 "164";
165 2 1 106,155 "165";
166 0 0 33,135 "166";
167 0 1 177,183 "167";
168 0 1 0,125 "168";
169 2 0 50,163 "169";
170 0 0 1,9 "170";
171 2 0 44,66 "171";
172 0 0 100,121 "172";
173 0 0 18,27 "173";
174 1 0 30,122 "174";
175 0 0 78,113 "175";
176 0 1 107,185 "176";
177 2 0 37,198 "177";
178 2 1 21,84 "178";
179 0 1 76,117 "179";
180 2 1 66,93 "180";
181 2 0 159,186 "181";
182 2 1 127,180 "182";
183 2 0 57,158 "183";
184 1 1 47,92 "184";
185 1 0 75,98 "185";
186 2 0 164,179 "186";
187 1 1 65,167 "187";
188 2 1 77,91 "188";
189 2 0 24,141 "189";
190 1 0 9,96 "190";
191 1 0 67,142 "191";
192 0 0 50,169 "192";
193 1 1 12,194 "193";
194 2 1 147,184 "194";
195 0 1 133,170 "195";
196 2 1 92,148 "196";
197 2 1 1,122 "197";
198 0 1 136,166 "198";
199 0 1 6,90 "199";
