parity 204;
0 1 0 20,130 "0";
1 1 1 66,157 "1";
2 1 0 64,165 "2";
3 1 0 75,120 "3";
4 2 1 79,114 "4";
5 0 1 38,101 "5";
6 2 1 91,130 "6";
7 0 1 73,192 "7";
8 0 0 68,173 "8";
9 0 0 114,183 "9";
10 1 1 94,191 "10";
11 0 1 46,58 "11";
12 0 1 36,97 "12";
13 2 0 118,152 "13";
14 1 0 43,138 "14";
15 0 1 91,172 "15";
16 0 1 73,79 "16";
17 1 1 54,106 "17";
18 0 1 78,169 "18";
19 1 1 30,186 "19";
20 1 1 47,120 "20";
21 1 1 25,158 "21";
22 1 1 21,135 "22";
23 1 1 8,20 "23";
24 2 0 25,175 "24";
25 0 0 155,162 "25";
26 1 0 5,34 "26";
27 2 1 123,181 "27";
28 0 1 27,76 "28";
29 0 1 154,177 "29";
30 1 0 35,171 "30";
31 1 1 87,178 "31";
32 2 0 68,70 "32";
33 0 0 11,137 "33";
34 0 0 47,152 "34";
35 1 0 58,172 "35";
36 2 1 0,75 "36";
37 2 0 62,86 "37";
38 1 1 44,68 "38";
39 0 1 86,113 "39";
40 0 1 123,132 "40";
41 1 1 1,63 "41";
42 0 1 14,40 "42";
43 0 1 97,154 "43";
44 0 0 82,119 "44";
45 2 0 37,96 "45";
46 2 1 0,189 "46";
47 2 0 11,63 "47";
48 2 1 27,77 "48";
49 2 0 19,69 "49";
50 2 0 83,201 "50";
51 2 1 13,87 "51";
52 1 0 85,122 "52";
53 1 1 50,96 "53";
54 0 1 60,125 "54";
55 1 1 28,33 "55";
56 2 0 33,110 "56";
57 1 1 153,197 "57";
58 1 1 5,183 "58";
59 2 0 49,108 "59";
60 0 1 22,139 "60";
61 2 0 51,199 "61";
62 0 0 1,204 "62";
63 2 1 77,123 "63";
64 0 0 55,199 "64";
65 2 1 80,167 "65";
66 0 1 97,167 "66";
67 0 1 168,178 "67";
68 0 1 31,140 "68";
69 1 0 47,101 "69";
70 0 0 127,190 "70";
71 2 0 153,186 "71";
72 1 1 174,182 "72";
73 2 1 57,133 "73";
74 2 1 11,100 "74";
75 2 0 104,187 "75";
76 0 0 74,152 "76";
77 2 1 88,116 "77";
78 2 0 9,25 "78";
79 0 0 0,164 "79";
80 0 1 74,78 "80";
81 2 0 26,184 "81";
82 0 1 55,105 "82";
83 2 1 57,147 "83";
84 2 0 150,182 "84";
85 2 1 95,155 "85";
86 0 1 75,141 "86";
87 0 1 130,175 "87";
88 0 0 14,184 "88";
89 2 1 49,187 "89";
90 2 1 19,44 "90";
91 1 1 111,153 "91";
92 0 1 185,203 "92";
93 0 0 25,171 "93";
94 0 1 36,132 "94";
95 2 0 91,133 "95";
96 0 1 17,122 "96";
97 2 0 23,88 "97";
98 2 0 7,19 "98";
99 1 0 63,90 "99";
100 0 1 167,181 "100";
101 1 1 24,112 "101";
102 2 0 27,89 "102";
103 1 1 4,107 "103";
104 2 0 91,128 "104";
105 2 0 126,158 "105";
106 0 1 1,95 "106";
107 0 0 41,55 "107";
108 1 0 55,156 "108";
109 0 0 113,131 "109";
110 1 0 155,175 "110";
111 1 1 5,13 "111";
112 1 1 78,196 "112";
113 1 0 81,163 "113";
114 0 0 38,165 "114";
115 2 1 109,137 "115";
116 1 0 114,180 "116";
117 0 1 99,196 "117";
118 2 1 156,204 "118";
119 2 0 13,150 "119";
120 0 0 143,157 "120";
121 1 1 60,135 "121";
122 1 1 82,128 "122";
123 1 1 61,187 "123";
124 2 1 17,117 "124";
125 0 1 178,188 "125";
126 2 0 74,132 "126";
127 1 1 108,164 "127";
128 2 0 61,101 "128";
129 2 1 103,145 "129";
130 1 1 30,135 "130";
131 0 0 9,111 "131";
132 2 1 70,154 "132";
133 0 0 66,86 "133";
134 1 1 24,83 "134";
135 0 1 99,151 "135";
136 1 0 165,201 "136";
137 2 0 15,186 "137";
138 2 1 13,142 "138";
139 1 0 127,167 "139";
140 1 1 168,204 "140";
141 0 0 59,177 "141";
142 1 0 28,54 "142";
143 0 0 6,86 "143";
144 2 0 98,204 "144";
145 1 1 53,128 "145";
146 2 1 58,99 "146";
147 2 0 64,173 "147";
148 1 1 9,51 "148";
149 1 1 68,147 "149";
150 2 1 126,174 "150";
151 0 0 100,177 "151";
152 0 1 42,118 "152";
153 1 1 156,202 "153";
154 2 1 15,67 "154";
155 0 1 46,204 "155";
156 0 0 96,162 "156";
157 1 1 44,154 "157";
158 0 0 93,106 "158";
159 0 0 44,124 "159";
160 2 0 92,136 "160";
161 1 0 57,126 "161";
162 1 1 58,141 "162";
163 0 0 48,162 "163";
164 0 1 65,187 "164";
165 1 1 95,139 "165";
166 2 0 40,183 "166";
167 1 0 50,154 "167";
168 2 0 91,171 "168";
169 0 0 141,172 "169";
170 2 1 109,121 "170";
171 0 0 67,121 "171";
172 1 1 45,94 "172";
173 0 1 16,71 "173";
174 2 1 44,128 "174";
175 1 1 150,153 "175";
176 0 0 2,56 "176";
177 1 0 93,99 "177";
178 0 0 71,127 "178";
179 2 1 104,192 "179";
180 1 0 105,187 "180";
181 1 0 32,140 "181";
182 2 0 69,166 "182";
183 1 0 18,84 "183";
184 1 0 138,142 "184";
185 0 1 111,140 "185";
186 1 0 78,138 "186";
187 2 1 76,88 "187";
188 2 1 4,144 "188";
189 0 0 6,28 "189";
190 1 1 125,148 "190";
191 0 0 1,104 "191";
192 2 1 14,161 "192";
193 2 1 25,181 "193";
194 2 1 22,166 "194";
195 0 0 133,169 "195";
196 0 1 20,139 "196";
197 0 1 5,38 "197";
198 1 0 30,128 "198";
199 0 0 32,121 "199";
200 1 1 51,78 "200";
201 0 0 42,56 "201";
202 1 0 21,87 "202";
203 0 1 102,166 "203";
204 2 1 62,139 "204";
