parity 224;
0 0 1 114,143 "0";
1 2 0 73,103 "1";
2 2 0 133,212 "2";
3 2 1 81,190 "3";
4 0 1 173,221 "4";
5 1 0 45,109 "5";
6 0 0 13,28 "6";
7 0 1 145,165 "7";
8 0 0 185,187 "8";
9 0 1 13,200 "9";
10 2 1 5,201 "10";
11 1 1 17,67 "11";
12 2 0 25,115 "12";
13 1 1 25,206 "13";
14 1 0 129,152 "14";
15 1 1 8,52 "15";
16 0 1 167,185 "16";
17 2 1 92,114 "17";
18 2 1 29,224 "18";
19 2 1 40,211 "19";
20 0 0 104,119 "20";
21 2 1 81,206 "21";
22 1 0 200,216 "22";
23 2 1 2,164 "23";
24 0 0 9,218 "24";
25 2 0 118,192 "25";
26 2 0 39,181 "26";
27 1 0 140,149 "27";
28 1 0 137,222 "28";
29 0 0 61,217 "29";
30 2 1 33,148 "30";
31 2 1 52,113 "31";
32 1 0 119,182 "32";
33 1 1 92,117 "33";
34 2 1 54,116 "34";
35 2 1 20,71 "35";
36 0 0 156,169 "36";
37 0 1 122,168 "37";
38 1 0 159,212 "38";
39 1 1 4,111 "39";
40 1 0 104,108 "40";
41 1 1 53,80 "41";
42 1 1 135,208 "42";
43 0 0 116,213 "43";
44 2 0 157,160 "44";
45 2 1 163,221 "45";
46 1 0 3,222 "46";
47 2 1 77,105 "47";
48 0 0 32,130 "48";
49 0 1 147,198 "49";
50 2 0 74,218 "50";
51 2 1 73,158 "51";
52 1 1 104,114 "52";
53 1 1 16,142 "53";
54 0 1 13,76 "54";
55 1 0 180,185 "55";
56 0 1 12,200 "56";
57 2 1 130,159 "57";
58 2 0 161,190 "58";
59 0 0 48,65 "59";
60 1 0 136,215 "60";
61 0 0 173,183 "61";
62 0 0 112,133 "62";
63 1 0 75,93 "63";
64 0 1 78,147 "64";
65 2 0 125,139 "65";
66 1 0 31,151 "66";
67 1 0 24,203 "67";
68 1 1 17,65 "68";
69 2 0 66,95 "69";
70 1 0 24,159 "70";
71 2 1 115,178 "71";
72 1 0 24,205 "72";
73 2 0 11,111 "73";
74 0 0 153,211 "74";
75 0 0 64,199 "75";
76 1 0 71,78 "76";
77 2 1 80,104 "77";
78 0 1 48,73 "78";
79 2 0 83,196 "79";
80 0 1 22,76 "80";
81 2 1 89,110 "81";
82 2 0 191,214 "82";
83 2 0 105,115 "83";
84 2 1 105,183 "84";
85 1 1 86,182 "85";
86 0 0 49,50 "86";
87 2 1 10,196 "87";
88 1 1 111,147 "88";
89 0 1 63,208 "89";
90 0 1 17,46 "90";
91 2 0 162,207 "91";
92 0 0 192,194 "92";
93 2 1 201,217 "93";
94 2 1 0,64 "94";
95 0 1 21,85 "95";
96 0 1 50,57 "96";
97 2 0 85,182 "97";
98 1 0 74,204 "98";
99 1 0 121,124 "99";
100 2 1 46,125 "100";
101 2 0 102,188 "101";
102 2 0 124,213 "102";
103 2 0 64,150 "103";
104 2 0 121,188 "104";
105 1 1 127,176 "105";
106 2 0 119,200 "106";
107 0 0 19,146 "107";
108 0 1 39,159 "108";
109 0 0 54,98 "109";
110 2 0 85,118 "110";
111 2 1 3,191 "111";
112 0 1 27,51 "112";
113 0 0 187,204 "113";
114 0 0 137,202 "114";
115 1 0 3,6 "115";
116 2 0 67,120 "116";
117 1 0 119,220 "117";
118 1 1 100,112 "118";
119 0 1 72,175 "119";
120 0 1 74,95 "120";
121 1 0 53,144 "121";
122 1 0 6,123 "122";
123 2 0 72,224 "123";
124 0 0 74,100 "124";
125 1 0 86,116 "125";
126 2 0 99,148 "126";
127 2 1 75,176 "127";
128 1 1 1,37 "128";
129 0 0 45,174 "129";
130 2 1 95,173 "130";
131 2 1 190,192 "131";
132 1 0 119,122 "132";
133 1 0 27,82 "133";
134 1 1 35,194 "134";
135 0 1 56,175 "135";
136 2 0 12,167 "136";
137 0 1 66,209 "137";
138 2 0 72,160 "138";
139 2 0 136,178 "139";
140 2 0 38,197 "140";
141 0 1 58,81 "141";
142 2 1 131,166 "142";
143 2 0 56,159 "143";
144 2 0 156,187 "144";
145 1 0 42,172 "145";
146 1 1 11,43 "146";
147 2 0 97,148 "147";
148 1 0 61,116 "148";
149 1 1 102,184 "149";
150 2 0 68,153 "150";
151 1 0 142,175 "151";
152 1 0 123,177 "152";
153 0 1 55,60 "153";
154 1 0 43,50 "154";
155 1 0 32,65 "155";
156 0 1 24,33 "156";
157 1 1 21,217 "157";
158 2 1 23,99 "158";
159 1 1 116,221 "159";
160 0 0 2,39 "160";
161 0 1 86,155 "161";
162 1 0 153,176 "162";
163 1 0 144,224 "163";
164 2 0 45,83 "164";
165 1 1 45,71 "165";
166 2 0 13,157 "166";
167 0 0 97,165 "167";
168 1 0 186,201 "168";
169 1 1 71,98 "169";
170 2 1 79,217 "170";
171 2 1 126,133 "171";
172 0 1 83,168 "172";
173 2 0 102,183 "173";
174 0 0 160,193 "174";
175 2 0 153,155 "175";
176 0 1 98,180 "176";
177 1 1 119,193 "177";
178 1 1 24,136 "178";
179 1 1 151,158 "179";
180 0 0 41,120 "180";
181 2 0 49,202 "181";
182 1 0 55,213 "182";
183 2 0 135,181 "183";
184 0 1 14,23 "184";
185 2 0 47,143 "185";
186 2 0 25,165 "186";
187 1 0 39,59 "187";
188 1 0 19,108 "188";
189 1 1 35,216 "189";
190 2 0 166,180 "190";
191 1 0 51,167 "191";
192 0 0 141,155 "192";
193 2 1 24,95 "193";
194 2 0 167,210 "194";
195 1 1 59,157 "195";
196 0 0 85,166 "196";
197 2 0 76,86 "197";
198 1 0 76,214 "198";
199 0 0 56,186 "199";
200 0 1 1,204 "200";
201 0 1 112,156 "201";
202 0 0 108,177 "202";
203 0 0 3,160 "203";
204 2 0 139,171 "204";
205 2 1 68,96 "205";
206 2 1 60,149 "206";
207 1 1 71,138 "207";
208 2 0 1,30 "208";
209 0 0 68,149 "209";
210 0 1 3,102 "210";
211 0 0 47,81 "211";
212 2 0 37,41 "212";
213 1 0 37,77 "213";
214 0 0 4,34 "214";
215 0 0 15,196 "215";
216 0 1 73,99 "216";
217 2 1 194,205 "217";
218 2 1 34,166 "218";
219 0 0 35,67 "219";
220 1 1 12,211 "220";
221 2 0 85,128 "221";
222 1 1 158,175 "222";
223 1 1 70,73 "223";
224 2 0 109,165 "224";
