parity 199;
0 2 0 87,123 "0";
1 2 0 54,114 "1";
2 1 0 95,137 "2";
3 0 1 8,68 "3";
4 0 1 104,158 "4";
5 2 1 47,183 "5";
6 2 1 58,142 "6";
7 1 1 85,134 "7";
8 1 1 19,197 "8";
9 2 1 86,164 "9";
10 0 1 72,102 "10";
11 0 0 70,182 "11";
12 0 0 102,171 "12";
13 1 0 29,63 "13";
14 1 1 64,68 "14";
15 1 0 17,122 "15";
16 0 1 18,91 "16";
17 2 0 23,154 "17";
18 1 0 86,111 "18";
19 1 1 80,98 "19";
20 1 0 76,153 "20";
21 2 1 34,118 "21";
22 1 1 50,160 "22";
23 2 0 71,125 "23";
24 1 1 42,139 "24";
25 0 0 30,61 "25";
26 1 1 96,118 "26";
27 1 1 149,174 "27";
28 1 0 72,102 "28";
29 2 1 1,57 "29";
30 2 0 20,99 "30";
31 1 1 59,82 "31";
32 1 0 93,134 "32";
33 1 1 21,134 "33";
34 2 1 25,144 "34";
35 1 0 39,122 "35";
36 0 0 57,98 "36";
37 0 1 154,185 "37";
38 0 1 43,115 "38";
39 1 0 31,192 "39";
40 2 0 168,199 "40";
41 1 0 21,142 "41";
42 2 1 52,178 "42";
43 0 1 17,85 "43";
44 0 1 146,172 "44";
45 1 1 57,156 "45";
46 1 1 7,165 "46";
47 2 0 128,177 "47";
48 2 1 22,106 "48";
49 1 0 25,31 "49";
50 0 1 63,134 "50";
51 2 0 56,169 "51";
52 1 1 35,107 "52";
53 2 0 5,69 "53";
54 2 1 39,196 "54";
55 0 0 97,177 "55";
56 1 1 89,127 "56";
57 2 0 168,176 "57";
58 1 1 12,19 "58";
59 0 0 57,173 "59";
60 1 1 21,79 "60";
61 0 0 52,59 "61";
62 0 0 113,182 "62";
63 1 1 153,174 "63";
64 1 0 23,109 "64";
65 1 0 97,118 "65";
66 1 1 33,154 "66";
67 1 1 40,47 "67";
68 1 0 44,188 "68";
69 0 1 6,65 "69";
70 0 1 81,174 "70";
71 1 1 120,139 "71";
72 2 0 92,111 "72";
73 2 0 15,29 "73";
74 1 1 10,118 "74";
75 1 0 40,129 "75";
76 1 0 169,191 "76";
77 1 0 121,173 "77";
78 0 0 116,151 "78";
79 0 0 102,145 "79";
80 1 1 106,174 "80";
81 1 0 20,42 "81";
82 1 1 28,195 "82";
83 2 1 112,141 "83";
84 2 1 43,63 "84";
85 0 0 61,162 "85";
86 1 0 133,185 "86";
87 2 0 11,141 "87";
88 0 0 66,77 "88";
89 1 1 55,92 "89";
90 1 1 63,119 "90";
91 1 0 135,187 "91";
92 0 0 5,172 "92";
93 0 0 28,169 "93";
94 0 1 141,189 "94";
95 1 1 23,198 "95";
96 1 1 2,79 "96";
97 0 0 120,160 "97";
98 0 1 18,82 "98";
99 1 1 129,194 "99";
100 2 0 14,33 "100";
101 1 1 81,87 "101";
102 1 0 89,138 "102";
103 0 1 63,128 "103";
104 0 1 46,86 "104";
105 0 1 84,119 "105";
106 1 1 12,184 "106";
107 2 1 155,161 "107";
108 0 0 10,89 "108";
109 0 0 9,117 "109";
110 2 0 40,73 "110";
111 0 1 16,77 "111";
112 0 1 164,170 "112";
113 2 1 22,192 "113";
114 0 1 152,160 "114";
115 0 0 2,142 "115";
116 1 1 75,90 "116";
117 0 1 135,188 "117";
118 0 1 109,126 "118";
119 1 0 32,90 "119";
120 0 1 67,129 "120";
121 2 0 76,81 "121";
122 2 0 91,144 "122";
123 0 1 76,105 "123";
124 0 1 101,185 "124";
125 0 1 51,142 "125";
126 0 1 29,189 "126";
127 0 1 57,167 "127";
128 1 0 31,132 "128";
129 0 1 45,101 "129";
130 2 1 115,192 "130";
131 1 1 57,119 "131";
132 0 1 69,72 "132";
133 2 1 48,128 "133";
134 2 1 34,137 "134";
135 2 1 46,118 "135";
136 2 0 102,133 "136";
137 2 1 134,186 "137";
138 1 0 136,164 "138";
139 1 0 59,180 "139";
140 1 0 134,137 "140";
141 1 1 119,133 "141";
142 2 1 94,121 "142";
143 0 1 103,113 "143";
144 2 1 12,75 "144";
145 2 0 15,125 "145";
146 0 1 82,144 "146";
147 1 0 5,54 "147";
148 0 1 32,81 "148";
149 0 1 50,128 "149";
150 1 0 33,125 "150";
151 1 1 159,193 "151";
152 1 1 61,78 "152";
153 1 0 125,165 "153";
154 1 1 58,136 "154";
155 0 1 39,140 "155";
156 1 1 39,52 "156";
157 1 1 153,175 "157";
158 2 1 14,97 "158";
159 2 0 65,144 "159";
160 2 0 8,132 "160";
161 0 1 148,174 "161";
162 0 0 11,106 "162";
163 2 0 32,40 "163";
164 1 0 23,145 "164";
165 0 0 100,198 "165";
166 2 1 70,119 "166";
167 2 1 138,189 "167";
168 1 0 42,180 "168";
169 0 1 29,152 "169";
170 2 1 89,135 "170";
171 1 0 6,138 "171";
172 0 1 84,192 "172";
173 2 1 47,150 "173";
174 2 0 128,173 "174";
175 2 1 150,153 "175";
176 1 1 81,135 "176";
177 0 1 9,79 "177";
178 1 1 39,172 "178";
179 2 1 27,39 "179";
180 1 1 89,181 "180";
181 0 1 81,142 "181";
182 0 0 87,183 "182";
183 2 0 70,175 "183";
184 2 0 35,89 "184";
185 1 1 11,13 "185";
186 0 0 41,75 "186";
187 2 0 17,170 "187";
188 2 0 122,192 "188";
189 0 1 25,148 "189";
190 0 1 160,172 "190";
191 2 1 137,192 "191";
192 0 0 17,34 "192";
193 2 1 58,84 "193";
194 2 0 92,122 "194";
195 2 1 13,173 "195";
196 0 1 83,174 "196";
197 1 0 78,188 "197";
198 2 1 50,76 "198";
199 0 0 123,174 "199";
