parity 204;
0 1 1 78,102 "0";
1 0 0 24,103 "1";
2 0 0 106,181 "2";
3 1 1 17,86 "3";
4 0 1 67,159 "4";
5 2 1 35,63 "5";
6 1 0 96,137 "6";
7 1 1 135,142 "7";
8 2 0 14,79 "8";
9 0 1 60,130 "9";
10 0 1 24,145 "10";
11 1 0 42,74 "11";
12 2 1 145,160 "12";
13 0 0 17,121 "13";
14 1 0 98,117 "14";
15 2 0 75,158 "15";
16 0 0 28,59 "16";
17 1 0 148,169 "17";
18 2 1 61,166 "18";
19 0 0 67,178 "19";
20 0 0 98,176 "20";
21 0 0 97,119 "21";
22 2 0 90,153 "22";
23 0 0 103,189 "23";
24 2 1 180,195 "24";
25 0 1 100,165 "25";
26 2 1 52,180 "26";
27 1 0 20,56 "27";
28 2 1 0,138 "28";
29 2 0 9,150 "29";
30 0 0 98,168 "30";
31 2 0 71,92 "31";
32 1 0 149,156 "32";
33 2 1 41,173 "33";
34 0 1 103,127 "34";
35 2 0 33,70 "35";
36 2 1 46,59 "36";
37 2 0 21,158 "37";
38 2 1 121,204 "38";
39 0 1 175,178 "39";
40 1 0 36,72 "40";
41 1 0 80,167 "41";
42 0 1 53,200 "42";
43 1 1 46,109 "43";
44 1 0 143,173 "44";
45 0 1 148,158 "45";
46 1 0 100,189 "46";
47 0 0 103,183 "47";
48 0 1 74,127 "48";
49 2 0 23,129 "49";
50 0 1 95,200 "50";
51 2 1 82,99 "51";
52 0 0 59,108 "52";
53 0 1 111,178 "53";
54 1 0 98,114 "54";
55 1 0 3,196 "55";
56 2 1 32,48 "56";
57 2 1 10,67 "57";
58 2 1 5,133 "58";
59 1 1 64,104 "59";
60 1 1 21,57 "60";
61 2 1 17,83 "61";
62 1 1 22,131 "62";
63 1 0 116,153 "63";
64 1 1 79,189 "64";
65 0 0 11,130 "65";
66 2 0 123,132 "66";
67 1 1 34,149 "67";
68 2 0 88,186 "68";
69 2 1 0,107 "69";
70 2 1 57,143 "70";
71 2 1 29,172 "71";
72 0 0 84,101 "72";
73 0 1 43,60 "73";
74 0 1 133,156 "74";
75 1 1 51,174 "75";
76 0 1 68,153 "76";
77 0 1 88,182 "77";
78 1 0 20,44 "78";
79 1 0 16,27 "79";
80 0 1 139,156 "80";
81 1 1 72,92 "81";
82 2 1 98,180 "82";
83 2 0 133,172 "83";
84 1 0 49,64 "84";
85 0 1 28,125 "85";
86 1 0 85,109 "86";
87 0 1 97,123 "87";
88 2 1 34,157 "88";
89 0 1 7,56 "89";
90 2 1 47,160 "90";
91 0 1 74,111 "91";
92 1 1 37,127 "92";
93 1 1 184,195 "93";
94 2 0 84,122 "94";
95 0 0 154,195 "95";
96 1 1 75,156 "96";
97 1 0 96,118 "97";
98 2 1 28,128 "98";
99 0 1 0,16 "99";
100 0 0 18,56 "100";
101 1 1 28,122 "101";
102 1 1 109,125 "102";
103 0 1 9,155 "103";
104 2 1 18,196 "104";
105 2 1 84,177 "105";
106 2 1 35,173 "106";
107 0 0 33,76 "107";
108 1 1 16,169 "108";
109 0 1 29,137 "109";
110 0 1 6,126 "110";
111 1 1 110,185 "111";
112 1 1 63,164 "112";
113 2 0 21,156 "113";
114 0 1 171,202 "114";
115 2 1 131,177 "115";
116 2 1 5,41 "116";
117 2 1 5,32 "117";
118 2 0 34,63 "118";
119 2 0 105,172 "119";
120 0 1 94,103 "120";
121 1 1 11,62 "121";
122 0 1 30,46 "122";
123 0 0 97,153 "123";
124 0 1 83,193 "124";
125 0 1 102,123 "125";
126 0 1 104,203 "126";
127 0 0 55,100 "127";
128 1 0 123,161 "128";
129 1 1 35,133 "129";
130 0 0 38,122 "130";
131 0 1 104,151 "131";
132 0 0 59,164 "132";
133 2 1 85,171 "133";
134 2 0 71,198 "134";
135 1 0 156,203 "135";
136 2 0 103,183 "136";
137 1 0 50,172 "137";
138 2 0 58,93 "138";
139 0 1 125,168 "139";
140 1 0 124,126 "140";
141 2 1 172,195 "141";
142 2 0 82,190 "142";
143 2 1 5,110 "143";
144 0 0 57,203 "144";
145 2 1 57,118 "145";
146 1 1 102,124 "146";
147 1 1 121,156 "147";
148 0 1 35,86 "148";
149 2 1 63,191 "149";
150 2 0 87,124 "150";
151 0 0 61,75 "151";
152 0 1 154,177 "152";
153 0 1 83,125 "153";
154 2 1 40,75 "154";
155 1 0 28,44 "155";
156 0 0 1,75 "156";
157 1 1 194,199 "157";
158 0 1 104,134 "158";
159 2 1 29,40 "159";
160 0 0 180,188 "160";
161 0 0 34,152 "161";
162 0 1 15,90 "162";
163 0 0 97,167 "163";
164 1 0 13,79 "164";
165 1 1 103,126 "165";
166 2 0 19,175 "166";
167 1 1 35,78 "167";
168 1 0 6,167 "168";
169 2 1 13,203 "169";
170 0 0 194,202 "170";
171 0 1 18,109 "171";
172 2 0 1,98 "172";
173 0 0 43,177 "173";
174 1 1 51,143 "174";
175 2 0 8,110 "175";
176 0 1 93,171 "176";
177 2 1 37,126 "177";
178 2 0 12,100 "178";
179 0 0 89,172 "179";
180 0 1 20,136 "180";
181 0 1 5,170 "181";
182 0 1 25,159 "182";
183 0 0 126,195 "183";
184 2 0 71,98 "184";
185 1 1 19,51 "185";
186 1 1 41,107 "186";
187 1 0 109,143 "187";
188 0 1 138,146 "188";
189 0 0 20,86 "189";
190 0 0 120,187 "190";
191 1 0 70,72 "191";
192 2 0 111,195 "192";
193 2 1 64,77 "193";
194 0 1 71,145 "194";
195 2 0 160,175 "195";
196 1 0 19,172 "196";
197 0 0 39,113 "197";
198 0 1 5,133 "198";
199 2 1 18,158 "199";
200 1 0 36,42 "200";
201 0 0 23,71 "201";
202 2 1 38,49 "202";
203 2 0 24,31 "203";
204 1 0 53,153 "204";
