parity 224;
0 1 0 28,204 "0";
1 2 1 98,116 "1";
2 0 1 51,181 "2";
3 2 1 29,101 "3";
4 1 1 62,206 "4";
5 1 1 184,199 "5";
6 2 0 65,169 "6";
7 0 1 123,181 "7";
8 1 0 46,56 "8";
9 0 0 98,146 "9";
10 1 1 20,137 "10";
11 2 0 200,218 "11";
12 0 1 33,43 "12";
13 1 0 136,137 "13";
14 1 0 83,175 "14";
15 2 0 88,214 "15";
16 1 1 90,218 "16";
17 1 1 41,121 "17";
18 0 1 155,188 "18";
19 1 1 11,81 "19";
20 0 1 95,130 "20";
21 2 1 54,161 "21";
22 2 0 50,138 "22";
23 1 0 157,216 "23";
24 0 1 94,100 "24";
25 0 0 213,217 "25";
26 0 1 118,196 "26";
27 0 0 153,193 "27";
28 0 1 29,145 "28";
29 0 0 47,143 "29";
30 2 1 3,160 "30";
31 0 1 84,184 "31";
32 2 1 24,58 "32";
33 2 1 105,189 "33";
34 1 0 74,76 "34";
35 1 0 67,200 "35";
36 0 1 42,220 "36";
37 0 0 75,132 "37";
38 1 1 39,41 "38";
39 1 1 108,182 "39";
40 0 1 175,217 "40";
41 0 0 4,57 "41";
42 2 0 24,126 "42";
43 2 1 153,186 "43";
44 0 1 18,198 "44";
45 1 1 30,146 "45";
46 0 0 26,205 "46";
47 1 1 20,55 "47";
48 1 0 99,156 "48";
49 1 1 0,110 "49";
50 1 0 77,181 "50";
51 0 1 96,192 "51";
52 1 1 82,184 "52";
53 0 0 124,200 "53";
54 1 1 27,153 "54";
55 1 0 99,137 "55";
56 1 1 107,133 "56";
57 2 0 130,194 "57";
58 2 0 12,216 "58";
59 2 0 54,212 "59";
60 1 1 23,207 "60";
61 0 0 54,160 "61";
62 1 0 80,100 "62";
63 0 1 50,70 "63";
64 0 0 20,104 "64";
65 1 1 14,120 "65";
66 2 0 154,160 "66";
67 0 1 94,97 "67";
68 2 1 152,210 "68";
69 0 1 135,163 "69";
70 0 0 157,217 "70";
71 2 1 47,102 "71";
72 1 0 22,209 "72";
73 0 1 22,106 "73";
74 2 0 32,134 "74";
75 0 1 102,183 "75";
76 2 0 60,154 "76";
77 1 1 36,100 "77";
78 1 0 172,173 "78";
79 0 0 90,134 "79";
80 2 1 43,97 "80";
81 2 1 24,90 "81";
82 0 1 84,190 "82";
83 0 1 6,84 "83";
84 1 0 24,34 "84";
85 2 0 111,166 "85";
86 2 0 84,109 "86";
87 1 1 84,143 "87";
88 1 1 1,177 "88";
89 1 1 26,179 "89";
90 0 0 177,211 "90";
91 0 0 9,209 "91";
92 0 1 173,199 "92";
93 1 1 1,211 "93";
94 1 1 88,192 "94";
95 2 0 47,51 "95";
96 2 0 151,164 "96";
97 0 0 60,118 "97";
98 2 0 113,220 "98";
99 0 1 43,212 "99";
100 2 0 109,200 "100";
101 1 0 0,126 "101";
102 0 0 109,202 "102";
103 2 1 63,183 "103";
104 1 0 23,221 "104";
105 1 1 132,192 "105";
106 2 0 30,214 "106";
107 2 0 51,202 "107";
108 0 1 55,60 "108";
109 2 0 125,150 "109";
110 1 1 64,87 "110";
111 1 1 144,167 "111";
112 1 0 30,151 "112";
113 2 0 30,179 "113";
114 2 0 177,217 "114";
115 0 0 104,200 "115";
116 1 1 48,169 "116";
117 1 1 92,134 "117";
118 0 0 83,202 "118";
119 0 1 30,86 "119";
120 0 0 23,172 "120";
121 1 0 163,170 "121";
122 1 0 164,191 "122";
123 1 0 177,224 "123";
124 2 1 76,92 "124";
125 0 0 121,208 "125";
126 0 0 204,223 "126";
127 1 0 29,212 "127";
128 2 0 98,123 "128";
129 1 0 30,106 "129";
130 0 1 114,163 "130";
131 0 1 68,149 "131";
132 2 0 18,150 "132";
133 0 1 28,194 "133";
134 2 1 75,122 "134";
135 1 0 27,105 "135";
136 1 1 97,165 "136";
137 1 0 156,201 "137";
138 0 0 37,60 "138";
139 1 1 126,194 "139";
140 2 0 205,207 "140";
141 0 0 96,218 "141";
142 2 1 62,119 "142";
143 0 0 94,135 "143";
144 2 0 60,82 "144";
145 0 1 78,99 "145";
146 2 0 8,196 "146";
147 0 0 45,91 "147";
148 2 0 94,134 "148";
149 1 0 29,155 "149";
150 2 0 127,209 "150";
151 2 0 60,148 "151";
152 2 1 67,176 "152";
153 1 1 107,195 "153";
154 2 0 44,200 "154";
155 2 0 89,209 "155";
156 0 1 2,56 "156";
157 1 0 74,211 "157";
158 2 1 95,219 "158";
159 2 0 0,119 "159";
160 1 0 183,217 "160";
161 1 0 22,189 "161";
162 0 1 115,179 "162";
163 0 1 162,197 "163";
164 0 0 79,156 "164";
165 1 0 44,169 "165";
166 0 1 77,82 "166";
167 2 0 20,77 "167";
168 2 1 52,219 "168";
169 2 1 88,129 "169";
170 0 1 102,199 "170";
171 2 1 137,182 "171";
172 1 1 153,162 "172";
173 2 0 131,193 "173";
174 0 1 24,62 "174";
175 0 1 114,137 "175";
176 0 1 13,202 "176";
177 0 0 49,215 "177";
178 1 1 49,183 "178";
179 2 0 27,126 "179";
180 2 0 154,205 "180";
181 2 1 164,173 "181";
182 1 1 24,47 "182";
183 0 1 143,157 "183";
184 0 1 71,73 "184";
185 0 0 105,158 "185";
186 0 1 77,100 "186";
187 0 0 140,150 "187";
188 0 1 149,157 "188";
189 1 0 114,146 "189";
190 0 0 28,173 "190";
191 0 1 137,193 "191";
192 1 1 18,133 "192";
193 0 0 164,188 "193";
194 1 1 130,145 "194";
195 2 1 47,92 "195";
196 1 1 24,55 "196";
197 1 0 67,161 "197";
198 1 0 82,113 "198";
199 0 0 32,114 "199";
200 0 1 35,150 "200";
201 1 1 15,174 "201";
202 0 1 184,217 "202";
203 2 0 9,25 "203";
204 2 0 23,154 "204";
205 1 0 77,218 "205";
206 1 1 27,113 "206";
207 0 0 37,124 "207";
208 1 1 82,111 "208";
209 1 1 113,137 "209";
210 1 1 11,98 "210";
211 1 0 166,224 "211";
212 0 1 62,187 "212";
213 2 0 29,113 "213";
214 0 0 119,174 "214";
215 2 0 58,191 "215";
216 2 1 58,153 "216";
217 1 1 16,27 "217";
218 1 0 127,141 "218";
219 0 1 25,121 "219";
220 0 0 32,109 "220";
221 2 0 155,210 "221";
222 0 0 38,150 "222";
223 0 1 78,198 "223";
224 2 1 128,157 "224";
