parity 284;
0 0 0 172,211 "0";
1 0 1 121,139 "1";
2 2 1 10,21 "2";
3 0 0 26,227 "3";
4 1 1 57,118 "4";
5 1 0 134,271 "5";
6 1 0 12,124 "6";
7 0 0 191,214 "7";
8 1 1 128,183 "8";
9 0 1 160,185 "9";
10 2 0 83,90 "10";
11 0 1 241,276 "11";
12 1 1 112,244 "12";
13 2 1 5,183 "13";
14 2 0 121,154 "14";
15 0 0 24,277 "15";
16 0 0 158,223 "16";
17 1 0 48,283 "17";
18 0 0 41,179 "18";
19 2 0 75,160 "19";
20 1 1 21,221 "20";
21 0 1 106,221 "21";
22 1 0 149,262 "22";
23 2 1 191,242 "23";
24 2 1 98,263 "24";
25 2 0 22,165 "25";
26 0 0 191,213 "26";
27 1 1 158,256 "27";
28 0 1 24,150 "28";
29 0 0 26,122 "29";
30 2 1 32,53 "30";
31 0 1 42,264 "31";
32 1 1 12,131 "32";
33 2 1 199,266 "33";
34 2 0 90,186 "34";
35 2 0 178,275 "35";
36 0 1 54,84 "36";
37 1 1 49,229 "37";
38 0 0 3,180 "38";
39 1 1 5,162 "39";
40 2 0 56,117 "40";
41 2 1 121,194 "41";
42 1 0 62,236 "42";
43 1 1 35,109 "43";
44 0 0 69,95 "44";
45 1 0 62,157 "45";
46 0 0 28,75 "46";
47 1 0 41,209 "47";
48 0 0 282,284 "48";
49 2 0 190,218 "49";
50 2 0 132,154 "50";
51 0 1 67,106 "51";
52 1 0 172,195 "52";
53 1 0 63,270 "53";
54 1 0 33,62 "54";
55 2 0 26,74 "55";
56 0 0 193,262 "56";
57 2 0 51,134 "57";
58 1 1 213,252 "58";
59 1 0 141,244 "59";
60 0 0 221,251 "60";
61 2 1 20,167 "61";
62 1 0 123,281 "62";
63 0 0 40,120 "63";
64 0 1 38,237 "64";
65 1 1 56,73 "65";
66 2 1 42,186 "66";
67 0 1 101,155 "67";
68 1 1 59,209 "68";
69 2 1 62,128 "69";
70 1 1 61,180 "70";
71 0 1 102,276 "71";
72 0 1 45,206 "72";
73 0 0 138,224 "73";
74 2 0 100,124 "74";
75 1 1 24,95 "75";
76 2 1 133,185 "76";
77 2 0 113,145 "77";
78 1 0 81,200 "78";
79 2 0 61,109 "79";
80 2 0 44,121 "80";
81 1 0 119,283 "81";
82 2 1 80,234 "82";
83 1 1 3,65 "83";
84 2 0 66,100 "84";
85 1 0 207,240 "85";
86 1 0 8,141 "86";
87 1 1 46,86 "87";
88 1 1 61,92 "88";
89 0 1 275,282 "89";
90 1 0 128,278 "90";
91 1 1 11,284 "91";
92 0 0 144,218 "92";
93 1 1 235,246 "93";
94 1 0 155,162 "94";
95 0 0 89,272 "95";
96 2 0 136,201 "96";
97 0 1 61,100 "97";
98 0 1 116,191 "98";
99 1 0 91,267 "99";
100 0 0 79,238 "100";
101 1 1 88,195 "101";
102 1 1 211,215 "102";
103 1 1 223,279 "103";
104 0 1 73,77 "104";
105 2 1 149,217 "105";
106 0 0 56,249 "106";
107 0 1 49,84 "107";
108 2 0 19,26 "108";
109 1 0 129,239 "109";
110 0 1 141,166 "110";
111 1 1 101,271 "111";
112 2 0 244,251 "112";
113 1 0 263,277 "113";
114 0 1 30,93 "114";
115 1 0 109,158 "115";
116 0 1 6,73 "116";
117 0 0 79,235 "117";
118 0 0 43,258 "118";
119 2 1 17,68 "119";
120 0 1 17,239 "120";
121 1 0 116,237 "121";
122 2 1 107,270 "122";
123 2 1 45,58 "123";
124 1 0 60,237 "124";
125 0 0 160,171 "125";
126 0 0 109,128 "126";
127 2 1 65,104 "127";
128 2 1 140,220 "128";
129 0 1 55,181 "129";
130 0 0 33,158 "130";
131 1 1 38,124 "131";
132 2 0 21,22 "132";
133 2 1 45,253 "133";
134 2 0 185,220 "134";
135 0 0 7,230 "135";
136 1 1 6,194 "136";
137 0 0 216,245 "137";
138 2 1 124,150 "138";
139 0 1 59,129 "139";
140 1 1 114,192 "140";
141 1 0 101,260 "141";
142 0 0 63,210 "142";
143 0 1 145,238 "143";
144 2 0 196,233 "144";
145 0 0 108,205 "145";
146 2 0 18,278 "146";
147 0 1 101,169 "147";
148 0 0 102,271 "148";
149 0 0 64,190 "149";
150 0 0 51,87 "150";
151 1 1 34,276 "151";
152 0 1 133,200 "152";
153 1 0 26,154 "153";
154 2 1 18,253 "154";
155 1 1 100,200 "155";
156 0 1 53,240 "156";
157 0 1 231,269 "157";
158 2 0 96,181 "158";
159 1 0 13,256 "159";
160 0 1 111,173 "160";
161 2 0 80,232 "161";
162 1 1 164,168 "162";
163 2 0 145,228 "163";
164 0 0 62,207 "164";
165 2 0 31,150 "165";
166 1 1 64,68 "166";
167 1 1 255,266 "167";
168 0 1 77,228 "168";
169 0 0 39,195 "169";
170 0 1 33,101 "170";
171 0 0 261,269 "171";
172 1 1 144,261 "172";
173 0 0 137,179 "173";
174 2 0 18,71 "174";
175 1 0 195,283 "175";
176 0 0 120,132 "176";
177 1 1 51,67 "177";
178 2 1 153,242 "178";
179 2 1 200,207 "179";
180 0 1 163,190 "180";
181 0 1 31,212 "181";
182 1 1 97,237 "182";
183 0 0 211,238 "183";
184 2 0 86,167 "184";
185 0 1 205,225 "185";
186 0 0 41,75 "186";
187 0 0 58,126 "187";
188 1 1 3,179 "188";
189 1 1 105,274 "189";
190 0 1 82,160 "190";
191 1 0 188,211 "191";
192 1 1 4,73 "192";
193 0 1 18,94 "193";
194 1 1 184,254 "194";
195 1 0 92,192 "195";
196 0 0 99,251 "196";
197 1 1 79,260 "197";
198 2 1 137,142 "198";
199 2 1 96,189 "199";
200 1 0 93,243 "200";
201 1 1 174,262 "201";
202 2 1 140,155 "202";
203 1 0 126,187 "203";
204 1 0 235,264 "204";
205 1 1 145,169 "205";
206 0 0 80,186 "206";
207 1 1 48,156 "207";
208 2 0 110,221 "208";
209 1 1 123,263 "209";
210 1 0 107,155 "210";
211 2 1 49,183 "211";
212 1 0 155,277 "212";
213 2 0 256,283 "213";
214 2 1 1,33 "214";
215 0 1 192,213 "215";
216 0 1 71,259 "216";
217 0 1 102,130 "217";
218 0 1 147,267 "218";
219 1 1 216,272 "219";
220 0 0 181,204 "220";
221 1 1 63,251 "221";
222 0 1 30,157 "222";
223 0 1 158,259 "223";
224 0 0 54,265 "224";
225 0 0 44,180 "225";
226 0 0 152,190 "226";
227 2 0 37,283 "227";
228 0 0 113,160 "228";
229 1 1 22,101 "229";
230 1 0 27,42 "230";
231 0 0 99,228 "231";
232 0 0 11,110 "232";
233 0 0 62,155 "233";
234 1 1 166,224 "234";
235 0 1 80,87 "235";
236 2 1 150,265 "236";
237 0 0 125,134 "237";
238 1 0 66,226 "238";
239 1 0 221,272 "239";
240 2 1 18,247 "240";
241 1 1 127,278 "241";
242 0 0 79,135 "242";
243 1 0 99,137 "243";
244 2 1 0,17 "244";
245 2 0 59,233 "245";
246 1 1 68,178 "246";
247 0 1 31,144 "247";
248 2 0 63,181 "248";
249 0 1 120,245 "249";
250 2 1 17,25 "250";
251 1 0 61,101 "251";
252 0 1 239,276 "252";
253 2 1 110,192 "253";
254 2 0 112,246 "254";
255 1 0 261,262 "255";
256 0 1 157,258 "256";
257 0 0 34,91 "257";
258 1 0 178,266 "258";
259 1 1 32,51 "259";
260 1 0 82,238 "260";
261 1 0 29,279 "261";
262 0 0 121,258 "262";
263 0 0 81,142 "263";
264 1 0 170,185 "264";
265 1 0 15,145 "265";
266 0 1 10,175 "266";
267 1 1 1,82 "267";
268 1 0 220,235 "268";
269 0 1 36,220 "269";
270 0 0 69,235 "270";
271 1 0 6,177 "271";
272 2 0 187,248 "272";
273 0 0 28,259 "273";
274 0 1 18,124 "274";
275 2 1 185,200 "275";
276 1 1 213,222 "276";
277 0 1 16,278 "277";
278 0 0 64,272 "278";
279 1 1 230,263 "279";
280 0 1 183,239 "280";
281 1 1 86,151 "281";
282 0 0 112,194 "282";
283 2 1 216,241 "283";
284 1 1 246,275 "284";
