parity 214;
0 2 1 30,131 "0";
1 1 0 40,159 "1";
2 0 0 3,126 "2";
3 2 1 143,158 "3";
4 0 1 23,210 "4";
5 0 0 0,173 "5";
6 0 1 124,186 "6";
7 0 1 62,112 "7";
8 2 0 23,210 "8";
9 2 0 3,205 "9";
10 2 0 148,177 "10";
11 1 1 188,202 "11";
12 0 1 68,193 "12";
13 0 0 179,187 "13";
14 0 1 74,121 "14";
15 1 1 12,67 "15";
16 1 1 137,177 "16";
17 1 1 15,160 "17";
18 1 0 89,123 "18";
19 0 0 174,201 "19";
20 0 1 32,77 "20";
21 0 0 192,214 "21";
22 2 1 33,155 "22";
23 0 0 63,84 "23";
24 1 1 2,53 "24";
25 2 1 145,183 "25";
26 0 1 80,211 "26";
27 1 0 63,148 "27";
28 2 0 5,100 "28";
29 1 0 35,61 "29";
30 2 1 11,180 "30";
31 1 1 44,177 "31";
32 0 1 120,202 "32";
33 2 1 165,180 "33";
34 2 1 178,211 "34";
35 2 1 28,160 "35";
36 2 1 53,148 "36";
37 0 0 21,41 "37";
38 0 0 5,183 "38";
39 2 0 103,173 "39";
40 1 0 23,166 "40";
41 2 0 162,180 "41";
42 0 0 14,146 "42";
43 0 0 8,77 "43";
44 1 0 105,185 "44";
45 2 0 99,182 "45";
46 1 0 18,122 "46";
47 2 0 20,32 "47";
48 1 0 49,185 "48";
49 1 1 43,69 "49";
50 0 0 131,186 "50";
51 1 1 113,174 "51";
52 1 1 69,118 "52";
53 0 1 45,151 "53";
54 1 0 21,58 "54";
55 2 1 21,161 "55";
56 1 0 138,196 "56";
57 1 1 82,192 "57";
58 1 0 21,46 "58";
59 2 0 28,102 "59";
60 1 0 65,207 "60";
61 1 1 206,214 "61";
62 0 1 94,124 "62";
63 1 0 58,60 "63";
64 2 1 67,184 "64";
65 2 1 64,158 "65";
66 1 0 60,63 "66";
67 0 0 21,138 "67";
68 1 0 8,101 "68";
69 0 0 54,106 "69";
70 2 0 120,157 "70";
71 2 1 37,99 "71";
72 0 0 54,127 "72";
73 2 1 115,143 "73";
74 0 1 189,210 "74";
75 1 1 29,35 "75";
76 2 0 99,121 "76";
77 0 0 66,202 "77";
78 2 1 48,211 "78";
79 1 0 86,151 "79";
80 2 1 8,110 "80";
81 1 1 154,177 "81";
82 2 0 157,161 "82";
83 2 1 149,165 "83";
84 0 0 18,20 "84";
85 1 0 60,162 "85";
86 0 1 46,129 "86";
87 0 1 183,196 "87";
88 2 0 9,13 "88";
89 0 0 106,187 "89";
90 1 1 76,106 "90";
91 0 0 39,170 "91";
92 2 0 67,77 "92";
93 1 0 23,47 "93";
94 1 1 56,82 "94";
95 1 0 119,206 "95";
96 0 0 4,166 "96";
97 1 0 85,86 "97";
98 0 1 45,200 "98";
99 1 1 12,36 "99";
100 1 0 136,163 "100";
101 0 0 169,196 "101";
102 1 1 81,135 "102";
103 0 0 61,67 "103";
104 1 0 154,173 "104";
105 0 1 87,94 "105";
106 0 1 35,77 "106";
107 2 1 28,171 "107";
108 0 0 5,185 "108";
109 2 1 20,91 "109";
110 1 0 31,117 "110";
111 1 1 18,159 "111";
112 1 0 180,200 "112";
113 1 1 111,161 "113";
114 0 1 31,93 "114";
115 1 1 30,189 "115";
116 2 0 33,102 "116";
117 1 0 82,177 "117";
118 2 1 13,158 "118";
119 0 0 25,46 "119";
120 0 0 2,113 "120";
121 0 1 206,213 "121";
122 0 0 45,92 "122";
123 0 0 7,172 "123";
124 2 0 102,157 "124";
125 0 1 80,200 "125";
126 2 0 62,156 "126";
127 0 1 99,149 "127";
128 1 1 53,145 "128";
129 0 1 137,144 "129";
130 0 1 29,90 "130";
131 2 1 41,194 "131";
132 0 1 154,184 "132";
133 0 0 68,146 "133";
134 1 1 7,101 "134";
135 0 1 45,149 "135";
136 0 1 14,114 "136";
137 2 1 180,197 "137";
138 2 0 119,211 "138";
139 2 1 115,122 "139";
140 0 0 37,151 "140";
141 0 0 38,135 "141";
142 0 0 92,156 "142";
143 2 0 55,150 "143";
144 2 1 23,174 "144";
145 1 1 2,53 "145";
146 1 1 76,94 "146";
147 2 1 52,138 "147";
148 1 1 26,46 "148";
149 0 1 51,60 "149";
150 0 0 21,54 "150";
151 2 1 110,156 "151";
152 2 1 31,212 "152";
153 2 0 6,139 "153";
154 0 1 20,84 "154";
155 1 0 28,141 "155";
156 2 0 6,146 "156";
157 0 1 34,118 "157";
158 0 1 120,207 "158";
159 2 1 51,75 "159";
160 1 1 24,195 "160";
161 2 0 81,83 "161";
162 1 0 116,187 "162";
163 2 0 114,117 "163";
164 1 1 45,85 "164";
165 0 1 66,125 "165";
166 2 0 73,169 "166";
167 0 1 14,161 "167";
168 2 1 63,129 "168";
169 2 1 17,21 "169";
170 1 1 44,158 "170";
171 1 0 104,122 "171";
172 1 1 157,207 "172";
173 1 0 180,187 "173";
174 1 1 86,210 "174";
175 2 1 136,189 "175";
176 0 0 5,11 "176";
177 2 1 103,127 "177";
178 2 1 6,184 "178";
179 0 1 45,95 "179";
180 0 0 12,149 "180";
181 1 0 41,90 "181";
182 0 0 96,110 "182";
183 2 0 107,194 "183";
184 2 1 154,175 "184";
185 1 1 80,132 "185";
186 1 0 53,123 "186";
187 0 1 87,174 "187";
188 0 1 108,132 "188";
189 2 0 22,30 "189";
190 0 0 177,200 "190";
191 1 1 1,68 "191";
192 0 0 142,177 "192";
193 0 1 5,198 "193";
194 1 1 101,111 "194";
195 2 1 92,193 "195";
196 1 1 6,26 "196";
197 2 0 98,157 "197";
198 2 1 127,137 "198";
199 2 1 22,160 "199";
200 1 0 32,150 "200";
201 0 1 121,157 "201";
202 1 1 7,52 "202";
203 0 1 166,209 "203";
204 0 1 60,111 "204";
205 2 0 146,179 "205";
206 1 1 131,151 "206";
207 2 0 55,186 "207";
208 1 0 58,78 "208";
209 2 0 36,90 "209";
210 1 0 82,168 "210";
211 2 1 178,201 "211";
212 2 1 72,75 "212";
213 1 1 192,210 "213";
214 0 1 63,72 "214";
