parity 219;
0 2 0 27,212 "0";
1 0 0 89,201 "1";
2 2 0 146,162 "2";
3 2 0 183,204 "3";
4 2 0 13,152 "4";
5 1 0 141,205 "5";
6 2 0 60,86 "6";
7 2 0 35,157 "7";
8 0 1 131,143 "8";
9 2 0 69,70 "9";
10 2 0 109,212 "10";
11 0 0 2,197 "11";
12 1 1 20,139 "12";
13 1 1 195,196 "13";
14 0 0 106,202 "14";
15 0 0 0,155 "15";
16 2 0 29,88 "16";
17 0 1 15,108 "17";
18 1 1 75,102 "18";
19 0 1 67,108 "19";
20 0 1 51,171 "20";
21 1 0 44,87 "21";
22 2 0 178,205 "22";
23 1 0 80,208 "23";
24 0 1 31,59 "24";
25 1 0 126,153 "25";
26 2 0 124,135 "26";
27 0 1 70,127 "27";
28 0 0 0,63 "28";
29 2 0 16,18 "29";
30 2 1 118,134 "30";
31 2 0 72,157 "31";
32 0 1 177,185 "32";
33 0 1 28,101 "33";
34 0 0 27,142 "34";
35 2 1 1,114 "35";
36 2 1 101,213 "36";
37 1 1 149,197 "37";
38 2 1 91,133 "38";
39 1 0 54,80 "39";
40 1 0 25,45 "40";
41 2 0 11,121 "41";
42 2 1 37,44 "42";
43 1 1 50,109 "43";
44 2 1 93,161 "44";
45 2 1 163,174 "45";
46 0 0 26,174 "46";
47 1 0 39,68 "47";
48 0 0 100,192 "48";
49 0 0 140,189 "49";
50 0 1 68,101 "50";
51 0 0 98,207 "51";
52 1 0 12,139 "52";
53 1 1 40,78 "53";
54 1 1 71,162 "54";
55 2 0 1,84 "55";
56 1 0 21,160 "56";
57 1 1 42,79 "57";
58 1 1 79,174 "58";
59 1 0 12,44 "59";
60 2 0 27,165 "60";
61 2 1 11,102 "61";
62 1 1 100,218 "62";
63 2 1 180,198 "63";
64 2 1 123,204 "64";
65 1 1 149,205 "65";
66 0 1 12,64 "66";
67 1 0 116,206 "67";
68 1 0 76,210 "68";
69 0 0 10,152 "69";
70 2 0 53,90 "70";
71 1 1 94,215 "71";
72 2 0 51,67 "72";
73 0 1 212,216 "73";
74 2 0 13,125 "74";
75 1 1 42,90 "75";
76 2 1 46,212 "76";
77 0 0 0,13 "77";
78 1 0 37,119 "78";
79 1 0 22,90 "79";
80 0 1 23,63 "80";
81 2 0 85,86 "81";
82 2 1 30,95 "82";
83 2 0 66,98 "83";
84 1 0 96,115 "84";
85 0 0 58,213 "85";
86 0 0 137,152 "86";
87 2 1 30,98 "87";
88 2 1 112,216 "88";
89 0 0 87,154 "89";
90 0 1 3,119 "90";
91 1 0 81,188 "91";
92 1 0 2,32 "92";
93 2 1 147,191 "93";
94 0 0 19,133 "94";
95 0 1 1,97 "95";
96 2 1 102,170 "96";
97 1 1 26,120 "97";
98 1 1 15,158 "98";
99 1 0 86,97 "99";
100 1 1 60,114 "100";
101 1 0 167,176 "101";
102 2 0 113,138 "102";
103 0 0 90,202 "103";
104 2 0 69,82 "104";
105 0 0 26,173 "105";
106 2 1 114,134 "106";
107 2 1 5,126 "107";
108 2 1 185,216 "108";
109 1 1 105,141 "109";
110 0 1 95,167 "110";
111 2 0 40,133 "111";
112 1 1 34,200 "112";
113 2 0 80,143 "113";
114 2 0 189,198 "114";
115 2 1 2,172 "115";
116 2 1 2,49 "116";
117 2 1 26,177 "117";
118 2 1 58,214 "118";
119 0 0 46,211 "119";
120 0 1 29,145 "120";
121 1 1 117,134 "121";
122 0 0 42,153 "122";
123 2 1 170,211 "123";
124 2 0 89,164 "124";
125 2 0 141,189 "125";
126 0 0 99,196 "126";
127 2 0 60,136 "127";
128 2 1 130,133 "128";
129 0 0 9,203 "129";
130 1 1 163,209 "130";
131 0 0 69,171 "131";
132 0 0 47,133 "132";
133 1 0 102,208 "133";
134 2 0 74,150 "134";
135 0 1 72,161 "135";
136 0 0 65,131 "136";
137 2 1 92,123 "137";
138 2 1 1,146 "138";
139 1 1 3,120 "139";
140 0 0 107,112 "140";
141 0 1 103,190 "141";
142 1 0 16,17 "142";
143 1 0 130,140 "143";
144 2 1 78,202 "144";
145 1 1 31,54 "145";
146 0 0 35,181 "146";
147 1 1 54,206 "147";
148 1 1 92,164 "148";
149 0 0 115,132 "149";
150 1 1 39,199 "150";
151 2 1 118,200 "151";
152 0 0 94,139 "152";
153 1 0 42,176 "153";
154 2 0 83,178 "154";
155 2 0 55,98 "155";
156 1 0 70,144 "156";
157 1 0 113,146 "157";
158 1 1 74,103 "158";
159 0 1 134,157 "159";
160 0 1 32,44 "160";
161 2 0 174,208 "161";
162 0 1 4,44 "162";
163 2 1 19,41 "163";
164 0 0 30,107 "164";
165 2 0 117,195 "165";
166 2 1 129,174 "166";
167 0 0 198,213 "167";
168 1 1 71,112 "168";
169 2 0 0,97 "169";
170 2 1 22,215 "170";
171 2 0 160,181 "171";
172 2 1 160,213 "172";
173 1 0 7,210 "173";
174 0 0 84,101 "174";
175 2 0 54,204 "175";
176 0 0 11,190 "176";
177 2 1 44,133 "177";
178 0 0 179,192 "178";
179 0 1 74,79 "179";
180 2 0 140,151 "180";
181 2 1 30,61 "181";
182 0 0 35,126 "182";
183 1 1 27,29 "183";
184 1 0 89,123 "184";
185 2 0 112,209 "185";
186 0 0 78,111 "186";
187 1 0 30,40 "187";
188 2 0 33,128 "188";
189 0 0 41,219 "189";
190 2 1 104,122 "190";
191 1 0 127,140 "191";
192 0 1 94,184 "192";
193 1 0 118,196 "193";
194 0 0 15,110 "194";
195 2 1 62,118 "195";
196 1 1 156,218 "196";
197 2 1 142,207 "197";
198 0 0 108,168 "198";
199 0 0 169,182 "199";
200 2 1 14,126 "200";
201 1 0 69,184 "201";
202 0 0 74,78 "202";
203 2 0 190,216 "203";
204 1 1 20,181 "204";
205 0 1 31,61 "205";
206 2 1 158,197 "206";
207 1 0 21,120 "207";
208 1 0 15,207 "208";
209 0 0 29,164 "209";
210 2 0 38,202 "210";
211 1 1 179,219 "211";
212 0 0 77,213 "212";
213 0 1 35,197 "213";
214 1 1 2,179 "214";
215 0 0 88,210 "215";
216 2 0 98,151 "216";
217 0 0 3,158 "217";
218 1 1 88,187 "218";
219 2 0 4,90 "219";
