parity 259;
0 0 0 16,129 "0";
1 2 1 148,231 "1";
2 0 0 113,245 "2";
3 0 1 4,74 "3";
4 1 1 139,241 "4";
5 0 1 141,164 "5";
6 0 0 129,165 "6";
7 0 1 53,108 "7";
8 1 0 105,189 "8";
9 0 1 55,193 "9";
10 2 1 226,241 "10";
11 0 0 10,179 "11";
12 1 1 89,132 "12";
13 0 0 219,226 "13";
14 0 1 236,257 "14";
15 1 0 32,253 "15";
16 2 0 104,193 "16";
17 1 1 0,140 "17";
18 2 1 107,138 "18";
19 1 0 31,68 "19";
20 0 0 82,170 "20";
21 2 0 41,234 "21";
22 2 1 107,207 "22";
23 2 1 5,132 "23";
24 2 0 63,186 "24";
25 2 1 23,86 "25";
26 0 0 60,114 "26";
27 2 0 74,145 "27";
28 2 1 81,87 "28";
29 0 1 107,143 "29";
30 2 0 145,252 "30";
31 0 1 180,250 "31";
32 1 0 29,35 "32";
33 0 0 74,181 "33";
34 1 0 207,210 "34";
35 0 1 169,229 "35";
36 1 1 168,247 "36";
37 1 0 23,34 "37";
38 0 1 59,178 "38";
39 2 0 118,156 "39";
40 2 1 77,89 "40";
41 2 0 123,217 "41";
42 0 0 152,233 "42";
43 1 1 53,114 "43";
44 0 0 70,235 "44";
45 1 0 62,141 "45";
46 0 0 162,246 "46";
47 0 0 27,247 "47";
48 0 1 181,236 "48";
49 0 1 26,202 "49";
50 0 1 111,221 "50";
51 1 0 83,228 "51";
52 1 0 115,214 "52";
53 2 1 140,220 "53";
54 2 1 24,62 "54";
55 0 0 125,177 "55";
56 0 1 168,256 "56";
57 2 0 65,87 "57";
58 1 0 28,237 "58";
59 2 1 62,193 "59";
60 0 1 87,199 "60";
61 2 0 86,215 "61";
62 1 1 220,224 "62";
63 2 0 65,201 "63";
64 0 0 186,244 "64";
65 0 0 9,217 "65";
66 2 0 111,132 "66";
67 2 0 123,210 "67";
68 1 0 25,156 "68";
69 0 1 37,46 "69";
70 1 1 241,244 "70";
71 0 0 96,247 "71";
72 0 0 96,213 "72";
73 1 1 173,256 "73";
74 2 1 92,130 "74";
75 0 1 29,31 "75";
76 1 0 55,199 "76";
77 0 1 82,95 "77";
78 2 1 133,215 "78";
79 0 0 7,18 "79";
80 2 0 133,167 "80";
81 0 0 14,118 "81";
82 2 1 93,148 "82";
83 2 1 34,174 "83";
84 2 0 3,43 "84";
85 2 0 99,164 "85";
86 0 0 20,163 "86";
87 0 0 4,52 "87";
88 2 1 182,184 "88";
89 2 1 128,139 "89";
90 0 0 20,39 "90";
91 0 0 65,237 "91";
92 0 1 30,186 "92";
93 2 0 15,152 "93";
94 0 0 128,214 "94";
95 0 1 48,181 "95";
96 0 0 15,138 "96";
97 2 1 135,186 "97";
98 0 0 84,233 "98";
99 0 1 197,203 "99";
100 0 1 110,252 "100";
101 2 1 36,69 "101";
102 2 0 76,141 "102";
103 0 1 215,246 "103";
104 2 1 54,236 "104";
105 1 0 50,153 "105";
106 2 1 26,205 "106";
107 2 0 173,196 "107";
108 2 1 15,82 "108";
109 2 0 49,219 "109";
110 1 1 8,252 "110";
111 1 0 42,80 "111";
112 0 1 9,117 "112";
113 0 0 12,61 "113";
114 2 0 37,237 "114";
115 0 0 11,26 "115";
116 1 0 108,161 "116";
117 2 1 50,106 "117";
118 2 1 29,75 "118";
119 1 1 75,246 "119";
120 1 1 94,192 "120";
121 2 0 130,259 "121";
122 2 1 147,230 "122";
123 0 0 59,97 "123";
124 0 1 86,154 "124";
125 2 1 19,73 "125";
126 1 0 6,116 "126";
127 2 1 20,27 "127";
128 1 1 75,165 "128";
129 2 0 34,122 "129";
130 2 1 63,229 "130";
131 1 0 4,172 "131";
132 1 1 1,220 "132";
133 2 1 163,230 "133";
134 1 1 9,220 "134";
135 2 0 49,117 "135";
136 1 0 82,238 "136";
137 2 0 27,170 "137";
138 0 0 29,242 "138";
139 2 1 41,122 "139";
140 2 0 126,206 "140";
141 0 1 14,124 "141";
142 0 0 83,238 "142";
143 1 0 170,210 "143";
144 0 1 72,193 "144";
145 1 0 77,83 "145";
146 2 0 62,139 "146";
147 1 0 52,203 "147";
148 1 0 110,171 "148";
149 1 1 191,216 "149";
150 0 0 26,110 "150";
151 2 1 75,210 "151";
152 1 1 148,259 "152";
153 0 1 26,228 "153";
154 2 0 80,171 "154";
155 1 1 143,244 "155";
156 0 1 23,104 "156";
157 1 0 53,134 "157";
158 2 0 43,202 "158";
159 0 0 74,158 "159";
160 0 1 101,232 "160";
161 1 1 70,90 "161";
162 0 0 182,229 "162";
163 1 0 22,203 "163";
164 0 1 69,249 "164";
165 0 0 19,239 "165";
166 1 0 115,200 "166";
167 1 0 42,175 "167";
168 0 1 52,102 "168";
169 2 1 141,220 "169";
170 1 1 63,96 "170";
171 1 0 72,117 "171";
172 0 0 29,127 "172";
173 0 1 11,131 "173";
174 1 0 44,187 "174";
175 0 1 169,208 "175";
176 2 1 70,143 "176";
177 0 0 64,185 "177";
178 2 1 41,102 "178";
179 0 0 149,184 "179";
180 2 1 145,172 "180";
181 0 1 41,230 "181";
182 1 0 110,256 "182";
183 1 1 9,94 "183";
184 1 0 108,125 "184";
185 2 0 82,191 "185";
186 1 0 96,120 "186";
187 0 1 107,126 "187";
188 1 0 31,162 "188";
189 2 0 46,245 "189";
190 2 0 44,48 "190";
191 0 0 65,229 "191";
192 2 0 66,228 "192";
193 1 1 121,252 "193";
194 0 0 251,258 "194";
195 1 0 89,171 "195";
196 2 0 177,234 "196";
197 2 1 165,181 "197";
198 0 1 71,75 "198";
199 1 1 23,73 "199";
200 1 0 40,190 "200";
201 0 1 215,217 "201";
202 0 0 142,189 "202";
203 0 0 152,233 "203";
204 0 0 72,192 "204";
205 0 1 13,65 "205";
206 2 0 20,239 "206";
207 1 0 164,190 "207";
208 1 1 78,107 "208";
209 0 0 191,225 "209";
210 0 0 89,96 "210";
211 1 0 45,50 "211";
212 2 1 152,190 "212";
213 0 1 48,171 "213";
214 1 0 51,130 "214";
215 0 1 124,226 "215";
216 2 0 149,190 "216";
217 0 1 65,103 "217";
218 0 1 83,113 "218";
219 2 1 18,54 "219";
220 1 1 9,95 "220";
221 0 0 57,226 "221";
222 2 1 93,240 "222";
223 2 0 33,211 "223";
224 0 0 156,181 "224";
225 2 0 100,247 "225";
226 1 1 12,134 "226";
227 1 1 33,116 "227";
228 0 1 39,155 "228";
229 1 0 19,32 "229";
230 1 1 106,199 "230";
231 1 1 77,98 "231";
232 0 1 65,155 "232";
233 0 0 9,202 "233";
234 2 0 68,175 "234";
235 1 1 171,217 "235";
236 2 0 125,207 "236";
237 0 0 225,227 "237";
238 1 0 7,125 "238";
239 1 0 97,100 "239";
240 0 0 11,202 "240";
241 1 0 140,153 "241";
242 0 1 53,203 "242";
243 1 1 28,148 "243";
244 0 1 129,257 "244";
245 2 1 163,186 "245";
246 1 0 71,183 "246";
247 2 0 84,153 "247";
248 1 0 21,130 "248";
249 1 0 154,166 "249";
250 2 1 90,184 "250";
251 2 1 85,129 "251";
252 0 0 181,224 "252";
253 1 1 92,154 "253";
254 2 0 157,249 "254";
255 0 1 36,78 "255";
256 1 1 88,200 "256";
257 2 0 5,128 "257";
258 0 1 3,183 "258";
259 2 0 94,171 "259";
