parity 294;
0 1 0 163,275 "0";
1 1 0 82,235 "1";
2 2 0 79,199 "2";
3 1 0 69,293 "3";
4 0 1 51,125 "4";
5 0 1 67,127 "5";
6 0 1 206,280 "6";
7 1 1 252,254 "7";
8 2 0 215,242 "8";
9 1 0 120,161 "9";
10 1 0 244,260 "10";
11 1 0 106,184 "11";
12 2 1 146,198 "12";
13 2 1 197,221 "13";
14 0 1 229,240 "14";
15 0 0 125,251 "15";
16 2 0 57,252 "16";
17 1 0 168,275 "17";
18 2 1 195,224 "18";
19 0 1 141,219 "19";
20 1 0 95,274 "20";
21 2 1 130,136 "21";
22 2 0 103,201 "22";
23 1 0 63,167 "23";
24 1 0 61,127 "24";
25 2 1 203,232 "25";
26 0 1 229,233 "26";
27 1 0 82,232 "27";
28 2 0 114,268 "28";
29 1 1 34,258 "29";
30 1 0 17,242 "30";
31 0 1 32,252 "31";
32 0 0 108,218 "32";
33 2 1 224,280 "33";
34 2 1 179,239 "34";
35 0 1 172,200 "35";
36 0 0 19,221 "36";
37 1 1 146,227 "37";
38 2 1 105,155 "38";
39 2 0 90,100 "39";
40 0 1 43,242 "40";
41 2 0 49,120 "41";
42 2 0 91,194 "42";
43 1 1 151,254 "43";
44 2 0 34,173 "44";
45 2 0 28,269 "45";
46 2 0 281,294 "46";
47 1 1 14,16 "47";
48 2 1 66,126 "48";
49 1 0 51,173 "49";
50 1 0 16,184 "50";
51 1 1 76,270 "51";
52 0 1 150,159 "52";
53 2 0 146,232 "53";
54 0 0 65,148 "54";
55 2 0 30,247 "55";
56 2 0 157,200 "56";
57 2 0 63,179 "57";
58 1 0 204,237 "58";
59 2 0 102,117 "59";
60 1 0 197,254 "60";
61 1 1 46,114 "61";
62 2 0 64,215 "62";
63 2 0 41,274 "63";
64 0 1 128,170 "64";
65 1 0 69,221 "65";
66 2 1 86,206 "66";
67 0 1 15,217 "67";
68 1 0 126,220 "68";
69 1 1 223,226 "69";
70 1 1 20,271 "70";
71 2 1 11,52 "71";
72 0 1 87,133 "72";
73 0 0 136,183 "73";
74 1 0 207,261 "74";
75 1 0 39,100 "75";
76 1 1 129,241 "76";
77 0 0 2,179 "77";
78 0 1 142,200 "78";
79 0 0 53,194 "79";
80 0 0 65,137 "80";
81 2 1 55,75 "81";
82 0 1 40,141 "82";
83 2 0 15,143 "83";
84 2 0 40,121 "84";
85 0 0 159,191 "85";
86 1 1 2,205 "86";
87 0 0 45,61 "87";
88 2 1 42,190 "88";
89 0 0 221,284 "89";
90 1 1 15,174 "90";
91 1 1 31,86 "91";
92 0 0 0,58 "92";
93 0 0 70,226 "93";
94 2 0 30,245 "94";
95 0 1 7,90 "95";
96 0 1 174,259 "96";
97 0 0 54,290 "97";
98 1 0 60,128 "98";
99 1 1 113,128 "99";
100 1 1 59,80 "100";
101 1 0 8,177 "101";
102 2 1 35,242 "102";
103 2 0 112,250 "103";
104 0 0 57,247 "104";
105 1 1 76,269 "105";
106 1 0 86,107 "106";
107 2 1 39,96 "107";
108 0 1 208,237 "108";
109 1 1 52,56 "109";
110 2 0 104,252 "110";
111 2 0 33,110 "111";
112 2 1 129,155 "112";
113 1 1 62,75 "113";
114 1 1 65,127 "114";
115 1 1 150,177 "115";
116 2 1 73,147 "116";
117 1 1 25,237 "117";
118 2 1 224,229 "118";
119 0 1 44,212 "119";
120 1 0 178,222 "120";
121 0 0 100,281 "121";
122 1 1 53,220 "122";
123 2 1 179,231 "123";
124 0 0 48,115 "124";
125 0 1 210,277 "125";
126 2 0 33,146 "126";
127 1 1 214,286 "127";
128 2 1 31,290 "128";
129 1 1 200,227 "129";
130 2 1 142,160 "130";
131 0 0 22,178 "131";
132 1 1 70,172 "132";
133 2 1 183,211 "133";
134 2 0 49,251 "134";
135 2 1 104,275 "135";
136 1 1 123,274 "136";
137 0 1 55,258 "137";
138 2 0 126,285 "138";
139 1 1 178,199 "139";
140 0 1 52,290 "140";
141 1 0 9,233 "141";
142 1 0 49,157 "142";
143 0 0 174,233 "143";
144 1 1 82,227 "144";
145 1 0 5,195 "145";
146 0 0 32,181 "146";
147 2 0 101,226 "147";
148 1 0 104,249 "148";
149 0 0 161,263 "149";
150 1 1 149,248 "150";
151 1 1 0,175 "151";
152 0 1 45,190 "152";
153 2 0 49,127 "153";
154 0 0 54,169 "154";
155 1 0 149,244 "155";
156 1 0 24,188 "156";
157 1 0 206,285 "157";
158 2 0 51,188 "158";
159 1 0 102,195 "159";
160 2 1 62,231 "160";
161 0 1 5,25 "161";
162 0 1 24,231 "162";
163 0 0 57,220 "163";
164 0 0 178,192 "164";
165 0 0 16,138 "165";
166 1 0 143,220 "166";
167 2 1 15,212 "167";
168 1 0 27,183 "168";
169 0 0 244,249 "169";
170 1 0 39,91 "170";
171 0 0 200,210 "171";
172 0 1 104,190 "172";
173 1 1 45,80 "173";
174 2 0 83,247 "174";
175 0 1 43,172 "175";
176 1 1 55,201 "176";
177 0 0 118,174 "177";
178 2 0 61,268 "178";
179 0 1 68,228 "179";
180 0 0 73,285 "180";
181 0 0 129,174 "181";
182 1 0 4,146 "182";
183 2 0 13,154 "183";
184 1 1 92,187 "184";
185 1 1 20,42 "185";
186 2 1 161,184 "186";
187 1 0 23,226 "187";
188 2 0 123,178 "188";
189 0 0 70,216 "189";
190 2 0 158,242 "190";
191 0 0 21,115 "191";
192 1 0 63,188 "192";
193 0 1 171,210 "193";
194 1 0 1,137 "194";
195 0 1 203,213 "195";
196 2 0 128,262 "196";
197 1 1 182,243 "197";
198 2 1 137,159 "198";
199 2 1 95,201 "199";
200 0 0 103,257 "200";
201 2 0 76,140 "201";
202 2 0 203,244 "202";
203 2 1 51,224 "203";
204 0 1 52,226 "204";
205 1 0 82,259 "205";
206 0 0 12,152 "206";
207 2 0 20,147 "207";
208 1 1 131,155 "208";
209 1 1 127,244 "209";
210 1 0 26,155 "210";
211 2 1 30,261 "211";
212 2 0 268,293 "212";
213 2 0 263,281 "213";
214 2 1 111,206 "214";
215 0 1 41,264 "215";
216 0 1 99,238 "216";
217 1 1 82,97 "217";
218 2 0 144,269 "218";
219 0 0 117,290 "219";
220 1 0 239,243 "220";
221 0 0 35,97 "221";
222 1 0 31,66 "222";
223 1 1 48,71 "223";
224 2 1 133,278 "224";
225 2 1 159,201 "225";
226 0 0 283,289 "226";
227 2 0 79,160 "227";
228 0 0 153,230 "228";
229 2 0 46,234 "229";
230 1 1 253,292 "230";
231 1 1 129,145 "231";
232 0 0 29,281 "232";
233 1 0 44,225 "233";
234 0 1 45,263 "234";
235 1 0 4,30 "235";
236 0 1 159,172 "236";
237 2 1 22,159 "237";
238 2 0 105,200 "238";
239 1 1 55,198 "239";
240 2 0 241,255 "240";
241 0 1 41,185 "241";
242 0 1 22,278 "242";
243 0 1 51,223 "243";
244 2 0 170,246 "244";
245 1 0 100,142 "245";
246 0 1 167,284 "246";
247 1 1 90,191 "247";
248 2 0 59,142 "248";
249 1 0 34,45 "249";
250 0 0 124,149 "250";
251 2 0 95,129 "251";
252 0 1 128,249 "252";
253 2 1 33,213 "253";
254 2 1 9,151 "254";
255 1 0 217,256 "255";
256 0 1 42,266 "256";
257 0 1 47,125 "257";
258 0 1 57,219 "258";
259 2 0 23,175 "259";
260 2 1 43,55 "260";
261 0 0 72,130 "261";
262 2 1 170,230 "262";
263 2 0 2,114 "263";
264 1 0 120,271 "264";
265 0 0 84,174 "265";
266 1 1 55,217 "266";
267 1 1 7,101 "267";
268 2 1 60,80 "268";
269 2 1 36,39 "269";
270 0 0 41,146 "270";
271 2 0 72,168 "271";
272 2 0 35,282 "272";
273 2 0 81,218 "273";
274 2 0 121,284 "274";
275 0 1 52,61 "275";
276 0 0 25,274 "276";
277 0 0 127,197 "277";
278 1 0 118,128 "278";
279 0 0 9,182 "279";
280 1 1 27,100 "280";
281 2 1 101,122 "281";
282 0 0 105,148 "282";
283 0 0 246,272 "283";
284 2 1 42,78 "284";
285 1 1 170,276 "285";
286 2 1 151,168 "286";
287 2 0 186,187 "287";
288 2 1 34,273 "288";
289 1 0 80,101 "289";
290 2 1 5,50 "290";
291 0 0 49,274 "291";
292 0 0 15,41 "292";
293 1 1 80,181 "293";
294 1 1 12,281 "294";
