parity 224;
0 2 0 14,165 "0";
1 0 1 59,99 "1";
2 2 0 181,218 "2";
3 1 1 64,220 "3";
4 2 1 91,202 "4";
5 1 0 31,49 "5";
6 1 1 36,50 "6";
7 0 1 136,193 "7";
8 2 1 111,206 "8";
9 0 0 68,190 "9";
10 1 1 101,222 "10";
11 1 0 73,116 "11";
12 0 0 133,145 "12";
13 2 1 183,185 "13";
14 0 0 59,161 "14";
15 2 0 45,193 "15";
16 1 1 105,132 "16";
17 2 0 0,122 "17";
18 1 1 128,167 "18";
19 0 0 219,224 "19";
20 1 0 24,73 "20";
21 2 1 19,212 "21";
22 1 1 68,220 "22";
23 1 0 187,204 "23";
24 2 1 17,88 "24";
25 2 1 34,160 "25";
26 2 0 2,171 "26";
27 2 1 22,173 "27";
28 0 0 18,208 "28";
29 2 1 77,146 "29";
30 0 1 12,110 "30";
31 2 1 22,112 "31";
32 0 0 21,128 "32";
33 2 1 17,28 "33";
34 2 1 2,171 "34";
35 1 1 24,164 "35";
36 2 1 42,99 "36";
37 2 1 22,84 "37";
38 1 1 129,188 "38";
39 0 0 46,187 "39";
40 2 0 51,202 "40";
41 0 0 91,204 "41";
42 1 0 152,163 "42";
43 0 0 150,159 "43";
44 1 0 34,51 "44";
45 2 0 50,133 "45";
46 1 0 11,44 "46";
47 1 1 77,132 "47";
48 2 1 116,185 "48";
49 2 0 55,62 "49";
50 2 0 149,183 "50";
51 0 0 2,82 "51";
52 1 1 102,104 "52";
53 0 1 59,80 "53";
54 1 0 104,111 "54";
55 1 1 149,183 "55";
56 2 0 68,91 "56";
57 2 1 77,101 "57";
58 1 1 64,144 "58";
59 2 0 93,125 "59";
60 0 0 217,219 "60";
61 1 0 90,162 "61";
62 1 1 138,149 "62";
63 1 0 8,205 "63";
64 0 0 16,202 "64";
65 2 1 57,200 "65";
66 1 1 7,143 "66";
67 2 1 9,47 "67";
68 2 0 13,36 "68";
69 0 1 43,171 "69";
70 2 0 109,146 "70";
71 2 0 101,194 "71";
72 1 0 42,169 "72";
73 0 1 114,195 "73";
74 0 1 43,179 "74";
75 0 1 147,206 "75";
76 1 0 26,203 "76";
77 0 1 72,106 "77";
78 0 1 106,198 "78";
79 0 1 77,128 "79";
80 1 1 51,122 "80";
81 0 1 137,145 "81";
82 1 0 34,220 "82";
83 1 1 48,184 "83";
84 1 1 181,222 "84";
85 2 0 121,185 "85";
86 2 1 98,134 "86";
87 1 0 66,170 "87";
88 1 1 107,160 "88";
89 0 1 35,120 "89";
90 2 0 63,139 "90";
91 2 1 11,46 "91";
92 2 1 12,108 "92";
93 0 0 22,117 "93";
94 2 1 25,38 "94";
95 0 1 86,137 "95";
96 2 0 14,80 "96";
97 2 1 18,198 "97";
98 1 1 11,155 "98";
99 0 0 129,184 "99";
100 2 0 65,145 "100";
101 0 1 49,219 "101";
102 0 1 5,146 "102";
103 1 0 122,126 "103";
104 1 1 45,135 "104";
105 0 0 84,221 "105";
106 1 1 149,207 "106";
107 0 1 8,43 "107";
108 2 1 183,203 "108";
109 2 1 4,188 "109";
110 2 1 86,148 "110";
111 2 0 58,102 "111";
112 1 1 28,210 "112";
113 0 1 59,188 "113";
114 2 1 38,139 "114";
115 2 0 73,104 "115";
116 2 0 99,138 "116";
117 0 0 138,152 "117";
118 1 0 149,218 "118";
119 2 1 37,145 "119";
120 0 1 1,201 "120";
121 2 1 118,221 "121";
122 0 1 155,159 "122";
123 0 1 179,218 "123";
124 2 1 56,112 "124";
125 0 1 57,97 "125";
126 1 1 43,80 "126";
127 0 1 15,32 "127";
128 0 1 122,205 "128";
129 2 0 11,41 "129";
130 1 1 85,149 "130";
131 2 1 77,153 "131";
132 1 0 93,212 "132";
133 1 0 3,215 "133";
134 0 0 159,163 "134";
135 0 0 177,209 "135";
136 2 1 125,144 "136";
137 1 0 211,213 "137";
138 2 0 10,73 "138";
139 2 0 112,224 "139";
140 1 1 17,33 "140";
141 2 0 51,187 "141";
142 1 0 107,115 "142";
143 1 0 81,112 "143";
144 0 0 13,136 "144";
145 0 0 18,213 "145";
146 0 0 57,195 "146";
147 2 0 24,113 "147";
148 1 1 92,102 "148";
149 2 1 158,185 "149";
150 1 1 64,79 "150";
151 0 1 77,105 "151";
152 2 1 0,74 "152";
153 0 1 16,221 "153";
154 0 0 4,173 "154";
155 0 1 1,33 "155";
156 0 1 82,107 "156";
157 0 1 101,130 "157";
158 2 0 24,102 "158";
159 0 1 21,173 "159";
160 0 1 83,132 "160";
161 1 1 66,111 "161";
162 0 1 136,188 "162";
163 0 1 187,204 "163";
164 0 1 151,218 "164";
165 2 0 25,158 "165";
166 2 0 84,94 "166";
167 0 0 140,174 "167";
168 0 1 14,198 "168";
169 2 0 41,150 "169";
170 2 0 214,220 "170";
171 1 1 61,66 "171";
172 2 0 198,205 "172";
173 2 1 157,195 "173";
174 1 1 6,155 "174";
175 2 1 77,220 "175";
176 0 1 69,164 "176";
177 2 1 19,201 "177";
178 1 1 29,202 "178";
179 0 1 38,83 "179";
180 2 1 26,146 "180";
181 2 0 36,45 "181";
182 0 1 59,183 "182";
183 1 0 166,224 "183";
184 0 1 73,188 "184";
185 1 0 88,135 "185";
186 1 1 28,224 "186";
187 2 0 131,160 "187";
188 1 0 157,160 "188";
189 1 1 75,199 "189";
190 1 0 111,144 "190";
191 0 1 1,161 "191";
192 1 0 37,127 "192";
193 2 1 101,191 "193";
194 1 0 61,159 "194";
195 0 0 38,50 "195";
196 1 1 8,91 "196";
197 2 0 0,79 "197";
198 0 0 106,197 "198";
199 1 0 89,201 "199";
200 1 0 5,36 "200";
201 1 1 20,216 "201";
202 0 0 27,113 "202";
203 0 0 35,126 "203";
204 2 0 73,187 "204";
205 0 1 134,221 "205";
206 1 1 97,210 "206";
207 2 0 82,209 "207";
208 0 1 166,185 "208";
209 0 1 42,153 "209";
210 2 0 52,137 "210";
211 2 0 31,223 "211";
212 0 1 30,122 "212";
213 0 1 11,132 "213";
214 2 1 122,221 "214";
215 0 1 128,170 "215";
216 1 0 101,131 "216";
217 1 0 40,150 "217";
218 0 0 137,204 "218";
219 2 1 74,98 "219";
220 0 1 51,202 "220";
221 0 1 11,192 "221";
222 0 0 57,216 "222";
223 2 1 70,166 "223";
224 1 1 30,203 "224";
