parity 249;
0 0 1 102,235 "0";
1 1 0 225,233 "1";
2 1 1 118,178 "2";
3 1 1 188,239 "3";
4 2 1 22,120 "4";
5 0 0 56,132 "5";
6 2 1 29,180 "6";
7 2 1 51,187 "7";
8 2 1 82,163 "8";
9 0 0 79,242 "9";
10 1 1 22,230 "10";
11 1 1 116,158 "11";
12 1 0 11,67 "12";
13 0 0 14,137 "13";
14 2 0 71,232 "14";
15 2 1 111,209 "15";
16 0 1 79,80 "16";
17 0 1 13,166 "17";
18 0 0 79,220 "18";
19 2 0 15,144 "19";
20 0 0 61,214 "20";
21 0 1 3,198 "21";
22 2 1 133,236 "22";
23 2 1 98,145 "23";
24 1 0 12,215 "24";
25 2 0 54,86 "25";
26 0 1 43,231 "26";
27 2 1 82,238 "27";
28 1 1 9,147 "28";
29 0 1 19,69 "29";
30 1 1 43,156 "30";
31 1 1 16,114 "31";
32 1 1 8,179 "32";
33 2 0 71,224 "33";
34 2 0 153,219 "34";
35 1 1 18,234 "35";
36 1 0 89,97 "36";
37 0 1 59,79 "37";
38 1 0 58,153 "38";
39 1 1 184,199 "39";
40 0 1 36,86 "40";
41 0 1 110,174 "41";
42 0 0 33,170 "42";
43 2 1 110,224 "43";
44 0 1 94,171 "44";
45 0 1 102,224 "45";
46 2 1 8,37 "46";
47 2 0 72,174 "47";
48 0 1 60,166 "48";
49 2 0 135,244 "49";
50 1 0 56,106 "50";
51 2 0 159,228 "51";
52 1 1 149,214 "52";
53 0 0 166,241 "53";
54 2 0 56,140 "54";
55 1 1 15,57 "55";
56 1 1 86,126 "56";
57 1 1 105,196 "57";
58 1 0 20,106 "58";
59 2 0 31,226 "59";
60 0 0 190,234 "60";
61 1 1 86,89 "61";
62 0 0 24,32 "62";
63 2 1 157,222 "63";
64 1 0 11,131 "64";
65 2 0 63,139 "65";
66 1 0 39,47 "66";
67 0 0 178,197 "67";
68 2 0 155,220 "68";
69 2 0 229,233 "69";
70 1 1 0,75 "70";
71 1 1 97,222 "71";
72 1 0 1,103 "72";
73 0 1 149,196 "73";
74 2 1 127,130 "74";
75 0 0 83,212 "75";
76 0 1 16,139 "76";
77 0 0 104,138 "77";
78 2 1 125,180 "78";
79 1 0 87,146 "79";
80 0 0 76,129 "80";
81 1 1 53,125 "81";
82 0 0 220,238 "82";
83 1 1 118,239 "83";
84 0 1 38,69 "84";
85 0 1 193,240 "85";
86 2 0 90,118 "86";
87 0 0 141,192 "87";
88 0 0 74,133 "88";
89 1 0 47,201 "89";
90 1 0 123,167 "90";
91 1 0 34,238 "91";
92 1 0 69,241 "92";
93 0 0 129,182 "93";
94 1 1 88,201 "94";
95 0 0 206,237 "95";
96 2 1 156,170 "96";
97 0 0 91,146 "97";
98 1 1 11,16 "98";
99 2 0 188,224 "99";
100 0 0 214,248 "100";
101 0 1 77,199 "101";
102 0 1 157,231 "102";
103 1 1 104,107 "103";
104 0 1 112,142 "104";
105 2 1 27,123 "105";
106 1 0 168,172 "106";
107 2 0 72,114 "107";
108 0 0 36,73 "108";
109 0 0 3,85 "109";
110 2 1 115,236 "110";
111 0 1 48,88 "111";
112 2 1 163,246 "112";
113 0 1 224,238 "113";
114 0 1 107,171 "114";
115 1 1 114,136 "115";
116 1 1 146,231 "116";
117 2 1 150,188 "117";
118 1 0 145,204 "118";
119 1 0 15,248 "119";
120 0 1 5,209 "120";
121 2 1 0,14 "121";
122 2 0 77,202 "122";
123 1 1 113,179 "123";
124 1 1 133,247 "124";
125 1 0 73,116 "125";
126 0 0 41,212 "126";
127 0 1 9,244 "127";
128 0 1 15,227 "128";
129 0 1 63,100 "129";
130 1 0 200,230 "130";
131 2 0 60,89 "131";
132 2 0 113,180 "132";
133 1 0 129,179 "133";
134 0 0 58,197 "134";
135 2 0 164,176 "135";
136 2 0 221,242 "136";
137 0 0 69,198 "137";
138 2 1 75,153 "138";
139 2 0 82,113 "139";
140 0 1 46,184 "140";
141 2 1 77,156 "141";
142 1 0 21,61 "142";
143 1 1 85,127 "143";
144 2 1 80,137 "144";
145 2 0 22,109 "145";
146 2 0 65,74 "146";
147 0 0 65,70 "147";
148 0 0 33,91 "148";
149 2 1 150,162 "149";
150 1 0 193,218 "150";
151 1 1 68,112 "151";
152 2 0 24,197 "152";
153 2 1 4,126 "153";
154 1 1 11,161 "154";
155 1 1 42,231 "155";
156 0 0 52,105 "156";
157 0 0 177,185 "157";
158 2 1 61,121 "158";
159 1 1 62,121 "159";
160 1 0 139,210 "160";
161 1 1 10,60 "161";
162 1 1 57,174 "162";
163 0 0 130,197 "163";
164 2 0 214,221 "164";
165 0 1 31,84 "165";
166 0 0 157,195 "166";
167 0 0 79,116 "167";
168 1 0 159,203 "168";
169 2 1 63,226 "169";
170 1 0 33,69 "170";
171 2 1 102,224 "171";
172 0 0 152,205 "172";
173 0 0 5,8 "173";
174 1 1 9,195 "174";
175 2 0 28,198 "175";
176 0 0 33,68 "176";
177 0 0 11,139 "177";
178 1 1 223,233 "178";
179 0 1 174,217 "179";
180 2 0 137,243 "180";
181 1 0 189,199 "181";
182 0 0 29,225 "182";
183 1 1 41,62 "183";
184 0 1 34,231 "184";
185 2 1 193,226 "185";
186 2 1 155,239 "186";
187 0 1 133,225 "187";
188 1 1 8,173 "188";
189 1 0 24,126 "189";
190 0 0 132,210 "190";
191 2 0 113,224 "191";
192 0 1 104,159 "192";
193 0 1 76,109 "193";
194 2 1 48,235 "194";
195 0 1 106,226 "195";
196 1 1 4,45 "196";
197 1 0 23,213 "197";
198 0 1 14,102 "198";
199 1 1 52,201 "199";
200 0 1 40,234 "200";
201 2 0 152,191 "201";
202 1 0 117,178 "202";
203 2 0 95,104 "203";
204 0 0 40,91 "204";
205 0 1 8,185 "205";
206 1 1 58,77 "206";
207 1 1 152,236 "207";
208 0 1 108,222 "208";
209 2 0 0,205 "209";
210 1 1 92,221 "210";
211 2 1 16,197 "211";
212 0 0 213,230 "212";
213 0 0 222,239 "213";
214 0 0 35,205 "214";
215 2 0 90,111 "215";
216 0 1 123,214 "216";
217 0 1 220,224 "217";
218 2 1 155,199 "218";
219 0 0 81,192 "219";
220 1 1 128,243 "220";
221 0 1 170,246 "221";
222 2 0 129,198 "222";
223 2 0 26,168 "223";
224 1 0 25,145 "224";
225 1 1 58,228 "225";
226 2 0 51,196 "226";
227 2 1 48,88 "227";
228 0 0 9,104 "228";
229 0 0 86,193 "229";
230 1 0 61,75 "230";
231 2 1 154,202 "231";
232 1 0 24,118 "232";
233 2 1 35,247 "233";
234 2 1 96,177 "234";
235 1 0 64,231 "235";
236 1 1 7,87 "236";
237 1 0 4,25 "237";
238 2 0 111,128 "238";
239 0 1 106,238 "239";
240 1 0 40,141 "240";
241 0 0 14,139 "241";
242 2 0 30,209 "242";
243 2 0 35,110 "243";
244 2 0 92,120 "244";
245 2 1 150,166 "245";
246 1 0 23,91 "246";
247 2 1 21,99 "247";
248 1 0 2,118 "248";
249 0 1 146,153 "249";
