parity 214;
0 1 1 34,66 "0";
1 2 1 20,24 "1";
2 2 0 22,192 "2";
3 1 1 11,21 "3";
4 0 0 12,148 "4";
5 0 1 9,20 "5";
6 0 0 58,158 "6";
7 0 1 6,132 "7";
8 0 0 95,169 "8";
9 1 0 145,159 "9";
10 1 1 26,130 "10";
11 0 0 200,206 "11";
12 0 1 25,200 "12";
13 1 1 6,107 "13";
14 2 0 45,115 "14";
15 2 1 126,201 "15";
16 0 0 137,179 "16";
17 0 1 31,53 "17";
18 2 0 64,136 "18";
19 1 1 174,180 "19";
20 2 1 199,203 "20";
21 1 1 60,185 "21";
22 0 1 78,209 "22";
23 2 1 15,73 "23";
24 0 1 27,155 "24";
25 2 1 73,202 "25";
26 0 1 49,186 "26";
27 1 1 15,214 "27";
28 0 0 65,169 "28";
29 1 1 116,136 "29";
30 2 1 32,115 "30";
31 0 0 76,184 "31";
32 0 1 108,195 "32";
33 1 1 77,149 "33";
34 1 0 80,112 "34";
35 1 0 61,143 "35";
36 1 0 141,175 "36";
37 2 0 84,170 "37";
38 0 1 11,119 "38";
39 0 1 102,196 "39";
40 2 0 1,155 "40";
41 0 1 83,143 "41";
42 0 0 18,144 "42";
43 0 1 30,101 "43";
44 1 1 70,211 "44";
45 2 1 16,184 "45";
46 2 1 55,144 "46";
47 0 0 69,139 "47";
48 0 1 92,188 "48";
49 2 0 57,98 "49";
50 2 1 80,171 "50";
51 0 1 28,171 "51";
52 2 0 129,138 "52";
53 0 0 72,190 "53";
54 1 1 158,192 "54";
55 0 1 45,94 "55";
56 2 0 139,152 "56";
57 2 1 80,114 "57";
58 2 0 106,198 "58";
59 0 0 135,168 "59";
60 0 0 0,189 "60";
61 2 1 33,62 "61";
62 2 0 15,85 "62";
63 0 0 35,97 "63";
64 1 0 15,204 "64";
65 1 1 20,96 "65";
66 2 0 47,68 "66";
67 1 0 195,200 "67";
68 1 1 129,164 "68";
69 2 0 184,202 "69";
70 0 1 61,92 "70";
71 2 1 95,179 "71";
72 2 1 37,82 "72";
73 1 1 149,211 "73";
74 1 1 72,203 "74";
75 0 0 106,174 "75";
76 1 0 82,111 "76";
77 2 1 30,154 "77";
78 2 1 22,202 "78";
79 0 1 98,128 "79";
80 1 1 52,99 "80";
81 1 1 164,197 "81";
82 0 0 113,131 "82";
83 2 0 19,133 "83";
84 2 0 5,198 "84";
85 0 0 57,200 "85";
86 0 1 113,135 "86";
87 2 0 31,60 "87";
88 2 0 68,170 "88";
89 2 0 27,63 "89";
90 0 0 11,89 "90";
91 0 1 130,156 "91";
92 0 1 3,201 "92";
93 1 1 55,173 "93";
94 0 0 87,189 "94";
95 0 1 106,134 "95";
96 2 0 38,197 "96";
97 1 1 9,50 "97";
98 2 0 17,42 "98";
99 0 1 6,125 "99";
100 0 1 41,151 "100";
101 1 1 48,118 "101";
102 1 0 192,194 "102";
103 0 1 72,136 "103";
104 1 0 4,123 "104";
105 0 1 102,144 "105";
106 2 0 29,83 "106";
107 1 0 30,116 "107";
108 0 0 1,151 "108";
109 1 1 13,213 "109";
110 2 1 36,203 "110";
111 0 0 11,202 "111";
112 0 0 54,133 "112";
113 1 0 2,178 "113";
114 2 0 136,175 "114";
115 2 1 5,136 "115";
116 1 1 79,214 "116";
117 0 0 31,94 "117";
118 1 1 70,92 "118";
119 1 0 23,113 "119";
120 1 0 172,189 "120";
121 2 0 41,176 "121";
122 0 0 66,152 "122";
123 1 1 85,208 "123";
124 0 0 93,176 "124";
125 0 0 67,192 "125";
126 2 1 17,22 "126";
127 0 0 55,175 "127";
128 1 0 30,166 "128";
129 0 0 18,64 "129";
130 0 0 83,197 "130";
131 1 1 57,128 "131";
132 1 0 62,170 "132";
133 2 1 30,214 "133";
134 1 1 36,110 "134";
135 0 0 20,70 "135";
136 0 1 59,166 "136";
137 0 0 145,162 "137";
138 2 0 37,79 "138";
139 0 1 8,153 "139";
140 2 1 81,110 "140";
141 1 1 51,127 "141";
142 2 1 8,130 "142";
143 2 1 39,132 "143";
144 2 0 94,109 "144";
145 1 0 44,123 "145";
146 2 0 38,60 "146";
147 1 0 94,141 "147";
148 2 1 60,130 "148";
149 2 0 76,128 "149";
150 2 0 62,156 "150";
151 1 1 138,205 "151";
152 2 0 19,120 "152";
153 2 0 57,186 "153";
154 2 0 47,165 "154";
155 1 1 22,71 "155";
156 0 1 5,16 "156";
157 2 1 131,178 "157";
158 0 1 0,166 "158";
159 1 0 153,158 "159";
160 2 0 26,203 "160";
161 2 0 11,64 "161";
162 1 1 117,146 "162";
163 1 0 4,151 "163";
164 0 0 130,162 "164";
165 2 0 54,206 "165";
166 1 1 39,133 "166";
167 0 1 197,202 "167";
168 1 1 68,109 "168";
169 1 1 55,127 "169";
170 0 1 101,154 "170";
171 1 0 64,204 "171";
172 1 1 50,56 "172";
173 0 1 9,140 "173";
174 2 1 5,198 "174";
175 0 1 52,187 "175";
176 0 0 144,160 "176";
177 0 0 105,164 "177";
178 1 1 34,43 "178";
179 2 0 126,157 "179";
180 2 0 49,110 "180";
181 0 0 62,133 "181";
182 0 1 148,174 "182";
183 0 0 51,123 "183";
184 0 0 100,166 "184";
185 1 0 131,132 "185";
186 0 0 21,105 "186";
187 2 0 8,186 "187";
188 2 0 187,208 "188";
189 2 1 2,145 "189";
190 0 0 43,67 "190";
191 2 1 149,182 "191";
192 2 1 5,167 "192";
193 0 0 65,120 "193";
194 2 1 39,116 "194";
195 2 0 96,170 "195";
196 2 1 26,107 "196";
197 0 0 66,112 "197";
198 1 0 190,207 "198";
199 0 0 2,151 "199";
200 0 1 41,59 "200";
201 2 0 121,189 "201";
202 0 0 134,176 "202";
203 1 1 141,183 "203";
204 0 1 15,58 "204";
205 1 0 54,175 "205";
206 2 1 154,186 "206";
207 2 1 33,204 "207";
208 1 0 53,155 "208";
209 2 1 28,69 "209";
210 0 0 17,171 "210";
211 0 1 4,91 "211";
212 2 0 65,94 "212";
213 2 1 204,209 "213";
214 0 0 70,195 "214";
