parity 214;
0 1 1 18,76 "0";
1 2 1 75,203 "1";
2 0 1 17,120 "2";
3 0 1 1,153 "3";
4 0 1 151,204 "4";
5 1 1 78,177 "5";
6 1 0 192,209 "6";
7 2 1 127,141 "7";
8 0 0 20,208 "8";
9 1 0 25,127 "9";
10 2 1 46,126 "10";
11 0 1 159,180 "11";
12 0 0 69,203 "12";
13 2 0 150,155 "13";
14 0 1 21,151 "14";
15 2 0 13,181 "15";
16 1 1 10,124 "16";
17 0 0 66,96 "17";
18 2 1 37,70 "18";
19 2 1 61,144 "19";
20 0 1 46,63 "20";
21 1 1 184,214 "21";
22 2 1 169,173 "22";
23 2 0 151,164 "23";
24 2 0 64,132 "24";
25 0 0 31,204 "25";
26 2 1 30,182 "26";
27 0 1 24,94 "27";
28 1 1 23,107 "28";
29 1 1 125,188 "29";
30 0 0 48,116 "30";
31 0 0 30,93 "31";
32 0 0 26,29 "32";
33 0 0 159,194 "33";
34 2 1 55,138 "34";
35 2 1 51,165 "35";
36 0 0 91,160 "36";
37 2 0 39,212 "37";
38 2 1 27,193 "38";
39 0 0 182,198 "39";
40 1 0 110,212 "40";
41 1 0 86,166 "41";
42 2 0 80,92 "42";
43 0 0 23,190 "43";
44 0 0 80,141 "44";
45 0 1 158,161 "45";
46 0 0 67,71 "46";
47 1 1 64,154 "47";
48 1 0 38,200 "48";
49 0 1 7,52 "49";
50 2 0 16,132 "50";
51 2 0 27,55 "51";
52 2 0 140,160 "52";
53 0 1 42,155 "53";
54 2 0 13,201 "54";
55 2 0 46,88 "55";
56 2 0 59,200 "56";
57 2 0 4,98 "57";
58 2 0 98,150 "58";
59 2 0 27,68 "59";
60 0 0 106,160 "60";
61 2 0 73,186 "61";
62 0 0 3,21 "62";
63 1 1 65,145 "63";
64 1 0 73,212 "64";
65 0 1 143,203 "65";
66 1 1 67,193 "66";
67 0 0 57,142 "67";
68 0 0 67,101 "68";
69 0 0 162,170 "69";
70 0 1 100,169 "70";
71 1 0 88,93 "71";
72 0 1 37,157 "72";
73 0 0 157,162 "73";
74 0 0 78,121 "74";
75 0 1 74,96 "75";
76 0 1 102,157 "76";
77 2 0 100,193 "77";
78 2 0 97,123 "78";
79 0 1 76,166 "79";
80 2 1 93,149 "80";
81 2 0 36,104 "81";
82 0 0 98,126 "82";
83 2 0 45,64 "83";
84 2 0 43,107 "84";
85 1 0 105,145 "85";
86 1 1 66,76 "86";
87 2 1 41,102 "87";
88 2 0 6,12 "88";
89 0 0 185,197 "89";
90 2 0 145,180 "90";
91 1 0 20,201 "91";
92 1 0 77,188 "92";
93 0 0 139,160 "93";
94 1 1 159,175 "94";
95 1 0 117,149 "95";
96 0 1 35,52 "96";
97 1 1 43,96 "97";
98 0 1 73,88 "98";
99 0 0 103,171 "99";
100 2 1 38,112 "100";
101 0 1 22,82 "101";
102 2 1 37,214 "102";
103 0 1 29,157 "103";
104 1 1 12,68 "104";
105 0 1 62,190 "105";
106 2 1 44,101 "106";
107 2 1 114,181 "107";
108 1 0 3,66 "108";
109 0 0 15,104 "109";
110 0 0 23,138 "110";
111 0 0 13,170 "111";
112 1 1 90,110 "112";
113 1 1 27,152 "113";
114 0 0 31,95 "114";
115 1 1 56,117 "115";
116 1 0 132,200 "116";
117 1 0 122,200 "117";
118 2 1 172,199 "118";
119 2 1 30,102 "119";
120 2 0 100,170 "120";
121 0 1 168,203 "121";
122 1 0 53,123 "122";
123 1 0 148,199 "123";
124 1 0 108,119 "124";
125 0 0 62,105 "125";
126 1 1 107,125 "126";
127 0 0 61,125 "127";
128 0 1 29,156 "128";
129 0 0 40,172 "129";
130 2 1 122,150 "130";
131 0 1 17,166 "131";
132 2 0 95,99 "132";
133 2 1 90,179 "133";
134 0 0 139,199 "134";
135 1 0 36,66 "135";
136 2 1 13,53 "136";
137 0 0 75,141 "137";
138 0 0 68,212 "138";
139 2 1 119,203 "139";
140 2 1 24,80 "140";
141 0 1 53,94 "141";
142 2 1 45,193 "142";
143 0 1 144,153 "143";
144 0 1 83,105 "144";
145 1 1 126,186 "145";
146 0 0 53,82 "146";
147 2 0 66,103 "147";
148 0 1 29,118 "148";
149 2 1 54,129 "149";
150 0 1 10,69 "150";
151 0 1 113,210 "151";
152 1 1 83,125 "152";
153 0 0 80,102 "153";
154 2 1 47,72 "154";
155 1 0 36,138 "155";
156 1 1 103,113 "156";
157 1 1 131,168 "157";
158 1 1 187,192 "158";
159 2 0 22,40 "159";
160 0 0 116,201 "160";
161 0 1 45,170 "161";
162 0 0 14,17 "162";
163 2 0 1,117 "163";
164 0 1 48,54 "164";
165 0 0 22,193 "165";
166 2 0 96,163 "166";
167 0 1 114,149 "167";
168 0 0 177,182 "168";
169 1 1 93,149 "169";
170 1 1 87,176 "170";
171 1 1 8,89 "171";
172 0 1 51,154 "172";
173 1 0 39,102 "173";
174 0 1 86,121 "174";
175 0 1 110,161 "175";
176 2 0 61,104 "176";
177 2 1 37,213 "177";
178 1 1 39,212 "178";
179 2 1 11,69 "179";
180 2 1 91,123 "180";
181 0 1 84,157 "181";
182 1 0 20,102 "182";
183 2 0 49,118 "183";
184 1 1 2,79 "184";
185 1 0 97,154 "185";
186 2 1 110,150 "186";
187 0 0 3,146 "187";
188 2 0 47,68 "188";
189 2 1 62,115 "189";
190 2 1 77,194 "190";
191 0 0 62,68 "191";
192 0 1 1,203 "192";
193 0 1 23,103 "193";
194 2 0 25,60 "194";
195 1 0 71,141 "195";
196 2 0 83,211 "196";
197 0 0 177,206 "197";
198 2 1 133,181 "198";
199 1 1 58,136 "199";
200 1 0 73,174 "200";
201 1 1 50,118 "201";
202 1 0 74,181 "202";
203 1 1 181,207 "203";
204 0 0 166,205 "204";
205 0 1 10,70 "205";
206 2 0 122,180 "206";
207 1 1 29,110 "207";
208 0 0 38,138 "208";
209 2 1 14,102 "209";
210 2 0 11,194 "210";
211 1 1 92,104 "211";
212 1 1 16,80 "212";
213 1 0 66,210 "213";
214 0 0 129,190 "214";
