parity 234;
0 0 1 60,201 "0";
1 1 1 63,80 "1";
2 2 1 143,153 "2";
3 1 0 49,59 "3";
4 0 1 18,168 "4";
5 1 0 187,188 "5";
6 2 0 46,50 "6";
7 0 0 193,224 "7";
8 0 0 111,207 "8";
9 2 1 36,162 "9";
10 2 0 56,174 "10";
11 2 1 151,204 "11";
12 0 1 62,125 "12";
13 0 1 96,101 "13";
14 2 0 21,126 "14";
15 1 1 94,232 "15";
16 1 1 124,175 "16";
17 2 1 18,73 "17";
18 0 1 20,52 "18";
19 2 0 4,207 "19";
20 0 1 47,161 "20";
21 1 1 51,141 "21";
22 1 0 64,90 "22";
23 1 1 193,198 "23";
24 0 1 101,120 "24";
25 1 0 24,87 "25";
26 0 1 42,139 "26";
27 2 1 30,35 "27";
28 2 0 76,80 "28";
29 2 0 11,220 "29";
30 0 1 71,184 "30";
31 1 1 11,104 "31";
32 1 1 92,163 "32";
33 1 1 122,209 "33";
34 2 0 35,232 "34";
35 0 1 27,103 "35";
36 1 1 179,206 "36";
37 2 0 4,88 "37";
38 1 1 85,192 "38";
39 0 1 53,217 "39";
40 2 1 8,184 "40";
41 2 1 98,209 "41";
42 2 1 96,191 "42";
43 1 0 157,177 "43";
44 2 0 12,205 "44";
45 0 1 14,85 "45";
46 1 1 20,50 "46";
47 0 1 30,178 "47";
48 2 1 20,101 "48";
49 1 1 64,113 "49";
50 0 0 65,197 "50";
51 1 1 92,144 "51";
52 0 0 48,119 "52";
53 0 1 106,219 "53";
54 1 1 49,197 "54";
55 0 1 33,91 "55";
56 1 1 151,211 "56";
57 1 0 80,190 "57";
58 2 0 83,226 "58";
59 0 1 6,206 "59";
60 2 0 43,160 "60";
61 1 0 152,164 "61";
62 1 1 6,100 "62";
63 2 1 94,196 "63";
64 1 0 23,68 "64";
65 2 0 10,201 "65";
66 2 1 77,210 "66";
67 1 0 82,140 "67";
68 0 0 53,144 "68";
69 0 1 52,84 "69";
70 0 0 214,229 "70";
71 2 1 144,170 "71";
72 1 0 125,208 "72";
73 1 1 88,155 "73";
74 1 0 104,138 "74";
75 0 0 41,118 "75";
76 1 1 61,179 "76";
77 1 1 27,219 "77";
78 2 0 110,211 "78";
79 0 1 116,208 "79";
80 0 1 150,220 "80";
81 0 1 33,91 "81";
82 1 0 203,231 "82";
83 0 1 152,169 "83";
84 2 1 63,142 "84";
85 2 1 140,218 "85";
86 1 1 30,33 "86";
87 1 1 3,34 "87";
88 2 0 100,188 "88";
89 2 1 41,234 "89";
90 0 0 94,115 "90";
91 1 1 123,196 "91";
92 2 0 63,154 "92";
93 2 1 115,232 "93";
94 0 1 15,206 "94";
95 1 1 60,125 "95";
96 2 0 76,220 "96";
97 1 0 223,224 "97";
98 1 0 183,187 "98";
99 1 1 65,142 "99";
100 1 0 10,199 "100";
101 2 1 1,125 "101";
102 1 1 106,227 "102";
103 2 0 52,94 "103";
104 0 1 180,210 "104";
105 1 1 156,228 "105";
106 1 1 24,197 "106";
107 0 0 25,201 "107";
108 0 0 62,216 "108";
109 1 1 43,82 "109";
110 2 0 40,87 "110";
111 1 0 1,179 "111";
112 2 0 44,196 "112";
113 1 0 131,231 "113";
114 1 0 106,113 "114";
115 1 1 25,231 "115";
116 2 0 6,30 "116";
117 0 0 44,201 "117";
118 2 0 8,143 "118";
119 2 0 176,212 "119";
120 2 1 150,169 "120";
121 1 0 36,180 "121";
122 0 1 3,31 "122";
123 1 1 5,114 "123";
124 2 1 27,39 "124";
125 0 0 54,170 "125";
126 2 1 155,192 "126";
127 0 1 185,217 "127";
128 1 0 113,204 "128";
129 0 1 119,155 "129";
130 2 0 2,180 "130";
131 1 1 3,83 "131";
132 1 0 160,192 "132";
133 1 1 12,188 "133";
134 2 0 116,168 "134";
135 2 0 178,191 "135";
136 1 0 16,232 "136";
137 1 1 153,195 "137";
138 2 1 110,117 "138";
139 0 0 21,155 "139";
140 0 1 52,147 "140";
141 2 1 157,181 "141";
142 0 0 50,97 "142";
143 1 1 7,108 "143";
144 0 0 43,127 "144";
145 0 1 135,190 "145";
146 1 1 101,109 "146";
147 1 0 120,155 "147";
148 1 1 8,166 "148";
149 0 1 28,118 "149";
150 0 0 140,196 "150";
151 0 0 5,152 "151";
152 2 1 52,150 "152";
153 0 0 31,218 "153";
154 2 1 36,55 "154";
155 1 1 62,156 "155";
156 2 0 7,43 "156";
157 2 1 16,133 "157";
158 2 1 30,70 "158";
159 2 1 14,40 "159";
160 2 1 170,213 "160";
161 1 1 21,141 "161";
162 0 1 12,173 "162";
163 0 1 70,184 "163";
164 1 1 11,62 "164";
165 1 1 50,218 "165";
166 0 0 130,209 "166";
167 0 1 17,184 "167";
168 1 1 188,208 "168";
169 1 0 117,140 "169";
170 0 1 98,128 "170";
171 2 1 86,153 "171";
172 2 0 77,228 "172";
173 0 0 29,209 "173";
174 1 0 153,184 "174";
175 1 1 128,210 "175";
176 2 0 175,185 "176";
177 2 1 32,218 "177";
178 1 0 24,130 "178";
179 0 1 86,162 "179";
180 1 1 86,211 "180";
181 1 1 34,72 "181";
182 2 1 26,103 "182";
183 0 1 23,71 "183";
184 2 0 71,157 "184";
185 2 0 6,218 "185";
186 0 1 97,105 "186";
187 1 1 119,211 "187";
188 0 1 9,199 "188";
189 0 0 26,93 "189";
190 0 1 46,234 "190";
191 2 0 29,70 "191";
192 0 0 149,169 "192";
193 2 0 121,221 "193";
194 2 0 146,222 "194";
195 1 0 134,183 "195";
196 2 1 52,56 "196";
197 2 1 45,132 "197";
198 0 0 123,217 "198";
199 2 1 125,131 "199";
200 1 1 5,224 "200";
201 0 0 67,134 "201";
202 2 0 124,213 "202";
203 0 0 210,215 "203";
204 1 0 156,200 "204";
205 2 1 112,186 "205";
206 2 0 141,172 "206";
207 1 1 117,151 "207";
208 2 1 107,160 "208";
209 1 0 97,122 "209";
210 1 1 51,172 "210";
211 2 1 166,189 "211";
212 1 1 39,101 "212";
213 0 0 6,42 "213";
214 0 1 37,138 "214";
215 1 0 87,143 "215";
216 2 0 48,131 "216";
217 2 0 3,103 "217";
218 1 1 4,216 "218";
219 2 0 65,114 "219";
220 0 1 131,135 "220";
221 1 1 41,194 "221";
222 0 0 85,136 "222";
223 1 1 42,225 "223";
224 1 1 43,186 "224";
225 0 1 168,201 "225";
226 0 0 216,231 "226";
227 0 0 54,90 "227";
228 2 1 4,76 "228";
229 2 1 14,206 "229";
230 2 1 65,199 "230";
231 0 1 7,70 "231";
232 1 1 24,190 "232";
233 2 0 47,140 "233";
234 2 1 115,144 "234";
