parity 244;
0 2 0 56,96 "0";
1 2 0 110,184 "1";
2 1 0 94,194 "2";
3 0 0 109,203 "3";
4 0 0 43,196 "4";
5 2 0 239,243 "5";
6 1 0 66,98 "6";
7 2 0 97,136 "7";
8 1 0 68,232 "8";
9 0 0 20,61 "9";
10 2 0 86,198 "10";
11 1 1 54,106 "11";
12 1 1 36,159 "12";
13 2 1 6,85 "13";
14 2 0 176,218 "14";
15 2 1 30,63 "15";
16 2 0 4,39 "16";
17 0 1 159,171 "17";
18 2 1 100,181 "18";
19 1 0 128,238 "19";
20 0 0 33,161 "20";
21 2 0 115,219 "21";
22 1 1 147,242 "22";
23 2 1 40,194 "23";
24 2 0 19,92 "24";
25 0 0 60,100 "25";
26 2 0 67,76 "26";
27 2 1 11,68 "27";
28 0 0 12,21 "28";
29 2 1 28,139 "29";
30 1 1 173,187 "30";
31 0 0 146,221 "31";
32 0 1 35,88 "32";
33 1 1 27,214 "33";
34 1 1 26,61 "34";
35 1 1 21,138 "35";
36 1 1 57,92 "36";
37 2 1 69,213 "37";
38 2 1 187,243 "38";
39 1 1 129,228 "39";
40 2 0 74,165 "40";
41 2 1 39,189 "41";
42 1 0 101,123 "42";
43 0 0 42,104 "43";
44 1 1 45,58 "44";
45 2 0 42,210 "45";
46 1 0 56,231 "46";
47 2 0 114,125 "47";
48 2 1 74,159 "48";
49 0 1 75,121 "49";
50 1 0 173,190 "50";
51 1 0 198,219 "51";
52 1 0 25,222 "52";
53 2 1 5,82 "53";
54 1 1 21,220 "54";
55 1 0 136,177 "55";
56 1 1 162,232 "56";
57 1 1 9,143 "57";
58 1 1 18,102 "58";
59 1 0 105,164 "59";
60 1 0 49,157 "60";
61 0 0 138,155 "61";
62 0 1 163,226 "62";
63 1 1 167,186 "63";
64 0 0 99,125 "64";
65 1 0 3,127 "65";
66 0 1 88,144 "66";
67 2 0 70,215 "67";
68 1 1 17,106 "68";
69 2 0 41,218 "69";
70 1 0 16,133 "70";
71 2 1 65,143 "71";
72 2 0 52,121 "72";
73 1 1 50,66 "73";
74 2 0 117,120 "74";
75 2 1 71,162 "75";
76 2 1 178,232 "76";
77 0 1 62,243 "77";
78 1 0 18,180 "78";
79 1 1 0,84 "79";
80 2 0 137,161 "80";
81 0 1 48,98 "81";
82 2 1 75,216 "82";
83 1 1 103,205 "83";
84 0 1 11,159 "84";
85 2 1 45,207 "85";
86 2 1 53,244 "86";
87 2 1 83,85 "87";
88 2 0 82,214 "88";
89 2 0 37,153 "89";
90 2 0 169,184 "90";
91 2 1 23,51 "91";
92 1 1 91,138 "92";
93 0 0 5,192 "93";
94 2 1 42,186 "94";
95 0 1 148,156 "95";
96 2 0 64,132 "96";
97 2 1 166,217 "97";
98 1 0 20,50 "98";
99 2 0 5,175 "99";
100 1 1 173,223 "100";
101 1 1 86,118 "101";
102 1 1 115,187 "102";
103 0 0 39,199 "103";
104 2 0 60,145 "104";
105 2 1 61,72 "105";
106 2 1 173,184 "106";
107 0 0 3,238 "107";
108 1 1 107,219 "108";
109 2 1 59,224 "109";
110 1 0 49,156 "110";
111 1 0 16,140 "111";
112 1 0 99,116 "112";
113 1 1 195,198 "113";
114 1 1 17,81 "114";
115 0 0 123,164 "115";
116 1 0 5,201 "116";
117 2 0 34,75 "117";
118 2 0 100,103 "118";
119 1 0 58,187 "119";
120 1 0 0,230 "120";
121 2 0 73,106 "121";
122 2 1 26,234 "122";
123 0 1 34,151 "123";
124 0 1 24,54 "124";
125 0 1 48,90 "125";
126 1 1 127,213 "126";
127 1 1 61,190 "127";
128 0 1 43,61 "128";
129 2 1 8,134 "129";
130 1 0 52,83 "130";
131 2 1 37,75 "131";
132 2 0 99,201 "132";
133 0 0 77,179 "133";
134 2 0 77,205 "134";
135 0 0 31,226 "135";
136 0 0 100,104 "136";
137 0 1 4,95 "137";
138 2 1 161,202 "138";
139 2 0 173,228 "139";
140 1 1 57,113 "140";
141 2 0 15,154 "141";
142 2 0 114,179 "142";
143 0 0 49,225 "143";
144 1 0 216,225 "144";
145 1 0 6,95 "145";
146 2 0 143,203 "146";
147 1 1 59,116 "147";
148 1 1 209,240 "148";
149 1 1 185,231 "149";
150 0 0 106,200 "150";
151 2 1 144,153 "151";
152 2 0 110,180 "152";
153 0 0 227,238 "153";
154 2 1 44,217 "154";
155 0 0 58,166 "155";
156 0 0 202,241 "156";
157 0 1 133,137 "157";
158 0 1 6,140 "158";
159 0 0 37,109 "159";
160 0 1 136,203 "160";
161 0 1 100,103 "161";
162 2 0 5,238 "162";
163 0 1 92,101 "163";
164 0 1 222,244 "164";
165 2 1 89,153 "165";
166 0 1 146,220 "166";
167 1 1 82,148 "167";
168 0 0 171,229 "168";
169 2 0 85,128 "169";
170 2 1 15,140 "170";
171 2 1 47,66 "171";
172 1 0 77,194 "172";
173 1 1 75,167 "173";
174 2 1 19,121 "174";
175 2 0 32,217 "175";
176 0 1 137,190 "176";
177 2 0 179,213 "177";
178 2 1 32,97 "178";
179 1 0 26,241 "179";
180 0 0 51,220 "180";
181 2 1 136,241 "181";
182 0 0 0,82 "182";
183 1 1 12,229 "183";
184 0 1 188,198 "184";
185 0 0 134,139 "185";
186 1 1 36,206 "186";
187 2 1 209,224 "187";
188 0 1 57,113 "188";
189 1 0 35,81 "189";
190 1 0 130,184 "190";
191 0 0 189,223 "191";
192 1 0 97,156 "192";
193 2 0 46,157 "193";
194 0 0 5,215 "194";
195 1 0 40,233 "195";
196 2 1 21,191 "196";
197 2 0 103,145 "197";
198 2 1 98,135 "198";
199 1 1 59,125 "199";
200 0 0 163,175 "200";
201 0 0 8,225 "201";
202 2 1 136,226 "202";
203 1 1 87,193 "203";
204 1 1 80,145 "204";
205 0 0 171,184 "205";
206 1 1 165,242 "206";
207 0 1 29,241 "207";
208 2 1 84,155 "208";
209 2 0 68,84 "209";
210 0 0 139,211 "210";
211 0 1 102,218 "211";
212 2 0 202,236 "212";
213 2 0 194,223 "213";
214 0 1 184,243 "214";
215 0 0 58,233 "215";
216 2 1 190,240 "216";
217 1 1 59,218 "217";
218 0 0 77,141 "218";
219 0 1 124,199 "219";
220 2 0 8,114 "220";
221 1 1 127,141 "221";
222 0 1 73,139 "222";
223 2 0 43,54 "223";
224 1 0 118,182 "224";
225 1 1 74,197 "225";
226 0 1 155,166 "226";
227 2 1 135,240 "227";
228 1 1 23,133 "228";
229 2 0 46,210 "229";
230 0 1 26,152 "230";
231 2 0 187,227 "231";
232 0 0 138,230 "232";
233 1 1 118,223 "233";
234 2 1 47,77 "234";
235 2 1 131,165 "235";
236 0 0 68,127 "236";
237 0 0 93,139 "237";
238 1 1 137,211 "238";
239 0 1 54,97 "239";
240 1 1 13,15 "240";
241 1 0 39,113 "241";
242 1 1 70,183 "242";
243 1 0 77,113 "243";
244 2 1 65,117 "244";
