parity 274;
0 1 1 100,229 "0";
1 2 1 117,149 "1";
2 2 0 179,212 "2";
3 2 0 220,228 "3";
4 0 1 10,46 "4";
5 2 0 47,191 "5";
6 1 0 209,210 "6";
7 1 1 154,182 "7";
8 0 0 139,153 "8";
9 0 0 101,273 "9";
10 0 1 74,125 "10";
11 1 1 80,189 "11";
12 2 0 261,262 "12";
13 0 0 16,119 "13";
14 1 0 34,143 "14";
15 2 0 81,101 "15";
16 0 1 76,107 "16";
17 0 0 59,161 "17";
18 1 1 77,127 "18";
19 2 0 70,91 "19";
20 1 0 76,119 "20";
21 0 1 173,205 "21";
22 0 1 91,124 "22";
23 0 1 52,84 "23";
24 2 0 144,180 "24";
25 1 1 49,104 "25";
26 0 1 198,230 "26";
27 0 1 36,221 "27";
28 1 1 181,224 "28";
29 2 0 64,137 "29";
30 0 0 138,234 "30";
31 0 0 60,186 "31";
32 0 1 86,129 "32";
33 2 1 37,176 "33";
34 1 0 241,254 "34";
35 2 0 41,184 "35";
36 0 0 46,241 "36";
37 2 1 107,110 "37";
38 1 1 121,129 "38";
39 1 1 17,131 "39";
40 2 0 43,160 "40";
41 0 1 53,79 "41";
42 2 1 105,135 "42";
43 2 0 212,235 "43";
44 2 0 100,158 "44";
45 0 0 32,162 "45";
46 2 0 135,152 "46";
47 1 0 18,258 "47";
48 2 1 178,201 "48";
49 1 0 29,269 "49";
50 0 1 174,198 "50";
51 1 0 203,230 "51";
52 0 1 164,222 "52";
53 0 1 88,187 "53";
54 2 1 96,252 "54";
55 2 0 129,179 "55";
56 0 0 229,242 "56";
57 1 1 25,48 "57";
58 2 1 104,176 "58";
59 1 1 90,268 "59";
60 0 1 3,246 "60";
61 2 1 13,225 "61";
62 0 0 106,135 "62";
63 1 0 157,212 "63";
64 2 0 127,162 "64";
65 2 1 58,90 "65";
66 2 0 68,169 "66";
67 0 1 33,116 "67";
68 2 0 42,160 "68";
69 0 1 54,58 "69";
70 0 1 186,228 "70";
71 0 1 117,240 "71";
72 1 1 110,118 "72";
73 0 0 47,140 "73";
74 2 0 43,190 "74";
75 0 0 68,182 "75";
76 2 1 240,252 "76";
77 2 0 139,185 "77";
78 1 0 115,161 "78";
79 2 1 62,143 "79";
80 0 0 36,97 "80";
81 1 0 190,245 "81";
82 1 1 141,189 "82";
83 0 0 55,192 "83";
84 2 1 189,252 "84";
85 2 0 117,252 "85";
86 0 1 60,213 "86";
87 1 0 73,158 "87";
88 2 0 33,122 "88";
89 1 1 110,216 "89";
90 0 0 119,124 "90";
91 2 1 88,153 "91";
92 1 1 242,251 "92";
93 0 0 65,151 "93";
94 1 0 37,129 "94";
95 1 1 24,100 "95";
96 1 1 93,101 "96";
97 1 1 2,90 "97";
98 1 0 70,126 "98";
99 0 0 98,188 "99";
100 1 0 4,227 "100";
101 0 0 215,218 "101";
102 2 1 57,183 "102";
103 2 0 176,189 "103";
104 0 1 77,157 "104";
105 1 0 160,220 "105";
106 1 1 186,247 "106";
107 2 1 40,42 "107";
108 1 0 147,225 "108";
109 0 0 110,237 "109";
110 0 1 112,260 "110";
111 0 1 159,208 "111";
112 2 1 125,151 "112";
113 2 0 18,160 "113";
114 1 0 138,216 "114";
115 1 0 265,269 "115";
116 2 0 80,183 "116";
117 2 0 54,231 "117";
118 1 1 112,127 "118";
119 2 0 61,101 "119";
120 2 1 93,178 "120";
121 2 1 105,150 "121";
122 1 1 13,67 "122";
123 2 1 16,137 "123";
124 1 1 0,272 "124";
125 1 1 135,196 "125";
126 1 1 84,206 "126";
127 0 0 114,230 "127";
128 0 0 67,113 "128";
129 0 1 67,262 "129";
130 2 1 100,123 "130";
131 2 0 33,193 "131";
132 2 1 36,192 "132";
133 2 1 43,117 "133";
134 2 0 5,65 "134";
135 2 1 64,227 "135";
136 1 0 174,258 "136";
137 2 1 209,213 "137";
138 1 1 0,82 "138";
139 0 0 46,240 "139";
140 0 0 59,203 "140";
141 0 0 193,263 "141";
142 0 1 207,210 "142";
143 1 0 234,246 "143";
144 2 0 38,117 "144";
145 0 0 29,42 "145";
146 0 1 59,267 "146";
147 1 1 148,177 "147";
148 0 0 133,147 "148";
149 2 0 28,42 "149";
150 0 0 84,268 "150";
151 0 1 5,180 "151";
152 0 0 190,223 "152";
153 2 0 16,227 "153";
154 1 0 40,114 "154";
155 0 0 144,179 "155";
156 0 0 12,23 "156";
157 2 1 1,65 "157";
158 0 1 59,230 "158";
159 2 1 34,253 "159";
160 1 1 90,115 "160";
161 1 0 111,263 "161";
162 0 1 16,127 "162";
163 1 1 191,259 "163";
164 2 0 242,246 "164";
165 2 0 18,141 "165";
166 2 1 162,260 "166";
167 0 0 69,249 "167";
168 2 1 16,41 "168";
169 1 1 43,163 "169";
170 1 0 27,213 "170";
171 1 1 169,232 "171";
172 2 0 8,87 "172";
173 2 0 93,101 "173";
174 1 0 163,232 "174";
175 2 1 69,131 "175";
176 1 0 128,256 "176";
177 0 0 90,158 "177";
178 0 0 13,193 "178";
179 1 1 109,212 "179";
180 0 0 48,143 "180";
181 1 0 68,204 "181";
182 2 1 85,105 "182";
183 1 0 179,253 "183";
184 2 1 126,229 "184";
185 0 1 103,119 "185";
186 0 0 27,118 "186";
187 2 1 81,184 "187";
188 0 0 130,245 "188";
189 1 1 32,202 "189";
190 0 0 171,231 "190";
191 2 0 179,262 "191";
192 2 1 31,206 "192";
193 0 1 102,120 "193";
194 0 1 149,232 "194";
195 2 0 88,261 "195";
196 0 1 59,114 "196";
197 2 0 25,234 "197";
198 2 1 39,51 "198";
199 2 1 185,251 "199";
200 0 0 10,158 "200";
201 2 0 195,263 "201";
202 0 1 36,56 "202";
203 1 0 56,102 "203";
204 0 0 41,142 "204";
205 2 1 87,272 "205";
206 2 1 20,271 "206";
207 0 0 32,258 "207";
208 2 0 123,225 "208";
209 2 1 60,152 "209";
210 1 1 227,271 "210";
211 1 0 180,228 "211";
212 1 0 60,217 "212";
213 2 0 4,190 "213";
214 2 1 115,162 "214";
215 1 1 94,138 "215";
216 1 0 202,226 "216";
217 2 0 158,204 "217";
218 2 0 253,264 "218";
219 0 1 139,197 "219";
220 0 0 39,206 "220";
221 2 0 21,258 "221";
222 0 0 131,260 "222";
223 0 1 145,169 "223";
224 2 0 59,268 "224";
225 0 0 54,249 "225";
226 2 1 69,71 "226";
227 1 1 4,160 "227";
228 2 1 79,220 "228";
229 2 0 83,176 "229";
230 0 1 198,263 "230";
231 2 1 29,33 "231";
232 0 0 42,264 "232";
233 2 0 52,136 "233";
234 0 0 27,123 "234";
235 1 0 43,105 "235";
236 0 0 112,237 "236";
237 1 0 37,186 "237";
238 1 0 142,202 "238";
239 2 0 119,132 "239";
240 0 1 205,246 "240";
241 2 0 55,178 "241";
242 0 1 141,175 "242";
243 0 1 157,175 "243";
244 2 1 94,214 "244";
245 2 1 82,190 "245";
246 1 0 11,38 "246";
247 1 1 124,227 "247";
248 2 1 211,256 "248";
249 1 0 21,208 "249";
250 1 0 161,267 "250";
251 2 0 121,258 "251";
252 2 0 165,215 "252";
253 0 1 25,202 "253";
254 1 0 18,156 "254";
255 2 1 57,84 "255";
256 1 1 74,248 "256";
257 1 0 54,204 "257";
258 1 1 54,79 "258";
259 1 1 200,237 "259";
260 2 1 0,40 "260";
261 1 0 98,219 "261";
262 2 1 31,245 "262";
263 1 1 78,205 "263";
264 0 0 215,220 "264";
265 0 1 18,221 "265";
266 0 1 83,129 "266";
267 2 0 108,124 "267";
268 0 0 89,111 "268";
269 2 0 47,69 "269";
270 0 1 92,183 "270";
271 1 1 88,196 "271";
272 2 1 9,41 "272";
273 1 0 154,180 "273";
274 2 0 20,58 "274";
