parity 234;
0 2 1 135,186 "0";
1 1 1 41,169 "1";
2 2 0 92,108 "2";
3 2 1 204,232 "3";
4 2 0 206,228 "4";
5 1 1 107,200 "5";
6 0 0 27,81 "6";
7 2 0 151,204 "7";
8 0 0 89,178 "8";
9 0 1 26,154 "9";
10 1 1 56,86 "10";
11 0 0 7,171 "11";
12 1 0 44,66 "12";
13 1 1 24,182 "13";
14 1 0 84,217 "14";
15 1 0 7,147 "15";
16 0 0 50,138 "16";
17 1 0 8,14 "17";
18 0 1 12,86 "18";
19 2 0 122,166 "19";
20 1 0 5,10 "20";
21 1 0 63,108 "21";
22 0 0 64,145 "22";
23 2 0 73,230 "23";
24 0 1 108,113 "24";
25 1 0 12,195 "25";
26 0 1 153,221 "26";
27 0 0 62,157 "27";
28 0 0 77,121 "28";
29 1 1 5,48 "29";
30 2 0 172,232 "30";
31 0 0 197,200 "31";
32 2 1 47,100 "32";
33 2 1 192,204 "33";
34 0 1 32,193 "34";
35 0 0 152,174 "35";
36 2 0 150,185 "36";
37 1 0 5,119 "37";
38 2 1 20,220 "38";
39 1 1 34,217 "39";
40 2 1 37,57 "40";
41 0 1 170,184 "41";
42 2 0 49,112 "42";
43 1 0 52,218 "43";
44 0 0 62,189 "44";
45 1 1 171,175 "45";
46 1 1 14,206 "46";
47 2 0 133,234 "47";
48 2 1 7,167 "48";
49 0 1 1,117 "49";
50 2 1 94,172 "50";
51 1 0 60,207 "51";
52 0 0 182,188 "52";
53 1 1 110,129 "53";
54 2 0 59,161 "54";
55 2 0 70,112 "55";
56 0 0 109,151 "56";
57 1 1 25,31 "57";
58 0 1 86,102 "58";
59 2 1 57,124 "59";
60 2 1 111,160 "60";
61 1 1 33,205 "61";
62 0 1 116,123 "62";
63 2 1 197,208 "63";
64 1 1 102,209 "64";
65 1 0 124,180 "65";
66 0 0 16,179 "66";
67 0 0 56,143 "67";
68 1 1 146,188 "68";
69 1 0 46,57 "69";
70 0 1 159,183 "70";
71 1 0 46,61 "71";
72 1 0 218,228 "72";
73 1 1 178,216 "73";
74 1 1 158,222 "74";
75 2 1 28,201 "75";
76 2 0 47,128 "76";
77 2 0 2,96 "77";
78 0 1 90,136 "78";
79 1 1 60,128 "79";
80 2 1 8,34 "80";
81 2 1 123,131 "81";
82 0 1 92,95 "82";
83 1 1 78,85 "83";
84 0 0 31,171 "84";
85 2 0 196,219 "85";
86 2 1 34,148 "86";
87 0 1 22,222 "87";
88 1 0 92,178 "88";
89 2 0 180,217 "89";
90 1 1 60,95 "90";
91 1 0 39,230 "91";
92 1 1 33,49 "92";
93 2 0 2,79 "93";
94 1 0 19,151 "94";
95 0 0 179,210 "95";
96 2 1 75,106 "96";
97 0 0 71,125 "97";
98 0 1 68,180 "98";
99 2 1 6,94 "99";
100 2 1 54,133 "100";
101 2 0 5,154 "101";
102 0 1 97,234 "102";
103 1 1 149,158 "103";
104 1 1 21,190 "104";
105 0 1 25,71 "105";
106 0 0 27,100 "106";
107 0 0 17,227 "107";
108 1 0 70,152 "108";
109 0 0 180,216 "109";
110 0 0 19,49 "110";
111 2 0 180,201 "111";
112 0 1 104,130 "112";
113 0 1 66,114 "113";
114 0 0 71,163 "114";
115 1 0 169,202 "115";
116 0 0 44,184 "116";
117 0 1 52,208 "117";
118 0 1 84,120 "118";
119 2 0 33,138 "119";
120 2 0 141,231 "120";
121 2 1 18,216 "121";
122 1 1 149,154 "122";
123 1 0 155,213 "123";
124 1 0 43,196 "124";
125 1 0 102,179 "125";
126 1 1 164,198 "126";
127 0 0 60,219 "127";
128 0 0 80,124 "128";
129 1 1 8,97 "129";
130 0 1 67,179 "130";
131 0 0 84,125 "131";
132 2 1 31,146 "132";
133 2 1 107,131 "133";
134 0 1 1,109 "134";
135 2 0 8,204 "135";
136 2 1 23,171 "136";
137 1 0 32,86 "137";
138 2 1 21,90 "138";
139 0 0 62,232 "139";
140 0 0 161,206 "140";
141 0 0 127,187 "141";
142 0 0 99,106 "142";
143 2 1 175,204 "143";
144 0 1 85,153 "144";
145 1 0 61,129 "145";
146 0 1 28,128 "146";
147 2 1 63,135 "147";
148 1 0 21,184 "148";
149 0 1 58,103 "149";
150 1 0 80,212 "150";
151 1 1 97,169 "151";
152 2 1 144,213 "152";
153 0 0 4,43 "153";
154 2 0 74,197 "154";
155 0 0 18,64 "155";
156 1 1 38,200 "156";
157 2 0 61,76 "157";
158 2 0 145,207 "158";
159 2 1 144,226 "159";
160 2 1 132,232 "160";
161 2 0 141,210 "161";
162 1 0 60,215 "162";
163 0 0 53,137 "163";
164 2 1 73,150 "164";
165 2 0 91,107 "165";
166 1 1 13,207 "166";
167 1 1 11,118 "167";
168 0 1 39,63 "168";
169 1 1 73,109 "169";
170 2 0 8,63 "170";
171 2 1 73,225 "171";
172 2 1 34,112 "172";
173 2 0 176,196 "173";
174 2 0 113,185 "174";
175 0 0 157,222 "175";
176 0 0 91,115 "176";
177 2 0 84,189 "177";
178 2 1 45,155 "178";
179 2 1 97,233 "179";
180 0 1 56,186 "180";
181 0 1 189,221 "181";
182 1 1 55,80 "182";
183 0 0 65,107 "183";
184 2 1 94,230 "184";
185 2 1 27,210 "185";
186 2 0 167,172 "186";
187 2 1 67,205 "187";
188 2 0 139,204 "188";
189 0 0 26,150 "189";
190 1 1 161,228 "190";
191 0 0 58,84 "191";
192 1 1 105,154 "192";
193 0 1 49,176 "193";
194 0 0 14,35 "194";
195 0 1 33,121 "195";
196 2 0 99,135 "196";
197 0 1 85,229 "197";
198 0 1 36,171 "198";
199 1 0 81,89 "199";
200 1 0 136,164 "200";
201 2 0 26,115 "201";
202 2 0 58,183 "202";
203 0 1 3,156 "203";
204 1 1 83,198 "204";
205 1 0 103,121 "205";
206 1 0 8,22 "206";
207 1 1 15,210 "207";
208 2 0 52,192 "208";
209 1 0 92,219 "209";
210 2 0 43,121 "210";
211 0 1 33,129 "211";
212 0 0 34,117 "212";
213 1 0 157,224 "213";
214 2 0 186,195 "214";
215 0 0 65,108 "215";
216 0 0 7,105 "216";
217 1 0 4,150 "217";
218 2 0 129,209 "218";
219 1 1 39,101 "219";
220 1 0 43,102 "220";
221 1 0 10,151 "221";
222 1 1 98,136 "222";
223 2 1 25,39 "223";
224 2 1 130,194 "224";
225 0 1 61,204 "225";
226 1 1 152,167 "226";
227 2 1 15,158 "227";
228 0 0 12,109 "228";
229 0 0 40,155 "229";
230 0 1 11,234 "230";
231 0 1 13,226 "231";
232 0 0 67,181 "232";
233 2 0 59,203 "233";
234 1 0 34,145 "234";
