parity 264;
0 2 1 153,195 "0";
1 2 0 170,246 "1";
2 0 0 15,58 "2";
3 0 0 227,232 "3";
4 1 1 116,155 "4";
5 2 1 114,157 "5";
6 1 1 134,137 "6";
7 1 1 20,67 "7";
8 1 1 35,47 "8";
9 1 1 50,159 "9";
10 2 0 78,97 "10";
11 0 0 39,169 "11";
12 1 0 111,118 "12";
13 0 1 80,201 "13";
14 1 0 127,262 "14";
15 0 0 133,198 "15";
16 2 1 51,223 "16";
17 0 0 32,60 "17";
18 0 1 82,131 "18";
19 1 1 91,106 "19";
20 2 0 172,177 "20";
21 1 0 12,30 "21";
22 2 0 126,238 "22";
23 0 1 35,123 "23";
24 0 0 133,162 "24";
25 1 1 89,212 "25";
26 1 0 41,244 "26";
27 0 1 63,101 "27";
28 2 0 4,182 "28";
29 0 0 111,119 "29";
30 2 0 143,238 "30";
31 0 1 0,251 "31";
32 2 1 131,196 "32";
33 1 1 104,226 "33";
34 1 1 15,216 "34";
35 0 0 138,239 "35";
36 2 0 20,214 "36";
37 2 1 150,207 "37";
38 0 1 117,198 "38";
39 2 0 108,242 "39";
40 1 1 212,250 "40";
41 0 1 71,172 "41";
42 2 0 144,204 "42";
43 2 0 73,238 "43";
44 1 0 17,96 "44";
45 0 1 150,193 "45";
46 1 1 86,243 "46";
47 0 1 198,244 "47";
48 1 0 89,141 "48";
49 1 0 90,135 "49";
50 2 1 47,203 "50";
51 1 1 135,197 "51";
52 0 0 48,61 "52";
53 1 0 126,202 "53";
54 1 0 18,73 "54";
55 0 1 10,236 "55";
56 1 0 99,110 "56";
57 0 0 141,143 "57";
58 0 0 38,68 "58";
59 2 1 67,215 "59";
60 0 0 89,232 "60";
61 2 0 32,256 "61";
62 2 0 16,104 "62";
63 2 1 49,75 "63";
64 2 0 3,205 "64";
65 0 1 37,262 "65";
66 2 1 93,100 "66";
67 1 1 130,214 "67";
68 2 0 6,158 "68";
69 1 0 20,236 "69";
70 2 1 13,184 "70";
71 0 1 44,129 "71";
72 1 1 196,249 "72";
73 1 1 232,254 "73";
74 0 0 179,181 "74";
75 2 1 147,158 "75";
76 2 1 39,137 "76";
77 1 1 2,199 "77";
78 2 0 0,146 "78";
79 2 0 5,207 "79";
80 2 1 10,184 "80";
81 1 1 29,117 "81";
82 1 0 123,126 "82";
83 1 1 31,183 "83";
84 0 0 92,258 "84";
85 0 1 121,156 "85";
86 1 1 16,66 "86";
87 1 0 155,258 "87";
88 0 0 93,251 "88";
89 2 0 4,177 "89";
90 0 0 122,228 "90";
91 2 0 108,166 "91";
92 2 0 45,110 "92";
93 1 1 81,117 "93";
94 2 1 0,135 "94";
95 2 0 9,97 "95";
96 0 1 83,184 "96";
97 1 0 32,46 "97";
98 2 1 190,264 "98";
99 1 1 67,255 "99";
100 2 1 35,79 "100";
101 1 0 71,132 "101";
102 0 0 18,208 "102";
103 0 0 146,215 "103";
104 2 0 59,166 "104";
105 2 0 104,125 "105";
106 1 0 81,175 "106";
107 1 1 155,168 "107";
108 1 1 20,51 "108";
109 0 0 4,185 "109";
110 2 1 119,128 "110";
111 1 1 67,141 "111";
112 2 1 70,72 "112";
113 2 0 107,234 "113";
114 0 1 229,235 "114";
115 1 1 60,209 "115";
116 0 0 89,243 "116";
117 1 0 100,143 "117";
118 0 0 84,232 "118";
119 2 0 8,159 "119";
120 2 0 73,234 "120";
121 2 1 46,122 "121";
122 0 0 111,230 "122";
123 0 1 213,240 "123";
124 1 0 200,249 "124";
125 1 0 101,167 "125";
126 0 0 76,142 "126";
127 1 1 188,223 "127";
128 1 1 88,213 "128";
129 1 0 30,184 "129";
130 2 1 142,167 "130";
131 0 0 237,259 "131";
132 2 0 164,247 "132";
133 1 0 12,139 "133";
134 2 1 161,227 "134";
135 0 1 34,231 "135";
136 1 1 3,133 "136";
137 1 1 30,238 "137";
138 1 0 180,246 "138";
139 2 0 144,210 "139";
140 1 0 61,146 "140";
141 1 1 35,117 "141";
142 2 0 238,251 "142";
143 0 0 12,113 "143";
144 0 1 51,214 "144";
145 0 0 40,143 "145";
146 0 0 145,152 "146";
147 1 1 119,149 "147";
148 0 0 211,216 "148";
149 1 1 93,187 "149";
150 1 0 17,137 "150";
151 0 0 146,171 "151";
152 2 1 40,77 "152";
153 2 1 133,257 "153";
154 0 1 31,228 "154";
155 2 1 35,238 "155";
156 2 1 36,253 "156";
157 0 0 56,223 "157";
158 2 1 55,101 "158";
159 1 0 117,204 "159";
160 0 1 28,249 "160";
161 2 1 52,147 "161";
162 1 1 50,135 "162";
163 0 0 118,263 "163";
164 2 1 93,118 "164";
165 0 0 204,219 "165";
166 0 1 95,125 "166";
167 2 0 42,259 "167";
168 1 1 4,231 "168";
169 1 0 174,214 "169";
170 1 1 74,181 "170";
171 0 0 50,203 "171";
172 2 1 7,216 "172";
173 1 1 119,253 "173";
174 1 1 125,129 "174";
175 2 0 42,88 "175";
176 1 1 14,220 "176";
177 0 1 9,175 "177";
178 2 1 245,258 "178";
179 2 0 85,146 "179";
180 2 0 38,118 "180";
181 2 0 53,127 "181";
182 2 1 16,18 "182";
183 0 1 139,209 "183";
184 1 0 81,234 "184";
185 0 0 130,258 "185";
186 0 1 19,203 "186";
187 1 0 67,86 "187";
188 2 0 51,59 "188";
189 1 1 20,61 "189";
190 2 1 26,167 "190";
191 0 1 154,258 "191";
192 2 0 64,188 "192";
193 2 1 13,102 "193";
194 1 1 198,256 "194";
195 2 1 207,254 "195";
196 1 0 47,157 "196";
197 2 1 12,224 "197";
198 0 1 131,138 "198";
199 1 1 64,230 "199";
200 0 0 67,175 "200";
201 1 0 112,234 "201";
202 2 1 61,176 "202";
203 0 1 110,147 "203";
204 1 0 98,226 "204";
205 0 1 136,163 "205";
206 0 0 179,226 "206";
207 0 0 5,98 "207";
208 0 0 69,188 "208";
209 2 1 101,244 "209";
210 1 1 148,251 "210";
211 1 1 47,81 "211";
212 0 1 129,194 "212";
213 2 1 120,159 "213";
214 2 1 75,98 "214";
215 0 1 73,201 "215";
216 1 1 148,192 "216";
217 2 1 192,261 "217";
218 2 1 85,259 "218";
219 2 1 44,246 "219";
220 0 1 58,135 "220";
221 1 0 147,223 "221";
222 1 1 63,99 "222";
223 0 0 180,247 "223";
224 2 0 155,245 "224";
225 2 1 56,264 "225";
226 0 1 71,128 "226";
227 0 1 135,156 "227";
228 0 1 33,60 "228";
229 1 1 34,158 "229";
230 0 1 59,80 "230";
231 1 0 180,254 "231";
232 1 1 182,209 "232";
233 2 0 50,235 "233";
234 0 0 138,224 "234";
235 1 1 72,262 "235";
236 1 0 83,260 "236";
237 0 1 183,218 "237";
238 2 1 197,264 "238";
239 0 0 148,233 "239";
240 2 0 116,259 "240";
241 2 0 123,132 "241";
242 2 0 0,226 "242";
243 0 1 22,240 "243";
244 0 0 92,226 "244";
245 0 0 23,118 "245";
246 0 0 113,165 "246";
247 2 0 65,119 "247";
248 0 1 5,174 "248";
249 1 0 33,164 "249";
250 2 0 65,195 "250";
251 2 1 111,134 "251";
252 0 1 134,156 "252";
253 2 1 144,189 "253";
254 2 1 80,196 "254";
255 1 1 216,257 "255";
256 2 0 58,212 "256";
257 1 1 109,247 "257";
258 2 1 0,113 "258";
259 1 1 69,150 "259";
260 1 1 113,233 "260";
261 1 0 7,220 "261";
262 2 0 2,30 "262";
263 0 1 124,208 "263";
264 0 1 69,189 "264";
