parity 264;
0 2 1 114,258 "0";
1 1 1 6,263 "1";
2 2 1 170,179 "2";
3 2 1 19,203 "3";
4 1 1 3,212 "4";
5 2 0 120,174 "5";
6 0 0 15,143 "6";
7 0 0 46,254 "7";
8 0 0 108,184 "8";
9 2 0 78,209 "9";
10 1 1 109,183 "10";
11 0 0 93,119 "11";
12 0 0 87,137 "12";
13 1 0 10,28 "13";
14 1 0 36,202 "14";
15 2 1 71,238 "15";
16 0 1 141,148 "16";
17 2 1 119,223 "17";
18 0 0 117,133 "18";
19 2 1 118,223 "19";
20 0 0 35,114 "20";
21 0 1 14,17 "21";
22 0 0 164,240 "22";
23 2 0 94,212 "23";
24 2 0 2,131 "24";
25 2 1 18,42 "25";
26 1 0 23,106 "26";
27 0 0 16,260 "27";
28 0 0 18,114 "28";
29 1 0 131,203 "29";
30 0 0 107,218 "30";
31 0 0 12,251 "31";
32 2 1 38,233 "32";
33 2 0 94,220 "33";
34 0 1 66,108 "34";
35 0 1 133,234 "35";
36 0 0 95,120 "36";
37 1 0 2,215 "37";
38 1 0 237,249 "38";
39 1 0 17,98 "39";
40 1 1 86,169 "40";
41 1 1 122,200 "41";
42 0 0 131,137 "42";
43 2 1 109,164 "43";
44 2 1 67,85 "44";
45 1 1 1,207 "45";
46 0 1 78,181 "46";
47 1 1 40,217 "47";
48 0 0 31,87 "48";
49 0 1 127,217 "49";
50 0 0 21,40 "50";
51 0 1 157,170 "51";
52 0 0 64,116 "52";
53 2 0 30,64 "53";
54 0 1 99,195 "54";
55 2 0 69,194 "55";
56 2 1 152,228 "56";
57 0 0 114,235 "57";
58 0 0 56,140 "58";
59 1 0 148,158 "59";
60 0 0 90,175 "60";
61 0 1 108,165 "61";
62 0 1 180,190 "62";
63 1 0 88,121 "63";
64 2 0 210,218 "64";
65 1 0 87,172 "65";
66 2 1 142,157 "66";
67 0 1 127,261 "67";
68 1 0 18,235 "68";
69 2 1 203,259 "69";
70 2 1 103,225 "70";
71 1 0 81,242 "71";
72 1 1 48,124 "72";
73 0 1 176,253 "73";
74 1 0 55,58 "74";
75 1 1 140,150 "75";
76 1 1 48,200 "76";
77 1 0 119,145 "77";
78 1 1 34,59 "78";
79 1 1 130,233 "79";
80 0 1 173,199 "80";
81 2 1 100,208 "81";
82 1 1 139,263 "82";
83 2 1 2,176 "83";
84 0 0 143,235 "84";
85 1 0 149,232 "85";
86 2 1 82,182 "86";
87 2 0 219,256 "87";
88 1 1 216,241 "88";
89 2 1 16,69 "89";
90 1 1 8,43 "90";
91 2 0 7,141 "91";
92 2 0 16,144 "92";
93 0 1 94,240 "93";
94 1 1 15,78 "94";
95 0 0 110,180 "95";
96 2 1 191,262 "96";
97 0 0 111,214 "97";
98 0 1 196,258 "98";
99 1 0 192,216 "99";
100 1 0 83,208 "100";
101 1 1 46,143 "101";
102 0 1 243,261 "102";
103 1 1 128,251 "103";
104 1 1 0,26 "104";
105 2 0 5,96 "105";
106 1 1 52,200 "106";
107 2 0 22,69 "107";
108 1 0 105,193 "108";
109 2 1 47,122 "109";
110 2 0 39,75 "110";
111 1 1 11,39 "111";
112 1 0 99,246 "112";
113 1 1 142,175 "113";
114 0 1 60,216 "114";
115 0 1 16,197 "115";
116 2 0 59,169 "116";
117 0 0 63,216 "117";
118 1 0 27,30 "118";
119 1 0 156,226 "119";
120 0 1 47,182 "120";
121 2 0 40,91 "121";
122 2 1 61,98 "122";
123 1 1 196,237 "123";
124 2 0 171,182 "124";
125 1 0 106,154 "125";
126 2 0 46,244 "126";
127 1 1 181,209 "127";
128 2 1 84,125 "128";
129 1 1 260,264 "129";
130 1 0 142,240 "130";
131 2 0 28,194 "131";
132 1 0 34,261 "132";
133 0 0 14,109 "133";
134 0 0 93,141 "134";
135 1 0 167,227 "135";
136 2 1 20,206 "136";
137 2 1 60,131 "137";
138 0 1 101,208 "138";
139 2 1 233,251 "139";
140 2 1 92,255 "140";
141 0 1 103,114 "141";
142 1 0 98,214 "142";
143 1 1 117,181 "143";
144 1 0 80,164 "144";
145 0 1 29,250 "145";
146 1 0 16,188 "146";
147 2 0 27,55 "147";
148 2 1 100,230 "148";
149 0 0 196,220 "149";
150 1 0 222,256 "150";
151 2 1 146,246 "151";
152 0 1 149,257 "152";
153 0 1 14,241 "153";
154 1 0 15,140 "154";
155 0 1 12,202 "155";
156 1 0 206,208 "156";
157 0 0 22,78 "157";
158 0 1 7,47 "158";
159 0 0 102,226 "159";
160 1 1 108,235 "160";
161 1 1 51,103 "161";
162 2 1 46,98 "162";
163 2 1 86,190 "163";
164 2 1 106,225 "164";
165 2 0 100,180 "165";
166 2 1 180,245 "166";
167 1 0 45,67 "167";
168 1 0 74,120 "168";
169 1 1 235,262 "169";
170 2 0 55,63 "170";
171 2 1 8,152 "171";
172 2 1 48,91 "172";
173 0 0 112,215 "173";
174 2 0 160,182 "174";
175 2 0 103,163 "175";
176 0 1 15,109 "176";
177 1 0 131,207 "177";
178 0 1 85,218 "178";
179 2 1 123,194 "179";
180 1 0 11,205 "180";
181 0 1 84,106 "181";
182 1 0 184,241 "182";
183 0 0 155,229 "183";
184 1 1 54,199 "184";
185 1 1 20,173 "185";
186 1 1 43,181 "186";
187 1 0 19,121 "187";
188 1 0 174,209 "188";
189 0 1 52,181 "189";
190 0 1 96,248 "190";
191 2 0 183,253 "191";
192 0 0 1,250 "192";
193 2 0 118,166 "193";
194 1 0 99,164 "194";
195 0 0 14,110 "195";
196 2 1 147,241 "196";
197 1 1 101,155 "197";
198 1 1 97,230 "198";
199 0 1 76,135 "199";
200 0 1 106,205 "200";
201 0 1 37,262 "201";
202 0 0 38,191 "202";
203 1 0 48,103 "203";
204 2 1 75,252 "204";
205 0 1 234,254 "205";
206 0 0 45,217 "206";
207 2 0 13,31 "207";
208 2 1 150,193 "208";
209 2 0 13,183 "209";
210 0 0 63,96 "210";
211 2 1 43,193 "211";
212 0 0 165,218 "212";
213 1 0 80,145 "213";
214 0 0 38,113 "214";
215 1 0 171,259 "215";
216 0 0 188,196 "216";
217 1 0 118,225 "217";
218 0 1 230,252 "218";
219 0 0 196,233 "219";
220 2 0 51,242 "220";
221 2 0 158,236 "221";
222 0 0 182,249 "222";
223 2 1 237,250 "223";
224 0 1 67,191 "224";
225 0 1 165,204 "225";
226 2 1 44,95 "226";
227 1 0 83,237 "227";
228 1 0 37,78 "228";
229 1 1 13,63 "229";
230 0 0 112,124 "230";
231 2 0 76,156 "231";
232 1 1 15,142 "232";
233 0 0 219,264 "233";
234 0 1 62,206 "234";
235 0 0 80,248 "235";
236 2 1 25,176 "236";
237 0 1 27,251 "237";
238 0 0 80,85 "238";
239 1 0 159,161 "239";
240 2 1 4,221 "240";
241 2 0 106,260 "241";
242 0 0 103,225 "242";
243 0 0 91,166 "243";
244 1 0 78,160 "244";
245 2 1 82,160 "245";
246 2 0 160,214 "246";
247 2 1 30,252 "247";
248 1 0 212,247 "248";
249 0 0 120,176 "249";
250 1 0 19,98 "250";
251 2 0 8,164 "251";
252 0 0 25,180 "252";
253 1 1 211,247 "253";
254 2 0 117,149 "254";
255 1 1 16,58 "255";
256 2 1 224,228 "256";
257 2 1 7,29 "257";
258 0 1 55,254 "258";
259 1 1 100,196 "259";
260 0 0 152,177 "260";
261 0 0 154,183 "261";
262 0 1 218,251 "262";
263 0 0 46,63 "263";
264 0 1 27,202 "264";
