parity 224;
0 1 1 78,95 "0";
1 0 0 28,73 "1";
2 1 0 149,202 "2";
3 1 0 20,163 "3";
4 0 0 10,12 "4";
5 1 0 168,200 "5";
6 1 1 116,149 "6";
7 2 1 63,217 "7";
8 0 1 58,92 "8";
9 0 1 12,133 "9";
10 1 1 44,205 "10";
11 2 0 107,147 "11";
12 2 1 37,144 "12";
13 2 1 55,194 "13";
14 2 0 106,111 "14";
15 1 1 54,142 "15";
16 0 0 42,78 "16";
17 1 1 70,208 "17";
18 0 0 0,100 "18";
19 1 1 112,137 "19";
20 0 0 171,204 "20";
21 0 1 34,193 "21";
22 1 0 35,184 "22";
23 0 1 11,181 "23";
24 0 1 23,66 "24";
25 0 1 76,123 "25";
26 1 1 132,175 "26";
27 2 1 9,222 "27";
28 0 1 158,176 "28";
29 2 0 110,224 "29";
30 1 0 6,18 "30";
31 1 1 32,124 "31";
32 1 1 27,220 "32";
33 2 0 10,213 "33";
34 2 0 108,132 "34";
35 0 0 77,203 "35";
36 2 0 93,181 "36";
37 1 0 35,220 "37";
38 1 0 7,92 "38";
39 0 0 146,190 "39";
40 0 0 48,180 "40";
41 1 1 64,209 "41";
42 2 0 79,174 "42";
43 0 0 45,130 "43";
44 1 0 17,186 "44";
45 0 0 150,161 "45";
46 1 1 31,138 "46";
47 1 0 94,211 "47";
48 0 0 76,209 "48";
49 2 0 50,116 "49";
50 2 0 107,210 "50";
51 2 0 37,63 "51";
52 1 1 103,176 "52";
53 1 0 2,54 "53";
54 0 0 66,175 "54";
55 1 0 132,138 "55";
56 0 0 125,190 "56";
57 1 1 28,94 "57";
58 2 1 73,90 "58";
59 1 0 36,210 "59";
60 1 0 17,170 "60";
61 0 0 74,180 "61";
62 2 0 100,163 "62";
63 1 0 115,204 "63";
64 0 1 75,137 "64";
65 1 0 180,214 "65";
66 0 0 4,150 "66";
67 2 0 144,154 "67";
68 0 1 22,89 "68";
69 2 0 181,204 "69";
70 1 0 2,43 "70";
71 1 1 54,126 "71";
72 0 1 78,84 "72";
73 2 0 113,146 "73";
74 2 1 6,122 "74";
75 0 0 86,94 "75";
76 0 0 71,87 "76";
77 1 1 33,185 "77";
78 2 1 56,167 "78";
79 2 0 135,191 "79";
80 2 1 51,210 "80";
81 1 1 83,96 "81";
82 1 0 40,197 "82";
83 2 1 46,93 "83";
84 1 0 126,142 "84";
85 0 0 87,200 "85";
86 1 1 121,192 "86";
87 0 1 166,169 "87";
88 1 0 128,204 "88";
89 0 0 51,104 "89";
90 2 1 36,201 "90";
91 1 1 14,22 "91";
92 0 1 45,201 "92";
93 0 0 151,193 "93";
94 1 1 125,177 "94";
95 1 1 192,221 "95";
96 1 0 51,63 "96";
97 0 1 40,213 "97";
98 1 1 144,200 "98";
99 0 1 54,219 "99";
100 0 0 54,61 "100";
101 0 1 86,184 "101";
102 2 1 120,184 "102";
103 0 0 85,91 "103";
104 1 0 167,188 "104";
105 0 0 114,120 "105";
106 0 1 28,63 "106";
107 0 1 75,191 "107";
108 1 1 1,158 "108";
109 1 0 64,211 "109";
110 2 1 17,79 "110";
111 0 1 133,223 "111";
112 2 0 32,150 "112";
113 2 0 85,140 "113";
114 2 1 18,117 "114";
115 0 1 101,208 "115";
116 2 1 127,198 "116";
117 0 0 43,162 "117";
118 2 1 107,138 "118";
119 2 0 58,141 "119";
120 1 0 152,181 "120";
121 2 1 28,174 "121";
122 1 1 80,126 "122";
123 1 0 22,64 "123";
124 1 1 52,218 "124";
125 0 1 76,129 "125";
126 2 1 96,136 "126";
127 1 1 45,56 "127";
128 2 1 71,185 "128";
129 2 1 1,90 "129";
130 2 0 123,134 "130";
131 0 1 5,139 "131";
132 0 1 45,164 "132";
133 1 1 170,220 "133";
134 0 1 154,207 "134";
135 1 1 142,147 "135";
136 2 1 30,202 "136";
137 2 0 20,141 "137";
138 2 0 172,219 "138";
139 1 1 66,192 "139";
140 2 1 59,156 "140";
141 2 1 108,196 "141";
142 1 0 74,170 "142";
143 1 0 13,120 "143";
144 2 1 169,173 "144";
145 0 0 3,22 "145";
146 2 0 158,202 "146";
147 0 1 55,141 "147";
148 2 0 44,76 "148";
149 2 0 61,81 "149";
150 2 1 10,66 "150";
151 2 0 6,131 "151";
152 1 0 42,62 "152";
153 1 0 63,140 "153";
154 0 0 61,196 "154";
155 0 1 28,179 "155";
156 1 0 13,24 "156";
157 0 0 107,145 "157";
158 1 1 116,201 "158";
159 1 0 114,163 "159";
160 0 0 97,178 "160";
161 2 0 19,66 "161";
162 2 1 29,141 "162";
163 2 0 178,188 "163";
164 1 1 115,191 "164";
165 0 1 48,86 "165";
166 2 0 107,126 "166";
167 0 1 129,133 "167";
168 1 1 2,79 "168";
169 2 1 70,78 "169";
170 0 1 101,128 "170";
171 2 1 55,140 "171";
172 2 0 109,182 "172";
173 0 1 158,189 "173";
174 0 0 157,190 "174";
175 1 1 23,66 "175";
176 1 1 168,188 "176";
177 0 0 95,133 "177";
178 2 1 18,111 "178";
179 1 1 42,45 "179";
180 1 1 2,59 "180";
181 1 1 13,24 "181";
182 0 0 0,109 "182";
183 0 0 66,90 "183";
184 1 1 30,100 "184";
185 0 1 22,64 "185";
186 2 1 79,155 "186";
187 0 0 29,31 "187";
188 0 0 4,35 "188";
189 0 1 129,139 "189";
190 2 0 53,127 "190";
191 0 1 80,214 "191";
192 2 1 8,183 "192";
193 2 1 83,161 "193";
194 0 0 92,94 "194";
195 2 1 5,110 "195";
196 2 1 10,171 "196";
197 1 1 68,100 "197";
198 0 1 12,214 "198";
199 2 1 25,103 "199";
200 2 0 7,42 "200";
201 1 1 12,107 "201";
202 0 0 40,145 "202";
203 1 1 66,108 "203";
204 2 0 94,96 "204";
205 1 1 26,186 "205";
206 1 1 100,220 "206";
207 0 0 53,83 "207";
208 1 0 108,133 "208";
209 1 1 55,91 "209";
210 1 1 91,120 "210";
211 0 0 165,193 "211";
212 1 1 7,149 "212";
213 1 0 3,77 "213";
214 0 0 16,39 "214";
215 1 0 65,186 "215";
216 2 0 117,194 "216";
217 0 0 42,160 "217";
218 0 0 113,202 "218";
219 0 0 15,18 "219";
220 1 0 147,188 "220";
221 2 1 15,138 "221";
222 2 1 111,217 "222";
223 2 0 166,222 "223";
224 0 1 97,117 "224";
