parity 199;
0 1 0 8,197 "0";
1 1 1 51,141 "1";
2 2 0 93,125 "2";
3 1 0 133,183 "3";
4 1 1 94,114 "4";
5 1 0 66,87 "5";
6 0 1 138,186 "6";
7 1 0 29,130 "7";
8 0 1 135,158 "8";
9 0 0 53,61 "9";
10 0 1 53,105 "10";
11 2 1 69,182 "11";
12 2 1 36,178 "12";
13 2 0 70,122 "13";
14 2 0 111,190 "14";
15 2 1 58,173 "15";
16 1 1 10,19 "16";
17 1 1 22,56 "17";
18 1 0 41,65 "18";
19 0 1 97,105 "19";
20 2 0 123,164 "20";
21 1 0 61,112 "21";
22 1 0 91,131 "22";
23 2 1 169,199 "23";
24 0 1 61,193 "24";
25 2 1 42,88 "25";
26 0 1 119,195 "26";
27 1 1 28,53 "27";
28 0 1 84,100 "28";
29 2 1 34,92 "29";
30 1 1 97,153 "30";
31 2 0 80,105 "31";
32 0 1 179,187 "32";
33 2 1 42,176 "33";
34 2 0 179,197 "34";
35 0 0 65,152 "35";
36 2 1 15,139 "36";
37 1 0 75,136 "37";
38 2 1 14,109 "38";
39 2 0 10,61 "39";
40 0 0 112,192 "40";
41 1 1 161,183 "41";
42 1 1 18,149 "42";
43 0 1 18,116 "43";
44 1 1 149,192 "44";
45 0 1 7,156 "45";
46 2 1 17,144 "46";
47 2 1 20,167 "47";
48 1 0 23,62 "48";
49 1 1 32,44 "49";
50 0 0 76,151 "50";
51 2 1 146,167 "51";
52 0 1 78,175 "52";
53 1 1 28,85 "53";
54 0 0 74,76 "54";
55 2 1 92,164 "55";
56 2 0 83,192 "56";
57 2 0 62,189 "57";
58 2 0 168,195 "58";
59 0 1 44,151 "59";
60 1 1 5,68 "60";
61 2 1 114,158 "61";
62 0 1 57,132 "62";
63 1 0 30,140 "63";
64 2 0 52,81 "64";
65 1 1 18,135 "65";
66 2 0 136,159 "66";
67 1 1 0,41 "67";
68 2 1 19,24 "68";
69 0 0 124,145 "69";
70 2 1 30,145 "70";
71 0 1 134,140 "71";
72 0 0 36,150 "72";
73 2 1 47,157 "73";
74 0 1 61,83 "74";
75 2 1 12,97 "75";
76 0 1 147,163 "76";
77 2 0 31,94 "77";
78 2 1 174,176 "78";
79 0 0 66,102 "79";
80 2 1 6,11 "80";
81 1 0 2,142 "81";
82 1 0 185,190 "82";
83 0 0 79,87 "83";
84 2 1 131,145 "84";
85 0 1 61,166 "85";
86 0 1 106,150 "86";
87 0 1 17,165 "87";
88 0 0 109,182 "88";
89 1 0 61,65 "89";
90 0 0 110,115 "90";
91 0 0 36,71 "91";
92 0 1 90,96 "92";
93 1 1 3,194 "93";
94 0 0 107,189 "94";
95 1 0 94,103 "95";
96 1 0 57,176 "96";
97 1 1 64,143 "97";
98 2 1 105,159 "98";
99 2 1 91,176 "99";
100 0 1 11,169 "100";
101 1 0 12,43 "101";
102 1 0 27,92 "102";
103 1 0 54,178 "103";
104 0 0 7,77 "104";
105 0 0 2,81 "105";
106 2 1 42,107 "106";
107 2 0 18,118 "107";
108 1 0 10,134 "108";
109 1 1 35,102 "109";
110 1 0 151,164 "110";
111 1 1 162,171 "111";
112 0 1 54,130 "112";
113 2 0 21,46 "113";
114 2 0 66,164 "114";
115 2 1 74,109 "115";
116 0 0 143,148 "116";
117 2 0 167,177 "117";
118 0 0 112,146 "118";
119 0 1 53,127 "119";
120 2 1 94,102 "120";
121 2 0 26,181 "121";
122 2 1 17,109 "122";
123 2 1 77,131 "123";
124 2 0 48,58 "124";
125 1 1 45,90 "125";
126 0 0 4,39 "126";
127 0 0 123,142 "127";
128 2 1 76,169 "128";
129 1 1 109,122 "129";
130 1 0 1,136 "130";
131 1 0 74,148 "131";
132 2 0 18,164 "132";
133 1 0 57,172 "133";
134 2 1 24,99 "134";
135 1 1 46,67 "135";
136 1 0 123,169 "136";
137 1 0 68,178 "137";
138 0 0 129,143 "138";
139 1 0 49,148 "139";
140 0 1 146,189 "140";
141 0 0 47,99 "141";
142 1 1 15,101 "142";
143 2 0 95,131 "143";
144 0 1 124,188 "144";
145 2 1 9,149 "145";
146 2 0 15,155 "146";
147 0 1 23,106 "147";
148 1 1 78,100 "148";
149 2 0 17,39 "149";
150 0 0 72,136 "150";
151 0 0 130,156 "151";
152 0 1 7,162 "152";
153 2 0 9,21 "153";
154 2 0 31,56 "154";
155 0 1 5,47 "155";
156 2 1 16,184 "156";
157 0 0 85,116 "157";
158 2 1 83,129 "158";
159 2 1 87,164 "159";
160 1 1 169,193 "160";
161 0 1 70,119 "161";
162 0 0 70,196 "162";
163 0 0 86,177 "163";
164 0 0 3,81 "164";
165 1 1 183,195 "165";
166 0 0 57,74 "166";
167 0 1 46,153 "167";
168 1 0 44,181 "168";
169 0 0 114,118 "169";
170 1 0 67,138 "170";
171 1 0 11,177 "171";
172 1 0 75,119 "172";
173 0 0 16,122 "173";
174 1 1 4,120 "174";
175 2 0 20,169 "175";
176 0 0 24,33 "176";
177 1 1 40,184 "177";
178 2 0 72,119 "178";
179 1 0 2,24 "179";
180 1 1 118,127 "180";
181 0 0 37,87 "181";
182 0 0 1,49 "182";
183 0 0 15,174 "183";
184 2 0 132,135 "184";
185 2 1 42,120 "185";
186 2 0 146,149 "186";
187 1 1 118,189 "187";
188 0 0 32,154 "188";
189 0 1 47,59 "189";
190 1 0 134,171 "190";
191 0 1 6,138 "191";
192 0 0 23,86 "192";
193 1 0 72,189 "193";
194 2 0 45,69 "194";
195 0 1 23,93 "195";
196 2 1 14,167 "196";
197 2 1 52,67 "197";
198 0 0 7,42 "198";
199 0 0 4,80 "199";
