parity 199;
0 0 0 76,172 "0";
1 1 0 124,184 "1";
2 2 1 71,199 "2";
3 0 1 137,182 "3";
4 0 1 3,60 "4";
5 2 1 105,190 "5";
6 0 0 12,70 "6";
7 0 1 39,52 "7";
8 0 0 16,187 "8";
9 1 1 166,173 "9";
10 0 0 26,95 "10";
11 2 0 42,181 "11";
12 1 0 51,136 "12";
13 1 1 8,81 "13";
14 0 0 120,197 "14";
15 1 0 32,147 "15";
16 2 0 182,185 "16";
17 2 1 9,177 "17";
18 0 1 0,53 "18";
19 0 0 131,166 "19";
20 0 0 110,186 "20";
21 1 1 9,172 "21";
22 2 1 65,72 "22";
23 0 1 95,113 "23";
24 1 1 60,159 "24";
25 1 0 28,89 "25";
26 2 0 106,142 "26";
27 0 0 91,134 "27";
28 2 1 155,179 "28";
29 2 0 74,96 "29";
30 0 1 23,32 "30";
31 1 1 74,159 "31";
32 1 1 5,177 "32";
33 0 1 154,198 "33";
34 1 0 61,167 "34";
35 0 1 32,41 "35";
36 0 1 42,59 "36";
37 1 1 129,199 "37";
38 2 1 96,137 "38";
39 2 1 133,196 "39";
40 1 1 55,75 "40";
41 0 1 34,64 "41";
42 1 0 115,160 "42";
43 1 0 5,84 "43";
44 1 0 33,152 "44";
45 1 0 62,180 "45";
46 2 1 5,97 "46";
47 0 1 143,191 "47";
48 0 1 158,176 "48";
49 2 0 39,79 "49";
50 0 0 85,174 "50";
51 2 0 34,64 "51";
52 0 0 154,159 "52";
53 2 1 34,158 "53";
54 0 1 35,81 "54";
55 1 1 42,172 "55";
56 1 0 35,153 "56";
57 2 1 68,178 "57";
58 2 0 145,155 "58";
59 2 1 92,174 "59";
60 0 1 12,117 "60";
61 2 0 26,122 "61";
62 0 1 50,87 "62";
63 0 1 35,199 "63";
64 0 1 11,135 "64";
65 2 0 112,153 "65";
66 1 1 71,89 "66";
67 0 0 55,100 "67";
68 2 0 38,119 "68";
69 1 1 43,70 "69";
70 2 0 8,27 "70";
71 2 0 124,151 "71";
72 2 1 59,196 "72";
73 0 0 84,106 "73";
74 1 0 73,151 "74";
75 1 0 80,99 "75";
76 0 0 160,195 "76";
77 2 0 38,138 "77";
78 1 0 14,192 "78";
79 0 1 111,123 "79";
80 0 0 51,194 "80";
81 1 1 102,125 "81";
82 0 1 18,188 "82";
83 0 1 58,134 "83";
84 1 0 75,86 "84";
85 1 1 6,84 "85";
86 1 0 89,132 "86";
87 0 1 150,162 "87";
88 2 0 24,82 "88";
89 0 0 17,73 "89";
90 0 0 7,182 "90";
91 2 1 0,157 "91";
92 2 1 31,113 "92";
93 0 1 168,194 "93";
94 1 1 15,129 "94";
95 2 0 76,192 "95";
96 0 0 65,87 "96";
97 0 0 64,187 "97";
98 1 0 32,193 "98";
99 0 1 11,19 "99";
100 0 1 99,140 "100";
101 2 0 97,183 "101";
102 0 0 73,186 "102";
103 2 0 75,188 "103";
104 2 0 56,100 "104";
105 1 1 70,126 "105";
106 0 1 87,132 "106";
107 0 1 62,129 "107";
108 1 0 17,61 "108";
109 1 1 64,80 "109";
110 0 0 118,174 "110";
111 1 1 153,171 "111";
112 1 0 70,164 "112";
113 1 0 13,118 "113";
114 2 0 92,134 "114";
115 1 1 164,170 "115";
116 2 1 43,191 "116";
117 1 0 140,184 "117";
118 2 1 26,138 "118";
119 0 1 155,178 "119";
120 0 1 13,167 "120";
121 0 1 143,163 "121";
122 0 0 41,162 "122";
123 1 0 11,181 "123";
124 0 0 49,118 "124";
125 0 0 30,148 "125";
126 1 0 11,31 "126";
127 1 1 104,176 "127";
128 0 0 29,124 "128";
129 1 0 17,106 "129";
130 1 0 95,109 "130";
131 1 1 85,143 "131";
132 1 1 63,155 "132";
133 2 0 36,44 "133";
134 0 1 27,41 "134";
135 0 1 66,183 "135";
136 2 1 12,57 "136";
137 2 1 115,127 "137";
138 0 0 26,169 "138";
139 1 0 42,168 "139";
140 0 0 37,133 "140";
141 1 0 53,178 "141";
142 1 1 153,155 "142";
143 1 0 168,181 "143";
144 1 1 62,180 "144";
145 0 1 181,196 "145";
146 0 1 3,58 "146";
147 2 1 9,73 "147";
148 2 0 75,169 "148";
149 2 1 93,137 "149";
150 0 0 15,47 "150";
151 1 0 28,96 "151";
152 1 1 35,167 "152";
153 1 0 27,126 "153";
154 1 1 28,156 "154";
155 1 1 55,165 "155";
156 1 1 19,197 "156";
157 0 1 45,198 "157";
158 0 0 42,176 "158";
159 1 1 94,153 "159";
160 0 1 165,193 "160";
161 0 1 11,38 "161";
162 1 1 47,108 "162";
163 1 1 80,199 "163";
164 1 0 27,169 "164";
165 0 1 27,109 "165";
166 2 1 48,191 "166";
167 1 0 132,186 "167";
168 2 0 28,106 "168";
169 1 0 73,113 "169";
170 0 0 21,140 "170";
171 0 1 141,193 "171";
172 1 1 2,109 "172";
173 2 1 56,132 "173";
174 0 0 32,109 "174";
175 2 1 81,126 "175";
176 1 0 49,179 "176";
177 0 0 82,90 "177";
178 0 0 108,141 "178";
179 0 1 43,62 "179";
180 1 0 5,132 "180";
181 1 1 46,110 "181";
182 0 0 58,171 "182";
183 0 0 4,85 "183";
184 2 1 15,140 "184";
185 1 1 51,118 "185";
186 2 0 101,113 "186";
187 1 0 42,59 "187";
188 1 0 147,149 "188";
189 0 0 44,72 "189";
190 1 0 76,136 "190";
191 2 1 122,196 "191";
192 2 1 147,170 "192";
193 1 0 112,163 "193";
194 1 1 34,169 "194";
195 1 1 12,183 "195";
196 0 1 86,198 "196";
197 1 0 8,136 "197";
198 1 1 9,30 "198";
199 0 0 105,112 "199";
