parity 234;
0 2 1 75,188 "0";
1 1 1 84,125 "1";
2 1 0 39,94 "2";
3 1 0 95,224 "3";
4 2 0 34,205 "4";
5 2 1 4,50 "5";
6 1 0 83,117 "6";
7 2 1 53,112 "7";
8 0 0 180,187 "8";
9 2 0 150,169 "9";
10 0 1 34,55 "10";
11 1 0 1,139 "11";
12 0 1 199,200 "12";
13 1 0 147,219 "13";
14 0 1 41,164 "14";
15 0 1 25,202 "15";
16 0 1 38,220 "16";
17 2 0 155,219 "17";
18 2 0 17,234 "18";
19 2 0 112,169 "19";
20 2 1 68,78 "20";
21 1 1 65,79 "21";
22 2 1 218,229 "22";
23 1 0 118,195 "23";
24 2 0 125,145 "24";
25 1 0 150,183 "25";
26 0 0 35,167 "26";
27 0 0 22,101 "27";
28 2 0 175,213 "28";
29 0 0 203,212 "29";
30 1 1 57,160 "30";
31 2 0 24,46 "31";
32 0 0 7,201 "32";
33 0 1 4,126 "33";
34 2 1 59,204 "34";
35 1 1 111,120 "35";
36 1 1 75,175 "36";
37 0 0 77,153 "37";
38 2 1 66,227 "38";
39 1 0 103,153 "39";
40 0 0 138,179 "40";
41 0 1 73,176 "41";
42 2 0 112,199 "42";
43 1 1 116,160 "43";
44 1 0 2,231 "44";
45 2 0 161,209 "45";
46 2 0 14,123 "46";
47 1 1 22,148 "47";
48 2 0 91,187 "48";
49 0 1 107,182 "49";
50 1 1 103,222 "50";
51 1 0 103,192 "51";
52 2 1 61,172 "52";
53 0 0 32,219 "53";
54 1 0 13,163 "54";
55 0 1 92,102 "55";
56 0 0 26,196 "56";
57 2 0 54,206 "57";
58 0 0 75,83 "58";
59 0 1 151,217 "59";
60 2 1 107,213 "60";
61 1 0 117,195 "61";
62 1 1 121,130 "62";
63 2 1 115,133 "63";
64 2 0 56,133 "64";
65 2 1 163,165 "65";
66 1 1 79,100 "66";
67 2 0 78,191 "67";
68 0 0 90,233 "68";
69 2 0 210,212 "69";
70 1 0 1,113 "70";
71 1 0 33,178 "71";
72 2 1 56,188 "72";
73 2 1 83,104 "73";
74 2 1 43,114 "74";
75 1 1 30,139 "75";
76 0 0 43,164 "76";
77 2 1 21,22 "77";
78 0 0 28,86 "78";
79 1 1 49,191 "79";
80 1 0 20,174 "80";
81 1 1 13,212 "81";
82 2 1 66,77 "82";
83 2 0 75,159 "83";
84 1 1 62,166 "84";
85 2 1 107,161 "85";
86 0 0 202,204 "86";
87 1 1 95,139 "87";
88 0 0 85,203 "88";
89 2 1 141,185 "89";
90 0 1 18,225 "90";
91 1 1 19,128 "91";
92 2 1 19,216 "92";
93 2 0 33,172 "93";
94 2 0 43,201 "94";
95 2 1 39,72 "95";
96 0 0 83,151 "96";
97 0 1 70,221 "97";
98 0 0 157,217 "98";
99 2 1 119,165 "99";
100 1 1 110,151 "100";
101 2 1 9,58 "101";
102 2 0 58,209 "102";
103 0 1 49,99 "103";
104 0 1 151,193 "104";
105 1 0 34,206 "105";
106 0 1 77,180 "106";
107 1 0 40,158 "107";
108 2 0 22,45 "108";
109 2 1 6,22 "109";
110 1 0 51,75 "110";
111 0 1 182,184 "111";
112 0 0 135,190 "112";
113 1 1 14,218 "113";
114 2 0 71,137 "114";
115 1 1 157,202 "115";
116 2 0 22,211 "116";
117 1 1 128,213 "117";
118 0 1 109,223 "118";
119 2 1 27,155 "119";
120 2 1 66,156 "120";
121 2 1 41,162 "121";
122 2 0 66,159 "122";
123 2 0 68,111 "123";
124 2 1 0,69 "124";
125 2 1 195,224 "125";
126 2 1 12,224 "126";
127 0 1 80,182 "127";
128 2 0 47,195 "128";
129 2 1 78,177 "129";
130 0 1 56,94 "130";
131 0 1 11,116 "131";
132 2 1 3,54 "132";
133 0 1 2,213 "133";
134 2 1 144,159 "134";
135 0 1 78,199 "135";
136 2 1 45,59 "136";
137 2 1 176,233 "137";
138 2 1 175,183 "138";
139 1 0 172,206 "139";
140 1 1 85,159 "140";
141 1 0 49,58 "141";
142 2 1 44,173 "142";
143 0 0 138,228 "143";
144 1 0 161,178 "144";
145 1 1 125,127 "145";
146 0 1 0,63 "146";
147 2 1 92,132 "147";
148 1 1 40,186 "148";
149 1 0 86,95 "149";
150 2 1 98,120 "150";
151 2 0 53,210 "151";
152 0 0 117,162 "152";
153 0 0 67,98 "153";
154 0 1 131,179 "154";
155 2 1 15,36 "155";
156 0 1 12,75 "156";
157 1 1 53,100 "157";
158 0 1 19,119 "158";
159 0 1 137,152 "159";
160 0 1 213,219 "160";
161 0 0 111,206 "161";
162 0 0 49,67 "162";
163 1 0 134,218 "163";
164 0 1 38,187 "164";
165 0 1 93,96 "165";
166 1 1 12,165 "166";
167 2 0 215,223 "167";
168 1 0 46,118 "168";
169 0 1 137,154 "169";
170 0 1 81,175 "170";
171 0 1 79,203 "171";
172 2 1 33,41 "172";
173 2 1 37,61 "173";
174 0 0 27,30 "174";
175 2 1 66,90 "175";
176 2 0 120,173 "176";
177 1 1 185,215 "177";
178 1 0 14,166 "178";
179 1 1 45,178 "179";
180 1 1 102,182 "180";
181 0 0 6,228 "181";
182 1 1 20,201 "182";
183 0 1 131,226 "183";
184 1 1 44,202 "184";
185 2 0 72,125 "185";
186 0 0 23,191 "186";
187 0 0 110,166 "187";
188 2 1 99,233 "188";
189 0 1 143,153 "189";
190 0 0 96,221 "190";
191 2 0 71,173 "191";
192 1 0 29,115 "192";
193 2 0 74,211 "193";
194 1 0 9,89 "194";
195 0 1 119,193 "195";
196 2 1 74,167 "196";
197 0 0 22,127 "197";
198 1 1 2,45 "198";
199 0 0 189,209 "199";
200 1 0 53,153 "200";
201 2 1 144,177 "201";
202 2 1 22,144 "202";
203 1 1 49,223 "203";
204 0 0 74,84 "204";
205 2 1 42,56 "205";
206 0 0 172,222 "206";
207 1 1 77,200 "207";
208 2 0 146,168 "208";
209 1 1 32,167 "209";
210 0 1 55,110 "210";
211 2 0 159,208 "211";
212 1 0 56,162 "212";
213 1 0 20,108 "213";
214 0 0 215,234 "214";
215 2 1 7,107 "215";
216 1 0 31,152 "216";
217 0 1 98,105 "217";
218 0 1 131,191 "218";
219 2 1 166,181 "219";
220 2 1 31,164 "220";
221 2 1 146,162 "221";
222 0 0 3,187 "222";
223 0 1 32,216 "223";
224 2 0 42,65 "224";
225 2 1 161,218 "225";
226 1 0 168,227 "226";
227 0 1 64,68 "227";
228 1 1 51,103 "228";
229 2 0 51,114 "229";
230 2 0 60,209 "230";
231 2 1 13,185 "231";
232 2 0 151,195 "232";
233 1 0 70,232 "233";
234 2 1 98,135 "234";
