parity 214;
0 2 0 15,55 "0";
1 1 0 92,94 "1";
2 2 1 37,136 "2";
3 0 0 143,202 "3";
4 2 1 46,101 "4";
5 0 0 73,112 "5";
6 1 0 168,205 "6";
7 2 1 80,165 "7";
8 2 0 10,100 "8";
9 1 0 132,186 "9";
10 2 1 142,159 "10";
11 0 0 46,126 "11";
12 1 1 200,205 "12";
13 0 0 85,191 "13";
14 1 0 119,135 "14";
15 2 1 139,164 "15";
16 0 1 41,140 "16";
17 2 1 124,214 "17";
18 0 0 66,112 "18";
19 1 0 75,129 "19";
20 2 0 32,53 "20";
21 2 1 114,214 "21";
22 2 1 74,83 "22";
23 0 0 114,205 "23";
24 0 0 57,105 "24";
25 2 0 7,34 "25";
26 1 1 112,171 "26";
27 1 1 39,69 "27";
28 2 0 70,204 "28";
29 1 0 56,64 "29";
30 1 0 40,62 "30";
31 1 0 24,182 "31";
32 1 0 19,154 "32";
33 1 0 50,87 "33";
34 1 1 92,168 "34";
35 2 1 70,76 "35";
36 2 1 93,122 "36";
37 1 0 103,193 "37";
38 1 1 100,153 "38";
39 0 0 100,198 "39";
40 1 1 130,132 "40";
41 1 1 10,18 "41";
42 0 1 198,211 "42";
43 1 1 39,212 "43";
44 1 0 147,202 "44";
45 2 0 191,203 "45";
46 1 1 143,205 "46";
47 2 1 11,19 "47";
48 2 0 87,214 "48";
49 1 1 139,204 "49";
50 2 1 91,131 "50";
51 1 1 27,106 "51";
52 1 0 158,161 "52";
53 1 0 14,118 "53";
54 1 0 83,120 "54";
55 0 0 58,191 "55";
56 1 1 85,191 "56";
57 0 1 3,88 "57";
58 2 0 89,170 "58";
59 1 0 112,199 "59";
60 2 0 7,54 "60";
61 2 0 11,97 "61";
62 1 0 4,113 "62";
63 2 0 32,203 "63";
64 1 0 0,12 "64";
65 2 1 103,173 "65";
66 2 0 86,153 "66";
67 0 1 13,202 "67";
68 0 1 7,137 "68";
69 0 1 65,66 "69";
70 0 0 24,113 "70";
71 0 1 44,180 "71";
72 0 0 87,182 "72";
73 0 1 23,34 "73";
74 2 1 42,78 "74";
75 0 0 77,108 "75";
76 1 0 10,128 "76";
77 2 0 109,197 "77";
78 0 1 18,197 "78";
79 0 0 30,157 "79";
80 2 1 108,179 "80";
81 0 0 35,128 "81";
82 2 0 1,99 "82";
83 2 0 191,199 "83";
84 0 0 71,175 "84";
85 1 0 18,197 "85";
86 2 1 25,164 "86";
87 0 0 70,85 "87";
88 0 1 67,107 "88";
89 1 0 81,142 "89";
90 0 0 102,176 "90";
91 0 1 196,213 "91";
92 1 0 152,195 "92";
93 2 0 153,183 "93";
94 1 1 50,175 "94";
95 0 0 101,171 "95";
96 2 0 102,199 "96";
97 0 0 145,169 "97";
98 2 0 50,152 "98";
99 0 0 44,194 "99";
100 0 0 70,133 "100";
101 0 0 180,197 "101";
102 2 1 85,106 "102";
103 1 0 14,49 "103";
104 1 0 27,180 "104";
105 1 1 17,154 "105";
106 1 1 69,172 "106";
107 0 0 140,207 "107";
108 2 0 137,140 "108";
109 0 0 98,171 "109";
110 1 0 92,133 "110";
111 0 1 149,211 "111";
112 1 0 47,159 "112";
113 0 0 40,154 "113";
114 1 0 59,207 "114";
115 2 1 12,198 "115";
116 1 1 31,169 "116";
117 1 1 69,76 "117";
118 0 1 39,173 "118";
119 2 1 73,180 "119";
120 1 1 80,91 "120";
121 1 0 52,149 "121";
122 1 0 11,69 "122";
123 0 1 13,128 "123";
124 1 0 84,111 "124";
125 1 1 0,42 "125";
126 2 0 63,73 "126";
127 2 1 41,88 "127";
128 1 0 86,145 "128";
129 2 0 13,75 "129";
130 1 0 49,213 "130";
131 2 1 114,214 "131";
132 2 1 124,214 "132";
133 0 0 52,118 "133";
134 0 1 45,100 "134";
135 1 0 123,161 "135";
136 0 0 13,163 "136";
137 0 1 19,87 "137";
138 2 0 31,210 "138";
139 0 0 5,171 "139";
140 2 0 28,70 "140";
141 2 1 176,210 "141";
142 1 0 12,92 "142";
143 0 0 52,60 "143";
144 0 0 92,207 "144";
145 1 1 13,208 "145";
146 2 1 101,170 "146";
147 1 1 74,124 "147";
148 1 0 178,199 "148";
149 1 1 54,63 "149";
150 1 0 48,180 "150";
151 0 1 45,144 "151";
152 1 1 72,104 "152";
153 0 0 34,210 "153";
154 2 1 36,83 "154";
155 0 1 51,55 "155";
156 2 0 100,191 "156";
157 2 0 47,147 "157";
158 1 0 96,136 "158";
159 0 1 198,213 "159";
160 1 1 45,152 "160";
161 0 0 8,145 "161";
162 0 1 119,129 "162";
163 2 1 28,38 "163";
164 2 1 0,76 "164";
165 2 0 20,65 "165";
166 0 0 18,115 "166";
167 0 1 12,32 "167";
168 2 1 61,212 "168";
169 2 1 81,199 "169";
170 2 0 49,197 "170";
171 0 1 18,144 "171";
172 2 0 113,149 "172";
173 1 0 40,198 "173";
174 1 0 25,74 "174";
175 2 1 182,199 "175";
176 2 0 53,193 "176";
177 0 1 44,150 "177";
178 1 0 144,146 "178";
179 0 1 133,167 "179";
180 0 1 1,155 "180";
181 1 1 127,164 "181";
182 0 1 71,90 "182";
183 1 1 4,208 "183";
184 1 0 94,126 "184";
185 0 0 67,171 "185";
186 1 1 107,115 "186";
187 0 1 3,15 "187";
188 2 1 42,143 "188";
189 0 0 57,176 "189";
190 1 1 13,79 "190";
191 2 1 111,130 "191";
192 1 0 75,187 "192";
193 2 1 163,198 "193";
194 1 0 135,184 "194";
195 2 0 56,169 "195";
196 0 0 152,204 "196";
197 2 1 23,120 "197";
198 2 1 89,122 "198";
199 2 1 206,208 "199";
200 1 0 39,150 "200";
201 1 0 116,156 "201";
202 0 1 59,173 "202";
203 2 1 92,199 "203";
204 1 1 13,36 "204";
205 2 0 74,129 "205";
206 1 1 4,165 "206";
207 1 0 98,106 "207";
208 2 1 82,100 "208";
209 1 0 74,101 "209";
210 1 1 27,41 "210";
211 1 0 85,133 "211";
212 1 0 15,175 "212";
213 0 1 103,180 "213";
214 0 1 37,192 "214";
