parity 239;
0 1 1 57,127 "0";
1 2 0 142,204 "1";
2 2 1 41,100 "2";
3 0 1 149,167 "3";
4 1 0 15,70 "4";
5 1 1 141,219 "5";
6 1 1 113,124 "6";
7 0 1 89,180 "7";
8 2 0 66,104 "8";
9 1 0 32,182 "9";
10 1 0 4,222 "10";
11 1 1 41,226 "11";
12 0 0 16,147 "12";
13 0 1 155,206 "13";
14 0 1 214,236 "14";
15 0 1 31,132 "15";
16 2 1 38,82 "16";
17 0 1 109,137 "17";
18 0 0 170,178 "18";
19 0 0 4,188 "19";
20 2 1 165,203 "20";
21 2 0 92,188 "21";
22 2 1 78,220 "22";
23 2 0 87,157 "23";
24 0 0 85,94 "24";
25 0 1 83,99 "25";
26 1 0 57,204 "26";
27 0 1 172,175 "27";
28 2 0 19,25 "28";
29 2 0 87,236 "29";
30 0 0 31,90 "30";
31 1 0 1,47 "31";
32 1 0 59,152 "32";
33 0 0 187,213 "33";
34 1 0 106,207 "34";
35 0 0 89,97 "35";
36 1 1 2,129 "36";
37 0 1 58,76 "37";
38 1 1 212,231 "38";
39 1 0 144,237 "39";
40 2 1 193,229 "40";
41 2 0 2,185 "41";
42 0 1 170,223 "42";
43 1 1 46,226 "43";
44 1 1 61,97 "44";
45 1 1 10,87 "45";
46 1 1 177,218 "46";
47 2 0 44,67 "47";
48 0 0 46,164 "48";
49 0 1 21,37 "49";
50 1 1 78,233 "50";
51 2 1 75,186 "51";
52 1 0 122,140 "52";
53 2 0 27,220 "53";
54 0 1 32,41 "54";
55 1 1 12,118 "55";
56 1 0 61,89 "56";
57 1 1 163,180 "57";
58 2 1 204,226 "58";
59 1 1 143,213 "59";
60 0 1 77,149 "60";
61 0 1 123,181 "61";
62 1 0 71,229 "62";
63 1 0 53,237 "63";
64 1 1 13,109 "64";
65 1 1 20,181 "65";
66 1 1 21,201 "66";
67 0 1 141,147 "67";
68 1 1 48,153 "68";
69 2 0 18,225 "69";
70 2 0 68,187 "70";
71 2 0 32,161 "71";
72 1 0 40,202 "72";
73 2 1 135,212 "73";
74 0 1 220,224 "74";
75 1 1 173,202 "75";
76 0 0 147,185 "76";
77 0 1 121,210 "77";
78 0 1 186,236 "78";
79 0 1 67,223 "79";
80 0 1 12,178 "80";
81 1 0 92,149 "81";
82 0 1 179,203 "82";
83 0 0 34,108 "83";
84 1 0 34,208 "84";
85 2 0 48,118 "85";
86 2 1 121,218 "86";
87 0 1 36,239 "87";
88 2 1 19,107 "88";
89 2 1 91,221 "89";
90 2 1 192,221 "90";
91 1 1 54,129 "91";
92 0 0 126,141 "92";
93 1 1 178,204 "93";
94 0 1 152,213 "94";
95 0 1 58,179 "95";
96 2 1 16,205 "96";
97 2 1 9,57 "97";
98 0 0 84,113 "98";
99 2 0 222,225 "99";
100 2 0 68,216 "100";
101 0 1 3,132 "101";
102 0 0 6,210 "102";
103 1 1 118,176 "103";
104 2 0 198,204 "104";
105 1 0 74,134 "105";
106 2 1 201,210 "106";
107 0 1 143,145 "107";
108 1 1 158,219 "108";
109 2 1 32,48 "109";
110 1 1 186,235 "110";
111 0 0 143,218 "111";
112 1 1 28,210 "112";
113 2 0 24,151 "113";
114 0 0 36,94 "114";
115 1 1 66,167 "115";
116 0 1 63,128 "116";
117 2 1 21,188 "117";
118 0 1 112,119 "118";
119 0 0 87,179 "119";
120 0 1 76,184 "120";
121 0 0 73,189 "121";
122 2 1 30,211 "122";
123 1 1 197,225 "123";
124 1 0 41,204 "124";
125 0 1 123,147 "125";
126 0 1 109,139 "126";
127 1 0 50,138 "127";
128 0 1 93,217 "128";
129 0 0 6,169 "129";
130 1 0 133,156 "130";
131 0 0 19,223 "131";
132 1 1 22,173 "132";
133 2 1 16,76 "133";
134 2 0 8,138 "134";
135 1 0 131,133 "135";
136 2 1 71,193 "136";
137 0 0 64,138 "137";
138 0 0 5,87 "138";
139 0 1 29,170 "139";
140 2 0 148,190 "140";
141 2 1 55,224 "141";
142 2 1 149,230 "142";
143 2 1 115,160 "143";
144 2 0 19,103 "144";
145 2 0 166,193 "145";
146 1 0 119,216 "146";
147 0 1 8,230 "147";
148 1 0 7,214 "148";
149 2 0 56,137 "149";
150 2 1 123,134 "150";
151 1 1 141,149 "151";
152 2 1 39,104 "152";
153 2 1 141,220 "153";
154 0 1 101,150 "154";
155 2 0 0,192 "155";
156 1 1 131,236 "156";
157 2 1 84,125 "157";
158 0 0 47,102 "158";
159 0 0 68,116 "159";
160 0 1 59,207 "160";
161 0 1 11,200 "161";
162 1 1 23,210 "162";
163 1 1 162,189 "163";
164 2 0 17,87 "164";
165 0 0 170,185 "165";
166 0 1 89,235 "166";
167 0 0 110,131 "167";
168 0 1 83,140 "168";
169 0 1 101,146 "169";
170 0 1 24,138 "170";
171 1 0 38,87 "171";
172 2 0 36,142 "172";
173 2 1 57,81 "173";
174 1 0 24,65 "174";
175 2 1 118,196 "175";
176 0 1 187,195 "176";
177 2 1 16,34 "177";
178 1 0 70,209 "178";
179 2 1 85,141 "179";
180 1 1 145,164 "180";
181 1 1 29,163 "181";
182 1 1 142,210 "182";
183 1 1 52,212 "183";
184 2 0 18,151 "184";
185 0 0 109,131 "185";
186 0 0 43,84 "186";
187 1 0 117,227 "187";
188 2 1 46,176 "188";
189 1 0 179,228 "189";
190 0 1 66,159 "190";
191 1 0 37,108 "191";
192 1 0 11,113 "192";
193 1 0 175,197 "193";
194 0 0 34,39 "194";
195 0 1 138,207 "195";
196 2 0 53,112 "196";
197 1 1 11,87 "197";
198 2 0 128,146 "198";
199 2 0 48,151 "199";
200 2 0 5,219 "200";
201 1 1 61,118 "201";
202 2 1 90,181 "202";
203 1 0 21,60 "203";
204 1 0 63,103 "204";
205 2 0 35,121 "205";
206 2 0 58,80 "206";
207 1 1 36,230 "207";
208 2 1 96,203 "208";
209 0 1 85,116 "209";
210 1 0 111,236 "210";
211 0 0 3,189 "211";
212 1 0 55,153 "212";
213 2 1 126,220 "213";
214 1 0 91,154 "214";
215 0 1 153,193 "215";
216 2 1 116,191 "216";
217 2 0 82,146 "217";
218 1 0 111,143 "218";
219 0 1 78,119 "219";
220 1 0 140,175 "220";
221 2 1 1,78 "221";
222 2 0 124,141 "222";
223 0 0 200,214 "223";
224 1 1 41,174 "224";
225 2 0 63,170 "225";
226 2 1 57,231 "226";
227 1 0 193,217 "227";
228 2 0 13,143 "228";
229 0 0 117,175 "229";
230 1 0 95,231 "230";
231 1 1 2,239 "231";
232 1 0 34,59 "232";
233 2 1 54,63 "233";
234 2 0 61,150 "234";
235 1 0 109,167 "235";
236 1 1 117,161 "236";
237 0 0 32,168 "237";
238 1 0 62,228 "238";
239 0 0 78,205 "239";
