parity 254;
0 2 0 14,74 "0";
1 1 0 71,85 "1";
2 1 0 127,181 "2";
3 1 0 18,198 "3";
4 0 1 8,203 "4";
5 0 0 8,182 "5";
6 1 0 114,204 "6";
7 0 1 37,191 "7";
8 1 0 18,75 "8";
9 1 0 108,113 "9";
10 2 0 11,19 "10";
11 2 1 211,238 "11";
12 2 1 76,250 "12";
13 0 0 26,164 "13";
14 1 0 128,135 "14";
15 1 0 65,104 "15";
16 0 1 47,69 "16";
17 0 0 114,138 "17";
18 1 0 15,229 "18";
19 1 1 64,87 "19";
20 1 1 25,28 "20";
21 2 0 22,119 "21";
22 0 1 73,231 "22";
23 1 1 82,213 "23";
24 2 1 126,222 "24";
25 0 0 1,198 "25";
26 1 0 92,173 "26";
27 0 0 132,173 "27";
28 1 0 103,134 "28";
29 2 1 99,129 "29";
30 2 1 23,212 "30";
31 0 0 19,70 "31";
32 1 0 77,253 "32";
33 0 0 34,82 "33";
34 0 0 104,227 "34";
35 2 1 95,208 "35";
36 2 0 47,221 "36";
37 2 1 161,192 "37";
38 2 1 12,209 "38";
39 1 1 126,214 "39";
40 1 0 71,96 "40";
41 2 0 207,229 "41";
42 2 1 106,116 "42";
43 0 0 94,203 "43";
44 2 0 46,183 "44";
45 0 0 96,230 "45";
46 0 0 156,233 "46";
47 2 1 138,238 "47";
48 2 1 42,93 "48";
49 2 0 91,136 "49";
50 0 1 131,185 "50";
51 0 0 63,210 "51";
52 1 0 109,113 "52";
53 2 1 41,94 "53";
54 1 0 39,250 "54";
55 0 0 63,224 "55";
56 0 1 149,231 "56";
57 0 0 40,155 "57";
58 0 1 95,146 "58";
59 1 0 61,179 "59";
60 1 0 86,100 "60";
61 2 0 95,247 "61";
62 1 1 158,186 "62";
63 2 1 51,79 "63";
64 1 0 5,230 "64";
65 2 0 28,144 "65";
66 2 1 8,69 "66";
67 2 1 14,33 "67";
68 1 0 33,199 "68";
69 0 0 150,216 "69";
70 1 1 51,184 "70";
71 0 1 35,115 "71";
72 1 0 0,189 "72";
73 1 1 128,200 "73";
74 2 1 85,156 "74";
75 0 1 91,126 "75";
76 0 0 16,195 "76";
77 1 0 103,161 "77";
78 0 1 57,221 "78";
79 0 1 115,218 "79";
80 1 0 116,248 "80";
81 2 1 62,155 "81";
82 0 0 117,174 "82";
83 2 1 0,204 "83";
84 2 1 45,109 "84";
85 0 0 91,119 "85";
86 2 0 41,119 "86";
87 1 1 94,136 "87";
88 1 0 76,220 "88";
89 2 0 9,102 "89";
90 2 0 0,223 "90";
91 0 1 47,234 "91";
92 1 1 24,105 "92";
93 2 0 53,248 "93";
94 1 0 54,69 "94";
95 0 1 189,206 "95";
96 1 0 26,91 "96";
97 0 1 208,227 "97";
98 1 0 39,162 "98";
99 1 0 1,122 "99";
100 1 1 107,178 "100";
101 1 1 142,217 "101";
102 2 0 5,156 "102";
103 2 0 75,91 "103";
104 0 1 92,236 "104";
105 2 0 16,190 "105";
106 2 1 155,212 "106";
107 0 1 232,239 "107";
108 2 0 109,244 "108";
109 2 1 25,252 "109";
110 1 0 25,195 "110";
111 1 1 123,227 "111";
112 1 0 13,174 "112";
113 1 1 32,248 "113";
114 0 0 70,108 "114";
115 0 1 67,162 "115";
116 2 0 38,130 "116";
117 2 1 101,128 "117";
118 2 0 34,67 "118";
119 1 1 143,146 "119";
120 0 1 25,111 "120";
121 1 1 120,137 "121";
122 2 0 142,162 "122";
123 2 0 63,164 "123";
124 2 1 8,143 "124";
125 1 0 250,254 "125";
126 1 1 33,187 "126";
127 2 1 110,250 "127";
128 1 0 14,145 "128";
129 2 1 100,198 "129";
130 2 0 153,203 "130";
131 0 1 2,110 "131";
132 0 0 169,212 "132";
133 2 1 12,18 "133";
134 0 1 119,251 "134";
135 0 1 201,243 "135";
136 2 0 34,242 "136";
137 0 0 0,232 "137";
138 2 1 206,213 "138";
139 0 0 26,162 "139";
140 1 0 105,162 "140";
141 0 1 26,100 "141";
142 1 1 126,145 "142";
143 2 0 47,213 "143";
144 1 1 18,28 "144";
145 1 0 157,162 "145";
146 1 1 162,193 "146";
147 2 1 56,73 "147";
148 1 0 71,104 "148";
149 0 1 42,85 "149";
150 0 1 53,227 "150";
151 2 0 12,254 "151";
152 2 1 50,233 "152";
153 2 0 216,249 "153";
154 0 0 29,47 "154";
155 1 0 64,146 "155";
156 0 1 172,247 "156";
157 2 1 71,192 "157";
158 1 0 27,35 "158";
159 2 0 6,98 "159";
160 1 0 88,134 "160";
161 0 1 21,118 "161";
162 0 0 47,64 "162";
163 0 0 165,243 "163";
164 1 1 32,156 "164";
165 0 0 49,79 "165";
166 2 0 25,58 "166";
167 0 1 193,231 "167";
168 1 1 0,155 "168";
169 0 1 65,172 "169";
170 1 0 17,43 "170";
171 1 1 181,239 "171";
172 0 1 214,219 "172";
173 1 0 18,24 "173";
174 2 1 65,246 "174";
175 1 0 75,247 "175";
176 0 1 125,139 "176";
177 1 0 9,163 "177";
178 2 1 53,197 "178";
179 1 1 18,29 "179";
180 0 0 99,116 "180";
181 1 0 160,193 "181";
182 2 1 2,53 "182";
183 1 0 25,170 "183";
184 1 1 76,91 "184";
185 1 0 136,222 "185";
186 2 0 53,108 "186";
187 0 0 76,95 "187";
188 2 1 54,65 "188";
189 2 0 29,222 "189";
190 2 1 151,154 "190";
191 2 1 66,94 "191";
192 2 1 177,215 "192";
193 2 1 132,147 "193";
194 1 1 54,235 "194";
195 0 0 127,149 "195";
196 0 0 36,245 "196";
197 1 1 99,202 "197";
198 2 1 0,10 "198";
199 0 1 62,231 "199";
200 2 0 64,253 "200";
201 1 1 25,154 "201";
202 1 1 48,57 "202";
203 0 0 59,197 "203";
204 2 0 84,156 "204";
205 2 0 42,239 "205";
206 2 0 137,147 "206";
207 0 0 62,234 "207";
208 2 0 15,39 "208";
209 2 0 85,241 "209";
210 2 0 60,172 "210";
211 2 0 91,119 "211";
212 2 1 196,206 "212";
213 0 1 64,162 "213";
214 2 0 102,118 "214";
215 1 0 30,140 "215";
216 0 0 3,72 "216";
217 0 0 54,89 "217";
218 1 1 121,220 "218";
219 1 0 46,103 "219";
220 0 1 131,180 "220";
221 0 1 146,200 "221";
222 2 1 31,206 "222";
223 0 0 40,112 "223";
224 2 1 29,202 "224";
225 2 1 66,164 "225";
226 2 0 16,254 "226";
227 1 1 121,150 "227";
228 0 0 128,218 "228";
229 2 1 76,175 "229";
230 1 1 93,141 "230";
231 0 0 84,198 "231";
232 2 1 5,61 "232";
233 0 1 73,220 "233";
234 0 0 4,220 "234";
235 1 0 73,204 "235";
236 2 0 93,98 "236";
237 2 0 126,146 "237";
238 1 0 101,254 "238";
239 2 1 38,138 "239";
240 1 1 85,178 "240";
241 0 0 209,211 "241";
242 0 1 84,154 "242";
243 2 0 150,249 "243";
244 1 0 44,218 "244";
245 1 0 85,133 "245";
246 0 0 42,171 "246";
247 1 1 93,114 "247";
248 1 1 26,152 "248";
249 1 0 36,94 "249";
250 1 1 181,198 "250";
251 0 0 217,254 "251";
252 2 0 41,233 "252";
253 2 1 22,241 "253";
254 2 1 62,92 "254";
