parity 284;
0 1 1 51,192 "0";
1 0 1 42,196 "1";
2 2 1 265,275 "2";
3 1 1 31,195 "3";
4 0 1 16,51 "4";
5 1 1 21,84 "5";
6 2 0 135,276 "6";
7 2 1 68,269 "7";
8 1 0 39,63 "8";
9 1 0 123,260 "9";
10 2 0 35,160 "10";
11 2 1 71,194 "11";
12 1 0 255,265 "12";
13 2 0 73,250 "13";
14 0 0 171,233 "14";
15 1 1 172,284 "15";
16 2 1 32,38 "16";
17 2 1 155,185 "17";
18 0 0 127,158 "18";
19 1 0 190,201 "19";
20 1 0 207,279 "20";
21 2 0 10,114 "21";
22 0 1 174,182 "22";
23 0 0 79,206 "23";
24 1 1 201,226 "24";
25 2 1 87,167 "25";
26 0 1 205,246 "26";
27 2 0 47,182 "27";
28 2 0 13,75 "28";
29 1 1 168,206 "29";
30 0 0 210,257 "30";
31 1 0 89,104 "31";
32 2 1 34,114 "32";
33 1 1 31,79 "33";
34 1 1 86,219 "34";
35 1 1 135,165 "35";
36 0 0 117,139 "36";
37 1 1 143,167 "37";
38 2 1 238,263 "38";
39 0 1 105,262 "39";
40 1 1 6,164 "40";
41 0 1 140,239 "41";
42 1 1 0,224 "42";
43 1 0 72,200 "43";
44 2 1 58,136 "44";
45 1 1 195,280 "45";
46 0 1 42,249 "46";
47 0 0 92,262 "47";
48 1 0 82,189 "48";
49 1 0 25,178 "49";
50 2 0 241,275 "50";
51 2 0 81,124 "51";
52 2 1 104,234 "52";
53 1 0 92,262 "53";
54 0 1 153,183 "54";
55 1 0 107,141 "55";
56 2 1 220,265 "56";
57 0 1 165,273 "57";
58 0 1 40,207 "58";
59 1 0 173,261 "59";
60 1 1 36,179 "60";
61 1 1 54,177 "61";
62 2 1 16,93 "62";
63 2 0 92,125 "63";
64 2 1 229,263 "64";
65 2 0 158,174 "65";
66 0 1 143,148 "66";
67 0 1 34,196 "67";
68 0 1 33,257 "68";
69 0 1 135,165 "69";
70 1 1 170,198 "70";
71 1 1 66,75 "71";
72 2 1 38,59 "72";
73 0 1 6,275 "73";
74 1 0 181,205 "74";
75 0 0 113,183 "75";
76 1 0 123,155 "76";
77 2 0 11,256 "77";
78 0 0 93,264 "78";
79 1 1 41,221 "79";
80 1 0 133,141 "80";
81 2 1 160,175 "81";
82 2 0 15,198 "82";
83 1 1 10,90 "83";
84 2 1 269,276 "84";
85 0 0 80,220 "85";
86 1 1 161,246 "86";
87 1 0 8,283 "87";
88 2 1 208,278 "88";
89 0 1 178,183 "89";
90 1 1 20,33 "90";
91 0 1 64,221 "91";
92 0 1 50,112 "92";
93 0 0 103,242 "93";
94 0 0 2,162 "94";
95 0 1 242,260 "95";
96 0 0 34,134 "96";
97 2 1 84,106 "97";
98 2 0 64,189 "98";
99 1 1 70,245 "99";
100 0 0 168,264 "100";
101 0 0 86,120 "101";
102 0 1 148,249 "102";
103 0 0 108,136 "103";
104 2 0 128,168 "104";
105 2 1 141,232 "105";
106 1 0 122,206 "106";
107 2 1 153,175 "107";
108 0 0 6,69 "108";
109 0 1 11,227 "109";
110 2 1 74,88 "110";
111 1 0 199,265 "111";
112 0 1 208,267 "112";
113 2 1 37,74 "113";
114 0 0 180,221 "114";
115 0 1 48,189 "115";
116 0 1 100,185 "116";
117 1 1 126,186 "117";
118 2 1 135,144 "118";
119 2 0 93,143 "119";
120 0 0 191,230 "120";
121 0 1 195,216 "121";
122 0 0 67,99 "122";
123 0 0 129,198 "123";
124 1 0 105,181 "124";
125 0 0 84,109 "125";
126 0 1 76,134 "126";
127 0 1 90,243 "127";
128 1 0 47,227 "128";
129 2 1 126,146 "129";
130 0 0 42,178 "130";
131 0 0 140,276 "131";
132 2 0 7,207 "132";
133 1 0 19,137 "133";
134 2 0 98,151 "134";
135 1 1 119,146 "135";
136 2 1 1,29 "136";
137 1 1 67,256 "137";
138 2 1 12,54 "138";
139 2 0 146,189 "139";
140 0 0 63,226 "140";
141 1 1 107,267 "141";
142 0 0 4,99 "142";
143 0 1 16,58 "143";
144 1 0 55,190 "144";
145 1 1 53,112 "145";
146 0 0 1,184 "146";
147 0 1 144,189 "147";
148 0 0 16,152 "148";
149 1 1 107,184 "149";
150 2 1 89,202 "150";
151 0 1 119,132 "151";
152 0 1 191,268 "152";
153 1 1 38,155 "153";
154 0 1 152,184 "154";
155 2 0 167,188 "155";
156 2 0 196,223 "156";
157 0 1 97,266 "157";
158 2 0 94,261 "158";
159 2 1 20,204 "159";
160 2 0 6,259 "160";
161 1 0 103,170 "161";
162 2 1 122,193 "162";
163 2 1 248,256 "163";
164 1 0 14,55 "164";
165 1 1 150,194 "165";
166 1 1 169,221 "166";
167 2 0 92,187 "167";
168 2 1 5,39 "168";
169 1 1 105,145 "169";
170 1 1 74,87 "170";
171 1 0 10,200 "171";
172 0 0 67,284 "172";
173 2 1 150,216 "173";
174 0 0 31,82 "174";
175 0 0 199,226 "175";
176 2 1 28,33 "176";
177 1 1 230,262 "177";
178 1 1 185,262 "178";
179 0 0 74,156 "179";
180 0 1 175,227 "180";
181 0 0 91,95 "181";
182 1 1 22,279 "182";
183 2 1 21,45 "183";
184 0 1 192,205 "184";
185 0 0 154,156 "185";
186 0 0 220,265 "186";
187 0 0 31,124 "187";
188 1 0 199,225 "188";
189 0 0 1,165 "189";
190 1 0 75,268 "190";
191 2 1 125,205 "191";
192 1 1 74,181 "192";
193 1 0 53,123 "193";
194 1 1 206,244 "194";
195 0 0 111,152 "195";
196 2 1 138,232 "196";
197 2 0 9,140 "197";
198 1 0 99,238 "198";
199 2 1 62,209 "199";
200 2 0 191,208 "200";
201 0 0 132,267 "201";
202 0 0 102,152 "202";
203 2 0 162,172 "203";
204 2 0 6,260 "204";
205 1 0 246,258 "205";
206 2 0 124,139 "206";
207 1 0 66,219 "207";
208 2 0 227,243 "208";
209 1 1 66,179 "209";
210 1 0 116,135 "210";
211 0 1 98,260 "211";
212 2 0 106,163 "212";
213 0 0 85,243 "213";
214 1 1 105,167 "214";
215 2 1 217,265 "215";
216 1 0 37,176 "216";
217 0 0 125,238 "217";
218 1 1 205,230 "218";
219 1 0 223,280 "219";
220 1 1 233,269 "220";
221 2 0 10,50 "221";
222 2 1 12,190 "222";
223 1 0 96,233 "223";
224 1 0 7,153 "224";
225 2 1 32,124 "225";
226 2 0 43,201 "226";
227 1 0 174,186 "227";
228 0 0 159,222 "228";
229 2 1 41,87 "229";
230 1 1 147,276 "230";
231 2 0 60,124 "231";
232 0 1 11,251 "232";
233 2 0 193,267 "233";
234 0 0 186,228 "234";
235 2 0 49,94 "235";
236 0 0 6,194 "236";
237 0 1 166,192 "237";
238 2 0 196,201 "238";
239 2 1 126,132 "239";
240 0 1 15,270 "240";
241 2 1 110,197 "241";
242 2 1 10,67 "242";
243 1 0 212,237 "243";
244 0 0 182,243 "244";
245 1 1 27,109 "245";
246 1 0 187,196 "246";
247 2 1 20,101 "247";
248 0 1 39,257 "248";
249 0 0 204,222 "249";
250 0 1 16,170 "250";
251 0 1 91,271 "251";
252 2 1 5,188 "252";
253 0 1 163,167 "253";
254 1 1 5,277 "254";
255 1 1 199,208 "255";
256 2 0 35,125 "256";
257 2 0 173,208 "257";
258 1 0 104,184 "258";
259 0 0 135,222 "259";
260 1 1 5,29 "260";
261 1 0 93,171 "261";
262 2 0 80,127 "262";
263 1 0 22,112 "263";
264 2 1 66,225 "264";
265 0 1 136,214 "265";
266 2 1 23,156 "266";
267 1 0 11,258 "267";
268 2 1 63,254 "268";
269 1 0 23,206 "269";
270 0 0 111,156 "270";
271 1 0 86,142 "271";
272 1 1 44,259 "272";
273 2 1 21,180 "273";
274 0 1 145,254 "274";
275 1 0 83,169 "275";
276 1 1 41,153 "276";
277 0 0 57,189 "277";
278 1 1 65,208 "278";
279 2 0 70,175 "279";
280 1 1 67,108 "280";
281 1 0 135,239 "281";
282 0 1 89,185 "282";
283 2 1 100,102 "283";
284 0 0 155,183 "284";
