parity 279;
0 2 0 100,230 "0";
1 2 0 67,136 "1";
2 2 1 252,257 "2";
3 2 1 63,142 "3";
4 0 0 26,267 "4";
5 0 1 154,188 "5";
6 0 0 102,110 "6";
7 2 0 74,207 "7";
8 1 1 252,274 "8";
9 2 1 11,197 "9";
10 0 1 29,86 "10";
11 1 0 14,70 "11";
12 1 1 175,270 "12";
13 0 0 145,278 "13";
14 0 0 207,230 "14";
15 1 1 92,277 "15";
16 2 1 31,158 "16";
17 2 0 199,210 "17";
18 0 0 11,105 "18";
19 2 1 117,251 "19";
20 1 1 124,278 "20";
21 0 0 74,83 "21";
22 1 0 23,42 "22";
23 2 1 189,270 "23";
24 2 1 10,249 "24";
25 1 1 67,92 "25";
26 0 0 30,91 "26";
27 2 0 46,105 "27";
28 0 0 47,116 "28";
29 0 0 1,20 "29";
30 1 0 62,77 "30";
31 1 1 29,168 "31";
32 0 1 111,149 "32";
33 1 1 170,181 "33";
34 1 1 19,25 "34";
35 2 0 47,268 "35";
36 0 0 34,129 "36";
37 1 1 244,257 "37";
38 1 0 67,237 "38";
39 0 1 126,217 "39";
40 2 0 23,116 "40";
41 1 0 13,123 "41";
42 2 0 64,263 "42";
43 0 0 80,171 "43";
44 2 1 62,232 "44";
45 0 0 150,275 "45";
46 1 0 36,107 "46";
47 1 1 30,142 "47";
48 0 0 55,117 "48";
49 1 1 146,184 "49";
50 1 1 101,278 "50";
51 0 1 110,228 "51";
52 1 1 76,253 "52";
53 1 0 171,189 "53";
54 2 0 101,159 "54";
55 0 0 30,136 "55";
56 0 0 45,67 "56";
57 0 1 24,149 "57";
58 1 0 156,217 "58";
59 0 1 40,75 "59";
60 1 1 119,166 "60";
61 2 1 123,135 "61";
62 0 0 249,252 "62";
63 2 0 92,140 "63";
64 2 1 90,160 "64";
65 1 0 174,237 "65";
66 0 0 115,163 "66";
67 1 0 14,275 "67";
68 1 1 120,131 "68";
69 2 1 170,256 "69";
70 1 1 130,140 "70";
71 1 0 103,171 "71";
72 1 1 5,88 "72";
73 2 0 144,245 "73";
74 0 1 54,222 "74";
75 0 0 135,210 "75";
76 0 1 128,274 "76";
77 1 1 46,218 "77";
78 2 1 42,102 "78";
79 2 0 199,264 "79";
80 1 1 28,225 "80";
81 2 1 119,155 "81";
82 2 1 159,165 "82";
83 2 1 51,222 "83";
84 1 0 7,273 "84";
85 0 1 71,142 "85";
86 2 1 163,199 "86";
87 2 0 61,109 "87";
88 0 0 18,192 "88";
89 0 0 137,171 "89";
90 0 1 71,72 "90";
91 1 1 16,222 "91";
92 1 1 167,213 "92";
93 0 0 148,272 "93";
94 2 1 45,165 "94";
95 2 0 116,272 "95";
96 1 0 145,213 "96";
97 0 1 105,195 "97";
98 0 0 6,274 "98";
99 2 0 59,79 "99";
100 0 1 35,183 "100";
101 0 1 2,269 "101";
102 0 0 122,162 "102";
103 1 1 61,82 "103";
104 0 0 56,93 "104";
105 1 0 57,216 "105";
106 0 1 27,235 "106";
107 1 0 16,115 "107";
108 0 1 16,42 "108";
109 2 1 55,63 "109";
110 2 0 210,275 "110";
111 0 0 13,213 "111";
112 2 0 236,260 "112";
113 2 0 141,275 "113";
114 2 0 8,193 "114";
115 2 1 37,156 "115";
116 1 1 10,148 "116";
117 2 0 49,136 "117";
118 2 1 88,91 "118";
119 2 0 17,183 "119";
120 0 0 158,170 "120";
121 1 0 27,63 "121";
122 1 0 28,38 "122";
123 0 0 100,252 "123";
124 0 0 178,191 "124";
125 1 1 206,210 "125";
126 0 0 56,140 "126";
127 0 1 82,269 "127";
128 1 1 94,258 "128";
129 1 1 62,92 "129";
130 1 1 147,188 "130";
131 2 0 179,254 "131";
132 2 0 118,176 "132";
133 2 1 119,142 "133";
134 0 0 10,133 "134";
135 1 0 84,116 "135";
136 0 1 76,89 "136";
137 1 0 130,208 "137";
138 0 1 164,242 "138";
139 2 0 118,164 "139";
140 1 1 10,17 "140";
141 1 1 23,34 "141";
142 0 0 94,268 "142";
143 1 0 64,152 "143";
144 2 0 30,177 "144";
145 0 0 173,234 "145";
146 1 0 100,102 "146";
147 2 0 204,244 "147";
148 1 0 22,103 "148";
149 2 1 35,100 "149";
150 2 1 243,253 "150";
151 2 1 243,269 "151";
152 0 1 41,125 "152";
153 1 1 46,194 "153";
154 1 0 17,168 "154";
155 1 1 220,276 "155";
156 1 0 145,220 "156";
157 0 0 89,176 "157";
158 2 0 75,246 "158";
159 1 0 190,216 "159";
160 0 1 102,147 "160";
161 2 1 166,185 "161";
162 0 0 68,278 "162";
163 2 0 20,232 "163";
164 1 1 121,149 "164";
165 1 0 77,213 "165";
166 1 1 98,136 "166";
167 2 1 28,127 "167";
168 2 0 238,253 "168";
169 0 0 4,13 "169";
170 1 1 44,180 "170";
171 2 0 79,238 "171";
172 2 1 40,187 "172";
173 0 0 26,52 "173";
174 0 1 73,144 "174";
175 1 1 174,221 "175";
176 2 0 118,217 "176";
177 2 0 56,75 "177";
178 0 1 14,128 "178";
179 1 0 118,271 "179";
180 0 1 74,156 "180";
181 1 0 21,75 "181";
182 2 1 198,207 "182";
183 2 1 96,210 "183";
184 1 1 134,234 "184";
185 0 1 64,211 "185";
186 2 0 109,110 "186";
187 1 0 52,236 "187";
188 1 1 77,79 "188";
189 1 1 97,225 "189";
190 2 0 48,73 "190";
191 2 1 56,181 "191";
192 2 1 138,279 "192";
193 2 1 62,249 "193";
194 1 0 8,64 "194";
195 1 0 155,233 "195";
196 1 1 102,208 "196";
197 1 0 20,166 "197";
198 2 1 63,191 "198";
199 2 0 164,235 "199";
200 0 1 102,231 "200";
201 2 1 43,219 "201";
202 1 1 98,241 "202";
203 0 0 19,169 "203";
204 1 1 126,254 "204";
205 0 1 42,268 "205";
206 2 0 182,278 "206";
207 2 0 145,160 "207";
208 1 0 88,127 "208";
209 1 0 77,81 "209";
210 0 0 49,208 "210";
211 1 1 103,240 "211";
212 2 1 41,172 "212";
213 2 0 73,255 "213";
214 0 0 107,112 "214";
215 0 1 90,204 "215";
216 0 0 37,261 "216";
217 1 0 118,196 "217";
218 2 1 36,39 "218";
219 0 1 134,196 "219";
220 2 1 7,146 "220";
221 2 1 19,209 "221";
222 0 0 35,134 "222";
223 2 0 240,255 "223";
224 1 0 109,237 "224";
225 1 1 69,243 "225";
226 0 0 46,165 "226";
227 0 1 61,205 "227";
228 0 1 50,66 "228";
229 1 0 165,279 "229";
230 2 0 151,153 "230";
231 2 0 170,234 "231";
232 1 1 65,245 "232";
233 0 1 55,210 "233";
234 1 0 40,276 "234";
235 1 1 161,276 "235";
236 0 1 198,209 "236";
237 2 0 118,170 "237";
238 0 0 0,27 "238";
239 2 0 48,261 "239";
240 2 0 89,164 "240";
241 0 0 35,174 "241";
242 1 0 184,217 "242";
243 0 1 50,262 "243";
244 1 1 48,56 "244";
245 1 1 46,183 "245";
246 2 0 26,160 "246";
247 1 0 39,198 "247";
248 0 0 56,112 "248";
249 2 0 8,154 "249";
250 2 1 55,124 "250";
251 2 0 229,275 "251";
252 2 1 61,202 "252";
253 2 1 213,224 "253";
254 1 1 86,162 "254";
255 1 1 24,170 "255";
256 0 0 235,238 "256";
257 1 1 78,249 "257";
258 1 1 120,211 "258";
259 0 1 85,125 "259";
260 0 1 151,189 "260";
261 1 1 4,15 "261";
262 1 1 120,187 "262";
263 0 1 168,234 "263";
264 2 1 46,250 "264";
265 0 0 101,194 "265";
266 1 1 14,176 "266";
267 2 0 57,222 "267";
268 1 1 184,244 "268";
269 1 0 104,179 "269";
270 0 0 176,226 "270";
271 2 0 103,198 "271";
272 2 0 122,199 "272";
273 0 0 31,224 "273";
274 0 1 14,114 "274";
275 2 1 29,244 "275";
276 0 1 174,279 "276";
277 0 0 14,95 "277";
278 1 0 255,262 "278";
279 1 0 215,241 "279";
