parity 269;
0 1 1 99,242 "0";
1 0 0 8,32 "1";
2 0 1 33,92 "2";
3 1 0 90,256 "3";
4 2 1 73,203 "4";
5 2 1 70,106 "5";
6 2 1 24,140 "6";
7 0 1 103,257 "7";
8 0 0 106,143 "8";
9 1 1 216,218 "9";
10 0 1 151,202 "10";
11 1 1 76,252 "11";
12 2 1 46,55 "12";
13 1 1 180,255 "13";
14 2 1 103,107 "14";
15 1 0 197,198 "15";
16 2 1 158,214 "16";
17 1 0 5,53 "17";
18 0 0 56,83 "18";
19 2 1 229,252 "19";
20 0 1 53,260 "20";
21 0 1 79,103 "21";
22 1 1 5,142 "22";
23 1 0 72,106 "23";
24 1 0 243,269 "24";
25 2 1 4,86 "25";
26 2 0 35,96 "26";
27 1 1 46,59 "27";
28 2 0 33,188 "28";
29 0 0 104,128 "29";
30 1 1 228,257 "30";
31 2 1 203,234 "31";
32 2 1 20,97 "32";
33 1 0 173,199 "33";
34 0 0 45,110 "34";
35 2 0 246,255 "35";
36 0 0 72,79 "36";
37 1 0 205,267 "37";
38 1 1 133,142 "38";
39 0 1 91,242 "39";
40 1 0 30,144 "40";
41 2 0 44,114 "41";
42 2 0 41,116 "42";
43 1 1 17,25 "43";
44 0 0 131,239 "44";
45 1 0 193,194 "45";
46 1 0 15,142 "46";
47 1 0 22,56 "47";
48 1 1 35,52 "48";
49 0 0 73,269 "49";
50 2 0 123,130 "50";
51 2 0 118,244 "51";
52 1 1 127,254 "52";
53 0 0 71,97 "53";
54 2 1 52,126 "54";
55 2 0 198,238 "55";
56 2 0 64,224 "56";
57 2 0 92,134 "57";
58 0 0 38,150 "58";
59 1 0 28,43 "59";
60 1 0 105,250 "60";
61 0 0 57,178 "61";
62 0 0 37,197 "62";
63 2 1 77,253 "63";
64 0 0 52,135 "64";
65 0 1 2,231 "65";
66 0 0 84,218 "66";
67 2 1 131,132 "67";
68 1 1 155,237 "68";
69 1 1 9,134 "69";
70 1 1 12,82 "70";
71 2 0 52,66 "71";
72 2 0 26,49 "72";
73 1 0 53,169 "73";
74 0 0 73,139 "74";
75 2 0 50,172 "75";
76 0 1 14,157 "76";
77 2 1 111,178 "77";
78 0 1 64,87 "78";
79 1 0 1,21 "79";
80 1 0 114,269 "80";
81 1 1 159,255 "81";
82 0 0 48,222 "82";
83 2 0 159,250 "83";
84 0 0 161,222 "84";
85 2 0 46,135 "85";
86 1 1 49,233 "86";
87 0 1 176,201 "87";
88 1 1 132,134 "88";
89 0 1 44,115 "89";
90 0 0 10,242 "90";
91 2 0 155,266 "91";
92 2 0 29,40 "92";
93 0 1 59,130 "93";
94 1 0 26,199 "94";
95 2 0 5,151 "95";
96 1 0 56,70 "96";
97 1 1 45,184 "97";
98 1 0 190,216 "98";
99 1 0 229,262 "99";
100 2 0 182,248 "100";
101 0 1 29,131 "101";
102 2 0 64,225 "102";
103 1 1 141,213 "103";
104 1 1 28,158 "104";
105 0 0 65,90 "105";
106 1 0 94,157 "106";
107 0 1 186,268 "107";
108 0 0 17,37 "108";
109 2 1 214,264 "109";
110 0 0 20,78 "110";
111 1 1 29,245 "111";
112 0 1 122,186 "112";
113 0 1 130,225 "113";
114 1 0 156,200 "114";
115 2 1 101,254 "115";
116 0 0 143,158 "116";
117 2 1 54,125 "117";
118 1 1 38,97 "118";
119 2 1 180,242 "119";
120 0 0 88,194 "120";
121 0 1 131,182 "121";
122 0 1 39,256 "122";
123 1 0 147,233 "123";
124 2 1 134,211 "124";
125 1 0 17,67 "125";
126 0 1 77,98 "126";
127 2 0 4,171 "127";
128 0 0 17,219 "128";
129 0 1 67,179 "129";
130 2 0 89,260 "130";
131 2 0 170,211 "131";
132 0 0 36,259 "132";
133 2 1 207,210 "133";
134 1 1 70,96 "134";
135 2 0 54,109 "135";
136 1 1 56,182 "136";
137 1 0 136,176 "137";
138 1 1 40,108 "138";
139 1 0 22,132 "139";
140 1 0 248,254 "140";
141 2 0 144,156 "141";
142 2 0 29,47 "142";
143 1 0 33,196 "143";
144 0 1 47,112 "144";
145 2 0 25,70 "145";
146 2 1 0,139 "146";
147 0 0 118,231 "147";
148 0 1 128,214 "148";
149 0 0 142,260 "149";
150 1 1 238,244 "150";
151 2 1 9,226 "151";
152 0 0 104,191 "152";
153 0 0 207,260 "153";
154 1 0 108,155 "154";
155 0 1 8,215 "155";
156 0 0 56,264 "156";
157 2 1 9,119 "157";
158 0 1 98,131 "158";
159 2 1 66,100 "159";
160 1 1 122,159 "160";
161 0 0 179,252 "161";
162 2 1 42,190 "162";
163 0 1 25,217 "163";
164 2 0 27,266 "164";
165 2 0 65,254 "165";
166 0 1 67,80 "166";
167 0 0 72,174 "167";
168 1 1 36,229 "168";
169 1 0 63,121 "169";
170 0 1 93,246 "170";
171 2 1 188,225 "171";
172 2 1 61,160 "172";
173 2 1 188,262 "173";
174 2 0 68,253 "174";
175 0 1 17,117 "175";
176 2 1 136,218 "176";
177 1 0 67,163 "177";
178 0 1 56,241 "178";
179 2 1 3,147 "179";
180 2 1 37,132 "180";
181 1 1 110,186 "181";
182 2 1 79,224 "182";
183 0 1 96,129 "183";
184 2 0 86,226 "184";
185 0 0 90,163 "185";
186 2 0 38,62 "186";
187 0 1 4,230 "187";
188 2 1 22,117 "188";
189 2 1 27,68 "189";
190 1 1 106,141 "190";
191 1 1 102,130 "191";
192 1 0 56,258 "192";
193 2 1 147,261 "193";
194 2 1 52,59 "194";
195 2 1 94,253 "195";
196 0 0 87,177 "196";
197 1 1 105,164 "197";
198 0 1 28,218 "198";
199 1 0 61,172 "199";
200 2 1 36,120 "200";
201 0 0 124,143 "201";
202 0 1 194,218 "202";
203 0 1 56,162 "203";
204 2 1 19,105 "204";
205 2 0 27,223 "205";
206 0 0 19,141 "206";
207 2 0 32,212 "207";
208 1 1 177,267 "208";
209 0 0 4,124 "209";
210 0 1 103,184 "210";
211 0 0 95,250 "211";
212 0 1 14,157 "212";
213 2 1 66,125 "213";
214 1 0 70,136 "214";
215 2 1 23,51 "215";
216 2 1 122,131 "216";
217 1 0 22,34 "217";
218 2 0 96,166 "218";
219 0 1 29,96 "219";
220 1 0 47,200 "220";
221 1 1 114,160 "221";
222 1 0 102,212 "222";
223 1 1 47,243 "223";
224 0 1 232,236 "224";
225 0 1 83,166 "225";
226 2 0 157,238 "226";
227 0 1 110,198 "227";
228 2 0 141,188 "228";
229 2 1 69,206 "229";
230 0 0 79,265 "230";
231 2 1 93,131 "231";
232 1 0 82,258 "232";
233 0 1 20,121 "233";
234 0 0 142,155 "234";
235 2 0 69,169 "235";
236 1 0 106,153 "236";
237 1 0 25,159 "237";
238 1 1 70,186 "238";
239 0 0 6,162 "239";
240 1 1 5,132 "240";
241 1 0 35,242 "241";
242 1 1 108,145 "242";
243 2 0 107,267 "243";
244 2 0 83,99 "244";
245 2 1 148,255 "245";
246 2 1 81,85 "246";
247 2 0 95,145 "247";
248 2 0 227,268 "248";
249 0 0 34,183 "249";
250 0 0 231,245 "250";
251 1 1 116,118 "251";
252 0 1 150,233 "252";
253 0 0 152,197 "253";
254 1 0 66,111 "254";
255 2 0 132,245 "255";
256 2 1 19,131 "256";
257 0 1 196,199 "257";
258 0 0 165,246 "258";
259 1 0 58,130 "259";
260 0 0 10,201 "260";
261 1 0 47,129 "261";
262 1 0 79,247 "262";
263 2 1 92,161 "263";
264 2 1 26,94 "264";
265 1 0 30,104 "265";
266 1 0 43,51 "266";
267 1 1 141,243 "267";
268 2 1 69,186 "268";
269 1 0 59,70 "269";
