parity 229;
0 1 0 109,130 "0";
1 0 1 107,120 "1";
2 2 1 10,137 "2";
3 1 0 1,124 "3";
4 0 1 27,50 "4";
5 0 1 27,175 "5";
6 1 0 37,215 "6";
7 1 1 173,180 "7";
8 2 1 4,48 "8";
9 2 1 0,212 "9";
10 1 1 37,54 "10";
11 1 0 82,152 "11";
12 2 0 151,229 "12";
13 2 1 64,89 "13";
14 0 0 56,201 "14";
15 1 1 8,76 "15";
16 2 1 71,122 "16";
17 2 1 144,226 "17";
18 1 1 173,187 "18";
19 2 0 68,124 "19";
20 1 0 24,209 "20";
21 0 1 127,207 "21";
22 1 0 164,211 "22";
23 0 1 0,148 "23";
24 1 0 40,222 "24";
25 2 1 178,229 "25";
26 2 0 40,167 "26";
27 0 1 56,93 "27";
28 1 0 79,189 "28";
29 0 1 186,199 "29";
30 0 1 68,151 "30";
31 1 1 116,216 "31";
32 1 0 43,65 "32";
33 1 1 64,74 "33";
34 0 1 114,126 "34";
35 1 1 8,49 "35";
36 0 0 107,139 "36";
37 2 0 57,164 "37";
38 0 0 98,210 "38";
39 0 0 142,181 "39";
40 2 0 49,91 "40";
41 2 1 11,124 "41";
42 1 1 132,215 "42";
43 2 0 17,129 "43";
44 1 0 53,71 "44";
45 0 0 65,151 "45";
46 1 0 57,143 "46";
47 0 0 62,127 "47";
48 0 1 101,157 "48";
49 2 1 115,194 "49";
50 0 0 200,220 "50";
51 0 0 10,46 "51";
52 0 1 35,105 "52";
53 0 0 139,194 "53";
54 0 1 126,229 "54";
55 1 0 24,28 "55";
56 0 0 35,61 "56";
57 0 0 14,111 "57";
58 2 1 0,197 "58";
59 0 1 55,67 "59";
60 1 0 19,214 "60";
61 2 0 25,102 "61";
62 2 1 78,208 "62";
63 1 0 49,227 "63";
64 0 0 73,169 "64";
65 0 0 62,216 "65";
66 0 1 8,127 "66";
67 2 1 144,207 "67";
68 0 1 13,89 "68";
69 2 0 5,129 "69";
70 1 0 3,147 "70";
71 1 0 13,54 "71";
72 2 0 129,160 "72";
73 2 0 28,55 "73";
74 0 1 70,89 "74";
75 0 1 66,213 "75";
76 2 1 73,152 "76";
77 0 0 61,140 "77";
78 0 1 43,212 "78";
79 2 1 20,125 "79";
80 1 0 93,155 "80";
81 1 0 53,138 "81";
82 1 1 49,165 "82";
83 0 1 41,77 "83";
84 0 1 44,215 "84";
85 2 0 78,92 "85";
86 0 1 84,221 "86";
87 0 1 105,136 "87";
88 0 1 119,128 "88";
89 1 1 93,110 "89";
90 1 1 109,209 "90";
91 0 0 106,180 "91";
92 0 1 0,18 "92";
93 2 1 47,191 "93";
94 1 1 99,204 "94";
95 2 1 12,162 "95";
96 2 0 77,178 "96";
97 1 1 70,106 "97";
98 0 1 89,153 "98";
99 0 0 79,221 "99";
100 0 1 191,229 "100";
101 1 1 121,161 "101";
102 1 1 135,146 "102";
103 2 1 70,200 "103";
104 2 0 122,146 "104";
105 1 0 171,203 "105";
106 2 1 168,198 "106";
107 2 0 8,59 "107";
108 0 1 28,162 "108";
109 1 1 122,164 "109";
110 0 0 182,210 "110";
111 2 0 141,212 "111";
112 2 0 27,97 "112";
113 2 1 77,202 "113";
114 2 1 2,96 "114";
115 0 1 57,79 "115";
116 0 0 102,156 "116";
117 1 1 158,162 "117";
118 1 0 43,134 "118";
119 1 1 99,114 "119";
120 0 1 84,226 "120";
121 0 0 45,98 "121";
122 1 0 22,33 "122";
123 0 1 36,139 "123";
124 2 0 26,105 "124";
125 2 0 89,110 "125";
126 2 1 117,164 "126";
127 2 1 31,102 "127";
128 1 1 69,191 "128";
129 1 0 30,190 "129";
130 2 1 77,141 "130";
131 1 0 11,86 "131";
132 2 0 52,164 "132";
133 1 1 131,162 "133";
134 2 0 24,114 "134";
135 2 0 93,144 "135";
136 0 1 17,196 "136";
137 0 0 53,183 "137";
138 0 1 83,103 "138";
139 1 0 90,130 "139";
140 1 1 187,214 "140";
141 2 1 12,196 "141";
142 1 0 60,103 "142";
143 1 1 175,225 "143";
144 2 0 5,51 "144";
145 0 1 131,213 "145";
146 1 0 100,207 "146";
147 2 1 169,212 "147";
148 1 0 13,118 "148";
149 1 0 29,170 "149";
150 0 1 51,181 "150";
151 0 0 24,124 "151";
152 1 1 149,219 "152";
153 2 0 41,93 "153";
154 0 0 103,121 "154";
155 1 1 182,187 "155";
156 2 0 34,75 "156";
157 0 1 124,225 "157";
158 2 0 89,212 "158";
159 1 0 54,228 "159";
160 0 0 32,141 "160";
161 0 0 136,212 "161";
162 1 0 85,199 "162";
163 2 1 156,222 "163";
164 0 1 82,146 "164";
165 1 0 126,156 "165";
166 0 1 189,215 "166";
167 2 0 24,36 "167";
168 0 0 11,211 "168";
169 2 0 25,29 "169";
170 2 0 44,209 "170";
171 1 0 75,229 "171";
172 2 1 73,97 "172";
173 0 0 11,13 "173";
174 1 0 3,43 "174";
175 1 0 66,111 "175";
176 2 1 85,180 "176";
177 2 0 95,222 "177";
178 1 0 76,98 "178";
179 0 0 17,222 "179";
180 1 1 75,77 "180";
181 2 0 45,199 "181";
182 1 0 34,161 "182";
183 0 1 171,201 "183";
184 0 1 88,200 "184";
185 2 0 28,216 "185";
186 2 1 82,196 "186";
187 2 0 81,148 "187";
188 1 0 26,196 "188";
189 1 1 48,90 "189";
190 0 0 115,200 "190";
191 1 1 69,100 "191";
192 0 0 127,172 "192";
193 0 1 21,92 "193";
194 2 1 124,166 "194";
195 1 1 101,178 "195";
196 1 0 14,144 "196";
197 1 0 65,120 "197";
198 0 1 98,116 "198";
199 0 1 68,118 "199";
200 0 0 92,173 "200";
201 2 1 71,154 "201";
202 0 0 30,84 "202";
203 2 1 26,54 "203";
204 0 1 116,145 "204";
205 0 0 13,108 "205";
206 2 1 49,157 "206";
207 2 1 68,101 "207";
208 1 1 82,104 "208";
209 2 1 27,152 "209";
210 0 1 13,53 "210";
211 2 1 59,94 "211";
212 2 0 7,111 "212";
213 0 0 80,192 "213";
214 2 0 116,175 "214";
215 1 0 49,180 "215";
216 0 1 65,137 "216";
217 1 0 150,228 "217";
218 1 0 3,187 "218";
219 2 0 57,184 "219";
220 0 1 70,98 "220";
221 1 0 62,137 "221";
222 1 0 141,204 "222";
223 1 0 5,80 "223";
224 1 0 105,195 "224";
225 0 1 133,174 "225";
226 1 1 29,114 "226";
227 0 1 74,210 "227";
228 0 1 63,217 "228";
229 2 1 37,99 "229";
