parity 274;
0 1 1 115,180 "0";
1 1 0 31,168 "1";
2 2 0 88,270 "2";
3 2 0 38,257 "3";
4 0 0 202,272 "4";
5 2 0 42,125 "5";
6 1 1 80,247 "6";
7 0 0 51,272 "7";
8 2 0 130,163 "8";
9 1 0 89,111 "9";
10 0 1 129,180 "10";
11 2 1 79,93 "11";
12 2 1 32,183 "12";
13 0 0 76,86 "13";
14 2 1 76,81 "14";
15 2 0 216,227 "15";
16 1 0 29,107 "16";
17 1 0 51,54 "17";
18 1 0 17,214 "18";
19 2 0 124,142 "19";
20 0 0 121,122 "20";
21 2 0 59,72 "21";
22 0 1 63,198 "22";
23 1 1 198,235 "23";
24 2 1 233,255 "24";
25 1 0 46,204 "25";
26 0 1 8,162 "26";
27 1 0 22,199 "27";
28 0 1 49,80 "28";
29 1 1 158,216 "29";
30 0 1 57,247 "30";
31 1 1 143,167 "31";
32 0 0 102,232 "32";
33 1 1 57,216 "33";
34 1 1 245,249 "34";
35 0 0 117,255 "35";
36 0 1 96,112 "36";
37 0 1 144,152 "37";
38 1 1 16,61 "38";
39 1 0 116,200 "39";
40 0 0 116,187 "40";
41 2 0 52,247 "41";
42 0 0 197,247 "42";
43 1 1 2,102 "43";
44 1 0 73,86 "44";
45 1 0 25,74 "45";
46 0 0 207,233 "46";
47 1 0 162,251 "47";
48 2 1 59,100 "48";
49 2 0 39,63 "49";
50 0 1 219,261 "50";
51 2 1 40,195 "51";
52 2 0 99,180 "52";
53 0 1 87,174 "53";
54 2 1 72,200 "54";
55 0 1 47,99 "55";
56 2 1 11,166 "56";
57 1 1 73,209 "57";
58 1 1 196,235 "58";
59 2 0 81,208 "59";
60 1 1 133,187 "60";
61 0 1 42,236 "61";
62 0 0 36,86 "62";
63 0 0 187,266 "63";
64 1 0 131,134 "64";
65 1 1 1,69 "65";
66 2 1 105,234 "66";
67 0 0 172,247 "67";
68 1 1 185,245 "68";
69 1 1 54,124 "69";
70 2 1 63,148 "70";
71 2 1 69,124 "71";
72 2 0 70,148 "72";
73 0 1 192,203 "73";
74 0 0 6,34 "74";
75 1 1 49,124 "75";
76 0 1 131,226 "76";
77 2 1 17,136 "77";
78 2 0 42,62 "78";
79 0 1 172,192 "79";
80 1 0 64,122 "80";
81 2 0 31,197 "81";
82 1 1 208,231 "82";
83 0 1 202,218 "83";
84 2 1 104,254 "84";
85 2 0 160,216 "85";
86 1 1 87,180 "86";
87 2 1 162,230 "87";
88 2 1 82,162 "88";
89 2 0 62,245 "89";
90 1 1 1,15 "90";
91 0 0 5,44 "91";
92 1 1 90,219 "92";
93 0 0 94,186 "93";
94 0 0 25,92 "94";
95 0 0 2,42 "95";
96 0 1 0,175 "96";
97 0 1 158,248 "97";
98 2 1 175,189 "98";
99 1 1 197,255 "99";
100 0 0 59,272 "100";
101 1 1 112,214 "101";
102 2 0 208,216 "102";
103 1 0 152,192 "103";
104 2 0 85,135 "104";
105 2 0 23,223 "105";
106 2 0 36,81 "106";
107 0 0 11,88 "107";
108 2 1 91,253 "108";
109 0 1 1,140 "109";
110 2 0 49,147 "110";
111 1 1 51,231 "111";
112 0 1 19,23 "112";
113 0 1 28,130 "113";
114 2 0 14,105 "114";
115 0 1 24,161 "115";
116 2 1 12,30 "116";
117 2 0 87,192 "117";
118 2 1 0,244 "118";
119 1 1 10,157 "119";
120 0 1 15,175 "120";
121 2 1 44,74 "121";
122 1 1 242,260 "122";
123 0 0 21,211 "123";
124 2 0 203,239 "124";
125 0 1 22,115 "125";
126 1 1 59,142 "126";
127 2 1 73,79 "127";
128 1 1 38,73 "128";
129 0 0 121,201 "129";
130 2 0 20,248 "130";
131 2 1 160,248 "131";
132 1 0 19,151 "132";
133 0 1 108,257 "133";
134 1 0 175,249 "134";
135 2 0 21,249 "135";
136 1 0 23,156 "136";
137 0 0 201,220 "137";
138 2 0 13,93 "138";
139 0 1 181,255 "139";
140 1 0 27,101 "140";
141 0 0 236,269 "141";
142 2 0 127,210 "142";
143 2 1 37,77 "143";
144 1 0 149,270 "144";
145 2 0 16,229 "145";
146 2 1 48,173 "146";
147 2 0 196,260 "147";
148 0 0 89,198 "148";
149 1 1 129,168 "149";
150 1 0 214,266 "150";
151 1 0 109,117 "151";
152 2 1 101,194 "152";
153 2 1 49,169 "153";
154 2 0 55,210 "154";
155 2 1 97,192 "155";
156 2 1 19,104 "156";
157 1 1 93,161 "157";
158 2 1 113,139 "158";
159 0 0 176,258 "159";
160 2 0 41,186 "160";
161 2 0 10,183 "161";
162 0 0 29,72 "162";
163 0 1 104,262 "163";
164 0 0 123,128 "164";
165 2 1 66,111 "165";
166 2 1 74,187 "166";
167 1 0 49,238 "167";
168 2 0 71,123 "168";
169 1 0 218,246 "169";
170 2 1 46,268 "170";
171 2 0 73,188 "171";
172 2 1 58,94 "172";
173 1 1 213,245 "173";
174 1 1 58,217 "174";
175 0 0 30,253 "175";
176 1 0 39,116 "176";
177 2 0 147,251 "177";
178 1 0 107,225 "178";
179 2 0 249,272 "179";
180 2 0 159,182 "180";
181 1 0 24,173 "181";
182 0 1 28,246 "182";
183 0 0 5,130 "183";
184 1 0 129,266 "184";
185 2 1 33,135 "185";
186 0 0 211,258 "186";
187 0 0 109,148 "187";
188 2 0 84,119 "188";
189 1 1 206,238 "189";
190 0 1 49,263 "190";
191 2 0 105,231 "191";
192 2 0 110,218 "192";
193 0 0 48,138 "193";
194 2 0 20,26 "194";
195 2 0 61,175 "195";
196 0 1 18,221 "196";
197 2 0 33,43 "197";
198 2 1 193,217 "198";
199 0 1 102,271 "199";
200 1 0 100,258 "200";
201 0 0 162,174 "201";
202 2 1 52,176 "202";
203 0 1 213,251 "203";
204 2 0 15,215 "204";
205 1 1 21,25 "205";
206 2 0 161,230 "206";
207 1 1 84,192 "207";
208 1 1 30,89 "208";
209 0 0 38,133 "209";
210 1 1 42,52 "210";
211 0 1 36,218 "211";
212 2 1 53,102 "212";
213 0 1 44,196 "213";
214 1 0 64,156 "214";
215 1 0 53,220 "215";
216 0 1 8,135 "216";
217 0 1 133,191 "217";
218 1 1 43,230 "218";
219 2 1 10,70 "219";
220 0 0 14,128 "220";
221 2 1 196,206 "221";
222 2 1 55,78 "222";
223 1 1 53,180 "223";
224 0 1 239,272 "224";
225 2 1 133,228 "225";
226 1 1 116,269 "226";
227 1 1 213,230 "227";
228 0 0 137,189 "228";
229 1 0 8,153 "229";
230 2 0 7,192 "230";
231 1 0 117,242 "231";
232 1 1 187,191 "232";
233 2 1 84,243 "233";
234 1 1 43,173 "234";
235 1 1 53,79 "235";
236 0 0 45,262 "236";
237 0 0 169,200 "237";
238 2 0 59,64 "238";
239 1 1 65,209 "239";
240 2 0 116,120 "240";
241 1 1 3,22 "241";
242 2 0 113,222 "242";
243 2 1 35,53 "243";
244 0 1 77,237 "244";
245 2 0 44,87 "245";
246 0 0 104,109 "246";
247 2 0 199,258 "247";
248 2 1 9,178 "248";
249 2 0 98,229 "249";
250 0 0 201,222 "250";
251 2 0 202,234 "251";
252 1 1 22,126 "252";
253 0 0 135,205 "253";
254 0 0 132,230 "254";
255 1 1 59,192 "255";
256 1 0 192,246 "256";
257 0 1 18,69 "257";
258 2 0 59,222 "258";
259 0 1 70,81 "259";
260 1 0 24,167 "260";
261 2 1 7,52 "261";
262 0 0 121,151 "262";
263 2 0 73,80 "263";
264 2 1 74,200 "264";
265 2 1 158,236 "265";
266 2 0 140,216 "266";
267 2 0 23,34 "267";
268 2 1 152,155 "268";
269 2 1 230,239 "269";
270 1 1 64,91 "270";
271 1 0 209,261 "271";
272 2 1 147,157 "272";
273 2 1 90,210 "273";
274 0 0 15,232 "274";
