parity 284;
0 0 1 157,213 "0";
1 1 0 221,263 "1";
2 1 0 48,188 "2";
3 0 1 205,218 "3";
4 2 1 74,256 "4";
5 2 0 132,153 "5";
6 1 0 26,209 "6";
7 1 0 55,115 "7";
8 0 1 49,281 "8";
9 2 1 100,227 "9";
10 1 1 67,278 "10";
11 2 0 60,161 "11";
12 1 0 145,209 "12";
13 0 1 37,109 "13";
14 0 1 206,214 "14";
15 2 0 95,148 "15";
16 1 0 145,177 "16";
17 0 1 10,186 "17";
18 0 1 51,118 "18";
19 0 0 156,158 "19";
20 0 1 22,227 "20";
21 2 1 8,271 "21";
22 1 0 31,88 "22";
23 2 1 42,235 "23";
24 1 1 120,167 "24";
25 0 0 38,166 "25";
26 0 0 37,254 "26";
27 1 0 210,276 "27";
28 0 0 67,268 "28";
29 2 0 109,159 "29";
30 1 0 71,232 "30";
31 1 0 59,93 "31";
32 2 1 138,262 "32";
33 0 1 20,22 "33";
34 0 1 12,123 "34";
35 1 0 158,275 "35";
36 2 0 112,198 "36";
37 1 1 94,129 "37";
38 0 1 64,152 "38";
39 1 0 87,240 "39";
40 1 0 75,199 "40";
41 2 0 109,229 "41";
42 0 1 51,135 "42";
43 1 1 150,241 "43";
44 1 1 121,252 "44";
45 1 1 47,58 "45";
46 1 0 188,226 "46";
47 1 0 15,31 "47";
48 0 0 57,228 "48";
49 0 0 6,100 "49";
50 0 1 2,204 "50";
51 0 0 210,278 "51";
52 0 0 47,170 "52";
53 1 1 36,82 "53";
54 0 0 93,165 "54";
55 0 1 129,258 "55";
56 0 1 205,250 "56";
57 0 1 176,261 "57";
58 1 0 7,143 "58";
59 0 1 172,215 "59";
60 0 0 2,263 "60";
61 2 0 131,264 "61";
62 2 1 23,132 "62";
63 2 0 5,141 "63";
64 0 0 167,185 "64";
65 1 1 22,218 "65";
66 1 1 54,94 "66";
67 0 0 79,229 "67";
68 2 0 79,95 "68";
69 0 0 29,148 "69";
70 1 1 24,73 "70";
71 2 0 195,237 "71";
72 2 1 18,51 "72";
73 2 1 209,227 "73";
74 1 1 38,234 "74";
75 0 0 196,270 "75";
76 1 0 126,146 "76";
77 1 0 6,230 "77";
78 2 0 73,122 "78";
79 0 1 20,280 "79";
80 0 0 255,265 "80";
81 0 1 35,57 "81";
82 1 1 55,135 "82";
83 2 1 63,248 "83";
84 2 0 125,144 "84";
85 2 1 23,56 "85";
86 2 0 195,247 "86";
87 0 1 107,162 "87";
88 1 1 140,202 "88";
89 0 0 90,138 "89";
90 0 0 237,243 "90";
91 1 0 35,126 "91";
92 0 0 46,206 "92";
93 1 1 131,163 "93";
94 2 0 142,244 "94";
95 2 0 33,215 "95";
96 1 0 80,261 "96";
97 0 1 86,246 "97";
98 2 0 161,188 "98";
99 2 1 65,110 "99";
100 2 0 18,279 "100";
101 2 0 132,276 "101";
102 2 0 61,117 "102";
103 0 0 7,156 "103";
104 1 0 144,274 "104";
105 1 0 147,264 "105";
106 2 1 27,215 "106";
107 1 0 187,273 "107";
108 2 0 224,228 "108";
109 1 1 31,265 "109";
110 2 0 134,235 "110";
111 0 1 52,61 "111";
112 1 0 0,118 "112";
113 2 1 93,104 "113";
114 1 1 52,232 "114";
115 0 0 202,204 "115";
116 0 0 31,97 "116";
117 0 1 69,88 "117";
118 1 0 19,179 "118";
119 1 1 36,259 "119";
120 1 0 163,194 "120";
121 2 1 51,189 "121";
122 0 1 92,164 "122";
123 0 1 149,269 "123";
124 0 0 30,77 "124";
125 2 1 0,173 "125";
126 2 1 111,117 "126";
127 1 0 17,80 "127";
128 0 1 253,260 "128";
129 2 0 3,216 "129";
130 2 0 146,212 "130";
131 2 1 129,219 "131";
132 2 0 130,248 "132";
133 2 1 13,181 "133";
134 0 0 79,198 "134";
135 2 0 7,20 "135";
136 0 0 6,113 "136";
137 0 0 45,251 "137";
138 2 1 5,170 "138";
139 1 1 67,263 "139";
140 0 0 82,278 "140";
141 0 1 165,248 "141";
142 2 1 37,263 "142";
143 2 0 37,214 "143";
144 0 0 143,201 "144";
145 1 1 58,176 "145";
146 1 0 79,260 "146";
147 1 0 0,49 "147";
148 2 0 23,258 "148";
149 1 1 42,134 "149";
150 1 1 82,268 "150";
151 2 0 39,221 "151";
152 1 1 121,220 "152";
153 0 1 37,144 "153";
154 2 0 90,187 "154";
155 1 1 85,278 "155";
156 0 0 148,258 "156";
157 0 0 118,219 "157";
158 0 1 139,250 "158";
159 2 1 167,195 "159";
160 0 1 22,133 "160";
161 2 1 68,275 "161";
162 2 1 84,200 "162";
163 0 0 232,243 "163";
164 1 1 191,257 "164";
165 1 1 145,176 "165";
166 0 1 73,95 "166";
167 0 1 42,174 "167";
168 2 1 33,145 "168";
169 1 0 2,208 "169";
170 0 1 40,153 "170";
171 1 1 73,263 "171";
172 1 0 141,185 "172";
173 0 0 52,216 "173";
174 2 1 47,93 "174";
175 2 0 258,273 "175";
176 0 1 152,216 "176";
177 2 1 72,219 "177";
178 1 0 148,227 "178";
179 1 1 31,249 "179";
180 0 0 49,109 "180";
181 1 1 220,239 "181";
182 0 0 226,264 "182";
183 2 1 154,180 "183";
184 1 1 201,282 "184";
185 2 0 73,124 "185";
186 1 1 82,279 "186";
187 0 1 248,272 "187";
188 2 0 51,158 "188";
189 2 0 121,146 "189";
190 2 0 40,237 "190";
191 0 1 17,123 "191";
192 1 0 214,215 "192";
193 2 1 36,214 "193";
194 2 1 28,144 "194";
195 0 0 50,142 "195";
196 0 1 75,250 "196";
197 2 0 99,162 "197";
198 1 0 177,225 "198";
199 2 0 166,272 "199";
200 0 1 48,61 "200";
201 0 1 83,170 "201";
202 1 1 87,212 "202";
203 1 1 109,171 "203";
204 1 1 203,233 "204";
205 0 0 94,132 "205";
206 0 1 167,190 "206";
207 0 1 193,239 "207";
208 2 1 105,110 "208";
209 2 1 82,173 "209";
210 2 1 82,166 "210";
211 0 0 61,272 "211";
212 2 1 53,190 "212";
213 2 0 41,77 "213";
214 2 0 141,281 "214";
215 0 0 87,121 "215";
216 1 1 176,197 "216";
217 0 1 251,278 "217";
218 1 1 103,224 "218";
219 1 0 52,147 "219";
220 2 1 103,225 "220";
221 0 1 168,254 "221";
222 1 0 125,184 "222";
223 2 1 54,126 "223";
224 2 1 208,260 "224";
225 0 1 127,145 "225";
226 1 1 19,236 "226";
227 1 1 61,196 "227";
228 1 0 21,93 "228";
229 2 0 42,278 "229";
230 1 1 71,254 "230";
231 0 0 163,225 "231";
232 2 1 162,204 "232";
233 0 1 174,242 "233";
234 1 1 110,226 "234";
235 0 1 17,114 "235";
236 0 0 98,176 "236";
237 1 1 111,245 "237";
238 1 0 19,62 "238";
239 2 0 16,129 "239";
240 2 0 69,183 "240";
241 0 1 61,185 "241";
242 1 1 57,271 "242";
243 1 0 31,204 "243";
244 2 0 32,236 "244";
245 2 0 38,242 "245";
246 1 1 86,181 "246";
247 1 0 236,246 "247";
248 0 0 25,239 "248";
249 0 0 222,270 "249";
250 2 1 153,161 "250";
251 0 1 183,221 "251";
252 0 1 57,161 "252";
253 0 0 18,20 "253";
254 1 0 15,66 "254";
255 1 0 205,221 "255";
256 0 1 111,124 "256";
257 2 1 65,268 "257";
258 1 0 73,90 "258";
259 1 1 43,229 "259";
260 1 1 237,255 "260";
261 1 0 12,83 "261";
262 1 1 14,61 "262";
263 1 1 143,273 "263";
264 0 1 171,276 "264";
265 0 1 89,117 "265";
266 0 1 107,192 "266";
267 1 1 187,203 "267";
268 0 1 55,159 "268";
269 2 1 77,234 "269";
270 0 0 34,219 "270";
271 0 1 149,189 "271";
272 1 0 212,269 "272";
273 0 1 43,271 "273";
274 0 0 28,279 "274";
275 0 0 177,201 "275";
276 1 1 103,225 "276";
277 0 1 175,221 "277";
278 0 1 104,132 "278";
279 0 1 145,146 "279";
280 2 0 56,185 "280";
281 2 1 7,174 "281";
282 1 1 21,170 "282";
283 0 1 13,206 "283";
284 2 1 83,148 "284";
