parity 264;
0 1 0 22,161 "0";
1 2 1 238,261 "1";
2 1 1 100,207 "2";
3 1 1 104,154 "3";
4 1 1 24,88 "4";
5 1 0 59,165 "5";
6 1 0 164,224 "6";
7 2 1 5,124 "7";
8 1 0 9,111 "8";
9 1 0 55,72 "9";
10 1 0 8,123 "10";
11 0 0 18,61 "11";
12 1 0 79,249 "12";
13 1 0 50,189 "13";
14 2 0 73,150 "14";
15 1 0 59,142 "15";
16 1 0 67,227 "16";
17 1 0 171,182 "17";
18 2 1 125,254 "18";
19 2 1 58,97 "19";
20 0 1 86,220 "20";
21 0 1 40,139 "21";
22 0 1 21,41 "22";
23 0 0 50,110 "23";
24 0 0 49,52 "24";
25 0 0 22,29 "25";
26 2 1 192,227 "26";
27 2 1 64,120 "27";
28 2 0 80,207 "28";
29 0 1 128,163 "29";
30 1 0 81,109 "30";
31 0 1 181,242 "31";
32 2 1 42,232 "32";
33 2 1 41,264 "33";
34 2 0 51,155 "34";
35 1 0 176,190 "35";
36 2 1 108,248 "36";
37 1 0 2,14 "37";
38 1 0 105,204 "38";
39 1 1 34,244 "39";
40 1 1 52,192 "40";
41 2 1 32,143 "41";
42 2 0 68,85 "42";
43 1 1 78,105 "43";
44 0 0 154,203 "44";
45 1 0 147,209 "45";
46 1 1 45,227 "46";
47 0 0 109,246 "47";
48 1 0 70,243 "48";
49 1 1 41,238 "49";
50 2 0 23,134 "50";
51 2 0 58,196 "51";
52 2 0 78,246 "52";
53 0 0 63,66 "53";
54 0 1 64,83 "54";
55 1 0 34,111 "55";
56 0 1 68,232 "56";
57 1 1 157,224 "57";
58 2 0 90,247 "58";
59 2 1 65,256 "59";
60 0 0 105,262 "60";
61 2 0 242,261 "61";
62 2 1 125,164 "62";
63 1 0 36,215 "63";
64 2 0 46,93 "64";
65 2 0 5,26 "65";
66 1 1 155,165 "66";
67 2 0 73,88 "67";
68 0 1 179,233 "68";
69 1 0 163,261 "69";
70 0 1 71,84 "70";
71 2 0 13,254 "71";
72 1 1 142,256 "72";
73 1 1 170,198 "73";
74 0 0 36,129 "74";
75 0 0 42,73 "75";
76 0 0 29,77 "76";
77 0 0 139,169 "77";
78 2 0 77,226 "78";
79 1 1 192,209 "79";
80 1 0 199,209 "80";
81 2 0 8,15 "81";
82 1 1 18,57 "82";
83 2 0 29,141 "83";
84 1 1 158,160 "84";
85 0 0 179,193 "85";
86 2 1 7,111 "86";
87 0 1 83,144 "87";
88 0 0 83,124 "88";
89 1 0 107,108 "89";
90 0 1 210,227 "90";
91 2 1 127,166 "91";
92 2 0 21,258 "92";
93 2 1 20,184 "93";
94 2 1 13,123 "94";
95 1 0 0,139 "95";
96 2 1 93,126 "96";
97 0 0 56,135 "97";
98 1 1 84,201 "98";
99 1 1 84,127 "99";
100 0 1 133,244 "100";
101 1 0 99,206 "101";
102 2 1 92,221 "102";
103 0 0 77,202 "103";
104 0 1 105,130 "104";
105 2 1 27,207 "105";
106 2 1 146,257 "106";
107 0 1 65,212 "107";
108 2 0 85,117 "108";
109 2 0 136,261 "109";
110 1 1 114,173 "110";
111 2 0 6,161 "111";
112 1 0 55,246 "112";
113 2 0 167,178 "113";
114 1 0 193,246 "114";
115 2 0 99,261 "115";
116 1 0 35,238 "116";
117 1 0 102,153 "117";
118 2 0 244,260 "118";
119 0 0 61,263 "119";
120 2 0 32,242 "120";
121 1 1 109,236 "121";
122 0 1 37,166 "122";
123 2 0 69,208 "123";
124 1 1 21,202 "124";
125 0 0 113,141 "125";
126 2 1 234,256 "126";
127 2 0 204,209 "127";
128 0 0 48,112 "128";
129 2 1 49,165 "129";
130 0 0 99,200 "130";
131 0 0 116,155 "131";
132 0 1 83,204 "132";
133 2 0 228,229 "133";
134 1 0 54,182 "134";
135 0 1 61,186 "135";
136 2 1 72,135 "136";
137 1 0 145,217 "137";
138 1 0 74,152 "138";
139 1 1 98,136 "139";
140 1 0 90,231 "140";
141 2 0 4,120 "141";
142 1 0 132,252 "142";
143 2 0 0,15 "143";
144 1 1 13,39 "144";
145 1 1 19,154 "145";
146 2 1 11,259 "146";
147 2 1 200,258 "147";
148 1 0 13,51 "148";
149 1 0 1,152 "149";
150 2 0 68,149 "150";
151 2 0 55,250 "151";
152 2 1 21,114 "152";
153 1 0 3,104 "153";
154 2 0 64,195 "154";
155 0 1 163,177 "155";
156 0 1 80,123 "156";
157 2 1 84,191 "157";
158 0 1 217,222 "158";
159 2 1 23,140 "159";
160 2 0 204,243 "160";
161 1 1 60,116 "161";
162 0 1 78,232 "162";
163 0 0 19,58 "163";
164 0 0 180,217 "164";
165 1 0 47,212 "165";
166 1 1 0,35 "166";
167 2 0 83,197 "167";
168 1 0 4,134 "168";
169 2 1 26,100 "169";
170 1 1 45,216 "170";
171 2 0 150,252 "171";
172 1 1 6,219 "172";
173 2 0 69,175 "173";
174 0 0 0,192 "174";
175 2 1 173,207 "175";
176 2 1 107,257 "176";
177 1 1 10,60 "177";
178 1 1 61,109 "178";
179 1 0 7,74 "179";
180 0 0 223,248 "180";
181 1 0 107,125 "181";
182 0 0 62,219 "182";
183 1 1 97,137 "183";
184 2 1 18,61 "184";
185 0 0 46,58 "185";
186 1 0 48,256 "186";
187 0 1 220,224 "187";
188 2 1 72,252 "188";
189 2 1 158,215 "189";
190 0 1 185,258 "190";
191 1 0 5,246 "191";
192 0 1 115,116 "192";
193 2 1 52,174 "193";
194 0 0 195,248 "194";
195 0 1 34,233 "195";
196 2 1 210,244 "196";
197 0 1 0,153 "197";
198 0 1 16,75 "198";
199 2 1 8,249 "199";
200 1 0 89,201 "200";
201 0 0 52,151 "201";
202 0 0 47,216 "202";
203 1 1 53,116 "203";
204 0 1 49,112 "204";
205 2 1 202,256 "205";
206 0 1 27,223 "206";
207 0 1 154,234 "207";
208 0 0 124,200 "208";
209 2 0 44,252 "209";
210 2 1 95,107 "210";
211 1 1 151,179 "211";
212 2 1 38,109 "212";
213 2 0 43,158 "213";
214 1 0 99,170 "214";
215 0 0 93,118 "215";
216 2 1 97,262 "216";
217 0 0 65,72 "217";
218 0 0 154,193 "218";
219 0 0 7,217 "219";
220 0 0 16,169 "220";
221 2 0 104,213 "221";
222 1 0 11,149 "222";
223 2 0 70,180 "223";
224 1 0 197,256 "224";
225 1 1 11,107 "225";
226 0 1 81,122 "226";
227 1 0 61,90 "227";
228 2 0 27,200 "228";
229 2 1 80,123 "229";
230 0 0 207,214 "230";
231 2 0 17,151 "231";
232 1 0 153,226 "232";
233 1 0 21,239 "233";
234 0 0 66,80 "234";
235 2 1 137,255 "235";
236 1 1 67,180 "236";
237 0 1 105,139 "237";
238 2 0 23,103 "238";
239 0 0 122,221 "239";
240 0 0 34,202 "240";
241 2 0 57,195 "241";
242 1 1 77,198 "242";
243 2 1 235,260 "243";
244 0 1 199,239 "244";
245 2 1 152,189 "245";
246 0 1 124,172 "246";
247 0 0 44,111 "247";
248 0 1 195,242 "248";
249 0 1 118,227 "249";
250 1 0 55,233 "250";
251 1 0 195,214 "251";
252 1 1 146,182 "252";
253 2 0 121,199 "253";
254 2 1 22,237 "254";
255 0 0 22,60 "255";
256 0 1 17,90 "256";
257 0 0 7,227 "257";
258 1 1 116,150 "258";
259 0 0 47,131 "259";
260 2 0 140,157 "260";
261 2 1 114,133 "261";
262 0 1 39,58 "262";
263 0 1 48,115 "263";
264 2 0 130,134 "264";
