parity 249;
0 1 1 206,228 "0";
1 2 1 6,140 "1";
2 0 1 98,202 "2";
3 2 0 29,156 "3";
4 1 1 112,156 "4";
5 1 0 145,164 "5";
6 1 1 8,161 "6";
7 1 0 53,135 "7";
8 0 1 186,192 "8";
9 1 1 11,232 "9";
10 2 0 109,144 "10";
11 1 1 109,131 "11";
12 0 0 13,98 "12";
13 0 1 144,232 "13";
14 1 0 60,209 "14";
15 1 1 122,223 "15";
16 1 0 39,148 "16";
17 0 1 41,111 "17";
18 1 0 117,236 "18";
19 2 1 40,87 "19";
20 2 0 66,159 "20";
21 0 1 82,178 "21";
22 2 1 6,71 "22";
23 0 0 56,91 "23";
24 2 1 217,228 "24";
25 1 1 67,88 "25";
26 1 0 94,156 "26";
27 2 1 170,184 "27";
28 1 1 78,187 "28";
29 2 1 172,229 "29";
30 0 1 32,220 "30";
31 1 0 7,245 "31";
32 1 1 175,221 "32";
33 1 1 52,145 "33";
34 2 1 26,152 "34";
35 2 0 164,179 "35";
36 2 0 37,224 "36";
37 0 1 130,194 "37";
38 0 1 122,128 "38";
39 1 0 129,175 "39";
40 2 1 74,215 "40";
41 2 0 118,178 "41";
42 0 0 169,187 "42";
43 2 0 45,88 "43";
44 2 0 21,100 "44";
45 1 1 168,179 "45";
46 1 1 97,151 "46";
47 1 0 122,124 "47";
48 0 0 50,223 "48";
49 2 1 129,167 "49";
50 0 1 142,196 "50";
51 1 0 104,220 "51";
52 1 0 25,79 "52";
53 1 1 60,151 "53";
54 0 1 60,157 "54";
55 0 1 73,151 "55";
56 2 1 47,62 "56";
57 2 1 158,201 "57";
58 2 1 147,246 "58";
59 0 1 167,223 "59";
60 0 0 40,235 "60";
61 1 0 98,236 "61";
62 2 0 66,235 "62";
63 1 1 105,236 "63";
64 2 1 23,81 "64";
65 1 1 32,227 "65";
66 0 1 103,109 "66";
67 0 1 126,202 "67";
68 2 0 16,55 "68";
69 0 1 196,220 "69";
70 0 0 89,247 "70";
71 0 0 17,221 "71";
72 0 0 94,172 "72";
73 1 1 154,190 "73";
74 0 1 8,155 "74";
75 1 1 130,220 "75";
76 2 0 121,211 "76";
77 2 0 73,168 "77";
78 0 0 47,81 "78";
79 2 1 185,206 "79";
80 1 1 75,125 "80";
81 0 0 95,244 "81";
82 2 0 195,225 "82";
83 0 1 11,109 "83";
84 2 0 15,234 "84";
85 1 1 193,229 "85";
86 1 0 13,114 "86";
87 2 0 82,201 "87";
88 0 0 48,136 "88";
89 0 1 155,208 "89";
90 1 1 188,213 "90";
91 1 1 22,71 "91";
92 0 1 20,176 "92";
93 1 0 22,147 "93";
94 1 1 114,155 "94";
95 2 0 14,160 "95";
96 1 0 124,184 "96";
97 1 0 35,152 "97";
98 2 0 40,104 "98";
99 0 1 38,154 "99";
100 1 0 27,171 "100";
101 2 1 104,203 "101";
102 0 0 221,249 "102";
103 0 0 76,168 "103";
104 1 0 61,155 "104";
105 0 1 17,85 "105";
106 1 1 67,80 "106";
107 1 1 4,228 "107";
108 1 0 2,194 "108";
109 1 0 20,211 "109";
110 1 0 57,100 "110";
111 0 1 112,195 "111";
112 0 0 191,238 "112";
113 2 0 202,226 "113";
114 1 0 20,220 "114";
115 0 0 12,116 "115";
116 0 0 26,75 "116";
117 1 0 24,103 "117";
118 2 1 104,170 "118";
119 1 0 204,238 "119";
120 0 0 134,208 "120";
121 0 0 57,80 "121";
122 1 1 138,196 "122";
123 1 0 58,130 "123";
124 1 0 48,151 "124";
125 1 1 8,46 "125";
126 0 0 181,217 "126";
127 2 1 45,100 "127";
128 1 1 187,221 "128";
129 0 1 16,208 "129";
130 2 0 72,82 "130";
131 1 0 30,221 "131";
132 1 1 228,244 "132";
133 1 0 26,152 "133";
134 1 0 29,243 "134";
135 0 0 6,112 "135";
136 1 1 3,58 "136";
137 1 1 82,215 "137";
138 1 0 93,120 "138";
139 0 1 195,214 "139";
140 2 0 9,29 "140";
141 1 0 0,185 "141";
142 2 1 143,192 "142";
143 2 0 6,62 "143";
144 1 1 90,239 "144";
145 2 0 131,193 "145";
146 2 1 2,35 "146";
147 2 0 57,243 "147";
148 0 1 101,108 "148";
149 1 1 99,123 "149";
150 2 0 54,60 "150";
151 0 1 55,109 "151";
152 2 0 186,247 "152";
153 0 0 184,187 "153";
154 0 1 151,164 "154";
155 2 0 19,80 "155";
156 2 0 51,220 "156";
157 0 1 25,246 "157";
158 2 1 22,99 "158";
159 2 0 12,243 "159";
160 2 1 219,240 "160";
161 1 1 41,120 "161";
162 1 1 89,128 "162";
163 2 1 41,183 "163";
164 0 0 1,209 "164";
165 1 1 123,186 "165";
166 2 0 61,70 "166";
167 2 1 89,198 "167";
168 2 0 82,137 "168";
169 1 0 14,64 "169";
170 2 1 17,221 "170";
171 1 0 69,155 "171";
172 1 0 102,242 "172";
173 1 0 7,76 "173";
174 0 1 48,70 "174";
175 0 1 15,159 "175";
176 2 0 64,109 "176";
177 2 0 106,219 "177";
178 1 1 49,202 "178";
179 2 1 43,90 "179";
180 2 1 111,173 "180";
181 2 0 97,155 "181";
182 1 0 42,220 "182";
183 0 0 30,40 "183";
184 1 1 27,99 "184";
185 2 0 56,113 "185";
186 0 0 188,215 "186";
187 1 1 29,232 "187";
188 2 0 77,149 "188";
189 1 0 47,196 "189";
190 1 0 109,188 "190";
191 1 1 135,202 "191";
192 0 1 62,196 "192";
193 1 0 18,249 "193";
194 1 0 116,121 "194";
195 0 0 189,224 "195";
196 2 1 9,190 "196";
197 1 1 89,140 "197";
198 0 1 176,177 "198";
199 0 1 76,135 "199";
200 0 0 76,168 "200";
201 2 1 58,130 "201";
202 1 0 112,145 "202";
203 0 0 151,193 "203";
204 1 0 143,164 "204";
205 0 0 44,193 "205";
206 1 1 17,210 "206";
207 1 0 37,217 "207";
208 2 1 3,135 "208";
209 0 0 37,89 "209";
210 2 0 17,235 "210";
211 2 0 51,180 "211";
212 1 0 89,93 "212";
213 2 1 134,150 "213";
214 0 1 5,35 "214";
215 2 0 22,181 "215";
216 2 1 119,146 "216";
217 2 0 36,229 "217";
218 1 1 53,60 "218";
219 1 0 137,157 "219";
220 0 1 122,142 "220";
221 1 0 7,165 "221";
222 1 1 50,128 "222";
223 1 0 36,126 "223";
224 2 0 154,171 "224";
225 2 0 129,239 "225";
226 1 0 45,74 "226";
227 1 0 29,127 "227";
228 0 0 105,164 "228";
229 0 1 49,185 "229";
230 1 0 11,220 "230";
231 0 0 111,227 "231";
232 2 1 44,53 "232";
233 0 0 144,156 "233";
234 2 1 95,110 "234";
235 0 0 205,220 "235";
236 1 1 9,101 "236";
237 2 1 19,212 "237";
238 0 0 51,74 "238";
239 0 0 38,74 "239";
240 2 0 165,249 "240";
241 0 1 4,217 "241";
242 2 0 66,89 "242";
243 2 0 75,232 "243";
244 1 1 155,164 "244";
245 2 1 182,248 "245";
246 0 1 79,137 "246";
247 2 1 72,217 "247";
248 1 1 39,54 "248";
249 2 1 116,211 "249";
