parity 264;
0 2 1 32,90 "0";
1 0 1 62,155 "1";
2 1 0 28,220 "2";
3 1 0 42,96 "3";
4 0 0 46,234 "4";
5 0 0 157,232 "5";
6 2 0 104,159 "6";
7 2 0 55,167 "7";
8 0 0 223,235 "8";
9 0 1 76,194 "9";
10 2 1 142,256 "10";
11 1 1 132,263 "11";
12 1 1 79,173 "12";
13 0 0 117,245 "13";
14 2 1 12,125 "14";
15 1 0 116,122 "15";
16 0 1 6,159 "16";
17 0 0 235,247 "17";
18 0 0 86,143 "18";
19 2 0 81,211 "19";
20 1 0 205,214 "20";
21 1 0 107,232 "21";
22 1 1 37,129 "22";
23 2 0 61,163 "23";
24 1 1 91,123 "24";
25 0 0 14,205 "25";
26 1 0 0,71 "26";
27 2 0 26,249 "27";
28 0 1 69,132 "28";
29 1 0 107,194 "29";
30 0 1 160,206 "30";
31 1 1 79,108 "31";
32 0 1 107,170 "32";
33 2 1 43,155 "33";
34 2 1 223,253 "34";
35 0 1 174,254 "35";
36 0 1 4,116 "36";
37 0 0 35,185 "37";
38 0 0 153,252 "38";
39 1 0 30,33 "39";
40 1 0 66,151 "40";
41 2 0 149,220 "41";
42 2 0 151,194 "42";
43 1 0 26,86 "43";
44 1 1 141,230 "44";
45 2 0 8,143 "45";
46 0 1 100,184 "46";
47 1 0 83,243 "47";
48 1 0 45,233 "48";
49 1 0 97,112 "49";
50 0 1 90,262 "50";
51 1 1 35,198 "51";
52 2 1 134,249 "52";
53 0 1 171,220 "53";
54 1 0 118,215 "54";
55 0 0 26,112 "55";
56 2 0 91,148 "56";
57 2 1 78,131 "57";
58 1 1 164,217 "58";
59 2 1 0,70 "59";
60 2 1 46,248 "60";
61 2 0 147,192 "61";
62 1 0 31,81 "62";
63 1 0 114,237 "63";
64 0 1 77,195 "64";
65 1 0 173,187 "65";
66 2 1 94,193 "66";
67 0 0 17,35 "67";
68 1 0 218,233 "68";
69 1 0 86,189 "69";
70 1 1 77,181 "70";
71 1 0 166,220 "71";
72 0 1 75,116 "72";
73 0 0 101,115 "73";
74 0 1 118,192 "74";
75 1 1 15,261 "75";
76 1 1 102,196 "76";
77 2 0 119,166 "77";
78 0 1 132,137 "78";
79 2 0 68,200 "79";
80 2 1 149,166 "80";
81 1 0 194,197 "81";
82 2 1 9,102 "82";
83 1 1 99,105 "83";
84 2 1 109,224 "84";
85 1 0 50,127 "85";
86 0 0 10,24 "86";
87 2 0 31,32 "87";
88 1 1 132,220 "88";
89 0 1 53,96 "89";
90 0 1 127,152 "90";
91 2 1 215,219 "91";
92 2 0 36,207 "92";
93 0 1 164,254 "93";
94 1 0 60,90 "94";
95 2 1 16,22 "95";
96 0 1 112,156 "96";
97 0 0 101,226 "97";
98 2 0 191,216 "98";
99 1 0 67,207 "99";
100 1 1 14,57 "100";
101 1 0 26,247 "101";
102 2 0 119,230 "102";
103 1 0 11,27 "103";
104 2 0 84,116 "104";
105 1 0 31,177 "105";
106 1 1 77,103 "106";
107 2 1 217,263 "107";
108 1 0 78,161 "108";
109 1 1 191,203 "109";
110 2 1 152,240 "110";
111 0 0 49,191 "111";
112 2 1 129,183 "112";
113 2 0 86,177 "113";
114 0 1 112,187 "114";
115 1 0 156,166 "115";
116 1 1 6,205 "116";
117 1 1 250,255 "117";
118 1 0 121,136 "118";
119 0 1 91,255 "119";
120 0 1 50,201 "120";
121 0 1 36,168 "121";
122 0 0 130,145 "122";
123 0 1 137,243 "123";
124 2 0 66,238 "124";
125 0 0 13,226 "125";
126 0 0 100,229 "126";
127 0 0 166,252 "127";
128 2 0 252,254 "128";
129 1 1 7,104 "129";
130 1 0 86,189 "130";
131 2 1 135,191 "131";
132 2 0 130,149 "132";
133 1 0 159,241 "133";
134 0 0 127,231 "134";
135 0 0 161,171 "135";
136 2 0 18,202 "136";
137 0 1 150,209 "137";
138 1 0 49,89 "138";
139 2 0 80,149 "139";
140 2 1 221,259 "140";
141 1 1 94,248 "141";
142 1 1 153,185 "142";
143 2 0 78,199 "143";
144 0 0 64,152 "144";
145 2 0 64,171 "145";
146 0 1 250,254 "146";
147 0 1 66,156 "147";
148 0 1 69,104 "148";
149 1 0 115,128 "149";
150 1 1 106,159 "150";
151 2 0 38,59 "151";
152 0 0 95,258 "152";
153 0 0 78,212 "153";
154 1 0 37,240 "154";
155 0 1 39,246 "155";
156 0 1 8,136 "156";
157 0 1 147,249 "157";
158 2 0 7,128 "158";
159 2 1 12,17 "159";
160 1 0 199,227 "160";
161 0 1 138,248 "161";
162 0 0 66,204 "162";
163 2 1 8,204 "163";
164 0 0 65,185 "164";
165 1 0 49,119 "165";
166 0 1 39,239 "166";
167 1 1 138,243 "167";
168 0 0 86,236 "168";
169 2 1 15,148 "169";
170 0 1 43,60 "170";
171 2 0 84,205 "171";
172 1 1 37,169 "172";
173 1 0 205,236 "173";
174 1 0 173,252 "174";
175 0 0 155,214 "175";
176 1 1 56,93 "176";
177 0 0 1,59 "177";
178 2 1 146,221 "178";
179 1 1 57,201 "179";
180 2 1 2,112 "180";
181 0 1 212,216 "181";
182 1 0 176,261 "182";
183 1 1 38,74 "183";
184 0 0 20,59 "184";
185 0 1 233,251 "185";
186 2 1 60,72 "186";
187 1 0 163,195 "187";
188 0 1 94,150 "188";
189 0 1 79,171 "189";
190 2 1 177,240 "190";
191 1 0 101,253 "191";
192 2 0 22,90 "192";
193 1 0 34,50 "193";
194 0 1 47,55 "194";
195 0 1 43,51 "195";
196 0 0 6,19 "196";
197 2 1 159,162 "197";
198 2 1 191,254 "198";
199 0 0 115,129 "199";
200 0 1 133,140 "200";
201 2 0 18,263 "201";
202 2 1 117,130 "202";
203 0 1 168,182 "203";
204 2 0 205,242 "204";
205 0 1 49,163 "205";
206 1 1 0,50 "206";
207 0 0 4,59 "207";
208 1 1 36,139 "208";
209 1 0 12,158 "209";
210 0 1 60,70 "210";
211 1 0 71,183 "211";
212 0 0 18,217 "212";
213 1 0 187,255 "213";
214 2 0 123,219 "214";
215 2 0 138,254 "215";
216 0 0 82,249 "216";
217 2 0 131,245 "217";
218 2 1 41,80 "218";
219 1 0 15,253 "219";
220 1 0 17,161 "220";
221 0 1 207,259 "221";
222 1 0 38,167 "222";
223 0 1 9,22 "223";
224 0 0 88,206 "224";
225 0 1 8,93 "225";
226 0 1 9,237 "226";
227 1 0 177,200 "227";
228 1 1 18,31 "228";
229 0 1 91,101 "229";
230 0 1 168,194 "230";
231 1 0 30,149 "231";
232 1 0 179,195 "232";
233 2 1 144,204 "233";
234 1 0 98,163 "234";
235 2 1 39,125 "235";
236 0 1 165,262 "236";
237 2 0 106,163 "237";
238 0 0 187,255 "238";
239 2 1 34,163 "239";
240 2 0 92,199 "240";
241 2 0 0,178 "241";
242 1 1 15,51 "242";
243 2 1 22,105 "243";
244 2 1 127,202 "244";
245 1 1 56,77 "245";
246 2 0 122,256 "246";
247 0 0 84,262 "247";
248 1 0 37,178 "248";
249 0 1 94,205 "249";
250 2 1 46,224 "250";
251 2 0 11,167 "251";
252 2 1 36,128 "252";
253 0 0 34,259 "253";
254 2 1 180,183 "254";
255 0 0 191,215 "255";
256 1 0 225,261 "256";
257 1 0 70,158 "257";
258 0 1 196,248 "258";
259 1 1 179,212 "259";
260 1 1 37,135 "260";
261 2 1 34,213 "261";
262 1 1 130,229 "262";
263 1 0 86,230 "263";
264 2 1 190,258 "264";
