parity 279;
0 1 0 123,214 "0";
1 0 0 124,223 "1";
2 2 1 143,155 "2";
3 1 0 147,215 "3";
4 1 0 101,172 "4";
5 1 1 73,133 "5";
6 1 1 18,66 "6";
7 2 0 36,267 "7";
8 2 1 3,141 "8";
9 1 1 53,132 "9";
10 1 0 136,230 "10";
11 0 0 113,161 "11";
12 2 0 214,240 "12";
13 2 0 75,236 "13";
14 2 1 26,34 "14";
15 2 0 47,187 "15";
16 2 0 23,122 "16";
17 2 0 177,199 "17";
18 1 0 71,250 "18";
19 0 1 56,215 "19";
20 0 1 65,173 "20";
21 0 0 137,201 "21";
22 0 0 96,220 "22";
23 1 0 132,253 "23";
24 1 0 64,122 "24";
25 0 0 75,183 "25";
26 2 1 111,133 "26";
27 2 0 38,68 "27";
28 2 1 37,118 "28";
29 2 1 196,245 "29";
30 2 1 39,94 "30";
31 1 0 134,247 "31";
32 2 0 84,145 "32";
33 2 1 162,269 "33";
34 0 0 104,253 "34";
35 2 1 86,279 "35";
36 0 0 35,225 "36";
37 0 0 60,170 "37";
38 2 1 0,276 "38";
39 2 0 184,201 "39";
40 1 0 169,224 "40";
41 1 0 79,187 "41";
42 0 1 6,257 "42";
43 2 1 201,253 "43";
44 0 1 25,163 "44";
45 2 1 8,188 "45";
46 1 1 93,125 "46";
47 1 1 35,115 "47";
48 2 0 58,132 "48";
49 2 0 74,198 "49";
50 1 1 40,178 "50";
51 0 0 21,78 "51";
52 2 1 94,156 "52";
53 2 0 136,188 "53";
54 0 1 30,151 "54";
55 0 1 0,236 "55";
56 1 1 171,186 "56";
57 0 1 145,265 "57";
58 0 0 84,254 "58";
59 2 1 129,134 "59";
60 1 0 68,245 "60";
61 1 1 40,236 "61";
62 0 0 63,177 "62";
63 0 1 79,149 "63";
64 0 1 110,255 "64";
65 1 1 122,160 "65";
66 2 0 200,237 "66";
67 1 1 166,236 "67";
68 2 1 41,228 "68";
69 0 0 15,232 "69";
70 0 0 69,109 "70";
71 0 0 4,225 "71";
72 2 0 92,233 "72";
73 1 0 53,229 "73";
74 2 0 121,136 "74";
75 2 1 125,175 "75";
76 2 0 43,145 "76";
77 2 0 145,222 "77";
78 1 0 175,189 "78";
79 0 0 189,279 "79";
80 0 0 87,279 "80";
81 0 0 2,126 "81";
82 0 1 145,149 "82";
83 1 0 26,34 "83";
84 0 1 85,125 "84";
85 1 0 120,265 "85";
86 1 1 170,219 "86";
87 0 0 207,263 "87";
88 1 1 105,171 "88";
89 2 1 214,221 "89";
90 1 1 88,136 "90";
91 1 1 166,250 "91";
92 2 1 31,267 "92";
93 0 0 75,94 "93";
94 2 0 18,270 "94";
95 2 0 64,156 "95";
96 0 0 69,222 "96";
97 2 0 93,189 "97";
98 2 1 14,71 "98";
99 2 0 12,238 "99";
100 2 1 19,75 "100";
101 0 1 20,244 "101";
102 2 0 18,109 "102";
103 2 0 80,179 "103";
104 2 0 154,241 "104";
105 2 0 70,120 "105";
106 1 1 139,153 "106";
107 0 0 26,90 "107";
108 1 1 109,207 "108";
109 1 1 171,193 "109";
110 2 1 229,261 "110";
111 2 1 138,198 "111";
112 0 1 142,211 "112";
113 0 1 134,159 "113";
114 1 1 189,236 "114";
115 1 1 39,227 "115";
116 1 1 114,200 "116";
117 2 0 151,234 "117";
118 1 1 46,241 "118";
119 2 0 179,213 "119";
120 2 1 242,271 "120";
121 0 0 20,116 "121";
122 1 1 117,153 "122";
123 2 1 256,259 "123";
124 0 1 189,231 "124";
125 1 1 85,217 "125";
126 1 0 32,77 "126";
127 1 1 125,231 "127";
128 0 1 74,269 "128";
129 0 0 23,272 "129";
130 2 0 7,225 "130";
131 1 0 143,176 "131";
132 2 0 50,97 "132";
133 0 0 225,278 "133";
134 0 0 53,128 "134";
135 2 0 181,243 "135";
136 0 0 38,115 "136";
137 0 0 150,208 "137";
138 2 1 95,211 "138";
139 2 1 29,103 "139";
140 0 1 123,152 "140";
141 1 0 144,188 "141";
142 2 0 120,258 "142";
143 2 0 61,234 "143";
144 1 1 23,250 "144";
145 0 1 41,251 "145";
146 1 0 119,127 "146";
147 0 0 120,183 "147";
148 0 0 32,49 "148";
149 1 0 49,206 "149";
150 2 0 122,279 "150";
151 0 0 7,113 "151";
152 2 1 101,129 "152";
153 1 1 98,243 "153";
154 1 0 188,235 "154";
155 2 0 43,148 "155";
156 0 0 149,189 "156";
157 2 1 11,233 "157";
158 0 0 98,180 "158";
159 1 0 105,204 "159";
160 1 1 4,49 "160";
161 0 1 163,242 "161";
162 1 1 111,157 "162";
163 2 0 139,208 "163";
164 1 1 92,145 "164";
165 0 1 206,243 "165";
166 1 0 61,92 "166";
167 2 0 71,207 "167";
168 0 1 158,176 "168";
169 2 1 26,109 "169";
170 2 0 250,275 "170";
171 1 0 246,262 "171";
172 2 0 63,118 "172";
173 1 0 83,137 "173";
174 1 0 35,89 "174";
175 2 1 16,86 "175";
176 0 0 173,202 "176";
177 1 1 167,173 "177";
178 2 1 159,230 "178";
179 1 0 16,252 "179";
180 1 0 209,241 "180";
181 1 0 150,232 "181";
182 1 0 201,236 "182";
183 0 1 11,228 "183";
184 0 0 26,244 "184";
185 0 0 7,32 "185";
186 2 1 98,257 "186";
187 1 0 197,248 "187";
188 1 1 53,90 "188";
189 2 0 176,239 "189";
190 0 0 136,261 "190";
191 0 1 55,249 "191";
192 0 1 133,250 "192";
193 2 0 130,153 "193";
194 1 0 158,250 "194";
195 0 0 17,62 "195";
196 1 0 82,103 "196";
197 0 0 40,53 "197";
198 0 0 101,189 "198";
199 0 1 154,221 "199";
200 2 0 220,242 "200";
201 2 1 57,198 "201";
202 2 1 157,164 "202";
203 2 1 22,177 "203";
204 0 1 156,236 "204";
205 0 1 34,210 "205";
206 0 0 111,238 "206";
207 2 1 231,235 "207";
208 1 1 19,110 "208";
209 1 0 93,180 "209";
210 2 1 0,271 "210";
211 2 0 140,171 "211";
212 2 1 30,115 "212";
213 2 0 201,204 "213";
214 2 0 226,269 "214";
215 0 0 2,58 "215";
216 2 0 128,246 "216";
217 1 0 20,193 "217";
218 1 1 69,133 "218";
219 2 0 33,222 "219";
220 2 1 32,177 "220";
221 0 0 225,273 "221";
222 2 0 136,265 "222";
223 1 1 50,168 "223";
224 1 1 57,236 "224";
225 2 0 182,260 "225";
226 0 0 183,231 "226";
227 2 1 168,186 "227";
228 0 0 177,211 "228";
229 1 1 52,140 "229";
230 1 1 178,272 "230";
231 1 1 80,125 "231";
232 2 1 208,223 "232";
233 2 0 126,138 "233";
234 1 0 76,145 "234";
235 0 1 12,41 "235";
236 2 0 149,159 "236";
237 2 0 123,262 "237";
238 0 1 67,99 "238";
239 1 1 32,120 "239";
240 2 1 87,197 "240";
241 1 1 98,127 "241";
242 0 1 45,191 "242";
243 1 0 49,205 "243";
244 1 0 20,48 "244";
245 2 1 51,203 "245";
246 2 1 99,221 "246";
247 0 0 72,161 "247";
248 1 1 35,47 "248";
249 1 1 147,168 "249";
250 0 1 166,208 "250";
251 2 1 247,275 "251";
252 2 0 68,76 "252";
253 2 1 142,206 "253";
254 0 1 66,274 "254";
255 2 1 148,188 "255";
256 2 1 225,258 "256";
257 2 0 23,95 "257";
258 2 0 147,251 "258";
259 1 0 174,178 "259";
260 0 1 30,236 "260";
261 2 0 36,41 "261";
262 2 0 41,100 "262";
263 1 0 185,208 "263";
264 0 0 199,273 "264";
265 2 0 56,115 "265";
266 0 0 31,34 "266";
267 2 1 248,266 "267";
268 0 1 9,113 "268";
269 1 1 16,171 "269";
270 1 1 39,193 "270";
271 2 1 48,72 "271";
272 1 1 20,162 "272";
273 2 1 20,106 "273";
274 0 1 3,20 "274";
275 1 0 2,104 "275";
276 0 0 81,190 "276";
277 0 1 16,82 "277";
278 2 0 89,102 "278";
279 2 0 29,101 "279";
