parity 244;
0 0 1 53,112 "0";
1 1 0 81,138 "1";
2 0 1 149,163 "2";
3 2 0 20,121 "3";
4 1 1 68,206 "4";
5 0 1 48,95 "5";
6 2 1 20,86 "6";
7 1 1 59,142 "7";
8 1 0 117,213 "8";
9 1 1 106,112 "9";
10 0 0 38,242 "10";
11 2 0 4,190 "11";
12 1 1 5,166 "12";
13 0 1 53,69 "13";
14 2 1 136,148 "14";
15 1 0 72,139 "15";
16 1 1 116,181 "16";
17 2 0 24,124 "17";
18 1 1 43,236 "18";
19 1 1 36,190 "19";
20 1 1 8,126 "20";
21 1 1 175,182 "21";
22 2 1 61,228 "22";
23 2 1 133,200 "23";
24 1 0 95,244 "24";
25 2 1 118,171 "25";
26 0 1 42,161 "26";
27 2 0 90,207 "27";
28 2 1 6,193 "28";
29 2 0 117,191 "29";
30 2 0 88,125 "30";
31 2 0 17,216 "31";
32 1 0 48,181 "32";
33 1 1 69,151 "33";
34 0 1 79,82 "34";
35 2 0 122,212 "35";
36 0 1 103,136 "36";
37 2 1 140,149 "37";
38 2 0 9,198 "38";
39 1 1 164,186 "39";
40 1 1 74,115 "40";
41 0 1 1,199 "41";
42 0 0 43,107 "42";
43 0 0 76,193 "43";
44 2 1 7,193 "44";
45 2 1 21,103 "45";
46 1 1 108,131 "46";
47 0 1 57,183 "47";
48 1 1 37,191 "48";
49 2 0 94,202 "49";
50 2 0 16,230 "50";
51 2 0 193,216 "51";
52 0 1 112,199 "52";
53 1 0 133,176 "53";
54 0 0 156,203 "54";
55 0 0 41,70 "55";
56 2 1 96,186 "56";
57 2 0 79,168 "57";
58 0 0 13,19 "58";
59 0 1 72,211 "59";
60 1 0 69,203 "60";
61 1 1 25,86 "61";
62 2 0 1,124 "62";
63 2 0 120,211 "63";
64 1 1 151,197 "64";
65 2 0 16,120 "65";
66 0 1 124,200 "66";
67 1 0 41,122 "67";
68 1 0 162,202 "68";
69 0 0 58,223 "69";
70 0 1 162,174 "70";
71 2 0 52,219 "71";
72 0 1 193,209 "72";
73 0 1 132,148 "73";
74 2 1 137,218 "74";
75 0 1 16,210 "75";
76 0 0 65,138 "76";
77 1 0 63,98 "77";
78 0 1 159,160 "78";
79 0 1 2,194 "79";
80 1 0 115,206 "80";
81 2 1 23,125 "81";
82 1 0 39,145 "82";
83 0 0 104,118 "83";
84 1 0 27,47 "84";
85 1 0 190,220 "85";
86 1 1 15,120 "86";
87 2 1 16,110 "87";
88 0 0 85,192 "88";
89 2 1 108,136 "89";
90 2 1 65,116 "90";
91 1 0 60,72 "91";
92 0 0 142,226 "92";
93 1 0 154,238 "93";
94 0 1 148,154 "94";
95 2 0 26,177 "95";
96 1 0 126,180 "96";
97 2 0 86,130 "97";
98 0 1 107,242 "98";
99 0 1 181,240 "99";
100 1 1 101,110 "100";
101 0 1 21,242 "101";
102 2 1 186,190 "102";
103 1 1 116,230 "103";
104 0 1 176,190 "104";
105 1 1 89,189 "105";
106 2 1 51,136 "106";
107 2 1 163,201 "107";
108 2 1 56,122 "108";
109 2 0 71,133 "109";
110 2 1 16,17 "110";
111 1 0 134,147 "111";
112 2 0 57,139 "112";
113 0 1 194,199 "113";
114 0 1 84,173 "114";
115 0 1 76,126 "115";
116 2 1 57,196 "116";
117 1 1 10,127 "117";
118 2 1 25,103 "118";
119 0 1 64,165 "119";
120 1 1 38,157 "120";
121 1 1 127,142 "121";
122 2 1 88,192 "122";
123 1 1 91,238 "123";
124 1 1 43,220 "124";
125 2 0 81,151 "125";
126 0 1 90,115 "126";
127 0 0 43,168 "127";
128 0 0 59,192 "128";
129 1 1 39,90 "129";
130 0 0 6,53 "130";
131 0 1 61,150 "131";
132 1 0 76,232 "132";
133 1 0 78,80 "133";
134 1 0 29,129 "134";
135 1 0 43,155 "135";
136 2 0 87,120 "136";
137 2 0 108,148 "137";
138 0 0 139,244 "138";
139 0 1 82,138 "139";
140 1 1 124,169 "140";
141 0 0 19,186 "141";
142 0 1 24,27 "142";
143 2 1 68,86 "143";
144 0 1 63,219 "144";
145 1 1 85,112 "145";
146 0 0 34,80 "146";
147 2 0 58,197 "147";
148 1 0 132,182 "148";
149 0 1 67,175 "149";
150 2 1 46,167 "150";
151 1 1 9,145 "151";
152 1 0 20,75 "152";
153 0 1 84,173 "153";
154 2 0 62,95 "154";
155 1 1 91,131 "155";
156 2 0 29,123 "156";
157 1 1 24,110 "157";
158 2 0 85,116 "158";
159 2 0 68,150 "159";
160 2 0 129,237 "160";
161 2 1 122,138 "161";
162 1 0 127,208 "162";
163 2 0 76,220 "163";
164 0 0 105,171 "164";
165 1 0 35,163 "165";
166 0 0 16,39 "166";
167 0 1 1,143 "167";
168 2 1 76,95 "168";
169 1 1 192,230 "169";
170 1 1 81,101 "170";
171 2 0 82,117 "171";
172 1 0 21,230 "172";
173 0 1 37,116 "173";
174 1 0 14,70 "174";
175 0 1 0,118 "175";
176 0 0 0,1 "176";
177 2 1 188,223 "177";
178 2 0 75,206 "178";
179 0 0 113,155 "179";
180 2 0 51,95 "180";
181 1 1 218,241 "181";
182 1 1 116,220 "182";
183 1 1 79,89 "183";
184 0 0 129,166 "184";
185 0 0 69,203 "185";
186 0 0 60,184 "186";
187 1 1 145,241 "187";
188 0 1 162,205 "188";
189 1 1 10,155 "189";
190 0 0 20,89 "190";
191 0 0 98,190 "191";
192 1 0 34,143 "192";
193 0 0 107,153 "193";
194 2 1 102,138 "194";
195 1 0 175,217 "195";
196 2 0 94,179 "196";
197 0 0 75,130 "197";
198 0 1 44,229 "198";
199 0 0 160,192 "199";
200 0 1 13,85 "200";
201 1 0 149,153 "201";
202 0 0 192,236 "202";
203 0 0 198,220 "203";
204 0 0 151,213 "204";
205 2 1 85,136 "205";
206 1 0 67,106 "206";
207 2 0 87,240 "207";
208 0 0 120,239 "208";
209 1 1 11,203 "209";
210 1 1 64,129 "210";
211 2 0 148,162 "211";
212 2 1 62,189 "212";
213 1 0 33,48 "213";
214 1 0 142,193 "214";
215 0 0 8,58 "215";
216 0 0 114,240 "216";
217 1 1 23,67 "217";
218 2 1 121,160 "218";
219 2 0 13,95 "219";
220 1 0 138,191 "220";
221 0 0 31,34 "221";
222 2 1 40,109 "222";
223 0 0 128,172 "223";
224 1 1 38,93 "224";
225 1 1 112,133 "225";
226 1 1 100,147 "226";
227 2 1 28,103 "227";
228 2 0 151,153 "228";
229 0 0 109,139 "229";
230 2 1 186,195 "230";
231 2 0 148,202 "231";
232 2 0 177,221 "232";
233 2 0 126,211 "233";
234 0 0 125,193 "234";
235 1 1 78,238 "235";
236 2 1 75,232 "236";
237 0 0 193,214 "237";
238 2 1 51,107 "238";
239 0 0 124,211 "239";
240 1 1 16,88 "240";
241 2 0 118,166 "241";
242 1 0 23,226 "242";
243 2 0 32,191 "243";
244 0 0 19,163 "244";
