parity 264;
0 0 0 20,99 "0";
1 0 1 138,176 "1";
2 1 1 15,225 "2";
3 1 0 31,249 "3";
4 1 0 27,86 "4";
5 1 0 116,241 "5";
6 2 0 188,258 "6";
7 0 0 152,257 "7";
8 1 1 165,195 "8";
9 1 1 16,245 "9";
10 0 0 54,78 "10";
11 0 0 197,257 "11";
12 2 0 62,228 "12";
13 2 0 123,131 "13";
14 1 1 38,94 "14";
15 2 0 6,133 "15";
16 0 0 188,193 "16";
17 0 1 109,251 "17";
18 2 0 115,229 "18";
19 0 0 24,57 "19";
20 2 0 185,232 "20";
21 0 0 45,112 "21";
22 1 1 102,122 "22";
23 1 0 171,246 "23";
24 2 0 94,198 "24";
25 2 0 176,217 "25";
26 2 0 51,110 "26";
27 2 0 162,209 "27";
28 1 1 210,247 "28";
29 0 0 73,220 "29";
30 1 0 62,81 "30";
31 1 1 67,144 "31";
32 1 0 153,257 "32";
33 1 1 65,136 "33";
34 0 0 153,184 "34";
35 0 1 25,221 "35";
36 0 1 13,14 "36";
37 0 1 116,118 "37";
38 0 1 147,155 "38";
39 0 0 11,205 "39";
40 1 0 50,262 "40";
41 2 0 157,160 "41";
42 0 0 21,157 "42";
43 0 0 4,209 "43";
44 1 0 8,72 "44";
45 0 1 23,209 "45";
46 2 0 9,76 "46";
47 2 1 29,217 "47";
48 1 1 177,262 "48";
49 2 0 191,222 "49";
50 0 1 142,213 "50";
51 0 1 82,206 "51";
52 0 0 167,169 "52";
53 2 1 162,232 "53";
54 2 0 181,234 "54";
55 1 0 121,264 "55";
56 1 0 120,166 "56";
57 0 1 15,64 "57";
58 0 0 157,197 "58";
59 0 0 47,160 "59";
60 2 0 49,59 "60";
61 1 0 33,72 "61";
62 0 0 184,192 "62";
63 1 1 71,231 "63";
64 0 1 102,248 "64";
65 0 0 85,89 "65";
66 0 0 38,263 "66";
67 0 1 57,121 "67";
68 0 0 65,197 "68";
69 2 0 126,178 "69";
70 0 0 120,175 "70";
71 0 0 159,258 "71";
72 2 0 43,69 "72";
73 1 0 39,134 "73";
74 1 1 21,209 "74";
75 2 0 19,89 "75";
76 0 1 108,262 "76";
77 1 0 56,205 "77";
78 1 0 101,114 "78";
79 2 0 36,58 "79";
80 1 1 69,211 "80";
81 1 0 66,113 "81";
82 1 0 142,225 "82";
83 1 1 132,198 "83";
84 1 1 11,86 "84";
85 1 1 36,58 "85";
86 0 1 139,230 "86";
87 0 1 109,164 "87";
88 0 0 113,199 "88";
89 0 1 33,111 "89";
90 1 1 55,143 "90";
91 0 1 105,230 "91";
92 2 0 108,206 "92";
93 2 1 123,251 "93";
94 1 1 100,245 "94";
95 0 1 79,122 "95";
96 1 1 44,114 "96";
97 0 0 69,96 "97";
98 2 0 26,217 "98";
99 1 0 33,44 "99";
100 0 0 17,134 "100";
101 1 0 80,229 "101";
102 0 0 9,30 "102";
103 2 1 160,263 "103";
104 0 1 8,240 "104";
105 0 1 94,138 "105";
106 1 0 138,201 "106";
107 0 1 46,201 "107";
108 1 0 53,223 "108";
109 0 0 73,138 "109";
110 2 0 34,143 "110";
111 2 0 86,95 "111";
112 0 1 140,200 "112";
113 2 0 52,180 "113";
114 0 0 23,214 "114";
115 2 0 4,164 "115";
116 1 0 171,210 "116";
117 2 1 81,233 "117";
118 1 0 102,136 "118";
119 2 1 10,212 "119";
120 1 0 220,245 "120";
121 0 1 40,67 "121";
122 2 0 31,143 "122";
123 2 1 221,251 "123";
124 0 0 141,180 "124";
125 1 1 19,28 "125";
126 1 1 245,249 "126";
127 0 0 232,238 "127";
128 0 0 47,234 "128";
129 0 0 0,245 "129";
130 2 0 48,112 "130";
131 0 0 6,107 "131";
132 1 1 122,146 "132";
133 1 1 23,123 "133";
134 1 1 127,176 "134";
135 0 1 133,142 "135";
136 2 0 130,206 "136";
137 1 0 113,216 "137";
138 1 1 97,220 "138";
139 0 0 115,213 "139";
140 0 0 14,200 "140";
141 0 1 41,262 "141";
142 0 1 53,172 "142";
143 1 0 173,220 "143";
144 0 0 35,80 "144";
145 0 0 3,76 "145";
146 0 0 86,200 "146";
147 2 1 113,252 "147";
148 0 1 5,168 "148";
149 0 1 37,128 "149";
150 1 0 74,152 "150";
151 2 0 17,87 "151";
152 1 0 82,252 "152";
153 1 1 20,211 "153";
154 2 1 83,202 "154";
155 0 0 100,117 "155";
156 2 0 9,260 "156";
157 2 1 70,145 "157";
158 1 0 69,226 "158";
159 0 0 221,237 "159";
160 0 0 64,143 "160";
161 1 1 110,164 "161";
162 0 1 12,80 "162";
163 2 0 9,58 "163";
164 1 0 11,105 "164";
165 0 1 40,48 "165";
166 1 1 42,119 "166";
167 2 0 172,178 "167";
168 0 1 73,225 "168";
169 2 0 17,79 "169";
170 2 1 106,190 "170";
171 1 0 35,236 "171";
172 2 1 12,201 "172";
173 0 0 109,190 "173";
174 2 1 57,131 "174";
175 2 0 121,200 "175";
176 0 1 88,98 "176";
177 0 0 92,154 "177";
178 0 1 207,232 "178";
179 0 1 43,70 "179";
180 2 0 34,260 "180";
181 0 0 41,195 "181";
182 2 1 132,193 "182";
183 1 1 104,119 "183";
184 2 1 187,256 "184";
185 1 1 33,184 "185";
186 1 1 155,165 "186";
187 0 0 18,81 "187";
188 0 0 145,243 "188";
189 0 0 85,220 "189";
190 1 0 115,199 "190";
191 0 1 178,254 "191";
192 2 0 65,131 "192";
193 1 0 8,161 "193";
194 1 1 36,83 "194";
195 0 1 69,164 "195";
196 0 1 52,91 "196";
197 0 0 4,88 "197";
198 1 1 8,55 "198";
199 0 1 42,102 "199";
200 1 0 80,246 "200";
201 1 0 15,69 "201";
202 0 0 12,91 "202";
203 1 0 1,13 "203";
204 1 1 62,162 "204";
205 1 1 43,83 "205";
206 2 0 149,198 "206";
207 2 0 152,159 "207";
208 0 1 3,17 "208";
209 1 0 132,175 "209";
210 2 1 72,204 "210";
211 2 0 63,79 "211";
212 1 0 72,261 "212";
213 2 1 239,244 "213";
214 2 0 15,34 "214";
215 1 0 152,238 "215";
216 2 0 20,116 "216";
217 1 0 87,232 "217";
218 0 1 14,85 "218";
219 2 1 13,115 "219";
220 2 0 15,166 "220";
221 1 0 92,153 "221";
222 0 0 206,224 "222";
223 0 0 32,163 "223";
224 2 1 63,196 "224";
225 1 0 14,29 "225";
226 2 0 42,253 "226";
227 2 1 4,108 "227";
228 1 1 46,94 "228";
229 1 0 46,161 "229";
230 1 1 169,263 "230";
231 2 1 39,214 "231";
232 2 0 200,259 "232";
233 0 1 12,51 "233";
234 1 1 115,255 "234";
235 1 1 83,141 "235";
236 0 1 26,76 "236";
237 2 1 58,62 "237";
238 2 1 64,194 "238";
239 0 0 58,142 "239";
240 1 0 159,247 "240";
241 2 1 77,170 "241";
242 1 0 36,238 "242";
243 2 1 89,176 "243";
244 0 0 103,256 "244";
245 2 1 95,258 "245";
246 1 0 65,126 "246";
247 2 1 226,258 "247";
248 0 0 63,221 "248";
249 0 0 13,158 "249";
250 0 0 172,249 "250";
251 2 1 69,256 "251";
252 2 0 31,234 "252";
253 1 1 230,237 "253";
254 1 1 98,142 "254";
255 1 1 48,121 "255";
256 2 1 208,242 "256";
257 1 1 230,259 "257";
258 0 0 56,156 "258";
259 1 0 35,194 "259";
260 2 1 14,119 "260";
261 0 1 80,158 "261";
262 1 1 59,73 "262";
263 2 0 110,262 "263";
264 0 0 62,123 "264";
