parity 279;
0 2 1 192,266 "0";
1 2 1 53,103 "1";
2 1 1 31,108 "2";
3 2 1 69,93 "3";
4 2 0 76,180 "4";
5 1 0 178,182 "5";
6 1 0 45,138 "6";
7 0 1 143,174 "7";
8 2 1 111,167 "8";
9 2 0 99,135 "9";
10 0 0 72,162 "10";
11 0 0 167,183 "11";
12 1 1 97,241 "12";
13 1 1 65,133 "13";
14 0 0 18,79 "14";
15 0 1 235,269 "15";
16 0 1 154,178 "16";
17 0 0 60,135 "17";
18 1 0 64,86 "18";
19 1 1 18,84 "19";
20 0 1 107,212 "20";
21 2 1 28,154 "21";
22 0 1 23,66 "22";
23 0 0 115,255 "23";
24 2 1 49,223 "24";
25 1 0 59,101 "25";
26 0 1 22,97 "26";
27 2 0 14,123 "27";
28 2 0 112,157 "28";
29 2 0 60,164 "29";
30 1 0 161,242 "30";
31 2 0 85,143 "31";
32 1 0 144,261 "32";
33 2 0 20,80 "33";
34 0 1 226,254 "34";
35 2 0 49,201 "35";
36 2 0 122,157 "36";
37 0 1 203,238 "37";
38 2 1 103,249 "38";
39 2 0 176,205 "39";
40 2 1 128,258 "40";
41 2 1 24,79 "41";
42 1 1 50,207 "42";
43 2 0 68,176 "43";
44 2 0 132,143 "44";
45 2 0 36,152 "45";
46 0 1 148,179 "46";
47 2 0 49,250 "47";
48 0 0 102,250 "48";
49 2 0 93,261 "49";
50 0 1 28,259 "50";
51 1 1 160,165 "51";
52 0 0 172,227 "52";
53 1 1 15,271 "53";
54 2 1 132,207 "54";
55 0 0 9,124 "55";
56 1 0 95,225 "56";
57 0 0 59,228 "57";
58 0 1 41,275 "58";
59 2 1 142,212 "59";
60 0 1 96,115 "60";
61 0 1 73,133 "61";
62 0 0 19,259 "62";
63 2 0 28,215 "63";
64 2 0 32,123 "64";
65 0 1 232,274 "65";
66 1 1 33,168 "66";
67 2 1 112,198 "67";
68 1 1 78,239 "68";
69 0 0 23,79 "69";
70 2 1 53,104 "70";
71 2 1 66,167 "71";
72 2 0 19,143 "72";
73 2 1 270,271 "73";
74 2 1 129,174 "74";
75 1 1 110,205 "75";
76 2 0 97,112 "76";
77 0 1 174,200 "77";
78 1 0 9,254 "78";
79 2 0 75,164 "79";
80 1 0 37,247 "80";
81 1 0 23,164 "81";
82 2 1 194,272 "82";
83 0 0 123,194 "83";
84 2 1 0,262 "84";
85 0 1 78,249 "85";
86 2 0 36,57 "86";
87 0 0 120,237 "87";
88 0 1 93,209 "88";
89 2 0 191,256 "89";
90 0 0 1,146 "90";
91 1 1 98,141 "91";
92 0 0 14,187 "92";
93 0 0 43,170 "93";
94 2 1 68,102 "94";
95 0 1 38,71 "95";
96 2 1 53,65 "96";
97 2 1 248,262 "97";
98 1 0 121,162 "98";
99 1 0 97,253 "99";
100 2 0 188,260 "100";
101 2 0 4,184 "101";
102 0 1 79,194 "102";
103 0 1 104,276 "103";
104 1 0 148,205 "104";
105 0 0 73,90 "105";
106 1 1 3,74 "106";
107 2 1 68,222 "107";
108 0 1 31,49 "108";
109 1 0 224,271 "109";
110 2 1 208,246 "110";
111 2 1 48,165 "111";
112 2 1 98,187 "112";
113 1 1 8,230 "113";
114 0 1 27,39 "114";
115 2 1 148,196 "115";
116 1 0 96,256 "116";
117 1 0 122,199 "117";
118 0 0 167,235 "118";
119 2 1 56,94 "119";
120 0 1 77,188 "120";
121 0 1 43,114 "121";
122 1 1 137,235 "122";
123 2 0 104,141 "123";
124 1 1 104,185 "124";
125 2 1 215,237 "125";
126 0 0 197,275 "126";
127 0 1 175,235 "127";
128 1 1 73,103 "128";
129 1 0 121,229 "129";
130 1 0 152,256 "130";
131 2 1 34,260 "131";
132 2 1 98,204 "132";
133 0 0 129,158 "133";
134 1 1 116,208 "134";
135 1 0 87,133 "135";
136 0 1 87,266 "136";
137 0 0 170,178 "137";
138 0 1 148,152 "138";
139 2 0 156,231 "139";
140 1 0 53,165 "140";
141 2 0 158,192 "141";
142 2 0 20,211 "142";
143 1 1 43,189 "143";
144 0 1 1,140 "144";
145 1 0 1,179 "145";
146 0 1 72,112 "146";
147 2 0 93,117 "147";
148 0 0 202,235 "148";
149 2 0 114,192 "149";
150 1 1 83,186 "150";
151 1 1 10,55 "151";
152 0 1 155,231 "152";
153 0 1 24,137 "153";
154 0 0 142,228 "154";
155 0 1 195,211 "155";
156 2 0 76,79 "156";
157 2 1 94,217 "157";
158 0 1 99,249 "158";
159 0 0 41,233 "159";
160 2 0 36,139 "160";
161 1 0 163,196 "161";
162 2 1 132,197 "162";
163 1 0 139,226 "163";
164 0 0 51,197 "164";
165 1 1 95,220 "165";
166 1 1 212,247 "166";
167 2 0 95,240 "167";
168 2 1 101,133 "168";
169 2 0 9,242 "169";
170 0 1 110,238 "170";
171 0 1 173,277 "171";
172 0 1 21,128 "172";
173 0 1 43,141 "173";
174 0 0 125,242 "174";
175 0 1 13,194 "175";
176 2 1 197,207 "176";
177 2 1 125,244 "177";
178 1 1 124,261 "178";
179 0 0 88,275 "179";
180 0 0 39,230 "180";
181 1 0 150,267 "181";
182 2 0 109,186 "182";
183 1 1 187,254 "183";
184 1 0 142,168 "184";
185 2 0 51,278 "185";
186 1 1 51,53 "186";
187 2 1 8,201 "187";
188 1 1 167,200 "188";
189 2 1 195,263 "189";
190 1 1 145,232 "190";
191 1 1 71,228 "191";
192 0 0 17,124 "192";
193 2 0 105,250 "193";
194 2 0 174,268 "194";
195 2 1 83,274 "195";
196 2 0 62,198 "196";
197 1 1 218,219 "197";
198 0 0 23,227 "198";
199 1 0 4,138 "199";
200 1 1 157,164 "200";
201 1 0 13,226 "201";
202 1 1 10,140 "202";
203 1 1 114,236 "203";
204 0 1 96,129 "204";
205 0 1 8,87 "205";
206 0 0 62,106 "206";
207 2 0 25,169 "207";
208 0 1 172,178 "208";
209 2 0 61,196 "209";
210 1 0 6,50 "210";
211 1 1 35,261 "211";
212 2 0 51,92 "212";
213 1 0 119,274 "213";
214 0 1 1,229 "214";
215 2 0 125,140 "215";
216 0 0 92,217 "216";
217 0 1 63,98 "217";
218 2 1 84,211 "218";
219 2 1 13,61 "219";
220 1 1 25,157 "220";
221 1 1 25,175 "221";
222 1 1 125,197 "222";
223 0 1 74,209 "223";
224 0 0 78,209 "224";
225 0 0 9,171 "225";
226 0 0 164,198 "226";
227 2 0 117,221 "227";
228 1 1 38,161 "228";
229 0 1 6,264 "229";
230 0 1 37,267 "230";
231 2 0 48,182 "231";
232 1 1 5,188 "232";
233 0 0 86,139 "233";
234 2 1 184,185 "234";
235 2 0 156,195 "235";
236 2 1 90,250 "236";
237 0 0 161,226 "237";
238 2 1 122,278 "238";
239 1 1 77,219 "239";
240 1 1 1,7 "240";
241 0 1 81,232 "241";
242 1 0 112,231 "242";
243 2 0 6,135 "243";
244 2 0 230,235 "244";
245 1 1 77,244 "245";
246 0 0 129,158 "246";
247 0 0 171,243 "247";
248 1 0 113,147 "248";
249 0 1 162,223 "249";
250 0 1 248,270 "250";
251 1 0 56,250 "251";
252 0 0 22,177 "252";
253 0 1 51,77 "253";
254 0 1 2,5 "254";
255 0 0 208,274 "255";
256 1 1 141,216 "256";
257 1 1 29,163 "257";
258 2 0 9,24 "258";
259 1 0 164,176 "259";
260 2 1 42,182 "260";
261 1 1 179,264 "261";
262 0 1 51,187 "262";
263 0 1 154,268 "263";
264 0 0 113,194 "264";
265 1 1 71,273 "265";
266 1 0 111,229 "266";
267 2 1 42,83 "267";
268 1 1 80,205 "268";
269 2 0 154,277 "269";
270 0 1 93,143 "270";
271 2 0 113,144 "271";
272 2 0 103,213 "272";
273 2 1 84,277 "273";
274 1 1 101,175 "274";
275 2 1 139,164 "275";
276 1 0 135,161 "276";
277 1 1 28,71 "277";
278 0 1 145,185 "278";
279 1 1 171,263 "279";
