parity 294;
0 0 1 66,108 "0";
1 1 0 83,225 "1";
2 2 1 212,282 "2";
3 0 0 4,11 "3";
4 0 0 81,131 "4";
5 0 0 46,66 "5";
6 2 1 63,110 "6";
7 1 0 132,164 "7";
8 0 1 38,204 "8";
9 0 0 15,29 "9";
10 0 1 19,91 "10";
11 0 1 170,177 "11";
12 2 1 79,248 "12";
13 0 1 119,249 "13";
14 2 1 41,111 "14";
15 1 0 95,140 "15";
16 1 0 1,65 "16";
17 1 0 137,279 "17";
18 0 0 116,247 "18";
19 2 1 157,268 "19";
20 1 0 137,189 "20";
21 0 0 194,229 "21";
22 0 0 171,207 "22";
23 0 1 146,216 "23";
24 0 0 83,112 "24";
25 1 0 13,248 "25";
26 0 1 194,283 "26";
27 1 1 3,134 "27";
28 1 1 89,191 "28";
29 0 0 7,92 "29";
30 0 1 264,280 "30";
31 0 1 90,92 "31";
32 2 0 70,129 "32";
33 1 1 50,225 "33";
34 2 1 50,168 "34";
35 2 1 78,242 "35";
36 0 0 248,278 "36";
37 2 0 119,131 "37";
38 1 1 113,293 "38";
39 1 1 120,203 "39";
40 2 0 58,215 "40";
41 0 1 103,262 "41";
42 2 1 84,183 "42";
43 2 0 3,63 "43";
44 1 0 48,201 "44";
45 0 1 247,292 "45";
46 0 1 4,236 "46";
47 1 1 190,285 "47";
48 1 1 6,36 "48";
49 1 1 174,184 "49";
50 1 1 66,221 "50";
51 2 1 207,234 "51";
52 0 1 67,85 "52";
53 0 0 19,97 "53";
54 1 0 45,80 "54";
55 0 0 129,271 "55";
56 2 0 159,218 "56";
57 0 0 217,278 "57";
58 2 1 97,200 "58";
59 1 0 130,143 "59";
60 1 1 259,284 "60";
61 1 1 42,195 "61";
62 0 0 20,73 "62";
63 2 1 46,70 "63";
64 0 1 133,219 "64";
65 0 0 151,209 "65";
66 0 0 148,260 "66";
67 1 0 11,260 "67";
68 2 1 3,237 "68";
69 2 1 155,206 "69";
70 1 0 20,215 "70";
71 1 0 33,157 "71";
72 1 1 53,89 "72";
73 1 1 4,124 "73";
74 1 1 27,29 "74";
75 1 0 119,153 "75";
76 2 1 166,169 "76";
77 0 0 104,293 "77";
78 0 1 58,95 "78";
79 1 1 47,290 "79";
80 2 0 207,273 "80";
81 1 0 133,173 "81";
82 1 1 27,154 "82";
83 2 0 65,232 "83";
84 1 1 216,284 "84";
85 2 1 23,43 "85";
86 0 0 31,126 "86";
87 0 1 6,165 "87";
88 0 1 49,192 "88";
89 0 0 164,205 "89";
90 0 1 33,37 "90";
91 0 0 20,177 "91";
92 0 0 2,244 "92";
93 1 1 188,192 "93";
94 0 1 26,177 "94";
95 1 1 126,175 "95";
96 0 1 97,209 "96";
97 2 1 207,272 "97";
98 1 1 207,290 "98";
99 0 0 125,281 "99";
100 0 0 45,46 "100";
101 1 0 215,251 "101";
102 0 0 254,269 "102";
103 2 0 19,120 "103";
104 2 0 66,145 "104";
105 1 0 12,127 "105";
106 2 0 6,212 "106";
107 1 0 4,58 "107";
108 0 0 39,208 "108";
109 0 0 154,200 "109";
110 2 1 191,193 "110";
111 2 0 20,212 "111";
112 1 1 117,257 "112";
113 2 1 272,278 "113";
114 2 0 58,126 "114";
115 2 0 48,261 "115";
116 1 1 204,265 "116";
117 1 1 193,272 "117";
118 0 1 117,175 "118";
119 2 0 160,191 "119";
120 0 1 249,279 "120";
121 2 0 25,198 "121";
122 2 1 69,182 "122";
123 0 1 195,233 "123";
124 2 1 136,166 "124";
125 0 1 3,219 "125";
126 2 0 43,182 "126";
127 2 1 112,270 "127";
128 1 0 86,244 "128";
129 0 0 152,283 "129";
130 2 0 60,200 "130";
131 2 1 27,130 "131";
132 0 1 123,253 "132";
133 1 0 39,127 "133";
134 1 1 72,145 "134";
135 0 1 107,165 "135";
136 1 1 81,164 "136";
137 2 0 4,214 "137";
138 0 0 52,228 "138";
139 0 0 58,214 "139";
140 0 0 66,225 "140";
141 0 0 168,262 "141";
142 2 1 108,179 "142";
143 0 1 127,169 "143";
144 2 1 131,236 "144";
145 0 0 15,243 "145";
146 2 1 199,231 "146";
147 2 0 65,130 "147";
148 0 0 96,182 "148";
149 0 0 12,101 "149";
150 2 1 52,155 "150";
151 1 0 178,240 "151";
152 2 1 91,113 "152";
153 2 1 214,230 "153";
154 2 1 14,62 "154";
155 1 0 143,285 "155";
156 0 0 0,172 "156";
157 1 0 107,114 "157";
158 0 1 221,249 "158";
159 0 0 31,89 "159";
160 2 1 44,203 "160";
161 2 0 184,294 "161";
162 1 0 66,156 "162";
163 1 0 36,261 "163";
164 0 0 117,209 "164";
165 1 1 142,193 "165";
166 2 0 77,189 "166";
167 1 1 210,294 "167";
168 0 0 218,221 "168";
169 0 0 3,213 "169";
170 2 0 55,190 "170";
171 1 1 139,218 "171";
172 2 1 7,57 "172";
173 0 0 27,112 "173";
174 1 1 184,249 "174";
175 1 1 85,126 "175";
176 1 0 238,256 "176";
177 0 0 150,159 "177";
178 1 1 95,138 "178";
179 1 0 6,248 "179";
180 2 0 251,272 "180";
181 2 1 274,290 "181";
182 2 0 100,164 "182";
183 0 0 134,166 "183";
184 2 1 226,250 "184";
185 2 0 199,231 "185";
186 2 1 10,103 "186";
187 2 0 22,234 "187";
188 0 1 60,76 "188";
189 1 1 6,231 "189";
190 2 0 173,220 "190";
191 1 0 155,207 "191";
192 1 1 235,285 "192";
193 1 0 162,287 "193";
194 0 1 107,242 "194";
195 0 1 41,256 "195";
196 0 0 128,150 "196";
197 0 1 54,71 "197";
198 1 1 44,215 "198";
199 0 0 52,228 "199";
200 2 1 73,84 "200";
201 1 1 6,70 "201";
202 0 0 30,121 "202";
203 0 0 60,276 "203";
204 1 1 136,208 "204";
205 0 1 139,215 "205";
206 2 0 74,102 "206";
207 2 1 43,220 "207";
208 1 0 62,175 "208";
209 1 0 158,236 "209";
210 2 0 186,189 "210";
211 2 0 232,264 "211";
212 1 0 107,157 "212";
213 1 1 73,261 "213";
214 2 0 162,180 "214";
215 2 0 34,112 "215";
216 2 0 146,258 "216";
217 2 1 12,90 "217";
218 0 0 81,192 "218";
219 0 0 23,141 "219";
220 0 0 30,121 "220";
221 2 0 185,264 "221";
222 2 0 14,227 "222";
223 2 1 57,238 "223";
224 0 1 11,40 "224";
225 1 0 136,186 "225";
226 1 0 130,142 "226";
227 1 1 38,222 "227";
228 2 1 66,216 "228";
229 2 0 107,179 "229";
230 0 0 203,220 "230";
231 0 1 159,258 "231";
232 0 0 45,100 "232";
233 0 0 89,194 "233";
234 2 1 175,199 "234";
235 1 0 24,119 "235";
236 2 1 95,263 "236";
237 1 0 7,97 "237";
238 2 1 123,285 "238";
239 1 1 12,156 "239";
240 0 0 60,64 "240";
241 1 0 159,245 "241";
242 0 0 258,266 "242";
243 1 1 82,196 "243";
244 1 1 91,184 "244";
245 1 0 154,211 "245";
246 0 0 41,222 "246";
247 1 0 136,256 "247";
248 1 0 11,54 "248";
249 2 1 36,206 "249";
250 0 0 117,247 "250";
251 1 1 179,256 "251";
252 2 1 31,33 "252";
253 1 1 107,183 "253";
254 1 0 204,290 "254";
255 0 1 207,261 "255";
256 2 1 14,35 "256";
257 0 1 107,217 "257";
258 1 1 33,43 "258";
259 0 0 187,234 "259";
260 1 0 111,157 "260";
261 2 1 50,201 "261";
262 0 1 249,270 "262";
263 0 1 166,248 "263";
264 0 1 189,201 "264";
265 0 1 86,223 "265";
266 1 1 28,78 "266";
267 2 1 124,173 "267";
268 1 1 103,205 "268";
269 0 0 239,272 "269";
270 1 1 140,269 "270";
271 0 1 188,243 "271";
272 1 1 38,229 "272";
273 0 1 187,239 "273";
274 2 0 158,272 "274";
275 2 1 166,198 "275";
276 1 1 197,204 "276";
277 2 1 12,16 "277";
278 0 1 162,181 "278";
279 0 0 48,283 "279";
280 2 0 118,218 "280";
281 2 1 20,45 "281";
282 1 0 174,193 "282";
283 2 0 221,285 "283";
284 1 0 74,185 "284";
285 2 0 133,187 "285";
286 2 1 31,87 "286";
287 1 1 257,288 "287";
288 1 1 37,227 "288";
289 0 1 90,286 "289";
290 2 0 146,233 "290";
291 1 1 57,254 "291";
292 2 0 37,171 "292";
293 1 1 39,186 "293";
294 0 0 27,180 "294";
