parity 294;
0 2 1 53,283 "0";
1 2 1 155,226 "1";
2 2 0 36,131 "2";
3 0 1 32,278 "3";
4 2 0 52,80 "4";
5 2 0 34,258 "5";
6 0 0 0,7 "6";
7 2 1 277,286 "7";
8 2 1 17,257 "8";
9 0 1 183,286 "9";
10 0 1 203,278 "10";
11 0 0 16,171 "11";
12 2 0 202,231 "12";
13 1 1 19,260 "13";
14 1 1 20,49 "14";
15 0 1 110,205 "15";
16 2 0 196,277 "16";
17 1 0 207,211 "17";
18 1 0 105,194 "18";
19 2 1 235,262 "19";
20 0 1 191,243 "20";
21 0 1 11,188 "21";
22 2 1 251,291 "22";
23 2 1 143,284 "23";
24 2 0 82,164 "24";
25 2 0 142,283 "25";
26 2 0 22,48 "26";
27 2 1 34,49 "27";
28 2 1 206,210 "28";
29 1 0 182,211 "29";
30 1 0 49,222 "30";
31 2 1 90,101 "31";
32 0 0 168,210 "32";
33 0 0 4,191 "33";
34 0 0 98,159 "34";
35 0 1 107,120 "35";
36 1 0 249,288 "36";
37 2 1 186,208 "37";
38 2 1 201,279 "38";
39 0 0 102,263 "39";
40 1 0 86,199 "40";
41 1 1 150,196 "41";
42 1 0 123,172 "42";
43 2 0 122,203 "43";
44 1 0 28,92 "44";
45 0 0 66,242 "45";
46 0 0 15,23 "46";
47 1 0 96,146 "47";
48 2 1 91,104 "48";
49 1 0 47,150 "49";
50 0 0 98,233 "50";
51 2 0 73,268 "51";
52 1 0 110,211 "52";
53 0 0 218,263 "53";
54 2 0 25,253 "54";
55 2 1 116,263 "55";
56 1 1 76,164 "56";
57 2 1 165,290 "57";
58 1 1 0,53 "58";
59 0 1 66,72 "59";
60 1 0 143,175 "60";
61 0 0 163,201 "61";
62 2 0 188,215 "62";
63 1 0 121,177 "63";
64 0 0 252,271 "64";
65 2 0 23,63 "65";
66 2 1 258,288 "66";
67 2 0 72,289 "67";
68 2 1 18,250 "68";
69 1 1 124,177 "69";
70 1 0 28,216 "70";
71 0 1 118,277 "71";
72 0 0 115,194 "72";
73 1 0 57,223 "73";
74 2 1 139,199 "74";
75 2 0 78,141 "75";
76 1 1 129,239 "76";
77 1 0 82,253 "77";
78 2 1 186,215 "78";
79 2 1 12,94 "79";
80 1 1 79,178 "80";
81 0 1 146,278 "81";
82 1 1 111,230 "82";
83 2 1 151,252 "83";
84 1 0 60,143 "84";
85 1 0 65,272 "85";
86 0 0 22,130 "86";
87 0 0 107,262 "87";
88 0 1 16,111 "88";
89 2 0 126,144 "89";
90 1 1 113,127 "90";
91 1 1 185,218 "91";
92 1 1 142,275 "92";
93 1 0 101,218 "93";
94 1 1 6,31 "94";
95 1 0 13,87 "95";
96 1 1 77,144 "96";
97 0 1 107,280 "97";
98 0 0 109,142 "98";
99 1 1 117,246 "99";
100 0 0 102,214 "100";
101 0 0 134,240 "101";
102 1 1 157,263 "102";
103 1 1 86,98 "103";
104 1 0 103,211 "104";
105 1 0 166,292 "105";
106 2 0 104,156 "106";
107 2 0 22,257 "107";
108 2 1 142,238 "108";
109 2 1 206,264 "109";
110 2 0 72,260 "110";
111 1 0 28,85 "111";
112 2 1 49,100 "112";
113 1 0 219,225 "113";
114 2 1 69,150 "114";
115 1 1 51,113 "115";
116 2 0 85,257 "116";
117 1 0 63,184 "117";
118 1 1 91,123 "118";
119 1 0 106,165 "119";
120 1 0 100,266 "120";
121 2 0 68,125 "121";
122 1 0 210,286 "122";
123 0 0 74,113 "123";
124 2 0 61,156 "124";
125 2 1 178,234 "125";
126 1 1 83,201 "126";
127 1 0 30,149 "127";
128 1 1 174,293 "128";
129 1 0 6,197 "129";
130 2 1 7,36 "130";
131 0 1 52,279 "131";
132 0 1 29,281 "132";
133 1 0 3,104 "133";
134 1 1 101,152 "134";
135 2 0 107,122 "135";
136 1 1 14,72 "136";
137 0 0 63,177 "137";
138 1 0 12,57 "138";
139 1 0 133,218 "139";
140 2 0 40,44 "140";
141 0 0 82,170 "141";
142 0 1 47,96 "142";
143 2 0 132,274 "143";
144 0 0 156,225 "144";
145 0 1 30,71 "145";
146 1 1 106,149 "146";
147 1 1 136,168 "147";
148 2 0 245,264 "148";
149 2 0 35,109 "149";
150 0 0 45,188 "150";
151 1 1 143,155 "151";
152 1 0 21,233 "152";
153 0 0 4,263 "153";
154 1 1 89,124 "154";
155 1 0 264,273 "155";
156 1 1 75,190 "156";
157 0 1 37,167 "157";
158 1 1 114,156 "158";
159 2 0 162,268 "159";
160 2 0 165,266 "160";
161 2 1 165,206 "161";
162 0 1 48,269 "162";
163 2 0 187,214 "163";
164 0 1 147,165 "164";
165 0 0 269,286 "165";
166 1 0 229,236 "166";
167 2 1 91,281 "167";
168 0 1 11,195 "168";
169 1 1 33,221 "169";
170 1 0 160,264 "170";
171 1 0 180,285 "171";
172 2 0 44,140 "172";
173 0 1 139,175 "173";
174 0 1 83,87 "174";
175 1 0 47,90 "175";
176 0 0 0,290 "176";
177 0 1 237,266 "177";
178 2 1 70,130 "178";
179 2 1 185,250 "179";
180 2 1 43,157 "180";
181 1 1 151,209 "181";
182 2 1 5,175 "182";
183 2 1 112,123 "183";
184 1 1 48,270 "184";
185 2 1 81,107 "185";
186 0 0 105,173 "186";
187 2 0 182,193 "187";
188 1 0 16,252 "188";
189 2 0 109,224 "189";
190 2 0 126,234 "190";
191 2 1 92,264 "191";
192 2 0 59,85 "192";
193 0 0 103,161 "193";
194 1 1 79,284 "194";
195 1 1 124,201 "195";
196 1 1 217,249 "196";
197 2 1 195,266 "197";
198 1 0 22,30 "198";
199 1 1 178,218 "199";
200 2 1 127,253 "200";
201 1 0 178,211 "201";
202 2 1 176,227 "202";
203 0 0 1,135 "203";
204 1 1 172,198 "204";
205 0 1 4,159 "205";
206 2 1 88,293 "206";
207 0 1 163,190 "207";
208 2 1 180,188 "208";
209 1 0 56,157 "209";
210 0 0 120,264 "210";
211 2 0 116,293 "211";
212 2 1 13,192 "212";
213 2 0 121,283 "213";
214 0 1 181,265 "214";
215 2 0 130,230 "215";
216 0 1 32,268 "216";
217 2 1 289,291 "217";
218 0 0 101,239 "218";
219 2 0 135,216 "219";
220 0 0 148,167 "220";
221 0 1 72,292 "221";
222 2 1 148,215 "222";
223 1 1 8,122 "223";
224 1 0 65,238 "224";
225 2 1 23,139 "225";
226 1 0 123,152 "226";
227 2 1 35,86 "227";
228 0 0 251,283 "228";
229 0 0 198,264 "229";
230 0 1 6,159 "230";
231 0 1 51,189 "231";
232 1 0 87,149 "232";
233 2 1 223,244 "233";
234 2 0 36,205 "234";
235 1 1 10,31 "235";
236 2 1 69,129 "236";
237 0 0 18,213 "237";
238 1 0 46,173 "238";
239 1 1 63,200 "239";
240 1 0 138,174 "240";
241 0 0 188,260 "241";
242 1 1 55,180 "242";
243 2 0 107,182 "243";
244 2 0 97,271 "244";
245 2 1 99,226 "245";
246 0 1 155,189 "246";
247 0 0 74,165 "247";
248 0 0 73,275 "248";
249 0 0 49,61 "249";
250 2 1 43,160 "250";
251 0 0 145,288 "251";
252 0 1 56,91 "252";
253 2 0 90,212 "253";
254 2 0 64,128 "254";
255 1 1 65,246 "255";
256 0 1 5,101 "256";
257 0 0 181,281 "257";
258 0 0 130,188 "258";
259 0 1 31,38 "259";
260 2 0 118,125 "260";
261 1 0 111,290 "261";
262 2 0 223,246 "262";
263 1 0 82,117 "263";
264 1 1 24,186 "264";
265 0 1 85,165 "265";
266 0 1 183,249 "266";
267 1 0 116,258 "267";
268 2 0 97,152 "268";
269 0 0 74,213 "269";
270 2 0 216,266 "270";
271 0 0 142,250 "271";
272 0 1 121,244 "272";
273 2 1 16,250 "273";
274 0 1 66,214 "274";
275 2 0 95,99 "275";
276 0 1 176,233 "276";
277 1 0 72,265 "277";
278 1 1 237,256 "278";
279 0 1 57,208 "279";
280 1 0 100,279 "280";
281 1 1 18,219 "281";
282 2 1 18,189 "282";
283 2 1 188,255 "283";
284 2 1 56,212 "284";
285 1 0 17,116 "285";
286 0 1 94,199 "286";
287 1 0 141,233 "287";
288 0 1 130,142 "288";
289 0 0 50,173 "289";
290 2 0 10,146 "290";
291 0 1 140,178 "291";
292 2 1 152,273 "292";
293 1 1 87,128 "293";
294 0 1 17,143 "294";
