parity 199;
0 0 0 29,176 "0";
1 1 1 38,91 "1";
2 1 0 147,191 "2";
3 0 1 28,31 "3";
4 2 0 7,174 "4";
5 1 0 73,116 "5";
6 1 0 85,176 "6";
7 1 0 151,186 "7";
8 1 0 84,159 "8";
9 1 1 60,116 "9";
10 1 0 101,177 "10";
11 2 0 174,190 "11";
12 1 1 76,165 "12";
13 0 0 76,87 "13";
14 2 0 68,188 "14";
15 0 1 21,57 "15";
16 2 0 140,149 "16";
17 1 0 158,159 "17";
18 2 1 28,162 "18";
19 2 1 28,170 "19";
20 0 1 120,128 "20";
21 1 0 134,157 "21";
22 2 1 25,131 "22";
23 2 0 22,38 "23";
24 0 1 38,91 "24";
25 1 0 114,118 "25";
26 0 1 140,156 "26";
27 1 1 83,97 "27";
28 1 1 170,183 "28";
29 2 1 79,163 "29";
30 0 0 88,159 "30";
31 1 0 143,182 "31";
32 0 1 101,113 "32";
33 0 1 125,165 "33";
34 0 1 82,93 "34";
35 0 0 15,48 "35";
36 2 1 2,180 "36";
37 2 1 122,186 "37";
38 1 0 83,169 "38";
39 2 1 147,195 "39";
40 1 0 45,146 "40";
41 2 1 5,164 "41";
42 0 0 22,47 "42";
43 2 0 144,197 "43";
44 0 1 94,152 "44";
45 1 1 3,88 "45";
46 1 0 60,199 "46";
47 0 0 65,190 "47";
48 2 1 67,180 "48";
49 1 1 27,87 "49";
50 1 0 126,198 "50";
51 2 0 9,48 "51";
52 0 0 4,163 "52";
53 1 0 12,137 "53";
54 2 0 76,100 "54";
55 0 0 179,198 "55";
56 2 1 112,133 "56";
57 0 1 103,168 "57";
58 0 0 7,28 "58";
59 1 1 3,162 "59";
60 0 0 25,188 "60";
61 2 0 64,96 "61";
62 0 1 39,80 "62";
63 2 0 107,175 "63";
64 2 1 19,30 "64";
65 1 1 37,141 "65";
66 2 1 23,68 "66";
67 0 1 75,124 "67";
68 2 1 7,11 "68";
69 0 0 2,183 "69";
70 2 0 32,144 "70";
71 2 1 64,174 "71";
72 1 0 17,167 "72";
73 2 1 72,102 "73";
74 0 1 14,17 "74";
75 0 1 2,96 "75";
76 1 1 92,181 "76";
77 2 1 49,140 "77";
78 0 0 41,42 "78";
79 2 1 45,81 "79";
80 2 0 16,150 "80";
81 1 0 26,149 "81";
82 2 0 11,56 "82";
83 0 0 66,126 "83";
84 2 0 47,143 "84";
85 0 0 124,161 "85";
86 1 1 50,99 "86";
87 2 1 28,155 "87";
88 0 0 6,50 "88";
89 0 0 72,167 "89";
90 1 0 26,73 "90";
91 0 1 39,104 "91";
92 0 0 72,125 "92";
93 1 0 10,73 "93";
94 1 1 72,131 "94";
95 2 1 15,133 "95";
96 2 0 110,133 "96";
97 2 0 121,154 "97";
98 2 0 32,102 "98";
99 1 0 122,136 "99";
100 1 0 3,196 "100";
101 1 1 136,159 "101";
102 2 0 149,181 "102";
103 2 0 55,145 "103";
104 0 0 13,43 "104";
105 0 0 107,187 "105";
106 2 1 25,118 "106";
107 0 1 32,69 "107";
108 1 0 33,113 "108";
109 0 1 55,170 "109";
110 0 0 42,136 "110";
111 2 0 167,183 "111";
112 1 1 82,107 "112";
113 2 0 80,168 "113";
114 2 1 56,100 "114";
115 0 1 10,111 "115";
116 1 0 38,49 "116";
117 2 0 84,145 "117";
118 0 1 62,176 "118";
119 2 0 92,100 "119";
120 0 1 24,156 "120";
121 2 0 145,162 "121";
122 1 0 119,157 "122";
123 0 1 27,56 "123";
124 0 0 42,171 "124";
125 2 0 5,150 "125";
126 2 1 34,99 "126";
127 1 0 108,180 "127";
128 2 1 41,154 "128";
129 0 0 31,114 "129";
130 0 0 70,90 "130";
131 0 1 59,72 "131";
132 1 0 143,198 "132";
133 0 0 89,199 "133";
134 2 0 79,108 "134";
135 0 1 132,157 "135";
136 0 0 39,153 "136";
137 1 0 0,106 "137";
138 1 0 106,183 "138";
139 2 0 30,74 "139";
140 0 1 111,139 "140";
141 1 1 102,180 "141";
142 0 0 12,73 "142";
143 2 1 30,144 "143";
144 0 0 80,89 "144";
145 2 0 52,147 "145";
146 0 1 39,69 "146";
147 2 0 44,118 "147";
148 2 0 77,158 "148";
149 2 0 36,64 "149";
150 2 0 118,173 "150";
151 1 1 112,185 "151";
152 1 1 45,142 "152";
153 2 1 56,128 "153";
154 2 0 0,171 "154";
155 0 0 143,145 "155";
156 2 0 9,124 "156";
157 1 0 22,81 "157";
158 2 1 163,180 "158";
159 0 0 6,96 "159";
160 0 0 7,94 "160";
161 1 1 156,164 "161";
162 2 0 92,183 "162";
163 1 1 63,180 "163";
164 1 1 36,170 "164";
165 1 0 95,166 "165";
166 2 1 51,137 "166";
167 2 0 49,82 "167";
168 2 0 51,162 "168";
169 2 0 41,143 "169";
170 2 0 74,194 "170";
171 2 1 114,173 "171";
172 1 1 15,154 "172";
173 2 1 41,61 "173";
174 2 0 9,115 "174";
175 0 1 45,177 "175";
176 2 0 49,189 "176";
177 2 0 142,151 "177";
178 0 1 36,174 "178";
179 2 1 0,24 "179";
180 0 0 51,53 "180";
181 2 1 49,120 "181";
182 0 0 45,121 "182";
183 0 1 57,150 "183";
184 1 1 114,195 "184";
185 2 1 14,166 "185";
186 0 0 29,167 "186";
187 0 1 136,147 "187";
188 2 0 119,197 "188";
189 1 0 85,128 "189";
190 2 1 18,135 "190";
191 2 0 74,117 "191";
192 2 0 47,186 "192";
193 1 0 68,169 "193";
194 2 0 75,177 "194";
195 0 0 43,107 "195";
196 2 1 148,157 "196";
197 0 0 3,163 "197";
198 0 0 83,125 "198";
199 1 0 65,193 "199";
