parity 274;
0 2 0 55,85 "0";
1 0 0 186,196 "1";
2 1 1 184,261 "2";
3 0 0 116,147 "3";
4 0 0 45,224 "4";
5 1 1 8,72 "5";
6 2 0 61,235 "6";
7 0 0 2,89 "7";
8 1 0 224,261 "8";
9 2 1 92,163 "9";
10 2 0 47,265 "10";
11 1 0 62,65 "11";
12 0 1 247,256 "12";
13 2 0 122,236 "13";
14 2 0 66,198 "14";
15 2 1 169,251 "15";
16 0 1 21,54 "16";
17 2 1 24,35 "17";
18 0 0 4,271 "18";
19 0 0 97,158 "19";
20 0 0 85,228 "20";
21 2 1 98,160 "21";
22 2 0 17,259 "22";
23 0 0 75,225 "23";
24 0 0 102,127 "24";
25 2 0 98,192 "25";
26 0 1 192,204 "26";
27 1 1 150,252 "27";
28 0 1 144,218 "28";
29 2 1 71,122 "29";
30 2 1 34,259 "30";
31 0 1 20,212 "31";
32 1 0 12,225 "32";
33 1 1 25,269 "33";
34 2 0 94,143 "34";
35 2 0 142,247 "35";
36 1 1 4,68 "36";
37 0 1 115,160 "37";
38 2 1 35,238 "38";
39 0 1 82,243 "39";
40 0 1 105,149 "40";
41 1 1 126,197 "41";
42 0 1 215,258 "42";
43 0 0 63,142 "43";
44 2 0 57,168 "44";
45 1 1 175,267 "45";
46 1 1 12,121 "46";
47 0 1 14,199 "47";
48 1 0 142,227 "48";
49 2 0 61,113 "49";
50 0 1 182,235 "50";
51 2 0 140,251 "51";
52 2 1 181,220 "52";
53 0 0 151,166 "53";
54 2 1 181,225 "54";
55 1 0 60,228 "55";
56 0 0 18,58 "56";
57 2 1 231,263 "57";
58 0 0 79,174 "58";
59 0 0 18,233 "59";
60 1 1 49,229 "60";
61 0 1 19,235 "61";
62 2 1 59,133 "62";
63 0 1 74,257 "63";
64 0 0 63,125 "64";
65 0 0 3,183 "65";
66 1 0 2,79 "66";
67 0 0 239,253 "67";
68 0 0 250,258 "68";
69 1 1 60,133 "69";
70 2 1 142,143 "70";
71 0 0 206,232 "71";
72 1 0 15,33 "72";
73 2 1 97,273 "73";
74 0 0 24,50 "74";
75 0 1 74,196 "75";
76 0 0 35,260 "76";
77 1 0 142,209 "77";
78 2 1 190,204 "78";
79 1 0 46,256 "79";
80 0 0 85,173 "80";
81 0 0 152,210 "81";
82 1 0 202,247 "82";
83 1 1 74,111 "83";
84 0 1 12,132 "84";
85 2 1 80,97 "85";
86 1 1 93,213 "86";
87 1 0 78,195 "87";
88 0 0 1,181 "88";
89 0 0 41,214 "89";
90 1 1 9,48 "90";
91 0 1 101,239 "91";
92 1 0 89,102 "92";
93 2 0 14,217 "93";
94 0 0 53,112 "94";
95 2 0 3,264 "95";
96 0 1 105,135 "96";
97 0 0 148,267 "97";
98 1 1 230,241 "98";
99 2 0 130,149 "99";
100 0 0 202,267 "100";
101 2 0 111,261 "101";
102 0 0 16,171 "102";
103 2 0 173,188 "103";
104 1 0 158,183 "104";
105 1 0 179,259 "105";
106 2 0 54,192 "106";
107 1 1 151,224 "107";
108 0 0 8,169 "108";
109 0 1 91,144 "109";
110 2 0 218,224 "110";
111 2 0 106,125 "111";
112 0 1 40,115 "112";
113 2 1 54,178 "113";
114 0 0 2,213 "114";
115 0 0 147,210 "115";
116 1 0 138,214 "116";
117 1 1 40,201 "117";
118 0 0 137,201 "118";
119 2 1 39,122 "119";
120 1 1 16,97 "120";
121 1 1 95,228 "121";
122 0 0 45,172 "122";
123 1 1 140,177 "123";
124 1 0 167,192 "124";
125 1 1 41,204 "125";
126 1 0 178,242 "126";
127 0 0 26,105 "127";
128 2 1 147,272 "128";
129 1 0 37,66 "129";
130 0 1 13,272 "130";
131 2 1 152,156 "131";
132 1 1 66,210 "132";
133 0 1 85,87 "133";
134 2 0 173,197 "134";
135 1 1 228,269 "135";
136 1 1 19,249 "136";
137 0 0 118,168 "137";
138 1 0 92,260 "138";
139 1 0 84,234 "139";
140 2 1 39,262 "140";
141 1 0 157,218 "141";
142 0 0 129,175 "142";
143 2 0 37,38 "143";
144 0 0 70,155 "144";
145 1 1 224,258 "145";
146 2 0 182,268 "146";
147 1 1 130,243 "147";
148 1 1 59,185 "148";
149 0 0 65,113 "149";
150 1 1 48,127 "150";
151 0 0 78,147 "151";
152 1 1 94,125 "152";
153 0 0 77,260 "153";
154 1 1 96,233 "154";
155 1 0 120,184 "155";
156 1 1 45,64 "156";
157 1 1 7,221 "157";
158 1 1 161,186 "158";
159 2 0 102,105 "159";
160 0 0 23,151 "160";
161 1 1 36,170 "161";
162 1 0 80,146 "162";
163 2 1 70,109 "163";
164 2 1 244,263 "164";
165 2 0 53,135 "165";
166 0 1 59,227 "166";
167 2 0 65,82 "167";
168 2 0 87,137 "168";
169 1 0 205,247 "169";
170 2 0 74,270 "170";
171 0 1 30,77 "171";
172 1 1 56,196 "172";
173 1 0 146,155 "173";
174 0 1 142,225 "174";
175 1 1 46,170 "175";
176 2 1 129,212 "176";
177 2 0 25,222 "177";
178 2 0 174,213 "178";
179 2 0 177,250 "179";
180 0 0 56,155 "180";
181 1 1 120,158 "181";
182 1 1 44,224 "182";
183 0 1 213,259 "183";
184 2 1 47,113 "184";
185 0 1 117,134 "185";
186 0 0 161,217 "186";
187 2 1 13,272 "187";
188 0 0 69,266 "188";
189 0 0 196,197 "189";
190 1 1 16,123 "190";
191 0 0 14,64 "191";
192 1 1 141,273 "192";
193 1 1 8,156 "193";
194 0 1 139,151 "194";
195 1 1 32,179 "195";
196 2 0 171,176 "196";
197 2 1 225,264 "197";
198 2 0 11,91 "198";
199 2 0 13,194 "199";
200 0 0 72,249 "200";
201 1 0 48,211 "201";
202 2 1 46,122 "202";
203 2 1 193,262 "203";
204 2 1 166,207 "204";
205 0 0 59,162 "205";
206 1 0 152,194 "206";
207 1 1 73,112 "207";
208 1 0 184,207 "208";
209 2 1 10,142 "209";
210 0 1 88,155 "210";
211 0 1 169,258 "211";
212 2 0 90,243 "212";
213 2 1 144,195 "213";
214 1 0 127,172 "214";
215 2 1 115,245 "215";
216 0 1 83,192 "216";
217 0 0 71,264 "217";
218 2 0 131,138 "218";
219 0 0 53,78 "219";
220 0 0 73,264 "220";
221 1 1 77,271 "221";
222 1 1 23,53 "222";
223 2 1 166,257 "223";
224 1 0 52,220 "224";
225 0 0 119,226 "225";
226 1 0 213,234 "226";
227 2 1 53,161 "227";
228 0 0 21,124 "228";
229 1 0 55,130 "229";
230 0 1 209,234 "230";
231 0 0 192,258 "231";
232 0 1 62,146 "232";
233 1 0 76,137 "233";
234 2 1 48,188 "234";
235 1 1 117,242 "235";
236 0 0 160,243 "236";
237 2 0 140,152 "237";
238 1 0 158,173 "238";
239 1 0 114,196 "239";
240 0 0 103,176 "240";
241 0 1 111,136 "241";
242 0 0 96,222 "242";
243 1 1 12,83 "243";
244 1 1 139,250 "244";
245 0 0 28,43 "245";
246 2 1 19,28 "246";
247 2 1 207,235 "247";
248 2 0 99,105 "248";
249 2 1 176,272 "249";
250 0 1 61,255 "250";
251 1 1 46,82 "251";
252 1 1 162,215 "252";
253 2 0 105,268 "253";
254 2 1 116,232 "254";
255 2 0 5,182 "255";
256 1 0 217,266 "256";
257 0 1 1,156 "257";
258 1 1 84,142 "258";
259 2 0 163,205 "259";
260 2 0 134,269 "260";
261 1 0 37,67 "261";
262 2 0 8,234 "262";
263 2 0 103,254 "263";
264 1 1 132,135 "264";
265 1 0 96,216 "265";
266 0 1 69,176 "266";
267 0 1 82,255 "267";
268 2 0 136,235 "268";
269 1 1 123,173 "269";
270 1 1 2,274 "270";
271 1 0 102,231 "271";
272 0 1 27,72 "272";
273 0 0 26,90 "273";
274 1 0 116,150 "274";
