parity 214;
0 2 0 17,173 "0";
1 0 1 19,78 "1";
2 2 0 157,176 "2";
3 2 0 186,200 "3";
4 0 0 93,126 "4";
5 1 1 25,84 "5";
6 1 1 63,214 "6";
7 1 1 21,212 "7";
8 0 1 55,139 "8";
9 0 0 139,191 "9";
10 2 1 73,133 "10";
11 1 1 41,144 "11";
12 2 0 26,82 "12";
13 2 0 81,208 "13";
14 0 0 27,142 "14";
15 0 1 172,205 "15";
16 2 0 156,213 "16";
17 0 0 51,89 "17";
18 2 1 46,166 "18";
19 2 1 16,41 "19";
20 0 0 47,118 "20";
21 0 1 122,186 "21";
22 2 1 161,176 "22";
23 0 1 77,125 "23";
24 2 1 32,137 "24";
25 0 0 58,166 "25";
26 2 0 4,135 "26";
27 2 1 67,187 "27";
28 0 1 134,176 "28";
29 1 1 78,86 "29";
30 0 1 19,176 "30";
31 0 0 74,175 "31";
32 2 1 38,106 "32";
33 1 0 13,15 "33";
34 0 0 38,156 "34";
35 2 0 24,44 "35";
36 1 1 88,185 "36";
37 2 1 66,79 "37";
38 2 0 6,133 "38";
39 1 1 71,149 "39";
40 1 0 66,142 "40";
41 0 1 125,127 "41";
42 0 0 48,193 "42";
43 0 0 79,137 "43";
44 2 0 19,153 "44";
45 0 1 108,111 "45";
46 2 0 151,213 "46";
47 1 0 95,164 "47";
48 2 0 178,200 "48";
49 1 0 58,177 "49";
50 1 0 86,114 "50";
51 1 1 159,208 "51";
52 1 1 63,93 "52";
53 1 0 119,203 "53";
54 2 0 64,111 "54";
55 2 0 184,200 "55";
56 0 0 129,185 "56";
57 0 0 117,206 "57";
58 1 1 45,187 "58";
59 0 0 75,191 "59";
60 2 0 56,195 "60";
61 1 0 178,214 "61";
62 1 1 129,137 "62";
63 1 0 88,117 "63";
64 1 0 20,74 "64";
65 1 0 6,163 "65";
66 2 0 41,79 "66";
67 0 0 36,72 "67";
68 0 0 41,128 "68";
69 2 1 189,211 "69";
70 1 0 78,96 "70";
71 2 1 109,113 "71";
72 1 0 41,165 "72";
73 1 1 23,200 "73";
74 0 0 37,142 "74";
75 0 0 16,48 "75";
76 1 1 25,63 "76";
77 1 1 61,168 "77";
78 1 1 39,79 "78";
79 0 1 58,151 "79";
80 2 0 45,147 "80";
81 2 1 111,213 "81";
82 0 1 171,172 "82";
83 2 1 3,26 "83";
84 1 0 147,177 "84";
85 1 0 4,154 "85";
86 2 0 64,103 "86";
87 2 0 23,63 "87";
88 1 1 18,142 "88";
89 2 1 80,98 "89";
90 1 1 20,159 "90";
91 0 1 90,199 "91";
92 2 0 33,84 "92";
93 2 0 142,187 "93";
94 1 0 74,196 "94";
95 1 1 29,202 "95";
96 2 0 153,163 "96";
97 0 0 143,193 "97";
98 1 0 174,180 "98";
99 2 1 61,205 "99";
100 2 1 21,62 "100";
101 1 1 49,131 "101";
102 2 1 45,46 "102";
103 1 0 12,160 "103";
104 2 1 44,102 "104";
105 2 0 136,209 "105";
106 0 1 122,174 "106";
107 0 0 100,121 "107";
108 1 1 40,147 "108";
109 0 1 7,33 "109";
110 0 0 157,179 "110";
111 0 1 178,183 "111";
112 1 0 37,108 "112";
113 1 0 146,174 "113";
114 1 1 52,187 "114";
115 2 0 17,22 "115";
116 0 0 76,100 "116";
117 2 1 44,142 "117";
118 1 0 35,137 "118";
119 1 0 104,141 "119";
120 2 1 4,121 "120";
121 1 0 86,200 "121";
122 0 1 40,101 "122";
123 1 1 30,205 "123";
124 2 1 89,107 "124";
125 0 0 141,193 "125";
126 2 1 45,186 "126";
127 1 1 62,208 "127";
128 0 0 27,119 "128";
129 1 0 128,167 "129";
130 1 1 12,212 "130";
131 2 1 49,54 "131";
132 2 1 75,181 "132";
133 0 0 102,179 "133";
134 1 1 108,190 "134";
135 0 1 4,157 "135";
136 1 1 73,113 "136";
137 0 1 94,122 "137";
138 0 0 54,69 "138";
139 0 0 113,211 "139";
140 1 1 49,143 "140";
141 2 1 61,93 "141";
142 0 0 126,149 "142";
143 2 1 76,211 "143";
144 1 0 3,66 "144";
145 2 0 104,135 "145";
146 0 1 54,137 "146";
147 2 1 168,206 "147";
148 2 1 151,173 "148";
149 2 0 53,154 "149";
150 2 0 101,117 "150";
151 2 0 94,185 "151";
152 2 0 167,199 "152";
153 0 0 203,213 "153";
154 1 1 57,169 "154";
155 1 1 4,79 "155";
156 0 1 82,207 "156";
157 0 1 105,149 "157";
158 1 1 6,159 "158";
159 0 0 57,143 "159";
160 1 0 19,66 "160";
161 1 1 85,104 "161";
162 1 1 10,53 "162";
163 1 0 89,213 "163";
164 2 0 32,210 "164";
165 0 0 5,106 "165";
166 2 0 174,193 "166";
167 0 1 99,201 "167";
168 1 1 67,115 "168";
169 2 0 62,65 "169";
170 2 1 68,90 "170";
171 0 0 33,43 "171";
172 1 1 170,187 "172";
173 1 1 60,186 "173";
174 0 0 112,167 "174";
175 2 0 57,95 "175";
176 0 1 73,188 "176";
177 1 0 12,21 "177";
178 0 0 28,66 "178";
179 0 0 109,161 "179";
180 1 1 17,111 "180";
181 1 1 92,98 "181";
182 0 1 6,117 "182";
183 1 1 188,199 "183";
184 2 0 88,209 "184";
185 1 1 8,81 "185";
186 0 0 72,77 "186";
187 2 0 105,171 "187";
188 1 1 45,79 "188";
189 0 0 11,40 "189";
190 0 0 132,155 "190";
191 1 1 6,179 "191";
192 2 0 73,151 "192";
193 1 0 111,144 "193";
194 0 1 31,185 "194";
195 1 1 99,186 "195";
196 0 0 66,141 "196";
197 0 0 39,42 "197";
198 2 1 16,185 "198";
199 0 1 23,189 "199";
200 0 1 65,193 "200";
201 2 1 126,209 "201";
202 2 1 101,195 "202";
203 2 0 31,113 "203";
204 0 1 48,83 "204";
205 0 0 71,117 "205";
206 1 0 73,135 "206";
207 1 1 30,44 "207";
208 0 0 51,53 "208";
209 0 0 47,104 "209";
210 2 0 115,146 "210";
211 2 0 172,193 "211";
212 1 0 11,48 "212";
213 2 1 11,64 "213";
214 1 0 73,101 "214";
