parity 274;
0 0 0 202,269 "0";
1 1 1 114,128 "1";
2 2 0 123,160 "2";
3 1 0 141,212 "3";
4 1 1 103,155 "4";
5 1 0 41,217 "5";
6 0 1 47,146 "6";
7 1 0 116,139 "7";
8 2 1 97,258 "8";
9 0 0 26,183 "9";
10 0 0 11,98 "10";
11 2 0 242,243 "11";
12 0 0 91,161 "12";
13 2 0 101,211 "13";
14 1 0 34,40 "14";
15 0 0 10,91 "15";
16 0 0 39,198 "16";
17 0 0 42,50 "17";
18 0 0 38,165 "18";
19 0 1 84,166 "19";
20 0 0 24,274 "20";
21 1 1 8,101 "21";
22 2 1 91,166 "22";
23 0 1 201,273 "23";
24 2 0 47,184 "24";
25 2 0 134,264 "25";
26 0 0 6,35 "26";
27 0 1 95,257 "27";
28 1 0 75,168 "28";
29 0 1 161,163 "29";
30 2 1 66,180 "30";
31 2 0 198,220 "31";
32 1 1 106,122 "32";
33 2 1 34,196 "33";
34 1 1 29,156 "34";
35 2 0 70,196 "35";
36 0 0 114,249 "36";
37 0 0 51,253 "37";
38 0 1 82,104 "38";
39 0 0 108,255 "39";
40 0 1 252,264 "40";
41 2 0 97,197 "41";
42 2 1 174,248 "42";
43 1 0 82,157 "43";
44 0 0 2,54 "44";
45 0 1 9,270 "45";
46 1 1 59,60 "46";
47 0 1 71,86 "47";
48 1 0 86,89 "48";
49 1 0 77,121 "49";
50 0 1 96,252 "50";
51 0 1 155,248 "51";
52 0 0 254,261 "52";
53 2 0 125,268 "53";
54 2 1 177,266 "54";
55 1 0 14,50 "55";
56 1 0 167,197 "56";
57 0 1 77,150 "57";
58 0 0 253,267 "58";
59 2 1 21,213 "59";
60 1 1 68,112 "60";
61 0 1 81,162 "61";
62 2 1 76,254 "62";
63 1 1 228,267 "63";
64 2 1 78,247 "64";
65 0 1 134,186 "65";
66 2 1 82,268 "66";
67 0 1 83,195 "67";
68 1 1 39,129 "68";
69 1 1 5,221 "69";
70 1 1 15,180 "70";
71 2 1 101,232 "71";
72 1 1 9,57 "72";
73 2 1 160,206 "73";
74 1 1 31,227 "74";
75 0 1 198,252 "75";
76 0 0 38,103 "76";
77 2 0 171,183 "77";
78 2 0 74,224 "78";
79 0 1 171,224 "79";
80 2 1 63,173 "80";
81 0 0 149,254 "81";
82 2 0 97,269 "82";
83 1 1 67,117 "83";
84 2 1 108,155 "84";
85 2 1 138,253 "85";
86 1 0 40,56 "86";
87 0 1 206,228 "87";
88 2 0 185,215 "88";
89 0 0 142,228 "89";
90 0 1 56,234 "90";
91 1 1 54,86 "91";
92 1 1 167,205 "92";
93 0 0 121,201 "93";
94 0 1 26,142 "94";
95 0 0 6,108 "95";
96 2 0 97,134 "96";
97 1 0 30,51 "97";
98 2 1 7,121 "98";
99 0 1 71,271 "99";
100 1 0 8,157 "100";
101 0 0 62,220 "101";
102 1 1 142,219 "102";
103 0 1 190,256 "103";
104 0 0 106,144 "104";
105 0 0 97,186 "105";
106 0 1 188,199 "106";
107 1 1 219,252 "107";
108 0 1 86,173 "108";
109 2 1 36,265 "109";
110 1 1 21,38 "110";
111 0 0 80,194 "111";
112 2 0 156,187 "112";
113 2 0 98,156 "113";
114 2 0 108,213 "114";
115 2 1 133,251 "115";
116 1 1 54,66 "116";
117 0 1 4,239 "117";
118 0 0 133,194 "118";
119 2 1 158,263 "119";
120 2 0 134,146 "120";
121 0 1 13,112 "121";
122 0 0 102,195 "122";
123 2 1 150,191 "123";
124 0 0 17,65 "124";
125 2 0 83,96 "125";
126 2 0 202,268 "126";
127 0 1 166,205 "127";
128 0 1 42,125 "128";
129 2 1 71,259 "129";
130 1 1 52,82 "130";
131 1 1 66,165 "131";
132 1 1 122,217 "132";
133 0 1 11,124 "133";
134 1 0 166,211 "134";
135 1 0 7,25 "135";
136 0 1 112,117 "136";
137 1 1 265,269 "137";
138 2 0 41,225 "138";
139 2 1 53,109 "139";
140 1 1 21,151 "140";
141 1 0 84,270 "141";
142 0 1 179,217 "142";
143 2 0 48,144 "143";
144 1 1 100,132 "144";
145 1 1 44,137 "145";
146 1 1 150,256 "146";
147 1 0 193,198 "147";
148 0 0 164,174 "148";
149 2 1 114,273 "149";
150 1 1 185,192 "150";
151 1 0 222,266 "151";
152 2 0 144,205 "152";
153 0 1 17,135 "153";
154 1 1 32,60 "154";
155 0 1 165,216 "155";
156 0 1 126,172 "156";
157 1 0 182,246 "157";
158 0 0 126,165 "158";
159 0 0 125,157 "159";
160 1 1 115,268 "160";
161 0 0 11,165 "161";
162 2 0 10,134 "162";
163 0 1 115,171 "163";
164 0 1 67,235 "164";
165 2 1 9,190 "165";
166 0 1 16,267 "166";
167 1 1 101,271 "167";
168 0 1 41,271 "168";
169 0 0 22,175 "169";
170 1 0 193,226 "170";
171 2 0 2,120 "171";
172 0 0 144,238 "172";
173 1 0 111,227 "173";
174 1 1 111,259 "174";
175 2 1 49,134 "175";
176 2 0 37,76 "176";
177 1 1 74,112 "177";
178 1 0 76,227 "178";
179 0 1 24,204 "179";
180 1 0 51,217 "180";
181 0 0 100,178 "181";
182 0 1 45,250 "182";
183 0 0 37,40 "183";
184 2 1 42,274 "184";
185 2 1 71,191 "185";
186 1 0 184,243 "186";
187 2 0 164,176 "187";
188 2 1 92,232 "188";
189 0 1 12,52 "189";
190 0 0 124,181 "190";
191 0 0 83,132 "191";
192 1 1 81,141 "192";
193 0 0 62,140 "193";
194 2 1 195,205 "194";
195 1 1 221,227 "195";
196 1 0 195,237 "196";
197 2 1 129,205 "197";
198 0 0 40,43 "198";
199 1 0 86,155 "199";
200 1 1 73,182 "200";
201 0 1 22,133 "201";
202 1 0 93,267 "202";
203 0 1 21,212 "203";
204 2 0 115,206 "204";
205 0 1 16,208 "205";
206 1 0 20,36 "206";
207 2 1 30,219 "207";
208 2 0 195,201 "208";
209 2 0 63,198 "209";
210 1 1 21,199 "210";
211 2 1 114,241 "211";
212 1 0 101,168 "212";
213 2 1 59,76 "213";
214 0 1 73,228 "214";
215 1 0 39,204 "215";
216 2 0 157,215 "216";
217 1 0 195,245 "217";
218 1 1 103,256 "218";
219 2 1 52,207 "219";
220 1 0 103,227 "220";
221 1 1 160,227 "221";
222 2 0 79,273 "222";
223 1 1 48,74 "223";
224 1 1 162,239 "224";
225 1 0 125,265 "225";
226 1 0 68,79 "226";
227 1 0 102,142 "227";
228 2 0 1,65 "228";
229 2 1 70,240 "229";
230 0 0 106,119 "230";
231 0 1 129,216 "231";
232 1 0 60,229 "232";
233 0 1 31,76 "233";
234 1 1 73,224 "234";
235 1 1 131,169 "235";
236 1 0 91,180 "236";
237 2 1 103,144 "237";
238 1 0 162,184 "238";
239 2 0 215,243 "239";
240 0 0 4,189 "240";
241 1 0 98,238 "241";
242 1 0 33,232 "242";
243 2 1 42,269 "243";
244 0 0 194,211 "244";
245 0 1 183,225 "245";
246 1 1 52,109 "246";
247 0 0 4,231 "247";
248 2 1 37,157 "248";
249 0 1 5,141 "249";
250 1 0 109,179 "250";
251 0 1 34,57 "251";
252 0 0 16,132 "252";
253 0 0 93,200 "253";
254 0 1 86,220 "254";
255 2 1 199,211 "255";
256 2 0 54,61 "256";
257 0 0 122,165 "257";
258 0 0 71,103 "258";
259 2 1 130,213 "259";
260 0 1 22,236 "260";
261 2 0 51,222 "261";
262 2 0 24,184 "262";
263 0 1 53,75 "263";
264 0 1 28,123 "264";
265 1 0 25,73 "265";
266 0 1 152,162 "266";
267 1 1 8,60 "267";
268 1 1 10,249 "268";
269 0 1 60,79 "269";
270 0 1 188,208 "270";
271 0 1 30,181 "271";
272 2 0 19,140 "272";
273 1 0 42,84 "273";
274 0 1 177,259 "274";
