parity 274;
0 2 0 83,260 "0";
1 0 0 54,151 "1";
2 0 0 143,219 "2";
3 1 0 1,263 "3";
4 1 0 127,244 "4";
5 1 0 81,138 "5";
6 1 0 21,153 "6";
7 1 0 10,246 "7";
8 2 0 9,135 "8";
9 1 0 46,241 "9";
10 1 1 204,224 "10";
11 1 1 99,128 "11";
12 1 0 3,238 "12";
13 1 1 163,211 "13";
14 2 0 140,207 "14";
15 0 1 14,208 "15";
16 0 0 67,196 "16";
17 1 1 0,148 "17";
18 2 0 177,249 "18";
19 2 0 5,174 "19";
20 1 1 42,116 "20";
21 1 0 156,186 "21";
22 2 1 19,213 "22";
23 0 0 10,174 "23";
24 1 1 1,254 "24";
25 0 1 105,219 "25";
26 0 1 126,130 "26";
27 1 1 44,252 "27";
28 1 0 20,43 "28";
29 0 1 31,195 "29";
30 2 0 140,195 "30";
31 0 1 230,260 "31";
32 0 0 7,148 "32";
33 0 0 26,273 "33";
34 0 0 56,215 "34";
35 0 1 31,220 "35";
36 2 0 38,181 "36";
37 1 0 20,218 "37";
38 0 0 60,169 "38";
39 1 1 53,257 "39";
40 0 1 24,250 "40";
41 0 0 139,177 "41";
42 1 0 22,30 "42";
43 2 1 157,225 "43";
44 0 0 102,247 "44";
45 0 0 178,203 "45";
46 0 1 65,266 "46";
47 2 1 82,177 "47";
48 1 0 50,167 "48";
49 2 1 144,153 "49";
50 0 1 61,165 "50";
51 2 0 147,154 "51";
52 2 1 41,204 "52";
53 0 1 138,199 "53";
54 0 0 116,186 "54";
55 1 0 33,246 "55";
56 1 1 46,199 "56";
57 0 1 109,139 "57";
58 2 0 123,260 "58";
59 1 1 145,188 "59";
60 0 0 63,127 "60";
61 2 0 127,198 "61";
62 2 1 50,136 "62";
63 0 1 37,40 "63";
64 1 0 119,196 "64";
65 0 1 193,197 "65";
66 2 1 32,59 "66";
67 0 1 50,192 "67";
68 1 1 73,125 "68";
69 0 1 14,99 "69";
70 2 0 43,62 "70";
71 0 0 66,192 "71";
72 0 1 55,192 "72";
73 0 0 195,262 "73";
74 2 0 12,46 "74";
75 2 0 86,134 "75";
76 0 1 86,258 "76";
77 0 1 34,181 "77";
78 0 0 33,107 "78";
79 1 1 44,213 "79";
80 0 1 25,46 "80";
81 1 0 4,65 "81";
82 1 1 2,122 "82";
83 1 1 32,258 "83";
84 1 1 20,213 "84";
85 2 0 74,258 "85";
86 0 1 94,102 "86";
87 0 1 176,198 "87";
88 0 0 83,156 "88";
89 2 0 0,25 "89";
90 0 0 11,193 "90";
91 2 0 120,169 "91";
92 0 0 0,166 "92";
93 0 1 18,115 "93";
94 0 0 15,52 "94";
95 0 0 179,231 "95";
96 1 0 204,258 "96";
97 1 1 92,198 "97";
98 2 1 23,134 "98";
99 1 1 109,195 "99";
100 0 0 55,250 "100";
101 1 0 96,116 "101";
102 2 1 38,207 "102";
103 2 0 229,258 "103";
104 1 0 72,228 "104";
105 1 1 11,246 "105";
106 0 1 11,174 "106";
107 0 1 44,46 "107";
108 0 1 27,65 "108";
109 1 0 87,94 "109";
110 1 1 61,162 "110";
111 0 1 239,261 "111";
112 1 0 203,270 "112";
113 2 1 83,205 "113";
114 1 0 220,236 "114";
115 2 1 101,166 "115";
116 0 0 132,242 "116";
117 0 1 162,187 "117";
118 0 1 69,248 "118";
119 1 1 196,269 "119";
120 2 0 48,261 "120";
121 1 1 162,258 "121";
122 1 0 47,164 "122";
123 1 0 92,219 "123";
124 2 0 88,126 "124";
125 1 0 4,143 "125";
126 0 0 87,121 "126";
127 2 0 50,128 "127";
128 1 1 233,243 "128";
129 2 0 17,127 "129";
130 2 1 54,103 "130";
131 2 0 5,263 "131";
132 0 0 8,253 "132";
133 0 1 15,138 "133";
134 1 1 60,207 "134";
135 0 1 9,42 "135";
136 2 1 180,203 "136";
137 1 1 28,153 "137";
138 0 0 28,253 "138";
139 1 1 31,101 "139";
140 1 0 80,269 "140";
141 2 0 12,64 "141";
142 2 1 28,191 "142";
143 2 1 95,163 "143";
144 1 0 125,204 "144";
145 1 1 96,116 "145";
146 1 1 121,190 "146";
147 1 1 192,223 "147";
148 1 1 22,57 "148";
149 2 0 82,191 "149";
150 2 1 130,158 "150";
151 1 1 54,110 "151";
152 2 1 94,189 "152";
153 1 0 137,231 "153";
154 0 1 0,54 "154";
155 0 1 171,222 "155";
156 1 1 29,164 "156";
157 2 1 52,112 "157";
158 1 1 12,150 "158";
159 2 1 23,223 "159";
160 2 1 125,139 "160";
161 0 0 53,213 "161";
162 0 1 74,264 "162";
163 2 1 209,241 "163";
164 0 1 13,140 "164";
165 0 0 12,179 "165";
166 0 1 85,90 "166";
167 2 0 73,101 "167";
168 1 1 100,245 "168";
169 2 1 144,157 "169";
170 0 1 87,140 "170";
171 0 1 31,240 "171";
172 1 0 78,142 "172";
173 1 1 147,249 "173";
174 1 0 66,211 "174";
175 1 1 55,94 "175";
176 2 0 87,201 "176";
177 1 1 116,161 "177";
178 0 0 177,256 "178";
179 1 1 74,238 "179";
180 0 0 185,224 "180";
181 0 1 78,182 "181";
182 1 0 100,112 "182";
183 1 1 148,240 "183";
184 1 1 63,65 "184";
185 2 0 51,109 "185";
186 2 1 200,215 "186";
187 1 0 258,269 "187";
188 1 1 145,164 "188";
189 0 1 46,53 "189";
190 0 0 64,138 "190";
191 0 1 210,253 "191";
192 2 1 4,121 "192";
193 1 1 84,138 "193";
194 1 0 46,71 "194";
195 1 1 46,254 "195";
196 1 1 108,175 "196";
197 0 1 52,192 "197";
198 2 0 114,209 "198";
199 1 1 96,238 "199";
200 1 0 108,123 "200";
201 0 1 52,121 "201";
202 1 0 42,111 "202";
203 1 1 56,257 "203";
204 0 1 18,24 "204";
205 1 1 31,143 "205";
206 2 0 150,155 "206";
207 0 1 0,230 "207";
208 1 1 88,170 "208";
209 2 1 32,261 "209";
210 2 0 109,261 "210";
211 1 1 89,222 "211";
212 0 0 202,247 "212";
213 1 0 46,173 "213";
214 0 0 50,81 "214";
215 2 0 76,214 "215";
216 0 1 108,188 "216";
217 0 1 37,109 "217";
218 0 0 61,201 "218";
219 1 0 68,73 "219";
220 2 0 82,188 "220";
221 0 0 62,245 "221";
222 2 0 133,162 "222";
223 2 1 121,248 "223";
224 1 0 107,257 "224";
225 0 0 152,185 "225";
226 0 0 63,127 "226";
227 1 1 134,158 "227";
228 2 0 4,199 "228";
229 1 0 105,259 "229";
230 2 1 50,267 "230";
231 1 0 257,268 "231";
232 1 1 47,189 "232";
233 1 1 135,269 "233";
234 2 1 89,252 "234";
235 1 0 36,213 "235";
236 1 1 144,271 "236";
237 0 1 60,257 "237";
238 1 1 133,141 "238";
239 1 1 197,271 "239";
240 1 0 9,13 "240";
241 1 1 22,88 "241";
242 2 1 94,199 "242";
243 1 1 89,250 "243";
244 2 0 63,95 "244";
245 1 0 90,175 "245";
246 1 1 160,206 "246";
247 1 0 167,261 "247";
248 2 0 76,157 "248";
249 1 0 172,230 "249";
250 2 0 26,43 "250";
251 2 0 15,100 "251";
252 2 1 163,208 "252";
253 0 0 73,185 "253";
254 0 1 67,103 "254";
255 1 1 168,236 "255";
256 0 1 186,217 "256";
257 1 1 83,176 "257";
258 1 0 101,167 "258";
259 0 1 85,188 "259";
260 1 0 58,194 "260";
261 0 0 66,195 "261";
262 0 1 184,222 "262";
263 2 1 214,247 "263";
264 2 0 15,78 "264";
265 2 0 182,191 "265";
266 1 0 91,237 "266";
267 0 1 218,254 "267";
268 0 0 41,87 "268";
269 1 1 1,252 "269";
270 2 0 36,246 "270";
271 2 0 25,177 "271";
272 2 0 80,94 "272";
273 2 0 137,265 "273";
274 1 1 14,200 "274";
