parity 239;
0 0 1 139,153 "0";
1 1 0 27,231 "1";
2 0 0 26,55 "2";
3 1 1 43,221 "3";
4 0 1 137,228 "4";
5 2 1 17,221 "5";
6 1 1 148,222 "6";
7 2 0 38,135 "7";
8 1 0 72,232 "8";
9 1 0 96,129 "9";
10 1 1 30,220 "10";
11 0 1 120,157 "11";
12 2 0 75,235 "12";
13 0 1 40,238 "13";
14 1 0 209,233 "14";
15 1 0 116,164 "15";
16 0 0 171,233 "16";
17 1 0 42,75 "17";
18 0 0 49,66 "18";
19 1 0 47,149 "19";
20 1 0 25,115 "20";
21 0 0 128,181 "21";
22 2 1 28,114 "22";
23 1 1 22,117 "23";
24 0 1 82,222 "24";
25 0 0 104,119 "25";
26 1 0 87,230 "26";
27 2 1 85,113 "27";
28 2 0 101,227 "28";
29 1 1 87,215 "29";
30 1 0 128,181 "30";
31 2 1 63,129 "31";
32 2 0 110,215 "32";
33 2 0 94,134 "33";
34 2 1 39,223 "34";
35 2 1 42,133 "35";
36 1 1 222,234 "36";
37 2 1 14,228 "37";
38 0 0 63,222 "38";
39 0 0 72,195 "39";
40 2 1 5,220 "40";
41 1 1 46,170 "41";
42 2 1 23,48 "42";
43 0 0 50,229 "43";
44 0 0 131,141 "44";
45 2 0 110,192 "45";
46 2 0 48,84 "46";
47 1 1 39,87 "47";
48 0 1 11,215 "48";
49 0 1 19,207 "49";
50 1 0 30,132 "50";
51 0 0 132,153 "51";
52 1 0 12,71 "52";
53 1 0 68,147 "53";
54 0 1 63,140 "54";
55 1 1 150,172 "55";
56 2 0 131,177 "56";
57 2 1 105,200 "57";
58 1 1 23,45 "58";
59 0 0 36,94 "59";
60 1 1 29,116 "60";
61 2 1 59,138 "61";
62 2 1 153,199 "62";
63 2 0 52,111 "63";
64 0 0 91,168 "64";
65 1 1 107,112 "65";
66 1 0 200,205 "66";
67 2 0 225,236 "67";
68 1 0 48,236 "68";
69 0 1 154,211 "69";
70 1 0 7,196 "70";
71 2 1 13,137 "71";
72 0 0 102,206 "72";
73 1 1 117,185 "73";
74 1 0 72,224 "74";
75 1 1 61,94 "75";
76 1 1 79,119 "76";
77 2 1 11,150 "77";
78 2 1 72,138 "78";
79 1 1 69,166 "79";
80 1 1 125,163 "80";
81 2 1 1,49 "81";
82 0 0 56,151 "82";
83 1 0 48,68 "83";
84 1 1 48,193 "84";
85 1 0 50,54 "85";
86 2 0 130,187 "86";
87 0 1 8,120 "87";
88 1 0 134,206 "88";
89 1 1 125,141 "89";
90 2 0 149,224 "90";
91 2 0 99,149 "91";
92 1 0 63,179 "92";
93 1 0 91,95 "93";
94 0 0 63,119 "94";
95 1 0 77,131 "95";
96 0 0 161,213 "96";
97 2 1 219,221 "97";
98 2 0 118,239 "98";
99 1 1 57,142 "99";
100 1 0 67,204 "100";
101 1 1 39,107 "101";
102 1 1 69,199 "102";
103 0 1 93,120 "103";
104 2 1 92,132 "104";
105 0 1 19,120 "105";
106 2 0 80,178 "106";
107 1 1 64,79 "107";
108 0 0 46,180 "108";
109 1 1 218,237 "109";
110 0 1 124,198 "110";
111 2 1 57,83 "111";
112 2 1 26,153 "112";
113 0 1 134,153 "113";
114 2 1 74,76 "114";
115 2 0 71,143 "115";
116 1 0 67,153 "116";
117 1 0 138,185 "117";
118 2 0 104,233 "118";
119 0 1 21,92 "119";
120 1 0 7,193 "120";
121 0 0 26,73 "121";
122 1 0 121,151 "122";
123 1 0 96,220 "123";
124 1 1 62,161 "124";
125 0 0 23,97 "125";
126 1 1 150,200 "126";
127 1 0 224,228 "127";
128 2 1 109,196 "128";
129 1 0 20,33 "129";
130 1 1 30,188 "130";
131 0 0 52,206 "131";
132 0 0 111,159 "132";
133 1 1 73,99 "133";
134 2 0 142,199 "134";
135 1 1 3,95 "135";
136 0 0 62,76 "136";
137 0 1 12,186 "137";
138 1 1 78,204 "138";
139 2 0 52,230 "139";
140 1 1 99,155 "140";
141 1 1 125,223 "141";
142 1 0 41,198 "142";
143 0 0 38,58 "143";
144 2 1 37,93 "144";
145 1 0 194,202 "145";
146 2 0 194,207 "146";
147 2 1 141,221 "147";
148 2 0 209,218 "148";
149 2 0 30,53 "149";
150 1 1 82,208 "150";
151 0 0 8,116 "151";
152 1 0 92,142 "152";
153 0 1 23,119 "153";
154 1 0 100,211 "154";
155 1 1 67,110 "155";
156 2 0 97,129 "156";
157 1 1 34,138 "157";
158 1 1 13,123 "158";
159 2 0 100,233 "159";
160 2 1 152,189 "160";
161 0 0 127,160 "161";
162 1 1 61,181 "162";
163 0 1 62,66 "163";
164 2 1 131,225 "164";
165 0 1 7,233 "165";
166 0 1 191,200 "166";
167 2 1 97,194 "167";
168 0 0 199,228 "168";
169 1 1 123,236 "169";
170 2 1 58,153 "170";
171 0 0 81,90 "171";
172 2 0 20,88 "172";
173 1 1 54,214 "173";
174 2 1 50,194 "174";
175 2 0 63,141 "175";
176 1 1 65,69 "176";
177 0 0 216,218 "177";
178 1 0 39,214 "178";
179 2 0 78,190 "179";
180 2 1 13,51 "180";
181 2 0 61,230 "181";
182 1 1 67,86 "182";
183 1 1 1,85 "183";
184 1 1 13,125 "184";
185 2 1 64,225 "185";
186 2 1 49,134 "186";
187 0 1 13,63 "187";
188 0 1 193,220 "188";
189 2 1 145,234 "189";
190 1 1 10,177 "190";
191 0 1 133,173 "191";
192 2 1 16,124 "192";
193 2 1 98,111 "193";
194 2 1 37,130 "194";
195 2 1 84,95 "195";
196 2 1 2,115 "196";
197 0 1 62,183 "197";
198 2 0 78,224 "198";
199 1 1 77,91 "199";
200 2 0 31,112 "200";
201 1 1 63,95 "201";
202 2 1 6,49 "202";
203 1 1 121,171 "203";
204 2 1 18,94 "204";
205 1 1 182,208 "205";
206 1 0 205,215 "206";
207 1 1 1,35 "207";
208 1 1 8,125 "208";
209 1 1 4,11 "209";
210 0 1 14,184 "210";
211 0 0 149,177 "211";
212 2 0 69,105 "212";
213 2 0 82,125 "213";
214 1 1 129,226 "214";
215 0 1 22,140 "215";
216 1 0 152,157 "216";
217 0 1 79,136 "217";
218 1 0 105,169 "218";
219 1 1 10,136 "219";
220 0 0 170,209 "220";
221 1 1 20,85 "221";
222 0 0 63,94 "222";
223 0 1 140,203 "223";
224 2 1 12,17 "224";
225 1 1 26,85 "225";
226 1 1 166,229 "226";
227 2 0 58,113 "227";
228 2 0 172,182 "228";
229 0 0 69,88 "229";
230 2 1 81,201 "230";
231 0 0 16,205 "231";
232 1 1 9,50 "232";
233 2 0 57,152 "233";
234 0 1 19,97 "234";
235 0 0 35,109 "235";
236 0 1 43,218 "236";
237 1 1 39,133 "237";
238 2 1 75,162 "238";
239 0 1 21,52 "239";
