parity 294;
0 0 1 18,145 "0";
1 1 0 167,200 "1";
2 1 0 45,72 "2";
3 2 0 70,154 "3";
4 1 0 165,174 "4";
5 2 1 55,155 "5";
6 0 1 26,262 "6";
7 0 1 40,202 "7";
8 1 1 129,224 "8";
9 0 0 54,193 "9";
10 2 0 78,87 "10";
11 2 0 3,255 "11";
12 0 0 136,193 "12";
13 0 0 103,125 "13";
14 0 0 18,239 "14";
15 0 0 71,104 "15";
16 0 0 165,173 "16";
17 0 1 43,262 "17";
18 1 0 15,44 "18";
19 1 0 32,132 "19";
20 1 1 71,263 "20";
21 0 0 117,157 "21";
22 0 0 110,209 "22";
23 1 0 106,275 "23";
24 2 1 23,180 "24";
25 2 0 75,288 "25";
26 2 1 48,112 "26";
27 1 0 141,289 "27";
28 0 0 50,78 "28";
29 2 0 188,273 "29";
30 0 0 95,171 "30";
31 2 0 104,294 "31";
32 0 1 243,244 "32";
33 2 0 55,86 "33";
34 2 1 29,172 "34";
35 0 1 157,294 "35";
36 0 0 244,278 "36";
37 0 0 76,111 "37";
38 0 0 207,238 "38";
39 2 0 161,291 "39";
40 1 1 65,284 "40";
41 0 1 94,149 "41";
42 2 1 87,109 "42";
43 1 0 24,99 "43";
44 1 0 7,204 "44";
45 0 0 66,78 "45";
46 1 0 146,273 "46";
47 2 1 98,139 "47";
48 1 1 147,258 "48";
49 2 1 40,161 "49";
50 0 1 27,111 "50";
51 1 0 181,221 "51";
52 0 0 72,215 "52";
53 1 1 99,185 "53";
54 1 1 57,172 "54";
55 1 0 76,168 "55";
56 2 0 93,100 "56";
57 2 1 112,232 "57";
58 1 1 57,208 "58";
59 1 1 62,203 "59";
60 1 0 137,247 "60";
61 1 1 157,186 "61";
62 0 1 190,280 "62";
63 1 0 48,128 "63";
64 2 0 112,138 "64";
65 2 0 93,120 "65";
66 0 1 159,209 "66";
67 0 0 132,290 "67";
68 2 0 47,172 "68";
69 0 1 184,270 "69";
70 1 0 74,214 "70";
71 0 1 56,230 "71";
72 1 1 68,140 "72";
73 0 0 157,184 "73";
74 1 0 99,260 "74";
75 0 1 152,223 "75";
76 1 1 192,240 "76";
77 2 1 162,216 "77";
78 1 0 40,105 "78";
79 1 1 49,231 "79";
80 1 0 28,156 "80";
81 0 0 181,275 "81";
82 0 1 54,215 "82";
83 0 1 6,12 "83";
84 1 0 197,251 "84";
85 0 0 14,226 "85";
86 1 0 12,62 "86";
87 2 0 127,213 "87";
88 0 0 14,16 "88";
89 2 0 39,116 "89";
90 2 1 157,227 "90";
91 1 1 66,294 "91";
92 0 0 96,243 "92";
93 2 1 69,87 "93";
94 1 0 60,205 "94";
95 1 1 188,277 "95";
96 2 1 162,172 "96";
97 0 1 78,283 "97";
98 0 1 53,265 "98";
99 1 0 125,223 "99";
100 0 1 64,282 "100";
101 1 0 120,214 "101";
102 2 0 74,162 "102";
103 2 1 189,231 "103";
104 2 0 80,97 "104";
105 0 0 51,283 "105";
106 0 1 227,264 "106";
107 2 0 130,274 "107";
108 1 1 113,194 "108";
109 2 0 47,243 "109";
110 1 0 39,206 "110";
111 0 1 8,157 "111";
112 2 1 92,110 "112";
113 0 1 103,181 "113";
114 0 1 48,104 "114";
115 0 1 144,253 "115";
116 1 0 27,54 "116";
117 0 0 17,293 "117";
118 2 0 261,280 "118";
119 0 0 2,18 "119";
120 2 1 91,245 "120";
121 0 1 67,164 "121";
122 1 0 172,210 "122";
123 1 0 131,207 "123";
124 0 1 109,148 "124";
125 2 1 105,122 "125";
126 2 0 66,94 "126";
127 1 1 94,109 "127";
128 2 1 30,190 "128";
129 1 1 44,192 "129";
130 0 1 111,196 "130";
131 0 1 161,214 "131";
132 1 0 235,270 "132";
133 0 0 63,246 "133";
134 2 1 20,162 "134";
135 0 0 132,192 "135";
136 0 1 6,53 "136";
137 0 1 60,255 "137";
138 2 0 1,76 "138";
139 0 1 180,233 "139";
140 2 0 251,274 "140";
141 2 0 283,285 "141";
142 2 1 11,44 "142";
143 1 1 35,203 "143";
144 0 0 104,239 "144";
145 2 1 31,139 "145";
146 1 0 210,243 "146";
147 2 0 288,290 "147";
148 0 0 43,194 "148";
149 2 0 210,278 "149";
150 0 1 123,151 "150";
151 1 0 221,283 "151";
152 2 1 54,233 "152";
153 0 0 5,287 "153";
154 1 1 246,269 "154";
155 2 1 20,112 "155";
156 1 1 34,142 "156";
157 1 1 147,178 "157";
158 2 1 49,69 "158";
159 1 0 35,76 "159";
160 2 1 268,270 "160";
161 2 1 178,276 "161";
162 2 1 83,130 "162";
163 0 0 85,239 "163";
164 2 1 73,74 "164";
165 1 1 89,256 "165";
166 2 0 17,289 "166";
167 2 1 91,213 "167";
168 1 0 223,261 "168";
169 2 1 33,208 "169";
170 0 0 126,149 "170";
171 2 0 270,294 "171";
172 1 0 198,293 "172";
173 1 1 19,222 "173";
174 0 0 54,198 "174";
175 1 1 26,143 "175";
176 0 1 198,217 "176";
177 2 0 137,288 "177";
178 2 0 115,215 "178";
179 0 1 25,268 "179";
180 2 1 188,231 "180";
181 0 0 37,51 "181";
182 1 1 164,174 "182";
183 2 1 100,136 "183";
184 0 0 48,181 "184";
185 2 0 67,111 "185";
186 1 0 36,215 "186";
187 0 1 266,294 "187";
188 0 1 139,199 "188";
189 1 1 113,257 "189";
190 2 1 73,210 "190";
191 0 1 46,252 "191";
192 1 0 113,218 "192";
193 1 0 213,224 "193";
194 0 1 21,184 "194";
195 0 1 0,46 "195";
196 1 0 134,277 "196";
197 1 1 170,177 "197";
198 1 0 178,230 "198";
199 2 0 131,167 "199";
200 2 0 145,264 "200";
201 1 0 72,159 "201";
202 0 0 221,243 "202";
203 1 0 270,291 "203";
204 0 0 84,98 "204";
205 0 1 93,153 "205";
206 2 1 9,217 "206";
207 1 0 94,131 "207";
208 0 0 26,159 "208";
209 1 0 100,246 "209";
210 2 0 155,252 "210";
211 1 1 172,240 "211";
212 1 1 94,121 "212";
213 1 1 83,98 "213";
214 2 1 22,30 "214";
215 2 1 147,198 "215";
216 0 0 54,110 "216";
217 2 1 37,223 "217";
218 2 1 12,189 "218";
219 0 1 163,283 "219";
220 0 1 210,275 "220";
221 2 1 144,196 "221";
222 2 1 94,233 "222";
223 1 0 197,287 "223";
224 2 1 25,110 "224";
225 0 0 87,186 "225";
226 0 1 127,155 "226";
227 1 1 11,291 "227";
228 0 1 158,160 "228";
229 0 1 180,205 "229";
230 1 0 13,266 "230";
231 1 1 3,68 "231";
232 2 0 18,37 "232";
233 2 0 105,241 "233";
234 1 0 62,142 "234";
235 2 1 20,154 "235";
236 1 1 180,197 "236";
237 1 1 153,158 "237";
238 0 1 32,63 "238";
239 0 0 35,146 "239";
240 1 1 28,116 "240";
241 2 1 60,207 "241";
242 1 1 154,289 "242";
243 1 0 171,198 "243";
244 2 0 167,185 "244";
245 1 0 97,272 "245";
246 2 1 175,273 "246";
247 2 1 59,258 "247";
248 2 0 58,179 "248";
249 2 0 208,271 "249";
250 1 1 56,77 "250";
251 0 0 5,15 "251";
252 1 1 117,185 "252";
253 1 0 53,287 "253";
254 2 0 32,97 "254";
255 0 0 122,282 "255";
256 1 1 193,216 "256";
257 2 1 121,190 "257";
258 1 1 80,247 "258";
259 1 0 84,91 "259";
260 2 0 8,203 "260";
261 1 1 63,180 "261";
262 0 0 207,261 "262";
263 2 0 12,235 "263";
264 2 1 46,244 "264";
265 0 1 95,221 "265";
266 1 1 28,32 "266";
267 1 1 99,120 "267";
268 2 0 143,284 "268";
269 0 1 61,219 "269";
270 2 0 40,64 "270";
271 2 0 143,146 "271";
272 1 0 131,246 "272";
273 2 1 46,67 "273";
274 1 1 41,187 "274";
275 2 1 124,265 "275";
276 0 0 106,285 "276";
277 1 1 152,217 "277";
278 2 0 71,219 "278";
279 1 0 44,230 "279";
280 0 0 240,289 "280";
281 0 1 204,289 "281";
282 2 0 234,250 "282";
283 1 0 42,285 "283";
284 2 1 31,106 "284";
285 0 0 89,126 "285";
286 0 1 251,289 "286";
287 2 1 24,259 "287";
288 0 0 96,198 "288";
289 1 1 153,209 "289";
290 0 0 9,42 "290";
291 1 0 83,276 "291";
292 2 1 198,209 "292";
293 0 1 143,255 "293";
294 1 1 86,259 "294";
