parity 269;
0 2 0 45,235 "0";
1 2 0 202,211 "1";
2 0 1 46,190 "2";
3 1 1 112,122 "3";
4 1 1 61,82 "4";
5 2 0 106,110 "5";
6 2 0 37,41 "6";
7 2 1 52,54 "7";
8 0 0 177,216 "8";
9 2 0 39,62 "9";
10 2 1 23,156 "10";
11 1 1 218,251 "11";
12 1 1 154,253 "12";
13 1 0 133,150 "13";
14 1 1 29,243 "14";
15 0 1 6,28 "15";
16 0 0 41,169 "16";
17 0 1 120,258 "17";
18 2 0 211,256 "18";
19 1 0 65,256 "19";
20 1 0 34,81 "20";
21 1 1 49,259 "21";
22 2 0 193,199 "22";
23 2 1 4,147 "23";
24 0 0 94,136 "24";
25 2 1 93,221 "25";
26 0 0 86,268 "26";
27 0 0 65,75 "27";
28 1 0 65,90 "28";
29 0 0 51,265 "29";
30 1 0 119,257 "30";
31 2 0 147,162 "31";
32 0 0 213,224 "32";
33 2 0 2,50 "33";
34 1 1 35,246 "34";
35 1 1 93,232 "35";
36 2 0 10,120 "36";
37 2 0 165,233 "37";
38 0 0 8,22 "38";
39 2 0 137,197 "39";
40 2 0 29,233 "40";
41 2 0 24,219 "41";
42 0 0 79,202 "42";
43 2 1 27,120 "43";
44 2 0 200,212 "44";
45 1 1 103,173 "45";
46 2 0 56,267 "46";
47 0 1 53,144 "47";
48 0 0 72,78 "48";
49 2 0 93,213 "49";
50 1 1 217,256 "50";
51 2 1 66,133 "51";
52 2 1 215,262 "52";
53 1 0 99,132 "53";
54 2 0 195,251 "54";
55 0 1 23,104 "55";
56 1 1 27,151 "56";
57 2 1 28,144 "57";
58 0 1 135,151 "58";
59 0 0 78,152 "59";
60 0 0 58,102 "60";
61 0 0 33,266 "61";
62 2 0 12,32 "62";
63 0 1 89,234 "63";
64 2 0 17,189 "64";
65 1 1 199,254 "65";
66 2 1 258,263 "66";
67 0 1 60,239 "67";
68 1 1 7,60 "68";
69 0 1 6,45 "69";
70 2 1 95,255 "70";
71 1 0 183,208 "71";
72 2 1 139,167 "72";
73 1 0 51,159 "73";
74 2 0 1,4 "74";
75 1 0 140,214 "75";
76 2 1 37,147 "76";
77 2 1 6,81 "77";
78 0 0 14,200 "78";
79 2 0 24,112 "79";
80 1 0 23,185 "80";
81 1 0 104,216 "81";
82 0 1 43,245 "82";
83 2 0 172,179 "83";
84 1 0 32,173 "84";
85 2 0 173,205 "85";
86 1 1 30,164 "86";
87 1 1 33,250 "87";
88 2 0 84,124 "88";
89 2 1 15,213 "89";
90 1 1 50,66 "90";
91 2 1 17,88 "91";
92 0 0 107,154 "92";
93 2 1 8,92 "93";
94 0 0 239,257 "94";
95 0 1 115,245 "95";
96 1 0 0,134 "96";
97 2 0 87,241 "97";
98 2 1 251,264 "98";
99 1 0 122,175 "99";
100 2 0 162,184 "100";
101 0 1 202,249 "101";
102 1 1 20,129 "102";
103 2 1 124,140 "103";
104 2 1 167,244 "104";
105 0 1 64,69 "105";
106 0 0 180,206 "106";
107 1 1 156,225 "107";
108 2 1 15,172 "108";
109 0 0 27,134 "109";
110 2 0 3,55 "110";
111 1 0 63,135 "111";
112 2 1 23,114 "112";
113 1 0 241,260 "113";
114 0 0 191,203 "114";
115 0 1 26,102 "115";
116 0 0 30,106 "116";
117 2 1 208,269 "117";
118 2 1 179,253 "118";
119 0 1 206,257 "119";
120 2 1 54,243 "120";
121 1 1 29,53 "121";
122 2 0 147,171 "122";
123 1 0 104,229 "123";
124 2 0 26,243 "124";
125 1 1 46,140 "125";
126 2 1 74,156 "126";
127 2 1 82,136 "127";
128 1 1 76,191 "128";
129 2 0 14,105 "129";
130 0 0 13,83 "130";
131 1 1 13,101 "131";
132 2 1 91,112 "132";
133 1 0 189,204 "133";
134 2 0 149,255 "134";
135 2 0 62,255 "135";
136 0 0 128,253 "136";
137 2 1 101,265 "137";
138 0 0 101,184 "138";
139 0 1 187,190 "139";
140 2 0 131,177 "140";
141 0 1 13,253 "141";
142 0 1 156,261 "142";
143 2 0 100,255 "143";
144 1 1 10,120 "144";
145 0 0 19,246 "145";
146 0 1 116,167 "146";
147 1 1 49,242 "147";
148 1 0 21,152 "148";
149 0 0 162,264 "149";
150 1 1 37,130 "150";
151 2 0 102,120 "151";
152 2 1 24,57 "152";
153 2 0 216,233 "153";
154 0 0 29,71 "154";
155 1 1 79,160 "155";
156 2 1 105,116 "156";
157 1 1 160,237 "157";
158 1 1 73,89 "158";
159 2 1 5,210 "159";
160 0 1 64,238 "160";
161 1 0 166,197 "161";
162 2 1 126,219 "162";
163 0 0 150,217 "163";
164 0 1 103,229 "164";
165 2 1 49,239 "165";
166 0 1 47,89 "166";
167 2 0 179,183 "167";
168 0 0 1,53 "168";
169 1 0 131,141 "169";
170 2 0 108,137 "170";
171 2 0 21,61 "171";
172 0 1 15,216 "172";
173 1 1 84,131 "173";
174 2 1 152,269 "174";
175 1 0 99,220 "175";
176 2 1 13,52 "176";
177 0 0 2,16 "177";
178 0 1 80,125 "178";
179 0 0 85,243 "179";
180 0 1 15,202 "180";
181 0 1 88,236 "181";
182 0 1 57,250 "182";
183 2 0 17,100 "183";
184 1 1 114,119 "184";
185 2 0 31,149 "185";
186 0 1 158,209 "186";
187 0 1 9,256 "187";
188 0 0 72,210 "188";
189 0 0 78,225 "189";
190 2 0 104,201 "190";
191 2 1 27,47 "191";
192 2 0 81,125 "192";
193 2 0 24,236 "193";
194 2 0 34,134 "194";
195 0 0 197,263 "195";
196 1 1 77,254 "196";
197 1 1 172,236 "197";
198 0 1 90,155 "198";
199 2 0 96,203 "199";
200 1 1 96,259 "200";
201 0 0 20,101 "201";
202 0 1 15,124 "202";
203 2 0 28,173 "203";
204 1 0 19,29 "204";
205 2 0 72,244 "205";
206 2 1 24,93 "206";
207 2 1 4,25 "207";
208 2 0 157,159 "208";
209 0 1 169,171 "209";
210 0 0 23,169 "210";
211 2 1 238,264 "211";
212 1 0 100,194 "212";
213 0 1 147,187 "213";
214 2 1 5,95 "214";
215 2 0 105,116 "215";
216 2 1 128,143 "216";
217 2 0 186,195 "217";
218 0 1 105,193 "218";
219 1 1 55,76 "219";
220 0 1 175,202 "220";
221 1 1 4,139 "221";
222 0 1 34,98 "222";
223 2 0 18,22 "223";
224 1 0 71,215 "224";
225 2 0 57,202 "225";
226 2 1 38,50 "226";
227 2 1 54,157 "227";
228 1 1 229,264 "228";
229 0 1 34,218 "229";
230 2 0 21,53 "230";
231 1 0 16,262 "231";
232 2 1 95,145 "232";
233 1 1 107,162 "233";
234 1 0 12,153 "234";
235 2 0 148,197 "235";
236 0 1 94,110 "236";
237 0 1 2,207 "237";
238 0 0 198,251 "238";
239 0 0 125,245 "239";
240 1 1 100,187 "240";
241 0 0 77,113 "241";
242 2 1 106,111 "242";
243 0 1 97,241 "243";
244 1 1 50,172 "244";
245 1 1 45,238 "245";
246 0 0 28,168 "246";
247 2 0 11,130 "247";
248 0 1 181,221 "248";
249 2 1 35,79 "249";
250 2 0 81,147 "250";
251 0 0 63,65 "251";
252 1 0 152,254 "252";
253 0 0 121,257 "253";
254 1 1 186,239 "254";
255 0 1 29,86 "255";
256 2 1 34,36 "256";
257 2 1 0,110 "257";
258 0 0 80,114 "258";
259 0 0 115,263 "259";
260 2 1 48,235 "260";
261 2 1 175,194 "261";
262 1 0 6,87 "262";
263 0 0 151,170 "263";
264 1 1 109,219 "264";
265 2 0 87,179 "265";
266 0 1 89,228 "266";
267 0 0 127,136 "267";
268 0 1 77,87 "268";
269 1 1 27,173 "269";
