parity 294;
0 0 1 132,293 "0";
1 2 0 250,289 "1";
2 1 1 269,292 "2";
3 2 1 82,165 "3";
4 0 1 65,130 "4";
5 0 0 51,221 "5";
6 1 0 11,45 "6";
7 2 1 43,101 "7";
8 2 1 3,213 "8";
9 1 1 7,99 "9";
10 0 0 231,237 "10";
11 0 0 86,219 "11";
12 0 0 45,59 "12";
13 1 1 21,59 "13";
14 0 1 40,157 "14";
15 0 1 174,267 "15";
16 2 1 6,287 "16";
17 2 1 129,179 "17";
18 0 0 110,158 "18";
19 0 1 64,79 "19";
20 0 0 30,164 "20";
21 0 0 24,112 "21";
22 2 1 264,288 "22";
23 1 0 97,223 "23";
24 0 0 167,293 "24";
25 0 1 48,158 "25";
26 1 1 42,264 "26";
27 1 0 56,285 "27";
28 2 0 162,274 "28";
29 1 0 87,294 "29";
30 1 1 62,84 "30";
31 1 0 77,251 "31";
32 2 1 120,150 "32";
33 2 0 23,255 "33";
34 1 1 155,242 "34";
35 1 0 109,294 "35";
36 1 0 60,240 "36";
37 1 1 93,119 "37";
38 0 1 191,245 "38";
39 0 0 173,186 "39";
40 0 0 93,195 "40";
41 1 0 210,293 "41";
42 2 1 15,159 "42";
43 0 0 212,294 "43";
44 1 0 191,288 "44";
45 2 1 8,121 "45";
46 0 0 92,173 "46";
47 1 0 262,278 "47";
48 0 1 152,276 "48";
49 1 1 73,244 "49";
50 1 1 3,179 "50";
51 0 0 47,203 "51";
52 1 0 79,129 "52";
53 1 0 23,181 "53";
54 2 0 110,138 "54";
55 1 1 196,264 "55";
56 1 0 151,164 "56";
57 2 1 88,180 "57";
58 2 0 62,219 "58";
59 0 1 156,202 "59";
60 2 0 126,195 "60";
61 2 1 36,121 "61";
62 1 1 99,230 "62";
63 2 1 59,256 "63";
64 0 1 20,242 "64";
65 0 1 221,266 "65";
66 0 0 203,293 "66";
67 2 0 116,200 "67";
68 2 1 114,262 "68";
69 0 1 161,229 "69";
70 2 1 113,222 "70";
71 2 1 52,70 "71";
72 1 0 113,159 "72";
73 1 0 188,255 "73";
74 0 1 222,255 "74";
75 1 1 175,283 "75";
76 0 1 33,125 "76";
77 2 1 18,71 "77";
78 0 1 57,222 "78";
79 2 0 31,48 "79";
80 1 1 121,269 "80";
81 2 0 59,250 "81";
82 2 0 126,275 "82";
83 2 0 0,229 "83";
84 1 0 9,182 "84";
85 2 0 179,254 "85";
86 2 1 189,219 "86";
87 0 0 183,203 "87";
88 0 0 38,203 "88";
89 2 1 98,225 "89";
90 2 1 4,98 "90";
91 0 1 45,50 "91";
92 0 1 112,174 "92";
93 0 1 33,67 "93";
94 1 0 96,177 "94";
95 2 1 79,152 "95";
96 0 1 3,285 "96";
97 0 0 200,279 "97";
98 2 0 40,273 "98";
99 1 0 29,106 "99";
100 0 1 16,194 "100";
101 2 1 27,177 "101";
102 1 0 75,104 "102";
103 1 1 14,79 "103";
104 2 0 11,183 "104";
105 1 1 154,206 "105";
106 1 1 71,208 "106";
107 0 1 30,51 "107";
108 2 0 127,161 "108";
109 2 0 50,55 "109";
110 2 1 32,112 "110";
111 2 0 92,93 "111";
112 2 1 50,248 "112";
113 0 1 126,196 "113";
114 2 1 118,279 "114";
115 0 1 22,102 "115";
116 1 0 21,190 "116";
117 1 1 5,246 "117";
118 0 1 121,128 "118";
119 2 0 27,72 "119";
120 2 1 212,243 "120";
121 1 1 54,166 "121";
122 0 0 9,28 "122";
123 1 1 184,199 "123";
124 1 0 158,293 "124";
125 2 0 95,164 "125";
126 0 1 49,88 "126";
127 2 1 116,187 "127";
128 2 1 16,55 "128";
129 1 0 10,292 "129";
130 2 0 33,226 "130";
131 1 1 48,81 "131";
132 1 1 182,236 "132";
133 0 0 117,145 "133";
134 0 1 254,259 "134";
135 2 0 229,290 "135";
136 1 0 128,238 "136";
137 2 1 138,203 "137";
138 0 0 126,233 "138";
139 0 0 81,173 "139";
140 0 1 170,269 "140";
141 0 0 124,161 "141";
142 2 1 23,133 "142";
143 1 0 89,272 "143";
144 1 1 81,128 "144";
145 1 0 61,82 "145";
146 2 0 32,206 "146";
147 2 0 201,254 "147";
148 2 1 214,271 "148";
149 2 0 143,281 "149";
150 1 0 45,57 "150";
151 1 0 75,106 "151";
152 0 1 142,193 "152";
153 0 1 170,265 "153";
154 2 0 49,153 "154";
155 0 0 67,135 "155";
156 1 0 130,138 "156";
157 2 0 16,82 "157";
158 0 1 138,142 "158";
159 2 1 105,187 "159";
160 1 1 2,256 "160";
161 0 0 220,234 "161";
162 0 1 205,207 "162";
163 0 0 11,20 "163";
164 2 0 108,208 "164";
165 0 1 107,155 "165";
166 0 0 59,69 "166";
167 0 0 76,278 "167";
168 1 0 57,222 "168";
169 0 0 135,194 "169";
170 0 1 20,99 "170";
171 0 1 109,263 "171";
172 0 0 60,280 "172";
173 1 1 229,257 "173";
174 0 0 76,132 "174";
175 2 1 176,245 "175";
176 2 1 174,186 "176";
177 2 0 14,37 "177";
178 0 0 148,177 "178";
179 0 1 24,224 "179";
180 2 0 30,171 "180";
181 1 1 20,240 "181";
182 2 0 0,183 "182";
183 1 0 91,294 "183";
184 1 1 59,124 "184";
185 2 0 100,240 "185";
186 1 1 94,161 "186";
187 1 0 51,120 "187";
188 0 1 170,259 "188";
189 0 0 129,269 "189";
190 0 0 28,161 "190";
191 2 1 269,292 "191";
192 0 1 23,155 "192";
193 1 1 91,103 "193";
194 2 0 69,211 "194";
195 2 0 61,254 "195";
196 1 0 7,259 "196";
197 0 1 179,199 "197";
198 0 0 182,272 "198";
199 2 0 106,270 "199";
200 0 0 43,180 "200";
201 2 1 58,130 "201";
202 1 1 112,274 "202";
203 1 1 40,242 "203";
204 0 1 108,256 "204";
205 1 0 225,263 "205";
206 1 0 138,181 "206";
207 0 0 65,154 "207";
208 0 0 16,100 "208";
209 0 1 129,195 "209";
210 2 1 107,110 "210";
211 0 0 11,166 "211";
212 2 0 16,231 "212";
213 1 0 16,133 "213";
214 2 1 179,265 "214";
215 2 0 49,271 "215";
216 0 0 40,164 "216";
217 0 1 10,117 "217";
218 2 0 1,277 "218";
219 1 0 25,33 "219";
220 2 1 139,256 "220";
221 1 1 83,88 "221";
222 0 1 191,215 "222";
223 0 0 172,236 "223";
224 0 1 154,237 "224";
225 0 1 215,246 "225";
226 2 1 10,283 "226";
227 1 0 76,128 "227";
228 0 0 102,243 "228";
229 1 0 276,283 "229";
230 0 0 14,60 "230";
231 0 0 101,235 "231";
232 2 1 111,116 "232";
233 2 0 37,85 "233";
234 2 0 176,276 "234";
235 0 1 57,183 "235";
236 0 1 10,231 "236";
237 1 0 187,285 "237";
238 1 0 243,275 "238";
239 2 1 32,98 "239";
240 2 1 51,199 "240";
241 1 1 71,91 "241";
242 0 0 38,165 "242";
243 1 0 5,108 "243";
244 0 0 17,37 "244";
245 0 0 78,218 "245";
246 1 1 198,234 "246";
247 0 1 30,141 "247";
248 0 1 154,271 "248";
249 1 0 96,130 "249";
250 2 1 108,172 "250";
251 0 0 122,222 "251";
252 0 1 16,175 "252";
253 0 0 108,202 "253";
254 1 1 21,40 "254";
255 0 1 186,214 "255";
256 0 0 74,250 "256";
257 2 1 100,202 "257";
258 1 1 21,81 "258";
259 1 0 102,245 "259";
260 2 0 120,136 "260";
261 1 0 28,72 "261";
262 2 0 205,237 "262";
263 2 0 23,117 "263";
264 1 0 64,189 "264";
265 1 1 12,46 "265";
266 2 1 13,94 "266";
267 2 1 27,169 "267";
268 1 0 129,154 "268";
269 1 1 84,237 "269";
270 2 0 166,282 "270";
271 0 1 220,291 "271";
272 0 0 121,271 "272";
273 1 0 111,118 "273";
274 0 0 71,287 "274";
275 2 1 87,172 "275";
276 1 1 39,129 "276";
277 1 1 49,263 "277";
278 2 0 44,110 "278";
279 1 1 126,271 "279";
280 2 1 34,156 "280";
281 2 0 0,169 "281";
282 0 1 95,162 "282";
283 1 0 130,211 "283";
284 1 1 0,221 "284";
285 2 0 48,119 "285";
286 1 0 166,246 "286";
287 2 0 207,275 "287";
288 2 0 117,211 "288";
289 0 1 108,255 "289";
290 2 1 17,198 "290";
291 1 1 115,244 "291";
292 1 1 59,167 "292";
293 1 1 76,214 "293";
294 1 0 176,248 "294";
