parity 239;
0 2 1 44,201 "0";
1 0 0 160,180 "1";
2 0 1 72,88 "2";
3 2 1 60,62 "3";
4 0 1 32,211 "4";
5 0 1 76,139 "5";
6 1 0 53,125 "6";
7 0 0 90,189 "7";
8 2 0 197,201 "8";
9 1 0 72,166 "9";
10 0 1 78,121 "10";
11 0 0 109,212 "11";
12 2 0 79,239 "12";
13 0 0 176,198 "13";
14 2 0 175,194 "14";
15 1 0 75,197 "15";
16 2 0 19,29 "16";
17 2 0 61,162 "17";
18 1 1 24,29 "18";
19 0 1 50,159 "19";
20 2 0 102,183 "20";
21 0 0 88,222 "21";
22 0 0 174,191 "22";
23 0 0 60,93 "23";
24 0 1 33,136 "24";
25 0 1 3,65 "25";
26 0 1 16,234 "26";
27 0 1 113,176 "27";
28 0 1 48,232 "28";
29 1 0 24,56 "29";
30 2 1 26,191 "30";
31 2 1 6,199 "31";
32 1 0 15,41 "32";
33 1 0 105,223 "33";
34 1 1 109,227 "34";
35 1 1 144,160 "35";
36 1 0 29,186 "36";
37 2 1 128,220 "37";
38 2 0 44,127 "38";
39 2 0 108,153 "39";
40 2 1 2,164 "40";
41 1 1 30,77 "41";
42 0 0 59,128 "42";
43 1 1 19,179 "43";
44 0 1 26,196 "44";
45 2 0 30,48 "45";
46 2 1 36,162 "46";
47 2 0 40,200 "47";
48 0 1 186,210 "48";
49 1 1 0,145 "49";
50 2 0 43,58 "50";
51 1 1 145,147 "51";
52 0 1 67,192 "52";
53 2 0 5,88 "53";
54 1 0 5,229 "54";
55 2 1 84,171 "55";
56 0 1 87,114 "56";
57 1 1 68,165 "57";
58 0 0 180,232 "58";
59 2 1 23,192 "59";
60 0 0 5,181 "60";
61 1 1 124,128 "61";
62 2 1 18,120 "62";
63 2 0 207,231 "63";
64 1 0 16,28 "64";
65 2 0 12,198 "65";
66 0 0 29,112 "66";
67 2 1 182,211 "67";
68 2 1 154,187 "68";
69 2 1 100,200 "69";
70 0 0 97,144 "70";
71 2 0 14,203 "71";
72 2 1 92,204 "72";
73 2 0 184,201 "73";
74 2 1 68,82 "74";
75 0 0 127,178 "75";
76 0 0 44,119 "76";
77 2 1 36,61 "77";
78 2 0 174,198 "78";
79 0 0 36,67 "79";
80 1 1 100,204 "80";
81 1 0 80,170 "81";
82 0 0 16,230 "82";
83 2 1 128,181 "83";
84 2 1 94,190 "84";
85 0 1 10,118 "85";
86 0 0 157,227 "86";
87 1 0 149,199 "87";
88 1 1 182,226 "88";
89 1 1 50,129 "89";
90 1 1 16,94 "90";
91 2 1 129,214 "91";
92 0 1 173,191 "92";
93 1 0 95,215 "93";
94 0 1 70,75 "94";
95 1 1 142,158 "95";
96 2 1 9,146 "96";
97 2 0 20,52 "97";
98 2 0 100,196 "98";
99 2 0 80,129 "99";
100 0 1 70,126 "100";
101 2 1 41,94 "101";
102 0 1 158,197 "102";
103 0 0 44,194 "103";
104 2 1 106,207 "104";
105 1 1 45,135 "105";
106 0 1 163,224 "106";
107 1 0 151,187 "107";
108 2 1 8,70 "108";
109 2 0 116,145 "109";
110 1 1 130,223 "110";
111 0 0 105,174 "111";
112 0 1 13,183 "112";
113 0 0 5,58 "113";
114 0 0 23,81 "114";
115 2 0 90,222 "115";
116 2 0 24,51 "116";
117 1 0 23,97 "117";
118 0 1 64,211 "118";
119 0 0 1,89 "119";
120 1 1 160,189 "120";
121 0 1 73,176 "121";
122 0 0 91,139 "122";
123 0 1 178,212 "123";
124 1 0 27,216 "124";
125 0 1 47,230 "125";
126 2 1 105,151 "126";
127 0 1 12,200 "127";
128 1 1 153,171 "128";
129 2 1 3,179 "129";
130 0 0 28,217 "130";
131 1 0 21,86 "131";
132 1 0 133,160 "132";
133 2 0 103,173 "133";
134 2 0 124,205 "134";
135 2 1 89,100 "135";
136 2 1 24,224 "136";
137 0 0 63,127 "137";
138 2 1 28,116 "138";
139 0 0 102,115 "139";
140 0 1 27,208 "140";
141 1 1 63,91 "141";
142 2 0 38,70 "142";
143 1 0 222,223 "143";
144 1 0 155,227 "144";
145 0 0 0,228 "145";
146 0 1 102,117 "146";
147 0 0 50,80 "147";
148 1 1 165,219 "148";
149 0 0 135,187 "149";
150 0 0 25,48 "150";
151 1 1 139,196 "151";
152 0 1 166,203 "152";
153 0 0 84,180 "153";
154 1 0 136,141 "154";
155 0 1 51,105 "155";
156 1 1 124,223 "156";
157 1 1 17,24 "157";
158 2 1 11,14 "158";
159 0 1 40,216 "159";
160 1 0 23,195 "160";
161 2 1 129,225 "161";
162 1 0 16,114 "162";
163 0 0 124,224 "163";
164 1 1 95,165 "164";
165 1 0 78,113 "165";
166 1 0 152,182 "166";
167 2 0 142,194 "167";
168 2 1 66,71 "168";
169 1 1 54,237 "169";
170 0 0 198,205 "170";
171 0 0 101,226 "171";
172 0 1 205,219 "172";
173 0 0 15,145 "173";
174 2 0 130,206 "174";
175 2 0 124,150 "175";
176 0 1 70,72 "176";
177 0 1 100,167 "177";
178 0 1 108,160 "178";
179 2 1 47,82 "179";
180 1 1 137,215 "180";
181 0 1 25,165 "181";
182 0 1 52,172 "182";
183 0 1 79,88 "183";
184 0 0 65,126 "184";
185 0 1 29,114 "185";
186 1 1 124,176 "186";
187 1 0 171,215 "187";
188 0 0 216,220 "188";
189 2 0 87,197 "189";
190 1 0 108,143 "190";
191 0 0 87,167 "191";
192 0 1 81,137 "192";
193 2 0 82,172 "193";
194 1 1 30,232 "194";
195 2 1 84,89 "195";
196 2 1 221,223 "196";
197 0 1 61,213 "197";
198 2 0 14,163 "198";
199 0 0 6,152 "199";
200 2 0 123,227 "200";
201 1 0 2,228 "201";
202 1 1 84,92 "202";
203 1 0 132,198 "203";
204 2 0 6,77 "204";
205 0 0 172,201 "205";
206 2 0 212,228 "206";
207 2 1 159,219 "207";
208 1 1 0,147 "208";
209 2 1 146,160 "209";
210 0 0 157,164 "210";
211 1 0 123,127 "211";
212 2 1 125,151 "212";
213 2 0 16,239 "213";
214 2 0 41,111 "214";
215 1 0 54,102 "215";
216 2 1 42,92 "216";
217 2 1 99,162 "217";
218 0 1 46,193 "218";
219 1 0 182,191 "219";
220 0 0 186,193 "220";
221 2 1 145,218 "221";
222 1 1 165,213 "222";
223 0 0 73,110 "223";
224 1 0 106,192 "224";
225 2 0 79,224 "225";
226 2 0 49,207 "226";
227 2 0 83,173 "227";
228 1 0 73,127 "228";
229 0 0 91,150 "229";
230 0 1 29,234 "230";
231 1 1 33,71 "231";
232 0 0 121,211 "232";
233 2 1 10,150 "233";
234 2 1 80,136 "234";
235 2 1 38,229 "235";
236 0 0 162,189 "236";
237 0 1 119,180 "237";
238 0 1 25,145 "238";
239 2 0 97,159 "239";
