parity 229;
0 2 0 87,154 "0";
1 2 0 58,99 "1";
2 1 1 81,228 "2";
3 1 1 4,31 "3";
4 2 0 121,204 "4";
5 2 0 3,95 "5";
6 0 1 67,170 "6";
7 0 1 160,210 "7";
8 1 1 138,221 "8";
9 2 1 76,125 "9";
10 1 1 149,180 "10";
11 1 1 90,134 "11";
12 0 0 164,165 "12";
13 0 0 189,216 "13";
14 1 0 5,30 "14";
15 2 1 106,112 "15";
16 1 0 13,184 "16";
17 0 0 81,229 "17";
18 0 0 95,164 "18";
19 1 1 15,99 "19";
20 0 1 89,171 "20";
21 0 0 69,184 "21";
22 0 0 44,46 "22";
23 2 0 171,190 "23";
24 1 0 91,150 "24";
25 0 1 44,227 "25";
26 0 1 55,141 "26";
27 2 0 78,197 "27";
28 0 1 125,160 "28";
29 1 0 63,73 "29";
30 1 1 26,189 "30";
31 0 0 48,95 "31";
32 2 0 208,209 "32";
33 2 1 121,192 "33";
34 0 0 96,110 "34";
35 2 0 95,229 "35";
36 1 0 78,149 "36";
37 1 0 27,111 "37";
38 1 1 31,184 "38";
39 0 1 87,190 "39";
40 0 0 100,159 "40";
41 0 0 28,63 "41";
42 2 1 3,21 "42";
43 2 1 14,38 "43";
44 0 1 66,153 "44";
45 0 0 77,165 "45";
46 0 1 99,130 "46";
47 1 1 106,220 "47";
48 1 0 0,114 "48";
49 0 1 80,229 "49";
50 1 0 21,153 "50";
51 1 0 8,94 "51";
52 0 0 0,191 "52";
53 0 0 10,165 "53";
54 0 1 14,226 "54";
55 2 0 10,28 "55";
56 0 1 89,99 "56";
57 1 1 76,108 "57";
58 0 0 86,107 "58";
59 1 0 47,158 "59";
60 0 1 51,225 "60";
61 1 0 131,188 "61";
62 1 1 142,190 "62";
63 0 0 36,113 "63";
64 2 1 63,105 "64";
65 1 0 126,172 "65";
66 0 1 61,73 "66";
67 1 1 34,229 "67";
68 0 1 27,86 "68";
69 2 0 26,226 "69";
70 2 1 1,120 "70";
71 1 1 72,122 "71";
72 1 1 37,167 "72";
73 1 0 25,224 "73";
74 0 1 82,130 "74";
75 1 1 99,139 "75";
76 0 0 102,181 "76";
77 2 1 130,142 "77";
78 2 0 173,201 "78";
79 0 1 52,108 "79";
80 1 0 86,87 "80";
81 2 0 58,218 "81";
82 1 0 174,223 "82";
83 1 1 134,176 "83";
84 1 0 171,203 "84";
85 1 1 6,74 "85";
86 1 0 150,224 "86";
87 0 0 17,18 "87";
88 2 0 85,195 "88";
89 1 0 85,194 "89";
90 0 0 10,224 "90";
91 0 0 156,168 "91";
92 0 0 146,167 "92";
93 2 1 18,176 "93";
94 2 0 45,141 "94";
95 1 1 40,175 "95";
96 2 1 16,160 "96";
97 1 0 151,159 "97";
98 0 1 191,214 "98";
99 1 0 39,149 "99";
100 1 1 139,217 "100";
101 2 1 34,97 "101";
102 2 0 57,97 "102";
103 1 1 67,106 "103";
104 2 1 2,189 "104";
105 0 1 66,219 "105";
106 2 1 23,162 "106";
107 2 1 121,158 "107";
108 0 0 218,224 "108";
109 2 0 66,71 "109";
110 0 0 118,228 "110";
111 0 1 24,129 "111";
112 0 1 5,66 "112";
113 0 0 32,139 "113";
114 1 1 64,208 "114";
115 1 1 80,100 "115";
116 2 1 192,229 "116";
117 2 0 193,198 "117";
118 0 0 126,167 "118";
119 2 0 134,141 "119";
120 2 0 44,69 "120";
121 1 0 49,98 "121";
122 0 0 135,218 "122";
123 1 1 24,34 "123";
124 0 1 120,207 "124";
125 0 0 20,199 "125";
126 2 1 59,158 "126";
127 0 0 12,207 "127";
128 0 0 19,190 "128";
129 0 1 41,151 "129";
130 0 1 31,229 "130";
131 2 1 72,177 "131";
132 0 0 165,199 "132";
133 0 0 22,120 "133";
134 1 1 50,61 "134";
135 0 0 18,171 "135";
136 0 1 151,198 "136";
137 1 1 69,104 "137";
138 1 0 93,211 "138";
139 2 1 165,212 "139";
140 1 1 185,209 "140";
141 1 1 99,202 "141";
142 0 1 2,73 "142";
143 2 1 5,77 "143";
144 2 1 165,222 "144";
145 2 1 4,49 "145";
146 2 1 96,204 "146";
147 0 1 67,204 "147";
148 1 1 149,177 "148";
149 2 1 46,58 "149";
150 2 1 132,156 "150";
151 0 1 18,28 "151";
152 2 1 45,77 "152";
153 2 0 108,206 "153";
154 0 0 10,163 "154";
155 1 0 38,60 "155";
156 2 1 31,137 "156";
157 2 0 137,222 "157";
158 0 1 120,122 "158";
159 1 1 63,173 "159";
160 0 0 1,68 "160";
161 2 1 68,215 "161";
162 2 1 66,204 "162";
163 2 1 130,215 "163";
164 2 0 105,159 "164";
165 1 1 90,113 "165";
166 2 1 47,222 "166";
167 2 0 46,206 "167";
168 2 0 45,204 "168";
169 0 0 22,81 "169";
170 1 0 17,223 "170";
171 2 0 97,166 "171";
172 1 0 209,215 "172";
173 1 1 112,228 "173";
174 2 1 4,39 "174";
175 1 0 15,187 "175";
176 1 0 129,224 "176";
177 1 0 112,153 "177";
178 1 1 92,186 "178";
179 2 0 2,210 "179";
180 0 0 34,63 "180";
181 1 1 16,134 "181";
182 1 1 33,168 "182";
183 0 0 97,210 "183";
184 2 1 83,214 "184";
185 2 1 40,101 "185";
186 1 0 19,158 "186";
187 0 0 42,135 "187";
188 0 1 89,195 "188";
189 2 0 69,173 "189";
190 0 0 42,64 "190";
191 2 0 113,135 "191";
192 2 0 70,182 "192";
193 2 1 73,167 "193";
194 1 1 186,228 "194";
195 0 1 61,225 "195";
196 1 0 90,97 "196";
197 0 0 132,136 "197";
198 2 1 112,147 "198";
199 1 0 103,132 "199";
200 1 0 54,171 "200";
201 2 1 58,141 "201";
202 2 0 10,188 "202";
203 1 0 88,225 "203";
204 0 1 133,229 "204";
205 1 0 69,220 "205";
206 1 1 123,201 "206";
207 0 0 2,66 "207";
208 0 0 53,100 "208";
209 1 1 98,108 "209";
210 0 1 36,147 "210";
211 1 1 151,161 "211";
212 2 0 38,54 "212";
213 0 0 75,221 "213";
214 1 1 27,150 "214";
215 1 0 97,115 "215";
216 1 0 46,225 "216";
217 2 1 1,47 "217";
218 2 0 55,154 "218";
219 0 1 98,210 "219";
220 0 0 119,143 "220";
221 1 0 80,159 "221";
222 2 0 124,207 "222";
223 2 0 47,115 "223";
224 2 1 8,48 "224";
225 1 1 23,131 "225";
226 2 0 127,225 "226";
227 0 0 46,76 "227";
228 0 1 133,171 "228";
229 2 1 81,178 "229";
