parity 279;
0 0 0 75,279 "0";
1 1 1 40,194 "1";
2 0 0 13,194 "2";
3 2 0 100,245 "3";
4 2 0 173,186 "4";
5 2 1 199,238 "5";
6 0 1 130,206 "6";
7 0 1 152,154 "7";
8 2 0 100,112 "8";
9 1 1 43,211 "9";
10 0 0 154,201 "10";
11 1 0 169,237 "11";
12 2 1 44,122 "12";
13 1 1 31,166 "13";
14 1 1 206,211 "14";
15 2 1 63,228 "15";
16 0 0 120,150 "16";
17 2 0 95,188 "17";
18 2 0 70,89 "18";
19 0 0 22,131 "19";
20 2 0 137,260 "20";
21 2 0 32,167 "21";
22 1 1 200,254 "22";
23 2 1 46,50 "23";
24 1 0 167,235 "24";
25 2 0 47,136 "25";
26 0 1 55,208 "26";
27 0 1 101,188 "27";
28 0 1 163,189 "28";
29 2 1 136,202 "29";
30 0 1 112,195 "30";
31 2 0 87,248 "31";
32 0 0 4,87 "32";
33 0 1 44,109 "33";
34 0 1 159,234 "34";
35 0 1 177,251 "35";
36 2 1 167,241 "36";
37 0 1 49,270 "37";
38 0 0 105,274 "38";
39 2 0 206,262 "39";
40 2 1 3,111 "40";
41 2 0 9,253 "41";
42 2 1 234,254 "42";
43 2 0 101,229 "43";
44 0 1 132,197 "44";
45 2 0 182,216 "45";
46 1 0 130,254 "46";
47 0 0 28,262 "47";
48 1 1 39,183 "48";
49 0 1 20,101 "49";
50 1 1 59,205 "50";
51 0 1 12,158 "51";
52 0 0 203,234 "52";
53 0 1 50,234 "53";
54 0 1 143,226 "54";
55 2 1 102,112 "55";
56 2 0 28,235 "56";
57 2 0 225,279 "57";
58 0 0 24,47 "58";
59 1 1 88,264 "59";
60 2 1 163,167 "60";
61 1 1 152,255 "61";
62 0 0 40,225 "62";
63 1 0 47,65 "63";
64 1 1 98,170 "64";
65 0 0 22,210 "65";
66 2 1 92,113 "66";
67 0 1 46,108 "67";
68 0 0 172,265 "68";
69 1 1 1,111 "69";
70 0 1 185,226 "70";
71 0 1 0,15 "71";
72 0 0 80,182 "72";
73 2 0 87,177 "73";
74 1 1 55,220 "74";
75 1 0 14,265 "75";
76 0 0 201,250 "76";
77 2 1 106,177 "77";
78 2 1 186,266 "78";
79 1 0 143,162 "79";
80 1 1 165,200 "80";
81 2 0 144,200 "81";
82 1 1 159,202 "82";
83 1 1 172,198 "83";
84 2 1 66,168 "84";
85 2 1 9,83 "85";
86 0 0 54,185 "86";
87 1 0 64,115 "87";
88 2 1 79,176 "88";
89 0 0 140,199 "89";
90 1 0 42,269 "90";
91 1 1 154,269 "91";
92 0 1 13,69 "92";
93 1 0 257,266 "93";
94 2 0 67,266 "94";
95 0 0 27,144 "95";
96 0 1 166,220 "96";
97 0 1 153,196 "97";
98 1 0 111,128 "98";
99 2 1 57,111 "99";
100 0 1 132,279 "100";
101 0 1 37,186 "101";
102 1 0 208,259 "102";
103 1 1 202,264 "103";
104 1 0 41,192 "104";
105 0 1 25,272 "105";
106 1 1 159,195 "106";
107 1 1 158,204 "107";
108 1 0 22,133 "108";
109 0 0 49,77 "109";
110 0 1 166,194 "110";
111 1 1 119,239 "111";
112 2 1 99,264 "112";
113 0 0 86,238 "113";
114 0 0 100,161 "114";
115 0 1 209,268 "115";
116 1 1 44,159 "116";
117 1 1 172,213 "117";
118 1 0 2,217 "118";
119 1 0 184,217 "119";
120 0 0 1,25 "120";
121 2 1 123,130 "121";
122 1 0 50,164 "122";
123 0 0 211,272 "123";
124 1 0 23,247 "124";
125 2 1 37,272 "125";
126 0 1 83,252 "126";
127 1 1 7,167 "127";
128 2 1 77,107 "128";
129 0 0 43,214 "129";
130 0 1 52,152 "130";
131 0 1 86,111 "131";
132 0 0 84,190 "132";
133 1 1 144,224 "133";
134 2 1 193,222 "134";
135 0 0 75,162 "135";
136 0 1 103,185 "136";
137 0 1 226,265 "137";
138 0 1 186,230 "138";
139 2 0 21,39 "139";
140 0 0 118,250 "140";
141 0 1 41,267 "141";
142 2 0 29,94 "142";
143 1 1 27,136 "143";
144 1 0 93,105 "144";
145 2 0 190,232 "145";
146 0 0 94,197 "146";
147 2 0 137,266 "147";
148 0 0 78,275 "148";
149 1 0 28,192 "149";
150 1 1 40,221 "150";
151 1 0 72,255 "151";
152 0 1 23,53 "152";
153 0 0 49,168 "153";
154 0 1 73,226 "154";
155 2 0 99,221 "155";
156 1 1 128,272 "156";
157 2 1 60,168 "157";
158 2 0 9,157 "158";
159 2 0 175,223 "159";
160 2 0 74,102 "160";
161 0 0 94,162 "161";
162 0 0 103,264 "162";
163 1 1 66,113 "163";
164 2 1 44,188 "164";
165 2 0 215,216 "165";
166 2 1 113,175 "166";
167 2 1 181,263 "167";
168 0 0 90,151 "168";
169 1 0 75,227 "169";
170 2 0 217,225 "170";
171 1 0 37,277 "171";
172 1 1 89,169 "172";
173 0 0 15,182 "173";
174 1 1 144,204 "174";
175 1 0 31,86 "175";
176 0 1 139,153 "176";
177 2 0 219,266 "177";
178 0 0 144,165 "178";
179 1 0 165,195 "179";
180 1 0 35,141 "180";
181 2 1 70,219 "181";
182 1 0 58,177 "182";
183 0 1 123,241 "183";
184 1 0 140,271 "184";
185 1 0 18,213 "185";
186 1 1 41,106 "186";
187 1 1 106,186 "187";
188 0 0 138,246 "188";
189 0 1 121,221 "189";
190 0 0 210,252 "190";
191 0 1 53,240 "191";
192 2 0 175,271 "192";
193 0 1 44,99 "193";
194 0 1 175,184 "194";
195 1 1 145,263 "195";
196 0 0 142,228 "196";
197 1 0 1,185 "197";
198 1 0 176,277 "198";
199 0 0 182,198 "199";
200 2 0 116,251 "200";
201 1 1 44,213 "201";
202 0 1 1,13 "202";
203 2 1 175,258 "203";
204 1 1 91,96 "204";
205 0 1 102,249 "205";
206 0 1 229,234 "206";
207 1 1 186,187 "207";
208 2 1 13,172 "208";
209 2 1 206,250 "209";
210 1 1 16,275 "210";
211 2 0 179,260 "211";
212 0 1 161,249 "212";
213 0 1 3,18 "213";
214 0 0 7,69 "214";
215 2 1 117,124 "215";
216 1 0 137,213 "216";
217 0 0 212,258 "217";
218 2 0 64,251 "218";
219 2 0 124,244 "219";
220 0 1 71,278 "220";
221 2 0 118,250 "221";
222 0 0 132,158 "222";
223 2 1 139,158 "223";
224 2 0 66,68 "224";
225 0 0 23,127 "225";
226 1 0 91,210 "226";
227 0 0 182,270 "227";
228 1 0 185,238 "228";
229 2 1 121,223 "229";
230 2 1 6,30 "230";
231 1 1 94,167 "231";
232 1 1 25,238 "232";
233 2 0 62,123 "233";
234 0 0 105,192 "234";
235 1 0 4,62 "235";
236 0 0 150,251 "236";
237 1 0 13,98 "237";
238 1 1 44,141 "238";
239 1 0 153,249 "239";
240 2 0 49,184 "240";
241 1 1 67,211 "241";
242 1 0 51,61 "242";
243 1 0 38,129 "243";
244 1 0 29,262 "244";
245 1 1 117,161 "245";
246 2 1 18,188 "246";
247 1 1 88,182 "247";
248 2 0 50,243 "248";
249 1 1 84,147 "249";
250 1 0 212,278 "250";
251 2 0 97,167 "251";
252 0 0 161,180 "252";
253 1 1 103,243 "253";
254 2 0 16,183 "254";
255 1 0 26,129 "255";
256 1 1 94,134 "256";
257 0 1 100,171 "257";
258 1 0 125,159 "258";
259 1 0 67,89 "259";
260 0 1 49,101 "260";
261 1 0 24,124 "261";
262 1 0 115,180 "262";
263 2 0 71,237 "263";
264 0 1 89,190 "264";
265 2 1 229,272 "265";
266 1 0 272,278 "266";
267 2 1 59,218 "267";
268 2 0 1,229 "268";
269 2 1 65,117 "269";
270 0 1 72,174 "270";
271 1 1 145,258 "271";
272 2 1 116,154 "272";
273 0 1 174,248 "273";
274 2 1 21,130 "274";
275 2 1 170,249 "275";
276 1 1 56,260 "276";
277 2 1 69,251 "277";
278 2 1 137,187 "278";
279 0 0 248,274 "279";
