parity 254;
0 1 1 64,79 "0";
1 1 1 47,79 "1";
2 1 0 84,224 "2";
3 2 1 63,110 "3";
4 1 0 88,147 "4";
5 2 0 12,250 "5";
6 0 0 51,254 "6";
7 0 1 112,247 "7";
8 0 1 60,121 "8";
9 0 1 53,190 "9";
10 1 0 36,248 "10";
11 1 1 59,236 "11";
12 2 1 83,172 "12";
13 1 1 81,165 "13";
14 0 1 18,98 "14";
15 1 0 108,141 "15";
16 1 1 4,115 "16";
17 2 1 234,245 "17";
18 1 0 66,76 "18";
19 1 1 8,224 "19";
20 1 1 17,33 "20";
21 0 1 106,144 "21";
22 0 0 172,194 "22";
23 2 0 192,205 "23";
24 2 0 105,147 "24";
25 2 0 26,70 "25";
26 2 0 181,201 "26";
27 1 0 110,228 "27";
28 2 0 39,174 "28";
29 2 0 56,177 "29";
30 0 0 74,168 "30";
31 1 0 8,58 "31";
32 2 0 17,114 "32";
33 0 0 81,189 "33";
34 2 0 242,253 "34";
35 0 1 111,144 "35";
36 1 1 78,236 "36";
37 0 1 236,252 "37";
38 1 0 127,204 "38";
39 2 0 43,120 "39";
40 2 1 97,168 "40";
41 0 1 86,217 "41";
42 1 1 134,233 "42";
43 0 0 95,186 "43";
44 0 1 169,181 "44";
45 2 0 150,173 "45";
46 2 1 23,151 "46";
47 0 1 67,104 "47";
48 0 1 7,19 "48";
49 2 1 101,142 "49";
50 1 1 0,224 "50";
51 0 0 14,217 "51";
52 2 1 44,156 "52";
53 0 1 25,140 "53";
54 1 1 145,149 "54";
55 1 1 67,123 "55";
56 2 0 127,163 "56";
57 1 0 28,154 "57";
58 2 1 13,155 "58";
59 2 1 157,195 "59";
60 1 0 78,249 "60";
61 1 0 122,239 "61";
62 1 1 33,142 "62";
63 2 1 53,240 "63";
64 0 1 25,39 "64";
65 0 0 6,129 "65";
66 2 1 144,203 "66";
67 2 0 91,147 "67";
68 2 0 61,231 "68";
69 1 0 26,183 "69";
70 2 1 35,226 "70";
71 1 0 35,44 "71";
72 2 0 113,204 "72";
73 1 0 20,23 "73";
74 2 0 72,119 "74";
75 0 1 108,190 "75";
76 1 1 4,164 "76";
77 1 0 152,223 "77";
78 2 1 95,231 "78";
79 0 0 15,128 "79";
80 1 0 45,91 "80";
81 1 1 160,203 "81";
82 1 0 47,233 "82";
83 2 1 10,144 "83";
84 0 0 39,155 "84";
85 1 0 88,225 "85";
86 0 1 75,241 "86";
87 2 1 111,187 "87";
88 2 1 145,201 "88";
89 1 0 26,119 "89";
90 2 1 69,157 "90";
91 2 0 58,166 "91";
92 1 1 29,236 "92";
93 1 0 17,23 "93";
94 0 1 178,199 "94";
95 2 0 29,158 "95";
96 0 0 32,87 "96";
97 0 0 151,174 "97";
98 2 0 151,184 "98";
99 1 1 6,49 "99";
100 0 0 152,248 "100";
101 2 1 67,143 "101";
102 2 0 57,146 "102";
103 2 1 6,198 "103";
104 1 1 137,174 "104";
105 2 0 95,247 "105";
106 1 0 54,173 "106";
107 2 1 85,100 "107";
108 0 0 136,209 "108";
109 2 0 45,190 "109";
110 0 1 28,144 "110";
111 0 0 88,210 "111";
112 2 0 59,164 "112";
113 0 1 19,238 "113";
114 2 0 78,141 "114";
115 0 1 7,223 "115";
116 1 0 20,121 "116";
117 0 0 9,113 "117";
118 0 1 51,160 "118";
119 0 1 195,235 "119";
120 0 1 5,118 "120";
121 1 1 71,155 "121";
122 0 1 105,252 "122";
123 0 1 172,238 "123";
124 0 1 178,251 "124";
125 1 1 62,220 "125";
126 0 1 12,172 "126";
127 1 1 115,136 "127";
128 0 0 158,175 "128";
129 1 1 76,78 "129";
130 0 0 195,231 "130";
131 0 1 125,135 "131";
132 2 1 53,71 "132";
133 2 0 112,207 "133";
134 0 1 91,146 "134";
135 1 0 43,126 "135";
136 0 1 46,79 "136";
137 1 1 156,190 "137";
138 1 0 49,189 "138";
139 2 0 153,206 "139";
140 2 1 42,223 "140";
141 2 0 0,146 "141";
142 1 0 204,209 "142";
143 0 1 15,156 "143";
144 0 1 49,163 "144";
145 2 1 42,156 "145";
146 1 1 85,128 "146";
147 0 1 46,101 "147";
148 0 0 94,143 "148";
149 2 0 88,238 "149";
150 2 1 74,203 "150";
151 1 1 122,143 "151";
152 1 1 18,118 "152";
153 0 1 33,51 "153";
154 1 0 82,153 "154";
155 2 0 167,189 "155";
156 0 1 153,161 "156";
157 2 1 1,18 "157";
158 0 1 18,208 "158";
159 1 0 125,220 "159";
160 0 1 214,234 "160";
161 1 1 114,124 "161";
162 1 0 20,66 "162";
163 2 1 15,20 "163";
164 0 0 111,206 "164";
165 0 1 67,149 "165";
166 0 1 210,219 "166";
167 0 1 72,108 "167";
168 1 0 37,58 "168";
169 0 0 23,223 "169";
170 0 0 8,171 "170";
171 2 1 60,109 "171";
172 0 1 102,122 "172";
173 0 0 172,223 "173";
174 1 1 11,120 "174";
175 1 1 178,208 "175";
176 1 0 75,151 "176";
177 1 1 10,17 "177";
178 1 0 156,175 "178";
179 0 1 5,166 "179";
180 2 0 22,31 "180";
181 1 1 39,123 "181";
182 0 1 48,138 "182";
183 2 0 54,175 "183";
184 0 1 75,202 "184";
185 1 1 74,217 "185";
186 1 0 208,233 "186";
187 2 1 114,167 "187";
188 2 1 45,154 "188";
189 1 1 174,230 "189";
190 1 0 95,250 "190";
191 2 1 27,121 "191";
192 2 1 42,101 "192";
193 0 1 77,216 "193";
194 1 0 33,221 "194";
195 1 1 217,251 "195";
196 2 1 129,170 "196";
197 1 0 86,118 "197";
198 1 1 156,233 "198";
199 1 0 20,227 "199";
200 0 1 8,170 "200";
201 1 0 1,156 "201";
202 2 0 156,181 "202";
203 1 0 53,231 "203";
204 1 0 216,237 "204";
205 1 1 115,192 "205";
206 2 1 58,210 "206";
207 1 1 114,187 "207";
208 2 0 5,45 "208";
209 1 0 121,254 "209";
210 1 0 21,237 "210";
211 0 1 166,234 "211";
212 0 0 51,103 "212";
213 1 0 40,90 "213";
214 1 0 24,89 "214";
215 0 1 103,123 "215";
216 1 0 2,194 "216";
217 2 1 207,232 "217";
218 2 0 208,238 "218";
219 2 0 21,128 "219";
220 0 0 87,158 "220";
221 1 0 147,215 "221";
222 1 1 106,190 "222";
223 2 0 56,239 "223";
224 0 1 56,116 "224";
225 0 1 45,210 "225";
226 2 0 50,216 "226";
227 0 0 216,232 "227";
228 0 0 65,167 "228";
229 1 1 68,193 "229";
230 0 1 226,231 "230";
231 0 0 66,87 "231";
232 1 0 52,153 "232";
233 1 0 83,251 "233";
234 2 1 111,122 "234";
235 1 0 103,184 "235";
236 2 0 64,187 "236";
237 0 1 1,160 "237";
238 0 1 58,155 "238";
239 2 0 113,163 "239";
240 1 1 93,249 "240";
241 1 1 76,226 "241";
242 1 1 62,145 "242";
243 0 1 132,154 "243";
244 1 0 27,76 "244";
245 1 1 24,47 "245";
246 2 0 117,221 "246";
247 1 1 36,144 "247";
248 0 1 12,51 "248";
249 0 0 8,191 "249";
250 0 0 27,119 "250";
251 2 1 128,140 "251";
252 1 1 112,237 "252";
253 0 1 8,206 "253";
254 1 1 145,209 "254";
