parity 299;
0 0 1 246,278 "0";
1 0 1 233,253 "1";
2 1 0 12,79 "2";
3 0 0 39,134 "3";
4 1 0 82,113 "4";
5 1 0 167,278 "5";
6 2 0 228,292 "6";
7 1 0 123,143 "7";
8 1 0 198,293 "8";
9 0 1 26,212 "9";
10 1 1 221,270 "10";
11 0 1 169,256 "11";
12 2 1 29,163 "12";
13 1 1 56,70 "13";
14 0 1 125,127 "14";
15 2 1 139,179 "15";
16 2 0 66,138 "16";
17 1 0 16,39 "17";
18 2 1 26,204 "18";
19 0 1 122,212 "19";
20 1 0 57,151 "20";
21 0 0 148,216 "21";
22 0 1 176,203 "22";
23 1 1 55,150 "23";
24 0 0 108,259 "24";
25 2 0 192,252 "25";
26 0 0 231,235 "26";
27 2 0 52,141 "27";
28 2 1 54,75 "28";
29 0 1 6,175 "29";
30 0 0 33,86 "30";
31 1 1 185,257 "31";
32 0 1 114,148 "32";
33 0 0 83,257 "33";
34 2 0 107,263 "34";
35 0 1 120,178 "35";
36 2 0 80,134 "36";
37 2 1 167,275 "37";
38 2 0 150,254 "38";
39 0 1 30,137 "39";
40 1 0 65,281 "40";
41 2 1 12,262 "41";
42 2 0 58,91 "42";
43 1 0 145,170 "43";
44 1 0 65,233 "44";
45 2 0 99,154 "45";
46 0 0 39,221 "46";
47 1 0 92,95 "47";
48 2 0 187,273 "48";
49 0 0 90,100 "49";
50 2 0 26,96 "50";
51 1 0 112,135 "51";
52 2 0 182,238 "52";
53 2 1 38,251 "53";
54 1 0 142,259 "54";
55 2 0 42,178 "55";
56 2 0 125,197 "56";
57 1 1 59,152 "57";
58 2 1 184,262 "58";
59 1 0 138,239 "59";
60 0 1 57,184 "60";
61 2 0 10,292 "61";
62 2 0 1,186 "62";
63 1 0 24,97 "63";
64 0 0 0,164 "64";
65 2 1 235,298 "65";
66 2 1 60,269 "66";
67 1 0 100,290 "67";
68 1 1 7,261 "68";
69 1 0 63,79 "69";
70 1 0 156,298 "70";
71 2 1 163,211 "71";
72 1 0 20,117 "72";
73 2 0 72,285 "73";
74 2 1 211,276 "74";
75 0 1 217,233 "75";
76 2 0 95,234 "76";
77 2 0 223,270 "77";
78 1 1 10,200 "78";
79 0 0 204,235 "79";
80 1 0 89,195 "80";
81 2 1 73,75 "81";
82 2 1 5,233 "82";
83 0 0 86,164 "83";
84 0 0 39,215 "84";
85 2 0 116,165 "85";
86 0 0 21,54 "86";
87 0 1 8,122 "87";
88 0 1 11,103 "88";
89 0 0 173,252 "89";
90 0 1 4,93 "90";
91 0 1 58,273 "91";
92 0 0 71,128 "92";
93 0 1 2,127 "93";
94 0 1 42,165 "94";
95 2 0 16,147 "95";
96 0 0 116,208 "96";
97 1 0 149,192 "97";
98 1 1 78,235 "98";
99 1 0 13,53 "99";
100 0 0 192,236 "100";
101 0 0 20,79 "101";
102 0 1 29,262 "102";
103 2 0 18,223 "103";
104 0 0 59,62 "104";
105 1 0 94,243 "105";
106 1 1 81,196 "106";
107 2 0 118,142 "107";
108 0 1 111,193 "108";
109 1 1 12,30 "109";
110 1 1 215,230 "110";
111 0 0 161,290 "111";
112 2 1 174,216 "112";
113 2 1 147,278 "113";
114 0 0 179,211 "114";
115 1 0 88,116 "115";
116 2 0 165,242 "116";
117 1 1 97,242 "117";
118 1 0 15,283 "118";
119 1 1 88,250 "119";
120 2 0 160,192 "120";
121 1 1 2,45 "121";
122 0 0 187,232 "122";
123 2 0 12,23 "123";
124 1 0 130,267 "124";
125 2 0 15,241 "125";
126 1 0 21,104 "126";
127 0 0 22,169 "127";
128 2 1 138,285 "128";
129 1 0 37,194 "129";
130 2 0 55,217 "130";
131 1 1 5,133 "131";
132 2 0 164,221 "132";
133 2 0 99,129 "133";
134 0 1 43,151 "134";
135 0 1 178,259 "135";
136 0 1 85,87 "136";
137 0 1 185,264 "137";
138 2 1 176,187 "138";
139 0 0 202,269 "139";
140 0 1 80,265 "140";
141 0 1 169,266 "141";
142 2 1 72,96 "142";
143 0 0 105,279 "143";
144 2 1 54,131 "144";
145 1 0 84,208 "145";
146 1 1 28,298 "146";
147 2 1 52,100 "147";
148 2 1 59,259 "148";
149 1 0 20,270 "149";
150 2 0 23,44 "150";
151 0 1 20,127 "151";
152 0 1 52,128 "152";
153 2 1 48,173 "153";
154 2 1 64,96 "154";
155 0 1 232,256 "155";
156 1 1 0,106 "156";
157 0 1 15,125 "157";
158 1 1 147,181 "158";
159 2 0 198,263 "159";
160 1 0 21,116 "160";
161 2 0 110,256 "161";
162 1 0 20,263 "162";
163 1 1 184,223 "163";
164 1 0 175,194 "164";
165 2 0 117,220 "165";
166 1 0 211,277 "166";
167 2 1 61,151 "167";
168 0 1 175,243 "168";
169 0 0 219,247 "169";
170 2 0 11,179 "170";
171 2 1 190,211 "171";
172 0 1 177,277 "172";
173 1 1 25,27 "173";
174 0 0 236,253 "174";
175 2 0 4,122 "175";
176 1 1 65,296 "176";
177 0 1 187,192 "177";
178 0 1 181,194 "178";
179 0 1 73,123 "179";
180 0 1 155,213 "180";
181 0 1 15,24 "181";
182 0 1 110,233 "182";
183 0 1 44,69 "183";
184 1 1 62,240 "184";
185 1 0 180,203 "185";
186 0 1 34,245 "186";
187 0 0 19,134 "187";
188 0 1 149,275 "188";
189 0 1 219,238 "189";
190 0 1 3,63 "190";
191 2 1 213,284 "191";
192 0 1 114,220 "192";
193 1 0 45,245 "193";
194 2 0 5,74 "194";
195 1 1 77,282 "195";
196 0 0 39,200 "196";
197 0 1 86,173 "197";
198 0 0 41,94 "198";
199 0 0 172,175 "199";
200 2 0 206,243 "200";
201 1 1 139,253 "201";
202 0 0 7,113 "202";
203 2 1 111,201 "203";
204 2 1 19,141 "204";
205 2 0 17,102 "205";
206 1 0 187,236 "206";
207 1 1 135,292 "207";
208 1 1 35,250 "208";
209 2 0 204,232 "209";
210 0 0 82,194 "210";
211 0 1 114,127 "211";
212 2 0 75,76 "212";
213 2 0 102,104 "213";
214 2 0 17,151 "214";
215 2 1 131,228 "215";
216 2 1 7,184 "216";
217 1 0 169,170 "217";
218 1 0 40,68 "218";
219 0 0 37,138 "219";
220 2 0 77,221 "220";
221 0 0 26,30 "221";
222 1 0 121,139 "222";
223 0 1 28,101 "223";
224 0 1 143,257 "224";
225 1 1 43,215 "225";
226 1 0 147,221 "226";
227 1 1 168,213 "227";
228 1 1 9,294 "228";
229 0 0 71,251 "229";
230 1 1 218,250 "230";
231 1 1 32,148 "231";
232 2 1 11,248 "232";
233 1 0 1,291 "233";
234 1 0 94,273 "234";
235 0 0 70,214 "235";
236 0 1 190,263 "236";
237 1 1 35,191 "237";
238 0 1 46,80 "238";
239 1 0 125,165 "239";
240 0 0 180,223 "240";
241 2 1 163,230 "241";
242 0 0 39,296 "242";
243 0 0 258,294 "243";
244 2 1 37,45 "244";
245 0 0 4,76 "245";
246 1 0 106,192 "246";
247 0 0 6,49 "247";
248 0 0 31,210 "248";
249 0 1 38,235 "249";
250 0 1 64,273 "250";
251 2 1 14,83 "251";
252 2 1 192,211 "252";
253 0 0 45,170 "253";
254 1 1 187,204 "254";
255 0 1 114,128 "255";
256 1 0 202,219 "256";
257 1 0 120,219 "257";
258 0 0 96,167 "258";
259 1 1 200,232 "259";
260 2 0 193,226 "260";
261 2 0 104,179 "261";
262 1 1 2,295 "262";
263 0 1 0,131 "263";
264 1 0 67,168 "264";
265 0 1 49,292 "265";
266 2 0 22,212 "266";
267 0 0 8,146 "267";
268 1 0 9,271 "268";
269 0 0 173,251 "269";
270 1 0 151,224 "270";
271 1 0 130,251 "271";
272 2 0 245,249 "272";
273 2 1 0,148 "273";
274 1 0 190,295 "274";
275 2 0 122,241 "275";
276 2 0 183,299 "276";
277 1 0 113,129 "277";
278 2 1 112,121 "278";
279 0 1 232,270 "279";
280 0 1 99,143 "280";
281 1 0 66,202 "281";
282 0 1 15,103 "282";
283 2 0 60,222 "283";
284 2 1 96,124 "284";
285 1 1 168,228 "285";
286 2 0 41,211 "286";
287 2 1 17,66 "287";
288 1 1 86,161 "288";
289 0 1 35,94 "289";
290 0 0 67,222 "290";
291 0 0 48,167 "291";
292 1 1 71,114 "292";
293 2 0 157,187 "293";
294 1 0 76,100 "294";
295 1 0 216,286 "295";
296 2 0 96,151 "296";
297 1 0 89,93 "297";
298 0 0 40,291 "298";
299 2 1 243,266 "299";
