parity 299;
0 1 0 98,190 "0";
1 2 0 121,141 "1";
2 1 1 99,112 "2";
3 0 1 175,181 "3";
4 2 0 67,199 "4";
5 2 1 74,213 "5";
6 2 0 67,189 "6";
7 2 1 2,37 "7";
8 1 1 40,147 "8";
9 0 1 101,113 "9";
10 0 1 102,115 "10";
11 2 1 95,172 "11";
12 2 1 187,234 "12";
13 0 1 146,275 "13";
14 2 0 27,49 "14";
15 0 0 34,168 "15";
16 1 0 83,170 "16";
17 1 0 181,283 "17";
18 0 1 211,236 "18";
19 0 0 87,170 "19";
20 0 1 3,261 "20";
21 1 0 216,281 "21";
22 0 1 109,196 "22";
23 2 0 181,224 "23";
24 1 1 120,213 "24";
25 1 0 104,114 "25";
26 0 1 111,294 "26";
27 1 1 86,294 "27";
28 0 0 34,215 "28";
29 1 1 23,272 "29";
30 2 1 223,289 "30";
31 1 1 107,280 "31";
32 0 0 128,247 "32";
33 1 0 81,104 "33";
34 0 1 138,171 "34";
35 0 1 91,190 "35";
36 1 1 191,280 "36";
37 0 1 30,274 "37";
38 2 0 213,279 "38";
39 1 0 101,115 "39";
40 0 0 57,143 "40";
41 0 1 33,62 "41";
42 1 1 87,106 "42";
43 1 0 107,133 "43";
44 2 0 236,244 "44";
45 1 0 238,246 "45";
46 1 0 147,285 "46";
47 1 0 40,252 "47";
48 2 1 79,285 "48";
49 1 1 151,176 "49";
50 0 1 42,213 "50";
51 0 1 242,281 "51";
52 0 1 173,232 "52";
53 1 1 129,282 "53";
54 1 0 96,118 "54";
55 1 0 88,297 "55";
56 1 1 105,137 "56";
57 0 1 128,156 "57";
58 1 0 38,153 "58";
59 1 1 63,183 "59";
60 1 1 126,240 "60";
61 2 0 65,288 "61";
62 0 0 47,61 "62";
63 1 0 28,96 "63";
64 0 1 134,290 "64";
65 2 0 179,299 "65";
66 0 1 21,183 "66";
67 1 1 124,286 "67";
68 2 0 43,136 "68";
69 0 0 109,134 "69";
70 0 0 52,169 "70";
71 2 0 160,296 "71";
72 1 1 86,293 "72";
73 1 1 33,38 "73";
74 2 1 18,73 "74";
75 1 1 98,119 "75";
76 2 0 22,240 "76";
77 1 0 178,270 "77";
78 2 0 110,272 "78";
79 1 1 76,82 "79";
80 2 0 60,123 "80";
81 2 1 25,235 "81";
82 0 0 100,190 "82";
83 2 0 151,211 "83";
84 1 1 161,298 "84";
85 1 1 249,289 "85";
86 0 1 127,220 "86";
87 1 1 51,113 "87";
88 1 1 222,290 "88";
89 1 1 123,231 "89";
90 1 1 97,286 "90";
91 2 0 49,265 "91";
92 2 1 42,153 "92";
93 1 1 142,152 "93";
94 2 1 55,79 "94";
95 1 1 83,155 "95";
96 0 1 90,253 "96";
97 2 0 7,40 "97";
98 0 0 154,188 "98";
99 1 1 91,220 "99";
100 1 0 56,66 "100";
101 1 0 46,107 "101";
102 1 0 157,200 "102";
103 1 0 14,125 "103";
104 2 0 157,194 "104";
105 0 1 2,228 "105";
106 2 1 149,199 "106";
107 1 0 47,292 "107";
108 2 0 238,279 "108";
109 2 0 133,164 "109";
110 0 1 76,245 "110";
111 1 0 275,284 "111";
112 1 0 4,253 "112";
113 0 0 120,205 "113";
114 1 1 234,293 "114";
115 0 0 34,57 "115";
116 1 1 169,247 "116";
117 1 1 38,280 "117";
118 2 0 42,100 "118";
119 0 1 153,214 "119";
120 0 1 178,223 "120";
121 0 1 199,266 "121";
122 1 1 153,248 "122";
123 0 0 9,43 "123";
124 2 1 101,285 "124";
125 1 1 1,197 "125";
126 0 1 134,235 "126";
127 0 1 1,262 "127";
128 0 1 187,228 "128";
129 1 0 108,221 "129";
130 1 0 53,208 "130";
131 2 0 118,137 "131";
132 2 0 163,255 "132";
133 1 0 185,270 "133";
134 0 0 52,230 "134";
135 1 1 140,178 "135";
136 0 0 63,250 "136";
137 2 1 70,221 "137";
138 0 0 19,149 "138";
139 2 1 96,268 "139";
140 1 0 156,162 "140";
141 0 0 193,212 "141";
142 2 1 219,224 "142";
143 0 0 175,288 "143";
144 2 1 71,273 "144";
145 2 0 181,287 "145";
146 0 1 33,141 "146";
147 1 0 208,275 "147";
148 2 1 100,290 "148";
149 1 0 47,163 "149";
150 2 0 128,195 "150";
151 1 0 3,268 "151";
152 1 1 34,91 "152";
153 0 0 131,240 "153";
154 1 0 79,131 "154";
155 0 0 20,243 "155";
156 1 1 10,157 "156";
157 2 0 155,254 "157";
158 1 0 65,146 "158";
159 0 0 229,276 "159";
160 0 0 181,242 "160";
161 0 0 136,265 "161";
162 2 0 144,159 "162";
163 0 0 142,245 "163";
164 2 1 129,133 "164";
165 0 0 261,270 "165";
166 2 0 183,202 "166";
167 2 1 206,275 "167";
168 0 0 1,185 "168";
169 0 0 164,264 "169";
170 2 0 214,219 "170";
171 2 0 79,212 "171";
172 2 0 175,295 "172";
173 1 1 121,221 "173";
174 2 1 27,191 "174";
175 0 1 172,252 "175";
176 0 1 180,239 "176";
177 1 0 135,167 "177";
178 2 1 91,125 "178";
179 1 1 204,278 "179";
180 0 1 38,211 "180";
181 1 0 21,88 "181";
182 2 1 5,29 "182";
183 0 1 197,251 "183";
184 0 1 161,167 "184";
185 1 1 86,131 "185";
186 0 0 34,145 "186";
187 2 0 56,290 "187";
188 1 1 163,166 "188";
189 1 1 187,231 "189";
190 1 1 139,268 "190";
191 2 1 47,197 "191";
192 2 0 51,277 "192";
193 1 1 148,150 "193";
194 1 0 63,163 "194";
195 1 0 143,211 "195";
196 1 0 54,191 "196";
197 0 1 18,192 "197";
198 0 1 38,108 "198";
199 0 0 24,168 "199";
200 1 0 79,249 "200";
201 1 0 43,284 "201";
202 0 1 87,95 "202";
203 1 1 200,295 "203";
204 1 0 43,117 "204";
205 1 1 87,284 "205";
206 1 1 43,145 "206";
207 1 0 46,253 "207";
208 1 0 141,172 "208";
209 1 0 30,164 "209";
210 2 1 139,282 "210";
211 2 1 103,233 "211";
212 0 0 21,28 "212";
213 0 0 133,178 "213";
214 0 0 22,149 "214";
215 0 1 73,181 "215";
216 0 0 6,225 "216";
217 0 0 248,258 "217";
218 2 1 273,286 "218";
219 0 1 161,175 "219";
220 0 0 13,113 "220";
221 2 0 21,189 "221";
222 0 0 26,239 "222";
223 0 1 139,199 "223";
224 1 0 119,299 "224";
225 1 0 183,276 "225";
226 2 0 41,276 "226";
227 2 1 10,269 "227";
228 0 1 129,135 "228";
229 2 0 28,34 "229";
230 2 0 51,174 "230";
231 0 1 142,289 "231";
232 1 1 4,152 "232";
233 0 1 74,104 "233";
234 0 0 274,295 "234";
235 1 0 8,153 "235";
236 1 1 90,141 "236";
237 1 1 39,82 "237";
238 2 0 75,128 "238";
239 2 0 203,245 "239";
240 1 1 5,178 "240";
241 2 0 181,273 "241";
242 1 1 71,285 "242";
243 1 0 102,233 "243";
244 0 0 178,196 "244";
245 0 1 74,183 "245";
246 0 1 13,212 "246";
247 1 0 63,152 "247";
248 1 0 110,299 "248";
249 0 0 91,230 "249";
250 2 0 150,256 "250";
251 0 1 61,194 "251";
252 2 1 94,183 "252";
253 1 0 123,292 "253";
254 0 0 144,232 "254";
255 2 1 212,271 "255";
256 1 1 38,225 "256";
257 1 0 200,207 "257";
258 1 0 101,220 "258";
259 1 0 89,279 "259";
260 1 1 75,266 "260";
261 0 1 98,169 "261";
262 1 1 43,254 "262";
263 0 1 150,167 "263";
264 2 1 149,212 "264";
265 1 1 66,114 "265";
266 2 0 91,285 "266";
267 1 1 173,179 "267";
268 2 1 105,232 "268";
269 1 0 123,137 "269";
270 1 1 180,239 "270";
271 1 1 73,189 "271";
272 0 0 9,250 "272";
273 1 1 128,160 "273";
274 0 0 83,239 "274";
275 0 0 90,204 "275";
276 0 1 63,247 "276";
277 1 0 164,219 "277";
278 1 0 129,132 "278";
279 1 1 205,265 "279";
280 2 1 63,118 "280";
281 0 0 30,112 "281";
282 0 1 87,108 "282";
283 1 0 227,292 "283";
284 2 0 32,116 "284";
285 2 0 46,145 "285";
286 1 1 22,220 "286";
287 2 1 167,214 "287";
288 0 1 107,266 "288";
289 0 1 121,140 "289";
290 0 0 152,234 "290";
291 2 1 170,264 "291";
292 2 0 105,200 "292";
293 0 0 106,131 "293";
294 1 1 11,51 "294";
295 1 1 254,297 "295";
296 0 0 79,177 "296";
297 2 0 48,69 "297";
298 0 0 110,115 "298";
299 1 1 179,214 "299";
