parity 299;
0 1 1 44,282 "0";
1 0 0 235,250 "1";
2 2 0 27,65 "2";
3 1 0 49,179 "3";
4 1 0 35,192 "4";
5 1 0 80,147 "5";
6 2 0 170,297 "6";
7 0 0 41,93 "7";
8 0 0 66,190 "8";
9 2 0 75,259 "9";
10 1 0 29,32 "10";
11 1 0 123,186 "11";
12 1 1 114,247 "12";
13 2 0 10,215 "13";
14 0 1 93,234 "14";
15 2 0 106,293 "15";
16 0 0 30,235 "16";
17 2 0 56,261 "17";
18 2 1 9,221 "18";
19 1 0 279,285 "19";
20 2 0 8,71 "20";
21 0 1 88,137 "21";
22 0 1 58,103 "22";
23 0 0 63,167 "23";
24 2 1 86,269 "24";
25 1 1 78,210 "25";
26 1 0 63,215 "26";
27 1 1 117,282 "27";
28 2 1 12,238 "28";
29 2 1 31,113 "29";
30 2 1 19,105 "30";
31 1 1 51,74 "31";
32 1 1 132,206 "32";
33 2 1 40,184 "33";
34 1 0 155,164 "34";
35 2 1 143,198 "35";
36 2 0 176,252 "36";
37 0 0 267,275 "37";
38 0 1 248,250 "38";
39 1 0 34,52 "39";
40 0 1 193,230 "40";
41 0 1 194,247 "41";
42 0 1 20,249 "42";
43 2 1 90,181 "43";
44 0 0 127,145 "44";
45 2 0 28,190 "45";
46 0 1 226,282 "46";
47 2 1 1,252 "47";
48 2 1 241,288 "48";
49 0 0 107,194 "49";
50 0 1 177,290 "50";
51 2 1 220,222 "51";
52 2 1 28,240 "52";
53 1 0 200,255 "53";
54 1 1 85,123 "54";
55 0 0 23,251 "55";
56 0 0 34,69 "56";
57 1 1 70,203 "57";
58 0 1 148,241 "58";
59 2 0 80,243 "59";
60 0 1 19,278 "60";
61 1 0 55,107 "61";
62 1 1 144,279 "62";
63 2 0 123,253 "63";
64 2 1 35,204 "64";
65 1 0 56,115 "65";
66 1 0 219,270 "66";
67 2 1 81,141 "67";
68 2 0 36,158 "68";
69 1 0 31,64 "69";
70 0 0 252,278 "70";
71 1 1 92,126 "71";
72 0 0 74,275 "72";
73 1 0 80,153 "73";
74 1 0 110,171 "74";
75 1 0 90,176 "75";
76 2 0 116,165 "76";
77 2 1 46,250 "77";
78 0 0 68,89 "78";
79 2 1 41,189 "79";
80 2 1 18,234 "80";
81 0 1 153,205 "81";
82 2 0 39,63 "82";
83 2 0 136,177 "83";
84 2 0 130,168 "84";
85 0 1 6,231 "85";
86 2 0 33,109 "86";
87 2 0 18,224 "87";
88 0 1 132,145 "88";
89 2 1 59,138 "89";
90 2 1 18,97 "90";
91 2 1 19,196 "91";
92 1 0 41,273 "92";
93 0 0 80,294 "93";
94 2 1 163,299 "94";
95 1 1 25,160 "95";
96 1 1 102,111 "96";
97 2 1 158,164 "97";
98 2 1 196,283 "98";
99 0 1 169,293 "99";
100 2 1 58,97 "100";
101 2 1 198,248 "101";
102 2 0 129,155 "102";
103 1 1 59,111 "103";
104 0 1 218,274 "104";
105 1 0 32,48 "105";
106 0 1 255,279 "106";
107 2 0 204,266 "107";
108 2 1 167,240 "108";
109 1 0 6,185 "109";
110 1 0 2,267 "110";
111 1 1 67,261 "111";
112 2 1 32,214 "112";
113 2 1 239,250 "113";
114 1 1 46,155 "114";
115 2 1 257,282 "115";
116 0 1 189,250 "116";
117 1 0 23,154 "117";
118 0 0 47,273 "118";
119 2 1 106,246 "119";
120 1 1 207,211 "120";
121 2 0 41,104 "121";
122 1 1 65,184 "122";
123 0 0 40,186 "123";
124 0 0 35,297 "124";
125 1 1 7,100 "125";
126 1 1 23,75 "126";
127 1 0 85,249 "127";
128 0 1 61,190 "128";
129 0 0 13,67 "129";
130 1 0 61,297 "130";
131 0 0 60,70 "131";
132 0 1 2,34 "132";
133 0 0 14,290 "133";
134 0 1 74,102 "134";
135 0 1 218,291 "135";
136 0 0 16,198 "136";
137 0 0 83,196 "137";
138 2 1 81,88 "138";
139 1 1 173,207 "139";
140 0 0 13,270 "140";
141 2 1 143,202 "141";
142 2 0 46,267 "142";
143 1 0 17,229 "143";
144 1 1 95,196 "144";
145 0 0 68,103 "145";
146 2 1 80,232 "146";
147 0 0 122,218 "147";
148 0 1 18,285 "148";
149 0 0 102,260 "149";
150 1 0 0,102 "150";
151 0 0 25,39 "151";
152 0 1 220,224 "152";
153 0 0 116,245 "153";
154 0 1 97,247 "154";
155 1 1 53,149 "155";
156 1 1 102,136 "156";
157 2 1 111,146 "157";
158 1 0 68,293 "158";
159 2 0 201,257 "159";
160 1 1 57,120 "160";
161 1 1 36,106 "161";
162 1 0 29,55 "162";
163 1 0 216,225 "163";
164 0 1 13,117 "164";
165 2 0 3,70 "165";
166 1 0 98,174 "166";
167 0 0 31,294 "167";
168 0 0 21,123 "168";
169 2 1 104,210 "169";
170 0 1 73,161 "170";
171 1 0 182,282 "171";
172 2 1 204,256 "172";
173 0 0 60,172 "173";
174 2 1 91,203 "174";
175 1 1 272,293 "175";
176 1 1 96,164 "176";
177 0 0 55,226 "177";
178 2 1 160,250 "178";
179 1 0 193,194 "179";
180 1 0 1,221 "180";
181 1 0 66,161 "181";
182 2 1 78,151 "182";
183 2 0 35,285 "183";
184 2 0 221,262 "184";
185 1 1 95,116 "185";
186 0 0 48,108 "186";
187 1 1 179,228 "187";
188 1 0 61,180 "188";
189 0 0 139,211 "189";
190 2 0 154,243 "190";
191 1 1 116,123 "191";
192 1 0 168,174 "192";
193 2 0 6,219 "193";
194 0 1 16,21 "194";
195 0 1 269,287 "195";
196 2 1 192,241 "196";
197 1 0 127,171 "197";
198 2 0 115,205 "198";
199 2 0 134,271 "199";
200 1 0 11,137 "200";
201 1 1 30,280 "201";
202 0 1 29,213 "202";
203 1 0 2,103 "203";
204 0 1 5,277 "204";
205 2 1 85,146 "205";
206 0 0 84,279 "206";
207 2 1 51,79 "207";
208 2 1 159,200 "208";
209 0 0 111,162 "209";
210 2 1 139,156 "210";
211 2 1 101,252 "211";
212 2 0 95,220 "212";
213 1 1 73,119 "213";
214 2 1 17,30 "214";
215 1 0 61,89 "215";
216 1 0 156,258 "216";
217 1 0 48,81 "217";
218 0 1 173,184 "218";
219 2 1 41,129 "219";
220 2 1 190,223 "220";
221 2 1 132,201 "221";
222 0 1 126,209 "222";
223 2 0 137,268 "223";
224 2 0 79,158 "224";
225 1 1 58,162 "225";
226 2 0 8,166 "226";
227 2 0 4,290 "227";
228 0 0 62,215 "228";
229 2 1 62,167 "229";
230 1 0 44,64 "230";
231 2 1 19,208 "231";
232 1 0 64,287 "232";
233 1 1 68,155 "233";
234 2 0 38,153 "234";
235 2 0 155,220 "235";
236 1 0 102,242 "236";
237 0 1 5,185 "237";
238 2 0 131,280 "238";
239 1 0 67,217 "239";
240 0 1 97,175 "240";
241 2 1 9,75 "241";
242 1 1 5,178 "242";
243 1 0 223,268 "243";
244 2 0 92,203 "244";
245 0 0 202,261 "245";
246 1 0 172,178 "246";
247 2 0 62,267 "247";
248 0 0 159,218 "248";
249 2 1 88,255 "249";
250 0 0 10,35 "250";
251 1 0 78,268 "251";
252 0 1 219,253 "252";
253 0 0 67,104 "253";
254 2 1 67,85 "254";
255 1 1 146,229 "255";
256 0 0 238,295 "256";
257 2 0 75,141 "257";
258 2 1 42,232 "258";
259 2 1 49,177 "259";
260 2 1 19,23 "260";
261 0 0 212,239 "261";
262 1 1 172,291 "262";
263 0 1 28,51 "263";
264 1 0 17,155 "264";
265 1 1 122,289 "265";
266 2 1 164,166 "266";
267 2 0 63,227 "267";
268 1 0 12,287 "268";
269 2 1 92,228 "269";
270 0 1 89,194 "270";
271 2 0 0,69 "271";
272 1 1 69,259 "272";
273 0 0 113,255 "273";
274 1 0 40,160 "274";
275 1 0 237,295 "275";
276 2 0 78,234 "276";
277 2 1 61,234 "277";
278 1 0 132,210 "278";
279 1 0 91,101 "279";
280 1 1 251,263 "280";
281 0 0 44,103 "281";
282 0 0 94,234 "282";
283 1 0 21,154 "283";
284 0 0 165,295 "284";
285 2 0 197,287 "285";
286 1 1 57,218 "286";
287 0 0 46,181 "287";
288 2 0 29,253 "288";
289 0 1 66,142 "289";
290 1 1 95,251 "290";
291 2 0 127,151 "291";
292 1 1 128,262 "292";
293 2 0 231,280 "293";
294 2 1 76,130 "294";
295 2 1 231,252 "295";
296 0 1 103,238 "296";
297 1 1 63,185 "297";
298 2 1 164,232 "298";
299 1 1 82,117 "299";
