parity 299;
0 1 0 139,238 "0";
1 0 1 55,134 "1";
2 2 1 0,82 "2";
3 0 1 186,201 "3";
4 0 1 84,226 "4";
5 0 0 246,287 "5";
6 0 0 87,295 "6";
7 0 0 143,288 "7";
8 0 1 2,59 "8";
9 0 0 34,57 "9";
10 0 0 127,290 "10";
11 2 1 40,67 "11";
12 1 0 96,220 "12";
13 2 1 72,288 "13";
14 1 0 58,104 "14";
15 1 0 114,222 "15";
16 2 0 11,277 "16";
17 1 1 1,62 "17";
18 0 0 94,235 "18";
19 1 1 129,157 "19";
20 2 1 158,232 "20";
21 1 1 156,204 "21";
22 2 0 205,246 "22";
23 2 0 76,262 "23";
24 2 0 222,225 "24";
25 0 0 213,268 "25";
26 0 1 11,47 "26";
27 2 0 34,288 "27";
28 0 1 113,162 "28";
29 2 1 195,211 "29";
30 2 0 123,209 "30";
31 2 1 259,281 "31";
32 1 0 59,71 "32";
33 2 0 238,299 "33";
34 0 0 44,51 "34";
35 0 1 185,273 "35";
36 1 1 37,288 "36";
37 0 0 5,240 "37";
38 2 1 47,212 "38";
39 0 0 101,161 "39";
40 0 0 105,260 "40";
41 0 1 94,183 "41";
42 0 1 124,265 "42";
43 0 1 9,143 "43";
44 1 0 5,254 "44";
45 0 1 144,149 "45";
46 1 1 93,233 "46";
47 0 0 74,131 "47";
48 1 1 115,126 "48";
49 2 0 43,88 "49";
50 1 1 268,292 "50";
51 1 1 222,263 "51";
52 2 0 22,187 "52";
53 1 0 90,254 "53";
54 1 1 27,125 "54";
55 0 1 77,247 "55";
56 2 0 48,291 "56";
57 2 0 155,156 "57";
58 1 1 144,251 "58";
59 1 1 70,233 "59";
60 1 1 217,226 "60";
61 0 0 25,46 "61";
62 0 0 11,80 "62";
63 2 0 196,257 "63";
64 2 1 212,253 "64";
65 1 0 39,212 "65";
66 2 1 164,253 "66";
67 1 1 16,255 "67";
68 0 1 89,156 "68";
69 2 0 96,208 "69";
70 0 0 8,282 "70";
71 0 1 195,265 "71";
72 0 1 57,154 "72";
73 0 0 93,266 "73";
74 2 0 206,209 "74";
75 0 1 48,161 "75";
76 2 0 166,220 "76";
77 0 0 129,215 "77";
78 1 1 35,229 "78";
79 2 1 181,299 "79";
80 1 1 270,287 "80";
81 2 0 142,173 "81";
82 2 1 131,222 "82";
83 2 0 41,138 "83";
84 2 1 156,279 "84";
85 2 0 25,206 "85";
86 1 0 190,280 "86";
87 2 1 107,247 "87";
88 0 0 290,293 "88";
89 0 1 265,270 "89";
90 0 0 160,250 "90";
91 0 1 4,152 "91";
92 1 1 276,292 "92";
93 0 0 92,286 "93";
94 0 1 147,285 "94";
95 2 1 53,123 "95";
96 0 1 10,275 "96";
97 0 0 7,195 "97";
98 2 0 136,239 "98";
99 0 0 194,277 "99";
100 0 0 117,206 "100";
101 2 1 54,69 "101";
102 0 1 82,127 "102";
103 0 0 8,140 "103";
104 2 1 228,260 "104";
105 0 0 60,180 "105";
106 2 1 164,183 "106";
107 0 1 156,220 "107";
108 1 1 276,279 "108";
109 1 0 84,247 "109";
110 2 1 87,92 "110";
111 0 0 32,224 "111";
112 0 0 7,88 "112";
113 2 1 137,150 "113";
114 2 1 118,296 "114";
115 1 0 13,30 "115";
116 2 1 73,267 "116";
117 2 1 156,261 "117";
118 1 0 15,227 "118";
119 1 1 207,281 "119";
120 0 1 50,243 "120";
121 1 0 92,122 "121";
122 2 1 260,274 "122";
123 1 1 185,244 "123";
124 1 0 7,128 "124";
125 0 0 180,283 "125";
126 1 1 4,219 "126";
127 2 1 4,60 "127";
128 2 0 89,293 "128";
129 0 0 126,267 "129";
130 1 0 262,294 "130";
131 1 0 178,226 "131";
132 1 1 103,280 "132";
133 2 0 119,143 "133";
134 2 0 168,237 "134";
135 1 1 21,134 "135";
136 0 1 29,194 "136";
137 1 1 71,252 "137";
138 1 1 116,164 "138";
139 0 1 221,232 "139";
140 0 1 34,290 "140";
141 0 1 251,284 "141";
142 2 1 118,274 "142";
143 1 1 51,242 "143";
144 1 0 194,237 "144";
145 1 0 13,233 "145";
146 2 1 168,258 "146";
147 2 1 212,281 "147";
148 0 1 225,228 "148";
149 2 0 73,105 "149";
150 0 0 223,281 "150";
151 2 0 108,223 "151";
152 1 0 8,242 "152";
153 1 0 41,68 "153";
154 2 1 133,149 "154";
155 2 0 10,16 "155";
156 1 1 135,237 "156";
157 0 0 52,277 "157";
158 0 1 45,289 "158";
159 1 0 249,293 "159";
160 0 1 108,125 "160";
161 1 0 0,296 "161";
162 1 1 208,214 "162";
163 1 1 108,294 "163";
164 2 1 241,296 "164";
165 1 0 58,84 "165";
166 0 0 72,290 "166";
167 1 1 64,92 "167";
168 1 0 40,173 "168";
169 2 1 97,234 "169";
170 1 0 83,289 "170";
171 0 0 22,100 "171";
172 2 0 152,224 "172";
173 1 0 277,292 "173";
174 0 1 21,159 "174";
175 1 0 12,176 "175";
176 0 1 22,135 "176";
177 0 0 31,90 "177";
178 1 1 99,236 "178";
179 0 0 28,188 "179";
180 1 0 111,129 "180";
181 0 0 66,156 "181";
182 2 0 103,157 "182";
183 0 1 63,110 "183";
184 1 1 68,291 "184";
185 0 1 28,50 "185";
186 0 1 4,85 "186";
187 0 0 243,292 "187";
188 1 0 5,49 "188";
189 2 0 18,74 "189";
190 2 0 149,178 "190";
191 1 1 139,283 "191";
192 0 0 181,241 "192";
193 1 0 137,149 "193";
194 2 1 109,115 "194";
195 1 1 141,291 "195";
196 1 0 52,55 "196";
197 0 0 85,287 "197";
198 0 1 125,296 "198";
199 0 0 128,186 "199";
200 2 0 77,128 "200";
201 2 1 24,65 "201";
202 1 1 47,282 "202";
203 2 1 59,181 "203";
204 1 1 90,145 "204";
205 0 0 47,99 "205";
206 2 0 219,234 "206";
207 0 0 118,145 "207";
208 2 1 123,172 "208";
209 0 1 40,117 "209";
210 0 0 131,297 "210";
211 1 0 30,141 "211";
212 0 1 121,258 "212";
213 2 1 80,192 "213";
214 2 0 53,255 "214";
215 0 1 28,117 "215";
216 0 1 61,251 "216";
217 2 0 155,215 "217";
218 0 0 48,241 "218";
219 2 0 150,204 "219";
220 2 0 185,295 "220";
221 0 0 3,16 "221";
222 0 1 163,247 "222";
223 1 1 113,208 "223";
224 1 0 95,100 "224";
225 2 1 203,253 "225";
226 0 0 61,158 "226";
227 2 0 239,254 "227";
228 1 1 121,235 "228";
229 1 1 4,280 "229";
230 1 1 4,238 "230";
231 0 1 90,103 "231";
232 1 1 59,77 "232";
233 0 1 160,186 "233";
234 0 0 235,261 "234";
235 1 0 156,230 "235";
236 0 1 167,297 "236";
237 0 0 83,104 "237";
238 2 0 167,272 "238";
239 1 0 95,103 "239";
240 1 1 119,264 "240";
241 0 0 16,153 "241";
242 0 0 251,271 "242";
243 0 0 39,160 "243";
244 2 0 13,51 "244";
245 0 1 45,193 "245";
246 1 1 85,194 "246";
247 1 1 149,217 "247";
248 1 1 55,132 "248";
249 1 1 206,233 "249";
250 0 1 1,295 "250";
251 1 1 20,182 "251";
252 0 1 17,102 "252";
253 1 1 43,106 "253";
254 1 1 99,147 "254";
255 0 0 218,246 "255";
256 0 0 43,52 "256";
257 1 1 94,231 "257";
258 1 0 166,213 "258";
259 1 0 24,161 "259";
260 2 1 161,296 "260";
261 1 0 116,220 "261";
262 0 0 71,186 "262";
263 1 1 51,273 "263";
264 0 1 248,256 "264";
265 2 1 26,93 "265";
266 1 1 97,162 "266";
267 2 1 15,119 "267";
268 2 0 98,273 "268";
269 1 1 271,295 "269";
270 0 1 71,265 "270";
271 2 1 223,254 "271";
272 1 1 66,83 "272";
273 2 1 45,172 "273";
274 2 0 149,225 "274";
275 2 0 227,236 "275";
276 2 1 25,98 "276";
277 0 0 176,228 "277";
278 1 1 6,82 "278";
279 0 1 144,179 "279";
280 0 0 75,165 "280";
281 1 0 57,183 "281";
282 1 0 170,279 "282";
283 0 1 165,199 "283";
284 1 0 51,53 "284";
285 0 0 97,184 "285";
286 1 1 93,284 "286";
287 0 0 130,136 "287";
288 0 0 48,86 "288";
289 0 0 135,163 "289";
290 2 0 133,197 "290";
291 2 1 63,173 "291";
292 1 1 42,139 "292";
293 2 1 105,265 "293";
294 1 1 106,111 "294";
295 1 1 15,70 "295";
296 2 0 46,173 "296";
297 2 1 12,96 "297";
298 2 0 98,274 "298";
299 1 0 139,154 "299";
