parity 299;
0 0 1 85,166 "0";
1 1 0 8,265 "1";
2 2 0 174,278 "2";
3 1 0 121,216 "3";
4 0 0 75,235 "4";
5 2 0 129,240 "5";
6 2 0 167,269 "6";
7 1 1 104,259 "7";
8 1 1 64,179 "8";
9 1 1 71,215 "9";
10 2 0 79,218 "10";
11 2 1 94,214 "11";
12 1 0 234,276 "12";
13 1 1 133,237 "13";
14 1 1 188,299 "14";
15 2 0 4,102 "15";
16 2 0 157,169 "16";
17 1 0 66,261 "17";
18 2 1 49,189 "18";
19 0 1 155,221 "19";
20 1 0 157,259 "20";
21 2 0 100,180 "21";
22 2 1 52,83 "22";
23 2 1 106,197 "23";
24 0 1 21,137 "24";
25 1 1 93,220 "25";
26 2 1 16,68 "26";
27 0 0 209,257 "27";
28 0 1 167,266 "28";
29 1 0 74,155 "29";
30 1 0 39,291 "30";
31 0 0 52,109 "31";
32 2 0 101,255 "32";
33 2 0 68,147 "33";
34 1 1 124,163 "34";
35 1 0 97,250 "35";
36 0 0 66,114 "36";
37 1 0 80,279 "37";
38 0 0 133,212 "38";
39 0 0 89,235 "39";
40 2 1 160,278 "40";
41 0 0 56,243 "41";
42 0 0 60,272 "42";
43 2 1 5,181 "43";
44 1 0 16,279 "44";
45 1 0 28,107 "45";
46 0 0 110,274 "46";
47 2 1 23,191 "47";
48 2 0 124,194 "48";
49 2 1 72,131 "49";
50 2 1 192,251 "50";
51 0 0 161,285 "51";
52 2 1 53,217 "52";
53 1 1 17,173 "53";
54 2 1 4,48 "54";
55 1 1 217,264 "55";
56 2 1 75,298 "56";
57 0 0 13,250 "57";
58 2 0 97,231 "58";
59 0 1 66,211 "59";
60 1 1 196,274 "60";
61 2 1 23,293 "61";
62 0 0 235,254 "62";
63 1 1 85,177 "63";
64 2 0 96,115 "64";
65 0 0 214,281 "65";
66 1 1 15,200 "66";
67 0 0 45,291 "67";
68 2 0 203,216 "68";
69 0 0 261,293 "69";
70 1 0 1,17 "70";
71 2 0 254,293 "71";
72 1 0 78,131 "72";
73 2 1 65,281 "73";
74 1 1 155,201 "74";
75 2 0 30,262 "75";
76 2 0 186,216 "76";
77 2 0 163,296 "77";
78 1 1 30,276 "78";
79 2 1 121,125 "79";
80 0 0 51,163 "80";
81 1 0 46,211 "81";
82 1 0 30,296 "82";
83 1 0 228,293 "83";
84 0 1 166,250 "84";
85 2 0 172,276 "85";
86 0 1 13,210 "86";
87 2 0 234,281 "87";
88 0 0 48,182 "88";
89 2 0 98,269 "89";
90 0 0 73,95 "90";
91 0 0 14,190 "91";
92 2 1 199,256 "92";
93 2 1 230,277 "93";
94 2 0 264,269 "94";
95 0 0 263,287 "95";
96 0 1 104,225 "96";
97 1 1 27,35 "97";
98 0 0 113,181 "98";
99 1 1 25,140 "99";
100 2 1 92,124 "100";
101 1 0 60,269 "101";
102 0 1 241,293 "102";
103 0 0 145,195 "103";
104 2 0 198,216 "104";
105 2 1 103,162 "105";
106 0 0 86,170 "106";
107 1 1 193,283 "107";
108 0 0 124,210 "108";
109 1 0 149,230 "109";
110 2 0 240,274 "110";
111 0 0 253,294 "111";
112 0 0 84,163 "112";
113 2 1 87,132 "113";
114 2 1 209,266 "114";
115 2 0 47,178 "115";
116 0 0 232,273 "116";
117 2 0 235,299 "117";
118 2 1 58,211 "118";
119 0 0 184,212 "119";
120 2 0 15,196 "120";
121 0 1 25,273 "121";
122 2 1 91,227 "122";
123 2 0 79,84 "123";
124 2 0 44,286 "124";
125 0 1 248,257 "125";
126 1 0 62,244 "126";
127 1 1 155,258 "127";
128 2 1 24,28 "128";
129 0 0 157,290 "129";
130 1 0 52,133 "130";
131 2 1 89,153 "131";
132 1 1 71,216 "132";
133 2 1 155,237 "133";
134 2 1 246,263 "134";
135 2 0 11,202 "135";
136 0 1 80,274 "136";
137 2 1 135,153 "137";
138 0 0 28,80 "138";
139 1 0 37,112 "139";
140 1 1 8,92 "140";
141 1 0 63,149 "141";
142 2 1 231,281 "142";
143 2 0 62,98 "143";
144 2 1 16,156 "144";
145 0 0 74,195 "145";
146 2 1 65,210 "146";
147 2 0 215,229 "147";
148 0 0 238,269 "148";
149 1 0 125,238 "149";
150 2 0 47,213 "150";
151 2 1 13,141 "151";
152 1 0 128,141 "152";
153 1 0 51,183 "153";
154 2 1 31,95 "154";
155 0 0 104,254 "155";
156 1 1 60,287 "156";
157 2 1 77,278 "157";
158 2 0 51,225 "158";
159 1 1 254,276 "159";
160 2 1 75,247 "160";
161 2 0 7,233 "161";
162 2 0 125,202 "162";
163 0 1 47,107 "163";
164 2 1 102,186 "164";
165 1 1 140,151 "165";
166 0 1 55,81 "166";
167 0 0 74,119 "167";
168 1 1 58,85 "168";
169 0 0 126,223 "169";
170 0 1 100,161 "170";
171 2 1 226,254 "171";
172 0 1 87,142 "172";
173 0 0 93,176 "173";
174 0 1 46,240 "174";
175 0 1 66,181 "175";
176 0 1 96,178 "176";
177 1 0 9,298 "177";
178 2 1 71,85 "178";
179 0 1 151,173 "179";
180 2 0 66,244 "180";
181 2 0 227,246 "181";
182 0 1 183,259 "182";
183 1 0 154,241 "183";
184 0 1 74,115 "184";
185 0 0 100,220 "185";
186 0 1 268,279 "186";
187 0 1 42,160 "187";
188 0 1 24,193 "188";
189 2 0 226,251 "189";
190 1 1 81,152 "190";
191 0 0 119,167 "191";
192 2 1 3,197 "192";
193 2 1 18,119 "193";
194 2 1 119,148 "194";
195 2 0 65,263 "195";
196 1 1 71,150 "196";
197 1 1 253,278 "197";
198 2 0 96,201 "198";
199 2 1 65,73 "199";
200 1 1 74,180 "200";
201 1 0 190,199 "201";
202 1 1 17,175 "202";
203 0 1 29,113 "203";
204 1 0 70,203 "204";
205 2 0 73,192 "205";
206 1 0 159,246 "206";
207 2 1 117,266 "207";
208 1 0 128,275 "208";
209 0 1 13,109 "209";
210 0 1 268,276 "210";
211 1 0 3,6 "211";
212 2 0 59,203 "212";
213 1 0 137,171 "213";
214 2 1 158,196 "214";
215 0 1 34,66 "215";
216 0 1 51,168 "216";
217 0 1 84,106 "217";
218 2 0 21,155 "218";
219 1 1 0,261 "219";
220 1 1 64,239 "220";
221 1 1 103,189 "221";
222 0 1 208,286 "222";
223 2 1 1,144 "223";
224 2 1 234,293 "224";
225 2 1 119,250 "225";
226 0 1 30,273 "226";
227 0 1 83,127 "227";
228 0 1 217,247 "228";
229 2 1 30,177 "229";
230 1 0 89,274 "230";
231 1 0 14,174 "231";
232 0 0 187,219 "232";
233 1 1 47,293 "233";
234 0 0 10,217 "234";
235 2 1 177,181 "235";
236 1 0 248,272 "236";
237 1 1 146,283 "237";
238 1 1 15,145 "238";
239 0 0 23,294 "239";
240 2 1 13,187 "240";
241 2 1 85,271 "241";
242 0 1 9,286 "242";
243 1 0 57,138 "243";
244 2 0 137,269 "244";
245 2 0 239,286 "245";
246 1 1 150,191 "246";
247 0 1 34,171 "247";
248 2 1 11,118 "248";
249 0 0 58,153 "249";
250 1 1 262,270 "250";
251 0 0 23,29 "251";
252 2 1 183,277 "252";
253 2 1 12,94 "253";
254 0 1 38,175 "254";
255 2 0 51,85 "255";
256 0 1 142,210 "256";
257 2 1 212,214 "257";
258 1 0 14,218 "258";
259 2 1 91,260 "259";
260 0 0 46,290 "260";
261 1 0 43,202 "261";
262 2 1 2,171 "262";
263 1 0 38,190 "263";
264 2 0 171,181 "264";
265 2 1 171,267 "265";
266 0 0 41,90 "266";
267 2 0 81,109 "267";
268 0 1 71,195 "268";
269 1 1 111,295 "269";
270 2 1 101,132 "270";
271 1 1 73,122 "271";
272 1 1 107,292 "272";
273 2 1 201,252 "273";
274 1 1 85,159 "274";
275 0 1 31,241 "275";
276 1 0 95,223 "276";
277 1 1 18,265 "277";
278 1 0 24,216 "278";
279 2 0 252,273 "279";
280 2 0 125,214 "280";
281 1 0 227,265 "281";
282 2 1 168,280 "282";
283 2 1 244,257 "283";
284 1 0 81,132 "284";
285 2 1 39,224 "285";
286 2 0 100,221 "286";
287 1 1 135,189 "287";
288 2 1 30,299 "288";
289 1 0 17,85 "289";
290 1 1 55,212 "290";
291 0 1 50,70 "291";
292 2 0 55,150 "292";
293 1 1 45,160 "293";
294 0 0 142,216 "294";
295 1 1 71,139 "295";
296 0 0 106,265 "296";
297 1 0 13,170 "297";
298 1 0 99,138 "298";
299 2 0 198,240 "299";
