parity 299;
0 1 1 2,16 "0";
1 2 0 59,288 "1";
2 0 0 74,119 "2";
3 0 1 21,154 "3";
4 2 1 219,257 "4";
5 1 0 209,253 "5";
6 0 0 32,248 "6";
7 0 0 31,247 "7";
8 2 0 144,293 "8";
9 0 0 18,51 "9";
10 1 1 98,127 "10";
11 1 0 161,224 "11";
12 1 0 22,175 "12";
13 1 0 21,121 "13";
14 1 0 276,297 "14";
15 2 0 103,274 "15";
16 1 1 205,281 "16";
17 0 0 74,264 "17";
18 0 1 206,225 "18";
19 2 0 261,268 "19";
20 2 1 135,182 "20";
21 1 1 84,276 "21";
22 2 0 60,231 "22";
23 0 0 77,248 "23";
24 0 1 100,166 "24";
25 0 0 38,115 "25";
26 1 0 69,110 "26";
27 1 0 181,216 "27";
28 1 1 4,195 "28";
29 0 1 94,283 "29";
30 2 1 133,252 "30";
31 2 0 218,269 "31";
32 1 1 152,173 "32";
33 0 0 255,275 "33";
34 2 1 5,252 "34";
35 1 0 193,239 "35";
36 1 0 66,208 "36";
37 1 1 160,233 "37";
38 2 1 128,209 "38";
39 2 0 5,71 "39";
40 2 1 143,254 "40";
41 1 1 226,283 "41";
42 1 1 243,281 "42";
43 0 0 138,168 "43";
44 1 1 250,258 "44";
45 1 0 59,177 "45";
46 2 0 2,120 "46";
47 1 1 49,273 "47";
48 1 0 89,177 "48";
49 0 1 46,99 "49";
50 1 0 111,196 "50";
51 1 0 13,202 "51";
52 1 1 200,241 "52";
53 0 1 59,254 "53";
54 2 1 42,112 "54";
55 2 1 56,74 "55";
56 2 0 226,272 "56";
57 0 0 15,182 "57";
58 1 0 144,284 "58";
59 2 0 90,252 "59";
60 1 1 98,244 "60";
61 1 1 183,208 "61";
62 1 1 173,268 "62";
63 0 0 82,85 "63";
64 1 0 37,238 "64";
65 0 0 62,63 "65";
66 0 1 153,250 "66";
67 0 0 51,135 "67";
68 1 0 69,139 "68";
69 0 1 83,249 "69";
70 2 0 127,189 "70";
71 0 1 6,248 "71";
72 0 1 287,290 "72";
73 1 0 0,81 "73";
74 2 1 117,151 "74";
75 1 0 15,42 "75";
76 0 0 106,123 "76";
77 0 1 176,256 "77";
78 2 0 124,277 "78";
79 1 1 138,289 "79";
80 0 0 96,200 "80";
81 2 1 109,297 "81";
82 1 0 247,283 "82";
83 2 1 19,182 "83";
84 2 1 211,217 "84";
85 0 0 278,294 "85";
86 0 0 137,156 "86";
87 1 1 27,215 "87";
88 1 0 203,228 "88";
89 1 1 5,246 "89";
90 1 1 78,210 "90";
91 1 0 41,179 "91";
92 0 1 7,213 "92";
93 0 1 165,226 "93";
94 2 1 137,247 "94";
95 2 0 12,127 "95";
96 0 0 72,225 "96";
97 1 1 33,164 "97";
98 0 0 110,282 "98";
99 0 0 19,130 "99";
100 2 0 71,297 "100";
101 1 1 190,259 "101";
102 0 0 257,278 "102";
103 0 0 67,171 "103";
104 2 1 12,275 "104";
105 0 1 32,266 "105";
106 0 1 83,279 "106";
107 1 1 31,57 "107";
108 0 1 11,220 "108";
109 0 1 49,168 "109";
110 1 1 80,296 "110";
111 2 0 29,295 "111";
112 1 0 85,170 "112";
113 1 1 169,281 "113";
114 0 1 89,168 "114";
115 1 0 92,297 "115";
116 2 1 45,202 "116";
117 1 0 23,234 "117";
118 2 1 32,272 "118";
119 1 1 147,296 "119";
120 0 0 71,165 "120";
121 2 0 88,259 "121";
122 1 0 145,230 "122";
123 0 0 47,297 "123";
124 2 1 201,285 "124";
125 1 1 85,92 "125";
126 1 1 161,253 "126";
127 1 1 15,43 "127";
128 0 0 78,97 "128";
129 2 0 84,269 "129";
130 2 1 40,133 "130";
131 1 1 163,294 "131";
132 0 0 41,143 "132";
133 0 1 61,127 "133";
134 0 0 25,145 "134";
135 0 0 141,201 "135";
136 0 0 205,281 "136";
137 0 1 147,156 "137";
138 1 0 157,184 "138";
139 2 0 116,295 "139";
140 2 1 149,164 "140";
141 2 1 32,57 "141";
142 0 0 68,239 "142";
143 1 0 43,181 "143";
144 1 1 165,197 "144";
145 1 1 115,139 "145";
146 1 0 4,182 "146";
147 2 0 37,213 "147";
148 2 1 87,249 "148";
149 1 1 37,250 "149";
150 2 0 96,192 "150";
151 0 0 58,288 "151";
152 0 1 68,209 "152";
153 0 1 213,281 "153";
154 1 1 212,286 "154";
155 0 0 68,115 "155";
156 0 1 67,161 "156";
157 0 0 62,143 "157";
158 2 0 100,234 "158";
159 0 0 17,76 "159";
160 2 1 9,105 "160";
161 2 0 185,260 "161";
162 1 1 36,148 "162";
163 0 1 211,218 "163";
164 0 1 69,129 "164";
165 0 0 216,217 "165";
166 0 0 148,279 "166";
167 0 1 252,289 "167";
168 2 1 24,254 "168";
169 1 0 119,174 "169";
170 2 1 1,238 "170";
171 0 0 132,177 "171";
172 1 1 113,264 "172";
173 1 0 21,137 "173";
174 2 1 90,152 "174";
175 0 1 189,232 "175";
176 2 1 153,168 "176";
177 2 1 77,267 "177";
178 2 1 221,262 "178";
179 0 1 69,275 "179";
180 0 0 25,272 "180";
181 2 1 13,88 "181";
182 0 1 20,45 "182";
183 0 0 24,42 "183";
184 0 0 234,254 "184";
185 2 0 30,160 "185";
186 2 0 16,138 "186";
187 1 0 22,37 "187";
188 1 1 149,287 "188";
189 0 0 39,101 "189";
190 0 1 64,285 "190";
191 2 1 44,211 "191";
192 2 1 158,226 "192";
193 0 1 58,236 "193";
194 1 1 46,232 "194";
195 2 0 29,293 "195";
196 0 0 56,145 "196";
197 0 1 28,216 "197";
198 2 0 81,181 "198";
199 0 1 162,201 "199";
200 2 0 32,217 "200";
201 2 0 75,249 "201";
202 0 1 248,267 "202";
203 0 1 253,289 "203";
204 1 1 17,185 "204";
205 1 0 31,210 "205";
206 1 0 169,210 "206";
207 2 1 24,76 "207";
208 0 0 123,164 "208";
209 2 0 73,170 "209";
210 1 0 85,229 "210";
211 2 0 59,219 "211";
212 1 0 88,119 "212";
213 2 0 182,291 "213";
214 2 0 77,282 "214";
215 2 0 90,238 "215";
216 1 1 137,274 "216";
217 0 1 123,168 "217";
218 1 1 19,273 "218";
219 1 1 47,103 "219";
220 2 1 7,230 "220";
221 2 0 147,178 "221";
222 0 1 104,192 "222";
223 1 1 87,287 "223";
224 2 1 111,264 "224";
225 2 1 35,50 "225";
226 0 1 21,175 "226";
227 0 0 131,286 "227";
228 1 0 77,229 "228";
229 1 0 103,107 "229";
230 2 1 14,152 "230";
231 2 0 86,211 "231";
232 2 0 198,254 "232";
233 2 1 24,298 "233";
234 0 0 16,219 "234";
235 2 1 221,228 "235";
236 2 1 21,187 "236";
237 0 1 194,262 "237";
238 2 0 94,279 "238";
239 0 0 50,82 "239";
240 2 0 118,123 "240";
241 0 0 97,142 "241";
242 0 0 40,88 "242";
243 2 0 7,95 "243";
244 0 1 42,158 "244";
245 2 1 124,270 "245";
246 2 1 16,196 "246";
247 0 0 183,219 "247";
248 2 0 2,72 "248";
249 1 0 101,142 "249";
250 0 1 108,279 "250";
251 0 0 40,247 "251";
252 2 1 93,114 "252";
253 0 1 161,280 "253";
254 1 0 21,22 "254";
255 1 0 0,254 "255";
256 1 0 88,121 "256";
257 0 1 190,236 "257";
258 0 1 100,278 "258";
259 0 1 136,235 "259";
260 2 1 122,291 "260";
261 2 1 181,233 "261";
262 1 0 7,69 "262";
263 2 0 5,278 "263";
264 1 1 185,262 "264";
265 1 0 111,287 "265";
266 2 0 145,295 "266";
267 2 0 262,271 "267";
268 0 1 239,243 "268";
269 2 0 24,111 "269";
270 0 0 43,178 "270";
271 0 0 263,282 "271";
272 1 0 218,228 "272";
273 0 1 15,187 "273";
274 2 0 12,245 "274";
275 2 1 141,154 "275";
276 1 1 152,155 "276";
277 0 1 245,283 "277";
278 2 1 75,190 "278";
279 0 1 113,261 "279";
280 2 0 203,277 "280";
281 0 1 186,294 "281";
282 1 0 62,272 "282";
283 2 1 30,157 "283";
284 1 0 206,262 "284";
285 2 1 91,207 "285";
286 2 1 200,231 "286";
287 0 1 4,82 "287";
288 1 0 45,198 "288";
289 2 1 201,220 "289";
290 1 0 19,176 "290";
291 2 0 69,266 "291";
292 2 1 118,257 "292";
293 2 0 54,114 "293";
294 1 0 206,228 "294";
295 2 1 5,39 "295";
296 1 0 81,231 "296";
297 1 0 167,230 "297";
298 2 1 131,261 "298";
299 0 0 14,40 "299";
