parity 299;
0 0 1 88,145 "0";
1 1 0 95,263 "1";
2 0 1 19,62 "2";
3 1 1 136,241 "3";
4 2 1 1,203 "4";
5 0 1 3,193 "5";
6 1 0 101,228 "6";
7 1 0 207,250 "7";
8 2 1 6,109 "8";
9 1 0 133,280 "9";
10 0 1 45,209 "10";
11 1 0 147,299 "11";
12 2 0 33,47 "12";
13 0 1 123,272 "13";
14 2 1 49,299 "14";
15 2 1 2,137 "15";
16 2 1 243,256 "16";
17 2 0 206,255 "17";
18 0 1 127,138 "18";
19 2 1 266,278 "19";
20 2 0 24,287 "20";
21 1 0 47,240 "21";
22 0 0 91,113 "22";
23 1 1 251,285 "23";
24 0 1 249,287 "24";
25 2 1 15,206 "25";
26 0 0 150,160 "26";
27 2 1 51,187 "27";
28 1 0 67,299 "28";
29 1 1 13,277 "29";
30 2 1 148,265 "30";
31 2 1 177,193 "31";
32 0 0 53,197 "32";
33 2 0 53,277 "33";
34 1 1 106,124 "34";
35 2 0 262,294 "35";
36 2 0 14,164 "36";
37 0 1 36,143 "37";
38 1 0 118,258 "38";
39 1 1 193,274 "39";
40 2 0 17,101 "40";
41 2 0 13,115 "41";
42 1 1 62,156 "42";
43 0 0 79,194 "43";
44 2 0 180,250 "44";
45 1 1 158,299 "45";
46 0 1 135,280 "46";
47 0 1 31,295 "47";
48 2 0 25,47 "48";
49 0 0 36,141 "49";
50 2 1 47,155 "50";
51 2 1 113,294 "51";
52 0 0 29,105 "52";
53 0 0 57,192 "53";
54 0 0 74,262 "54";
55 2 0 65,91 "55";
56 2 0 150,202 "56";
57 0 1 273,283 "57";
58 1 0 215,230 "58";
59 2 0 237,243 "59";
60 0 1 7,298 "60";
61 1 0 74,183 "61";
62 2 1 262,290 "62";
63 1 0 21,88 "63";
64 2 0 141,195 "64";
65 1 0 66,172 "65";
66 2 0 8,98 "66";
67 0 1 219,239 "67";
68 2 0 70,120 "68";
69 0 0 179,237 "69";
70 0 0 211,287 "70";
71 0 1 63,219 "71";
72 0 0 50,83 "72";
73 0 0 108,183 "73";
74 2 0 150,157 "74";
75 0 1 20,93 "75";
76 0 1 83,122 "76";
77 2 1 15,99 "77";
78 2 0 253,289 "78";
79 0 1 100,227 "79";
80 2 1 241,265 "80";
81 2 0 130,234 "81";
82 0 1 37,40 "82";
83 0 1 34,220 "83";
84 0 1 222,291 "84";
85 2 1 111,285 "85";
86 2 1 29,141 "86";
87 0 1 212,257 "87";
88 2 0 81,208 "88";
89 0 0 63,127 "89";
90 2 0 149,250 "90";
91 1 1 134,227 "91";
92 0 1 10,263 "92";
93 0 0 151,221 "93";
94 2 1 159,271 "94";
95 2 0 117,207 "95";
96 2 1 48,216 "96";
97 2 0 224,274 "97";
98 1 0 49,223 "98";
99 0 0 128,299 "99";
100 0 1 29,223 "100";
101 0 0 33,211 "101";
102 0 1 39,131 "102";
103 2 1 42,134 "103";
104 1 1 200,232 "104";
105 0 0 15,270 "105";
106 1 1 1,166 "106";
107 2 0 32,249 "107";
108 0 1 13,60 "108";
109 0 0 210,266 "109";
110 1 1 155,215 "110";
111 0 1 7,238 "111";
112 0 1 75,222 "112";
113 1 0 141,163 "113";
114 2 0 101,108 "114";
115 1 0 3,22 "115";
116 0 1 180,280 "116";
117 1 1 8,23 "117";
118 1 1 59,171 "118";
119 0 0 9,57 "119";
120 1 1 18,290 "120";
121 0 0 72,181 "121";
122 0 1 66,273 "122";
123 1 1 163,253 "123";
124 1 1 221,292 "124";
125 0 1 13,67 "125";
126 2 0 166,268 "126";
127 1 1 15,133 "127";
128 1 0 33,75 "128";
129 0 0 163,189 "129";
130 1 0 156,293 "130";
131 2 0 239,262 "131";
132 1 1 98,196 "132";
133 0 0 237,260 "133";
134 2 1 37,286 "134";
135 0 0 239,260 "135";
136 1 0 6,79 "136";
137 1 0 127,200 "137";
138 0 1 113,245 "138";
139 0 0 167,266 "139";
140 1 0 107,226 "140";
141 1 0 115,197 "141";
142 0 0 18,175 "142";
143 0 0 94,105 "143";
144 1 1 204,270 "144";
145 0 1 106,167 "145";
146 1 0 29,203 "146";
147 1 1 41,58 "147";
148 0 0 157,259 "148";
149 0 1 89,219 "149";
150 1 1 55,137 "150";
151 2 0 113,247 "151";
152 2 1 0,294 "152";
153 1 1 214,250 "153";
154 2 0 145,209 "154";
155 1 0 203,294 "155";
156 2 1 162,242 "156";
157 1 1 16,246 "157";
158 2 1 51,122 "158";
159 0 1 13,262 "159";
160 0 0 64,68 "160";
161 1 1 40,234 "161";
162 0 1 43,85 "162";
163 2 1 245,297 "163";
164 2 0 191,278 "164";
165 1 0 85,222 "165";
166 0 0 59,62 "166";
167 2 1 98,251 "167";
168 2 0 100,284 "168";
169 0 1 48,237 "169";
170 0 1 26,240 "170";
171 1 0 5,37 "171";
172 1 0 209,255 "172";
173 2 0 141,236 "173";
174 1 1 10,85 "174";
175 0 0 30,128 "175";
176 1 0 102,209 "176";
177 2 1 97,159 "177";
178 1 0 116,160 "178";
179 2 1 191,203 "179";
180 2 1 213,296 "180";
181 0 0 133,270 "181";
182 0 0 25,214 "182";
183 0 1 23,114 "183";
184 1 1 258,299 "184";
185 1 1 202,287 "185";
186 1 0 83,124 "186";
187 0 0 67,237 "187";
188 2 1 14,123 "188";
189 1 1 38,237 "189";
190 0 0 189,261 "190";
191 0 0 126,271 "191";
192 2 1 122,209 "192";
193 1 1 9,136 "193";
194 1 1 127,249 "194";
195 0 1 50,92 "195";
196 1 0 3,103 "196";
197 2 1 105,225 "197";
198 0 1 214,278 "198";
199 1 0 275,287 "199";
200 2 0 256,287 "200";
201 0 0 86,282 "201";
202 0 0 118,129 "202";
203 2 0 229,288 "203";
204 0 0 19,114 "204";
205 0 0 142,259 "205";
206 0 0 7,155 "206";
207 0 0 188,255 "207";
208 2 1 43,80 "208";
209 0 1 68,144 "209";
210 2 1 92,161 "210";
211 2 1 129,235 "211";
212 0 1 278,292 "212";
213 0 0 29,84 "213";
214 2 1 31,139 "214";
215 2 1 37,122 "215";
216 2 0 9,52 "216";
217 2 1 49,242 "217";
218 0 0 23,136 "218";
219 1 0 23,109 "219";
220 1 0 63,138 "220";
221 0 0 60,283 "221";
222 2 0 43,294 "222";
223 2 1 41,181 "223";
224 0 1 47,75 "224";
225 2 1 208,278 "225";
226 1 0 209,256 "226";
227 1 1 266,279 "227";
228 0 1 57,285 "228";
229 1 1 4,60 "229";
230 0 0 6,12 "230";
231 2 0 4,271 "231";
232 1 0 192,229 "232";
233 2 1 127,236 "233";
234 1 0 150,254 "234";
235 2 0 78,99 "235";
236 1 0 70,148 "236";
237 0 1 189,260 "237";
238 0 1 51,113 "238";
239 2 0 75,213 "239";
240 1 1 98,210 "240";
241 0 0 40,110 "241";
242 2 0 18,119 "242";
243 2 0 83,218 "243";
244 2 0 127,240 "244";
245 1 1 166,259 "245";
246 0 1 71,177 "246";
247 0 1 110,145 "247";
248 2 1 132,143 "248";
249 2 0 90,125 "249";
250 2 1 160,203 "250";
251 2 1 159,169 "251";
252 2 0 36,141 "252";
253 1 0 83,119 "253";
254 1 0 81,160 "254";
255 2 0 82,186 "255";
256 0 1 28,81 "256";
257 0 1 191,212 "257";
258 0 1 57,107 "258";
259 2 1 123,216 "259";
260 2 1 284,291 "260";
261 1 0 140,204 "261";
262 1 1 207,249 "262";
263 1 1 84,104 "263";
264 0 0 31,243 "264";
265 2 1 60,98 "265";
266 2 1 146,177 "266";
267 2 1 76,88 "267";
268 2 1 100,107 "268";
269 2 0 190,204 "269";
270 2 0 45,160 "270";
271 1 1 213,237 "271";
272 2 0 23,143 "272";
273 0 0 76,181 "273";
274 1 1 72,210 "274";
275 2 0 154,235 "275";
276 0 0 98,260 "276";
277 1 1 238,246 "277";
278 0 1 70,111 "278";
279 1 1 32,166 "279";
280 2 1 118,191 "280";
281 2 0 157,170 "281";
282 1 0 190,299 "282";
283 1 1 4,237 "283";
284 1 0 106,144 "284";
285 2 1 230,291 "285";
286 0 0 70,281 "286";
287 0 1 118,180 "287";
288 0 1 244,247 "288";
289 2 1 72,269 "289";
290 0 1 127,176 "290";
291 2 1 109,265 "291";
292 1 0 189,240 "292";
293 2 0 38,226 "293";
294 0 1 124,185 "294";
295 0 0 34,185 "295";
296 2 0 59,119 "296";
297 0 1 239,247 "297";
298 1 0 163,250 "298";
299 1 0 138,258 "299";
