parity 299;
0 2 0 137,191 "0";
1 2 0 30,281 "1";
2 0 0 88,92 "2";
3 2 0 86,245 "3";
4 1 0 140,281 "4";
5 2 0 59,248 "5";
6 1 0 46,256 "6";
7 2 1 102,264 "7";
8 0 0 56,70 "8";
9 1 0 77,105 "9";
10 1 1 272,280 "10";
11 2 0 17,240 "11";
12 0 1 130,237 "12";
13 0 0 45,237 "13";
14 2 1 76,169 "14";
15 1 0 14,240 "15";
16 0 1 39,126 "16";
17 2 0 68,217 "17";
18 1 0 248,251 "18";
19 2 0 142,292 "19";
20 0 1 7,145 "20";
21 1 1 142,144 "21";
22 1 0 205,220 "22";
23 0 0 4,92 "23";
24 1 1 150,286 "24";
25 1 1 10,241 "25";
26 0 1 2,85 "26";
27 0 0 181,208 "27";
28 1 0 101,123 "28";
29 1 0 194,256 "29";
30 0 1 64,134 "30";
31 1 1 59,104 "31";
32 1 0 144,196 "32";
33 0 0 127,254 "33";
34 1 1 14,260 "34";
35 2 0 106,260 "35";
36 0 1 228,287 "36";
37 2 1 11,143 "37";
38 1 1 8,78 "38";
39 2 0 76,294 "39";
40 0 0 19,209 "40";
41 0 0 93,228 "41";
42 2 0 145,245 "42";
43 1 1 11,156 "43";
44 0 0 114,290 "44";
45 2 0 10,110 "45";
46 0 1 176,280 "46";
47 1 1 11,285 "47";
48 0 0 118,143 "48";
49 0 1 234,243 "49";
50 0 0 44,132 "50";
51 1 0 74,148 "51";
52 1 0 10,269 "52";
53 0 1 79,230 "53";
54 2 0 128,279 "54";
55 0 1 26,225 "55";
56 2 0 156,240 "56";
57 1 0 42,128 "57";
58 0 0 21,143 "58";
59 1 0 213,221 "59";
60 0 0 210,222 "60";
61 0 1 79,226 "61";
62 2 0 85,178 "62";
63 1 0 166,209 "63";
64 0 0 72,200 "64";
65 2 1 41,87 "65";
66 0 1 135,160 "66";
67 0 0 18,20 "67";
68 0 0 40,160 "68";
69 2 1 55,230 "69";
70 2 1 120,298 "70";
71 2 1 139,163 "71";
72 1 1 170,240 "72";
73 1 0 104,255 "73";
74 2 0 61,73 "74";
75 0 0 127,158 "75";
76 1 0 194,247 "76";
77 2 0 80,130 "77";
78 2 0 43,296 "78";
79 1 1 114,161 "79";
80 2 0 147,158 "80";
81 2 1 1,133 "81";
82 0 0 109,206 "82";
83 1 1 15,20 "83";
84 0 1 100,136 "84";
85 0 1 221,274 "85";
86 0 0 127,130 "86";
87 1 1 172,196 "87";
88 2 0 34,102 "88";
89 1 1 58,111 "89";
90 0 0 153,249 "90";
91 0 0 228,286 "91";
92 2 1 190,259 "92";
93 0 0 280,299 "93";
94 0 1 120,198 "94";
95 2 1 148,210 "95";
96 0 0 1,230 "96";
97 2 0 57,214 "97";
98 0 0 85,266 "98";
99 0 1 162,189 "99";
100 2 0 65,112 "100";
101 0 0 110,252 "101";
102 2 0 95,287 "102";
103 0 0 27,257 "103";
104 1 1 101,124 "104";
105 2 0 137,268 "105";
106 0 1 166,275 "106";
107 2 0 194,197 "107";
108 1 1 8,261 "108";
109 1 1 197,296 "109";
110 1 0 11,136 "110";
111 2 0 233,297 "111";
112 0 1 26,119 "112";
113 0 1 38,179 "113";
114 2 0 125,288 "114";
115 2 1 238,253 "115";
116 2 1 63,272 "116";
117 0 1 127,166 "117";
118 0 1 148,221 "118";
119 1 1 41,213 "119";
120 1 1 177,241 "120";
121 0 1 104,110 "121";
122 1 0 105,297 "122";
123 0 1 273,283 "123";
124 1 0 49,187 "124";
125 1 1 200,265 "125";
126 2 1 193,260 "126";
127 2 1 81,298 "127";
128 0 0 138,233 "128";
129 1 0 194,281 "129";
130 2 0 14,91 "130";
131 1 0 207,297 "131";
132 1 1 219,227 "132";
133 1 1 1,151 "133";
134 1 0 86,276 "134";
135 1 1 22,39 "135";
136 2 1 190,215 "136";
137 1 0 62,256 "137";
138 1 1 98,164 "138";
139 1 1 85,234 "139";
140 2 0 135,248 "140";
141 2 0 183,284 "141";
142 0 1 187,286 "142";
143 1 1 255,282 "143";
144 1 1 78,104 "144";
145 1 0 216,231 "145";
146 0 0 269,289 "146";
147 1 1 167,253 "147";
148 0 0 96,261 "148";
149 1 1 113,274 "149";
150 1 0 54,168 "150";
151 0 1 66,175 "151";
152 2 0 118,273 "152";
153 0 0 53,210 "153";
154 0 1 97,163 "154";
155 2 1 217,245 "155";
156 2 0 125,259 "156";
157 1 0 143,265 "157";
158 2 0 71,156 "158";
159 0 0 109,150 "159";
160 2 0 135,279 "160";
161 0 0 15,267 "161";
162 0 0 7,26 "162";
163 0 1 147,238 "163";
164 2 1 65,66 "164";
165 0 0 46,63 "165";
166 1 0 51,235 "166";
167 2 1 140,222 "167";
168 1 1 150,166 "168";
169 2 0 74,87 "169";
170 2 1 215,271 "170";
171 2 0 37,45 "171";
172 0 1 26,202 "172";
173 1 0 89,247 "173";
174 1 1 106,259 "174";
175 1 1 7,11 "175";
176 0 0 33,221 "176";
177 1 1 46,251 "177";
178 1 1 22,79 "178";
179 0 0 95,281 "179";
180 0 1 181,241 "180";
181 0 0 31,226 "181";
182 1 1 214,258 "182";
183 0 0 92,103 "183";
184 1 0 25,170 "184";
185 1 0 239,277 "185";
186 0 1 247,287 "186";
187 1 0 131,220 "187";
188 1 1 20,81 "188";
189 2 1 10,115 "189";
190 1 1 79,266 "190";
191 2 1 13,72 "191";
192 2 0 29,68 "192";
193 2 1 89,100 "193";
194 0 0 38,284 "194";
195 1 0 35,213 "195";
196 1 0 87,174 "196";
197 2 0 161,174 "197";
198 0 1 64,249 "198";
199 2 0 119,252 "199";
200 0 1 48,254 "200";
201 0 0 100,178 "201";
202 0 0 100,183 "202";
203 2 1 84,160 "203";
204 2 0 9,296 "204";
205 1 1 105,290 "205";
206 1 0 238,271 "206";
207 0 1 260,275 "207";
208 0 0 49,213 "208";
209 1 1 47,109 "209";
210 2 1 103,116 "210";
211 1 1 38,215 "211";
212 0 1 4,68 "212";
213 0 1 216,290 "213";
214 2 0 133,299 "214";
215 1 0 184,211 "215";
216 1 0 93,122 "216";
217 0 1 2,277 "217";
218 1 1 42,128 "218";
219 0 1 201,246 "219";
220 0 0 134,263 "220";
221 1 1 155,265 "221";
222 2 0 36,144 "222";
223 0 0 6,97 "223";
224 1 1 44,236 "224";
225 1 1 79,140 "225";
226 0 1 46,73 "226";
227 1 1 58,252 "227";
228 2 1 221,276 "228";
229 0 1 218,294 "229";
230 0 1 137,158 "230";
231 0 1 102,165 "231";
232 0 1 83,293 "232";
233 1 0 142,297 "233";
234 1 0 133,228 "234";
235 2 1 118,280 "235";
236 2 0 16,93 "236";
237 1 1 210,267 "237";
238 1 0 195,206 "238";
239 1 1 62,273 "239";
240 2 0 87,283 "240";
241 1 1 32,273 "241";
242 0 1 272,274 "242";
243 1 1 88,205 "243";
244 1 1 31,40 "244";
245 0 1 77,146 "245";
246 0 0 61,104 "246";
247 1 1 17,125 "247";
248 2 1 39,183 "248";
249 0 0 135,295 "249";
250 2 0 4,97 "250";
251 2 1 60,220 "251";
252 1 0 171,231 "252";
253 0 1 258,291 "253";
254 1 0 11,89 "254";
255 1 0 30,74 "255";
256 2 1 227,242 "256";
257 1 0 61,282 "257";
258 1 1 151,220 "258";
259 0 0 229,298 "259";
260 0 0 6,90 "260";
261 0 0 231,247 "261";
262 1 0 127,289 "262";
263 0 0 53,293 "263";
264 1 0 66,206 "264";
265 2 0 82,174 "265";
266 0 0 119,233 "266";
267 1 0 45,127 "267";
268 2 1 263,267 "268";
269 2 0 60,143 "269";
270 2 0 203,208 "270";
271 1 1 242,273 "271";
272 0 1 21,262 "272";
273 2 1 113,270 "273";
274 1 1 36,260 "274";
275 0 0 192,209 "275";
276 1 1 82,260 "276";
277 0 0 97,247 "277";
278 0 1 48,163 "278";
279 0 0 180,233 "279";
280 0 1 96,241 "280";
281 1 0 4,252 "281";
282 0 1 59,158 "282";
283 0 1 41,119 "283";
284 1 1 19,170 "284";
285 2 1 196,297 "285";
286 2 0 6,105 "286";
287 1 0 86,182 "287";
288 1 1 0,106 "288";
289 0 1 179,204 "289";
290 0 1 188,258 "290";
291 0 0 38,149 "291";
292 0 0 169,212 "292";
293 1 1 96,217 "293";
294 0 0 142,273 "294";
295 1 0 54,213 "295";
296 2 0 101,186 "296";
297 1 0 44,281 "297";
298 1 1 64,112 "298";
299 0 1 177,235 "299";
