parity 299;
0 2 1 79,123 "0";
1 1 0 31,94 "1";
2 2 1 35,214 "2";
3 2 0 121,280 "3";
4 1 0 29,87 "4";
5 0 0 37,149 "5";
6 2 1 27,54 "6";
7 2 1 3,213 "7";
8 1 0 176,266 "8";
9 0 1 124,151 "9";
10 2 1 99,105 "10";
11 0 1 165,270 "11";
12 2 0 22,212 "12";
13 0 0 14,247 "13";
14 2 0 149,153 "14";
15 0 1 80,236 "15";
16 0 1 169,290 "16";
17 2 1 217,229 "17";
18 0 1 25,150 "18";
19 1 1 69,279 "19";
20 1 0 128,166 "20";
21 0 1 39,294 "21";
22 2 1 268,294 "22";
23 2 0 55,141 "23";
24 0 0 246,251 "24";
25 2 1 6,221 "25";
26 2 0 219,256 "26";
27 2 1 139,183 "27";
28 0 1 185,187 "28";
29 0 0 223,234 "29";
30 1 0 225,255 "30";
31 0 1 56,135 "31";
32 2 1 1,114 "32";
33 1 1 164,177 "33";
34 0 1 180,280 "34";
35 1 0 174,281 "35";
36 1 1 116,176 "36";
37 2 1 11,102 "37";
38 2 1 140,165 "38";
39 0 0 21,206 "39";
40 1 1 163,214 "40";
41 0 1 62,103 "41";
42 1 1 10,250 "42";
43 0 0 138,214 "43";
44 2 0 194,196 "44";
45 2 1 33,58 "45";
46 0 0 121,193 "46";
47 1 0 132,292 "47";
48 2 1 176,261 "48";
49 2 1 53,134 "49";
50 0 0 100,217 "50";
51 0 1 102,117 "51";
52 0 0 160,183 "52";
53 0 0 97,260 "53";
54 1 1 174,222 "54";
55 1 0 38,104 "55";
56 0 0 128,130 "56";
57 2 1 163,175 "57";
58 0 1 90,292 "58";
59 1 1 83,137 "59";
60 2 0 54,105 "60";
61 0 0 82,293 "61";
62 0 0 86,241 "62";
63 2 0 211,221 "63";
64 0 0 40,42 "64";
65 1 0 112,138 "65";
66 0 0 61,192 "66";
67 2 1 64,132 "67";
68 2 0 27,105 "68";
69 2 1 4,68 "69";
70 0 0 60,177 "70";
71 2 1 46,178 "71";
72 0 1 124,185 "72";
73 0 0 71,119 "73";
74 0 1 61,239 "74";
75 0 1 197,201 "75";
76 0 1 16,173 "76";
77 2 0 94,132 "77";
78 1 0 10,189 "78";
79 1 1 185,222 "79";
80 2 0 188,284 "80";
81 1 1 51,229 "81";
82 2 0 62,295 "82";
83 2 0 170,223 "83";
84 0 1 81,219 "84";
85 1 1 116,125 "85";
86 2 1 89,215 "86";
87 2 0 86,224 "87";
88 1 0 11,90 "88";
89 1 1 111,234 "89";
90 2 0 140,221 "90";
91 1 1 100,257 "91";
92 1 1 286,298 "92";
93 2 0 4,129 "93";
94 0 0 181,210 "94";
95 1 1 15,290 "95";
96 2 0 44,119 "96";
97 0 0 69,201 "97";
98 1 0 47,66 "98";
99 2 0 71,205 "99";
100 1 1 175,259 "100";
101 1 1 32,285 "101";
102 2 1 72,73 "102";
103 2 0 67,297 "103";
104 2 1 33,207 "104";
105 0 1 170,241 "105";
106 2 1 129,174 "106";
107 1 1 9,232 "107";
108 2 0 55,129 "108";
109 2 1 134,218 "109";
110 1 1 104,183 "110";
111 0 0 200,252 "111";
112 0 1 13,199 "112";
113 1 1 81,198 "113";
114 2 1 157,278 "114";
115 2 1 40,54 "115";
116 0 1 175,278 "116";
117 1 0 80,143 "117";
118 2 0 45,131 "118";
119 1 1 25,212 "119";
120 1 1 74,297 "120";
121 2 1 13,206 "121";
122 0 0 75,269 "122";
123 1 1 17,156 "123";
124 1 0 127,200 "124";
125 2 0 128,190 "125";
126 1 1 37,236 "126";
127 0 0 37,184 "127";
128 1 1 49,248 "128";
129 0 0 88,148 "129";
130 1 1 207,225 "130";
131 0 1 16,203 "131";
132 2 0 11,249 "132";
133 2 0 194,268 "133";
134 1 0 49,258 "134";
135 0 0 70,217 "135";
136 0 1 96,226 "136";
137 1 0 20,209 "137";
138 2 1 49,281 "138";
139 0 1 98,230 "139";
140 1 0 41,52 "140";
141 1 1 156,296 "141";
142 1 1 61,283 "142";
143 2 1 231,269 "143";
144 0 1 247,249 "144";
145 0 0 30,188 "145";
146 1 1 99,267 "146";
147 0 1 107,242 "147";
148 2 1 222,270 "148";
149 0 0 47,281 "149";
150 1 0 6,47 "150";
151 2 0 81,154 "151";
152 2 0 198,251 "152";
153 2 0 62,80 "153";
154 0 1 191,291 "154";
155 0 0 150,273 "155";
156 2 0 48,63 "156";
157 2 0 93,275 "157";
158 1 0 161,226 "158";
159 0 0 105,188 "159";
160 2 0 48,272 "160";
161 0 0 19,213 "161";
162 2 0 126,299 "162";
163 2 1 44,245 "163";
164 1 0 5,38 "164";
165 1 1 119,152 "165";
166 2 0 54,110 "166";
167 1 1 221,261 "167";
168 1 1 101,112 "168";
169 2 0 105,196 "169";
170 2 1 30,225 "170";
171 0 1 72,247 "171";
172 1 0 226,284 "172";
173 1 1 75,246 "173";
174 2 0 155,166 "174";
175 1 1 55,206 "175";
176 0 0 182,186 "176";
177 2 1 14,127 "177";
178 2 1 42,218 "178";
179 2 0 47,124 "179";
180 2 1 10,272 "180";
181 1 0 129,250 "181";
182 2 0 183,287 "182";
183 2 0 52,153 "183";
184 0 1 69,148 "184";
185 2 1 134,271 "185";
186 2 1 65,216 "186";
187 2 1 63,287 "187";
188 2 0 120,165 "188";
189 0 1 220,250 "189";
190 0 1 251,272 "190";
191 1 1 38,98 "191";
192 1 1 200,244 "192";
193 2 1 50,246 "193";
194 2 0 89,274 "194";
195 2 1 3,224 "195";
196 2 1 86,224 "196";
197 2 0 144,259 "197";
198 2 0 140,231 "198";
199 1 0 140,266 "199";
200 0 1 155,194 "200";
201 2 1 188,275 "201";
202 1 1 30,176 "202";
203 0 0 45,269 "203";
204 1 0 181,191 "204";
205 2 0 119,270 "205";
206 2 0 79,271 "206";
207 0 0 130,266 "207";
208 1 1 234,289 "208";
209 2 1 198,228 "209";
210 0 0 3,211 "210";
211 0 1 14,170 "211";
212 1 0 92,101 "212";
213 1 1 56,142 "213";
214 0 1 96,135 "214";
215 2 0 186,274 "215";
216 2 1 12,180 "216";
217 2 0 107,250 "217";
218 2 0 89,224 "218";
219 1 0 45,244 "219";
220 0 1 200,296 "220";
221 0 0 45,262 "221";
222 2 0 180,212 "222";
223 1 0 28,64 "223";
224 2 1 86,153 "224";
225 2 0 233,283 "225";
226 0 0 30,285 "226";
227 2 0 276,297 "227";
228 2 0 17,294 "228";
229 2 1 187,252 "229";
230 0 0 53,211 "230";
231 1 1 133,165 "231";
232 0 0 58,185 "232";
233 1 1 86,158 "233";
234 0 1 211,272 "234";
235 0 1 213,275 "235";
236 0 1 0,63 "236";
237 0 1 154,195 "237";
238 0 0 209,211 "238";
239 2 1 99,259 "239";
240 2 0 78,274 "240";
241 2 1 201,268 "241";
242 1 1 51,191 "242";
243 2 0 40,53 "243";
244 0 0 223,231 "244";
245 0 0 12,215 "245";
246 2 1 179,249 "246";
247 0 1 41,58 "247";
248 1 0 240,286 "248";
249 0 0 254,263 "249";
250 1 0 45,74 "250";
251 0 0 148,243 "251";
252 2 0 3,143 "252";
253 2 0 213,247 "253";
254 1 0 180,182 "254";
255 1 1 104,179 "255";
256 1 1 119,240 "256";
257 2 1 30,48 "257";
258 0 0 93,200 "258";
259 1 0 43,156 "259";
260 2 0 0,220 "260";
261 2 0 149,174 "261";
262 2 1 199,269 "262";
263 1 1 159,188 "263";
264 1 1 117,196 "264";
265 2 1 40,224 "265";
266 1 1 165,254 "266";
267 0 0 7,115 "267";
268 0 0 84,247 "268";
269 0 1 162,215 "269";
270 2 1 5,129 "270";
271 1 1 40,181 "271";
272 2 1 16,262 "272";
273 1 1 33,131 "273";
274 0 1 207,272 "274";
275 2 1 59,150 "275";
276 0 1 84,257 "276";
277 0 1 143,291 "277";
278 1 0 156,232 "278";
279 1 0 135,244 "279";
280 1 0 226,278 "280";
281 2 0 133,234 "281";
282 2 1 255,298 "282";
283 0 0 15,111 "283";
284 1 0 251,288 "284";
285 2 0 72,88 "285";
286 0 0 99,142 "286";
287 2 0 19,234 "287";
288 1 1 109,247 "288";
289 0 1 135,198 "289";
290 2 0 46,89 "290";
291 1 0 66,75 "291";
292 1 1 88,175 "292";
293 0 0 87,204 "293";
294 2 0 5,279 "294";
295 1 1 277,287 "295";
296 2 0 118,237 "296";
297 0 0 71,226 "297";
298 1 0 49,276 "298";
299 2 0 151,252 "299";
