parity 299;
0 2 1 16,80 "0";
1 2 0 89,284 "1";
2 2 1 161,205 "2";
3 0 1 76,108 "3";
4 2 1 119,266 "4";
5 0 0 99,199 "5";
6 2 0 21,290 "6";
7 2 0 216,254 "7";
8 2 1 84,259 "8";
9 2 0 179,240 "9";
10 2 1 166,231 "10";
11 2 1 69,106 "11";
12 0 0 72,80 "12";
13 0 0 115,152 "13";
14 1 0 35,176 "14";
15 1 1 61,80 "15";
16 2 1 184,293 "16";
17 2 0 47,126 "17";
18 0 0 143,200 "18";
19 2 1 13,235 "19";
20 2 0 55,298 "20";
21 0 1 228,245 "21";
22 1 0 62,232 "22";
23 1 0 70,126 "23";
24 1 0 36,170 "24";
25 0 1 202,266 "25";
26 2 1 59,151 "26";
27 1 0 113,280 "27";
28 1 1 57,286 "28";
29 0 0 212,213 "29";
30 2 1 37,126 "30";
31 0 1 4,21 "31";
32 0 1 28,250 "32";
33 0 0 42,90 "33";
34 0 0 265,279 "34";
35 1 1 82,137 "35";
36 1 1 121,239 "36";
37 2 1 118,218 "37";
38 1 0 29,296 "38";
39 1 0 0,82 "39";
40 1 0 47,272 "40";
41 2 0 99,117 "41";
42 2 0 34,142 "42";
43 2 1 68,158 "43";
44 1 0 71,151 "44";
45 0 0 30,48 "45";
46 0 1 77,209 "46";
47 2 0 37,289 "47";
48 0 1 181,252 "48";
49 0 1 8,36 "49";
50 2 0 150,215 "50";
51 1 0 77,126 "51";
52 2 1 192,239 "52";
53 1 1 87,285 "53";
54 1 1 175,249 "54";
55 1 0 105,107 "55";
56 0 1 116,155 "56";
57 0 1 33,166 "57";
58 1 1 15,132 "58";
59 2 0 193,226 "59";
60 2 0 129,184 "60";
61 2 1 55,111 "61";
62 2 1 26,87 "62";
63 1 0 55,213 "63";
64 2 1 14,156 "64";
65 0 1 29,269 "65";
66 1 0 68,91 "66";
67 2 0 171,297 "67";
68 1 0 52,60 "68";
69 1 0 41,270 "69";
70 2 0 27,63 "70";
71 0 1 152,195 "71";
72 1 0 32,209 "72";
73 1 1 202,238 "73";
74 1 1 46,265 "74";
75 1 0 110,126 "75";
76 2 1 56,112 "76";
77 0 1 200,284 "77";
78 2 0 81,235 "78";
79 2 0 72,118 "79";
80 1 1 88,175 "80";
81 0 0 172,224 "81";
82 1 1 4,119 "82";
83 0 0 219,233 "83";
84 0 0 18,19 "84";
85 0 1 37,292 "85";
86 1 1 41,155 "86";
87 2 0 69,136 "87";
88 2 0 267,288 "88";
89 1 1 9,37 "89";
90 1 0 135,145 "90";
91 2 0 149,235 "91";
92 1 1 68,298 "92";
93 2 1 42,290 "93";
94 2 0 55,132 "94";
95 1 1 101,210 "95";
96 0 1 36,146 "96";
97 2 0 109,159 "97";
98 2 0 133,142 "98";
99 1 0 133,165 "99";
100 0 0 75,141 "100";
101 2 0 90,262 "101";
102 1 0 234,299 "102";
103 1 0 32,249 "103";
104 1 1 38,266 "104";
105 0 0 207,220 "105";
106 0 0 204,285 "106";
107 2 1 121,154 "107";
108 1 1 12,245 "108";
109 1 0 194,237 "109";
110 1 0 98,112 "110";
111 2 0 47,109 "111";
112 1 1 90,295 "112";
113 1 0 55,118 "113";
114 0 0 132,248 "114";
115 0 0 15,233 "115";
116 0 0 185,214 "116";
117 2 1 7,249 "117";
118 1 0 167,244 "118";
119 0 0 129,148 "119";
120 1 1 8,40 "120";
121 0 1 85,269 "121";
122 1 0 224,261 "122";
123 0 0 38,158 "123";
124 1 0 222,273 "124";
125 0 0 7,279 "125";
126 0 1 32,96 "126";
127 1 1 125,293 "127";
128 1 0 173,264 "128";
129 1 0 145,282 "129";
130 2 1 23,257 "130";
131 0 0 46,256 "131";
132 2 0 156,210 "132";
133 1 1 108,204 "133";
134 2 0 4,276 "134";
135 1 0 56,223 "135";
136 1 1 157,177 "136";
137 0 1 51,207 "137";
138 0 0 190,201 "138";
139 1 0 76,227 "139";
140 0 0 127,286 "140";
141 2 0 13,131 "141";
142 0 0 204,223 "142";
143 0 1 207,247 "143";
144 2 0 9,275 "144";
145 0 0 71,203 "145";
146 0 0 50,206 "146";
147 1 0 142,186 "147";
148 1 0 108,111 "148";
149 0 0 57,137 "149";
150 1 1 6,207 "150";
151 2 1 5,213 "151";
152 0 0 218,254 "152";
153 2 0 39,108 "153";
154 1 1 171,254 "154";
155 2 0 170,222 "155";
156 1 1 208,236 "156";
157 2 1 133,211 "157";
158 1 1 96,153 "158";
159 1 1 5,82 "159";
160 2 0 73,91 "160";
161 0 1 45,232 "161";
162 0 0 147,163 "162";
163 2 1 52,211 "163";
164 1 0 42,116 "164";
165 1 0 117,253 "165";
166 0 0 68,295 "166";
167 2 1 93,109 "167";
168 2 0 53,73 "168";
169 0 1 7,83 "169";
170 0 0 47,185 "170";
171 1 1 198,209 "171";
172 2 0 0,165 "172";
173 0 0 40,97 "173";
174 1 1 256,261 "174";
175 0 1 53,92 "175";
176 2 1 248,292 "176";
177 1 1 48,243 "177";
178 2 1 128,281 "178";
179 1 0 66,268 "179";
180 1 0 118,178 "180";
181 1 1 259,294 "181";
182 2 1 2,13 "182";
183 1 0 97,293 "183";
184 2 0 6,233 "184";
185 2 1 158,182 "185";
186 2 1 151,232 "186";
187 0 1 14,107 "187";
188 0 1 107,206 "188";
189 1 0 28,122 "189";
190 0 1 128,219 "190";
191 1 1 59,278 "191";
192 0 1 1,105 "192";
193 1 1 27,181 "193";
194 2 0 63,206 "194";
195 0 1 18,116 "195";
196 1 1 27,256 "196";
197 1 1 198,291 "197";
198 1 0 68,212 "198";
199 0 1 84,233 "199";
200 0 0 40,140 "200";
201 2 0 146,257 "201";
202 0 1 5,284 "202";
203 0 0 54,245 "203";
204 0 1 39,250 "204";
205 0 1 129,290 "205";
206 1 1 173,256 "206";
207 1 1 212,293 "207";
208 0 0 3,130 "208";
209 2 0 155,264 "209";
210 0 1 185,272 "210";
211 1 0 169,287 "211";
212 0 0 21,26 "212";
213 2 0 152,280 "213";
214 0 1 57,137 "214";
215 0 0 77,213 "215";
216 2 1 31,234 "216";
217 2 0 97,138 "217";
218 1 0 79,238 "218";
219 2 0 109,289 "219";
220 1 1 102,293 "220";
221 1 1 203,237 "221";
222 0 1 150,259 "222";
223 1 1 158,189 "223";
224 1 0 232,298 "224";
225 2 0 24,47 "225";
226 0 1 170,193 "226";
227 1 0 110,268 "227";
228 2 1 103,217 "228";
229 2 0 94,282 "229";
230 0 1 107,279 "230";
231 2 1 17,264 "231";
232 0 1 97,262 "232";
233 1 1 223,289 "233";
234 1 0 80,231 "234";
235 2 0 27,116 "235";
236 1 1 29,180 "236";
237 1 0 134,294 "237";
238 0 1 84,271 "238";
239 1 0 43,93 "239";
240 1 0 62,224 "240";
241 0 0 78,137 "241";
242 1 0 167,201 "242";
243 2 1 91,235 "243";
244 0 1 166,195 "244";
245 1 0 129,213 "245";
246 1 0 106,170 "246";
247 0 1 78,172 "247";
248 0 0 3,12 "248";
249 2 0 20,91 "249";
250 0 0 37,260 "250";
251 0 1 81,131 "251";
252 1 0 247,285 "252";
253 0 1 239,280 "253";
254 2 0 102,269 "254";
255 2 1 269,286 "255";
256 0 0 84,167 "256";
257 1 0 43,250 "257";
258 2 0 156,188 "258";
259 2 0 98,252 "259";
260 2 0 39,144 "260";
261 0 0 84,201 "261";
262 0 1 157,215 "262";
263 0 1 29,55 "263";
264 1 1 23,109 "264";
265 1 0 79,210 "265";
266 1 0 25,270 "266";
267 1 0 68,282 "267";
268 0 0 56,238 "268";
269 1 0 185,259 "269";
270 0 1 121,207 "270";
271 1 1 222,247 "271";
272 1 1 208,264 "272";
273 1 1 52,214 "273";
274 0 1 61,293 "274";
275 1 0 104,138 "275";
276 2 0 32,271 "276";
277 1 0 222,272 "277";
278 2 0 187,193 "278";
279 0 0 117,270 "279";
280 2 1 25,103 "280";
281 1 0 68,167 "281";
282 2 1 50,135 "282";
283 2 0 113,133 "283";
284 1 0 89,245 "284";
285 2 0 161,265 "285";
286 0 0 18,210 "286";
287 1 0 100,175 "287";
288 2 0 250,262 "288";
289 2 0 2,120 "289";
290 2 0 214,237 "290";
291 1 1 17,120 "291";
292 0 0 185,232 "292";
293 1 1 80,241 "293";
294 2 1 84,131 "294";
295 2 0 159,220 "295";
296 2 0 58,190 "296";
297 2 1 35,162 "297";
298 0 1 141,216 "298";
299 0 0 23,60 "299";
