parity 299;
0 0 1 84,250 "0";
1 0 0 65,227 "1";
2 1 0 130,214 "2";
3 2 0 157,213 "3";
4 2 1 45,235 "4";
5 0 1 91,193 "5";
6 1 1 157,238 "6";
7 2 0 106,236 "7";
8 1 1 36,53 "8";
9 1 0 42,220 "9";
10 2 0 79,127 "10";
11 0 0 15,42 "11";
12 1 0 77,116 "12";
13 0 0 20,150 "13";
14 1 1 2,104 "14";
15 1 0 9,111 "15";
16 1 1 19,75 "16";
17 1 1 107,238 "17";
18 2 0 205,283 "18";
19 2 0 200,245 "19";
20 1 0 44,274 "20";
21 0 1 44,267 "21";
22 1 0 20,269 "22";
23 2 0 14,208 "23";
24 0 0 2,122 "24";
25 1 0 48,295 "25";
26 0 1 218,283 "26";
27 0 0 44,141 "27";
28 2 0 112,128 "28";
29 1 0 113,224 "29";
30 2 0 72,177 "30";
31 2 1 193,245 "31";
32 0 0 66,262 "32";
33 1 1 12,230 "33";
34 0 0 126,241 "34";
35 2 0 81,186 "35";
36 1 1 119,176 "36";
37 0 1 34,84 "37";
38 1 0 24,206 "38";
39 1 0 57,275 "39";
40 0 1 29,209 "40";
41 1 0 216,239 "41";
42 0 1 69,187 "42";
43 1 0 151,193 "43";
44 1 1 51,192 "44";
45 0 0 4,256 "45";
46 2 1 110,206 "46";
47 1 0 58,97 "47";
48 1 1 124,290 "48";
49 0 0 187,253 "49";
50 1 0 60,262 "50";
51 0 1 68,76 "51";
52 2 1 109,123 "52";
53 1 0 164,270 "53";
54 0 1 66,142 "54";
55 1 0 79,143 "55";
56 0 0 81,171 "56";
57 2 0 161,185 "57";
58 0 1 21,232 "58";
59 1 0 44,95 "59";
60 1 0 173,205 "60";
61 0 0 137,259 "61";
62 1 0 82,149 "62";
63 0 0 5,283 "63";
64 1 1 96,134 "64";
65 0 0 40,68 "65";
66 0 0 25,139 "66";
67 1 1 7,212 "67";
68 1 1 38,266 "68";
69 0 0 181,195 "69";
70 2 1 82,267 "70";
71 0 0 147,240 "71";
72 2 1 16,140 "72";
73 1 1 186,215 "73";
74 1 0 176,214 "74";
75 0 1 120,146 "75";
76 2 1 7,200 "76";
77 2 0 98,141 "77";
78 2 1 23,178 "78";
79 0 0 7,120 "79";
80 0 1 95,140 "80";
81 1 1 56,143 "81";
82 0 1 139,281 "82";
83 1 0 2,237 "83";
84 2 0 38,93 "84";
85 1 1 128,295 "85";
86 1 1 99,140 "86";
87 1 1 4,162 "87";
88 0 0 275,285 "88";
89 1 0 25,289 "89";
90 1 1 45,126 "90";
91 0 0 48,223 "91";
92 1 1 71,156 "92";
93 2 1 155,238 "93";
94 1 0 76,117 "94";
95 1 1 235,249 "95";
96 2 0 2,275 "96";
97 1 0 42,212 "97";
98 1 1 173,231 "98";
99 2 0 68,110 "99";
100 1 0 267,296 "100";
101 2 1 85,150 "101";
102 1 1 79,211 "102";
103 1 1 66,181 "103";
104 0 0 28,112 "104";
105 0 0 38,186 "105";
106 2 1 5,59 "106";
107 1 0 215,229 "107";
108 0 1 101,253 "108";
109 1 1 111,239 "109";
110 1 0 34,122 "110";
111 0 0 189,274 "111";
112 0 1 154,200 "112";
113 0 1 8,279 "113";
114 1 0 18,169 "114";
115 0 0 122,195 "115";
116 2 0 6,263 "116";
117 2 1 32,295 "117";
118 2 1 114,156 "118";
119 1 1 79,232 "119";
120 1 0 129,172 "120";
121 2 1 228,258 "121";
122 1 0 54,153 "122";
123 1 1 4,275 "123";
124 1 1 141,164 "124";
125 2 0 102,187 "125";
126 1 0 21,293 "126";
127 2 1 17,264 "127";
128 1 0 72,242 "128";
129 0 1 57,245 "129";
130 1 1 60,228 "130";
131 2 0 122,171 "131";
132 1 0 71,250 "132";
133 1 0 169,230 "133";
134 2 1 76,107 "134";
135 2 0 8,221 "135";
136 2 0 18,141 "136";
137 1 1 43,271 "137";
138 0 1 190,193 "138";
139 2 0 114,172 "139";
140 0 1 43,52 "140";
141 0 0 235,256 "141";
142 1 0 10,288 "142";
143 0 1 128,149 "143";
144 1 1 130,217 "144";
145 2 1 46,199 "145";
146 0 1 30,119 "146";
147 2 0 66,129 "147";
148 0 1 113,262 "148";
149 0 0 19,198 "149";
150 0 1 157,267 "150";
151 1 1 68,105 "151";
152 2 0 120,251 "152";
153 1 0 76,213 "153";
154 1 0 109,197 "154";
155 0 0 92,114 "155";
156 0 1 13,34 "156";
157 0 1 7,188 "157";
158 1 0 79,188 "158";
159 1 1 26,165 "159";
160 1 1 215,252 "160";
161 2 0 81,105 "161";
162 2 0 49,293 "162";
163 1 0 120,283 "163";
164 0 1 203,264 "164";
165 1 0 236,274 "165";
166 1 0 74,221 "166";
167 0 1 159,250 "167";
168 2 0 41,92 "168";
169 2 1 40,201 "169";
170 1 1 19,85 "170";
171 1 1 7,259 "171";
172 1 1 34,151 "172";
173 1 0 8,182 "173";
174 1 1 24,261 "174";
175 2 0 158,290 "175";
176 2 0 147,183 "176";
177 1 1 156,180 "177";
178 0 1 4,101 "178";
179 1 0 127,191 "179";
180 0 1 16,188 "180";
181 1 1 74,139 "181";
182 1 0 44,164 "182";
183 2 1 191,237 "183";
184 0 0 12,86 "184";
185 1 0 214,236 "185";
186 1 0 46,296 "186";
187 1 0 248,287 "187";
188 2 1 113,199 "188";
189 2 1 9,193 "189";
190 0 0 40,214 "190";
191 2 0 55,252 "191";
192 0 1 10,226 "192";
193 2 1 292,295 "193";
194 0 0 159,175 "194";
195 0 1 175,214 "195";
196 0 0 109,218 "196";
197 2 0 101,245 "197";
198 0 0 59,152 "198";
199 0 0 186,193 "199";
200 1 0 23,68 "200";
201 2 1 126,246 "201";
202 2 1 6,169 "202";
203 2 0 149,170 "203";
204 0 0 207,217 "204";
205 0 0 201,245 "205";
206 0 0 54,200 "206";
207 0 0 55,278 "207";
208 1 0 50,263 "208";
209 2 1 156,160 "209";
210 1 0 99,265 "210";
211 2 1 105,167 "211";
212 0 1 181,228 "212";
213 1 0 2,299 "213";
214 1 1 58,76 "214";
215 0 0 7,68 "215";
216 1 1 2,105 "216";
217 0 0 15,207 "217";
218 2 1 36,138 "218";
219 2 0 232,262 "219";
220 2 0 72,215 "220";
221 2 1 117,127 "221";
222 2 1 126,263 "222";
223 0 0 34,90 "223";
224 0 1 42,193 "224";
225 2 1 8,48 "225";
226 2 0 171,295 "226";
227 2 1 19,120 "227";
228 0 0 120,133 "228";
229 2 0 171,219 "229";
230 1 0 4,168 "230";
231 0 0 117,273 "231";
232 0 0 138,299 "232";
233 1 0 145,163 "233";
234 0 0 65,161 "234";
235 2 0 108,113 "235";
236 1 1 31,161 "236";
237 2 1 44,268 "237";
238 2 0 113,264 "238";
239 1 1 47,296 "239";
240 2 1 187,267 "240";
241 0 0 145,268 "241";
242 0 1 62,279 "242";
243 1 0 43,188 "243";
244 0 1 47,265 "244";
245 0 0 138,268 "245";
246 1 1 152,234 "246";
247 0 1 115,177 "247";
248 1 0 184,256 "248";
249 2 1 156,263 "249";
250 1 0 197,257 "250";
251 1 1 27,232 "251";
252 1 1 119,276 "252";
253 0 1 219,249 "253";
254 1 0 153,173 "254";
255 1 1 5,227 "255";
256 2 1 79,196 "256";
257 2 0 118,167 "257";
258 1 1 83,297 "258";
259 0 0 14,261 "259";
260 2 0 152,185 "260";
261 0 0 5,203 "261";
262 0 0 78,274 "262";
263 0 1 94,157 "263";
264 1 0 176,188 "264";
265 2 1 34,168 "265";
266 2 1 234,248 "266";
267 1 1 84,116 "267";
268 0 0 3,141 "268";
269 0 1 9,47 "269";
270 1 1 129,138 "270";
271 2 1 16,75 "271";
272 1 0 60,152 "272";
273 1 0 49,143 "273";
274 2 1 47,252 "274";
275 2 1 89,161 "275";
276 1 0 152,204 "276";
277 2 1 76,251 "277";
278 1 0 74,145 "278";
279 0 1 111,139 "279";
280 1 0 56,223 "280";
281 0 0 3,154 "281";
282 1 1 100,278 "282";
283 1 0 18,84 "283";
284 0 0 8,124 "284";
285 2 1 64,210 "285";
286 2 1 13,15 "286";
287 1 1 155,284 "287";
288 0 0 71,207 "288";
289 1 1 18,282 "289";
290 1 0 146,154 "290";
291 2 0 121,160 "291";
292 0 1 18,24 "292";
293 0 0 195,263 "293";
294 2 0 10,63 "294";
295 2 0 174,261 "295";
296 2 1 73,96 "296";
297 2 0 172,175 "297";
298 0 0 29,82 "298";
299 1 0 44,104 "299";
