parity 299;
0 1 1 138,223 "0";
1 1 1 108,161 "1";
2 1 0 30,297 "2";
3 1 1 28,228 "3";
4 0 1 15,236 "4";
5 1 0 38,93 "5";
6 0 1 189,236 "6";
7 2 0 34,99 "7";
8 2 0 25,221 "8";
9 1 0 157,172 "9";
10 1 0 122,144 "10";
11 0 0 15,228 "11";
12 1 1 188,205 "12";
13 1 1 31,48 "13";
14 1 0 154,252 "14";
15 2 1 107,123 "15";
16 0 0 143,160 "16";
17 2 1 19,268 "17";
18 0 1 90,142 "18";
19 1 0 128,267 "19";
20 0 0 166,186 "20";
21 1 0 120,222 "21";
22 1 0 12,293 "22";
23 2 1 172,216 "23";
24 0 1 126,275 "24";
25 0 1 67,235 "25";
26 0 0 141,148 "26";
27 1 1 109,236 "27";
28 2 1 112,167 "28";
29 2 0 23,212 "29";
30 2 1 158,248 "30";
31 2 1 146,233 "31";
32 1 0 116,230 "32";
33 1 0 55,122 "33";
34 1 0 139,225 "34";
35 0 1 127,154 "35";
36 0 1 93,193 "36";
37 1 1 148,268 "37";
38 2 0 20,263 "38";
39 2 1 76,265 "39";
40 0 0 136,247 "40";
41 2 1 75,252 "41";
42 2 1 279,284 "42";
43 2 1 14,85 "43";
44 0 0 238,254 "44";
45 1 1 104,108 "45";
46 1 0 100,154 "46";
47 1 1 82,200 "47";
48 1 1 106,133 "48";
49 2 1 34,264 "49";
50 0 0 160,185 "50";
51 0 1 98,255 "51";
52 0 0 83,202 "52";
53 2 1 62,87 "53";
54 1 0 189,255 "54";
55 2 0 81,203 "55";
56 1 0 6,264 "56";
57 2 1 144,210 "57";
58 0 1 255,295 "58";
59 1 0 162,218 "59";
60 1 1 58,145 "60";
61 0 1 79,121 "61";
62 0 1 104,166 "62";
63 0 0 110,227 "63";
64 2 1 178,212 "64";
65 1 0 51,123 "65";
66 1 1 116,165 "66";
67 0 1 36,43 "67";
68 1 0 229,258 "68";
69 0 0 152,221 "69";
70 2 0 96,149 "70";
71 1 0 121,169 "71";
72 0 0 200,284 "72";
73 2 1 140,218 "73";
74 2 0 39,125 "74";
75 1 0 18,64 "75";
76 0 1 54,229 "76";
77 0 1 6,284 "77";
78 0 1 83,99 "78";
79 0 1 147,262 "79";
80 1 1 44,65 "80";
81 2 1 183,269 "81";
82 0 0 49,105 "82";
83 2 0 71,146 "83";
84 2 0 114,223 "84";
85 2 0 1,80 "85";
86 0 0 246,283 "86";
87 2 0 237,247 "87";
88 1 0 242,245 "88";
89 2 1 169,232 "89";
90 1 0 110,261 "90";
91 0 0 115,125 "91";
92 1 0 140,216 "92";
93 0 0 151,216 "93";
94 0 1 89,204 "94";
95 1 0 9,262 "95";
96 1 1 243,266 "96";
97 0 1 98,125 "97";
98 1 0 77,144 "98";
99 2 0 13,213 "99";
100 0 0 208,228 "100";
101 2 1 222,275 "101";
102 1 0 67,70 "102";
103 1 1 194,278 "103";
104 2 1 100,294 "104";
105 1 0 157,252 "105";
106 0 0 72,293 "106";
107 0 0 32,241 "107";
108 1 0 120,168 "108";
109 1 1 117,211 "109";
110 1 0 114,298 "110";
111 1 0 156,180 "111";
112 2 1 70,114 "112";
113 0 1 102,255 "113";
114 2 1 14,147 "114";
115 1 0 62,111 "115";
116 2 1 10,296 "116";
117 1 0 54,229 "117";
118 0 0 208,213 "118";
119 0 1 125,185 "119";
120 1 1 211,212 "120";
121 2 0 100,177 "121";
122 2 0 30,161 "122";
123 1 0 121,280 "123";
124 2 0 91,168 "124";
125 1 1 53,266 "125";
126 2 0 46,178 "126";
127 2 0 110,204 "127";
128 0 0 32,244 "128";
129 1 0 30,56 "129";
130 1 1 216,289 "130";
131 0 0 177,263 "131";
132 2 0 77,216 "132";
133 0 0 88,204 "133";
134 1 0 12,101 "134";
135 2 0 182,223 "135";
136 0 0 42,128 "136";
137 1 0 140,204 "137";
138 2 1 26,231 "138";
139 1 0 147,292 "139";
140 1 0 132,286 "140";
141 0 0 253,261 "141";
142 0 0 35,161 "142";
143 2 1 245,281 "143";
144 1 0 19,64 "144";
145 1 0 69,160 "145";
146 0 0 210,252 "146";
147 2 0 158,184 "147";
148 1 1 84,176 "148";
149 0 0 56,127 "149";
150 2 1 42,66 "150";
151 2 0 14,56 "151";
152 0 1 60,193 "152";
153 2 1 43,127 "153";
154 0 1 134,221 "154";
155 0 0 75,210 "155";
156 1 1 56,236 "156";
157 2 1 79,255 "157";
158 2 0 41,206 "158";
159 2 0 156,298 "159";
160 2 1 116,193 "160";
161 0 0 199,275 "161";
162 1 0 145,153 "162";
163 1 0 57,171 "163";
164 1 1 239,258 "164";
165 2 1 73,113 "165";
166 0 0 163,268 "166";
167 1 0 211,256 "167";
168 1 0 87,282 "168";
169 1 1 105,263 "169";
170 1 0 114,256 "170";
171 1 0 159,230 "171";
172 2 0 171,294 "172";
173 2 0 57,134 "173";
174 0 1 151,247 "174";
175 0 0 193,201 "175";
176 0 1 29,164 "176";
177 1 0 100,128 "177";
178 0 0 107,283 "178";
179 2 1 44,222 "179";
180 0 0 100,210 "180";
181 1 1 8,47 "181";
182 0 1 170,249 "182";
183 0 1 50,95 "183";
184 1 1 20,298 "184";
185 1 1 51,78 "185";
186 0 0 1,284 "186";
187 1 1 230,275 "187";
188 2 1 72,299 "188";
189 1 0 187,295 "189";
190 0 1 74,82 "190";
191 1 1 141,163 "191";
192 2 0 4,147 "192";
193 1 0 78,215 "193";
194 2 0 166,176 "194";
195 1 0 15,212 "195";
196 1 1 132,152 "196";
197 0 1 138,164 "197";
198 1 1 33,90 "198";
199 2 1 68,140 "199";
200 1 0 64,269 "200";
201 2 0 217,286 "201";
202 1 1 112,149 "202";
203 1 1 1,141 "203";
204 1 1 65,112 "204";
205 1 0 161,201 "205";
206 2 0 202,284 "206";
207 0 1 50,121 "207";
208 2 1 42,132 "208";
209 0 1 90,103 "209";
210 0 0 133,260 "210";
211 2 1 1,266 "211";
212 1 0 44,52 "212";
213 2 1 88,270 "213";
214 0 0 182,253 "214";
215 1 1 163,214 "215";
216 0 1 84,122 "216";
217 0 0 149,285 "217";
218 1 1 167,257 "218";
219 2 1 164,221 "219";
220 1 1 197,262 "220";
221 1 1 152,222 "221";
222 0 0 72,205 "222";
223 1 1 49,182 "223";
224 0 0 277,293 "224";
225 1 1 138,203 "225";
226 2 0 31,57 "226";
227 2 1 197,234 "227";
228 2 0 57,223 "228";
229 0 0 134,294 "229";
230 0 0 85,198 "230";
231 1 1 137,192 "231";
232 0 0 64,185 "232";
233 0 1 138,296 "233";
234 1 0 254,273 "234";
235 1 0 127,267 "235";
236 1 0 143,205 "236";
237 1 1 168,212 "237";
238 0 1 237,261 "238";
239 2 0 24,208 "239";
240 0 1 86,249 "240";
241 0 1 20,259 "241";
242 1 0 97,223 "242";
243 1 0 131,258 "243";
244 2 0 254,270 "244";
245 1 1 246,297 "245";
246 1 1 69,105 "246";
247 0 0 102,158 "247";
248 2 0 92,282 "248";
249 1 0 195,246 "249";
250 0 1 33,121 "250";
251 2 0 50,120 "251";
252 1 0 137,280 "252";
253 0 0 43,256 "253";
254 2 0 94,114 "254";
255 1 1 90,201 "255";
256 1 0 58,273 "256";
257 2 1 50,189 "257";
258 0 0 95,152 "258";
259 2 0 135,167 "259";
260 0 1 79,291 "260";
261 2 1 16,124 "261";
262 0 1 55,264 "262";
263 2 0 30,170 "263";
264 1 1 107,220 "264";
265 1 1 55,136 "265";
266 2 0 20,136 "266";
267 0 1 112,289 "267";
268 2 1 29,100 "268";
269 0 0 120,297 "269";
270 0 1 87,211 "270";
271 2 0 37,47 "271";
272 2 0 143,235 "272";
273 2 0 76,107 "273";
274 0 1 213,253 "274";
275 0 1 104,231 "275";
276 2 1 222,249 "276";
277 0 0 10,173 "277";
278 2 0 207,224 "278";
279 2 1 110,206 "279";
280 1 1 74,159 "280";
281 1 1 142,225 "281";
282 0 0 121,151 "282";
283 0 0 9,180 "283";
284 2 1 139,178 "284";
285 1 0 122,180 "285";
286 1 1 255,263 "286";
287 0 1 16,149 "287";
288 1 0 149,207 "288";
289 1 1 96,259 "289";
290 0 0 179,239 "290";
291 2 0 40,53 "291";
292 0 1 17,254 "292";
293 0 0 22,155 "293";
294 1 1 71,147 "294";
295 2 1 91,96 "295";
296 0 0 177,215 "296";
297 2 1 50,159 "297";
298 1 0 104,166 "298";
299 1 0 5,218 "299";
