parity 299;
0 2 0 23,85 "0";
1 0 1 148,292 "1";
2 0 1 223,277 "2";
3 1 1 218,280 "3";
4 1 0 7,199 "4";
5 1 1 156,255 "5";
6 1 1 48,274 "6";
7 2 1 103,214 "7";
8 2 1 290,293 "8";
9 0 1 102,112 "9";
10 0 0 135,212 "10";
11 1 1 34,219 "11";
12 1 1 194,268 "12";
13 0 1 181,245 "13";
14 0 0 209,243 "14";
15 0 1 26,272 "15";
16 2 1 142,245 "16";
17 0 0 48,125 "17";
18 2 0 171,182 "18";
19 0 1 93,135 "19";
20 2 1 45,113 "20";
21 2 0 92,120 "21";
22 0 0 175,180 "22";
23 1 0 173,247 "23";
24 2 1 207,243 "24";
25 1 0 55,199 "25";
26 1 1 52,239 "26";
27 2 0 97,219 "27";
28 1 0 82,267 "28";
29 1 0 189,283 "29";
30 2 1 161,191 "30";
31 2 0 253,276 "31";
32 1 1 91,144 "32";
33 0 1 127,170 "33";
34 1 1 140,247 "34";
35 0 0 97,222 "35";
36 2 1 60,275 "36";
37 2 1 214,269 "37";
38 1 0 9,24 "38";
39 0 0 106,140 "39";
40 0 1 159,230 "40";
41 2 1 20,113 "41";
42 2 1 90,229 "42";
43 1 0 162,267 "43";
44 1 0 39,151 "44";
45 2 0 9,135 "45";
46 2 0 89,112 "46";
47 2 0 234,284 "47";
48 0 0 108,160 "48";
49 0 1 26,257 "49";
50 2 1 0,232 "50";
51 1 0 94,177 "51";
52 0 1 187,201 "52";
53 1 0 51,69 "53";
54 0 0 75,283 "54";
55 2 0 107,286 "55";
56 1 0 4,67 "56";
57 1 1 174,287 "57";
58 1 1 122,199 "58";
59 0 1 28,211 "59";
60 2 1 164,195 "60";
61 0 1 165,286 "61";
62 1 1 98,241 "62";
63 2 0 229,248 "63";
64 1 1 121,146 "64";
65 0 1 32,258 "65";
66 0 1 17,157 "66";
67 2 0 165,231 "67";
68 0 0 50,84 "68";
69 1 1 70,295 "69";
70 1 1 55,170 "70";
71 2 1 51,254 "71";
72 2 0 3,270 "72";
73 0 0 231,263 "73";
74 0 0 123,136 "74";
75 1 0 116,210 "75";
76 0 0 281,293 "76";
77 2 0 196,265 "77";
78 0 1 55,204 "78";
79 2 1 99,170 "79";
80 2 1 192,193 "80";
81 0 0 0,121 "81";
82 0 1 44,75 "82";
83 0 1 199,243 "83";
84 0 1 21,74 "84";
85 0 0 33,90 "85";
86 2 1 8,91 "86";
87 1 1 137,236 "87";
88 2 0 39,72 "88";
89 2 1 106,154 "89";
90 2 0 223,243 "90";
91 2 1 80,285 "91";
92 1 0 121,210 "92";
93 1 1 279,299 "93";
94 2 0 126,151 "94";
95 1 1 56,282 "95";
96 0 1 12,127 "96";
97 2 1 148,214 "97";
98 1 1 203,258 "98";
99 0 0 80,194 "99";
100 0 0 120,159 "100";
101 0 0 1,299 "101";
102 0 1 32,207 "102";
103 1 1 132,278 "103";
104 0 1 38,74 "104";
105 0 0 106,207 "105";
106 2 0 256,280 "106";
107 1 0 13,262 "107";
108 2 0 35,184 "108";
109 2 1 89,117 "109";
110 1 0 266,295 "110";
111 2 1 56,264 "111";
112 0 1 134,200 "112";
113 2 0 23,134 "113";
114 0 0 16,252 "114";
115 2 0 9,153 "115";
116 2 1 56,160 "116";
117 0 0 13,29 "117";
118 2 1 167,213 "118";
119 0 1 162,169 "119";
120 1 1 41,185 "120";
121 0 1 53,119 "121";
122 0 1 174,278 "122";
123 0 0 162,200 "123";
124 0 1 190,279 "124";
125 1 1 33,102 "125";
126 1 1 87,194 "126";
127 2 1 264,266 "127";
128 1 0 43,188 "128";
129 1 0 31,112 "129";
130 0 0 147,240 "130";
131 2 0 266,298 "131";
132 0 1 61,208 "132";
133 2 0 167,244 "133";
134 2 0 60,217 "134";
135 0 0 76,284 "135";
136 2 1 22,273 "136";
137 2 1 15,23 "137";
138 0 0 27,260 "138";
139 0 0 58,210 "139";
140 0 0 72,184 "140";
141 1 0 130,252 "141";
142 2 1 20,245 "142";
143 0 0 83,177 "143";
144 0 1 58,63 "144";
145 0 0 118,228 "145";
146 2 0 4,81 "146";
147 0 1 41,80 "147";
148 1 1 114,115 "148";
149 2 1 175,204 "149";
150 2 0 119,127 "150";
151 0 0 92,111 "151";
152 1 0 9,67 "152";
153 1 0 41,62 "153";
154 0 0 53,236 "154";
155 1 1 14,89 "155";
156 2 0 42,239 "156";
157 1 0 96,128 "157";
158 0 1 120,244 "158";
159 1 0 11,140 "159";
160 0 0 267,294 "160";
161 1 0 111,296 "161";
162 0 1 8,219 "162";
163 0 0 49,95 "163";
164 1 0 37,245 "164";
165 0 1 193,265 "165";
166 2 1 37,212 "166";
167 2 0 100,206 "167";
168 2 0 15,204 "168";
169 0 0 38,146 "169";
170 0 1 110,136 "170";
171 1 0 52,114 "171";
172 0 0 8,189 "172";
173 0 1 91,264 "173";
174 2 1 104,253 "174";
175 2 0 38,215 "175";
176 0 1 29,89 "176";
177 0 0 118,204 "177";
178 1 1 68,159 "178";
179 0 0 3,107 "179";
180 1 1 90,298 "180";
181 1 1 25,90 "181";
182 2 1 195,203 "182";
183 1 0 91,161 "183";
184 0 1 119,123 "184";
185 0 1 110,230 "185";
186 2 0 128,217 "186";
187 0 0 5,274 "187";
188 1 1 14,34 "188";
189 0 0 84,156 "189";
190 0 0 170,227 "190";
191 0 1 227,285 "191";
192 2 1 96,204 "192";
193 1 1 62,168 "193";
194 1 0 124,227 "194";
195 0 1 76,134 "195";
196 1 0 8,137 "196";
197 1 0 94,269 "197";
198 1 0 32,121 "198";
199 0 1 37,56 "199";
200 1 0 11,234 "200";
201 0 1 157,181 "201";
202 0 1 90,143 "202";
203 1 0 147,191 "203";
204 0 1 38,169 "204";
205 1 1 3,36 "205";
206 2 0 67,205 "206";
207 0 1 172,267 "207";
208 0 0 249,267 "208";
209 1 0 35,221 "209";
210 2 1 61,174 "210";
211 0 1 168,197 "211";
212 2 0 63,236 "212";
213 2 1 137,212 "213";
214 1 1 123,296 "214";
215 0 0 23,114 "215";
216 1 0 208,292 "216";
217 1 0 119,257 "217";
218 0 0 108,220 "218";
219 0 1 104,142 "219";
220 1 0 67,159 "220";
221 0 0 84,121 "221";
222 0 1 141,161 "222";
223 1 1 20,114 "223";
224 1 1 131,180 "224";
225 0 1 52,138 "225";
226 2 0 147,181 "226";
227 1 0 10,31 "227";
228 0 0 161,262 "228";
229 2 0 77,183 "229";
230 0 0 32,140 "230";
231 0 1 210,258 "231";
232 1 0 87,100 "232";
233 2 1 26,119 "233";
234 1 1 37,96 "234";
235 0 0 15,97 "235";
236 2 0 14,170 "236";
237 2 0 154,294 "237";
238 2 1 261,285 "238";
239 2 0 168,235 "239";
240 1 1 172,299 "240";
241 2 1 234,236 "241";
242 0 0 80,152 "242";
243 0 0 143,242 "243";
244 1 0 148,288 "244";
245 0 1 61,165 "245";
246 0 0 98,169 "246";
247 2 1 260,271 "247";
248 2 0 1,101 "248";
249 1 0 128,173 "249";
250 1 0 53,85 "250";
251 0 0 192,279 "251";
252 0 1 35,53 "252";
253 1 1 205,283 "253";
254 0 1 188,198 "254";
255 1 0 16,84 "255";
256 0 1 72,115 "256";
257 2 0 3,41 "257";
258 2 0 13,46 "258";
259 1 1 108,284 "259";
260 0 1 95,173 "260";
261 2 0 23,61 "261";
262 1 0 120,139 "262";
263 0 0 75,278 "263";
264 2 0 207,251 "264";
265 1 1 7,75 "265";
266 2 0 30,112 "266";
267 0 0 30,258 "267";
268 1 0 162,297 "268";
269 2 1 212,291 "269";
270 1 1 44,48 "270";
271 1 0 84,103 "271";
272 2 1 53,261 "272";
273 2 0 79,196 "273";
274 0 1 93,181 "274";
275 1 1 20,191 "275";
276 2 0 51,266 "276";
277 0 0 51,112 "277";
278 2 1 6,147 "278";
279 0 1 161,193 "279";
280 2 0 156,172 "280";
281 1 1 196,238 "281";
282 1 1 73,224 "282";
283 2 0 141,165 "283";
284 2 0 85,152 "284";
285 0 1 114,255 "285";
286 2 0 176,197 "286";
287 1 1 103,164 "287";
288 0 1 101,125 "288";
289 2 1 78,288 "289";
290 1 0 193,200 "290";
291 1 0 141,289 "291";
292 2 1 142,290 "292";
293 0 0 88,272 "293";
294 2 0 66,122 "294";
295 1 1 19,55 "295";
296 1 0 149,233 "296";
297 0 1 110,167 "297";
298 1 0 133,246 "298";
299 1 1 156,252 "299";
