parity 299;
0 2 0 1,244 "0";
1 2 0 66,112 "1";
2 0 1 78,278 "2";
3 2 1 138,152 "3";
4 0 1 104,281 "4";
5 2 0 65,154 "5";
6 2 1 38,242 "6";
7 1 1 152,289 "7";
8 0 1 86,268 "8";
9 1 0 48,199 "9";
10 1 1 157,240 "10";
11 2 0 97,235 "11";
12 2 0 67,149 "12";
13 0 0 24,68 "13";
14 2 0 119,155 "14";
15 2 0 73,184 "15";
16 2 0 4,125 "16";
17 1 1 14,33 "17";
18 0 0 74,253 "18";
19 0 1 100,264 "19";
20 2 0 207,272 "20";
21 2 1 85,273 "21";
22 2 0 27,77 "22";
23 2 1 11,18 "23";
24 2 1 174,190 "24";
25 1 0 74,116 "25";
26 0 0 12,156 "26";
27 1 0 271,277 "27";
28 1 0 58,230 "28";
29 1 1 85,263 "29";
30 0 0 58,154 "30";
31 0 1 19,23 "31";
32 1 1 11,98 "32";
33 2 1 36,203 "33";
34 0 0 32,247 "34";
35 1 1 137,167 "35";
36 1 0 131,273 "36";
37 0 0 29,125 "37";
38 0 0 75,288 "38";
39 0 1 214,248 "39";
40 0 0 209,272 "40";
41 0 0 145,175 "41";
42 2 1 150,297 "42";
43 2 0 76,191 "43";
44 1 1 276,286 "44";
45 2 0 16,171 "45";
46 2 1 28,202 "46";
47 2 1 77,132 "47";
48 1 1 181,202 "48";
49 2 1 33,65 "49";
50 0 0 28,90 "50";
51 2 0 272,297 "51";
52 0 0 58,199 "52";
53 2 1 225,227 "53";
54 1 0 276,296 "54";
55 0 0 195,221 "55";
56 1 0 44,178 "56";
57 0 0 174,247 "57";
58 0 0 184,212 "58";
59 1 0 107,121 "59";
60 2 0 29,38 "60";
61 2 0 9,162 "61";
62 0 0 73,175 "62";
63 0 1 4,52 "63";
64 1 0 73,293 "64";
65 0 0 220,252 "65";
66 2 1 35,233 "66";
67 0 1 121,206 "67";
68 1 1 33,103 "68";
69 0 0 150,236 "69";
70 2 1 91,180 "70";
71 2 0 105,132 "71";
72 1 1 189,200 "72";
73 1 0 19,151 "73";
74 0 0 161,193 "74";
75 0 0 204,298 "75";
76 2 0 18,43 "76";
77 2 1 14,219 "77";
78 1 1 95,141 "78";
79 0 0 121,222 "79";
80 2 1 97,161 "80";
81 1 1 204,239 "81";
82 2 0 123,209 "82";
83 1 0 173,214 "83";
84 0 0 20,146 "84";
85 2 0 114,279 "85";
86 1 0 158,242 "86";
87 0 1 217,247 "87";
88 0 1 269,282 "88";
89 2 1 66,124 "89";
90 1 0 251,296 "90";
91 0 0 142,231 "91";
92 0 0 22,36 "92";
93 1 1 195,246 "93";
94 0 0 38,120 "94";
95 2 0 172,212 "95";
96 0 0 220,261 "96";
97 0 1 155,160 "97";
98 0 0 124,297 "98";
99 0 1 82,228 "99";
100 1 1 30,242 "100";
101 0 0 23,217 "101";
102 1 1 59,192 "102";
103 2 0 49,255 "103";
104 2 0 29,193 "104";
105 0 0 119,122 "105";
106 0 0 96,221 "106";
107 2 1 85,138 "107";
108 2 1 69,146 "108";
109 2 1 78,181 "109";
110 2 0 36,257 "110";
111 1 1 29,216 "111";
112 0 0 0,244 "112";
113 1 1 178,277 "113";
114 2 1 49,81 "114";
115 2 0 106,228 "115";
116 0 1 12,62 "116";
117 1 0 126,236 "117";
118 1 1 137,228 "118";
119 1 0 126,248 "119";
120 0 0 12,15 "120";
121 2 0 200,219 "121";
122 1 1 206,277 "122";
123 0 1 179,221 "123";
124 0 1 59,72 "124";
125 0 1 30,131 "125";
126 0 0 239,294 "126";
127 0 0 67,162 "127";
128 2 1 32,48 "128";
129 1 1 163,213 "129";
130 1 1 4,175 "130";
131 0 0 24,299 "131";
132 0 0 171,213 "132";
133 2 0 138,185 "133";
134 1 1 74,82 "134";
135 1 0 189,223 "135";
136 0 0 189,194 "136";
137 2 1 50,264 "137";
138 2 1 29,239 "138";
139 0 0 71,146 "139";
140 2 0 142,197 "140";
141 0 0 63,294 "141";
142 0 0 47,284 "142";
143 0 0 136,263 "143";
144 1 1 22,133 "144";
145 2 0 81,283 "145";
146 1 1 273,280 "146";
147 1 1 38,194 "147";
148 0 0 69,103 "148";
149 0 0 75,82 "149";
150 1 0 59,283 "150";
151 0 1 124,271 "151";
152 0 0 198,233 "152";
153 0 0 135,241 "153";
154 1 0 32,64 "154";
155 2 0 96,104 "155";
156 0 1 210,220 "156";
157 0 1 179,245 "157";
158 0 0 35,271 "158";
159 2 1 81,239 "159";
160 0 0 56,294 "160";
161 1 1 11,125 "161";
162 1 1 190,294 "162";
163 2 1 195,233 "163";
164 0 1 130,217 "164";
165 0 1 48,269 "165";
166 1 0 159,194 "166";
167 1 0 44,170 "167";
168 0 0 93,276 "168";
169 1 1 21,257 "169";
170 2 1 10,54 "170";
171 0 1 42,121 "171";
172 0 0 107,205 "172";
173 0 1 59,141 "173";
174 0 0 63,179 "174";
175 2 0 155,243 "175";
176 1 1 22,169 "176";
177 2 0 128,136 "177";
178 1 1 151,277 "178";
179 1 1 89,246 "179";
180 2 0 153,200 "180";
181 0 0 16,22 "181";
182 2 1 96,212 "182";
183 2 1 49,189 "183";
184 0 0 191,216 "184";
185 0 1 36,164 "185";
186 1 0 96,217 "186";
187 2 0 38,94 "187";
188 2 0 161,233 "188";
189 1 0 27,57 "189";
190 0 1 5,188 "190";
191 0 1 228,236 "191";
192 0 0 200,238 "192";
193 2 1 159,189 "193";
194 0 0 205,244 "194";
195 0 0 185,219 "195";
196 0 0 52,102 "196";
197 1 0 179,254 "197";
198 2 0 14,239 "198";
199 2 1 15,122 "199";
200 2 0 0,202 "200";
201 0 0 70,191 "201";
202 2 1 191,228 "202";
203 0 1 46,89 "203";
204 2 0 173,259 "204";
205 2 1 128,221 "205";
206 1 0 197,275 "206";
207 0 0 182,278 "207";
208 2 1 166,263 "208";
209 0 0 4,182 "209";
210 0 0 9,81 "210";
211 0 1 186,284 "211";
212 0 1 89,218 "212";
213 2 1 230,276 "213";
214 2 0 212,285 "214";
215 1 1 33,160 "215";
216 0 1 229,289 "216";
217 2 0 34,162 "217";
218 2 1 194,250 "218";
219 1 0 93,216 "219";
220 1 0 55,167 "220";
221 2 1 92,96 "221";
222 0 1 8,273 "222";
223 2 0 127,279 "223";
224 2 1 179,185 "224";
225 0 1 172,285 "225";
226 0 1 88,95 "226";
227 1 0 144,177 "227";
228 1 1 25,288 "228";
229 0 0 23,289 "229";
230 1 1 126,279 "230";
231 0 1 144,195 "231";
232 2 1 27,190 "232";
233 0 1 117,250 "233";
234 0 1 247,267 "234";
235 0 0 168,283 "235";
236 0 0 111,196 "236";
237 2 1 88,208 "237";
238 2 1 93,204 "238";
239 1 0 101,275 "239";
240 0 1 125,177 "240";
241 1 1 8,117 "241";
242 0 0 91,122 "242";
243 0 1 98,224 "243";
244 1 0 66,92 "244";
245 1 0 144,223 "245";
246 0 1 46,267 "246";
247 1 0 149,275 "247";
248 0 0 170,210 "248";
249 2 1 128,132 "249";
250 1 0 66,123 "250";
251 2 1 34,126 "251";
252 1 1 2,238 "252";
253 2 1 96,140 "253";
254 1 0 74,270 "254";
255 0 0 47,54 "255";
256 0 0 28,201 "256";
257 2 0 5,81 "257";
258 2 1 267,277 "258";
259 0 0 50,229 "259";
260 2 1 58,116 "260";
261 1 1 45,269 "261";
262 2 1 68,154 "262";
263 2 1 98,155 "263";
264 2 0 48,219 "264";
265 1 0 54,293 "265";
266 2 0 2,169 "266";
267 2 1 42,246 "267";
268 2 1 4,85 "268";
269 1 1 94,132 "269";
270 2 0 252,253 "270";
271 1 1 92,206 "271";
272 1 1 3,270 "272";
273 0 0 195,253 "273";
274 2 1 42,183 "274";
275 1 1 62,169 "275";
276 2 0 8,77 "276";
277 1 1 233,261 "277";
278 2 0 4,105 "278";
279 2 0 112,152 "279";
280 0 1 29,273 "280";
281 1 0 25,171 "281";
282 0 1 209,283 "282";
283 1 1 60,251 "283";
284 0 0 168,200 "284";
285 2 1 35,207 "285";
286 0 0 66,143 "286";
287 2 0 33,275 "287";
288 1 0 27,212 "288";
289 2 0 210,229 "289";
290 2 1 217,281 "290";
291 0 0 127,236 "291";
292 0 0 92,162 "292";
293 1 0 21,258 "293";
294 0 0 271,288 "294";
295 0 0 236,284 "295";
296 2 1 189,253 "296";
297 2 1 125,215 "297";
298 2 0 50,282 "298";
299 1 1 195,203 "299";
