parity 299;
0 0 1 28,167 "0";
1 0 1 216,235 "1";
2 0 0 111,271 "2";
3 1 1 121,165 "3";
4 2 1 108,218 "4";
5 0 0 50,212 "5";
6 1 0 134,271 "6";
7 0 1 56,250 "7";
8 2 0 27,138 "8";
9 2 1 210,233 "9";
10 2 1 8,193 "10";
11 0 1 137,216 "11";
12 2 0 205,222 "12";
13 1 0 158,167 "13";
14 1 1 36,148 "14";
15 2 0 128,169 "15";
16 2 0 46,105 "16";
17 1 0 157,263 "17";
18 1 1 27,66 "18";
19 2 1 267,295 "19";
20 1 1 123,271 "20";
21 0 0 32,130 "21";
22 2 0 116,168 "22";
23 2 1 63,215 "23";
24 2 0 99,231 "24";
25 1 0 115,281 "25";
26 2 0 79,100 "26";
27 2 1 88,244 "27";
28 2 1 130,259 "28";
29 1 1 61,241 "29";
30 1 0 8,95 "30";
31 1 1 65,259 "31";
32 0 0 110,267 "32";
33 1 1 129,215 "33";
34 0 0 4,22 "34";
35 1 1 111,147 "35";
36 2 1 86,278 "36";
37 2 1 18,163 "37";
38 0 0 209,239 "38";
39 0 0 94,259 "39";
40 1 0 100,265 "40";
41 1 1 204,228 "41";
42 2 1 45,293 "42";
43 0 0 235,272 "43";
44 0 1 153,194 "44";
45 1 1 269,279 "45";
46 2 0 89,112 "46";
47 2 0 95,206 "47";
48 2 1 11,205 "48";
49 0 0 0,11 "49";
50 2 0 7,32 "50";
51 2 0 108,234 "51";
52 2 1 148,195 "52";
53 2 1 293,298 "53";
54 0 1 31,226 "54";
55 2 1 18,36 "55";
56 0 0 1,22 "56";
57 0 0 74,202 "57";
58 0 1 254,278 "58";
59 1 1 164,178 "59";
60 1 1 225,284 "60";
61 1 0 42,264 "61";
62 0 1 83,255 "62";
63 0 0 49,142 "63";
64 0 0 269,272 "64";
65 0 0 206,209 "65";
66 1 1 2,269 "66";
67 2 0 212,265 "67";
68 1 1 11,126 "68";
69 2 0 96,149 "69";
70 2 1 2,135 "70";
71 2 0 132,252 "71";
72 0 0 11,299 "72";
73 0 0 104,168 "73";
74 1 1 0,30 "74";
75 0 1 270,275 "75";
76 0 1 65,257 "76";
77 2 0 21,110 "77";
78 2 1 38,120 "78";
79 0 1 41,116 "79";
80 2 1 146,251 "80";
81 0 0 66,260 "81";
82 2 1 89,244 "82";
83 1 0 54,188 "83";
84 2 0 60,240 "84";
85 0 1 225,230 "85";
86 0 0 121,251 "86";
87 2 1 90,133 "87";
88 1 0 197,279 "88";
89 1 1 1,29 "89";
90 1 1 186,210 "90";
91 2 1 35,270 "91";
92 0 0 210,278 "92";
93 0 0 33,271 "93";
94 0 0 21,134 "94";
95 2 0 61,258 "95";
96 2 1 74,113 "96";
97 2 1 180,246 "97";
98 2 0 60,111 "98";
99 1 1 23,93 "99";
100 2 0 143,162 "100";
101 0 0 22,251 "101";
102 2 0 16,111 "102";
103 1 0 90,208 "103";
104 0 1 54,249 "104";
105 0 1 53,115 "105";
106 2 0 40,60 "106";
107 1 1 62,79 "107";
108 2 0 217,262 "108";
109 2 0 17,121 "109";
110 1 0 232,259 "110";
111 1 1 17,70 "111";
112 2 1 62,223 "112";
113 2 0 43,299 "113";
114 0 0 163,210 "114";
115 0 0 223,260 "115";
116 1 0 227,270 "116";
117 0 1 231,270 "117";
118 0 1 140,219 "118";
119 1 1 96,116 "119";
120 0 0 81,290 "120";
121 2 0 20,193 "121";
122 2 1 187,195 "122";
123 2 1 32,55 "123";
124 0 1 245,262 "124";
125 2 1 199,260 "125";
126 2 1 68,210 "126";
127 0 1 247,291 "127";
128 1 0 118,230 "128";
129 2 1 49,265 "129";
130 1 1 61,121 "130";
131 1 0 207,281 "131";
132 2 0 57,257 "132";
133 1 1 113,186 "133";
134 0 1 16,117 "134";
135 2 0 81,271 "135";
136 2 0 172,236 "136";
137 1 0 73,276 "137";
138 0 0 133,161 "138";
139 1 0 232,276 "139";
140 2 1 220,232 "140";
141 0 0 187,211 "141";
142 2 0 153,186 "142";
143 0 0 30,126 "143";
144 1 0 19,149 "144";
145 1 0 159,248 "145";
146 0 1 13,92 "146";
147 0 0 7,146 "147";
148 2 0 24,162 "148";
149 0 0 67,286 "149";
150 2 1 235,260 "150";
151 2 1 36,235 "151";
152 2 1 98,134 "152";
153 2 1 160,201 "153";
154 0 0 40,210 "154";
155 0 0 92,242 "155";
156 1 0 62,216 "156";
157 1 0 49,127 "157";
158 2 1 99,224 "158";
159 1 1 216,236 "159";
160 0 0 26,163 "160";
161 1 1 183,288 "161";
162 0 1 27,150 "162";
163 1 0 260,279 "163";
164 0 0 37,239 "164";
165 1 1 144,291 "165";
166 2 0 92,259 "166";
167 0 0 80,206 "167";
168 1 1 80,232 "168";
169 0 0 78,181 "169";
170 1 0 54,109 "170";
171 2 0 36,173 "171";
172 0 0 157,276 "172";
173 2 1 85,124 "173";
174 0 0 175,197 "174";
175 2 0 118,296 "175";
176 1 1 54,103 "176";
177 1 1 271,295 "177";
178 0 0 63,255 "178";
179 0 0 21,211 "179";
180 1 1 57,254 "180";
181 1 0 104,110 "181";
182 1 0 122,275 "182";
183 2 1 102,213 "183";
184 2 0 40,172 "184";
185 1 1 72,293 "185";
186 2 0 175,270 "186";
187 0 1 50,164 "187";
188 1 0 117,280 "188";
189 1 0 275,287 "189";
190 2 0 17,83 "190";
191 2 1 101,159 "191";
192 2 1 74,171 "192";
193 1 1 31,180 "193";
194 0 0 82,282 "194";
195 2 0 27,107 "195";
196 0 1 89,265 "196";
197 1 1 137,190 "197";
198 2 1 189,194 "198";
199 0 1 4,253 "199";
200 1 0 112,290 "200";
201 0 1 180,189 "201";
202 0 0 39,67 "202";
203 0 0 91,213 "203";
204 1 0 74,191 "204";
205 2 0 160,190 "205";
206 0 0 131,172 "206";
207 1 1 125,298 "207";
208 0 1 17,85 "208";
209 1 0 136,190 "209";
210 1 1 194,264 "210";
211 0 1 128,273 "211";
212 0 0 175,210 "212";
213 1 1 64,270 "213";
214 2 0 84,135 "214";
215 2 0 60,120 "215";
216 0 0 9,191 "216";
217 1 0 0,82 "217";
218 1 0 35,37 "218";
219 0 1 54,282 "219";
220 1 0 175,272 "220";
221 1 0 11,256 "221";
222 0 0 20,270 "222";
223 2 0 257,282 "223";
224 2 1 71,255 "224";
225 1 0 66,233 "225";
226 0 0 184,296 "226";
227 0 0 25,175 "227";
228 0 0 146,270 "228";
229 2 0 93,173 "229";
230 1 0 131,281 "230";
231 2 0 151,204 "231";
232 0 0 140,239 "232";
233 0 0 199,265 "233";
234 1 0 104,275 "234";
235 1 1 202,215 "235";
236 0 1 53,155 "236";
237 1 1 98,148 "237";
238 2 0 113,145 "238";
239 1 1 4,90 "239";
240 1 0 10,148 "240";
241 1 0 195,286 "241";
242 2 1 127,214 "242";
243 1 1 61,95 "243";
244 2 1 140,200 "244";
245 0 1 20,109 "245";
246 1 0 93,213 "246";
247 2 0 39,138 "247";
248 1 0 36,276 "248";
249 0 0 30,232 "249";
250 1 0 149,230 "250";
251 2 0 167,217 "251";
252 2 0 137,290 "252";
253 1 0 52,238 "253";
254 1 1 130,278 "254";
255 1 1 132,217 "255";
256 0 0 28,114 "256";
257 2 1 130,274 "257";
258 2 0 17,33 "258";
259 1 0 48,70 "259";
260 2 0 8,173 "260";
261 0 0 147,245 "261";
262 1 1 51,241 "262";
263 0 0 118,250 "263";
264 2 0 223,253 "264";
265 2 0 178,179 "265";
266 2 1 160,264 "266";
267 0 1 59,258 "267";
268 2 0 226,238 "268";
269 1 0 137,139 "269";
270 2 1 23,294 "270";
271 2 0 42,220 "271";
272 2 0 135,267 "272";
273 0 0 164,204 "273";
274 2 0 17,58 "274";
275 1 1 28,64 "275";
276 0 1 172,290 "276";
277 2 1 53,82 "277";
278 0 1 194,289 "278";
279 1 0 180,287 "279";
280 0 1 10,73 "280";
281 0 0 1,206 "281";
282 1 0 24,33 "282";
283 2 1 175,298 "283";
284 1 0 153,287 "284";
285 2 1 93,193 "285";
286 2 1 20,136 "286";
287 1 0 29,275 "287";
288 1 1 105,207 "288";
289 2 0 48,56 "289";
290 2 1 49,273 "290";
291 1 0 157,203 "291";
292 0 1 81,266 "292";
293 0 1 162,196 "293";
294 0 0 12,84 "294";
295 0 0 64,94 "295";
296 1 1 77,143 "296";
297 0 1 55,149 "297";
298 2 1 276,295 "298";
299 2 1 83,157 "299";
