parity 299;
0 0 1 116,204 "0";
1 1 0 241,246 "1";
2 1 0 110,153 "2";
3 2 1 64,227 "3";
4 2 1 221,273 "4";
5 1 0 55,251 "5";
6 2 0 23,149 "6";
7 0 0 65,117 "7";
8 2 0 18,174 "8";
9 1 0 223,263 "9";
10 0 0 38,271 "10";
11 1 1 9,31 "11";
12 1 0 23,249 "12";
13 0 0 151,226 "13";
14 1 1 243,293 "14";
15 1 0 0,152 "15";
16 1 1 180,279 "16";
17 0 1 38,207 "17";
18 1 1 198,242 "18";
19 1 0 179,284 "19";
20 1 0 110,112 "20";
21 2 0 100,189 "21";
22 2 0 143,216 "22";
23 0 1 110,286 "23";
24 0 0 124,287 "24";
25 0 1 83,140 "25";
26 0 0 110,212 "26";
27 2 0 251,280 "27";
28 0 1 17,123 "28";
29 1 1 52,222 "29";
30 1 1 166,279 "30";
31 1 0 51,106 "31";
32 1 1 100,135 "32";
33 0 0 95,257 "33";
34 2 0 158,217 "34";
35 0 1 158,201 "35";
36 1 0 62,243 "36";
37 2 0 15,288 "37";
38 1 1 268,298 "38";
39 0 1 33,80 "39";
40 1 0 75,268 "40";
41 2 0 179,226 "41";
42 0 1 48,72 "42";
43 1 0 242,291 "43";
44 2 1 70,248 "44";
45 1 0 10,48 "45";
46 2 1 151,275 "46";
47 1 0 142,169 "47";
48 1 1 45,87 "48";
49 1 0 245,260 "49";
50 2 1 104,149 "50";
51 0 0 181,278 "51";
52 1 1 27,31 "52";
53 2 0 71,183 "53";
54 0 1 239,288 "54";
55 1 1 191,194 "55";
56 0 1 18,151 "56";
57 0 1 11,153 "57";
58 1 0 169,205 "58";
59 1 1 123,217 "59";
60 1 0 54,104 "60";
61 1 1 18,195 "61";
62 2 1 151,256 "62";
63 1 0 146,183 "63";
64 2 0 166,275 "64";
65 1 1 59,83 "65";
66 2 1 139,152 "66";
67 0 0 23,72 "67";
68 0 1 145,267 "68";
69 2 1 113,171 "69";
70 0 0 235,289 "70";
71 1 1 172,291 "71";
72 1 1 33,164 "72";
73 1 0 98,222 "73";
74 0 1 124,183 "74";
75 2 1 242,261 "75";
76 1 0 41,295 "76";
77 0 0 23,70 "77";
78 1 1 41,58 "78";
79 1 1 112,220 "79";
80 0 0 149,169 "80";
81 1 1 105,277 "81";
82 0 0 13,33 "82";
83 0 0 49,258 "83";
84 2 1 219,279 "84";
85 2 1 147,294 "85";
86 2 1 154,266 "86";
87 2 0 49,272 "87";
88 2 0 157,192 "88";
89 2 1 154,246 "89";
90 1 0 228,294 "90";
91 2 0 31,296 "91";
92 1 1 103,259 "92";
93 1 0 196,237 "93";
94 2 0 115,248 "94";
95 2 1 87,288 "95";
96 1 1 77,93 "96";
97 2 1 167,297 "97";
98 0 1 229,258 "98";
99 0 1 23,88 "99";
100 2 1 48,179 "100";
101 0 0 86,237 "101";
102 0 1 6,89 "102";
103 0 0 127,281 "103";
104 1 0 49,178 "104";
105 2 1 138,154 "105";
106 2 1 18,167 "106";
107 0 0 19,181 "107";
108 1 1 124,159 "108";
109 1 0 56,208 "109";
110 0 0 28,265 "110";
111 0 0 201,214 "111";
112 0 1 254,294 "112";
113 2 0 123,125 "113";
114 2 1 88,105 "114";
115 1 0 5,112 "115";
116 1 0 166,182 "116";
117 0 1 79,142 "117";
118 0 1 13,276 "118";
119 2 0 272,281 "119";
120 1 0 0,183 "120";
121 1 1 125,166 "121";
122 0 1 82,196 "122";
123 0 0 33,96 "123";
124 2 1 64,100 "124";
125 2 0 232,251 "125";
126 0 0 110,294 "126";
127 0 0 186,247 "127";
128 0 1 266,275 "128";
129 2 0 46,131 "129";
130 0 1 200,256 "130";
131 1 1 105,168 "131";
132 2 1 156,236 "132";
133 2 0 184,218 "133";
134 1 1 198,218 "134";
135 2 1 223,230 "135";
136 1 1 12,189 "136";
137 2 1 134,162 "137";
138 1 0 197,253 "138";
139 0 0 47,177 "139";
140 1 0 59,100 "140";
141 1 1 15,124 "141";
142 1 0 91,118 "142";
143 0 1 70,172 "143";
144 1 0 64,137 "144";
145 2 0 193,249 "145";
146 0 0 143,228 "146";
147 1 0 54,59 "147";
148 2 0 252,269 "148";
149 0 0 37,69 "149";
150 2 0 17,112 "150";
151 1 1 85,293 "151";
152 1 0 51,166 "152";
153 1 0 15,28 "153";
154 1 0 39,147 "154";
155 1 0 1,30 "155";
156 2 1 117,266 "156";
157 1 1 74,85 "157";
158 0 1 208,224 "158";
159 1 1 122,177 "159";
160 0 1 215,278 "160";
161 1 1 267,291 "161";
162 1 1 110,236 "162";
163 1 0 131,281 "163";
164 1 0 189,236 "164";
165 1 0 70,110 "165";
166 2 0 7,146 "166";
167 1 1 111,190 "167";
168 0 1 20,153 "168";
169 1 0 210,277 "169";
170 0 1 166,225 "170";
171 2 1 25,296 "171";
172 0 0 212,269 "172";
173 1 0 154,200 "173";
174 0 0 195,289 "174";
175 2 1 67,243 "175";
176 2 0 88,295 "176";
177 1 1 3,60 "177";
178 2 0 24,63 "178";
179 0 1 74,281 "179";
180 2 1 111,261 "180";
181 1 0 109,137 "181";
182 1 0 252,269 "182";
183 0 1 28,120 "183";
184 0 0 79,218 "184";
185 0 0 85,270 "185";
186 2 0 34,217 "186";
187 1 1 78,132 "187";
188 0 0 27,256 "188";
189 0 0 82,299 "189";
190 2 1 46,154 "190";
191 0 1 161,202 "191";
192 2 0 180,214 "192";
193 2 1 29,48 "193";
194 2 1 210,262 "194";
195 0 1 11,155 "195";
196 1 1 16,24 "196";
197 1 0 195,276 "197";
198 0 1 45,230 "198";
199 2 1 139,200 "199";
200 1 1 62,261 "200";
201 1 1 20,243 "201";
202 0 1 134,225 "202";
203 1 1 156,168 "203";
204 2 0 180,277 "204";
205 1 0 102,110 "205";
206 2 0 72,84 "206";
207 2 1 113,187 "207";
208 0 1 14,186 "208";
209 0 1 153,214 "209";
210 0 0 175,221 "210";
211 0 0 148,219 "211";
212 2 1 103,285 "212";
213 2 0 3,112 "213";
214 2 0 24,171 "214";
215 2 0 83,286 "215";
216 1 1 63,185 "216";
217 1 1 221,268 "217";
218 0 0 69,99 "218";
219 0 0 134,189 "219";
220 2 1 92,240 "220";
221 0 0 226,260 "221";
222 2 0 95,282 "222";
223 2 1 71,254 "223";
224 0 0 168,181 "224";
225 1 0 65,161 "225";
226 2 0 165,225 "226";
227 1 1 34,112 "227";
228 2 1 17,247 "228";
229 2 1 38,207 "229";
230 1 0 58,272 "230";
231 1 1 13,27 "231";
232 0 0 2,126 "232";
233 2 1 170,287 "233";
234 1 0 132,173 "234";
235 1 0 22,219 "235";
236 0 0 49,133 "236";
237 2 1 72,252 "237";
238 0 0 113,172 "238";
239 1 1 158,174 "239";
240 2 1 147,195 "240";
241 1 0 212,235 "241";
242 2 1 40,217 "242";
243 2 0 53,195 "243";
244 2 0 197,252 "244";
245 2 0 9,48 "245";
246 2 0 110,222 "246";
247 2 0 15,47 "247";
248 0 1 146,283 "248";
249 0 1 163,225 "249";
250 1 0 65,111 "250";
251 1 0 203,243 "251";
252 2 1 189,201 "252";
253 0 1 231,235 "253";
254 2 0 17,37 "254";
255 2 1 186,279 "255";
256 0 0 112,282 "256";
257 1 1 64,166 "257";
258 1 0 18,92 "258";
259 0 0 82,230 "259";
260 2 1 161,181 "260";
261 2 1 68,298 "261";
262 0 0 41,256 "262";
263 0 0 81,266 "263";
264 0 0 105,115 "264";
265 2 0 63,267 "265";
266 0 1 71,141 "266";
267 0 0 36,223 "267";
268 2 0 155,278 "268";
269 1 0 28,177 "269";
270 2 1 52,161 "270";
271 1 0 99,172 "271";
272 2 1 87,224 "272";
273 1 0 263,286 "273";
274 2 0 239,277 "274";
275 1 0 190,283 "275";
276 2 0 127,244 "276";
277 0 0 167,248 "277";
278 0 1 237,279 "278";
279 2 1 118,269 "279";
280 1 1 123,135 "280";
281 0 0 132,243 "281";
282 2 1 22,199 "282";
283 0 0 28,119 "283";
284 1 1 57,203 "284";
285 2 0 2,246 "285";
286 1 1 96,272 "286";
287 0 0 57,116 "287";
288 0 0 108,190 "288";
289 0 1 82,98 "289";
290 0 1 31,236 "290";
291 2 0 273,280 "291";
292 1 1 194,250 "292";
293 0 0 200,256 "293";
294 2 1 31,137 "294";
295 2 0 104,141 "295";
296 0 1 10,183 "296";
297 0 0 246,276 "297";
298 2 0 28,67 "298";
299 1 1 93,246 "299";
