parity 299;
0 1 1 222,286 "0";
1 1 0 97,260 "1";
2 2 1 12,103 "2";
3 0 1 11,53 "3";
4 0 1 63,120 "4";
5 0 0 104,143 "5";
6 2 0 9,90 "6";
7 2 0 8,91 "7";
8 1 1 57,293 "8";
9 1 0 86,154 "9";
10 1 0 99,296 "10";
11 0 0 212,220 "11";
12 0 0 41,257 "12";
13 2 0 246,256 "13";
14 0 0 58,222 "14";
15 1 1 3,158 "15";
16 1 0 85,101 "16";
17 2 0 220,252 "17";
18 1 0 119,284 "18";
19 1 1 95,234 "19";
20 2 0 66,129 "20";
21 1 1 111,162 "21";
22 1 1 107,160 "22";
23 2 1 16,148 "23";
24 1 0 95,175 "24";
25 2 0 155,266 "25";
26 0 0 100,286 "26";
27 2 0 10,261 "27";
28 0 0 182,299 "28";
29 0 0 135,181 "29";
30 0 1 131,269 "30";
31 0 0 32,168 "31";
32 0 1 167,211 "32";
33 1 0 24,189 "33";
34 1 0 146,252 "34";
35 1 0 94,275 "35";
36 1 1 145,286 "36";
37 0 1 150,154 "37";
38 0 1 127,129 "38";
39 1 0 17,226 "39";
40 0 1 87,249 "40";
41 0 0 180,218 "41";
42 1 0 31,213 "42";
43 2 1 125,216 "43";
44 0 1 151,172 "44";
45 1 0 18,99 "45";
46 1 0 35,80 "46";
47 0 1 21,89 "47";
48 0 0 213,221 "48";
49 1 1 108,149 "49";
50 2 0 97,124 "50";
51 2 1 184,211 "51";
52 1 0 184,253 "52";
53 2 1 175,274 "53";
54 2 0 125,284 "54";
55 2 0 203,299 "55";
56 2 0 75,142 "56";
57 1 1 85,289 "57";
58 1 0 55,206 "58";
59 2 0 31,97 "59";
60 2 1 62,233 "60";
61 2 1 155,264 "61";
62 1 1 114,230 "62";
63 2 1 74,193 "63";
64 2 1 29,173 "64";
65 0 1 15,210 "65";
66 2 1 40,61 "66";
67 2 0 105,135 "67";
68 0 0 74,109 "68";
69 2 1 6,135 "69";
70 2 1 123,273 "70";
71 2 0 243,297 "71";
72 0 1 99,196 "72";
73 0 1 101,248 "73";
74 1 0 0,187 "74";
75 1 0 147,191 "75";
76 1 1 140,144 "76";
77 2 0 0,5 "77";
78 1 0 46,59 "78";
79 2 0 90,175 "79";
80 1 1 61,176 "80";
81 2 0 104,270 "81";
82 0 0 5,292 "82";
83 0 1 50,257 "83";
84 1 1 14,294 "84";
85 1 1 203,245 "85";
86 2 0 23,252 "86";
87 2 1 112,247 "87";
88 2 0 9,293 "88";
89 2 0 15,222 "89";
90 2 0 43,51 "90";
91 1 0 78,239 "91";
92 1 0 139,149 "92";
93 2 1 84,259 "93";
94 2 0 43,157 "94";
95 0 0 70,139 "95";
96 1 0 150,238 "96";
97 2 0 94,191 "97";
98 0 0 113,241 "98";
99 2 1 239,249 "99";
100 2 1 26,60 "100";
101 2 0 36,298 "101";
102 2 1 124,172 "102";
103 2 1 17,98 "103";
104 1 0 60,72 "104";
105 0 1 138,146 "105";
106 2 0 10,131 "106";
107 1 0 114,149 "107";
108 2 0 95,170 "108";
109 2 1 257,270 "109";
110 1 0 150,165 "110";
111 0 0 171,257 "111";
112 1 1 32,47 "112";
113 1 0 67,141 "113";
114 2 1 48,282 "114";
115 1 0 41,299 "115";
116 0 0 185,288 "116";
117 2 0 216,242 "117";
118 2 0 35,61 "118";
119 1 1 91,104 "119";
120 0 1 45,240 "120";
121 0 1 163,195 "121";
122 1 0 55,212 "122";
123 0 1 117,214 "123";
124 0 1 58,201 "124";
125 1 0 13,153 "125";
126 2 0 86,149 "126";
127 0 0 37,141 "127";
128 0 0 105,297 "128";
129 1 1 222,249 "129";
130 0 0 44,151 "130";
131 1 0 231,253 "131";
132 0 1 11,246 "132";
133 0 1 76,207 "133";
134 2 0 94,224 "134";
135 0 0 269,278 "135";
136 2 1 51,262 "136";
137 1 1 66,174 "137";
138 2 1 137,292 "138";
139 1 1 228,265 "139";
140 2 1 41,199 "140";
141 2 0 130,275 "141";
142 0 1 69,218 "142";
143 2 1 57,233 "143";
144 2 0 198,278 "144";
145 0 1 43,234 "145";
146 1 1 19,128 "146";
147 2 0 45,183 "147";
148 2 0 31,246 "148";
149 0 0 79,196 "149";
150 2 0 61,243 "150";
151 0 0 244,287 "151";
152 0 1 14,103 "152";
153 2 0 133,270 "153";
154 2 1 241,264 "154";
155 2 0 22,133 "155";
156 0 0 95,141 "156";
157 2 0 263,280 "157";
158 0 0 51,243 "158";
159 0 0 79,243 "159";
160 2 0 283,292 "160";
161 1 0 238,240 "161";
162 2 0 82,99 "162";
163 2 1 82,238 "163";
164 2 1 50,213 "164";
165 1 0 108,207 "165";
166 1 0 2,117 "166";
167 2 1 80,251 "167";
168 0 0 217,251 "168";
169 1 0 265,289 "169";
170 0 1 129,200 "170";
171 1 1 40,256 "171";
172 0 0 48,241 "172";
173 0 0 149,189 "173";
174 1 1 40,189 "174";
175 2 0 33,253 "175";
176 2 1 155,261 "176";
177 2 0 12,258 "177";
178 1 0 128,214 "178";
179 0 1 148,223 "179";
180 2 1 29,280 "180";
181 0 0 140,238 "181";
182 1 0 112,267 "182";
183 0 0 53,248 "183";
184 0 0 256,290 "184";
185 1 0 8,193 "185";
186 1 1 13,76 "186";
187 0 1 63,102 "187";
188 2 1 32,125 "188";
189 2 1 1,232 "189";
190 1 0 67,270 "190";
191 0 0 192,257 "191";
192 0 1 13,88 "192";
193 2 1 30,283 "193";
194 1 0 70,86 "194";
195 2 0 84,258 "195";
196 0 1 17,248 "196";
197 1 0 124,129 "197";
198 2 0 44,154 "198";
199 0 1 246,263 "199";
200 2 0 2,264 "200";
201 2 0 7,144 "201";
202 2 1 139,190 "202";
203 0 1 53,142 "203";
204 1 1 39,100 "204";
205 2 1 32,279 "205";
206 1 0 92,222 "206";
207 2 0 160,213 "207";
208 1 1 15,42 "208";
209 2 1 107,253 "209";
210 2 0 79,218 "210";
211 2 0 174,281 "211";
212 2 0 99,139 "212";
213 2 1 52,189 "213";
214 2 0 38,129 "214";
215 0 0 146,245 "215";
216 2 1 27,267 "216";
217 2 1 140,252 "217";
218 0 1 0,7 "218";
219 2 1 59,127 "219";
220 1 1 81,162 "220";
221 0 0 71,162 "221";
222 1 1 162,244 "222";
223 1 0 86,96 "223";
224 2 1 58,200 "224";
225 2 1 164,252 "225";
226 0 1 163,186 "226";
227 2 0 192,265 "227";
228 1 1 43,195 "228";
229 0 0 86,216 "229";
230 0 1 114,277 "230";
231 0 1 33,42 "231";
232 1 1 168,203 "232";
233 1 1 127,227 "233";
234 2 0 61,294 "234";
235 1 1 67,130 "235";
236 2 1 50,297 "236";
237 1 0 204,268 "237";
238 0 0 38,63 "238";
239 0 0 116,278 "239";
240 2 0 3,233 "240";
241 1 0 69,182 "241";
242 1 0 155,238 "242";
243 2 1 170,184 "243";
244 1 1 165,275 "244";
245 1 0 110,239 "245";
246 2 0 63,107 "246";
247 1 0 66,72 "247";
248 1 1 162,216 "248";
249 1 0 117,246 "249";
250 1 1 78,253 "250";
251 0 0 210,242 "251";
252 1 1 11,289 "252";
253 1 0 164,222 "253";
254 1 0 159,189 "254";
255 1 0 172,284 "255";
256 1 1 44,220 "256";
257 2 1 92,275 "257";
258 1 1 77,90 "258";
259 1 1 5,139 "259";
260 0 0 192,262 "260";
261 2 1 107,281 "261";
262 0 0 18,55 "262";
263 1 0 70,82 "263";
264 1 1 243,254 "264";
265 1 0 8,50 "265";
266 0 0 32,212 "266";
267 2 0 7,152 "267";
268 0 1 183,271 "268";
269 0 0 3,190 "269";
270 1 0 37,238 "270";
271 2 1 28,125 "271";
272 1 1 5,193 "272";
273 2 1 25,203 "273";
274 2 1 182,207 "274";
275 0 0 144,179 "275";
276 2 1 27,241 "276";
277 2 0 60,62 "277";
278 0 0 12,58 "278";
279 0 0 185,242 "279";
280 0 0 8,42 "280";
281 2 0 92,118 "281";
282 0 1 115,152 "282";
283 0 1 93,110 "283";
284 1 1 28,83 "284";
285 1 0 81,248 "285";
286 1 1 8,253 "286";
287 0 0 188,234 "287";
288 2 1 31,91 "288";
289 1 1 193,260 "289";
290 1 0 23,270 "290";
291 2 1 109,123 "291";
292 1 0 21,226 "292";
293 2 1 88,241 "293";
294 2 0 199,264 "294";
295 2 0 131,192 "295";
296 2 1 221,271 "296";
297 2 1 153,272 "297";
298 0 1 72,210 "298";
299 1 1 112,120 "299";
