parity 299;
0 1 0 106,277 "0";
1 1 0 130,287 "1";
2 2 1 172,220 "2";
3 2 0 2,153 "3";
4 1 1 35,218 "4";
5 0 0 196,234 "5";
6 1 1 236,284 "6";
7 0 0 125,156 "7";
8 1 0 68,72 "8";
9 2 0 60,78 "9";
10 2 1 86,196 "10";
11 1 0 2,171 "11";
12 2 0 67,254 "12";
13 1 1 229,287 "13";
14 2 1 146,223 "14";
15 1 0 111,269 "15";
16 0 1 248,284 "16";
17 2 1 63,155 "17";
18 2 0 197,234 "18";
19 0 0 55,83 "19";
20 0 1 61,216 "20";
21 1 1 89,210 "21";
22 0 0 106,229 "22";
23 0 1 44,284 "23";
24 0 1 281,291 "24";
25 2 1 33,160 "25";
26 2 0 27,37 "26";
27 0 1 131,228 "27";
28 0 0 187,238 "28";
29 0 0 172,277 "29";
30 0 0 200,289 "30";
31 2 1 0,94 "31";
32 2 1 244,288 "32";
33 2 0 89,93 "33";
34 2 1 167,172 "34";
35 0 0 9,254 "35";
36 0 0 53,149 "36";
37 2 0 181,264 "37";
38 1 0 47,216 "38";
39 1 1 20,27 "39";
40 1 0 6,145 "40";
41 1 1 139,155 "41";
42 2 0 0,61 "42";
43 0 1 64,267 "43";
44 0 0 138,197 "44";
45 2 1 142,192 "45";
46 0 1 15,155 "46";
47 1 1 114,143 "47";
48 0 0 205,241 "48";
49 1 1 15,38 "49";
50 2 0 29,223 "50";
51 1 0 107,286 "51";
52 2 0 8,72 "52";
53 2 1 61,115 "53";
54 1 0 76,269 "54";
55 0 1 143,154 "55";
56 1 0 32,77 "56";
57 1 1 122,216 "57";
58 2 1 71,213 "58";
59 1 1 1,18 "59";
60 0 0 113,232 "60";
61 2 0 66,241 "61";
62 0 1 18,174 "62";
63 0 1 223,283 "63";
64 1 0 6,40 "64";
65 2 1 74,286 "65";
66 2 1 129,240 "66";
67 2 1 171,203 "67";
68 1 1 135,295 "68";
69 2 1 50,205 "69";
70 1 0 162,213 "70";
71 2 0 150,187 "71";
72 1 0 49,223 "72";
73 0 1 76,280 "73";
74 1 0 58,268 "74";
75 1 0 122,244 "75";
76 2 0 198,286 "76";
77 1 0 72,91 "77";
78 1 0 94,231 "78";
79 1 0 13,131 "79";
80 2 1 60,174 "80";
81 2 0 180,284 "81";
82 0 1 27,103 "82";
83 0 1 45,277 "83";
84 0 0 161,233 "84";
85 2 1 226,230 "85";
86 2 0 4,254 "86";
87 2 0 41,79 "87";
88 1 1 46,107 "88";
89 1 1 139,190 "89";
90 1 0 62,113 "90";
91 2 0 103,169 "91";
92 0 0 80,94 "92";
93 2 1 223,268 "93";
94 2 1 237,295 "94";
95 1 0 50,125 "95";
96 1 1 193,269 "96";
97 1 0 7,28 "97";
98 0 0 14,79 "98";
99 0 1 169,284 "99";
100 1 1 94,289 "100";
101 0 0 41,127 "101";
102 0 0 71,267 "102";
103 2 1 22,100 "103";
104 0 1 2,205 "104";
105 0 1 221,231 "105";
106 0 1 145,206 "106";
107 0 0 58,175 "107";
108 0 1 293,299 "108";
109 2 1 36,253 "109";
110 1 1 134,229 "110";
111 0 1 219,267 "111";
112 2 0 246,294 "112";
113 1 1 130,267 "113";
114 0 1 252,254 "114";
115 0 1 109,141 "115";
116 0 0 210,259 "116";
117 0 1 211,267 "117";
118 2 1 23,250 "118";
119 2 0 115,205 "119";
120 0 1 179,289 "120";
121 1 0 68,142 "121";
122 0 0 33,164 "122";
123 1 1 113,159 "123";
124 0 0 234,278 "124";
125 2 0 158,264 "125";
126 0 0 144,190 "126";
127 0 0 122,207 "127";
128 0 0 130,286 "128";
129 1 0 6,138 "129";
130 2 1 93,210 "130";
131 2 0 107,209 "131";
132 2 1 54,258 "132";
133 0 1 11,125 "133";
134 2 0 174,299 "134";
135 2 0 18,241 "135";
136 2 1 76,223 "136";
137 2 1 52,269 "137";
138 2 0 115,142 "138";
139 0 1 81,255 "139";
140 0 1 90,167 "140";
141 1 0 111,121 "141";
142 2 1 67,185 "142";
143 1 1 81,257 "143";
144 2 0 19,153 "144";
145 1 1 153,236 "145";
146 0 1 184,187 "146";
147 1 0 43,181 "147";
148 1 0 8,120 "148";
149 0 1 72,111 "149";
150 2 0 9,274 "150";
151 1 1 19,76 "151";
152 0 1 96,296 "152";
153 0 0 58,65 "153";
154 2 0 57,90 "154";
155 1 0 106,263 "155";
156 1 1 99,146 "156";
157 2 0 230,262 "157";
158 0 0 195,295 "158";
159 1 0 33,81 "159";
160 2 0 235,285 "160";
161 2 1 101,236 "161";
162 0 0 20,166 "162";
163 2 1 81,266 "163";
164 1 1 114,148 "164";
165 2 1 151,171 "165";
166 0 1 53,171 "166";
167 2 1 201,268 "167";
168 2 0 3,282 "168";
169 0 1 39,261 "169";
170 1 0 50,182 "170";
171 2 1 136,160 "171";
172 2 0 105,146 "172";
173 1 0 268,288 "173";
174 2 1 229,240 "174";
175 1 0 9,122 "175";
176 2 1 35,221 "176";
177 0 1 213,278 "177";
178 2 0 47,263 "178";
179 0 0 105,183 "179";
180 2 1 47,191 "180";
181 2 1 3,37 "181";
182 1 0 27,81 "182";
183 0 0 83,214 "183";
184 2 1 105,299 "184";
185 2 0 121,174 "185";
186 2 1 56,156 "186";
187 0 0 111,142 "187";
188 2 0 289,294 "188";
189 0 1 0,116 "189";
190 0 1 104,264 "190";
191 1 0 162,220 "191";
192 0 1 14,204 "192";
193 0 1 40,169 "193";
194 1 0 211,229 "194";
195 2 0 105,225 "195";
196 0 0 85,278 "196";
197 2 1 97,220 "197";
198 2 0 15,285 "198";
199 0 0 16,189 "199";
200 2 0 92,182 "200";
201 2 0 128,184 "201";
202 1 1 196,244 "202";
203 0 1 29,267 "203";
204 0 0 9,188 "204";
205 2 0 62,245 "205";
206 1 1 7,198 "206";
207 0 1 1,70 "207";
208 2 1 18,167 "208";
209 0 1 44,83 "209";
210 0 1 77,278 "210";
211 1 1 164,245 "211";
212 0 1 46,216 "212";
213 1 0 53,150 "213";
214 2 1 133,297 "214";
215 0 0 33,92 "215";
216 0 1 77,239 "216";
217 0 0 87,219 "217";
218 1 1 18,140 "218";
219 1 0 68,168 "219";
220 1 0 14,196 "220";
221 1 0 110,192 "221";
222 2 0 38,227 "222";
223 2 0 133,242 "223";
224 1 1 71,78 "224";
225 0 0 37,58 "225";
226 1 1 105,168 "226";
227 2 1 34,125 "227";
228 2 0 108,145 "228";
229 1 0 236,268 "229";
230 2 1 100,215 "230";
231 1 1 12,234 "231";
232 2 1 1,279 "232";
233 0 0 72,294 "233";
234 2 0 114,243 "234";
235 1 0 9,40 "235";
236 1 0 127,170 "236";
237 2 1 32,118 "237";
238 1 0 125,172 "238";
239 2 0 156,294 "239";
240 0 1 35,52 "240";
241 1 0 109,189 "241";
242 2 0 72,104 "242";
243 1 0 165,230 "243";
244 0 1 99,118 "244";
245 0 0 99,238 "245";
246 0 1 182,229 "246";
247 0 1 17,164 "247";
248 0 0 45,109 "248";
249 1 1 56,82 "249";
250 1 1 230,267 "250";
251 1 0 66,290 "251";
252 2 0 292,296 "252";
253 0 1 56,123 "253";
254 1 1 129,144 "254";
255 2 1 36,129 "255";
256 0 1 60,186 "256";
257 1 1 72,151 "257";
258 2 0 5,14 "258";
259 1 0 68,256 "259";
260 0 0 55,296 "260";
261 0 1 4,96 "261";
262 2 1 50,180 "262";
263 1 0 65,78 "263";
264 1 0 127,253 "264";
265 1 0 197,266 "265";
266 1 0 142,187 "266";
267 0 0 45,176 "267";
268 1 1 31,225 "268";
269 2 1 78,91 "269";
270 0 1 209,292 "270";
271 0 1 175,223 "271";
272 1 1 73,94 "272";
273 1 0 81,86 "273";
274 2 1 32,146 "274";
275 0 0 31,62 "275";
276 1 1 55,190 "276";
277 2 1 110,258 "277";
278 1 1 118,269 "278";
279 2 0 264,271 "279";
280 1 0 225,277 "280";
281 1 0 96,291 "281";
282 2 0 167,231 "282";
283 0 1 141,207 "283";
284 1 0 205,213 "284";
285 0 1 111,268 "285";
286 2 0 61,288 "286";
287 0 1 36,222 "287";
288 0 1 40,278 "288";
289 2 1 115,298 "289";
290 0 1 169,185 "290";
291 1 1 3,102 "291";
292 2 0 77,158 "292";
293 0 0 30,154 "293";
294 1 0 12,247 "294";
295 2 1 203,294 "295";
296 0 1 17,281 "296";
297 0 1 199,290 "297";
298 2 0 113,213 "298";
299 2 0 9,108 "299";
